0.21000000     0.22667000     0.24333000     0.26000000     0.27667000     0.29333000     0.31000000     0.32667000     0.34333000     0.36000000     0.37667000     0.39333000     0.41000000     0.42667000     0.44333000     0.21000000     0.46000000     0.23500000     0.21833000     0.25167000     0.26833000     0.28500000     0.30167000
0.31833000     0.33500000     0.35167000     0.36833000     0.38500000     0.40167000     0.41833000     0.43500000     0.45167000     0.22667000     0.24333000     0.26000000     0.27667000     0.29333000     0.31000000     0.32667000     0.34333000     0.36000000     0.37667000     0.39333000     0.41000000     0.42667000     0.44333000
0.21000000     0.46000000     0.23500000     0.21833000     0.25167000     0.26833000     0.28500000     0.30167000     0.31833000     0.33500000     0.35167000     0.36833000     0.38500000     0.40167000     0.41833000     0.43500000     0.45167000     0.21000000     0.22667000     0.24333000     0.26000000     0.27667000     0.29333000
0.31000000     0.32667000     0.34333000     0.36000000     0.37667000     0.39333000     0.41000000     0.42667000     0.44333000     0.21000000     0.46000000     0.23500000     0.21833000     0.25167000     0.26833000     0.28500000     0.30167000     0.31833000     0.33500000     0.35167000     0.36833000     0.38500000     0.40167000
0.41833000     0.43500000     0.45167000     0.22667000     0.24333000     0.26000000     0.27667000     0.29333000     0.31000000     0.32667000     0.34333000     0.36000000     0.37667000     0.39333000     0.41000000     0.42667000     0.44333000     0.21000000     0.46000000     0.23500000     0.21833000     0.25167000     0.26833000
0.28500000     0.30167000     0.31833000     0.33500000     0.35167000     0.36833000     0.38500000     0.40167000     0.41833000     0.43500000     0.45167000     0.21000000     0.22667000     0.24333000     0.26000000     0.27667000     0.29333000     0.31000000     0.32667000     0.34333000     0.36000000     0.37667000     0.39333000
0.41000000     0.42667000     0.44333000     0.21000000     0.46000000     0.23500000     0.21833000     0.25167000     0.26833000     0.28500000     0.30167000     0.31833000     0.33500000     0.35167000     0.36833000     0.38500000     0.40167000     0.41833000     0.43500000     0.45167000     0.22667000     0.24333000     0.26000000
0.27667000     0.29333000     0.31000000     0.32667000     0.34333000     0.36000000     0.37667000     0.39333000     0.41000000     0.42667000     0.44333000     0.21000000     0.46000000     0.23500000     0.21833000     0.25167000     0.26833000     0.28500000     0.30167000     0.31833000     0.33500000     0.35167000     0.36833000
0.38500000     0.40167000     0.41833000     0.43500000     0.45167000     0.21000000     0.22667000     0.24333000     0.26000000     0.27667000     0.29333000     0.31000000     0.32667000     0.34333000     0.36000000     0.37667000     0.39333000     0.41000000     0.42667000     0.44333000     0.21000000     0.46000000     0.23500000
0.21833000     0.25167000     0.26833000     0.28500000     0.30167000     0.31833000     0.33500000     0.35167000     0.36833000     0.38500000     0.40167000     0.41833000     0.43500000     0.45167000     0.22667000     0.24333000     0.26000000     0.27667000     0.29333000     0.31000000     0.32667000     0.34333000     0.36000000
0.37667000     0.39333000     0.41000000     0.42667000     0.44333000     0.21000000     0.46000000     0.23500000     0.21833000     0.25167000     0.26833000     0.28500000     0.30167000     0.31833000     0.33500000     0.35167000     0.36833000     0.38500000     0.40167000     0.41833000     0.43500000     0.45167000     0.21000000
0.22667000     0.24333000     0.26000000     0.27667000     0.29333000     0.31000000     0.32667000     0.34333000     0.36000000     0.37667000     0.39333000     0.41000000     0.42667000     0.44333000     0.21000000     0.46000000     0.23500000     0.21833000     0.25167000     0.26833000     0.28500000     0.30167000     0.31833000
0.33500000     0.35167000     0.36833000     0.38500000     0.40167000     0.41833000     0.43500000     0.45167000     0.22667000     0.24333000     0.26000000     0.27667000     0.29333000     0.31000000     0.32667000     0.34333000     0.36000000     0.37667000     0.39333000     0.41000000     0.42667000     0.44333000     0.21000000
0.46000000     0.23500000     0.21833000     0.25167000     0.26833000     0.28500000     0.30167000     0.31833000     0.33500000     0.35167000     0.36833000     0.38500000     0.40167000     0.41833000     0.43500000     0.45167000     0.21000000     0.22667000     0.24333000     0.26000000     0.27667000     0.29333000     0.31000000
0.32667000     0.34333000     0.36000000     0.37667000     0.39333000     0.41000000     0.42667000     0.44333000     0.21000000     0.46000000     0.23500000     0.21833000     0.25167000     0.26833000     0.28500000     0.30167000     0.31833000     0.33500000     0.35167000     0.36833000     0.38500000     0.40167000     0.41833000
0.43500000     0.45167000     0.22667000     0.24333000     0.26000000     0.27667000     0.29333000     0.31000000     0.32667000     0.34333000     0.36000000     0.37667000     0.39333000     0.41000000     0.42667000     0.44333000     0.21000000     0.46000000     0.23500000     0.21833000     0.25167000     0.26833000     0.28500000
0.30167000     0.31833000     0.33500000     0.35167000     0.36833000     0.38500000     0.40167000     0.41833000     0.43500000     0.45167000     0.21000000     0.22667000     0.24333000     0.26000000     0.27667000     0.29333000     0.31000000     0.32667000     0.34333000     0.36000000     0.37667000     0.39333000     0.41000000
0.42667000     0.44333000     0.21000000     0.46000000     0.23500000     0.21833000     0.25167000     0.26833000     0.28500000     0.30167000     0.31833000     0.33500000     0.35167000     0.36833000     0.38500000     0.40167000     0.41833000     0.43500000     0.45167000     0.22667000     0.24333000     0.26000000     0.27667000
0.29333000     0.31000000     0.32667000     0.34333000     0.36000000     0.37667000     0.39333000     0.41000000     0.42667000     0.44333000     0.21000000     0.46000000     0.23500000     0.21833000     0.25167000     0.26833000     0.28500000     0.30167000     0.31833000     0.33500000     0.35167000     0.36833000     0.38500000
0.40167000     0.41833000     0.43500000     0.45167000     0.21000000     0.22667000     0.24333000     0.26000000     0.27667000     0.29333000     0.31000000     0.32667000     0.34333000     0.36000000     0.37667000     0.39333000     0.41000000     0.42667000     0.44333000     0.21000000     0.46000000     0.23500000     0.21833000
0.25167000     0.26833000     0.28500000     0.30167000     0.31833000     0.33500000     0.35167000     0.36833000     0.38500000     0.40167000     0.41833000     0.43500000     0.45167000     0.22667000     0.24333000     0.26000000     0.27667000     0.29333000     0.31000000     0.32667000     0.34333000     0.36000000     0.37667000
0.39333000     0.41000000     0.42667000     0.44333000     0.21000000     0.46000000     0.23500000     0.21833000     0.25167000     0.26833000     0.28500000     0.30167000     0.31833000     0.33500000     0.35167000     0.36833000     0.38500000     0.40167000     0.41833000     0.43500000     0.45167000     0.21000000     0.22667000
0.24333000     0.26000000     0.27667000     0.29333000     0.31000000     0.32667000     0.34333000     0.36000000     0.37667000     0.39333000     0.41000000     0.42667000     0.44333000     0.21000000     0.46000000     0.23500000     0.21833000     0.25167000     0.26833000     0.28500000     0.30167000     0.31833000     0.33500000
0.35167000     0.36833000     0.38500000     0.40167000     0.41833000     0.43500000     0.45167000     0.22667000     0.24333000     0.26000000     0.27667000     0.29333000     0.31000000     0.32667000     0.34333000     0.36000000     0.37667000     0.39333000     0.41000000     0.42667000     0.44333000     0.21000000     0.46000000
0.23500000     0.21833000     0.25167000     0.26833000     0.28500000     0.30167000     0.31833000     0.33500000     0.35167000     0.36833000     0.38500000     0.40167000     0.41833000     0.43500000     0.45167000     0.21000000     0.22667000     0.24333000     0.26000000     0.27667000     0.29333000     0.31000000     0.32667000
0.34333000     0.36000000     0.37667000     0.39333000     0.41000000     0.42667000     0.44333000     0.21000000     0.46000000     0.23500000     0.21833000     0.25167000     0.26833000     0.28500000     0.30167000     0.31833000     0.33500000     0.35167000     0.36833000     0.38500000     0.40167000     0.41833000     0.43500000
0.45167000     0.22667000     0.24333000     0.26000000     0.27667000     0.29333000     0.31000000     0.32667000     0.34333000     0.36000000     0.37667000     0.39333000     0.41000000     0.42667000     0.44333000     0.21000000     0.46000000     0.23500000     0.21833000     0.25167000     0.26833000     0.28500000     0.30167000
0.31833000     0.33500000     0.35167000     0.36833000     0.38500000     0.40167000     0.41833000     0.43500000     0.45167000     0.21000000     0.22667000     0.24333000     0.26000000     0.27667000     0.29333000     0.31000000     0.32667000     0.34333000     0.36000000     0.37667000     0.39333000     0.41000000     0.42667000
0.44333000     0.21000000     0.46000000     0.23500000     0.21833000     0.25167000     0.26833000     0.28500000     0.30167000     0.31833000     0.33500000     0.35167000     0.36833000     0.38500000     0.40167000     0.41833000     0.43500000     0.45167000     0.22667000     0.24333000     0.26000000     0.27667000     0.29333000
0.31000000     0.32667000     0.34333000     0.36000000     0.37667000     0.39333000     0.41000000     0.42667000     0.44333000     0.21000000     0.46000000     0.23500000     0.21833000     0.25167000     0.26833000     0.28500000     0.30167000     0.31833000     0.33500000     0.35167000     0.36833000     0.38500000     0.40167000
0.41833000     0.43500000     0.45167000     0.21000000     0.22667000     0.24333000     0.26000000     0.27667000     0.29333000     0.31000000     0.32667000     0.34333000     0.36000000     0.37667000     0.39333000     0.41000000     0.42667000     0.44333000     0.21000000     0.46000000     0.23500000     0.21833000     0.25167000
0.26833000     0.28500000     0.30167000     0.31833000     0.33500000     0.35167000     0.36833000     0.38500000     0.40167000     0.41833000     0.43500000     0.45167000     0.22667000     0.24333000     0.26000000     0.27667000     0.29333000     0.31000000     0.32667000     0.34333000     0.36000000     0.37667000     0.39333000
0.41000000     0.42667000     0.44333000     0.21000000     0.46000000     0.23500000     0.21833000     0.25167000     0.26833000     0.28500000     0.30167000     0.31833000     0.33500000     0.35167000     0.36833000     0.38500000     0.40167000     0.41833000     0.43500000     0.45167000     0.21000000     0.22667000     0.24333000
0.26000000     0.27667000     0.29333000     0.31000000     0.32667000     0.34333000     0.36000000     0.37667000     0.39333000     0.41000000     0.42667000     0.44333000     0.21000000     0.46000000     0.23500000     0.21833000     0.25167000     0.26833000     0.28500000     0.30167000     0.31833000     0.33500000     0.35167000
0.36833000     0.38500000     0.40167000     0.41833000     0.43500000     0.45167000     0.22667000     0.24333000     0.26000000     0.27667000     0.29333000     0.31000000     0.32667000     0.34333000     0.36000000     0.37667000     0.39333000     0.41000000     0.42667000     0.44333000     0.21000000     0.46000000     0.23500000
0.21833000     0.25167000     0.26833000     0.28500000     0.30167000     0.31833000     0.33500000     0.35167000     0.36833000     0.38500000     0.40167000     0.41833000     0.43500000     0.45167000     0.21000000     0.22667000     0.24333000     0.26000000     0.27667000     0.29333000     0.31000000     0.32667000     0.34333000
0.36000000     0.37667000     0.39333000     0.41000000     0.42667000     0.44333000     0.21000000     0.46000000     0.23500000     0.21833000     0.25167000     0.26833000     0.28500000     0.30167000     0.31833000     0.33500000     0.35167000     0.36833000     0.38500000     0.40167000     0.41833000     0.43500000     0.45167000
0.22667000     0.24333000     0.26000000     0.27667000     0.29333000     0.31000000     0.32667000     0.34333000     0.36000000     0.37667000     0.39333000     0.41000000     0.42667000     0.44333000     0.21000000     0.46000000     0.23500000     0.21833000     0.25167000     0.26833000     0.28500000     0.30167000     0.31833000
0.33500000     0.35167000     0.36833000     0.38500000     0.40167000     0.41833000     0.43500000     0.45167000     0.21000000     0.22667000     0.24333000     0.26000000     0.27667000     0.29333000     0.31000000     0.32667000     0.34333000     0.36000000     0.37667000     0.39333000     0.41000000     0.42667000     0.44333000
0.21000000     0.46000000     0.23500000     0.21833000     0.25167000     0.26833000     0.28500000     0.30167000     0.31833000     0.33500000     0.35167000     0.36833000     0.38500000     0.40167000     0.41833000     0.43500000     0.45167000     0.22667000     0.24333000     0.26000000     0.27667000     0.29333000     0.31000000
0.32667000     0.34333000     0.36000000     0.37667000     0.39333000     0.41000000     0.42667000     0.44333000     0.21000000     0.46000000     0.23500000     0.21833000     0.25167000     0.26833000     0.28500000     0.30167000     0.31833000     0.33500000     0.35167000     0.36833000     0.38500000     0.40167000     0.41833000
0.43500000     0.45167000     0.21000000     0.22667000     0.24333000     0.26000000     0.27667000     0.29333000     0.31000000     0.32667000     0.34333000     0.36000000     0.37667000     0.39333000     0.41000000     0.42667000     0.44333000     0.21000000     0.46000000     0.23500000     0.21833000     0.25167000     0.26833000
0.28500000     0.30167000     0.31833000     0.33500000     0.35167000     0.36833000     0.38500000     0.40167000     0.41833000     0.43500000     0.45167000     0.22667000     0.24333000     0.26000000     0.27667000     0.29333000     0.31000000     0.32667000     0.34333000     0.36000000     0.37667000     0.39333000     0.41000000
0.42667000     0.44333000     0.21000000     0.46000000     0.23500000     0.21833000     0.25167000     0.26833000     0.28500000     0.30167000     0.31833000     0.33500000     0.35167000     0.36833000     0.38500000     0.40167000     0.41833000     0.43500000     0.45167000     0.21000000     0.22667000     0.24333000     0.26000000
0.27667000     0.29333000     0.31000000     0.32667000     0.34333000     0.36000000     0.37667000     0.39333000     0.41000000     0.42667000     0.44333000     0.21000000     0.46000000     0.23500000     0.21833000     0.25167000     0.26833000     0.28500000     0.30167000     0.31833000     0.33500000     0.35167000     0.36833000
0.38500000     0.40167000     0.41833000     0.43500000     0.45167000     0.22667000     0.24333000     0.26000000     0.27667000     0.29333000     0.31000000     0.32667000     0.34333000     0.36000000     0.37667000     0.39333000     0.41000000     0.42667000     0.44333000     0.21000000     0.46000000     0.23500000     0.21833000
0.25167000     0.26833000     0.28500000     0.30167000     0.31833000     0.33500000     0.35167000     0.36833000     0.38500000     0.40167000     0.41833000     0.43500000     0.45167000     0.21000000     0.22667000     0.24333000     0.26000000     0.27667000     0.29333000     0.31000000     0.32667000     0.34333000     0.36000000
0.37667000     0.39333000     0.41000000     0.42667000     0.44333000     0.21000000     0.46000000     0.23500000     0.21833000     0.25167000     0.26833000     0.28500000     0.30167000     0.31833000     0.33500000     0.35167000     0.36833000     0.38500000     0.40167000     0.41833000     0.43500000     0.45167000     0.22667000
0.24333000     0.26000000     0.27667000     0.29333000     0.31000000     0.32667000     0.34333000     0.36000000     0.37667000     0.39333000     0.41000000     0.42667000     0.44333000     0.21000000     0.46000000     0.23500000     0.21833000     0.25167000     0.26833000     0.28500000     0.30167000     0.31833000     0.33500000
0.35167000     0.36833000     0.38500000     0.40167000     0.41833000     0.43500000     0.45167000     0.21000000     0.22667000     0.24333000     0.26000000     0.27667000     0.29333000     0.31000000     0.32667000     0.34333000     0.36000000     0.37667000     0.39333000     0.41000000     0.42667000     0.44333000     0.21000000
0.46000000     0.23500000     0.21833000     0.25167000     0.26833000     0.28500000     0.30167000     0.31833000     0.33500000     0.35167000     0.36833000     0.38500000     0.40167000     0.41833000     0.43500000     0.45167000     0.22667000     0.24333000     0.26000000     0.27667000     0.29333000     0.31000000     0.32667000
0.34333000     0.36000000     0.37667000     0.39333000     0.41000000     0.42667000     0.44333000     0.21000000     0.46000000     0.23500000     0.21833000     0.25167000     0.26833000     0.28500000     0.30167000     0.31833000     0.33500000     0.35167000     0.36833000     0.38500000     0.40167000     0.41833000     0.43500000
0.45167000     0.21000000     0.22667000     0.24333000     0.26000000     0.27667000     0.29333000     0.31000000     0.32667000     0.34333000     0.36000000     0.37667000     0.39333000     0.41000000     0.42667000     0.44333000     0.21000000     0.46000000     0.23500000     0.21833000     0.25167000     0.26833000     0.28500000
0.30167000     0.31833000     0.33500000     0.35167000     0.36833000     0.38500000     0.40167000     0.41833000     0.43500000     0.45167000     0.22667000     0.24333000     0.26000000     0.27667000     0.29333000     0.31000000     0.32667000     0.34333000     0.36000000     0.37667000     0.39333000     0.41000000     0.42667000
0.44333000     0.21000000     0.46000000     0.23500000     0.21833000     0.25167000     0.26833000     0.28500000     0.30167000     0.31833000     0.33500000     0.35167000     0.36833000     0.38500000     0.40167000     0.41833000     0.43500000     0.45167000     0.21000000     0.22667000     0.24333000     0.26000000     0.27667000
0.29333000     0.31000000     0.32667000     0.34333000     0.36000000     0.37667000     0.39333000     0.41000000     0.42667000     0.44333000     0.21000000     0.46000000     0.23500000     0.21833000     0.25167000     0.26833000     0.28500000     0.30167000     0.31833000     0.33500000     0.35167000     0.36833000     0.38500000
0.40167000     0.41833000     0.43500000     0.45167000     0.22667000     0.24333000     0.26000000     0.27667000     0.29333000     0.31000000     0.32667000     0.34333000     0.36000000     0.37667000     0.39333000     0.41000000     0.42667000     0.44333000     0.21000000     0.46000000     0.23500000     0.21833000     0.25167000
0.26833000     0.28500000     0.30167000     0.31833000     0.33500000     0.35167000     0.36833000     0.38500000     0.40167000     0.41833000     0.43500000     0.45167000     0.21000000     0.22667000     0.24333000     0.26000000     0.27667000     0.29333000     0.31000000     0.32667000     0.34333000     0.36000000     0.37667000
0.39333000     0.41000000     0.42667000     0.44333000     0.21000000     0.46000000     0.23500000     0.21833000     0.25167000     0.26833000     0.28500000     0.30167000     0.31833000     0.33500000     0.35167000     0.36833000     0.38500000     0.40167000     0.41833000     0.43500000     0.45167000     0.22667000     0.24333000
0.26000000     0.27667000     0.29333000     0.31000000     0.32667000     0.34333000     0.36000000     0.37667000     0.39333000     0.41000000     0.42667000     0.44333000     0.21000000     0.46000000     0.23500000     0.21833000     0.25167000     0.26833000     0.28500000     0.30167000     0.31833000     0.33500000     0.35167000
0.36833000     0.38500000     0.40167000     0.41833000     0.43500000     0.45167000     0.21000000     0.22667000     0.24333000     0.26000000     0.27667000     0.29333000     0.31000000     0.32667000     0.34333000     0.36000000     0.37667000     0.39333000     0.41000000     0.42667000     0.44333000     0.21000000     0.46000000
0.23500000     0.21833000     0.25167000     0.26833000     0.28500000     0.30167000     0.31833000     0.33500000     0.35167000     0.36833000     0.38500000     0.40167000     0.41833000     0.43500000     0.45167000     0.22667000     0.24333000     0.26000000     0.27667000     0.29333000     0.31000000     0.32667000     0.34333000
0.36000000     0.37667000     0.39333000     0.41000000     0.42667000     0.44333000     0.21000000     0.46000000     0.23500000     0.21833000     0.25167000     0.26833000     0.28500000     0.30167000     0.31833000     0.33500000     0.35167000     0.36833000     0.38500000     0.40167000     0.41833000     0.43500000     0.45167000
