0.24184000     0.08473400     0.03869200     0.01941800     0.01153500     0.00701340     0.00464770     0.00309430     0.00220430     0.00141710     0.00097356     0.00066593     0.00051312     0.00038480     0.00033048     0.12886000     0.00030800     0.06171300     0.10680000     0.02905500     0.01547600     0.00927410     0.00583050
0.00387100     0.00264930     0.00181070     0.00119530     0.00081974     0.00058952     0.00044896     0.00035764     0.00031924     0.08062000     0.03526000     0.02097500     0.01163400     0.00698340     0.00451800     0.00293040     0.00197870     0.00142050     0.00094861     0.00071653     0.00053638     0.00038134     0.00032427
0.13095000     0.00030857     0.05794000     0.10579000     0.02811700     0.01630400     0.00930870     0.00575070     0.00372420     0.00245460     0.00169960     0.00118460     0.00083257     0.00062646     0.00045886     0.00035280     0.00031642     0.24184000     0.08473400     0.03869200     0.01941800     0.01153500     0.00701340
0.00464770     0.00309430     0.00220430     0.00141710     0.00097356     0.00066593     0.00051312     0.00038480     0.00033048     0.12886000     0.00030800     0.06171300     0.10680000     0.02905500     0.01547600     0.00927410     0.00583050     0.00387100     0.00264930     0.00181070     0.00119530     0.00081974     0.00058952
0.00044896     0.00035764     0.00031924     0.08062000     0.03526000     0.02097500     0.01163400     0.00698340     0.00451800     0.00293040     0.00197870     0.00142050     0.00094861     0.00071653     0.00053638     0.00038134     0.00032427     0.13095000     0.00030857     0.05794000     0.10579000     0.02811700     0.01630400
0.00930870     0.00575070     0.00372420     0.00245460     0.00169960     0.00118460     0.00083257     0.00062646     0.00045886     0.00035280     0.00031642     0.24184000     0.08473400     0.03869200     0.01941800     0.01153500     0.00701340     0.00464770     0.00309430     0.00220430     0.00141710     0.00097356     0.00066593
0.00051312     0.00038480     0.00033048     0.12886000     0.00030800     0.06171300     0.10680000     0.02905500     0.01547600     0.00927410     0.00583050     0.00387100     0.00264930     0.00181070     0.00119530     0.00081974     0.00058952     0.00044896     0.00035764     0.00031924     0.08062000     0.03526000     0.02097500
0.01163400     0.00698340     0.00451800     0.00293040     0.00197870     0.00142050     0.00094861     0.00071653     0.00053638     0.00038134     0.00032427     0.13095000     0.00030857     0.05794000     0.10579000     0.02811700     0.01630400     0.00930870     0.00575070     0.00372420     0.00245460     0.00169960     0.00118460
0.00083257     0.00062646     0.00045886     0.00035280     0.00031642     0.24184000     0.08473400     0.03869200     0.01941800     0.01153500     0.00701340     0.00464770     0.00309430     0.00220430     0.00141710     0.00097356     0.00066593     0.00051312     0.00038480     0.00033048     0.12886000     0.00030800     0.06171300
0.10680000     0.02905500     0.01547600     0.00927410     0.00583050     0.00387100     0.00264930     0.00181070     0.00119530     0.00081974     0.00058952     0.00044896     0.00035764     0.00031924     0.08062000     0.03526000     0.02097500     0.01163400     0.00698340     0.00451800     0.00293040     0.00197870     0.00142050
0.00094861     0.00071653     0.00053638     0.00038134     0.00032427     0.13095000     0.00030857     0.05794000     0.10579000     0.02811700     0.01630400     0.00930870     0.00575070     0.00372420     0.00245460     0.00169960     0.00118460     0.00083257     0.00062646     0.00045886     0.00035280     0.00031642     0.24184000
0.08473400     0.03869200     0.01941800     0.01153500     0.00701340     0.00464770     0.00309430     0.00220430     0.00141710     0.00097356     0.00066593     0.00051312     0.00038480     0.00033048     0.12886000     0.00030800     0.06171300     0.10680000     0.02905500     0.01547600     0.00927410     0.00583050     0.00387100
0.00264930     0.00181070     0.00119530     0.00081974     0.00058952     0.00044896     0.00035764     0.00031924     0.08062000     0.03526000     0.02097500     0.01163400     0.00698340     0.00451800     0.00293040     0.00197870     0.00142050     0.00094861     0.00071653     0.00053638     0.00038134     0.00032427     0.13095000
0.00030857     0.05794000     0.10579000     0.02811700     0.01630400     0.00930870     0.00575070     0.00372420     0.00245460     0.00169960     0.00118460     0.00083257     0.00062646     0.00045886     0.00035280     0.00031642     0.24184000     0.08473400     0.03869200     0.01941800     0.01153500     0.00701340     0.00464770
0.00309430     0.00220430     0.00141710     0.00097356     0.00066593     0.00051312     0.00038480     0.00033048     0.12886000     0.00030800     0.06171300     0.10680000     0.02905500     0.01547600     0.00927410     0.00583050     0.00387100     0.00264930     0.00181070     0.00119530     0.00081974     0.00058952     0.00044896
0.00035764     0.00031924     0.08062000     0.03526000     0.02097500     0.01163400     0.00698340     0.00451800     0.00293040     0.00197870     0.00142050     0.00094861     0.00071653     0.00053638     0.00038134     0.00032427     0.13095000     0.00030857     0.05794000     0.10579000     0.02811700     0.01630400     0.00930870
0.00575070     0.00372420     0.00245460     0.00169960     0.00118460     0.00083257     0.00062646     0.00045886     0.00035280     0.00031642     0.24184000     0.08473400     0.03869200     0.01941800     0.01153500     0.00701340     0.00464770     0.00309430     0.00220430     0.00141710     0.00097356     0.00066593     0.00051312
0.00038480     0.00033048     0.12886000     0.00030800     0.06171300     0.10680000     0.02905500     0.01547600     0.00927410     0.00583050     0.00387100     0.00264930     0.00181070     0.00119530     0.00081974     0.00058952     0.00044896     0.00035764     0.00031924     0.08062000     0.03526000     0.02097500     0.01163400
0.00698340     0.00451800     0.00293040     0.00197870     0.00142050     0.00094861     0.00071653     0.00053638     0.00038134     0.00032427     0.13095000     0.00030857     0.05794000     0.10579000     0.02811700     0.01630400     0.00930870     0.00575070     0.00372420     0.00245460     0.00169960     0.00118460     0.00083257
0.00062646     0.00045886     0.00035280     0.00031642     0.24184000     0.08473400     0.03869200     0.01941800     0.01153500     0.00701340     0.00464770     0.00309430     0.00220430     0.00141710     0.00097356     0.00066593     0.00051312     0.00038480     0.00033048     0.12886000     0.00030800     0.06171300     0.10680000
0.02905500     0.01547600     0.00927410     0.00583050     0.00387100     0.00264930     0.00181070     0.00119530     0.00081974     0.00058952     0.00044896     0.00035764     0.00031924     0.08062000     0.03526000     0.02097500     0.01163400     0.00698340     0.00451800     0.00293040     0.00197870     0.00142050     0.00094861
0.00071653     0.00053638     0.00038134     0.00032427     0.13095000     0.00030857     0.05794000     0.10579000     0.02811700     0.01630400     0.00930870     0.00575070     0.00372420     0.00245460     0.00169960     0.00118460     0.00083257     0.00062646     0.00045886     0.00035280     0.00031642     0.24184000     0.08473400
0.03869200     0.01941800     0.01153500     0.00701340     0.00464770     0.00309430     0.00220430     0.00141710     0.00097356     0.00066593     0.00051312     0.00038480     0.00033048     0.12886000     0.00030800     0.06171300     0.10680000     0.02905500     0.01547600     0.00927410     0.00583050     0.00387100     0.00264930
0.00181070     0.00119530     0.00081974     0.00058952     0.00044896     0.00035764     0.00031924     0.08062000     0.03526000     0.02097500     0.01163400     0.00698340     0.00451800     0.00293040     0.00197870     0.00142050     0.00094861     0.00071653     0.00053638     0.00038134     0.00032427     0.13095000     0.00030857
0.05794000     0.10579000     0.02811700     0.01630400     0.00930870     0.00575070     0.00372420     0.00245460     0.00169960     0.00118460     0.00083257     0.00062646     0.00045886     0.00035280     0.00031642     0.24184000     0.08473400     0.03869200     0.01941800     0.01153500     0.00701340     0.00464770     0.00309430
0.00220430     0.00141710     0.00097356     0.00066593     0.00051312     0.00038480     0.00033048     0.12886000     0.00030800     0.06171300     0.10680000     0.02905500     0.01547600     0.00927410     0.00583050     0.00387100     0.00264930     0.00181070     0.00119530     0.00081974     0.00058952     0.00044896     0.00035764
0.00031924     0.08062000     0.03526000     0.02097500     0.01163400     0.00698340     0.00451800     0.00293040     0.00197870     0.00142050     0.00094861     0.00071653     0.00053638     0.00038134     0.00032427     0.13095000     0.00030857     0.05794000     0.10579000     0.02811700     0.01630400     0.00930870     0.00575070
0.00372420     0.00245460     0.00169960     0.00118460     0.00083257     0.00062646     0.00045886     0.00035280     0.00031642     0.24184000     0.08473400     0.03869200     0.01941800     0.01153500     0.00701340     0.00464770     0.00309430     0.00220430     0.00141710     0.00097356     0.00066593     0.00051312     0.00038480
0.00033048     0.12886000     0.00030800     0.06171300     0.10680000     0.02905500     0.01547600     0.00927410     0.00583050     0.00387100     0.00264930     0.00181070     0.00119530     0.00081974     0.00058952     0.00044896     0.00035764     0.00031924     0.08062000     0.03526000     0.02097500     0.01163400     0.00698340
0.00451800     0.00293040     0.00197870     0.00142050     0.00094861     0.00071653     0.00053638     0.00038134     0.00032427     0.13095000     0.00030857     0.05794000     0.10579000     0.02811700     0.01630400     0.00930870     0.00575070     0.00372420     0.00245460     0.00169960     0.00118460     0.00083257     0.00062646
0.00045886     0.00035280     0.00031642     0.24184000     0.08473400     0.03869200     0.01941800     0.01153500     0.00701340     0.00464770     0.00309430     0.00220430     0.00141710     0.00097356     0.00066593     0.00051312     0.00038480     0.00033048     0.12886000     0.00030800     0.06171300     0.10680000     0.02905500
0.01547600     0.00927410     0.00583050     0.00387100     0.00264930     0.00181070     0.00119530     0.00081974     0.00058952     0.00044896     0.00035764     0.00031924     0.08062000     0.03526000     0.02097500     0.01163400     0.00698340     0.00451800     0.00293040     0.00197870     0.00142050     0.00094861     0.00071653
0.00053638     0.00038134     0.00032427     0.13095000     0.00030857     0.05794000     0.10579000     0.02811700     0.01630400     0.00930870     0.00575070     0.00372420     0.00245460     0.00169960     0.00118460     0.00083257     0.00062646     0.00045886     0.00035280     0.00031642     0.24184000     0.08473400     0.03869200
0.01941800     0.01153500     0.00701340     0.00464770     0.00309430     0.00220430     0.00141710     0.00097356     0.00066593     0.00051312     0.00038480     0.00033048     0.12886000     0.00030800     0.06171300     0.10680000     0.02905500     0.01547600     0.00927410     0.00583050     0.00387100     0.00264930     0.00181070
0.00119530     0.00081974     0.00058952     0.00044896     0.00035764     0.00031924     0.08062000     0.03526000     0.02097500     0.01163400     0.00698340     0.00451800     0.00293040     0.00197870     0.00142050     0.00094861     0.00071653     0.00053638     0.00038134     0.00032427     0.13095000     0.00030857     0.05794000
0.10579000     0.02811700     0.01630400     0.00930870     0.00575070     0.00372420     0.00245460     0.00169960     0.00118460     0.00083257     0.00062646     0.00045886     0.00035280     0.00031642     0.24184000     0.08473400     0.03869200     0.01941800     0.01153500     0.00701340     0.00464770     0.00309430     0.00220430
0.00141710     0.00097356     0.00066593     0.00051312     0.00038480     0.00033048     0.12886000     0.00030800     0.06171300     0.10680000     0.02905500     0.01547600     0.00927410     0.00583050     0.00387100     0.00264930     0.00181070     0.00119530     0.00081974     0.00058952     0.00044896     0.00035764     0.00031924
0.08062000     0.03526000     0.02097500     0.01163400     0.00698340     0.00451800     0.00293040     0.00197870     0.00142050     0.00094861     0.00071653     0.00053638     0.00038134     0.00032427     0.13095000     0.00030857     0.05794000     0.10579000     0.02811700     0.01630400     0.00930870     0.00575070     0.00372420
0.00245460     0.00169960     0.00118460     0.00083257     0.00062646     0.00045886     0.00035280     0.00031642     0.24184000     0.08473400     0.03869200     0.01941800     0.01153500     0.00701340     0.00464770     0.00309430     0.00220430     0.00141710     0.00097356     0.00066593     0.00051312     0.00038480     0.00033048
0.12886000     0.00030800     0.06171300     0.10680000     0.02905500     0.01547600     0.00927410     0.00583050     0.00387100     0.00264930     0.00181070     0.00119530     0.00081974     0.00058952     0.00044896     0.00035764     0.00031924     0.08062000     0.03526000     0.02097500     0.01163400     0.00698340     0.00451800
0.00293040     0.00197870     0.00142050     0.00094861     0.00071653     0.00053638     0.00038134     0.00032427     0.13095000     0.00030857     0.05794000     0.10579000     0.02811700     0.01630400     0.00930870     0.00575070     0.00372420     0.00245460     0.00169960     0.00118460     0.00083257     0.00062646     0.00045886
0.00035280     0.00031642     0.24184000     0.08473400     0.03869200     0.01941800     0.01153500     0.00701340     0.00464770     0.00309430     0.00220430     0.00141710     0.00097356     0.00066593     0.00051312     0.00038480     0.00033048     0.12886000     0.00030800     0.06171300     0.10680000     0.02905500     0.01547600
0.00927410     0.00583050     0.00387100     0.00264930     0.00181070     0.00119530     0.00081974     0.00058952     0.00044896     0.00035764     0.00031924     0.08062000     0.03526000     0.02097500     0.01163400     0.00698340     0.00451800     0.00293040     0.00197870     0.00142050     0.00094861     0.00071653     0.00053638
0.00038134     0.00032427     0.13095000     0.00030857     0.05794000     0.10579000     0.02811700     0.01630400     0.00930870     0.00575070     0.00372420     0.00245460     0.00169960     0.00118460     0.00083257     0.00062646     0.00045886     0.00035280     0.00031642     0.24184000     0.08473400     0.03869200     0.01941800
0.01153500     0.00701340     0.00464770     0.00309430     0.00220430     0.00141710     0.00097356     0.00066593     0.00051312     0.00038480     0.00033048     0.12886000     0.00030800     0.06171300     0.10680000     0.02905500     0.01547600     0.00927410     0.00583050     0.00387100     0.00264930     0.00181070     0.00119530
0.00081974     0.00058952     0.00044896     0.00035764     0.00031924     0.08062000     0.03526000     0.02097500     0.01163400     0.00698340     0.00451800     0.00293040     0.00197870     0.00142050     0.00094861     0.00071653     0.00053638     0.00038134     0.00032427     0.13095000     0.00030857     0.05794000     0.10579000
0.02811700     0.01630400     0.00930870     0.00575070     0.00372420     0.00245460     0.00169960     0.00118460     0.00083257     0.00062646     0.00045886     0.00035280     0.00031642     0.25164000     0.08816800     0.04026000     0.02020500     0.01200200     0.00729760     0.00483610     0.00321970     0.00229370     0.00147450
0.00101300     0.00069292     0.00053391     0.00040039     0.00034387     0.13408000     0.00032048     0.06421400     0.11112000     0.03023200     0.01610400     0.00965000     0.00606680     0.00402790     0.00275670     0.00188410     0.00124380     0.00085297     0.00061341     0.00046715     0.00037213     0.00033218     0.08388700
0.03668900     0.02182500     0.01210600     0.00726640     0.00470110     0.00304920     0.00205890     0.00147810     0.00098705     0.00074557     0.00055812     0.00039680     0.00033741     0.13626000     0.00032108     0.06028800     0.11007000     0.02925700     0.01696500     0.00968600     0.00598370     0.00387510     0.00255400
0.00176850     0.00123260     0.00086631     0.00065185     0.00047746     0.00036710     0.00032924     0.24184000     0.08473400     0.03869200     0.01941800     0.01153500     0.00701340     0.00464770     0.00309430     0.00220430     0.00141710     0.00097356     0.00066593     0.00051312     0.00038480     0.00033048     0.12886000
0.00030800     0.06171300     0.10680000     0.02905500     0.01547600     0.00927410     0.00583050     0.00387100     0.00264930     0.00181070     0.00119530     0.00081974     0.00058952     0.00044896     0.00035764     0.00031924     0.08062000     0.03526000     0.02097500     0.01163400     0.00698340     0.00451800     0.00293040
0.00197870     0.00142050     0.00094861     0.00071653     0.00053638     0.00038134     0.00032427     0.13095000     0.00030857     0.05794000     0.10579000     0.02811700     0.01630400     0.00930870     0.00575070     0.00372420     0.00245460     0.00169960     0.00118460     0.00083257     0.00062646     0.00045886     0.00035280
0.00031642     0.24184000     0.08473400     0.03869200     0.01941800     0.01153500     0.00701340     0.00464770     0.00309430     0.00220430     0.00141710     0.00097356     0.00066593     0.00051312     0.00038480     0.00033048     0.12886000     0.00030800     0.06171300     0.10680000     0.02905500     0.01547600     0.00927410
0.00583050     0.00387100     0.00264930     0.00181070     0.00119530     0.00081974     0.00058952     0.00044896     0.00035764     0.00031924     0.08062000     0.03526000     0.02097500     0.01163400     0.00698340     0.00451800     0.00293040     0.00197870     0.00142050     0.00094861     0.00071653     0.00053638     0.00038134
0.00032427     0.13095000     0.00030857     0.05794000     0.10579000     0.02811700     0.01630400     0.00930870     0.00575070     0.00372420     0.00245460     0.00169960     0.00118460     0.00083257     0.00062646     0.00045886     0.00035280     0.00031642     0.24184000     0.08473400     0.03869200     0.01941800     0.01153500
0.00701340     0.00464770     0.00309430     0.00220430     0.00141710     0.00097356     0.00066593     0.00051312     0.00038480     0.00033048     0.12886000     0.00030800     0.06171300     0.10680000     0.02905500     0.01547600     0.00927410     0.00583050     0.00387100     0.00264930     0.00181070     0.00119530     0.00081974
0.00058952     0.00044896     0.00035764     0.00031924     0.08062000     0.03526000     0.02097500     0.01163400     0.00698340     0.00451800     0.00293040     0.00197870     0.00142050     0.00094861     0.00071653     0.00053638     0.00038134     0.00032427     0.13095000     0.00030857     0.05794000     0.10579000     0.02811700
0.01630400     0.00930870     0.00575070     0.00372420     0.00245460     0.00169960     0.00118460     0.00083257     0.00062646     0.00045886     0.00035280     0.00031642     0.24184000     0.08473400     0.03869200     0.01941800     0.01153500     0.00701340     0.00464770     0.00309430     0.00220430     0.00141710     0.00097356
0.00066593     0.00051312     0.00038480     0.00033048     0.12886000     0.00030800     0.06171300     0.10680000     0.02905500     0.01547600     0.00927410     0.00583050     0.00387100     0.00264930     0.00181070     0.00119530     0.00081974     0.00058952     0.00044896     0.00035764     0.00031924     0.08062000     0.03526000
0.02097500     0.01163400     0.00698340     0.00451800     0.00293040     0.00197870     0.00142050     0.00094861     0.00071653     0.00053638     0.00038134     0.00032427     0.13095000     0.00030857     0.05794000     0.10579000     0.02811700     0.01630400     0.00930870     0.00575070     0.00372420     0.00245460     0.00169960
0.00118460     0.00083257     0.00062646     0.00045886     0.00035280     0.00031642     0.24184000     0.08473400     0.03869200     0.01941800     0.01153500     0.00701340     0.00464770     0.00309430     0.00220430     0.00141710     0.00097356     0.00066593     0.00051312     0.00038480     0.00033048     0.12886000     0.00030800
0.06171300     0.10680000     0.02905500     0.01547600     0.00927410     0.00583050     0.00387100     0.00264930     0.00181070     0.00119530     0.00081974     0.00058952     0.00044896     0.00035764     0.00031924     0.08062000     0.03526000     0.02097500     0.01163400     0.00698340     0.00451800     0.00293040     0.00197870
0.00142050     0.00094861     0.00071653     0.00053638     0.00038134     0.00032427     0.13095000     0.00030857     0.05794000     0.10579000     0.02811700     0.01630400     0.00930870     0.00575070     0.00372420     0.00245460     0.00169960     0.00118460     0.00083257     0.00062646     0.00045886     0.00035280     0.00031642
