Node Number	X Location (m)	Y Location (m)	Z Location (m)	Total Magnetic Flux Density (T)
13	-0.28	0.	3.5e-002	0.84063
14	-0.25455	0.	3.5e-002	1.2363
15	-0.22909	0.	3.5e-002	1.9701
16	-0.20364	0.	3.5e-002	2.2098
17	-0.17818	0.	3.5e-002	2.4145
18	-0.15273	0.	3.5e-002	2.4903
19	-0.12727	0.	3.5e-002	2.4583
20	-0.10182	0.	3.5e-002	2.4105
21	-7.6364e-002	0.	3.5e-002	2.1447
22	-5.0909e-002	0.	3.5e-002	1.8805
23	0.	0.	3.5e-002	0.87607
24	-2.5455e-002	0.	3.5e-002	1.254
95	-2.5455e-002	0.	-3.5e-002	1.2494
96	0.	0.	-3.5e-002	0.86826
97	-5.0909e-002	0.	-3.5e-002	1.8428
98	-7.6364e-002	0.	-3.5e-002	2.1225
99	-0.10182	0.	-3.5e-002	2.4105
100	-0.12727	0.	-3.5e-002	2.4533
101	-0.15273	0.	-3.5e-002	2.4639
102	-0.17818	0.	-3.5e-002	2.4112
103	-0.20364	0.	-3.5e-002	2.1981
104	-0.22909	0.	-3.5e-002	1.9841
105	-0.25455	0.	-3.5e-002	1.2523
106	-0.28	0.	-3.5e-002	0.86249
462	0.	0.	0.	0.76565
463	-0.28	0.	0.	0.75191
909	-3.8182e-002	0.	0.	1.7192
910	-8.9091e-002	0.	0.	2.3541
911	-0.14664	0.	6.0377e-019	2.4596
912	-0.19091	0.	0.	2.3299
913	-0.23541	0.	-4.9893e-019	1.7919
2100	-0.26727	0.	3.5e-002	1.0208
2103	-0.28	0.	1.75e-002	0.75407
2108	-0.24182	0.	3.5e-002	1.5954
2110	-0.26727	0.	1.75e-002	0.9811
2111	-0.24498	0.	1.75e-002	1.4973
2114	-0.21636	0.	3.5e-002	2.0894
2116	-0.23225	0.	1.75e-002	1.8781
2118	-0.19091	0.	3.5e-002	2.3119
2120	-0.19727	0.	1.75e-002	2.269
2121	-0.21952	0.	1.75e-002	1.9995
2125	-0.16545	0.	3.5e-002	2.4522
2127	-0.16241	0.	1.75e-002	2.4368
2128	-0.18455	0.	1.75e-002	2.372
2130	-0.14	0.	3.5e-002	2.4742
2132	-0.14969	0.	1.75e-002	2.4749
2133	-0.11455	0.	3.5e-002	2.4344
2135	-0.10818	0.	1.75e-002	2.4061
2136	-0.13696	0.	1.75e-002	2.4589
2138	-8.9091e-002	0.	3.5e-002	2.2775
2140	-9.5455e-002	0.	1.75e-002	2.3822
2142	-6.3636e-002	0.	3.5e-002	2.0117
2144	-5.7273e-002	0.	1.75e-002	1.9311
2145	-8.2727e-002	0.	1.75e-002	2.249
2147	-3.8182e-002	0.	3.5e-002	1.5591
2149	-4.4545e-002	0.	1.75e-002	1.7974
2151	-1.2727e-002	0.	3.5e-002	1.051
2154	0.	0.	1.75e-002	0.78033
2160	-1.2727e-002	0.	1.75e-002	0.99512
2161	-3.1818e-002	0.	1.75e-002	1.4708
2568	-1.2727e-002	0.	-3.5e-002	1.0448
2569	-3.8182e-002	0.	-3.5e-002	1.5384
2571	-1.2727e-002	0.	-1.75e-002	0.99251
2572	-3.1818e-002	0.	-1.75e-002	1.4664
2578	0.	0.	-1.75e-002	0.7762
2583	-6.3636e-002	0.	-3.5e-002	1.9812
2585	-4.4545e-002	0.	-1.75e-002	1.7774
2587	-8.9091e-002	0.	-3.5e-002	2.2665
2589	-5.7273e-002	0.	-1.75e-002	1.9198
2590	-8.2727e-002	0.	-1.75e-002	2.2379
2592	-0.11455	0.	-3.5e-002	2.4319
2594	-9.5455e-002	0.	-1.75e-002	2.3821
2596	-0.14	0.	-3.5e-002	2.4585
2598	-0.10818	0.	-1.75e-002	2.4035
2599	-0.13696	0.	-1.75e-002	2.4564
2601	-0.16545	0.	-3.5e-002	2.4375
2603	-0.14969	0.	-1.75e-002	2.4617
2605	-0.19091	0.	-3.5e-002	2.3042
2607	-0.16241	0.	-1.75e-002	2.4353
2608	-0.18455	0.	-1.75e-002	2.3704
2611	-0.21636	0.	-3.5e-002	2.09
2613	-0.19727	0.	-1.75e-002	2.2629
2614	-0.21952	0.	-1.75e-002	1.9936
2618	-0.24182	0.	-3.5e-002	1.613
2620	-0.23225	0.	-1.75e-002	1.8841
2622	-0.26727	0.	-3.5e-002	1.0445
2624	-0.26727	0.	-1.75e-002	0.98717
2625	-0.24498	0.	-1.75e-002	1.5069
2631	-0.28	0.	-1.75e-002	0.76828
4810	-1.9091e-002	0.	0.	1.2385
4818	-0.25771	0.	-2.4947e-019	1.268
7773	-6.3636e-002	0.	0.	2.0362
7779	-0.11787	0.	3.0189e-019	2.4067
7786	-0.16878	0.	3.0189e-019	2.3947
7793	-0.21316	0.	-2.4947e-019	2.0603
1	0.	0.	5.25e-002	0.42887
2	-2.5455e-002	0.	5.25e-002	0.33946
3	-5.0909e-002	0.	5.25e-002	0.22045
4	-7.6364e-002	0.	5.25e-002	0.14444
5	-0.10182	0.	5.25e-002	8.082e-002
6	-0.12727	0.	5.25e-002	4.1939e-002
7	-0.15273	0.	5.25e-002	4.2187e-002
8	-0.17818	0.	5.25e-002	8.1691e-002
9	-0.20364	0.	5.25e-002	0.14641
10	-0.22909	0.	5.25e-002	0.22374
11	-0.25455	0.	5.25e-002	0.33917
12	-0.28	0.	5.25e-002	0.429
13	-0.28	0.	3.5e-002	0.429
14	-0.25455	0.	3.5e-002	0.33917
15	-0.22909	0.	3.5e-002	0.22374
16	-0.20364	0.	3.5e-002	0.14641
17	-0.17818	0.	3.5e-002	8.1691e-002
18	-0.15273	0.	3.5e-002	4.2187e-002
19	-0.12727	0.	3.5e-002	4.1939e-002
20	-0.10182	0.	3.5e-002	8.082e-002
21	-7.6364e-002	0.	3.5e-002	0.14444
22	-5.0909e-002	0.	3.5e-002	0.22045
23	0.	0.	3.5e-002	0.42887
24	-2.5455e-002	0.	3.5e-002	0.33946
95	-2.5455e-002	0.	-3.5e-002	0.33841
96	0.	0.	-3.5e-002	0.42418
97	-5.0909e-002	0.	-3.5e-002	0.22186
98	-7.6364e-002	0.	-3.5e-002	0.14411
99	-0.10182	0.	-3.5e-002	8.2335e-002
100	-0.12727	0.	-3.5e-002	4.13e-002
101	-0.15273	0.	-3.5e-002	4.226e-002
102	-0.17818	0.	-3.5e-002	8.1142e-002
103	-0.20364	0.	-3.5e-002	0.14388
104	-0.22909	0.	-3.5e-002	0.22103
105	-0.25455	0.	-3.5e-002	0.33807
106	-0.28	0.	-3.5e-002	0.42639
199	-0.25455	0.	-5.25e-002	0.33807
200	-0.28	0.	-5.25e-002	0.42639
201	-0.22909	0.	-5.25e-002	0.22103
202	-0.20364	0.	-5.25e-002	0.14388
203	-0.17818	0.	-5.25e-002	8.1142e-002
204	-0.15273	0.	-5.25e-002	4.226e-002
205	-0.12727	0.	-5.25e-002	4.13e-002
206	-0.10182	0.	-5.25e-002	8.2335e-002
207	-7.6364e-002	0.	-5.25e-002	0.14411
208	-5.0909e-002	0.	-5.25e-002	0.22186
209	-2.5455e-002	0.	-5.25e-002	0.33841
210	0.	0.	-5.25e-002	0.42418
2024	-1.2727e-002	0.	5.25e-002	0.38303
2025	0.	0.	4.375e-002	0.42887
2032	-3.8182e-002	0.	5.25e-002	0.27674
2033	-2.5455e-002	0.	4.375e-002	0.33946
2039	-6.3636e-002	0.	5.25e-002	0.18187
2040	-5.0909e-002	0.	4.375e-002	0.22045
2044	-8.9091e-002	0.	5.25e-002	0.11181
2045	-7.6364e-002	0.	4.375e-002	0.14444
2052	-0.11455	0.	5.25e-002	5.981e-002
2053	-0.10182	0.	4.375e-002	8.082e-002
2058	-0.14	0.	5.25e-002	3.8934e-002
2059	-0.12727	0.	4.375e-002	4.1939e-002
2064	-0.16545	0.	5.25e-002	6.0126e-002
2065	-0.15273	0.	4.375e-002	4.2187e-002
2071	-0.19091	0.	5.25e-002	0.11317
2072	-0.17818	0.	4.375e-002	8.1691e-002
2077	-0.21636	0.	5.25e-002	0.18456
2078	-0.20364	0.	4.375e-002	0.14641
2082	-0.24182	0.	5.25e-002	0.27821
2083	-0.22909	0.	4.375e-002	0.22374
2088	-0.26727	0.	5.25e-002	0.38288
2089	-0.25455	0.	4.375e-002	0.33917
2093	-0.28	0.	4.375e-002	0.429
2100	-0.26727	0.	3.5e-002	0.38288
2108	-0.24182	0.	3.5e-002	0.27821
2114	-0.21636	0.	3.5e-002	0.18456
2118	-0.19091	0.	3.5e-002	0.11317
2125	-0.16545	0.	3.5e-002	6.0126e-002
2130	-0.14	0.	3.5e-002	3.8934e-002
2133	-0.11455	0.	3.5e-002	5.981e-002
2138	-8.9091e-002	0.	3.5e-002	0.11181
2142	-6.3636e-002	0.	3.5e-002	0.18187
2147	-3.8182e-002	0.	3.5e-002	0.27674
2151	-1.2727e-002	0.	3.5e-002	0.38303
2568	-1.2727e-002	0.	-3.5e-002	0.3801
2569	-3.8182e-002	0.	-3.5e-002	0.27696
2570	-2.5455e-002	0.	-4.375e-002	0.33841
2576	0.	0.	-4.375e-002	0.42418
2583	-6.3636e-002	0.	-3.5e-002	0.1824
2584	-5.0909e-002	0.	-4.375e-002	0.22186
2587	-8.9091e-002	0.	-3.5e-002	0.11245
2588	-7.6364e-002	0.	-4.375e-002	0.14411
2592	-0.11455	0.	-3.5e-002	6.0255e-002
2593	-0.10182	0.	-4.375e-002	8.2335e-002
2596	-0.14	0.	-3.5e-002	3.842e-002
2597	-0.12727	0.	-4.375e-002	4.13e-002
2601	-0.16545	0.	-3.5e-002	6.0185e-002
2602	-0.15273	0.	-4.375e-002	4.226e-002
2605	-0.19091	0.	-3.5e-002	0.11158
2606	-0.17818	0.	-4.375e-002	8.1142e-002
2611	-0.21636	0.	-3.5e-002	0.18187
2612	-0.20364	0.	-4.375e-002	0.14388
2618	-0.24182	0.	-3.5e-002	0.27647
2619	-0.22909	0.	-4.375e-002	0.22103
2622	-0.26727	0.	-3.5e-002	0.38111
2623	-0.25455	0.	-4.375e-002	0.33807
2629	-0.28	0.	-4.375e-002	0.42639
3239	-0.26727	0.	-5.25e-002	0.38111
3240	-0.24182	0.	-5.25e-002	0.27647
3249	-0.21636	0.	-5.25e-002	0.18187
3254	-0.19091	0.	-5.25e-002	0.11158
3261	-0.16545	0.	-5.25e-002	6.0185e-002
3265	-0.14	0.	-5.25e-002	3.842e-002
3270	-0.11455	0.	-5.25e-002	6.0255e-002
3274	-8.9091e-002	0.	-5.25e-002	0.11245
3278	-6.3636e-002	0.	-5.25e-002	0.1824
3282	-3.8182e-002	0.	-5.25e-002	0.27696
3285	-1.2727e-002	0.	-5.25e-002	0.3801
96	0.	0.	-3.5e-002	0.32027
106	-0.28	0.	-3.5e-002	0.31144
199	-0.25455	0.	-5.25e-002	0.19781
200	-0.28	0.	-5.25e-002	0.22634
201	-0.22909	0.	-5.25e-002	0.15413
202	-0.20364	0.	-5.25e-002	0.13098
203	-0.17818	0.	-5.25e-002	0.10107
204	-0.15273	0.	-5.25e-002	8.6194e-002
205	-0.12727	0.	-5.25e-002	9.0263e-002
206	-0.10182	0.	-5.25e-002	0.101
207	-7.6364e-002	0.	-5.25e-002	0.11894
208	-5.0909e-002	0.	-5.25e-002	0.18993
209	-2.5455e-002	0.	-5.25e-002	0.19293
210	0.	0.	-5.25e-002	0.21657
283	1.	0.	-9.5682e-002	3.9007e-004
284	1.	0.	-0.19136	3.5355e-004
285	1.	0.	-0.28705	3.1543e-004
286	1.	0.	-0.38273	2.6608e-004
287	1.	0.	-0.47841	2.2295e-004
288	1.	0.	-0.57409	1.6123e-004
289	1.	0.	-0.66977	1.267e-004
290	1.	0.	-0.76545	9.0903e-005
291	1.	0.	-0.86114	6.0182e-005
292	1.	0.	-0.95682	3.0922e-005
303	0.905	0.	-1.0525	2.5515e-005
304	0.81	0.	-1.0525	6.1358e-005
305	0.715	0.	-1.0525	8.2916e-005
306	0.62	0.	-1.0525	1.0696e-004
307	0.525	0.	-1.0525	1.3251e-004
308	0.43	0.	-1.0525	1.5263e-004
309	0.335	0.	-1.0525	1.6052e-004
310	0.24	0.	-1.0525	1.5253e-004
311	0.145	0.	-1.0525	1.3217e-004
312	5.e-002	0.	-1.0525	1.0977e-004
313	-4.5e-002	0.	-1.0525	5.5477e-005
314	-0.14	0.	-1.0525	2.2576e-005
315	-0.235	0.	-1.0525	6.0823e-005
316	-0.33	0.	-1.0525	1.0571e-004
317	-0.425	0.	-1.0525	1.4078e-004
318	-0.52	0.	-1.0525	1.568e-004
319	-0.615	0.	-1.0525	1.6127e-004
320	-0.71	0.	-1.0525	1.4436e-004
321	-0.805	0.	-1.0525	1.3415e-004
322	-0.9	0.	-1.0525	1.0375e-004
323	-0.995	0.	-1.0525	8.0869e-005
324	-1.09	0.	-1.0525	5.9552e-005
325	-1.185	0.	-1.0525	3.0148e-005
331	-1.28	0.	-0.95682	2.9612e-005
332	-1.28	0.	-0.86114	5.9199e-005
333	-1.28	0.	-0.76545	9.6252e-005
334	-1.28	0.	-0.66977	1.3562e-004
335	-1.28	0.	-0.57409	1.7177e-004
336	-1.28	0.	-0.47841	2.4504e-004
337	-1.28	0.	-0.38273	2.7342e-004
338	-1.28	0.	-0.28705	3.1605e-004
339	-1.28	0.	-0.19136	3.6133e-004
340	-1.28	0.	-9.5682e-002	3.8642e-004
346	9.0909e-002	0.	0.	0.10066
347	0.18182	0.	0.	1.611e-002
348	0.27273	0.	0.	7.0776e-003
349	0.36364	0.	0.	3.4877e-003
350	0.45455	0.	0.	1.9634e-003
351	0.54545	0.	0.	1.3616e-003
352	0.63636	0.	0.	8.5624e-004
353	0.72727	0.	0.	6.3742e-004
354	0.81818	0.	0.	5.2003e-004
355	0.90909	0.	0.	4.1274e-004
356	-1.1891	0.	0.	4.0782e-004
357	-1.0982	0.	0.	4.95e-004
358	-1.0073	0.	0.	6.3544e-004
359	-0.91636	0.	0.	9.1062e-004
360	-0.82545	0.	0.	1.3301e-003
361	-0.73455	0.	0.	1.9693e-003
362	-0.64364	0.	0.	3.2793e-003
363	-0.55273	0.	0.	6.9476e-003
364	-0.46182	0.	0.	1.7842e-002
365	-0.37091	0.	0.	0.10237
462	0.	0.	0.	0.46174
463	-0.28	0.	0.	0.46296
468	1.	0.	-1.0525	1.6384e-005
469	1.	0.	0.	3.9422e-004
470	-1.28	0.	-1.0525	1.6072e-005
471	-1.28	0.	0.	3.9178e-004
654	0.14587	0.	-0.55393	9.7033e-004
655	-0.4011	0.	-0.5425	9.3127e-004
656	-0.2746	0.	-0.29651	5.8036e-003
657	6.e-002	0.	-0.3025	5.3474e-003
658	-0.81953	0.	-0.50459	4.7765e-004
659	0.57578	0.	-0.50109	4.6084e-004
660	-0.17781	0.	-0.17552	2.1897e-002
661	0.27879	0.	-0.4031	1.546e-003
662	-4.6614e-002	0.	-0.42316	2.0346e-003
663	-0.1091	0.	-0.72512	2.832e-004
664	-0.5311	0.	-0.28004	3.7468e-003
665	-0.37896	0.	-0.1673	1.3809e-002
666	3.2908e-002	0.	-0.16542	2.4061e-002
667	-0.49751	0.	-0.7942	2.6334e-004
668	0.2275	0.	-0.8025	2.6382e-004
669	-0.1192	0.	-0.30076	5.747e-003
670	0.64398	0.	-0.80239	1.5451e-004
671	-0.93375	0.	-0.80024	1.6064e-004
672	0.61576	0.	-0.34364	6.4648e-004
673	-0.95152	0.	-0.17182	6.4647e-004
674	-0.21697	0.	-0.13206	3.8954e-002
675	-0.10047	0.	-8.6965e-002	6.968e-002
676	-0.67449	0.	-0.52389	6.9829e-004
677	-0.28768	0.	-0.53642	9.0216e-004
678	-0.65595	0.	-0.2534	2.0914e-003
679	-4.0909e-002	0.	-0.1775	2.3096e-002
680	0.40834	0.	-0.14784	2.3402e-003
681	0.27259	0.	-0.13222	4.5521e-003
682	-0.37364	0.	-0.78167	3.0913e-004
683	0.3549	0.	-0.74144	3.1709e-004
684	-1.125	0.	-0.4153	3.058e-004
685	-8.3182e-002	0.	-0.53167	8.6598e-004
686	0.85333	0.	-0.55455	2.0407e-004
687	-0.30909	0.	-0.38583	2.7022e-003
688	-0.78083	0.	-0.79015	2.0246e-004
689	-0.33924	0.	-0.1181	3.1332e-002
690	-1.7974e-002	0.	-0.12355	5.8278e-002
691	0.82078	0.	-0.25408	3.9153e-004
692	6.0795e-002	0.	-0.77125	2.7086e-004
693	-0.30205	0.	-0.20547	1.3064e-002
694	-0.1933	0.	-0.65397	4.6557e-004
695	-0.46091	0.	-0.41438	1.8593e-003
696	0.1677	0.	-0.16027	1.0636e-002
697	0.24391	0.	-0.31669	2.6495e-003
698	0.17636	0.	-0.41944	1.8976e-003
699	-0.18957	0.	-0.89215	1.3577e-004
700	-0.25274	0.	-8.8619e-002	0.10678
701	0.371	0.	-0.88792	1.9022e-004
702	-0.8909	0.	-0.3648	5.7329e-004
703	-2.502e-002	0.	-0.64436	4.8552e-004
704	-1.1152	0.	-0.80489	9.4678e-005
705	0.82843	0.	-0.80004	9.7007e-005
706	5.2273e-002	0.	-0.42347	2.1327e-003
707	-0.60758	0.	-0.40203	1.3222e-003
708	-0.60042	0.	-0.66515	4.623e-004
709	-0.40046	0.	-0.24381	8.1017e-003
710	0.58061	0.	-0.17182	1.0335e-003
711	-0.11182	0.	-0.1775	1.8973e-002
712	-0.1667	0.	-0.12143	4.3423e-002
713	-0.53066	0.	-0.53976	8.1492e-004
714	-1.1381	0.	-0.26993	3.6954e-004
715	0.4739	0.	-0.3917	8.6979e-004
716	0.32417	0.	-0.5579	6.4453e-004
717	-3.3636e-002	0.	-0.3025	5.8889e-003
718	5.1818e-002	0.	-8.9592e-002	5.6782e-002
719	-7.2727e-002	0.	-0.24	1.1988e-002
720	-0.23977	0.	-0.76083	2.7976e-004
721	-0.22228	0.	-0.23061	1.1614e-002
722	-0.75167	0.	-0.37283	8.7617e-004
723	0.17375	0.	-0.6775	4.9213e-004
724	-0.4547	0.	-0.66412	5.13e-004
725	-0.31434	0.	-0.64202	5.1113e-004
726	2.7432e-002	0.	-0.92027	1.1256e-004
727	-0.57398	0.	-0.13592	4.4839e-003
728	0.48792	0.	-0.7454	2.7419e-004
729	0.7151	0.	-0.44503	3.5767e-004
730	-0.82667	0.	-0.21697	1.0356e-003
731	-0.155	0.	-0.24	1.1379e-002
732	0.74542	0.	-0.66926	1.9625e-004
733	-0.70131	0.	-0.94183	1.6162e-004
734	-7.5233e-002	0.	-0.13066	4.2214e-002
735	-0.18689	0.	-0.52125	1.0124e-003
736	-0.27868	0.	-0.1414	4.45e-002
737	0.35524	0.	-0.34461	1.6537e-003
738	-0.99093	0.	-0.49356	3.1094e-004
739	-0.39932	0.	-0.91708	1.7109e-004
740	-0.73708	0.	-0.65898	3.8806e-004
741	-0.85284	0.	-0.92987	1.3397e-004
742	0.62238	0.	-0.96215	1.0527e-004
743	-0.64417	0.	-0.79633	2.763e-004
744	-5.7568e-002	0.	-9.0588e-002	0.10643
745	0.74878	0.	-0.12238	5.8606e-004
746	-0.90405	0.	-0.65098	2.5757e-004
747	0.60561	0.	-0.64039	2.7957e-004
748	2.6656e-002	0.	-0.55556	8.4192e-004
749	-0.99613	0.	-0.94199	9.4566e-005
750	-0.36051	0.	-0.31335	4.6879e-003
751	0.15606	0.	-0.95025	1.6447e-004
752	-0.20666	0.	-8.8475e-002	7.993e-002
753	-0.6998	0.	-0.12072	2.3106e-003
754	0.87079	0.	-0.39213	2.8673e-004
755	0.39975	0.	-0.63471	4.5812e-004
756	-0.35455	0.	-0.46917	1.5182e-003
757	0.43462	0.	-0.25632	1.4616e-003
758	8.8937e-003	0.	-0.23684	9.3944e-003
759	0.10337	0.	-0.22025	9.3048e-003
760	0.44501	0.	-0.52524	5.6225e-004
761	-0.51375	0.	-0.9275	1.7107e-004
762	-0.19283	0.	-0.29617	5.6042e-003
763	-1.1701	0.	-0.66591	1.4609e-004
764	-0.12266	0.	-0.12783	3.5392e-002
765	-1.0145	0.	-0.3853	4.1572e-004
766	0.1453	0.	-0.30464	4.7431e-003
767	0.72679	0.	-0.90436	9.0147e-005
768	-0.11084	0.	-0.6287	5.2224e-004
769	0.89332	0.	-0.67125	1.269e-004
770	0.25027	0.	-0.48867	1.075e-003
771	-9.5664e-002	0.	-0.37489	3.0265e-003
772	9.3182e-003	0.	-0.36298	3.4718e-003
773	-1.1709	0.	-0.11345	4.2553e-004
774	0.23524	0.	-0.5878	7.0577e-004
775	0.68503	0.	-0.55658	2.9498e-004
776	-0.28813	0.	-0.95358	1.3275e-004
777	0.85329	0.	-0.95176	4.8509e-005
778	-1.1544	0.	-0.94302	5.0164e-005
779	-6.364e-002	0.	-0.8359	1.716e-004
780	0.88379	0.	-0.16256	4.0646e-004
781	-0.23428	0.	-0.17048	2.3644e-002
782	-0.31412	0.	-7.1286e-002	0.1269
783	-0.44116	0.	-0.2948	3.7943e-003
784	9.9318e-002	0.	-0.35895	3.0177e-003
785	0.31436	0.	-0.2407	3.0508e-003
786	-0.12556	0.	-0.46118	1.855e-003
787	6.5374e-002	0.	-0.65928	5.1702e-004
788	-0.38904	0.	-7.5477e-002	2.8514e-002
789	-1.0435	0.	-0.70707	1.8033e-004
790	-0.24053	0.	-0.45875	1.759e-003
791	-0.16279	0.	-0.34601	3.3915e-003
792	-0.98303	0.	-0.27856	5.581e-004
793	-0.4692	0.	-9.6172e-002	1.015e-002
794	-0.46544	0.	-0.20113	5.9918e-003
795	-1.0227e-002	0.	-8.375e-002	0.13478
796	-0.17336	0.	-7.8936e-002	7.597e-002
797	-0.22651	0.	-0.36449	2.9547e-003
798	-0.38513	0.	-0.38692	2.7142e-003
799	-2.6705e-002	0.	-0.48479	1.2031e-003
800	-0.88848	0.	-8.5909e-002	9.1682e-004
801	-1.052	0.	-0.14327	5.1149e-004
802	0.27072	0.	-0.9392	1.8118e-004
803	-0.10773	0.	-0.97438	4.9265e-005
804	0.35456	0.	-0.45187	8.9703e-004
805	-1.143	0.	-0.5323	2.2617e-004
806	0.73951	0.	-0.3301	4.5788e-004
807	-1.1553e-002	0.	-0.7286	3.2121e-004
808	-0.22868	0.	-0.58481	6.5384e-004
809	0.47591	0.	-6.8163e-002	1.8712e-003
810	-0.14133	0.	-8.8958e-002	6.1762e-002
811	2.5909e-002	0.	-6.2296e-002	0.14492
812	0.16864	0.	-8.1888e-002	1.491e-002
813	0.20699	0.	-0.22662	5.6408e-003
814	0.28213	0.	-0.66099	4.9058e-004
815	0.50739	0.	-0.60516	3.9827e-004
816	0.51338	0.	-0.91714	1.6671e-004
817	8.6136e-002	0.	-0.48798	1.4005e-003
818	-0.79201	0.	-8.7758e-002	1.4586e-003
819	-1.2067	0.	-0.35701	2.9005e-004
2576	0.	0.	-4.375e-002	0.25766
2577	4.5455e-002	0.	-1.75e-002	0.208
2578	0.	0.	-1.75e-002	0.38382
2579	1.2955e-002	0.	-4.8648e-002	0.23148
2629	-0.28	0.	-4.375e-002	0.26163
2630	-0.32545	0.	-1.75e-002	0.20401
2631	-0.28	0.	-1.75e-002	0.37735
2632	-0.29706	0.	-5.3143e-002	0.21728
3239	-0.26727	0.	-5.25e-002	0.20051
3240	-0.24182	0.	-5.25e-002	0.17425
3241	-0.25364	0.	-7.056e-002	0.1521
3245	-0.26637	0.	-7.056e-002	0.15976
3246	-0.29706	0.	-6.1893e-002	0.17583
3249	-0.21636	0.	-5.25e-002	0.14155
3250	-0.24091	0.	-7.056e-002	0.12862
3251	-0.21788	0.	-7.0488e-002	0.11633
3254	-0.19091	0.	-5.25e-002	0.11392
3255	-0.20515	0.	-7.0488e-002	0.1053
3256	-0.1885	0.	-6.5718e-002	0.10151
3261	-0.16545	0.	-5.25e-002	9.1992e-002
3262	-0.17577	0.	-6.5718e-002	8.8488e-002
3265	-0.14	0.	-5.25e-002	8.716e-002
3266	-0.16304	0.	-6.5718e-002	7.9706e-002
3267	-0.14703	0.	-7.0729e-002	7.3826e-002
3270	-0.11455	0.	-5.25e-002	9.4542e-002
3271	-0.11387	0.	-6.9732e-002	7.9126e-002
3272	-0.1343	0.	-7.0729e-002	7.5709e-002
3274	-8.9091e-002	0.	-5.25e-002	0.10873
3275	-0.10114	0.	-6.9732e-002	8.532e-002
3278	-6.3636e-002	0.	-5.25e-002	0.15231
3279	-8.8416e-002	0.	-6.9732e-002	9.325e-002
3280	-6.6966e-002	0.	-7.1544e-002	0.11199
3282	-3.8182e-002	0.	-5.25e-002	0.18951
3283	-5.4238e-002	0.	-7.1544e-002	0.14789
3285	-1.2727e-002	0.	-5.25e-002	0.19746
3286	-4.1511e-002	0.	-7.1544e-002	0.14706
3287	-1.7841e-002	0.	-6.8125e-002	0.1631
3292	-5.1136e-003	0.	-6.8125e-002	0.17319
3293	1.2955e-002	0.	-5.7398e-002	0.17758
3759	1.	0.	-0.14352	3.7178e-004
3761	0.95455	0.	-4.7841e-002	4.0139e-004
3762	1.	0.	-4.7841e-002	3.9211e-004
3763	0.94189	0.	-0.12912	3.9802e-004
3766	1.	0.	-0.2392	3.3442e-004
3767	0.94189	0.	-0.17696	3.7989e-004
3771	1.	0.	-0.33489	2.9071e-004
3772	0.91039	0.	-0.27056	3.5282e-004
3773	0.93539	0.	-0.33959	3.0014e-004
3774	0.94189	0.	-0.2248	3.6093e-004
3780	1.	0.	-0.43057	2.4447e-004
3781	0.93539	0.	-0.38743	2.7575e-004
3783	1.	0.	-0.52625	1.9209e-004
3784	0.92667	0.	-0.51648	2.1229e-004
3785	0.93539	0.	-0.43527	2.5454e-004
3789	1.	0.	-0.62193	1.4396e-004
3790	0.92667	0.	-0.56432	1.8154e-004
3791	0.94666	0.	-0.62267	1.4343e-004
3794	1.	0.	-0.71761	1.0875e-004
3795	0.94666	0.	-0.67051	1.263e-004
3797	1.	0.	-0.8133	7.537e-005
3798	0.91421	0.	-0.78275	9.1569e-005
3799	0.94666	0.	-0.71835	1.0873e-004
3803	1.	0.	-0.90898	4.5366e-005
3804	0.91421	0.	-0.83059	7.7682e-005
3805	0.92665	0.	-0.90645	5.1793e-005
3810	0.9525	0.	-1.0047	2.6905e-005
3811	1.	0.	-1.0047	2.3356e-005
3812	0.92665	0.	-0.95429	3.8762e-005
3881	0.8575	0.	-1.0525	4.3232e-005
3882	0.9525	0.	-1.0525	2.057e-005
3883	0.87915	0.	-1.0021	3.689e-005
3886	0.7625	0.	-1.0525	7.2106e-005
3887	0.7684	0.	-0.97843	7.504e-005
3888	0.83165	0.	-1.0021	5.3947e-005
3892	0.6675	0.	-1.0525	9.4899e-005
3893	0.66869	0.	-1.0073	9.4028e-005
3894	0.7209	0.	-0.97843	8.5331e-005
3897	0.5725	0.	-1.0525	1.1971e-004
3898	0.62119	0.	-1.0073	1.0602e-004
3902	0.4775	0.	-1.0525	1.4253e-004
3903	0.57369	0.	-1.0073	1.1866e-004
3904	0.51919	0.	-0.98482	1.4917e-004
3909	0.3825	0.	-1.0525	1.5651e-004
3910	0.4005	0.	-0.97021	1.7138e-004
3911	0.47169	0.	-0.98482	1.5886e-004
3914	0.2875	0.	-1.0525	1.5647e-004
3915	0.353	0.	-0.97021	1.7526e-004
3916	0.30286	0.	-0.99585	1.7073e-004
3920	0.1925	0.	-1.0525	1.4232e-004
3921	0.19803	0.	-1.0014	1.5821e-004
3922	0.25536	0.	-0.99585	1.6684e-004
3926	9.75e-002	0.	-1.0525	1.2083e-004
3927	0.15053	0.	-1.0014	1.4816e-004
3929	2.5e-003	0.	-1.0525	8.0401e-005
3930	3.8716e-002	0.	-0.98639	1.0997e-004
3931	0.10303	0.	-1.0014	1.3711e-004
3934	-9.25e-002	0.	-1.0525	3.2012e-005
3935	-8.7841e-003	0.	-0.98639	8.3599e-005
3936	-7.6364e-002	0.	-1.0134	4.8082e-005
3940	-0.1875	0.	-1.0525	4.0464e-005
3941	-0.12386	0.	-1.0134	3.4739e-005
3943	-0.2825	0.	-1.0525	8.2117e-005
3944	-0.21228	0.	-0.97233	9.1727e-005
3945	-0.26157	0.	-1.003	9.6772e-005
3946	-0.17136	0.	-1.0134	4.6945e-005
3950	-0.3775	0.	-1.0525	1.2303e-004
3951	-0.36466	0.	-0.98479	1.3827e-004
3952	-0.30907	0.	-1.003	1.171e-004
3957	-0.4725	0.	-1.0525	1.4868e-004
3958	-0.41216	0.	-0.98479	1.5509e-004
3959	-0.46937	0.	-0.99	1.559e-004
3962	-0.5675	0.	-1.0525	1.5901e-004
3963	-0.51687	0.	-0.99	1.639e-004
3967	-0.6625	0.	-1.0525	1.5276e-004
3968	-0.65815	0.	-0.99716	1.6124e-004
3969	-0.56437	0.	-0.99	1.6604e-004
3973	-0.7575	0.	-1.0525	1.3925e-004
3974	-0.70565	0.	-0.99716	1.5292e-004
3977	-0.8525	0.	-1.0525	1.189e-004
3978	-0.75315	0.	-0.99716	1.4785e-004
3979	-0.82892	0.	-0.99118	1.3357e-004
3981	-0.9475	0.	-1.0525	9.2298e-005
3982	-0.87642	0.	-0.99118	1.1867e-004
3983	-0.94806	0.	-0.99725	9.8339e-005
3988	-1.0425	0.	-1.0525	7.0066e-005
3989	-0.99556	0.	-0.99725	8.7115e-005
3991	-1.1375	0.	-1.0525	4.4625e-005
3992	-1.0431	0.	-0.99725	7.6953e-005
3993	-1.1222	0.	-0.99776	5.3267e-005
3998	-1.2325	0.	-1.0047	2.831e-005
3999	-1.2325	0.	-1.0525	2.2825e-005
4000	-1.1697	0.	-0.99776	3.9703e-005
4031	-1.28	0.	-0.90898	4.4264e-005
4032	-1.28	0.	-1.0047	2.2508e-005
4033	-1.2172	0.	-0.94992	3.924e-005
4037	-1.28	0.	-0.8133	7.7678e-005
4038	-1.1976	0.	-0.83301	7.5849e-005
4039	-1.2172	0.	-0.90208	5.2892e-005
4043	-1.28	0.	-0.71761	1.1581e-004
4044	-1.1976	0.	-0.78517	9.3389e-005
4045	-1.2251	0.	-0.71568	1.2097e-004
4050	-1.28	0.	-0.62193	1.5366e-004
4051	-1.2251	0.	-0.66784	1.4009e-004
4053	-1.28	0.	-0.52625	2.0834e-004
4054	-1.2251	0.	-0.62	1.584e-004
4055	-1.2115	0.	-0.55319	1.9813e-004
4059	-1.28	0.	-0.43057	2.5904e-004
4060	-1.2025	0.	-0.44686	2.7417e-004
4061	-1.2115	0.	-0.50535	2.341e-004
4062	-1.2433	0.	-0.41771	2.6752e-004
4066	-1.28	0.	-0.33489	2.9472e-004
4067	-1.2433	0.	-0.36987	2.8165e-004
4069	-1.28	0.	-0.2392	3.3863e-004
4070	-1.2091	0.	-0.27849	3.4243e-004
4071	-1.2433	0.	-0.32203	3.0302e-004
4075	-1.28	0.	-0.14352	3.7385e-004
4076	-1.2091	0.	-0.23065	3.6466e-004
4077	-1.2255	0.	-0.15241	3.9333e-004
4080	-1.2345	0.	-4.7841e-002	3.9711e-004
4081	-1.28	0.	-4.7841e-002	3.8907e-004
4082	-1.2255	0.	-0.10457	4.0583e-004
4121	0.13636	0.	0.	5.8045e-002
4122	4.5455e-002	0.	0.	0.28083
4126	7.1364e-002	0.	-4.4796e-002	7.3814e-002
4127	5.8409e-002	0.	-3.1148e-002	0.11804
4128	0.12977	0.	-4.0944e-002	5.7651e-002
4139	0.22727	0.	0.	1.1549e-002
4142	0.17523	0.	-4.0944e-002	1.5e-002
4146	0.31818	0.	0.	5.2768e-003
4149	0.27266	0.	-6.6112e-002	5.6989e-003
4150	0.22068	0.	-4.0944e-002	1.0855e-002
4157	0.40909	0.	0.	2.7191e-003
4160	0.38599	0.	-7.392e-002	2.8905e-003
4161	0.31812	0.	-6.6112e-002	3.9455e-003
4162	0.41977	0.	-3.4081e-002	2.6781e-003
4166	0.5	0.	0.	1.6595e-003
4168	0.46523	0.	-3.4081e-002	1.9141e-003
4171	0.59091	0.	0.	1.1077e-003
4174	0.56303	0.	-8.5909e-002	1.19e-003
4175	0.51068	0.	-3.4081e-002	1.6145e-003
4178	0.68182	0.	0.	7.4564e-004
4181	0.60848	0.	-8.5909e-002	9.3948e-004
4182	0.69257	0.	-6.119e-002	7.2086e-004
4187	0.77273	0.	0.	5.7839e-004
4189	0.73803	0.	-6.119e-002	6.1032e-004
4191	0.86364	0.	0.	4.6626e-004
4194	0.78348	0.	-6.119e-002	5.5254e-004
4195	0.85098	0.	-8.1278e-002	4.6311e-004
4200	0.95455	0.	0.	4.0344e-004
4202	0.89644	0.	-8.1278e-002	4.0929e-004
4206	-1.1436	0.	0.	4.5129e-004
4208	-1.2345	0.	0.	3.9979e-004
4210	-1.18	0.	-5.6726e-002	4.1642e-004
4214	-1.0527	0.	0.	5.6501e-004
4217	-1.1346	0.	-5.6726e-002	4.601e-004
4218	-1.0751	0.	-7.1634e-002	5.0206e-004
4225	-0.96182	0.	0.	7.7223e-004
4227	-0.97939	0.	-8.5909e-002	6.3826e-004
4228	-0.94788	0.	-4.2955e-002	7.7533e-004
4229	-1.0296	0.	-7.1634e-002	5.7286e-004
4232	-0.87091	0.	0.	1.1201e-003
4235	-0.90242	0.	-4.2955e-002	9.1137e-004
4239	-0.78	0.	0.	1.649e-003
4242	-0.85697	0.	-4.2955e-002	1.122e-003
4243	-0.80873	0.	-4.3879e-002	1.392e-003
4247	-0.68909	0.	0.	2.6231e-003
4249	-0.71717	0.	-6.036e-002	2.1258e-003
4250	-0.76328	0.	-4.3879e-002	1.7111e-003
4252	-0.59818	0.	0.	5.103e-003
4256	-0.60881	0.	-6.7961e-002	3.8196e-003
4257	-0.67172	0.	-6.036e-002	2.7848e-003
4261	-0.50727	0.	0.	1.2393e-002
4264	-0.56335	0.	-6.7961e-002	5.6541e-003
4265	-0.51097	0.	-4.8086e-002	8.4331e-003
4270	-0.41636	0.	0.	6.0096e-002
4273	-0.42543	0.	-3.7739e-002	2.2732e-002
4274	-0.46551	0.	-4.8086e-002	1.3859e-002
4279	-0.32545	0.	0.	0.28199
4282	-0.34251	0.	-3.5643e-002	0.10842
4283	-0.37998	0.	-3.7739e-002	6.475e-002
5894	0.16112	0.	-0.48669	1.4249e-003
5895	0.15981	0.	-0.61572	7.3106e-004
5896	8.6262e-002	0.	-0.55475	8.7972e-004
5897	0.19807	0.	-0.5213	1.0066e-003
5898	0.19055	0.	-0.57087	8.3309e-004
5899	0.10562	0.	-0.60661	7.2907e-004
5900	0.116	0.	-0.52096	1.1815e-003
5906	-0.34439	0.	-0.53946	8.8882e-004
5907	-0.431	0.	-0.47844	1.3726e-003
5908	-0.46588	0.	-0.54113	8.6398e-004
5909	-0.4279	0.	-0.60331	7.219e-004
5910	-0.35772	0.	-0.59226	7.0522e-004
5911	-0.37782	0.	-0.50583	1.2238e-003
5914	-0.29185	0.	-0.34117	4.2504e-003
5915	-0.28832	0.	-0.25099	9.3019e-003
5916	-0.24844	0.	-0.26356	8.6452e-003
5917	-0.31756	0.	-0.30493	5.1269e-003
5918	-0.23372	0.	-0.29634	5.4021e-003
5919	-0.25056	0.	-0.3305	4.248e-003
5923	1.3182e-002	0.	-0.3025	5.3395e-003
5924	3.4447e-002	0.	-0.26967	7.356e-003
5925	8.1687e-002	0.	-0.26138	7.1707e-003
5926	0.10265	0.	-0.30357	4.9655e-003
5927	3.4659e-002	0.	-0.33274	4.3389e-003
5928	7.9659e-002	0.	-0.33073	4.1824e-003
5931	-0.74701	0.	-0.51424	5.8342e-004
5932	-0.85521	0.	-0.43469	5.1987e-004
5933	-0.7856	0.	-0.43871	6.7567e-004
5934	-0.90523	0.	-0.49907	3.9066e-004
5935	-0.77831	0.	-0.58178	4.2862e-004
5936	-0.86179	0.	-0.57778	3.67e-004
5943	0.59577	0.	-0.42237	5.4966e-004
5944	0.52484	0.	-0.4464	6.6518e-004
5945	0.64544	0.	-0.47306	4.0618e-004
5946	0.5907	0.	-0.57074	3.6971e-004
5947	0.5104	0.	-0.51317	5.0789e-004
5948	0.6304	0.	-0.52884	3.7737e-004
5949	0.54159	0.	-0.55313	4.2722e-004
5953	-0.19739	0.	-0.15379	2.9527e-002
5954	-0.14481	0.	-0.17651	1.8715e-002
5955	-0.17226	0.	-0.14847	3.262e-002
5956	-0.20005	0.	-0.20307	1.6528e-002
5957	-0.16641	0.	-0.20776	1.6529e-002
5958	-0.15024	0.	-0.15168	2.6902e-002
5959	-0.20605	0.	-0.173	2.158e-002
5963	0.26135	0.	-0.35989	2.0872e-003
5964	0.22758	0.	-0.41127	1.7075e-003
5965	0.31702	0.	-0.37386	1.5808e-003
5966	0.26453	0.	-0.44588	1.3073e-003
5967	0.31668	0.	-0.42748	1.2191e-003
5971	2.8292e-003	0.	-0.42332	2.0346e-003
5972	-7.1139e-002	0.	-0.39903	2.5165e-003
5973	-1.8648e-002	0.	-0.39307	2.7155e-003
5974	-8.6086e-002	0.	-0.44217	1.8434e-003
5975	-3.6659e-002	0.	-0.45398	1.6186e-003
5980	-0.1512	0.	-0.68954	3.6351e-004
5981	-0.14933	0.	-0.80864	2.0622e-004
5982	-6.706e-002	0.	-0.68474	3.751e-004
5983	-0.17444	0.	-0.74298	2.6491e-004
5984	-0.10997	0.	-0.67691	4.0266e-004
5985	-8.6369e-002	0.	-0.78051	2.2254e-004
5986	-6.0326e-002	0.	-0.72686	2.9121e-004
5989	-0.59352	0.	-0.26672	2.8932e-003
5990	-0.496	0.	-0.34721	2.7331e-003
5991	-0.56934	0.	-0.34103	2.5298e-003
5992	-0.55254	0.	-0.20798	3.9867e-003
5993	-0.48613	0.	-0.28742	3.7205e-003
5994	-0.49827	0.	-0.24059	4.8652e-003
5998	-0.3591	0.	-0.1427	2.2529e-002
5999	-0.3405	0.	-0.18638	1.2575e-002
6000	-0.38971	0.	-0.20555	1.0785e-002
6001	-0.384	0.	-0.12139	2.0797e-002
6002	-0.42408	0.	-0.13174	1.1608e-002
6003	-0.4222	0.	-0.18422	9.8918e-003
6009	-4.0007e-003	0.	-0.17146	2.258e-002
6010	7.4671e-003	0.	-0.14449	4.0896e-002
6011	0.1003	0.	-0.16284	1.6781e-002
6012	4.2363e-002	0.	-0.12751	3.9489e-002
6013	2.0901e-002	0.	-0.20113	1.6499e-002
6014	6.8141e-002	0.	-0.19284	1.6615e-002
6021	-0.43557	0.	-0.78794	2.8253e-004
6022	-0.54896	0.	-0.72968	3.6017e-004
6023	-0.47611	0.	-0.72916	3.8766e-004
6024	-0.44841	0.	-0.85564	2.16e-004
6025	-0.57084	0.	-0.79527	2.6705e-004
6026	-0.50563	0.	-0.86085	2.1716e-004
6030	0.2912	0.	-0.77197	2.879e-004
6031	0.14415	0.	-0.78688	2.6189e-004
6032	0.29925	0.	-0.84521	2.2601e-004
6033	0.20063	0.	-0.74	3.7773e-004
6034	0.19178	0.	-0.87638	2.1408e-004
6035	0.24911	0.	-0.87085	2.2242e-004
6036	0.25481	0.	-0.73174	3.7509e-004
6040	-7.642e-002	0.	-0.30163	5.5544e-003
6041	-9.5966e-002	0.	-0.27038	8.66e-003
6042	-0.1371	0.	-0.27038	8.3874e-003
6043	-0.15602	0.	-0.29847	5.4047e-003
6044	-0.10743	0.	-0.33783	4.3323e-003
6045	-0.141	0.	-0.32339	4.5389e-003
6048	0.7362	0.	-0.80121	1.2369e-004
6049	0.56595	0.	-0.77389	2.1364e-004
6050	0.6947	0.	-0.73582	1.7315e-004
6051	0.63318	0.	-0.88227	1.2839e-004
6052	0.6248	0.	-0.72139	2.1656e-004
6053	0.68538	0.	-0.85337	1.223e-004
6054	0.57868	0.	-0.85976	1.5901e-004
6058	-0.85729	0.	-0.7952	1.8087e-004
6059	-1.0245	0.	-0.80257	1.2564e-004
6060	-0.8933	0.	-0.86505	1.4536e-004
6061	-0.9189	0.	-0.72561	2.0865e-004
6062	-0.96494	0.	-0.87112	1.271e-004
6063	-0.98861	0.	-0.75365	1.6849e-004
6067	0.59818	0.	-0.25773	8.327e-004
6068	0.54483	0.	-0.36767	7.5261e-004
6069	0.66543	0.	-0.39433	5.0207e-004
6070	0.52519	0.	-0.29998	1.0528e-003
6071	0.67763	0.	-0.33687	5.501e-004
6075	-0.88909	0.	-0.1944	8.3782e-004
6076	-0.96727	0.	-0.22519	6.0136e-004
6077	-0.92	0.	-0.12886	7.8029e-004
6078	-1.0017	0.	-0.15754	5.7831e-004
6083	-0.23486	0.	-0.11034	7.1353e-002
6084	-0.19184	0.	-0.12674	3.9289e-002
6085	-0.24783	0.	-0.13673	3.9561e-002
6086	-0.21182	0.	-0.11027	5.9388e-002
6087	-0.22563	0.	-0.15127	3.1221e-002
6091	-8.7851e-002	0.	-0.10881	5.5114e-002
6092	-7.9018e-002	0.	-8.8777e-002	8.5078e-002
6093	-0.11156	0.	-0.1074	5.2251e-002
6094	-0.1209	0.	-8.7962e-002	6.388e-002
6099	-0.64103	0.	-0.46296	1.0091e-003
6100	-0.63745	0.	-0.59452	5.7332e-004
6101	-0.60258	0.	-0.53183	7.3994e-004
6102	-0.71308	0.	-0.44836	7.736e-004
6103	-0.70579	0.	-0.59143	5.4305e-004
6106	-0.30101	0.	-0.58922	7.0638e-004
6107	-0.23729	0.	-0.52883	9.2035e-004
6108	-0.32111	0.	-0.50279	1.1855e-003
6109	-0.26411	0.	-0.49758	1.3274e-003
6110	-0.25818	0.	-0.56061	7.5801e-004
6114	-0.63176	0.	-0.32771	1.6733e-003
6115	-0.70381	0.	-0.31311	1.4831e-003
6116	-0.61496	0.	-0.19466	3.2686e-003
6117	-0.74131	0.	-0.23518	1.552e-003
6118	-0.67787	0.	-0.18706	2.1519e-003
6125	-2.9441e-002	0.	-0.15053	4.0236e-002
6126	-7.6364e-002	0.	-0.1775	1.9698e-002
6127	-5.6818e-002	0.	-0.20875	1.7204e-002
6128	-5.8071e-002	0.	-0.15408	3.2424e-002
6129	-1.6008e-002	0.	-0.20717	1.6154e-002
6133	0.34047	0.	-0.14003	3.4367e-003
6134	0.49447	0.	-0.15983	1.6855e-003
6135	0.42148	0.	-0.20208	1.882e-003
6136	0.36135	0.	-0.19427	2.6476e-003
6137	0.44212	0.	-0.108	2.088e-003
6143	0.22015	0.	-0.14625	7.463e-003
6144	0.29348	0.	-0.18646	3.7757e-003
6145	0.22062	0.	-0.10706	9.7117e-003
6146	0.23979	0.	-0.17942	4.9675e-003
6150	-0.3067	0.	-0.77125	2.7983e-004
6151	-0.41417	0.	-0.7229	4.0849e-004
6152	-0.34399	0.	-0.71185	4.0671e-004
6153	-0.38648	0.	-0.84938	2.3967e-004
6154	-0.33088	0.	-0.86762	2.2017e-004
6160	0.36295	0.	-0.81468	2.5345e-004
6161	0.42141	0.	-0.74342	2.9387e-004
6162	0.37732	0.	-0.68807	3.8554e-004
6163	0.31851	0.	-0.70121	4.0372e-004
6168	-1.1316	0.	-0.34262	3.3668e-004
6169	-1.058	0.	-0.45443	3.0544e-004
6170	-1.0698	0.	-0.4003	3.6028e-004
6171	-1.134	0.	-0.4738	2.658e-004
6172	-1.1658	0.	-0.38616	2.9622e-004
6175	-5.4101e-002	0.	-0.58801	6.6882e-004
6176	-0.13504	0.	-0.52646	8.9684e-004
6177	-2.8263e-002	0.	-0.54362	8.1379e-004
6178	-9.7012e-002	0.	-0.58018	6.9124e-004
6179	-0.10437	0.	-0.49642	1.3528e-003
6180	-5.4943e-002	0.	-0.50823	1.0112e-003
6184	0.78422	0.	-0.49979	2.7965e-004
6185	0.79937	0.	-0.6119	1.9698e-004
6186	0.86206	0.	-0.47334	2.45e-004
6187	0.87333	0.	-0.6129	1.6544e-004
6188	0.76918	0.	-0.55556	2.4623e-004
6193	-0.3348	0.	-0.34959	3.6403e-003
6194	-0.33182	0.	-0.4275	2.1065e-003
6195	-0.27481	0.	-0.42229	2.1784e-003
6196	-0.2678	0.	-0.37516	2.7059e-003
6197	-0.34711	0.	-0.38638	2.6575e-003
6201	-0.74107	0.	-0.86599	1.8022e-004
6202	-0.75896	0.	-0.72456	2.9517e-004
6203	-0.81684	0.	-0.86001	1.6774e-004
6204	-0.7125	0.	-0.79324	2.3835e-004
6205	-0.84244	0.	-0.72056	2.2748e-004
6209	-0.32064	0.	-0.16179	2.1353e-002
6210	-0.30896	0.	-0.12975	3.7125e-002
6211	-0.32668	0.	-9.4695e-002	7.888e-002
6212	-0.36414	0.	-9.679e-002	2.8999e-002
6217	1.6922e-002	0.	-0.10657	5.379e-002
6218	-4.6603e-002	0.	-0.12711	4.8202e-002
6219	-3.7771e-002	0.	-0.10707	8.0816e-002
6220	-1.41e-002	0.	-0.10365	9.6192e-002
6224	0.78478	0.	-0.18823	4.8838e-004
6225	0.84578	0.	-0.32311	3.3902e-004
6226	0.85229	0.	-0.20832	3.9824e-004
6227	0.78015	0.	-0.29209	4.2306e-004
6232	0.11727	0.	-0.72438	3.7674e-004
6233	4.4114e-002	0.	-0.84576	1.9165e-004
6234	0.10843	0.	-0.86075	2.1442e-004
6235	-1.4221e-003	0.	-0.80357	2.1578e-004
6236	6.3085e-002	0.	-0.71527	3.9386e-004
6237	2.4621e-002	0.	-0.74993	2.9176e-004
6242	-0.35125	0.	-0.22464	1.0426e-002
6243	-0.26216	0.	-0.21804	1.1754e-002
6244	-0.29036	0.	-0.17344	2.8686e-002
6245	-0.33128	0.	-0.25941	8.8723e-003
6246	-0.26816	0.	-0.18797	1.8139e-002
6251	-0.21654	0.	-0.7074	3.7106e-004
6252	-0.25382	0.	-0.648	4.6915e-004
6253	-0.15207	0.	-0.64133	4.8058e-004
6254	-0.21099	0.	-0.61939	5.594e-004
6258	-0.53424	0.	-0.4082	1.5682e-003
6259	-0.49579	0.	-0.47707	1.3359e-003
6260	-0.40773	0.	-0.44177	1.6451e-003
6261	-0.45104	0.	-0.35459	2.8198e-003
6262	-0.42302	0.	-0.40065	2.2748e-003
6267	0.10976	0.	-0.12493	3.3683e-002
6268	0.13554	0.	-0.19026	9.8116e-003
6269	0.16817	0.	-0.12108	1.2439e-002
6270	0.18735	0.	-0.19344	8.1319e-003
6274	0.21013	0.	-0.36806	2.2148e-003
6275	0.29957	0.	-0.33065	2.1476e-003
6276	0.1946	0.	-0.31066	3.6521e-003
6277	0.27913	0.	-0.27869	2.8225e-003
6278	0.22545	0.	-0.27165	4.1411e-003
6284	0.11432	0.	-0.42145	1.9569e-003
6285	0.16083	0.	-0.36204	3.313e-003
6286	0.21331	0.	-0.45405	1.484e-003
6287	0.13784	0.	-0.3892	2.4464e-003
6288	0.13125	0.	-0.45371	1.6174e-003
6292	-0.21467	0.	-0.82649	2.0555e-004
6293	-0.23885	0.	-0.92287	1.2456e-004
6294	-0.1266	0.	-0.86402	1.4161e-004
6295	-0.14865	0.	-0.93326	9.1642e-005
6301	-0.26571	0.	-0.11501	7.5355e-002
6302	-0.2297	0.	-8.8547e-002	9.0014e-002
6303	-0.28343	0.	-7.9953e-002	0.10782
6308	0.42946	0.	-0.81666	2.2978e-004
6309	0.32086	0.	-0.91356	1.8527e-004
6310	0.44219	0.	-0.90253	1.7773e-004
6316	-0.82128	0.	-0.36881	7.2229e-004
6317	-0.85878	0.	-0.29089	8.0238e-004
6318	-0.94091	0.	-0.42918	4.4189e-004
6319	-0.95272	0.	-0.37505	4.9271e-004
6320	-0.93696	0.	-0.32168	5.6209e-004
6324	8.1806e-004	0.	-0.59996	6.56e-004
6325	-6.7931e-002	0.	-0.63653	4.8908e-004
6326	2.0177e-002	0.	-0.65182	4.9198e-004
6327	-1.8286e-002	0.	-0.68648	4.0301e-004
6331	-1.0557	0.	-0.87344	9.1083e-005
6332	-1.1427	0.	-0.7354	1.1904e-004
6333	-1.1348	0.	-0.87396	7.2179e-005
6334	-1.0793	0.	-0.75598	1.3744e-004
6339	0.78692	0.	-0.73465	1.4656e-004
6340	0.77761	0.	-0.8522	9.1624e-005
6341	0.86088	0.	-0.73565	1.104e-004
6342	0.84086	0.	-0.8759	7.1993e-005
6345	3.0795e-002	0.	-0.39323	2.7983e-003
6346	7.5795e-002	0.	-0.39121	2.5496e-003
6347	1.2784e-002	0.	-0.45413	1.6335e-003
6348	6.9205e-002	0.	-0.45573	1.7649e-003
6352	-0.56912	0.	-0.47089	1.0448e-003
6353	-0.67962	0.	-0.38743	1.0835e-003
6358	-0.56554	0.	-0.60246	6.3746e-004
6359	-0.52756	0.	-0.66464	4.8037e-004
6360	-0.66875	0.	-0.66206	4.21e-004
6361	-0.62229	0.	-0.73074	3.6901e-004
6364	-0.38049	0.	-0.27858	6.3329e-003
6365	-0.42081	0.	-0.2693	5.9435e-003
6366	-0.43295	0.	-0.22247	6.9064e-003
6370	0.66469	0.	-0.1471	8.073e-004
6371	0.50761	0.	-0.21407	1.2262e-003
6372	0.66006	0.	-0.25096	7.4483e-004
6373	0.52826	0.	-0.11999	1.4473e-003
6379	-9.2273e-002	0.	-0.20875	1.531e-002
6380	-0.13341	0.	-0.20875	1.4565e-002
6381	-9.3526e-002	0.	-0.15408	2.9872e-002
6382	-0.11724	0.	-0.15267	2.7147e-002
6386	-0.18668	0.	-0.10495	5.9697e-002
6387	-0.14468	0.	-0.12463	3.755e-002
6388	-0.17003	0.	-0.10018	5.9571e-002
6389	-0.15402	0.	-0.10519	5.1747e-002
6394	-0.49268	0.	-0.60194	6.5894e-004
6400	-1.0763	0.	-0.32762	3.9008e-004
6401	-1.1545	0.	-0.19169	3.9704e-004
6402	-1.0606	0.	-0.27425	4.6209e-004
6403	-1.095	0.	-0.2066	4.4048e-004
6404	-1.1724	0.	-0.31347	3.2963e-004
6408	0.41457	0.	-0.36815	1.2597e-003
6409	0.45426	0.	-0.32401	1.1631e-003
6410	0.45945	0.	-0.45847	7.1078e-004
6411	0.41423	0.	-0.42178	8.7378e-004
6416	0.36196	0.	-0.5963	5.5098e-004
6417	0.38459	0.	-0.54157	5.9826e-004
6418	0.28722	0.	-0.52328	8.5917e-004
6419	0.2797	0.	-0.57285	6.7108e-004
6420	0.33936	0.	-0.50488	7.6683e-004
6421	0.30315	0.	-0.60944	5.6542e-004
6424	-5.3182e-002	0.	-0.27125	8.9192e-003
6425	-1.2371e-002	0.	-0.26967	7.4149e-003
6426	-6.465e-002	0.	-0.33869	4.4193e-003
6427	-1.2159e-002	0.	-0.33274	4.6396e-003
6432	2.0795e-002	0.	-8.6671e-002	9.2844e-002
6433	3.8864e-002	0.	-7.5944e-002	0.10046
6434	0.11023	0.	-8.574e-002	3.4993e-002
6442	-0.11386	0.	-0.24	1.0537e-002
6443	-3.1917e-002	0.	-0.23842	1.0152e-002
6447	-0.27706	0.	-0.70143	3.8922e-004
6448	-0.26395	0.	-0.85721	2.0166e-004
6452	-0.18864	0.	-0.2353	1.1005e-002
6453	-0.20756	0.	-0.26339	8.4612e-003
6454	-0.22828	0.	-0.20054	1.745e-002
6457	-0.78917	0.	-0.2949	9.4406e-004
6462	0.20449	0.	-0.63265	5.9412e-004
6463	0.11956	0.	-0.66839	4.9584e-004
6464	0.22794	0.	-0.66924	4.8595e-004
6469	-0.38452	0.	-0.65307	4.9717e-004
6472	-0.27151	0.	-0.61342	5.6378e-004
6476	9.1748e-002	0.	-0.93526	1.3701e-004
6477	-1.8104e-002	0.	-0.87808	1.3764e-004
6478	-4.0148e-002	0.	-0.94732	7.2439e-005
6483	-0.63689	0.	-0.12832	3.3829e-003
6484	-0.52159	0.	-0.11605	7.3134e-003
6485	-0.51971	0.	-0.16853	5.0629e-003
6490	0.54677	0.	-0.69289	2.7362e-004
6491	0.44383	0.	-0.69005	3.6605e-004
6492	0.49765	0.	-0.67528	3.3447e-004
6493	0.50065	0.	-0.83127	2.2012e-004
6497	0.79294	0.	-0.41858	3.1837e-004
6498	0.70006	0.	-0.50081	3.2546e-004
6499	0.7273	0.	-0.38756	4.0627e-004
6504	-0.76323	0.	-0.16885	1.6678e-003
6505	-0.90485	0.	-0.24777	7.9612e-004
6506	-0.85758	0.	-0.15144	9.6586e-004
6507	-0.80934	0.	-0.15237	1.2355e-003
6512	-0.17392	0.	-0.26809	8.4578e-003
6517	0.67552	0.	-0.65482	2.3683e-004
6518	0.81937	0.	-0.67026	1.5861e-004
6519	0.71522	0.	-0.61292	2.4552e-004
6525	-0.77707	0.	-0.93585	1.4747e-004
6526	-0.67274	0.	-0.86908	2.1863e-004
6527	-0.60753	0.	-0.93466	1.6568e-004
6532	-6.64e-002	0.	-0.11062	7.4074e-002
6533	-9.8947e-002	0.	-0.12925	3.7212e-002
6537	-0.14887	0.	-0.57498	7.5241e-004
6538	-0.15623	0.	-0.49121	1.4106e-003
6539	-0.21371	0.	-0.49	1.3584e-003
6540	-0.20779	0.	-0.55303	8.3188e-004
6546	-0.25648	0.	-0.15594	3.309e-002
6547	-0.2964	0.	-0.10634	8.2707e-002
6552	0.39493	0.	-0.30046	1.545e-003
6553	0.3348	0.	-0.29265	2.3449e-003
6554	0.3549	0.	-0.39824	1.2706e-003
6557	-0.94749	0.	-0.57227	2.8112e-004
6558	-1.0027	0.	-0.43943	3.6139e-004
6559	-1.0172	0.	-0.60031	2.4528e-004
6560	-1.067	0.	-0.51293	2.6657e-004
6563	-0.45653	0.	-0.92229	1.7001e-004
6564	-0.34373	0.	-0.93533	1.5034e-004
6568	-0.69063	0.	-0.72765	3.2985e-004
6569	-0.82057	0.	-0.65498	3.2047e-004
6572	-0.92448	0.	-0.93593	1.1398e-004
6577	0.67458	0.	-0.93326	9.6813e-005
6578	0.56788	0.	-0.93965	1.3597e-004
6582	-0.57896	0.	-0.86191	2.216e-004
6588	-3.3898e-002	0.	-8.7169e-002	0.11554
6595	0.81628	0.	-0.14247	4.9613e-004
6596	0.74414	0.	-0.22624	5.1763e-004
6601	-0.97376	0.	-0.67902	2.1793e-004
6604	0.64532	0.	-0.59849	2.8566e-004
6605	0.5565	0.	-0.62277	3.3833e-004
6608	4.6015e-002	0.	-0.60742	6.7906e-004
6609	-2.4062e-005	0.	-0.52018	1.0183e-003
6610	5.6396e-002	0.	-0.52177	1.107e-003
6614	-1.0753	0.	-0.94251	7.1167e-005
6620	-0.40084	0.	-0.30407	4.1691e-003
6621	-0.37282	0.	-0.35013	3.6985e-003
6626	0.21339	0.	-0.94473	1.726e-004
6631	-0.19001	0.	-8.3705e-002	7.6405e-002
6636	-0.74591	0.	-0.10424	1.8817e-003
6641	0.80515	0.	-0.36112	3.7147e-004
6647	0.42238	0.	-0.57997	5.0786e-004
6648	0.34094	0.	-0.64785	4.7074e-004
6649	0.45357	0.	-0.61993	4.2513e-004
6651	-0.29754	0.	-0.46396	1.5744e-003
6652	-0.36984	0.	-0.42804	2.098e-003
6657	0.37449	0.	-0.24851	2.2542e-003
6661	5.6134e-002	0.	-0.22855	8.9837e-003
6665	0.12434	0.	-0.26245	7.0195e-003
6666	0.15518	0.	-0.22343	7.3861e-003
6670	0.39979	0.	-0.48855	7.2891e-004
6671	0.4762	0.	-0.5652	4.7981e-004
6678	-0.17781	0.	-0.32109	4.4213e-003
6679	-0.20967	0.	-0.33033	4.2703e-003
6684	-1.1068	0.	-0.68649	1.6052e-004
6685	-1.1566	0.	-0.5991	1.8612e-004
6690	-0.13199	0.	-0.1084	4.8211e-002
6695	-0.99879	0.	-0.33193	4.8665e-004
6700	0.12231	0.	-0.3318	3.8278e-003
6701	0.17615	0.	-0.26563	5.0943e-003
6707	0.79004	0.	-0.92806	6.9236e-005
6712	-0.16976	0.	-0.60676	5.6842e-004
6722	0.24275	0.	-0.53823	8.8783e-004
6723	0.30241	0.	-0.47027	9.7699e-004
6727	-4.3173e-002	0.	-0.36894	3.1306e-003
6728	-0.11061	0.	-0.41803	2.3849e-003
6729	-0.12923	0.	-0.36045	3.0804e-003
6733	5.4318e-002	0.	-0.36097	3.1847e-003
6735	-1.1114	0.	-0.12836	4.681e-004
6740	0.25868	0.	-0.62439	5.9786e-004
6755	-8.5683e-002	0.	-0.90514	1.0807e-004
6756	-3.7596e-002	0.	-0.78225	2.4604e-004
6769	-0.35158	0.	-7.3382e-002	7.7135e-002
6778	-0.4533	0.	-0.24796	4.8313e-003
6779	-0.41315	0.	-0.34086	3.2059e-003
6786	0.26068	0.	-0.23366	4.3224e-003
6789	-0.18304	0.	-0.45996	1.6679e-003
6790	-0.14418	0.	-0.4036	2.6184e-003
6791	-0.17603	0.	-0.41283	2.2885e-003
6792	-7.6131e-002	0.	-0.47299	1.4506e-003
6797	2.6911e-002	0.	-0.69394	4.1469e-004
6801	-0.42912	0.	-8.5824e-002	1.9308e-002
6806	-1.0932	0.	-0.61968	2.0018e-004
6811	-0.23352	0.	-0.41162	2.3508e-003
6815	-0.19465	0.	-0.35525	3.0689e-003
6817	-1.0175	0.	-0.21091	5.3221e-004
6820	-0.46732	0.	-0.14865	7.8418e-003
6827	7.8409e-003	0.	-7.3023e-002	0.13087
6832	-0.15734	0.	-8.3947e-002	6.6753e-002
6840	2.9716e-002	0.	-0.48639	1.2598e-003
6844	-0.84025	0.	-8.6834e-002	1.1876e-003
1	0.	0.	5.25e-002	0.21067
2	-2.5455e-002	0.	5.25e-002	0.20355
3	-5.0909e-002	0.	5.25e-002	0.1624
4	-7.6364e-002	0.	5.25e-002	0.11787
5	-0.10182	0.	5.25e-002	9.9863e-002
6	-0.12727	0.	5.25e-002	8.9024e-002
7	-0.15273	0.	5.25e-002	8.7761e-002
8	-0.17818	0.	5.25e-002	0.10078
9	-0.20364	0.	5.25e-002	0.1456
10	-0.22909	0.	5.25e-002	0.15643
11	-0.25455	0.	5.25e-002	0.21243
12	-0.28	0.	5.25e-002	0.19938
13	-0.28	0.	3.5e-002	0.28219
23	0.	0.	3.5e-002	0.30069
346	9.0909e-002	0.	0.	0.10166
347	0.18182	0.	0.	1.6261e-002
348	0.27273	0.	0.	6.5522e-003
349	0.36364	0.	0.	3.2881e-003
350	0.45455	0.	0.	1.9938e-003
351	0.54545	0.	0.	1.2402e-003
352	0.63636	0.	0.	8.825e-004
353	0.72727	0.	0.	6.3208e-004
354	0.81818	0.	0.	4.8995e-004
355	0.90909	0.	0.	4.1122e-004
356	-1.1891	0.	0.	4.0891e-004
357	-1.0982	0.	0.	4.8556e-004
358	-1.0073	0.	0.	6.1978e-004
359	-0.91636	0.	0.	8.9338e-004
360	-0.82545	0.	0.	1.2486e-003
361	-0.73455	0.	0.	1.8088e-003
362	-0.64364	0.	0.	2.6452e-003
363	-0.55273	0.	0.	6.6635e-003
364	-0.46182	0.	0.	1.8148e-002
365	-0.37091	0.	0.	9.4941e-002
409	-1.28	0.	9.5682e-002	3.8029e-004
410	-1.28	0.	0.19136	3.5791e-004
411	-1.28	0.	0.28705	3.153e-004
412	-1.28	0.	0.38273	2.7066e-004
413	-1.28	0.	0.47841	2.2447e-004
414	-1.28	0.	0.57409	1.6975e-004
415	-1.28	0.	0.66977	1.3484e-004
416	-1.28	0.	0.76545	8.8675e-005
417	-1.28	0.	0.86114	5.5098e-005
418	-1.28	0.	0.95682	3.2538e-005
424	-1.185	0.	1.0525	2.8429e-005
425	-1.09	0.	1.0525	6.0088e-005
426	-0.995	0.	1.0525	8.2244e-005
427	-0.9	0.	1.0525	1.1048e-004
428	-0.805	0.	1.0525	1.3137e-004
429	-0.71	0.	1.0525	1.5073e-004
430	-0.615	0.	1.0525	1.5614e-004
431	-0.52	0.	1.0525	1.5566e-004
432	-0.425	0.	1.0525	1.3213e-004
433	-0.33	0.	1.0525	1.0637e-004
434	-0.235	0.	1.0525	5.7278e-005
435	-0.14	0.	1.0525	3.1128e-005
436	-4.5e-002	0.	1.0525	5.2757e-005
437	5.e-002	0.	1.0525	1.0791e-004
438	0.145	0.	1.0525	1.4158e-004
439	0.24	0.	1.0525	1.562e-004
440	0.335	0.	1.0525	1.6038e-004
441	0.43	0.	1.0525	1.487e-004
442	0.525	0.	1.0525	1.3136e-004
443	0.62	0.	1.0525	1.0714e-004
444	0.715	0.	1.0525	7.7545e-005
445	0.81	0.	1.0525	5.7551e-005
446	0.905	0.	1.0525	2.7961e-005
452	1.	0.	0.95682	3.1252e-005
453	1.	0.	0.86114	6.6794e-005
454	1.	0.	0.76545	9.61e-005
455	1.	0.	0.66977	1.2972e-004
456	1.	0.	0.57409	1.7221e-004
457	1.	0.	0.47841	2.3185e-004
458	1.	0.	0.38273	2.8263e-004
459	1.	0.	0.28705	3.1397e-004
460	1.	0.	0.19136	3.502e-004
461	1.	0.	9.5682e-002	3.9117e-004
462	0.	0.	0.	0.45793
463	-0.28	0.	0.	0.41322
469	1.	0.	0.	3.904e-004
471	-1.28	0.	0.	3.9332e-004
474	-1.28	0.	1.0525	1.626e-005
475	1.	0.	1.0525	1.5093e-005
476	0.10883	0.	0.55178	8.7906e-004
477	-0.40014	0.	0.56296	7.9152e-004
478	-0.26626	0.	0.29196	6.2159e-003
479	7.9869e-002	0.	0.28723	5.3111e-003
480	-0.85855	0.	0.5039	4.5666e-004
481	0.55343	0.	0.49502	4.842e-004
482	-0.1834	0.	0.16245	2.3299e-002
483	0.31285	0.	0.38999	1.5745e-003
484	-7.1818e-002	0.	0.4275	2.0825e-003
485	-0.10591	0.	0.74	3.1952e-004
486	-0.51488	0.	0.29204	3.0312e-003
487	-0.38619	0.	0.16673	1.6516e-002
488	2.1333e-002	0.	0.17783	2.0872e-002
489	-0.5075	0.	0.8025	2.8653e-004
490	0.21461	0.	0.8015	2.5808e-004
491	-0.13571	0.	0.30456	5.6525e-003
492	0.63035	0.	0.79864	1.7271e-004
493	-0.89952	0.	0.77948	1.8739e-004
494	0.58215	0.	0.33378	7.6318e-004
495	-0.85134	0.	0.36674	6.6011e-004
496	-0.24732	0.	8.7258e-002	0.11491
497	-0.15423	0.	0.12365	4.0052e-002
498	-0.53074	0.	0.54984	8.3528e-004
499	-0.16907	0.	0.46308	1.5704e-003
500	0.35818	0.	0.27265	1.9727e-003
501	0.14514	0.	0.20154	8.479e-003
502	-0.23009	0.	0.74372	3.2829e-004
503	0.44259	0.	0.62226	4.1252e-004
504	-0.72917	0.	0.61114	5.1135e-004
505	-0.7521	0.	0.44476	7.0885e-004
506	-9.1344e-002	0.	0.5185	9.6479e-004
507	-8.8182e-002	0.	0.14972	3.1088e-002
508	0.70667	0.	0.535	2.9485e-004
509	-0.98667	0.	0.535	3.0534e-004
510	-0.75173	0.	0.31787	1.2746e-003
511	-0.35455	0.	0.46917	1.4326e-003
512	-0.65903	0.	0.81338	2.2153e-004
513	0.48173	0.	0.77687	2.2008e-004
514	-0.33693	0.	0.11779	3.3338e-002
515	-1.1069	0.	0.27715	3.9773e-004
516	0.82686	0.	0.27715	3.8378e-004
517	-0.21049	0.	0.615	6.3622e-004
518	-6.2278e-002	0.	0.25418	8.4197e-003
519	7.9118e-002	0.	0.77302	2.6721e-004
520	-0.39273	0.	0.28938	5.5633e-003
521	0.29192	0.	0.59409	6.6039e-004
522	0.19409	0.	0.36842	2.6256e-003
523	-5.7721e-002	0.	0.10801	7.192e-002
524	-1.1236	0.	0.76327	1.0679e-004
525	0.8436	0.	0.76326	1.1072e-004
526	0.10649	0.	0.43101	1.8013e-003
527	-2.2355e-002	0.	0.66216	4.4827e-004
528	2.0566e-002	0.	0.12146	4.9441e-002
529	-0.70737	0.	0.16059	1.8312e-003
530	0.45673	0.	0.11725	1.9612e-003
531	-0.89366	0.	0.12892	9.6899e-004
532	0.59533	0.	0.16114	8.9881e-004
533	-0.32283	0.	0.22649	1.1981e-002
534	-0.11214	0.	0.21326	1.3202e-002
535	-5.0436e-002	0.	0.33171	4.3416e-003
536	-0.42908	0.	0.387	2.0386e-003
537	0.44715	0.	0.37301	1.1183e-003
538	-0.19742	0.	0.115	5.1695e-002
539	-0.27565	0.	0.89678	1.4573e-004
540	-0.31989	0.	0.65667	5.3243e-004
541	-0.55085	0.	0.41165	1.7149e-003
542	-0.21472	0.	0.24329	9.3024e-003
543	-0.12735	0.	8.8324e-002	6.448e-002
544	0.17375	0.	0.6775	4.5588e-004
545	-0.45375	0.	0.6775	4.5176e-004
546	0.82365	0.	0.93241	6.137e-005
547	-1.1031	0.	0.93178	6.035e-005
548	0.33833	0.	0.70682	3.3921e-004
549	0.1029	0.	0.91188	1.62e-004
550	0.32302	0.	0.12522	3.5218e-003
551	-0.21582	0.	0.38123	2.8753e-003
552	-0.37364	0.	0.78167	2.4436e-004
553	0.42058	0.	0.94247	1.6869e-004
554	-0.71857	0.	0.95963	1.5563e-004
555	-0.59542	0.	0.66824	3.9195e-004
556	0.24992	0.	0.22418	3.7175e-003
557	-0.31728	0.	0.37257	2.7861e-003
558	-0.62801	0.	0.29846	1.9485e-003
559	0.215	0.	0.48074	1.2169e-003
560	-1.1481	0.	0.52009	2.1243e-004
561	0.86814	0.	0.52009	2.1141e-004
562	1.2147e-002	0.	0.47718	1.4309e-003
563	8.0602e-002	0.	0.15749	2.1675e-002
564	0.56042	0.	0.92133	1.4159e-004
565	-2.898e-002	0.	0.15512	3.5614e-002
566	0.77309	0.	0.40929	3.3275e-004
567	-1.0531	0.	0.40929	3.3994e-004
568	2.4608e-002	0.	0.36877	3.5525e-003
569	-0.28887	0.	0.5499	1.0595e-003
570	0.74485	0.	0.12974	5.5772e-004
571	-1.0266	0.	0.12773	6.3349e-004
572	-0.87068	0.	0.64014	3.29e-004
573	-0.76146	0.	0.72302	3.0758e-004
574	0.58725	0.	0.65268	2.9972e-004
575	-0.57426	0.	0.93058	1.774e-004
576	-0.42944	0.	0.93843	1.5325e-004
577	0.37978	0.	0.49307	7.9619e-004
578	-0.94118	0.	0.92479	1.0728e-004
579	0.49652	0.	0.25354	1.1679e-003
580	-0.11084	0.	0.63323	5.1613e-004
581	-0.16974	0.	8.6103e-002	7.5075e-002
582	0.16061	0.	0.10461	1.6305e-002
583	8.276e-002	0.	0.10024	4.5148e-002
584	3.3096e-002	0.	6.7569e-002	0.10034
585	0.23375	0.	0.9275	1.7656e-004
586	-0.19545	0.	0.3025	5.1283e-003
587	-0.15557	0.	0.25563	8.08e-003
588	-0.25247	0.	0.46396	1.4948e-003
589	0.68051	0.	0.9235	1.0145e-004
590	-0.45306	0.	0.47469	1.2314e-003
591	-0.15761	0.	0.82854	1.7228e-004
592	-0.6403	0.	0.48794	8.293e-004
593	-6.0455e-002	0.	0.19376	1.8527e-002
594	-1.1781	0.	0.39085	2.8178e-004
595	0.89814	0.	0.39085	2.849e-004
596	-3.892e-003	0.	0.56552	7.7101e-004
597	0.35857	0.	0.8223	2.3225e-004
598	-1.1638	0.	0.16256	4.1233e-004
599	0.88379	0.	0.16256	3.9194e-004
600	-0.47292	0.	0.20903	6.853e-003
601	-0.82104	0.	0.8542	1.6778e-004
602	-0.31282	0.	7.1161e-002	0.11442
603	-0.28489	0.	0.11796	6.0505e-002
604	-0.59187	0.	0.21842	3.2291e-003
605	0.70875	0.	0.6883	1.7184e-004
606	-0.98875	0.	0.6883	1.7766e-004
607	-0.17984	0.	0.91889	9.0232e-005
608	6.402e-002	0.	0.66435	5.4561e-004
609	-0.30411	0.	0.16464	2.1739e-002
610	-1.0836	0.	0.62491	2.0016e-004
611	0.80357	0.	0.6249	1.9483e-004
612	3.8434e-003	0.	0.28163	6.9036e-003
613	-0.39495	0.	6.5573e-002	3.5886e-002
614	-9.4887e-002	0.	9.5987e-002	6.5658e-002
615	5.3084e-002	0.	0.22	1.2742e-002
616	0.91715	0.	0.64989	1.4159e-004
617	-1.1971	0.	0.6499	1.348e-004
618	-0.4692	0.	9.6172e-002	1.1048e-002
619	-0.13546	0.	0.16603	2.5405e-002
620	0.26743	0.	0.31626	2.6365e-003
621	0.17378	0.	0.29008	4.1214e-003
622	-1.2108	0.	0.85205	6.125e-005
623	0.93097	0.	0.85216	6.5236e-005
624	-0.18718	0.	0.54061	8.5555e-004
625	-0.65989	0.	0.39159	1.2161e-003
626	-0.20255	0.	7.8598e-002	0.10505
627	-5.6397e-003	0.	7.9816e-002	0.13649
628	-0.94213	0.	0.41902	4.3955e-004
629	0.66518	0.	0.42128	4.4585e-004
630	-0.26269	0.	0.20713	1.6334e-002
631	-0.83716	0.	0.96872	1.304e-004
632	-2.4623e-002	0.	0.83994	1.7532e-004
633	-0.76641	0.	8.0294e-002	1.6482e-003
634	-0.16282	0.	0.35243	3.5484e-003
635	-0.82192	0.	0.22243	1.0119e-003
636	-2.4152e-002	0.	0.96952	7.1835e-005
637	0.70524	0.	0.29367	5.6183e-004
638	-0.96101	0.	0.28019	6.5643e-004
639	-0.11789	0.	0.12487	3.5994e-002
640	0.23803	0.	0.12047	6.2799e-003
641	-1.1905e-002	0.	0.74543	3.1841e-004
642	-1.0111	0.	0.8179	1.1377e-004
643	0.73703	0.	0.82169	1.0944e-004
644	-0.24035	0.	0.14878	3.1433e-002
645	-1.2155e-002	0.	0.21401	1.3248e-002
646	-2.0909e-002	0.	0.10806	7.6173e-002
647	-4.1136e-002	0.	7.6806e-002	0.14
648	-0.17058	0.	0.20878	1.3524e-002
649	-0.21559	0.	0.194	1.7965e-002
650	0.11345	0.	0.34758	3.213e-003
651	-0.11001	0.	0.35267	3.5228e-003
652	-9.2959e-002	0.	0.30051	6.6868e-003
653	-0.61685	0.	0.13339	3.8094e-003
2024	-1.2727e-002	0.	5.25e-002	0.20077
2025	0.	0.	4.375e-002	0.24383
2027	1.6548e-002	0.	6.0035e-002	0.15432
2028	-2.8198e-003	0.	6.6158e-002	0.17181
2032	-3.8182e-002	0.	5.25e-002	0.18003
2035	-1.5547e-002	0.	6.6158e-002	0.16913
2036	-3.3295e-002	0.	6.4653e-002	0.17051
2039	-6.3636e-002	0.	5.25e-002	0.13876
2042	-4.6023e-002	0.	6.4653e-002	0.15094
2044	-8.9091e-002	0.	5.25e-002	0.1072
2047	-6.7042e-002	0.	8.0253e-002	9.4682e-002
2048	-8.5625e-002	0.	7.4244e-002	9.1196e-002
2049	-5.875e-002	0.	6.4653e-002	0.12646
2052	-0.11455	0.	5.25e-002	9.3423e-002
2055	-0.11459	0.	7.0412e-002	8.1208e-002
2056	-9.8353e-002	0.	7.4244e-002	8.2621e-002
2058	-0.14	0.	5.25e-002	8.688e-002
2061	-0.12731	0.	7.0412e-002	7.6748e-002
2064	-0.16545	0.	5.25e-002	9.3203e-002
2067	-0.14004	0.	7.0412e-002	7.4984e-002
2068	-0.16123	0.	6.9301e-002	8.1046e-002
2071	-0.19091	0.	5.25e-002	0.12092
2074	-0.17396	0.	6.9301e-002	8.7796e-002
2075	-0.19037	0.	6.5549e-002	0.10184
2077	-0.21636	0.	5.25e-002	0.15021
2080	-0.20309	0.	6.5549e-002	0.12514
2082	-0.24182	0.	5.25e-002	0.18141
2085	-0.23821	0.	6.9879e-002	0.13523
2086	-0.21582	0.	6.5549e-002	0.1292
2088	-0.26727	0.	5.25e-002	0.19733
2091	-0.25093	0.	6.9879e-002	0.16284
2093	-0.28	0.	4.375e-002	0.23227
2095	-0.26366	0.	6.9879e-002	0.14596
2096	-0.29641	0.	6.1831e-002	0.15629
2097	-0.28244	0.	8.5228e-002	0.12859
2102	-0.32545	0.	1.75e-002	0.18582
2103	-0.28	0.	1.75e-002	0.34357
2104	-0.29641	0.	5.3081e-002	0.19569
2153	4.5455e-002	0.	1.75e-002	0.19969
2154	0.	0.	1.75e-002	0.37371
2155	1.6548e-002	0.	5.1285e-002	0.19806
4121	0.13636	0.	0.	5.8942e-002
4122	4.5455e-002	0.	0.	0.27945
4123	0.12576	0.	5.2304e-002	5.8623e-002
4124	8.6835e-002	0.	5.0121e-002	7.1101e-002
4125	6.2003e-002	0.	3.3785e-002	9.5986e-002
4139	0.22727	0.	0.	1.1395e-002
4140	0.17121	0.	5.2304e-002	1.5968e-002
4141	0.20992	0.	6.0234e-002	1.1163e-002
4146	0.31818	0.	0.	4.9066e-003
4147	0.29787	0.	6.2609e-002	4.9691e-003
4148	0.25538	0.	6.0234e-002	6.2839e-003
4157	0.40909	0.	0.	2.6368e-003
4158	0.41018	0.	5.8627e-002	2.6145e-003
4159	0.34333	0.	6.2609e-002	3.3681e-003
4166	0.5	0.	0.	1.6156e-003
4167	0.45564	0.	5.8627e-002	1.9623e-003
4171	0.59091	0.	0.	1.0609e-003
4172	0.50109	0.	5.8627e-002	1.5944e-003
4173	0.57039	0.	8.057e-002	1.0647e-003
4178	0.68182	0.	0.	7.5657e-004
4179	0.61585	0.	8.057e-002	8.8387e-004
4180	0.69061	0.	6.4868e-002	7.1939e-004
4187	0.77273	0.	0.	5.6067e-004
4188	0.73606	0.	6.4868e-002	5.9295e-004
4191	0.86364	0.	0.	4.5045e-004
4192	0.78151	0.	6.4868e-002	5.2324e-004
4193	0.85098	0.	8.1278e-002	4.4083e-004
4199	0.95455	0.	4.7841e-002	4.0118e-004
4200	0.95455	0.	0.	4.0079e-004
4201	0.89644	0.	8.1278e-002	4.0133e-004
4206	-1.1436	0.	0.	4.4702e-004
4207	-1.2345	0.	4.7841e-002	3.9457e-004
4208	-1.2345	0.	0.	4.0111e-004
4209	-1.1764	0.	8.1278e-002	4.1035e-004
4214	-1.0527	0.	0.	5.5232e-004
4215	-1.0624	0.	6.3866e-002	5.5888e-004
4216	-1.131	0.	8.1278e-002	4.4883e-004
4225	-0.96182	0.	0.	7.5592e-004
4226	-1.0169	0.	6.3866e-002	6.2497e-004
4232	-0.87091	0.	0.	1.071e-003
4233	-0.90501	0.	6.4458e-002	9.2817e-004
4234	-0.97147	0.	6.3866e-002	7.6277e-004
4239	-0.78	0.	0.	1.5276e-003
4240	-0.85955	0.	6.4458e-002	1.1056e-003
4241	-0.79593	0.	4.0147e-002	1.4469e-003
4247	-0.68909	0.	0.	2.2224e-003
4248	-0.75048	0.	4.0147e-002	1.7241e-003
4252	-0.59818	0.	0.	4.6531e-003
4253	-0.67551	0.	8.0294e-002	2.2124e-003
4254	-0.70503	0.	4.0147e-002	2.1463e-003
4255	-0.63024	0.	6.6694e-002	3.199e-003
4261	-0.50727	0.	0.	1.2405e-002
4262	-0.51097	0.	4.8086e-002	8.7577e-003
4263	-0.58479	0.	6.6694e-002	5.2032e-003
4270	-0.41636	0.	0.	5.6537e-002
4271	-0.42838	0.	3.2786e-002	2.6558e-002
4272	-0.46551	0.	4.8086e-002	1.445e-002
4279	-0.32545	0.	0.	0.25247
4280	-0.34186	0.	3.5581e-002	9.755e-002
4281	-0.38293	0.	3.2786e-002	6.4433e-002
4532	-1.28	0.	0.14352	3.6904e-004
4533	-1.28	0.	4.7841e-002	3.8676e-004
4534	-1.2219	0.	0.12912	3.9619e-004
4538	-1.28	0.	0.2392	3.3653e-004
4539	-1.1934	0.	0.23426	3.7675e-004
4540	-1.2219	0.	0.17696	3.8507e-004
4542	-1.28	0.	0.33489	2.9297e-004
4543	-1.1934	0.	0.2821	3.56e-004
4544	-1.2291	0.	0.33895	2.9824e-004
4548	-1.28	0.	0.43057	2.4752e-004
4549	-1.2291	0.	0.38679	2.7588e-004
4553	-1.28	0.	0.52625	1.971e-004
4554	-1.2141	0.	0.49925	2.1748e-004
4555	-1.2291	0.	0.43463	2.5301e-004
4559	-1.28	0.	0.62193	1.5229e-004
4560	-1.2141	0.	0.54709	1.9011e-004
4561	-1.2386	0.	0.61199	1.52e-004
4563	-1.28	0.	0.71761	1.1159e-004
4564	-1.2386	0.	0.65984	1.3453e-004
4567	-1.28	0.	0.8133	7.1869e-005
4568	-1.2018	0.	0.76436	9.5652e-005
4569	-1.2386	0.	0.70768	1.1173e-004
4570	-1.2454	0.	0.80875	7.4554e-005
4574	-1.28	0.	0.90898	4.3102e-005
4575	-1.2454	0.	0.85659	5.7694e-005
4578	-1.2325	0.	1.0047	2.9515e-005
4579	-1.28	0.	1.0047	2.4245e-005
4580	-1.1916	0.	0.9443	4.4817e-005
4581	-1.2454	0.	0.90443	4.6809e-005
4611	-1.1375	0.	1.0525	4.3795e-005
4612	-1.2325	0.	1.0525	2.2159e-005
4613	-1.1441	0.	0.99214	4.4376e-005
4616	-1.0425	0.	1.0525	7.1128e-005
4617	-1.0966	0.	0.99214	5.9709e-005
4620	-0.9475	0.	1.0525	9.6344e-005
4621	-1.0491	0.	0.99214	7.0371e-005
4622	-0.96809	0.	0.98865	9.4376e-005
4624	-0.8525	0.	1.0525	1.209e-004
4625	-0.92059	0.	0.98865	1.0828e-004
4626	-0.86858	0.	1.0106	1.204e-004
4630	-0.7575	0.	1.0525	1.4102e-004
4631	-0.76179	0.	1.0061	1.435e-004
4632	-0.82108	0.	1.0106	1.3076e-004
4636	-0.6625	0.	1.0525	1.5342e-004
4637	-0.71429	0.	1.0061	1.5311e-004
4639	-0.5675	0.	1.0525	1.5583e-004
4640	-0.66679	0.	1.0061	1.5574e-004
4641	-0.59463	0.	0.99154	1.6675e-004
4644	-0.4725	0.	1.0525	1.4385e-004
4645	-0.54713	0.	0.99154	1.6649e-004
4646	-0.47472	0.	0.99547	1.5394e-004
4650	-0.3775	0.	1.0525	1.1907e-004
4651	-0.42722	0.	0.99547	1.4243e-004
4653	-0.2825	0.	1.0525	8.0141e-005
4654	-0.30283	0.	0.97464	1.2298e-004
4655	-0.37972	0.	0.99547	1.298e-004
4659	-0.1875	0.	1.0525	3.6146e-005
4660	-0.25533	0.	0.97464	1.015e-004
4661	-0.20742	0.	0.98569	7.0857e-005
4666	-9.25e-002	0.	1.0525	3.8012e-005
4667	-0.15992	0.	0.98569	5.7769e-005
4668	-8.2076e-002	0.	1.011	4.932e-005
4671	2.5e-003	0.	1.0525	8.0295e-005
4672	-3.4576e-002	0.	1.011	6.1682e-005
4675	9.75e-002	0.	1.0525	1.242e-004
4676	7.6449e-002	0.	0.98219	1.3493e-004
4677	1.2924e-002	0.	1.011	8.873e-005
4681	0.1925	0.	1.0525	1.4884e-004
4682	0.12395	0.	0.98219	1.5087e-004
4683	0.18937	0.	0.99	1.5906e-004
4685	0.2875	0.	1.0525	1.5825e-004
4686	0.23687	0.	0.99	1.6636e-004
4690	0.3825	0.	1.0525	1.5451e-004
4691	0.37779	0.	0.99748	1.6429e-004
4692	0.28438	0.	0.99	1.6832e-004
4696	0.4775	0.	1.0525	1.4001e-004
4697	0.42529	0.	0.99748	1.586e-004
4701	0.5725	0.	1.0525	1.1909e-004
4702	0.47279	0.	0.99748	1.4997e-004
4703	0.54271	0.	0.98691	1.3607e-004
4705	0.6675	0.	1.0525	9.2333e-005
4706	0.59021	0.	0.98691	1.2432e-004
4707	0.65026	0.	0.988	1.0377e-004
4712	0.7625	0.	1.0525	6.751e-005
4713	0.76933	0.	0.99246	6.8174e-005
4714	0.69776	0.	0.988	8.8968e-005
4716	0.8575	0.	1.0525	4.2368e-005
4717	0.81683	0.	0.99246	5.8697e-005
4721	0.9525	0.	1.0047	2.8549e-005
4722	0.9525	0.	1.0525	2.1334e-005
4723	0.86433	0.	0.99246	4.4653e-005
4753	1.	0.	0.90898	4.835e-005
4754	1.	0.	1.0047	2.3006e-005
4755	0.91183	0.	0.94461	4.4988e-005
4756	0.96549	0.	0.90449	4.82e-005
4759	1.	0.	0.8133	8.1426e-005
4760	0.96549	0.	0.85665	6.5423e-005
4764	1.	0.	0.71761	1.1287e-004
4765	0.9218	0.	0.76436	1.0211e-004
4766	0.95858	0.	0.70767	1.1883e-004
4767	0.96549	0.	0.80881	8.0183e-005
4770	1.	0.	0.62193	1.5094e-004
4771	0.95858	0.	0.65983	1.3554e-004
4777	1.	0.	0.52625	2.0202e-004
4778	0.93407	0.	0.54709	1.9112e-004
4779	0.95858	0.	0.61199	1.5664e-004
4781	1.	0.	0.43057	2.5718e-004
4782	0.93407	0.	0.49925	2.209e-004
4783	0.94907	0.	0.43463	2.5829e-004
4788	1.	0.	0.33489	2.9829e-004
4789	0.94907	0.	0.38679	2.8351e-004
4793	1.	0.	0.2392	3.3205e-004
4794	0.91343	0.	0.2821	3.4791e-004
4795	0.94907	0.	0.33895	2.9909e-004
4799	1.	0.	0.14352	3.7064e-004
4800	0.91343	0.	0.23426	3.6557e-004
4801	0.94189	0.	0.17696	3.71e-004
4805	1.	0.	4.7841e-002	3.9074e-004
4806	0.94189	0.	0.12912	3.9143e-004
4835	0.20038	0.	0.57294	7.4742e-004
4836	0.10766	0.	0.4914	1.3354e-003
4837	0.14129	0.	0.61464	6.6661e-004
4838	0.16192	0.	0.51626	1.021e-003
4839	6.049e-002	0.	0.51448	1.1381e-003
4840	5.2471e-002	0.	0.55865	7.9905e-004
4841	8.6427e-002	0.	0.60807	7.0431e-004
4845	-0.46544	0.	0.5564	7.9862e-004
4846	-0.37734	0.	0.51606	1.1089e-003
4847	-0.36001	0.	0.60981	6.527e-004
4848	-0.42695	0.	0.62023	6.2119e-004
4849	-0.34451	0.	0.55643	9.0313e-004
4850	-0.4266	0.	0.51882	1.0023e-003
4854	-0.3295	0.	0.29067	5.5518e-003
4855	-0.29455	0.	0.25923	8.8695e-003
4856	-0.24049	0.	0.26762	7.6348e-003
4857	-0.24104	0.	0.33659	4.439e-003
4858	-0.29177	0.	0.33226	4.4804e-003
4859	-0.23086	0.	0.29723	5.374e-003
4860	-0.26448	0.	0.24955	1.1228e-002
4865	0.11251	0.	0.24438	6.7523e-003
4866	5.2239e-002	0.	0.328	4.3045e-003
4867	4.1856e-002	0.	0.28443	5.9174e-003
4868	6.6477e-002	0.	0.25361	9.0241e-003
4869	0.12682	0.	0.28865	4.6671e-003
4870	9.666e-002	0.	0.3174	4.2612e-003
4874	-0.85494	0.	0.43532	5.5567e-004
4875	-0.79386	0.	0.55752	4.8034e-004
4876	-0.80533	0.	0.47433	5.8229e-004
4877	-0.92261	0.	0.51945	3.7997e-004
4878	-0.86462	0.	0.57202	3.9219e-004
4879	-0.90034	0.	0.46146	4.4527e-004
4882	0.56779	0.	0.4144	6.1876e-004
4883	0.49801	0.	0.55864	4.423e-004
4884	0.63005	0.	0.51501	3.8763e-004
4885	0.50029	0.	0.43402	8.0123e-004
4886	0.57034	0.	0.57385	3.9096e-004
4887	0.4666	0.	0.49405	6.3426e-004
4888	0.60931	0.	0.45815	4.6113e-004
4894	-0.16882	0.	0.14305	3.1567e-002
4895	-0.19041	0.	0.13873	3.6951e-002
4896	-0.15943	0.	0.16424	2.3823e-002
4897	-0.21188	0.	0.15562	2.5629e-002
4898	-0.17699	0.	0.18562	1.8271e-002
4899	-0.1995	0.	0.17823	2.032e-002
4903	0.33552	0.	0.33132	1.7439e-003
4904	0.25347	0.	0.3792	2.0892e-003
4905	0.38	0.	0.3815	1.3352e-003
4906	0.26393	0.	0.43536	1.3767e-003
4907	0.34632	0.	0.44153	1.1853e-003
4908	0.29014	0.	0.35312	2.1051e-003
4912	-0.12044	0.	0.44529	1.7067e-003
4913	-8.1581e-002	0.	0.473	1.5187e-003
4914	-6.1127e-002	0.	0.37961	3.2036e-003
4915	-2.9836e-002	0.	0.45234	1.7258e-003
4916	-2.3605e-002	0.	0.39813	2.6962e-003
4917	-9.0915e-002	0.	0.39009	2.7843e-003
4922	-0.168	0.	0.74186	3.0235e-004
4923	-6.4132e-002	0.	0.70108	3.7923e-004
4924	-0.10838	0.	0.68661	4.1515e-004
4925	-0.13176	0.	0.78427	2.3656e-004
4926	-6.5266e-002	0.	0.78997	2.4508e-004
4927	-5.8907e-002	0.	0.74271	3.097e-004
4931	-0.4538	0.	0.29071	4.2359e-003
4932	-0.47198	0.	0.33952	2.4788e-003
4933	-0.53286	0.	0.35184	2.3663e-003
4934	-0.57144	0.	0.29525	2.474e-003
4935	-0.4939	0.	0.25053	4.9273e-003
4936	-0.55337	0.	0.25523	3.0926e-003
4940	-0.36156	0.	0.14226	2.487e-002
4941	-0.38946	0.	0.22805	1.088e-002
4942	-0.35451	0.	0.19661	1.3629e-002
4943	-0.42955	0.	0.18788	1.1664e-002
4944	-0.34515	0.	0.16568	1.8579e-002
4945	-0.39057	0.	0.11615	2.5636e-002
4946	-0.4277	0.	0.13145	1.33e-002
4950	2.0949e-002	0.	0.14965	3.4932e-002
4951	5.0967e-002	0.	0.16766	2.0907e-002
4952	-3.8238e-003	0.	0.16648	2.7991e-002
4953	3.7208e-002	0.	0.19892	1.6771e-002
4954	4.5887e-003	0.	0.19592	1.686e-002
4956	-0.58326	0.	0.80794	2.5219e-004
4957	-0.48063	0.	0.74	3.686e-004
4958	-0.44057	0.	0.79208	2.61e-004
4959	-0.55146	0.	0.73537	3.3596e-004
4960	-0.54088	0.	0.86654	2.3171e-004
4961	-0.46847	0.	0.87047	2.1954e-004
4966	0.14686	0.	0.78726	2.5737e-004
4967	0.19418	0.	0.7395	3.5639e-004
4968	0.27647	0.	0.75416	2.9543e-004
4969	0.15875	0.	0.85669	2.0909e-004
4970	0.22418	0.	0.8645	2.1725e-004
4971	0.28659	0.	0.8119	2.4399e-004
4975	-0.16558	0.	0.30353	5.1983e-003
4976	-0.14564	0.	0.28009	6.8197e-003
4977	-0.14926	0.	0.3285	4.5249e-003
4978	-0.12286	0.	0.32862	4.5737e-003
4979	-0.11433	0.	0.30253	6.1054e-003
4983	0.55604	0.	0.78775	1.9526e-004
4984	0.59538	0.	0.85998	1.5515e-004
4985	0.6088	0.	0.72566	2.361e-004
4986	0.65543	0.	0.86107	1.3658e-004
4987	0.66955	0.	0.74347	1.7048e-004
4988	0.68369	0.	0.81016	1.4054e-004
4993	-0.8851	0.	0.70981	2.5766e-004
4994	-0.83049	0.	0.75125	2.4703e-004
4995	-0.92035	0.	0.85213	1.466e-004
4996	-0.86028	0.	0.81684	1.7632e-004
4997	-0.94413	0.	0.73389	1.8102e-004
4998	-0.95532	0.	0.79869	1.5045e-004
5002	0.58874	0.	0.24746	8.2274e-004
5003	0.51465	0.	0.3534	9.3238e-004
5004	0.53933	0.	0.29366	9.6495e-004
5005	0.62366	0.	0.37753	6.0422e-004
5006	0.64369	0.	0.31373	6.6011e-004
5010	-0.80172	0.	0.40575	6.7951e-004
5011	-0.80154	0.	0.3423	9.6619e-004
5012	-0.89673	0.	0.39288	5.4973e-004
5013	-0.83663	0.	0.29458	8.321e-004
5014	-0.90617	0.	0.32346	6.5342e-004
5018	-0.22237	0.	0.10113	8.1589e-002
5019	-0.26611	0.	0.10261	8.5725e-002
5020	-0.22494	0.	8.2928e-002	0.10699
5021	-0.24384	0.	0.11802	7.3121e-002
5027	-0.17583	0.	0.11932	4.4235e-002
5028	-0.14079	0.	0.10599	5.1138e-002
5029	-0.16198	0.	0.10488	5.7479e-002
5030	-0.14485	0.	0.14484	3.2487e-002
5031	-0.13606	0.	0.12426	3.634e-002
5035	-0.5408	0.	0.48074	1.2664e-003
5036	-0.49224	0.	0.61367	6.3572e-004
5037	-0.56308	0.	0.60904	6.1336e-004
5038	-0.4919	0.	0.51226	1.0311e-003
5039	-0.58552	0.	0.51889	8.2275e-004
5044	-0.13021	0.	0.49079	1.2207e-003
5045	-0.19244	0.	0.42216	2.1859e-003
5046	-0.21077	0.	0.46352	1.4745e-003
5047	-0.17812	0.	0.50185	1.2099e-003
5048	-0.16594	0.	0.40776	2.5591e-003
5049	-0.13954	0.	0.40788	2.4794e-003
5054	0.40746	0.	0.19495	1.9132e-003
5055	0.40267	0.	0.32283	1.5428e-003
5056	0.3406	0.	0.19893	2.7139e-003
5057	0.30405	0.	0.24842	2.8397e-003
5058	0.42735	0.	0.2631	1.5632e-003
5059	0.31281	0.	0.29445	2.2722e-003
5063	0.19753	0.	0.21286	6.0574e-003
5064	0.11287	0.	0.17951	1.505e-002
5065	0.15287	0.	0.15307	1.2032e-002
5066	9.9112e-002	0.	0.21077	1.0418e-002
5067	0.15946	0.	0.24581	6.2838e-003
5068	0.19159	0.	0.161	7.0544e-003
5072	-0.22029	0.	0.67936	4.822e-004
5073	-0.25287	0.	0.82025	2.3107e-004
5074	-0.27499	0.	0.70019	4.1616e-004
5075	-0.30186	0.	0.76269	2.7091e-004
5076	-0.17047	0.	0.68847	4.0962e-004
5077	-0.19385	0.	0.78613	2.4962e-004
5081	0.46216	0.	0.69957	3.1596e-004
5082	0.36725	0.	0.60818	5.3253e-004
5083	0.39046	0.	0.66454	3.7332e-004
5084	0.51492	0.	0.63747	3.5467e-004
5085	0.41118	0.	0.55767	6.042e-004
5088	-0.74064	0.	0.52795	6.0746e-004
5089	-0.66229	0.	0.63969	4.45e-004
5090	-0.79993	0.	0.62564	4.1921e-004
5091	-0.74531	0.	0.66708	4.0877e-004
5092	-0.68473	0.	0.54954	6.6945e-004
5096	-0.75192	0.	0.38131	9.8944e-004
5097	-0.6962	0.	0.46635	7.6089e-004
5098	-0.706	0.	0.41818	9.6117e-004
5103	-3.9599e-002	0.	0.49784	1.1537e-003
5104	-0.10109	0.	0.57586	7.3367e-004
5105	-4.7618e-002	0.	0.54201	8.5062e-004
5106	-0.13926	0.	0.52956	8.5372e-004
5111	-7.2951e-002	0.	0.12886	5.0967e-002
5112	-0.10016	0.	0.18149	2.1853e-002
5113	-5.8581e-002	0.	0.15242	3.1776e-002
5114	-7.4318e-002	0.	0.17174	2.472e-002
5115	-9.1535e-002	0.	0.12285	4.8358e-002
5116	-0.11182	0.	0.15788	2.6688e-002
5117	-0.10303	0.	0.1373	3.312e-002
5120	0.7874	0.	0.52755	2.4988e-004
5121	0.73988	0.	0.47214	3.1218e-004
5122	0.64696	0.	0.59384	2.9281e-004
5123	0.70771	0.	0.61165	2.3295e-004
5124	0.75512	0.	0.57995	2.446e-004
5125	0.68592	0.	0.47814	3.7017e-004
5129	-1.0674	0.	0.52755	2.5516e-004
5130	-1.0199	0.	0.47214	3.1946e-004
5131	-0.92868	0.	0.58757	3.1478e-004
5132	-0.98771	0.	0.61165	2.4108e-004
5133	-1.0351	0.	0.57996	2.5246e-004
5134	-0.9644	0.	0.47701	3.7218e-004
5138	-0.72955	0.	0.23923	1.5377e-003
5139	-0.68987	0.	0.30816	1.6077e-003
5140	-0.70581	0.	0.35473	1.236e-003
5141	-0.78683	0.	0.27015	1.1306e-003
5146	-0.39181	0.	0.42808	1.6838e-003
5147	-0.33591	0.	0.42087	2.1051e-003
5148	-0.32171	0.	0.50953	1.2303e-003
5149	-0.30351	0.	0.46656	1.4314e-003
5150	-0.4038	0.	0.47193	1.3057e-003
5153	-0.6888	0.	0.8865	1.8853e-004
5154	-0.62722	0.	0.74081	3.0662e-004
5155	-0.71024	0.	0.7682	2.6219e-004
5156	-0.61664	0.	0.87198	1.9893e-004
5157	-0.74003	0.	0.83379	1.941e-004
5161	0.41003	0.	0.74184	2.7901e-004
5162	0.45115	0.	0.85967	1.934e-004
5163	0.52108	0.	0.8491	1.806e-004
5164	0.53449	0.	0.71478	2.5741e-004
5165	0.42015	0.	0.79958	2.2456e-004
5169	-0.32487	0.	9.4476e-002	7.3582e-002
5170	-0.31091	0.	0.11787	4.641e-002
5171	-0.32052	0.	0.14121	2.7135e-002
5172	-0.36594	0.	9.1682e-002	3.3179e-002
5177	-1.08	0.	0.34322	3.6738e-004
5178	-1.0667	0.	0.20244	5.1534e-004
5179	-1.1425	0.	0.334	3.3972e-004
5180	-1.1353	0.	0.21985	4.0419e-004
5181	-1.0339	0.	0.27867	5.2521e-004
5186	0.79998	0.	0.34322	3.5667e-004
5187	0.78586	0.	0.20344	4.6988e-004
5188	0.8625	0.	0.334	3.3416e-004
5189	0.85533	0.	0.21985	3.8676e-004
5190	0.76605	0.	0.28541	4.7129e-004
5195	-0.26519	0.	0.63583	5.6618e-004
5196	-0.24968	0.	0.58245	8.3221e-004
5197	-0.16067	0.	0.62411	5.5609e-004
5198	-0.19884	0.	0.57781	7.4485e-004
5200	-8.7208e-002	0.	0.23372	1.0551e-002
5201	-5.6357e-002	0.	0.29295	6.3761e-003
5202	-6.1367e-002	0.	0.22397	1.346e-002
5203	-2.9217e-002	0.	0.26791	7.534e-003
5204	-3.7217e-002	0.	0.23409	1.0526e-002
5205	-7.7619e-002	0.	0.27734	7.4439e-003
5209	0.12643	0.	0.72526	3.5796e-004
5210	9.1008e-002	0.	0.84245	2.1351e-004
5211	7.1569e-002	0.	0.71869	4.0585e-004
5212	2.7247e-002	0.	0.80648	2.1539e-004
5213	3.3606e-002	0.	0.75923	2.8998e-004
5217	-0.35778	0.	0.25793	8.7306e-003
5218	-0.41091	0.	0.33819	3.7988e-003
5219	-0.355	0.	0.33097	4.0708e-003
5220	-0.43282	0.	0.2492	6.0118e-003
5224	0.23284	0.	0.63579	5.476e-004
5225	0.31513	0.	0.65045	4.9977e-004
5226	0.25346	0.	0.53741	9.3855e-004
5227	0.33585	0.	0.54358	7.2035e-004
5232	0.15029	0.	0.39971	2.1681e-003
5233	0.20454	0.	0.42458	1.918e-003
5234	0.23076	0.	0.34234	2.6121e-003
5235	0.18393	0.	0.32925	3.3694e-003
5236	0.15377	0.	0.358	2.9014e-003
5240	-4.3351e-002	0.	0.13156	5.3217e-002
5241	-7.6304e-002	0.	0.102	6.7626e-002
5242	-3.9315e-002	0.	0.10803	7.281e-002
5243	-4.9429e-002	0.	9.2406e-002	0.10515
5246	-1.1133	0.	0.84752	8.144e-005
5247	-1.0562	0.	0.72578	1.4183e-004
5248	-1.1036	0.	0.69409	1.5339e-004
5249	-1.1604	0.	0.70659	1.1849e-004
5250	-1.1672	0.	0.80766	8.362e-005
5251	-1.0673	0.	0.79059	1.0883e-004
5256	0.83363	0.	0.84784	8.3598e-005
5257	0.77618	0.	0.72578	1.405e-004
5258	0.82358	0.	0.69408	1.5272e-004
5259	0.88038	0.	0.70657	1.2485e-004
5260	0.88729	0.	0.80771	8.7877e-005
5261	0.79032	0.	0.79247	1.0857e-004
5265	0.16075	0.	0.45587	1.4939e-003
5266	5.9319e-002	0.	0.45409	1.5626e-003
5267	6.555e-002	0.	0.39989	2.6517e-003
5268	0.10997	0.	0.38929	2.4929e-003
5274	-6.6599e-002	0.	0.64769	4.6447e-004
5275	-1.3123e-002	0.	0.61384	6.0812e-004
5276	2.0833e-002	0.	0.66326	4.8979e-004
5277	-1.713e-002	0.	0.70379	3.8204e-004
5280	5.0584e-002	0.	0.13948	3.5488e-002
5281	-4.2073e-003	0.	0.13829	4.1226e-002
5282	5.1663e-002	0.	0.11085	4.5522e-002
5283	2.6831e-002	0.	9.4517e-002	7.3142e-002
5284	7.4631e-003	0.	0.10064	9.288e-002
5285	-1.7163e-004	0.	0.11476	6.1367e-002
5290	-0.66769	0.	0.22952	1.852e-003
5291	-0.64962	0.	0.1895	2.5014e-003
5292	-0.73689	0.	0.12044	1.7235e-003
5293	-0.76465	0.	0.19151	1.4209e-003
5294	-0.66211	0.	0.14699	2.8191e-003
5299	0.52603	0.	0.1392	1.4289e-003
5300	0.38987	0.	0.12124	2.7315e-003
5301	0.47662	0.	0.1854	1.5482e-003
5309	-0.96011	0.	0.12832	8.0056e-004
5310	-0.83003	0.	0.1046	1.3072e-003
5311	-0.85779	0.	0.17567	9.8406e-004
5312	-0.92733	0.	0.20455	8.0929e-004
5314	0.67009	0.	0.14544	7.2592e-004
5315	0.54592	0.	0.20734	1.0252e-003
5316	0.65028	0.	0.2274	7.2925e-004
5320	-0.31347	0.	0.19556	1.6825e-002
5321	-0.29276	0.	0.21681	1.4023e-002
5326	-0.13385	0.	0.23444	1.043e-002
5327	-8.6297e-002	0.	0.20351	1.5328e-002
5328	-0.1238	0.	0.18965	1.9088e-002
5329	-0.14136	0.	0.21102	1.298e-002
5330	-0.10255	0.	0.25688	9.9304e-003
5333	-1.2914e-002	0.	0.35024	3.846e-003
5334	-2.3296e-002	0.	0.30667	5.4928e-003
5335	-8.0224e-002	0.	0.34219	3.8579e-003
5336	-7.1697e-002	0.	0.31611	5.4651e-003
5339	-0.48997	0.	0.39932	1.8592e-003
5340	-0.37318	0.	0.37978	2.3656e-003
5341	-0.44107	0.	0.43084	1.6324e-003
5345	0.41346	0.	0.43304	9.4877e-004
5346	0.47183	0.	0.31327	1.1286e-003
5352	-0.18358	0.	0.10055	6.1977e-002
5353	-0.19999	0.	9.6799e-002	7.8347e-002
5354	-0.21889	0.	0.13189	4.0945e-002
5358	-0.32465	0.	0.83922	1.9429e-004
5359	-0.35254	0.	0.91761	1.4594e-004
5360	-0.21663	0.	0.86266	1.5099e-004
5361	-0.22775	0.	0.90783	1.137e-004
5365	-0.38682	0.	0.66708	4.8209e-004
5366	-0.34676	0.	0.71917	3.8762e-004
5367	-0.30438	0.	0.60328	7.9501e-004
5372	-0.58943	0.	0.35506	1.7975e-003
5373	-0.50196	0.	0.44317	1.4483e-003
5374	-0.59558	0.	0.44979	1.2716e-003
5375	-0.60537	0.	0.40162	1.4551e-003
5379	-0.20509	0.	0.27289	7.1461e-003
5380	-0.18514	0.	0.24946	8.3256e-003
5381	-0.2387	0.	0.22521	1.235e-002
5382	-0.19265	0.	0.22603	1.1048e-002
5383	-0.21515	0.	0.21864	1.3622e-002
5388	-0.14854	0.	8.7214e-002	6.7262e-002
5389	-0.11112	0.	9.2156e-002	6.355e-002
5390	-0.12262	0.	0.1066	5.0068e-002
5394	0.25604	0.	0.69216	3.8936e-004
5395	0.11889	0.	0.67093	4.9105e-004
5401	-0.41369	0.	0.72958	3.4519e-004
5402	-0.52458	0.	0.67287	4.1398e-004
5405	0.75208	0.	0.92796	8.1135e-005
5406	0.87731	0.	0.89229	6.0534e-005
5407	0.78034	0.	0.87705	8.5122e-005
5413	-1.0221	0.	0.92828	8.3611e-005
5414	-1.157	0.	0.89191	5.737e-005
5415	-1.0571	0.	0.87484	8.6839e-005
5420	0.34845	0.	0.76456	2.8538e-004
5425	0.16832	0.	0.91969	1.6812e-004
5426	3.9138e-002	0.	0.87591	1.5901e-004
5427	3.9373e-002	0.	0.9407	1.1586e-004
5431	0.28647	0.	0.1747	3.5267e-003
5432	0.28052	0.	0.12284	4.8926e-003
5435	-0.26655	0.	0.3769	2.6721e-003
5436	-0.20564	0.	0.34186	3.9856e-003
5437	-0.23415	0.	0.42259	2.1777e-003
5438	-0.18932	0.	0.36683	3.1639e-003
5442	-0.40154	0.	0.86005	1.9722e-004
5447	0.4905	0.	0.9319	1.5495e-004
5448	0.32716	0.	0.93498	1.7183e-004
5449	0.38957	0.	0.88238	2.0041e-004
5453	-0.64642	0.	0.9451	1.663e-004
5454	-0.76981	0.	0.90691	1.6088e-004
5455	-0.77786	0.	0.96418	1.4294e-004
5459	-0.67844	0.	0.69563	3.4755e-004
5460	-0.61786	0.	0.57809	6.0675e-004
5466	0.25868	0.	0.27022	3.16e-003
5467	0.21185	0.	0.25713	3.8503e-003
5468	0.24398	0.	0.17232	4.9248e-003
5472	-0.28488	0.	0.41826	2.0799e-003
5477	-0.60994	0.	0.25844	2.5819e-003
5478	-0.64395	0.	0.34503	1.5774e-003
5481	0.29739	0.	0.4869	9.9396e-004
5485	-1.1006	0.	0.46469	2.7604e-004
5486	-1.1631	0.	0.45547	2.4659e-004
5487	-1.1158	0.	0.5725	2.047e-004
5488	-1.1726	0.	0.58499	1.7346e-004
5493	0.82061	0.	0.46469	2.7159e-004
5494	0.88314	0.	0.45547	2.4768e-004
5495	0.83585	0.	0.5725	2.0169e-004
5496	0.89264	0.	0.58499	1.7642e-004
5501	1.8377e-002	0.	0.42297	2.4783e-003
5502	4.1273e-003	0.	0.52135	1.098e-003
5506	0.1206	0.	0.13105	1.8045e-002
5507	8.1681e-002	0.	0.12887	3.2759e-002
5508	6.6843e-002	0.	0.18874	1.7069e-002
5512	0.62047	0.	0.92241	1.2119e-004
5516	-4.4718e-002	0.	0.17444	2.6467e-002
5517	-2.0568e-002	0.	0.18456	2.4427e-002
5518	-2.4945e-002	0.	0.13159	5.586e-002
5522	0.83562	0.	0.40007	3.0648e-004
5523	0.71914	0.	0.41528	3.8796e-004
5524	0.73916	0.	0.35148	4.4725e-004
5528	-1.1156	0.	0.40007	3.0938e-004
5529	-0.99761	0.	0.41415	3.8774e-004
5530	-1.007	0.	0.34474	4.9816e-004
5535	1.4226e-002	0.	0.3252	5.227e-003
5536	6.9029e-002	0.	0.35817	3.2775e-003
5542	-0.27067	0.	0.50693	1.2756e-003
5543	-0.23803	0.	0.54525	9.2764e-004
5547	0.81432	0.	0.14615	4.7443e-004
5548	0.72504	0.	0.2117	5.5477e-004
5555	-1.0952	0.	0.14514	5.2258e-004
5556	-0.99379	0.	0.20396	6.4058e-004
5560	-0.81607	0.	0.68158	3.1565e-004
5561	-0.92972	0.	0.66422	2.5289e-004
5565	-0.79125	0.	0.78861	2.373e-004
5570	0.648	0.	0.67049	2.3438e-004
5575	-0.50185	0.	0.93451	1.6446e-004
5588	-0.88111	0.	0.88949	1.375e-004
5589	-0.88917	0.	0.94676	1.1842e-004
5590	-0.97615	0.	0.87135	1.0934e-004
5596	-5.7367e-002	0.	0.59938	6.0753e-004
5597	-0.14901	0.	0.58692	6.713e-004
5601	-0.18614	0.	8.235e-002	8.8346e-002
5607	0.12168	0.	0.10243	3.0573e-002
5608	0.19932	0.	0.11254	1.1281e-002
5613	5.7928e-002	0.	8.3906e-002	7.2656e-002
5619	1.3728e-002	0.	7.3693e-002	0.11396
5625	0.29616	0.	0.8749	2.0377e-004
5629	-0.17551	0.	0.27906	6.5326e-003
5630	-0.17914	0.	0.32747	4.3232e-003
5633	-0.16307	0.	0.2322	1.0796e-002
5634	-0.12426	0.	0.27807	7.1361e-003
5638	-0.21983	0.	0.50228	1.1528e-003
5641	0.70877	0.	0.87259	1.0398e-004
5647	-0.16873	0.	0.87371	1.3107e-004
5648	-9.1118e-002	0.	0.83424	1.5769e-004
5653	-0.6501	0.	0.43976	1.0183e-003
5657	-3.6305e-002	0.	0.20388	1.5562e-002
5667	3.0064e-002	0.	0.61494	6.5521e-004
5681	-0.53239	0.	0.21373	5.0281e-003
5682	-0.47106	0.	0.1526	8.7581e-003
5683	-0.54488	0.	0.17121	5.1798e-003
5689	-0.8291	0.	0.91146	1.4871e-004
5694	-0.29885	0.	9.4559e-002	8.4786e-002
5695	-0.35388	0.	6.8367e-002	7.4262e-002
5703	-0.2945	0.	0.1413	4.1089e-002
5704	-0.26262	0.	0.13337	4.454e-002
5709	-0.60436	0.	0.1759	3.4671e-003
5714	0.75616	0.	0.6566	1.8233e-004
5715	0.72289	0.	0.75499	1.4034e-004
5719	-1.0362	0.	0.65661	1.8777e-004
5720	-0.99994	0.	0.7531	1.4521e-004
5724	-0.10223	0.	0.87941	1.1947e-004
5725	-0.102	0.	0.9442	6.3682e-005
5730	2.6058e-002	0.	0.70489	4.3041e-004
5735	-0.2834	0.	0.18588	1.8678e-002
5736	-0.27223	0.	0.15671	2.5788e-002
5739	-1.1403	0.	0.63741	1.6526e-004
5743	0.86036	0.	0.63739	1.6643e-004
5747	2.8464e-002	0.	0.25082	9.5086e-003
5748	-4.156e-003	0.	0.24782	1.0056e-002
5752	-0.43208	0.	8.0872e-002	2.3435e-002
5757	-0.10639	0.	0.11043	5.0417e-002
5762	2.0464e-002	0.	0.217	1.2726e-002
5773	-0.54303	0.	0.11478	7.4248e-003
5777	-0.12668	0.	0.14545	3.0237e-002
5778	-0.15302	0.	0.18741	1.9394e-002
5782	0.2206	0.	0.30317	3.3658e-003
5786	0.14361	0.	0.31883	3.6309e-003
5804	-1.3274e-002	0.	9.3936e-002	0.1049
5805	-2.3388e-002	0.	7.8311e-002	0.13472
5810	-0.95157	0.	0.3496	5.45e-004
5814	0.68521	0.	0.35747	5.0146e-004
5816	-0.25152	0.	0.17796	2.3849e-002
5817	-0.23914	0.	0.20057	1.6663e-002
5821	-2.4387e-002	0.	0.90473	1.2167e-004
5822	-1.8264e-002	0.	0.79268	2.4578e-004
5827	-0.79417	0.	0.15136	1.3178e-003
5831	-0.13641	0.	0.35255	3.4108e-003
5835	-0.89147	0.	0.25131	8.334e-004
5860	-0.22797	0.	0.17139	2.4292e-002
5868	-3.1023e-002	0.	9.2431e-002	0.10793
5875	-0.19309	0.	0.20139	1.505e-002
5883	-0.10149	0.	0.32659	5.0942e-003
