Node Number	X Location (m)	Y Location (m)	Z Location (m)	Total Magnetic Flux Density (T)
11162	0.	0.	1.e-002	0.88157
11163	0.	0.	0.	1.314
11166	-8.e-002	0.	1.e-002	1.0008
11167	-8.e-002	0.	0.	1.3218
11168	-8.e-002	0.	-1.e-002	0.88899
11169	0.	0.	-1.e-002	1.0195
11444	-4.e-002	0.	1.e-002	2.7339
11445	-2.e-002	0.	1.e-002	2.2266
11446	-6.e-002	0.	1.e-002	2.1739
11447	-4.e-002	0.	-1.e-002	2.7249
11448	-6.e-002	0.	-1.e-002	2.1977
11449	-2.e-002	0.	-1.e-002	2.2326
12689	0.	0.	5.e-003	1.0203
12692	-1.e-002	0.	1.e-002	1.4623
12697	0.	0.	-5.e-003	1.0383
12699	-1.e-002	0.	5.e-003	1.7644
12700	-1.e-002	0.	-5.e-003	1.7613
12715	-8.e-002	0.	5.e-003	1.0696
12719	-7.e-002	0.	1.e-002	1.5191
12722	-8.e-002	0.	-5.e-003	1.031
12726	-7.e-002	0.	5.e-003	1.7375
12727	-7.e-002	0.	-5.e-003	1.7551
12734	-7.e-002	0.	-1.e-002	1.4558
12738	-1.e-002	0.	-1.e-002	1.5228
14332	-3.e-002	0.	1.e-002	2.4795
14333	-5.e-002	0.	1.e-002	2.4502
14334	-4.e-002	0.	0.	2.7293
14335	-5.e-002	0.	0.	2.4653
14342	-3.e-002	0.	0.	2.4745
14343	-2.e-002	0.	0.	2.2231
14349	-6.e-002	0.	0.	2.18
14353	-5.e-002	0.	-1.e-002	2.4605
14354	-3.e-002	0.	-1.e-002	2.4759
11162	0.	0.	1.e-002	0.59056
11166	-8.e-002	0.	1.e-002	0.54486
11168	-8.e-002	0.	-1.e-002	0.5458
11169	0.	0.	-1.e-002	0.6838
11175	-8.e-002	0.	1.5e-002	0.38704
11177	0.	0.	1.5e-002	0.46924
11178	0.	0.	-1.5e-002	0.47004
11179	-8.e-002	0.	-1.5e-002	0.37674
11444	-4.e-002	0.	1.e-002	0.1739
11445	-2.e-002	0.	1.e-002	0.25161
11446	-6.e-002	0.	1.e-002	0.28652
11447	-4.e-002	0.	-1.e-002	9.2821e-002
11448	-6.e-002	0.	-1.e-002	0.27831
11449	-2.e-002	0.	-1.e-002	0.25668
11450	-4.e-002	0.	1.5e-002	0.10106
11451	-6.e-002	0.	1.5e-002	0.12133
11452	-2.e-002	0.	1.5e-002	0.29598
11453	-4.e-002	0.	-1.5e-002	6.4067e-002
11454	-2.e-002	0.	-1.5e-002	0.24304
11455	-6.e-002	0.	-1.5e-002	9.4977e-002
12691	0.	0.	1.25e-002	0.51145
12692	-1.e-002	0.	1.e-002	0.42085
12693	-1.e-002	0.	1.25e-002	0.4388
12717	-8.e-002	0.	1.25e-002	0.44654
12719	-7.e-002	0.	1.e-002	0.41297
12732	-8.e-002	0.	-1.25e-002	0.43935
12734	-7.e-002	0.	-1.e-002	0.40982
12737	0.	0.	-1.25e-002	0.53817
12738	-1.e-002	0.	-1.e-002	0.46698
12739	-1.e-002	0.	-1.25e-002	0.45512
12780	-7.e-002	0.	1.25e-002	0.32982
12781	-7.e-002	0.	1.5e-002	0.25356
12798	-1.e-002	0.	1.5e-002	0.37649
12806	-1.e-002	0.	-1.5e-002	0.34216
12813	-7.e-002	0.	-1.25e-002	0.31893
12814	-7.e-002	0.	-1.5e-002	0.23015
14332	-3.e-002	0.	1.e-002	0.17955
14333	-5.e-002	0.	1.e-002	0.15429
14336	-4.e-002	0.	1.25e-002	0.12586
14337	-5.e-002	0.	1.25e-002	8.6547e-002
14344	-3.e-002	0.	1.25e-002	0.17478
14345	-2.e-002	0.	1.25e-002	0.27173
14350	-6.e-002	0.	1.25e-002	0.20198
14353	-5.e-002	0.	-1.e-002	0.17684
14354	-3.e-002	0.	-1.e-002	9.6878e-002
14355	-4.e-002	0.	-1.25e-002	7.465e-002
14356	-5.e-002	0.	-1.25e-002	8.5799e-002
14361	-6.e-002	0.	-1.25e-002	0.18592
14364	-3.e-002	0.	-1.25e-002	0.11413
14365	-2.e-002	0.	-1.25e-002	0.24568
14368	-5.e-002	0.	1.5e-002	2.2594e-002
14369	-3.e-002	0.	1.5e-002	0.19597
14383	-3.e-002	0.	-1.5e-002	0.11673
14384	-5.e-002	0.	-1.5e-002	6.2161e-002
11163	0.	0.	0.	0.66793
11167	-8.e-002	0.	0.	0.61721
11168	-8.e-002	0.	-1.e-002	0.37022
11169	0.	0.	-1.e-002	0.48087
11178	0.	0.	-1.5e-002	0.15459
11179	-8.e-002	0.	-1.5e-002	0.17752
11254	1.	0.	-1.015	3.7882e-007
11255	1.	0.	0.	1.2412e-005
11256	1.	0.	-0.93042	6.7727e-007
11257	1.	0.	-0.84583	1.5188e-006
11258	1.	0.	-0.76125	2.4328e-006
11259	1.	0.	-0.67667	3.6437e-006
11260	1.	0.	-0.59208	4.5685e-006
11261	1.	0.	-0.5075	5.696e-006
11262	1.	0.	-0.42292	7.2763e-006
11263	1.	0.	-0.33833	8.5093e-006
11264	1.	0.	-0.25375	1.0013e-005
11265	1.	0.	-0.16917	1.1311e-005
11266	1.	0.	-8.4583e-002	1.2174e-005
11277	-1.08	0.	-1.015	4.6665e-007
11278	-0.98957	0.	-1.015	8.301e-007
11279	-0.89913	0.	-1.015	1.6221e-006
11280	-0.8087	0.	-1.015	2.381e-006
11281	-0.71826	0.	-1.015	3.1642e-006
11282	-0.62783	0.	-1.015	3.6084e-006
11283	-0.53739	0.	-1.015	3.9931e-006
11284	-0.44696	0.	-1.015	4.1464e-006
11285	-0.35652	0.	-1.015	3.9808e-006
11286	-0.26609	0.	-1.015	3.6759e-006
11287	-0.17565	0.	-1.015	2.1133e-006
11288	-8.5217e-002	0.	-1.015	1.2713e-006
11289	5.2174e-003	0.	-1.015	9.6829e-007
11290	9.5652e-002	0.	-1.015	2.0632e-006
11291	0.18609	0.	-1.015	3.0487e-006
11292	0.27652	0.	-1.015	3.6876e-006
11293	0.36696	0.	-1.015	3.9875e-006
11294	0.45739	0.	-1.015	3.9254e-006
11295	0.54783	0.	-1.015	3.4979e-006
11296	0.63826	0.	-1.015	2.9155e-006
11297	0.7287	0.	-1.015	2.3158e-006
11298	0.81913	0.	-1.015	1.599e-006
11299	0.90957	0.	-1.015	8.1061e-007
11305	-1.08	0.	0.	1.2059e-005
11306	-1.08	0.	-8.4583e-002	1.2036e-005
11307	-1.08	0.	-0.16917	1.1358e-005
11308	-1.08	0.	-0.25375	9.9933e-006
11309	-1.08	0.	-0.33833	8.9636e-006
11310	-1.08	0.	-0.42292	7.592e-006
11311	-1.08	0.	-0.5075	5.6641e-006
11312	-1.08	0.	-0.59208	4.3668e-006
11313	-1.08	0.	-0.67667	3.4388e-006
11314	-1.08	0.	-0.76125	2.2437e-006
11315	-1.08	0.	-0.84583	1.7101e-006
11316	-1.08	0.	-0.93042	7.03e-007
11322	0.90909	0.	0.	1.3124e-005
11323	0.81818	0.	0.	1.5543e-005
11324	0.72727	0.	0.	2.0216e-005
11325	0.63636	0.	0.	2.9967e-005
11326	0.54545	0.	0.	4.9552e-005
11327	0.45455	0.	0.	7.3918e-005
11328	0.36364	0.	0.	1.5649e-004
11329	0.27273	0.	0.	3.8044e-004
11330	0.18182	0.	0.	1.16e-003
11331	9.0909e-002	0.	0.	6.7209e-003
11332	-0.17091	0.	0.	5.9731e-003
11333	-0.26182	0.	0.	8.0682e-004
11334	-0.35273	0.	0.	2.2038e-004
11335	-0.44364	0.	0.	1.2298e-004
11336	-0.53455	0.	0.	8.1932e-005
11337	-0.62545	0.	0.	4.6535e-005
11338	-0.71636	0.	0.	2.9328e-005
11339	-0.80727	0.	0.	2.2727e-005
11340	-0.89818	0.	0.	1.5471e-005
11341	-0.98909	0.	0.	1.2927e-005
11453	-4.e-002	0.	-1.5e-002	5.3287e-002
11454	-2.e-002	0.	-1.5e-002	0.12135
11455	-6.e-002	0.	-1.5e-002	9.6807e-002
11459	4.5455e-002	0.	0.	2.5765e-002
11460	2.2727e-002	0.	0.	0.22542
11461	-0.12545	0.	0.	2.0077e-002
11462	-0.10273	0.	0.	0.20257
11606	1.8414e-002	0.	-0.52086	2.8472e-005
11607	5.2174e-003	0.	-0.34833	8.9838e-005
11608	0.52391	0.	-0.51125	1.4285e-005
11609	-0.51208	0.	-0.50438	2.1518e-005
11610	-4.4397e-002	0.	-0.19059	5.0834e-004
11611	-0.26218	0.	-0.36295	7.7104e-005
11612	-0.78538	0.	-0.42292	1.1464e-005
11613	-0.12559	0.	-0.75727	6.5628e-006
11614	0.24992	0.	-0.43021	4.6093e-005
11615	0.27915	0.	-0.71931	9.9776e-006
11616	-0.76067	0.	-0.70046	5.5585e-006
11617	0.76196	0.	-0.3825	1.0957e-005
11618	0.76977	0.	-0.64825	5.0726e-006
11619	-0.43422	0.	-0.66293	1.0732e-005
11620	-0.16654	0.	-0.64222	1.1546e-005
11621	-0.51995	0.	-0.16917	7.2578e-005
11622	0.50079	0.	-0.34083	3.3068e-005
11623	-6.2552e-002	0.	-0.12858	2.0439e-003
11624	0.52895	0.	-0.85387	4.5514e-006
11625	0.30454	0.	-0.2321	1.2348e-004
11626	0.18649	0.	-0.22183	2.5059e-004
11627	-0.12929	0.	-0.18753	6.7896e-004
11628	-0.87102	0.	-0.13594	1.5828e-005
11629	1.7428e-002	0.	-0.7508	5.3531e-006
11630	0.72009	0.	-0.255	1.7821e-005
11631	-7.1845e-002	0.	-0.48897	3.1717e-005
11632	-1.8983e-002	0.	-7.4382e-002	8.9982e-003
11633	-0.30204	0.	-0.1865	2.6442e-004
11634	-0.34914	0.	-0.82871	6.21e-006
11635	-0.32826	0.	-0.58334	1.7309e-005
11636	0.77305	0.	-0.81947	2.9066e-006
11637	-7.3729e-002	0.	-7.1898e-002	1.1359e-002
11638	-0.67311	0.	-0.29906	2.4966e-005
11639	-0.6197	0.	-0.89827	4.3164e-006
11640	-0.91591	0.	-0.65552	4.5138e-006
11641	-0.90752	0.	-0.83526	2.6788e-006
11642	-0.5028	0.	-0.35141	3.7416e-005
11643	0.16	0.	-0.12786	7.0816e-004
11644	-0.63288	0.	-0.62109	9.826e-006
11645	0.38957	0.	-0.13568	9.0483e-005
11646	-0.12943	0.	-0.34646	9.7632e-005
11647	0.15918	0.	-0.6187	1.6861e-005
11648	0.51134	0.	-0.16411	4.6413e-005
11649	0.38462	0.	-0.61297	1.4573e-005
11650	0.53188	0.	-0.67917	8.0369e-006
11651	0.12376	0.	-0.39194	7.2677e-005
11652	9.1299e-002	0.	-0.19255	5.3178e-004
11653	0.10243	0.	-0.89601	3.0812e-006
11654	2.4236e-002	0.	-0.14359	1.4729e-003
11655	-0.25043	0.	-0.74336	7.4689e-006
11656	-0.39451	0.	-0.42875	3.7565e-005
11657	-0.87063	0.	-0.30597	1.2819e-005
11658	-0.63806	0.	-0.46521	1.7174e-005
11659	0.31283	0.	-0.87992	4.9047e-006
11660	-0.19622	0.	-0.54497	2.0304e-005
11661	0.86005	0.	-0.21208	1.1671e-005
11662	-0.21703	0.	-0.87517	3.546e-006
11663	-0.7686	0.	-0.57094	9.5378e-006
11664	4.0565e-002	0.	-5.9116e-002	8.0923e-003
11665	0.66751	0.	-0.74131	5.1499e-006
11666	-0.64959	0.	-0.13974	3.5533e-005
11667	0.37978	0.	-0.46055	2.5911e-005
11668	-0.47584	0.	-0.8815	5.0589e-006
11669	-0.39892	0.	-0.23744	1.0312e-004
11670	-6.8442e-002	0.	-0.90159	1.9822e-006
11671	0.41358	0.	-0.76901	6.8921e-006
11672	-0.12748	0.	-0.1084	3.2378e-003
11673	-0.12803	0.	-4.8469e-002	9.3264e-003
11674	0.26554	0.	-0.1025	2.6145e-004
11675	0.89531	0.	-0.58691	5.0012e-006
11676	-7.1424e-002	0.	-0.57469	1.8054e-005
11677	0.14399	0.	-0.7366	7.9489e-006
11678	-0.18349	0.	-0.27054	2.2417e-004
11679	0.63367	0.	-0.43594	1.3188e-005
11680	0.13435	0.	-0.5005	3.8112e-005
11681	0.64812	0.	-0.58755	8.027e-006
11682	-0.54071	0.	-0.74043	7.9135e-006
11683	-8.3409e-002	0.	-0.26406	2.0381e-004
11684	0.65671	0.	-0.12196	2.8889e-005
11685	-0.77103	0.	-0.85983	3.0557e-006
11686	0.89527	0.	-0.75115	2.6476e-006
11687	-0.77294	0.	-0.21661	2.0078e-005
11688	0.64974	0.	-0.8837	3.2149e-006
11689	0.76196	0.	-0.50937	7.24e-006
11690	4.2779e-002	0.	-0.6101	1.5857e-005
11691	-0.24987	0.	-0.11815	5.3221e-004
11692	0.90173	0.	-0.33926	9.2025e-006
11693	0.10287	0.	-0.29239	1.5291e-004
11694	0.88358	0.	-0.89404	1.3315e-006
11695	-0.1656	0.	-0.43642	4.7863e-005
11696	0.61044	0.	-0.29792	2.1422e-005
11697	0.41086	0.	-0.2434	7.1925e-005
11698	-0.36217	0.	-0.10043	2.6828e-004
11699	-1.2892e-002	0.	-3.8223e-002	4.889e-002
11700	1.5142e-002	0.	-3.7934e-002	3.204e-002
11701	-0.9952	0.	-0.24652	1.0718e-005
11702	9.6646e-003	0.	-0.24048	3.0493e-004
11703	-0.28959	0.	-0.47622	3.165e-005
11704	-0.98558	0.	-0.10603	1.3029e-005
11705	-6.6342e-002	0.	-0.66713	9.6879e-006
11706	0.21295	0.	-0.82798	4.647e-006
11707	0.219	0.	-0.32397	9.3496e-005
11708	0.34806	0.	-0.34429	4.9958e-005
11709	0.42025	0.	-0.89385	4.4471e-006
11710	0.88098	0.	-0.46615	7.0251e-006
11711	0.89479	0.	-9.7101e-002	1.3651e-005
11712	-0.29153	0.	-0.26699	1.3577e-004
11713	3.3973e-002	0.	-0.44242	4.9649e-005
11714	0.27139	0.	-0.52378	2.2891e-005
11715	-0.35221	0.	-0.70601	1.057e-005
11716	0.7814	0.	-0.11677	1.524e-005
11717	-0.87444	0.	-0.9219	1.9214e-006
11718	-5.0216e-002	0.	-0.41444	4.974e-005
11719	-0.99376	0.	-0.88284	1.4222e-006
11720	-0.99795	0.	-0.70839	2.9683e-006
11721	-0.98993	0.	-0.37885	8.7157e-006
11722	-0.98924	0.	-0.50229	6.1736e-006
11723	-0.27656	0.	-0.6476	1.2097e-005
11724	8.6632e-002	0.	-9.8791e-002	1.9033e-003
11725	0.77084	0.	-0.92544	2.0321e-006
11726	-0.8686	0.	-0.5212	7.1234e-006
11727	-4.2899e-002	0.	-4.2778e-002	3.7495e-002
11728	-0.18793	0.	-7.1684e-002	1.9155e-003
11729	-0.55463	0.	-6.1782e-002	6.5817e-005
11730	-0.43042	0.	-0.76392	7.3888e-006
11731	-8.8048e-002	0.	-2.8145e-002	5.7353e-002
11732	-0.37716	0.	-0.33312	6.3791e-005
11733	-0.66685	0.	-0.76112	5.2914e-006
11734	-0.38971	0.	-0.93215	4.3339e-006
11735	-0.51036	0.	-0.61782	1.294e-005
11736	-0.22095	0.	-0.1965	3.8157e-004
11737	-0.40826	0.	-0.53684	1.7804e-005
11738	-0.74286	0.	-8.2749e-002	2.4699e-005
11739	-0.18022	0.	-0.14185	1.1316e-003
12697	0.	0.	-5.e-003	0.57255
12701	1.1364e-002	0.	0.	0.43902
12722	-8.e-002	0.	-5.e-003	0.4908
12728	-9.1364e-002	0.	0.	0.40363
12732	-8.e-002	0.	-1.25e-002	0.24471
12735	-9.1364e-002	0.	-5.e-003	0.28491
12737	0.	0.	-1.25e-002	0.28136
12740	1.1364e-002	0.	-5.e-003	0.34867
12806	-1.e-002	0.	-1.5e-002	0.12519
12807	1.1364e-002	0.	-7.5e-003	0.17373
12808	-6.4459e-003	0.	-2.6612e-002	9.5681e-002
12809	7.5712e-003	0.	-2.6467e-002	9.2057e-002
12814	-7.e-002	0.	-1.5e-002	0.12572
12815	-9.1364e-002	0.	-7.5e-003	0.17104
12816	-8.4024e-002	0.	-2.1572e-002	0.11735
13269	1.	0.	-0.97271	5.2563e-007
13271	0.95478	0.	-1.015	5.8823e-007
13272	1.	0.	-4.2292e-002	1.2293e-005
13274	0.95455	0.	0.	1.2767e-005
13278	1.	0.	-0.88813	1.0822e-006
13280	0.95478	0.	-0.97271	7.195e-007
13281	0.94179	0.	-0.91223	1.0024e-006
13284	1.	0.	-0.80354	1.9748e-006
13285	0.94764	0.	-0.79849	2.0793e-006
13286	0.94179	0.	-0.86994	1.382e-006
13289	1.	0.	-0.71896	3.0381e-006
13290	0.94764	0.	-0.7562	2.5283e-006
13293	1.	0.	-0.63437	4.1027e-006
13294	0.94766	0.	-0.63179	4.3155e-006
13295	0.94764	0.	-0.71391	3.1334e-006
13299	1.	0.	-0.54979	5.1321e-006
13300	0.94766	0.	-0.5895	4.7622e-006
13302	1.	0.	-0.46521	6.4857e-006
13303	0.94766	0.	-0.54721	5.32e-006
13304	0.94049	0.	-0.48682	6.3427e-006
13307	1.	0.	-0.38063	7.8926e-006
13308	0.95086	0.	-0.38109	8.2286e-006
13309	0.94049	0.	-0.44453	7.1242e-006
13311	1.	0.	-0.29604	9.2609e-006
13312	0.95086	0.	-0.3388	8.8416e-006
13315	1.	0.	-0.21146	1.0661e-005
13316	0.93002	0.	-0.23292	1.083e-005
13317	0.95086	0.	-0.29651	9.5896e-006
13319	1.	0.	-0.12687	1.1741e-005
13320	0.93002	0.	-0.19062	1.1475e-005
13321	0.94739	0.	-0.13313	1.2481e-005
13326	0.95455	0.	-4.2292e-002	1.2649e-005
13327	0.94739	0.	-9.0842e-002	1.2908e-005
13395	-1.0348	0.	-1.015	6.4127e-007
13397	-1.08	0.	-0.97271	5.746e-007
13399	-0.94435	0.	-1.015	1.2194e-006
13401	-1.0348	0.	-0.97271	7.3554e-007
13402	-0.99166	0.	-0.94892	1.0991e-006
13406	-0.85391	0.	-1.015	1.9986e-006
13407	-0.88678	0.	-0.96845	1.7685e-006
13408	-0.94645	0.	-0.94892	1.4394e-006
13412	-0.76348	0.	-1.015	2.7717e-006
13413	-0.78986	0.	-0.93741	2.7035e-006
13414	-0.84157	0.	-0.96845	2.1368e-006
13419	-0.67304	0.	-1.015	3.3849e-006
13420	-0.66898	0.	-0.95663	3.7398e-006
13421	-0.74464	0.	-0.93741	3.0837e-006
13424	-0.58261	0.	-1.015	3.7996e-006
13425	-0.62376	0.	-0.95663	3.9594e-006
13430	-0.49217	0.	-1.015	4.0688e-006
13431	-0.57855	0.	-0.95663	4.1464e-006
13432	-0.50662	0.	-0.94825	4.5258e-006
13436	-0.40174	0.	-1.015	4.0632e-006
13437	-0.4614	0.	-0.94825	4.6014e-006
13438	-0.41834	0.	-0.97358	4.2387e-006
13442	-0.3113	0.	-1.015	3.8234e-006
13443	-0.37312	0.	-0.97358	4.1568e-006
13445	-0.22087	0.	-1.015	2.8858e-006
13446	-0.24156	0.	-0.94509	3.5748e-006
13447	-0.3279	0.	-0.97358	4.0026e-006
13451	-0.13043	0.	-1.015	1.6797e-006
13452	-0.19634	0.	-0.94509	2.8244e-006
13453	-0.12205	0.	-0.9583	1.8657e-006
13456	-4.e-002	0.	-1.015	8.0389e-007
13457	-7.683e-002	0.	-0.9583	1.558e-006
13459	5.0435e-002	0.	-1.015	1.4227e-006
13460	5.3823e-002	0.	-0.9555	2.e-006
13461	-3.1612e-002	0.	-0.9583	1.3282e-006
13465	0.14087	0.	-1.015	2.5534e-006
13466	9.904e-002	0.	-0.9555	2.5253e-006
13471	0.2313	0.	-1.015	3.3631e-006
13472	0.14426	0.	-0.9555	2.9784e-006
13473	0.19952	0.	-0.92149	3.8395e-006
13476	0.32174	0.	-1.015	3.834e-006
13477	0.29468	0.	-0.94746	4.296e-006
13478	0.24474	0.	-0.92149	4.1369e-006
13483	0.41217	0.	-1.015	3.9538e-006
13484	0.3399	0.	-0.94746	4.4431e-006
13485	0.3936	0.	-0.95443	4.2144e-006
13489	0.50261	0.	-1.015	3.7113e-006
13490	0.49317	0.	-0.93443	4.2117e-006
13491	0.43882	0.	-0.95443	4.1856e-006
13494	0.59304	0.	-1.015	3.2062e-006
13495	0.53839	0.	-0.93443	4.0052e-006
13496	0.59878	0.	-0.94935	3.3406e-006
13501	0.68348	0.	-1.015	2.6139e-006
13502	0.644	0.	-0.94935	3.0547e-006
13504	0.77391	0.	-1.015	1.9572e-006
13505	0.68922	0.	-0.94935	2.7624e-006
13506	0.74977	0.	-0.97022	2.1662e-006
13510	0.86435	0.	-1.015	1.1974e-006
13511	0.85135	0.	-0.95452	1.3954e-006
13512	0.79498	0.	-0.97022	1.8105e-006
13514	0.89657	0.	-0.95452	1.0522e-006
13545	-1.08	0.	-4.2292e-002	1.2047e-005
13547	-1.0345	0.	0.	1.249e-005
13549	-1.08	0.	-0.12687	1.1696e-005
13551	-1.0345	0.	-4.2292e-002	1.248e-005
13552	-1.0328	0.	-9.5309e-002	1.2528e-005
13555	-1.08	0.	-0.21146	1.0675e-005
13556	-1.0376	0.	-0.20784	1.1033e-005
13557	-1.0328	0.	-0.1376	1.2192e-005
13561	-1.08	0.	-0.29604	9.4781e-006
13562	-1.0376	0.	-0.25013	1.0352e-005
13565	-1.08	0.	-0.38063	8.2736e-006
13566	-1.0376	0.	-0.29243	9.8391e-006
13567	-1.035	0.	-0.35859	8.8167e-006
13569	-1.08	0.	-0.46521	6.6279e-006
13570	-1.035	0.	-0.40089	8.1469e-006
13571	-1.0346	0.	-0.4626	6.8684e-006
13575	-1.08	0.	-0.54979	5.0149e-006
13576	-1.0346	0.	-0.5049	5.9045e-006
13579	-1.08	0.	-0.63437	3.9024e-006
13580	-0.99795	0.	-0.6238	4.3553e-006
13581	-1.039	0.	-0.65023	3.6566e-006
13582	-1.0346	0.	-0.54719	5.262e-006
13584	-1.08	0.	-0.71896	2.8387e-006
13585	-1.039	0.	-0.69253	3.1906e-006
13588	-1.08	0.	-0.80354	1.9742e-006
13589	-1.0369	0.	-0.82204	1.794e-006
13590	-1.039	0.	-0.73482	2.6005e-006
13593	-1.08	0.	-0.88813	1.2005e-006
13594	-1.0369	0.	-0.86434	1.5441e-006
13598	-1.0369	0.	-0.90663	1.061e-006
13645	0.86364	0.	0.	1.4331e-005
13648	0.90194	0.	-4.855e-002	1.3382e-005
13654	0.77273	0.	0.	1.7862e-005
13657	0.85648	0.	-4.855e-002	1.4594e-005
13658	0.79979	0.	-5.8385e-002	1.537e-005
13661	0.68182	0.	0.	2.5063e-005
13664	0.69199	0.	-6.0979e-002	2.4484e-005
13665	0.75434	0.	-5.8385e-002	1.7703e-005
13671	0.59091	0.	0.	3.9707e-005
13674	0.64653	0.	-6.0979e-002	2.9266e-005
13677	0.5	0.	0.	6.1652e-005
13680	0.5284	0.	-8.2053e-002	4.7358e-005
13681	0.60108	0.	-6.0979e-002	3.9132e-005
13687	0.40909	0.	0.	1.1512e-004
13690	0.42206	0.	-6.7841e-002	8.1466e-005
13691	0.48294	0.	-8.2053e-002	5.9799e-005
13695	0.31818	0.	0.	2.678e-004
13697	0.37661	0.	-6.7841e-002	1.2257e-004
13698	0.31459	0.	-5.1248e-002	2.0679e-004
13703	0.22727	0.	0.	7.665e-004
13707	0.26913	0.	-5.1248e-002	3.1379e-004
13713	0.13636	0.	0.	3.9282e-003
13716	0.17091	0.	-6.3931e-002	8.9283e-004
13717	0.22368	0.	-5.1248e-002	7.0846e-004
13718	0.13423	0.	-4.9395e-002	1.4246e-003
13725	6.8182e-002	0.	0.	1.6198e-002
13728	6.5737e-002	0.	-2.9558e-002	6.7141e-003
13729	8.8771e-002	0.	-4.9395e-002	4.054e-003
13736	-0.21636	0.	0.	3.3869e-003
13737	-0.14818	0.	0.	1.3011e-002
13740	-0.14947	0.	-2.4235e-002	7.2391e-003
13741	-0.17942	0.	-3.5842e-002	3.8665e-003
13748	-0.30727	0.	0.	5.1157e-004
13751	-0.25584	0.	-5.9075e-002	6.4009e-004
13752	-0.31199	0.	-5.0216e-002	5.3678e-004
13753	-0.22488	0.	-3.5842e-002	1.3352e-003
13758	-0.39818	0.	0.	1.7119e-004
13761	-0.35745	0.	-5.0216e-002	2.41e-004
13766	-0.48909	0.	0.	1.0237e-004
13768	-0.48179	0.	-8.4583e-002	9.6101e-005
13769	-0.4029	0.	-5.0216e-002	1.938e-004
13770	-0.49914	0.	-3.0891e-002	9.4372e-005
13774	-0.58	0.	0.	6.421e-005
13777	-0.54459	0.	-3.0891e-002	7.3756e-005
13782	-0.67091	0.	0.	3.787e-005
13785	-0.63752	0.	-6.9871e-002	4.0798e-005
13786	-0.59004	0.	-3.0891e-002	5.6153e-005
13787	-0.68416	0.	-4.1375e-002	3.5607e-005
13792	-0.76182	0.	0.	2.6012e-005
13794	-0.72961	0.	-4.1375e-002	2.6962e-005
13796	-0.85273	0.	0.	1.9099e-005
13799	-0.83915	0.	-6.7969e-002	1.9248e-005
13800	-0.77507	0.	-4.1375e-002	2.3697e-005
13803	-0.94364	0.	0.	1.4198e-005
13806	-0.8846	0.	-6.7969e-002	1.5625e-005
13807	-0.94188	0.	-5.3017e-002	1.4245e-005
13815	-0.98734	0.	-5.3017e-002	1.2975e-005
14383	-3.e-002	0.	-1.5e-002	7.981e-002
14384	-5.e-002	0.	-1.5e-002	6.3442e-002
14387	-4.1449e-002	0.	-2.8889e-002	4.4436e-002
14390	-1.6446e-002	0.	-2.6612e-002	8.3284e-002
14391	-3.1449e-002	0.	-2.8889e-002	6.9145e-002
14396	-5.1449e-002	0.	-2.8889e-002	6.291e-002
14397	-7.4024e-002	0.	-2.1572e-002	7.1713e-002
14431	3.4091e-002	0.	0.	0.12554
14433	4.301e-002	0.	-2.9558e-002	1.614e-002
14434	3.0298e-002	0.	-1.8967e-002	2.7007e-002
14441	1.8935e-002	0.	-1.8967e-002	0.12414
14445	-0.11409	0.	0.	0.11117
14448	-0.12674	0.	-2.4235e-002	1.3985e-002
14449	-0.10675	0.	-1.4072e-002	3.4643e-002
14456	-9.5388e-002	0.	-1.4072e-002	0.11999
15318	-2.6715e-002	0.	-0.50492	2.9144e-005
15319	-2.6505e-002	0.	-0.54778	2.2633e-005
15320	7.638e-002	0.	-0.51068	3.1604e-005
15321	3.0597e-002	0.	-0.56548	2.2014e-005
15322	2.6194e-002	0.	-0.48164	3.88e-005
15324	-6.2105e-002	0.	-0.3474	8.334e-005
15325	6.4489e-002	0.	-0.37014	7.3793e-005
15326	-3.9096e-002	0.	-0.3062	1.3747e-004
15327	5.4044e-002	0.	-0.32036	1.0851e-004
15328	7.441e-003	0.	-0.29441	1.9525e-004
15329	1.9595e-002	0.	-0.39538	6.9031e-005
15330	-2.25e-002	0.	-0.38139	6.8024e-005
15335	0.51235	0.	-0.42604	2.3545e-005
15336	0.45427	0.	-0.56211	1.4115e-005
15337	0.5279	0.	-0.59521	1.1118e-005
15338	0.45185	0.	-0.4859	1.9986e-005
15339	0.57879	0.	-0.47359	1.3596e-005
15340	0.58601	0.	-0.5494	1.1123e-005
15345	-0.50744	0.	-0.42789	2.9233e-005
15346	-0.57248	0.	-0.56274	1.566e-005
15347	-0.45329	0.	-0.46656	2.9401e-005
15348	-0.57507	0.	-0.48479	1.9161e-005
15349	-0.51122	0.	-0.5611	1.7179e-005
15350	-0.46017	0.	-0.52061	1.9406e-005
15355	-5.3474e-002	0.	-0.15959	1.2644e-003
15356	-8.6845e-002	0.	-0.18906	5.1587e-004
15357	-1.0081e-002	0.	-0.16709	8.8487e-004
15358	-6.3903e-002	0.	-0.22733	3.4906e-004
15359	-1.7366e-002	0.	-0.21553	3.84e-004
15363	-0.1958	0.	-0.3547	8.1349e-005
15364	-0.32834	0.	-0.39585	5.666e-005
15365	-0.22283	0.	-0.31675	1.5043e-004
15366	-0.21389	0.	-0.39969	6.0718e-005
15367	-0.27588	0.	-0.41958	5.4361e-005
15368	-0.27685	0.	-0.31497	1.0442e-004
15369	-0.31967	0.	-0.34804	6.833e-005
15372	-0.72924	0.	-0.36099	1.8204e-005
15373	-0.828	0.	-0.36444	1.2077e-005
15374	-0.71172	0.	-0.44406	1.4126e-005
15375	-0.77699	0.	-0.49693	1.0409e-005
15376	-0.77916	0.	-0.31976	1.5714e-005
15377	-0.88765	0.	-0.40089	9.9422e-006
15378	-0.82699	0.	-0.47206	9.2814e-006
15383	-0.14607	0.	-0.69975	9.0496e-006
15384	-5.4082e-002	0.	-0.75404	5.5412e-006
15385	-0.18801	0.	-0.75032	6.7628e-006
15386	-0.17131	0.	-0.81622	4.8484e-006
15387	-9.7017e-002	0.	-0.82943	4.2666e-006
15388	-9.5967e-002	0.	-0.7122	7.9259e-006
15393	0.18684	0.	-0.41108	5.7455e-005
15394	0.31485	0.	-0.44538	3.5611e-005
15395	0.19213	0.	-0.46535	3.9778e-005
15396	0.23446	0.	-0.37709	6.9655e-005
15397	0.29899	0.	-0.38725	4.6839e-005
15398	0.26065	0.	-0.47699	3.4426e-005
15403	0.21917	0.	-0.669	1.3354e-005
15404	0.33189	0.	-0.66614	1.2095e-005
15405	0.29599	0.	-0.79961	7.4313e-006
15406	0.34636	0.	-0.74416	8.3293e-006
15407	0.21157	0.	-0.72795	8.7569e-006
15408	0.24605	0.	-0.77364	7.2943e-006
15409	0.27527	0.	-0.62154	1.6394e-005
15412	-0.83829	0.	-0.67799	4.9452e-006
15413	-0.8341	0.	-0.76786	4.1075e-006
15414	-0.69678	0.	-0.66078	7.6687e-006
15415	-0.76463	0.	-0.6357	7.5375e-006
15416	-0.76585	0.	-0.78015	4.2757e-006
15417	-0.71376	0.	-0.73079	5.3797e-006
15421	0.74102	0.	-0.31875	1.4365e-005
15422	0.811	0.	-0.29729	1.1203e-005
15423	0.69781	0.	-0.40922	1.1956e-005
15424	0.76196	0.	-0.44594	9.0703e-006
15425	0.83184	0.	-0.36088	9.9977e-006
15426	0.6862	0.	-0.34021	1.6162e-005
15427	0.82147	0.	-0.42432	8.9557e-006
15430	0.77141	0.	-0.73386	3.9802e-006
15431	0.71864	0.	-0.69478	5.0603e-006
15432	0.83254	0.	-0.61758	4.9295e-006
15433	0.70894	0.	-0.6179	6.5288e-006
15434	0.83252	0.	-0.6997	3.8073e-006
15435	0.76586	0.	-0.57881	6.1434e-006
15440	-0.38124	0.	-0.62313	1.3874e-005
15441	-0.48746	0.	-0.70168	9.2782e-006
15442	-0.39322	0.	-0.68447	1.0607e-005
15443	-0.43232	0.	-0.71342	9.0521e-006
15444	-0.47229	0.	-0.64037	1.1783e-005
15445	-0.42124	0.	-0.59988	1.4255e-005
15450	-0.20849	0.	-0.69279	9.2554e-006
15451	-0.18138	0.	-0.59359	1.5772e-005
15452	-0.11898	0.	-0.60846	1.4423e-005
15453	-0.11644	0.	-0.65468	1.0263e-005
15454	-0.22155	0.	-0.64491	1.1264e-005
15459	-0.59653	0.	-0.23411	4.8616e-005
15460	-0.51138	0.	-0.26029	5.3769e-005
15461	-0.58477	0.	-0.15445	5.3824e-005
15462	-0.45944	0.	-0.2033	8.5876e-005
15463	-0.44106	0.	-0.1348	1.7032e-004
15464	-0.53729	0.	-0.11547	6.8187e-005
15472	0.50607	0.	-0.25247	3.9022e-005
15473	0.44029	0.	-0.40069	2.8776e-005
15474	0.56723	0.	-0.38839	2.312e-005
15475	0.55562	0.	-0.31938	2.7067e-005
15476	0.45583	0.	-0.29212	5.246e-005
15477	0.42443	0.	-0.34256	4.1063e-005
15481	-9.5923e-002	0.	-0.15806	1.2982e-003
15482	-4.0767e-002	0.	-0.10148	4.9758e-003
15483	-6.814e-002	0.	-0.10024	6.5537e-003
15484	-1.9158e-002	0.	-0.13609	1.346e-003
15485	-9.5014e-002	0.	-0.11849	2.1631e-003
15489	0.53042	0.	-0.76652	6.2837e-006
15490	0.59823	0.	-0.79759	4.8013e-006
15491	0.47127	0.	-0.81144	5.7071e-006
15492	0.58935	0.	-0.86878	3.8828e-006
15493	0.4746	0.	-0.87386	4.4728e-006
15499	0.24551	0.	-0.22697	1.8342e-004
15500	0.34706	0.	-0.18389	1.0381e-004
15501	0.28504	0.	-0.1673	1.8817e-004
15502	0.3577	0.	-0.23775	9.7297e-005
15503	0.26177	0.	-0.27804	1.0558e-004
15504	0.3263	0.	-0.2882	8.6496e-005
15508	0.17324	0.	-0.17485	4.6963e-004
15509	0.13889	0.	-0.20719	3.8893e-004
15510	0.22601	0.	-0.16216	2.3249e-004
15511	0.14468	0.	-0.25711	1.9337e-004
15512	0.20274	0.	-0.2729	1.7198e-004
15517	-0.12838	0.	-0.14796	1.9167e-003
15518	-0.15639	0.	-0.22904	4.4895e-004
15519	-0.10635	0.	-0.2258	4.2717e-004
15520	-0.17512	0.	-0.19202	4.9958e-004
15521	-0.15475	0.	-0.16469	8.379e-004
15526	-0.87082	0.	-0.22095	1.425e-005
15527	-0.82198	0.	-0.17627	1.7835e-005
15528	-0.93311	0.	-0.19123	1.3268e-005
15529	-0.9283	0.	-0.12099	1.4418e-005
15530	-0.80694	0.	-0.10934	2.026e-005
15536	5.9928e-002	0.	-0.8234	3.9839e-006
15537	-2.5507e-002	0.	-0.8262	3.5241e-006
15538	8.0707e-002	0.	-0.7437	6.1979e-006
15539	3.0103e-002	0.	-0.68045	1.0475e-005
15540	-2.4457e-002	0.	-0.70897	7.441e-006
15545	0.79007	0.	-0.23354	1.4676e-005
15546	0.6884	0.	-0.18848	2.3296e-005
15547	0.66527	0.	-0.27646	1.9536e-005
15548	0.75075	0.	-0.18589	1.6436e-005
15552	-0.13403	0.	-0.51697	2.4405e-005
15553	-7.1634e-002	0.	-0.53183	2.4879e-005
15554	-0.11872	0.	-0.4627	3.6978e-005
15555	-1.8936e-002	0.	-0.4657	3.8107e-005
15556	-6.1031e-002	0.	-0.4517	4.072e-005
15560	-4.6356e-002	0.	-7.314e-002	6.6022e-003
15561	2.6267e-003	0.	-0.10899	5.2178e-003
15562	1.0791e-002	0.	-6.6749e-002	6.8635e-003
15563	-1.5937e-002	0.	-5.6303e-002	2.8577e-002
15564	-1.9201e-003	0.	-5.6158e-002	1.7882e-002
15565	-3.0941e-002	0.	-5.858e-002	2.1473e-002
15570	-0.35048	0.	-0.21197	1.8376e-004
15571	-0.27596	0.	-0.15233	3.9826e-004
15572	-0.33211	0.	-0.14347	2.5811e-004
15573	-0.29679	0.	-0.22675	1.9622e-004
15574	-0.2615	0.	-0.1915	3.1596e-004
15578	-0.29979	0.	-0.78603	6.7502e-006
15579	-0.28309	0.	-0.85194	4.8375e-006
15580	-0.41249	0.	-0.85511	5.6125e-006
15581	-0.35067	0.	-0.76736	8.3891e-006
15582	-0.38978	0.	-0.79631	6.7791e-006
15583	-0.36943	0.	-0.88043	5.2662e-006
15587	-0.26224	0.	-0.56415	1.839e-005
15588	-0.30892	0.	-0.52978	2.4452e-005
15589	-0.34023	0.	-0.64467	1.3917e-005
15590	-0.30241	0.	-0.61547	1.4687e-005
15591	-0.36826	0.	-0.56009	1.7329e-005
15595	0.72028	0.	-0.78039	4.019e-006
15596	0.83416	0.	-0.78531	2.6944e-006
15597	0.71139	0.	-0.85158	2.9909e-006
15598	0.82831	0.	-0.85676	2.1152e-006
15599	0.77194	0.	-0.87246	2.4323e-006
15604	-0.1006	0.	-9.0147e-002	7.0042e-003
15605	-0.10088	0.	-6.0184e-002	8.5124e-003
15606	-5.8314e-002	0.	-5.7338e-002	2.3251e-002
15607	-8.0889e-002	0.	-5.0022e-002	3.2864e-002
15615	-0.58796	0.	-0.32523	3.0903e-005
15616	-0.65559	0.	-0.38214	2.0896e-005
15617	-0.66135	0.	-0.2194	2.9832e-005
15618	-0.72303	0.	-0.25783	2.2349e-005
15622	-0.54777	0.	-0.88989	4.6783e-006
15623	-0.5802	0.	-0.81935	6.1073e-006
15624	-0.69536	0.	-0.87905	3.6601e-006
15625	-0.64328	0.	-0.82969	4.7719e-006
15629	-0.91171	0.	-0.74539	3.5748e-006
15630	-0.84225	0.	-0.61323	6.966e-006
15631	-0.95693	0.	-0.68195	3.7164e-006
15632	-0.95258	0.	-0.57891	5.2922e-006
15633	-0.89226	0.	-0.58836	5.8151e-006
15638	-0.83927	0.	-0.84754	2.8082e-006
15639	-0.89098	0.	-0.87858	2.2585e-006
15640	-0.95064	0.	-0.85905	2.0446e-006
15641	-0.95274	0.	-0.77182	2.7495e-006
15646	-0.44866	0.	-0.39008	3.6489e-005
15647	-0.57043	0.	-0.40831	2.7294e-005
15648	-0.45086	0.	-0.29442	7.0258e-005
15649	-0.43998	0.	-0.34226	5.0071e-005
15654	0.12565	0.	-0.16021	5.8411e-004
15655	0.21277	0.	-0.11518	4.7684e-004
15656	0.12332	0.	-0.11333	1.3005e-003
15661	-0.63547	0.	-0.54315	1.3438e-005
15662	-0.70074	0.	-0.59601	9.5936e-006
15663	-0.5868	0.	-0.68076	8.8134e-006
15664	-0.64987	0.	-0.69111	7.5507e-006
15665	-0.57162	0.	-0.61946	1.1306e-005
15668	0.45046	0.	-0.14989	6.8417e-005
15669	0.32756	0.	-0.11909	1.7589e-004
15670	0.40022	0.	-0.18954	8.022e-005
15675	-0.15646	0.	-0.3085	1.5299e-004
15676	-0.10642	0.	-0.30526	1.5023e-004
15677	-0.14751	0.	-0.39144	7.2159e-005
15678	-8.9822e-002	0.	-0.38045	7.1771e-005
15682	0.15159	0.	-0.67765	1.232e-005
15683	0.14677	0.	-0.5596	2.7326e-005
15684	0.10098	0.	-0.6144	1.556e-005
15685	0.21529	0.	-0.57124	1.9589e-005
15687	0.58402	0.	-0.14303	3.7501e-005
15688	0.56089	0.	-0.23101	3.383e-005
15689	0.4611	0.	-0.20375	5.8272e-005
15693	0.45825	0.	-0.64607	1.123e-005
15694	0.3822	0.	-0.53676	2.0143e-005
15695	0.3991	0.	-0.69099	1.0731e-005
15696	0.328	0.	-0.56837	1.8632e-005
15701	0.5997	0.	-0.71024	6.5717e-006
15702	0.47273	0.	-0.72409	7.3989e-006
15703	0.59	0.	-0.63336	7.9389e-006
15707	0.12905	0.	-0.44622	5.5157e-005
15708	0.11332	0.	-0.34216	1.1246e-004
15709	0.17138	0.	-0.35796	7.8747e-005
15710	7.8867e-002	0.	-0.41718	5.8501e-005
15713	5.7767e-002	0.	-0.16807	9.6788e-004
15714	9.7085e-002	0.	-0.24247	3.3825e-004
15715	5.0482e-002	0.	-0.21651	3.7247e-004
15716	8.8966e-002	0.	-0.14567	1.1888e-003
15719	1.6993e-002	0.	-0.8988	2.0214e-006
15720	0.12321	0.	-0.8163	5.5111e-006
15721	0.15769	0.	-0.86199	3.81e-006
15725	3.2401e-002	0.	-0.10135	4.4616e-003
15726	1.695e-002	0.	-0.19203	8.7945e-004
15727	5.5434e-002	0.	-0.12119	1.4325e-003
15733	-0.23373	0.	-0.80927	5.5045e-006
15734	-0.30132	0.	-0.72468	8.8849e-006
15735	-0.2635	0.	-0.69548	9.7577e-006
15740	-0.34205	0.	-0.45248	3.4096e-005
15741	-0.38583	0.	-0.38093	5.0512e-005
15742	-0.40138	0.	-0.48279	2.7638e-005
15746	-0.82178	0.	-0.26129	1.6445e-005
15747	-0.93291	0.	-0.27624	1.1676e-005
15748	-0.93028	0.	-0.34241	1.0735e-005
15754	-0.70333	0.	-0.51807	1.3348e-005
15758	0.36321	0.	-0.82446	5.8655e-006
15759	0.26289	0.	-0.85395	4.7365e-006
15760	0.36654	0.	-0.88688	4.6637e-006
15765	-0.13382	0.	-0.55983	1.7845e-005
15766	-0.18091	0.	-0.4907	3.4066e-005
15767	-0.2429	0.	-0.51059	2.5165e-005
15768	-0.23639	0.	-0.59629	1.5996e-005
15772	0.88089	0.	-0.27567	1.0435e-005
15773	0.87742	0.	-0.15459	1.2648e-005
15774	0.82072	0.	-0.16443	1.3454e-005
15778	-0.14274	0.	-0.88838	2.5995e-006
15779	-0.30337	0.	-0.90366	3.8811e-006
15784	-0.8186	0.	-0.54607	8.2112e-006
15789	2.7854e-002	0.	-4.8525e-002	2.0066e-002
15790	6.3599e-002	0.	-7.8953e-002	4.9899e-003
15795	0.65781	0.	-0.66443	6.5722e-006
15796	0.65862	0.	-0.8125	4.1413e-006
15799	-0.71126	0.	-0.17817	2.7779e-005
15800	-0.60211	0.	-0.10076	5.0528e-005
15801	-0.69622	0.	-0.11125	2.9995e-005
15806	0.36392	0.	-0.40242	3.783e-005
15807	0.32558	0.	-0.49217	2.3897e-005
15811	-0.50828	0.	-0.81097	6.446e-006
15812	-0.45313	0.	-0.82271	6.2229e-006
15813	-0.43278	0.	-0.90683	4.6909e-006
15817	-0.38055	0.	-0.16893	1.8078e-004
15818	-0.34523	0.	-0.25221	1.1715e-004
15819	-0.38804	0.	-0.28528	8.2532e-005
15826	0.41691	0.	-0.83143	5.6662e-006
15830	-0.12775	0.	-7.8432e-002	6.1157e-003
15831	-0.15771	0.	-9.0039e-002	2.4033e-003
15832	-0.15385	0.	-0.12512	2.1711e-003
15836	-0.15798	0.	-6.0077e-002	5.5988e-003
15837	-0.10804	0.	-3.8307e-002	3.2989e-002
15845	0.89529	0.	-0.66903	3.8225e-006
15846	0.82864	0.	-0.54814	6.0617e-006
15847	0.88815	0.	-0.52653	6.0107e-006
15851	-1.4322e-002	0.	-0.5924	1.5867e-005
15852	-6.8883e-002	0.	-0.62091	1.3865e-005
15856	9.3382e-002	0.	-0.67335	1.1692e-005
15857	0.17847	0.	-0.78229	6.2364e-006
15863	-0.13345	0.	-0.2673	1.9486e-004
15864	-0.23751	0.	-0.26877	1.7544e-004
15865	-0.20222	0.	-0.23352	2.9532e-004
15870	0.64089	0.	-0.51174	1.0564e-005
15871	0.69781	0.	-0.47266	1.0197e-005
15872	0.62205	0.	-0.36693	1.7241e-005
15878	8.8562e-002	0.	-0.5553	2.6532e-005
15879	8.4159e-002	0.	-0.47146	4.2921e-005
15880	0.20287	0.	-0.51214	2.9339e-005
15885	0.70504	0.	-0.54846	7.5559e-006
15887	-0.48557	0.	-0.75217	7.5872e-006
15888	-0.60378	0.	-0.75078	6.5889e-006
15889	-0.52554	0.	-0.67913	1.0426e-005
15894	-3.6872e-002	0.	-0.25227	2.164e-004
15898	0.63357	0.	-0.20994	2.4812e-005
15899	0.71905	0.	-0.11936	2.2049e-005
15904	-0.82273	0.	-0.89086	2.4884e-006
15905	-0.71894	0.	-0.81047	4.1724e-006
15909	0.88942	0.	-0.82259	1.9594e-006
15914	-0.7579	0.	-0.14968	2.2188e-005
15918	0.71029	0.	-0.90457	2.6217e-006
15924	0.82147	0.	-0.48776	7.0301e-006
15929	-1.1781e-002	0.	-0.63862	1.2115e-005
15933	-0.30602	0.	-0.10929	3.8972e-004
15934	-0.2189	0.	-9.4917e-002	1.2203e-003
15935	-0.23541	0.	-0.15733	4.4609e-004
15936	-0.21504	0.	-0.13	8.2067e-004
15940	0.89135	0.	-0.4027	8.108e-006
15945	5.6268e-002	0.	-0.26643	2.1943e-004
15946	0.16093	0.	-0.30818	1.1888e-004
15950	0.82721	0.	-0.90974	1.6368e-006
15956	-0.2276	0.	-0.45632	3.8731e-005
15957	-0.10791	0.	-0.42543	4.5436e-005
15967	0.37946	0.	-0.29385	6.0098e-005
15975	1.1253e-003	0.	-3.8079e-002	3.7065e-002
15976	-2.7895e-002	0.	-4.0501e-002	3.2825e-002
15985	-0.99039	0.	-0.17628	1.1872e-005
15986	-0.99256	0.	-0.31269	9.7035e-006
15995	-0.34892	0.	-0.50653	2.4563e-005
16005	0.28353	0.	-0.33413	7.0934e-005
16020	0.83809	0.	-0.10694	1.4437e-005
16025	-0.33434	0.	-0.30005	9.969e-005
16026	-0.25624	0.	-0.23174	2.586e-004
16032	-8.1217e-003	0.	-0.42843	4.6113e-005
16037	-0.31438	0.	-0.67681	1.127e-005
16038	-0.39132	0.	-0.73496	8.9611e-006
16045	-0.9341	0.	-0.90237	1.6122e-006
16049	-0.99586	0.	-0.79561	2.1734e-006
16058	-0.98959	0.	-0.44057	7.4423e-006
16059	-0.92927	0.	-0.45003	7.8472e-006
16063	-0.92892	0.	-0.51175	6.6057e-006
16079	-6.5473e-002	0.	-3.5461e-002	3.4601e-002
16085	-0.18408	0.	-0.10677	1.4776e-003
16109	-0.45931	0.	-0.57733	1.5318e-005
16113	-0.20058	0.	-0.16918	7.5509e-004
11162	0.	0.	1.e-002	0.425
11163	0.	0.	0.	0.58913
11166	-8.e-002	0.	1.e-002	0.39931
11167	-8.e-002	0.	0.	0.6163
11175	-8.e-002	0.	1.5e-002	0.17529
11177	0.	0.	1.5e-002	0.14066
11255	1.	0.	0.	1.2381e-005
11305	-1.08	0.	0.	1.2148e-005
11322	0.90909	0.	0.	1.3515e-005
11323	0.81818	0.	0.	1.5668e-005
11324	0.72727	0.	0.	2.1882e-005
11325	0.63636	0.	0.	2.8622e-005
11326	0.54545	0.	0.	5.2661e-005
11327	0.45455	0.	0.	7.8516e-005
11328	0.36364	0.	0.	1.6666e-004
11329	0.27273	0.	0.	3.4297e-004
11330	0.18182	0.	0.	1.3902e-003
11331	9.0909e-002	0.	0.	5.6126e-003
11332	-0.17091	0.	0.	5.214e-003
11333	-0.26182	0.	0.	7.0698e-004
11334	-0.35273	0.	0.	2.4668e-004
11335	-0.44364	0.	0.	1.446e-004
11336	-0.53455	0.	0.	9.4723e-005
11337	-0.62545	0.	0.	4.452e-005
11338	-0.71636	0.	0.	2.9729e-005
11339	-0.80727	0.	0.	2.3283e-005
11340	-0.89818	0.	0.	1.5301e-005
11341	-0.98909	0.	0.	1.262e-005
11388	-1.08	0.	1.015	4.3168e-007
11389	-1.08	0.	0.93042	7.6584e-007
11390	-1.08	0.	0.84583	1.4294e-006
11391	-1.08	0.	0.76125	2.3751e-006
11392	-1.08	0.	0.67667	3.5742e-006
11393	-1.08	0.	0.59208	4.4716e-006
11394	-1.08	0.	0.5075	5.7402e-006
11395	-1.08	0.	0.42292	7.4865e-006
11396	-1.08	0.	0.33833	8.6897e-006
11397	-1.08	0.	0.25375	1.0464e-005
11398	-1.08	0.	0.16917	1.0978e-005
11399	-1.08	0.	8.4583e-002	1.2014e-005
11405	1.	0.	1.015	4.1898e-007
11406	0.90957	0.	1.015	7.7996e-007
11407	0.81913	0.	1.015	1.5594e-006
11408	0.7287	0.	1.015	2.3715e-006
11409	0.63826	0.	1.015	3.0568e-006
11410	0.54783	0.	1.015	3.5368e-006
11411	0.45739	0.	1.015	4.0552e-006
11412	0.36696	0.	1.015	4.132e-006
11413	0.27652	0.	1.015	4.1691e-006
11414	0.18609	0.	1.015	3.3579e-006
11415	9.5652e-002	0.	1.015	2.3865e-006
11416	5.2174e-003	0.	1.015	1.5143e-006
11417	-8.5217e-002	0.	1.015	1.4515e-006
11418	-0.17565	0.	1.015	2.255e-006
11419	-0.26609	0.	1.015	2.7929e-006
11420	-0.35652	0.	1.015	3.5166e-006
11421	-0.44696	0.	1.015	4.0503e-006
11422	-0.53739	0.	1.015	3.9579e-006
11423	-0.62783	0.	1.015	3.5311e-006
11424	-0.71826	0.	1.015	3.0517e-006
11425	-0.8087	0.	1.015	2.3649e-006
11426	-0.89913	0.	1.015	1.5374e-006
11427	-0.98957	0.	1.015	9.1338e-007
11433	1.	0.	8.4583e-002	1.2207e-005
11434	1.	0.	0.16917	1.1533e-005
11435	1.	0.	0.25375	1.0324e-005
11436	1.	0.	0.33833	8.7386e-006
11437	1.	0.	0.42292	7.8893e-006
11438	1.	0.	0.5075	5.9988e-006
11439	1.	0.	0.59208	4.5549e-006
11440	1.	0.	0.67667	3.6669e-006
11441	1.	0.	0.76125	2.599e-006
11442	1.	0.	0.84583	1.4477e-006
11443	1.	0.	0.93042	6.3842e-007
11450	-4.e-002	0.	1.5e-002	0.10799
11451	-6.e-002	0.	1.5e-002	0.12197
11452	-2.e-002	0.	1.5e-002	0.15077
11459	4.5455e-002	0.	0.	2.0943e-002
11460	2.2727e-002	0.	0.	0.22433
11461	-0.12545	0.	0.	2.4349e-002
11462	-0.10273	0.	0.	0.14922
11469	4.7815e-002	0.	0.53316	2.4598e-005
11470	-1.9173e-002	0.	0.36155	8.6962e-005
11471	0.52391	0.	0.51125	1.5455e-005
11472	-0.48955	0.	0.52654	1.8986e-005
11473	-5.4666e-003	0.	0.1914	6.9634e-004
11474	-0.29199	0.	0.3597	6.6624e-005
11475	-0.78538	0.	0.59208	6.8556e-006
11476	-0.10926	0.	0.75355	5.9082e-006
11477	0.26858	0.	0.42148	5.125e-005
11478	0.25941	0.	0.73986	8.2609e-006
11479	-0.7425	0.	0.32888	1.667e-005
11480	0.76019	0.	0.36997	1.2492e-005
11481	0.783	0.	0.6221	5.362e-006
11482	-0.50747	0.	0.32031	4.8415e-005
11483	-0.43554	0.	0.643	1.1998e-005
11484	-0.20378	0.	0.50234	3.4017e-005
11485	0.47767	0.	0.17042	5.8205e-005
11486	-7.0948e-002	0.	7.2292e-002	1.0107e-002
11487	-3.0204e-002	0.	0.12892	1.8269e-003
11488	0.50278	0.	0.66031	9.6529e-006
11489	0.21232	0.	0.13121	4.3234e-004
11490	-0.71854	0.	0.73247	5.4801e-006
11491	0.13236	0.	0.74779	7.3572e-006
11492	-0.17396	0.	0.18629	4.9834e-004
11493	0.67823	0.	0.1275	2.3434e-005
11494	0.65925	0.	0.84289	3.4621e-006
11495	-0.35605	0.	0.84583	5.1201e-006
11496	-0.89452	0.	0.78005	2.944e-006
11497	-0.31397	0.	0.71292	9.4794e-006
11498	-1.2464e-002	0.	7.0556e-002	9.8128e-003
11499	0.10228	0.	9.2901e-002	1.9658e-003
11500	0.16196	0.	0.34495	8.6337e-005
11501	-0.89624	0.	0.36389	1.0756e-005
11502	-0.91112	0.	0.21637	1.3297e-005
11503	0.37911	0.	0.31418	5.7672e-005
11504	0.61981	0.	0.27646	2.3769e-005
11505	-0.33036	0.	9.9798e-002	3.1408e-004
11506	0.37003	0.	0.88023	4.8801e-006
11507	-0.48531	0.	0.87903	4.7151e-006
11508	0.87095	0.	0.21361	1.1802e-005
11509	-0.12851	0.	0.29012	1.5318e-004
11510	-0.56646	0.	0.16016	5.9029e-005
11511	-0.63274	0.	0.4077	1.7935e-005
11512	-0.14295	0.	0.62728	1.303e-005
11513	0.15918	0.	0.6187	1.648e-005
11514	0.39715	0.	0.58225	1.7325e-005
11515	-0.6069	0.	0.63524	9.0209e-006
11516	-3.0652e-002	0.	0.64	1.0889e-005
11517	-0.31413	0.	0.58127	1.8227e-005
11518	0.53788	0.	0.88699	4.309e-006
11519	7.185e-002	0.	0.89549	3.4146e-006
11520	-0.1036	0.	0.41653	6.4181e-005
11521	-0.39317	0.	0.43441	3.9823e-005
11522	0.88042	0.	0.80385	2.1548e-006
11523	-0.76812	0.	0.44406	1.1168e-005
11524	-0.71622	0.	0.86251	3.3928e-006
11525	0.21928	0.	0.87225	4.8549e-006
11526	0.33452	0.	0.15282	1.5159e-004
11527	-0.72686	0.	0.10565	2.6237e-005
11528	0.38723	0.	0.45943	2.607e-005
11529	-0.40571	0.	0.20842	1.2101e-004
11530	-0.12154	0.	0.12361	1.9803e-003
11531	-7.8283e-002	0.	0.52791	2.117e-005
11532	0.89719	0.	0.57933	5.0978e-006
11533	1.7428e-002	0.	0.7508	5.8811e-006
11534	-0.22448	0.	0.81183	5.1239e-006
11535	0.64041	0.	0.43031	1.546e-005
11536	0.1562	0.	0.4724	4.5006e-005
11537	0.64664	0.	0.59657	8.1611e-006
11538	-0.13427	0.	0.89838	2.5635e-006
11539	-0.61228	0.	0.78944	5.1128e-006
11540	-0.13143	0.	5.6278e-002	8.4686e-003
11541	0.38032	0.	0.71056	8.6936e-006
11542	0.27924	0.	0.23279	1.4139e-004
11543	0.28911	0.	0.61792	1.4389e-005
11544	0.76196	0.	0.50937	9.4413e-006
11545	0.90302	0.	0.33615	9.3257e-006
11546	-0.91904	0.	0.65807	4.1882e-006
11547	-6.3099e-003	0.	0.26361	1.9832e-004
11548	-0.83862	0.	0.90843	2.1451e-006
11549	6.5936e-002	0.	0.41588	5.3932e-005
11550	3.5709e-002	0.	3.8746e-002	1.9677e-002
11551	0.19074	0.	0.24968	1.608e-004
11552	-0.6768	0.	0.51988	1.1296e-005
11553	0.72946	0.	0.23354	1.7566e-005
11554	-0.9827	0.	0.87143	1.6182e-006
11555	-0.40006	0.	0.33407	6.5992e-005
11556	-0.20998	0.	9.0974e-002	1.2547e-003
11557	-0.30245	0.	0.26953	1.1355e-004
11558	-4.098e-002	0.	0.84198	2.8855e-006
11559	0.89619	0.	0.91064	1.2381e-006
11560	0.87817	0.	0.6943	3.6154e-006
11561	4.7423e-002	0.	0.15818	1.5276e-003
11562	-0.43662	0.	9.0531e-002	1.4282e-004
11563	-9.8853e-002	0.	3.3537e-002	3.2433e-002
11564	0.11625	0.	0.18633	5.0974e-004
11565	-1.7529e-002	0.	0.45478	3.9498e-005
11566	-7.0007e-002	0.	3.4719e-002	6.5226e-002
11567	0.53366	0.	0.34107	3.1268e-005
11568	-0.18384	0.	0.38056	7.028e-005
11569	6.4823e-002	0.	0.646	1.0957e-005
11570	0.88706	0.	0.45421	7.1865e-006
11571	-7.0168e-003	0.	3.7939e-002	4.3297e-002
11572	0.59339	0.	0.7524	5.4046e-006
11573	-0.26355	0.	0.92236	3.3066e-006
11574	0.23678	0.	0.53056	2.4317e-005
11575	-4.0233e-002	0.	3.7764e-002	5.1414e-002
11576	-8.3465e-002	0.	0.19254	4.9909e-004
11577	-0.79556	0.	0.80113	3.3537e-006
11578	-0.22074	0.	0.30616	1.3454e-004
11579	-0.86025	0.	0.1083	1.7456e-005
11580	-0.9871	0.	0.14008	1.2595e-005
11581	-0.51236	0.	0.74065	6.8442e-006
11582	0.58517	0.	0.13079	3.5489e-005
11583	-0.30116	0.	0.46268	3.8309e-005
11584	-0.99772	0.	0.30661	9.6727e-006
11585	0.89147	0.	9.4997e-002	1.3476e-005
11586	-0.98903	0.	0.49105	6.4443e-006
11587	0.74638	0.	0.74	3.9599e-006
11588	-0.82261	0.	0.71276	4.5013e-006
11589	-0.86822	0.	0.49288	8.2652e-006
11590	0.77617	0.	0.11141	1.7291e-005
11591	-0.61408	0.	0.92861	3.7133e-006
11592	6.317e-002	0.	0.32966	1.0747e-004
11593	0.77043	0.	0.89255	2.474e-006
11594	0.64817	0.	0.94253	3.215e-006
11595	9.8662e-002	0.	0.2678	2.6599e-004
11596	-0.49911	0.	0.41391	3.104e-005
11597	-0.81281	0.	0.22654	1.6245e-005
11598	0.38608	0.	6.8308e-002	1.171e-004
11599	-0.38564	0.	0.93258	4.0286e-006
11600	-0.99978	0.	0.71543	3.108e-006
11601	-0.38671	0.	0.52958	2.37e-005
11602	0.47431	0.	0.78298	6.7812e-006
11603	-0.6967	0.	0.22731	2.975e-005
11604	-0.20083	0.	0.71298	8.9784e-006
11605	-0.27651	0.	0.18047	2.9738e-004
12689	0.	0.	5.e-003	0.50487
12691	0.	0.	1.25e-002	0.25749
12694	1.1364e-002	0.	5.e-003	0.32266
12701	1.1364e-002	0.	0.	0.40219
12715	-8.e-002	0.	5.e-003	0.5058
12717	-8.e-002	0.	1.25e-002	0.27638
12720	-9.1364e-002	0.	5.e-003	0.27233
12728	-9.1364e-002	0.	0.	0.38248
12781	-7.e-002	0.	1.5e-002	0.12773
12782	-9.1364e-002	0.	7.5e-003	0.14819
12783	-8.9427e-002	0.	2.4268e-002	0.10382
12784	-7.5003e-002	0.	2.4859e-002	0.11322
12798	-1.e-002	0.	1.5e-002	0.1321
12799	1.1364e-002	0.	7.5e-003	0.16728
12800	1.7855e-002	0.	2.6873e-002	7.982e-002
12801	-3.5084e-003	0.	2.6469e-002	8.9127e-002
13274	0.95455	0.	0.	1.2947e-005
13275	1.	0.	4.2292e-002	1.2294e-005
13547	-1.0345	0.	0.	1.2384e-005
13548	-1.08	0.	4.2292e-002	1.208e-005
13645	0.86364	0.	0.	1.4591e-005
13646	0.95455	0.	4.2292e-002	1.286e-005
13647	0.90028	0.	4.7498e-002	1.349e-005
13654	0.77273	0.	0.	1.8768e-005
13655	0.85483	0.	4.7498e-002	1.4569e-005
13656	0.79717	0.	5.5703e-002	1.6459e-005
13661	0.68182	0.	0.	2.5238e-005
13662	0.70275	0.	6.375e-002	2.2566e-005
13663	0.75172	0.	5.5703e-002	1.9562e-005
13671	0.59091	0.	0.	4.0624e-005
13672	0.6573	0.	6.375e-002	2.5987e-005
13673	0.61077	0.	6.5395e-002	3.1958e-005
13677	0.5	0.	0.	6.5549e-005
13678	0.51156	0.	8.5208e-002	5.454e-005
13679	0.56531	0.	6.5395e-002	4.3905e-005
13687	0.40909	0.	0.	1.2242e-004
13688	0.46611	0.	8.5208e-002	6.742e-005
13689	0.42031	0.	3.4154e-002	9.7376e-005
13695	0.31818	0.	0.	2.5405e-004
13696	0.37486	0.	3.4154e-002	1.4126e-004
13703	0.22727	0.	0.	8.665e-004
13704	0.24252	0.	6.5607e-002	3.7117e-004
13705	0.30363	0.	7.6409e-002	2.4375e-004
13706	0.3294	0.	3.4154e-002	2.2985e-004
13713	0.13636	0.	0.	3.4973e-003
13714	0.19707	0.	6.5607e-002	8.8527e-004
13715	0.14205	0.	4.645e-002	1.5871e-003
13725	6.8182e-002	0.	0.	1.3273e-002
13726	9.6594e-002	0.	4.645e-002	3.5733e-003
13727	6.3309e-002	0.	1.9373e-002	1.1931e-002
13736	-0.21636	0.	0.	2.9592e-003
13737	-0.14818	0.	0.	1.478e-002
13738	-0.15117	0.	2.8139e-002	6.3837e-003
13739	-0.19044	0.	4.5487e-002	3.1801e-003
13748	-0.30727	0.	0.	4.7568e-004
13749	-0.29609	0.	4.9899e-002	5.0631e-004
13750	-0.2359	0.	4.5487e-002	9.5067e-004
13758	-0.39818	0.	0.	1.9502e-004
13759	-0.34154	0.	4.9899e-002	2.7559e-004
13760	-0.39467	0.	4.5265e-002	1.9431e-004
13766	-0.48909	0.	0.	1.1926e-004
13767	-0.44013	0.	4.5265e-002	1.4243e-004
13774	-0.58	0.	0.	6.96e-005
13775	-0.5505	0.	8.0078e-002	7.6391e-005
13776	-0.48558	0.	4.5265e-002	1.1856e-004
13782	-0.67091	0.	0.	3.7038e-005
13783	-0.59596	0.	8.0078e-002	5.1273e-005
13784	-0.67616	0.	5.2827e-002	3.534e-005
13792	-0.76182	0.	0.	2.649e-005
13793	-0.72161	0.	5.2827e-002	2.7867e-005
13796	-0.85273	0.	0.	1.9291e-005
13797	-0.76706	0.	5.2827e-002	2.4713e-005
13798	-0.83376	0.	5.4151e-002	2.035e-005
13803	-0.94364	0.	0.	1.3954e-005
13804	-0.87922	0.	5.4151e-002	1.6354e-005
13805	-0.94264	0.	7.0038e-002	1.3943e-005
13813	-1.0345	0.	4.2292e-002	1.2316e-005
13814	-0.98809	0.	7.0038e-002	1.2598e-005
14053	-1.08	0.	0.97271	5.9624e-007
14055	-1.0348	0.	1.015	6.6647e-007
14056	-1.08	0.	0.88813	1.0797e-006
14058	-1.0348	0.	0.97271	8.1581e-007
14059	-1.0314	0.	0.90092	1.1915e-006
14062	-1.08	0.	0.80354	1.9018e-006
14063	-1.0314	0.	0.85863	1.5034e-006
14066	-1.08	0.	0.71896	2.9705e-006
14067	-1.0314	0.	0.81634	1.9645e-006
14068	-1.0399	0.	0.73834	2.7412e-006
14072	-1.08	0.	0.63437	4.022e-006
14073	-1.0399	0.	0.69605	3.333e-006
14076	-1.08	0.	0.54979	5.1051e-006
14077	-0.99952	0.	0.62507	4.2802e-006
14078	-1.0345	0.	0.54157	5.4543e-006
14079	-1.0399	0.	0.65376	3.785e-006
14081	-1.08	0.	0.46521	6.6126e-006
14082	-1.0345	0.	0.49928	6.0831e-006
14085	-1.08	0.	0.38063	8.087e-006
14086	-1.0389	0.	0.36477	8.5787e-006
14087	-1.0345	0.	0.45698	6.9549e-006
14091	-1.08	0.	0.29604	9.576e-006
14092	-1.0389	0.	0.32247	9.1779e-006
14096	-1.08	0.	0.21146	1.0721e-005
14097	-1.0335	0.	0.19691	1.153e-005
14098	-1.0389	0.	0.28018	1.0063e-005
14101	-1.08	0.	0.12687	1.1494e-005
14102	-1.0335	0.	0.15462	1.1786e-005
14106	-1.0335	0.	0.11233	1.2299e-005
14135	0.95478	0.	1.015	5.933e-007
14137	1.	0.	0.97271	5.2017e-007
14139	0.86435	0.	1.015	1.1658e-006
14141	0.95478	0.	0.97271	6.7578e-007
14142	0.90288	0.	0.96282	9.8075e-007
14146	0.77391	0.	1.015	1.9637e-006
14147	0.85766	0.	0.96282	1.3297e-006
14148	0.79478	0.	0.95377	2.0042e-006
14152	0.68348	0.	1.015	2.7095e-006
14153	0.74956	0.	0.95377	2.3928e-006
14154	0.68843	0.	0.97877	2.793e-006
14159	0.59304	0.	1.015	3.2966e-006
14160	0.64322	0.	0.97877	3.1325e-006
14162	0.50261	0.	1.015	3.7958e-006
14163	0.54285	0.	0.951	3.9166e-006
14164	0.598	0.	0.97877	3.3713e-006
14168	0.41217	0.	1.015	4.0909e-006
14169	0.41371	0.	0.94762	4.4654e-006
14170	0.49763	0.	0.951	4.1742e-006
14175	0.32174	0.	1.015	4.1499e-006
14176	0.36849	0.	0.94762	4.5059e-006
14179	0.2313	0.	1.015	3.7562e-006
14180	0.32328	0.	0.94762	4.5236e-006
14181	0.2479	0.	0.94362	4.4857e-006
14183	0.14087	0.	1.015	2.8687e-006
14184	0.12897	0.	0.95524	3.3129e-006
14185	0.20269	0.	0.94362	4.1022e-006
14189	5.0435e-002	0.	1.015	1.9222e-006
14190	8.3751e-002	0.	0.95524	2.8647e-006
14194	-4.e-002	0.	1.015	1.163e-006
14195	3.8534e-002	0.	0.95524	2.4632e-006
14196	-1.7881e-002	0.	0.92849	2.0589e-006
14198	-0.13043	0.	1.015	1.6834e-006
14199	-0.10974	0.	0.95669	1.9655e-006
14200	-6.3099e-002	0.	0.92849	2.0881e-006
14204	-0.22087	0.	1.015	2.5115e-006
14205	-0.15496	0.	0.95669	2.3458e-006
14206	-0.2196	0.	0.96868	2.778e-006
14210	-0.3113	0.	1.015	3.1535e-006
14211	-0.26482	0.	0.96868	3.0449e-006
14213	-0.40174	0.	1.015	3.782e-006
14214	-0.31004	0.	0.96868	3.3995e-006
14215	-0.37108	0.	0.97379	3.7725e-006
14219	-0.49217	0.	1.015	4.0017e-006
14220	-0.46613	0.	0.94702	4.3789e-006
14221	-0.4163	0.	0.97379	4.0375e-006
14225	-0.58261	0.	1.015	3.7442e-006
14226	-0.51135	0.	0.94702	4.3361e-006
14227	-0.57574	0.	0.97181	3.8331e-006
14230	-0.67304	0.	1.015	3.2906e-006
14231	-0.62095	0.	0.97181	3.6208e-006
14236	-0.76348	0.	1.015	2.7061e-006
14237	-0.71724	0.	0.93876	3.2094e-006
14238	-0.66617	0.	0.97181	3.3823e-006
14240	-0.85391	0.	1.015	1.9471e-006
14241	-0.76246	0.	0.93876	2.8755e-006
14242	-0.82366	0.	0.96171	2.2409e-006
14246	-0.94435	0.	1.015	1.221e-006
14247	-0.86887	0.	0.96171	1.838e-006
14248	-0.94092	0.	0.94321	1.4839e-006
14251	-0.98613	0.	0.94321	1.2256e-006
14278	1.	0.	0.12687	1.1868e-005
14279	0.94574	0.	8.979e-002	1.2837e-005
14283	1.	0.	0.21146	1.0928e-005
14284	0.93548	0.	0.19139	1.1652e-005
14285	0.94574	0.	0.13208	1.2504e-005
14289	1.	0.	0.29604	9.5287e-006
14290	0.93548	0.	0.23368	1.1051e-005
14291	0.95151	0.	0.29495	9.8163e-006
14295	1.	0.	0.38063	8.3126e-006
14296	0.95151	0.	0.33724	9.0306e-006
14300	1.	0.	0.46521	6.9427e-006
14301	0.95151	0.	0.37954	8.6055e-006
14302	0.94353	0.	0.43856	7.5285e-006
14305	1.	0.	0.54979	5.2768e-006
14306	0.94859	0.	0.54341	5.5257e-006
14307	0.94353	0.	0.48085	6.5794e-006
14310	1.	0.	0.63437	4.1109e-006
14311	0.94859	0.	0.58571	4.8086e-006
14314	1.	0.	0.71896	3.1307e-006
14315	0.94859	0.	0.628	4.3682e-006
14316	0.93908	0.	0.68548	3.6041e-006
14318	1.	0.	0.80354	2.0227e-006
14319	0.94021	0.	0.78255	2.3468e-006
14320	0.93908	0.	0.72778	3.0909e-006
14324	1.	0.	0.88813	1.0353e-006
14325	0.94021	0.	0.82484	1.7855e-006
14326	0.94809	0.	0.87824	1.3162e-006
14329	0.94809	0.	0.92053	9.363e-007
14368	-5.e-002	0.	1.5e-002	8.4196e-002
14369	-3.e-002	0.	1.5e-002	0.12322
14371	-4.0117e-002	0.	2.6382e-002	7.8822e-002
14374	-6.5003e-002	0.	2.4859e-002	9.2531e-002
14375	-5.0117e-002	0.	2.6382e-002	7.3231e-002
14380	-1.3508e-002	0.	2.6469e-002	9.5634e-002
14381	-3.0117e-002	0.	2.6382e-002	9.5127e-002
14431	3.4091e-002	0.	0.	0.1225
14432	4.0582e-002	0.	1.9373e-002	1.8641e-002
14440	2.9218e-002	0.	1.9373e-002	0.12016
14445	-0.11409	0.	0.	8.6752e-002
14446	-0.12844	0.	2.8139e-002	1.545e-002
14447	-0.11215	0.	1.6768e-002	2.6512e-002
14455	-0.10079	0.	1.6768e-002	8.683e-002
14481	0.1035	0.	0.57593	1.9696e-005
14482	8.5814e-003	0.	0.58658	1.7444e-005
14483	-1.5234e-002	0.	0.53053	2.1405e-005
14484	0.10201	0.	0.50278	3.2547e-005
14485	5.6876e-002	0.	0.47452	3.89e-005
14486	1.5143e-002	0.	0.49397	3.1256e-005
14487	5.6319e-002	0.	0.58958	1.7763e-005
14491	-7.3842e-002	0.	0.32583	1.0554e-004
14492	-6.1388e-002	0.	0.38904	7.1073e-005
14493	-1.2741e-002	0.	0.31258	1.4193e-004
14494	2.3382e-002	0.	0.38872	6.7961e-005
14495	-1.8351e-002	0.	0.40816	6.2931e-005
14496	2.1999e-002	0.	0.3456	9.1354e-005
14500	0.51335	0.	0.58578	1.2536e-005
14501	0.46053	0.	0.54675	1.6196e-005
14502	0.45557	0.	0.48534	2.0678e-005
14503	0.58216	0.	0.47078	1.5295e-005
14504	0.58528	0.	0.55391	1.1777e-005
14505	0.52879	0.	0.42616	2.309e-005
14509	-0.46254	0.	0.58477	1.5415e-005
14510	-0.56115	0.	0.46712	1.7928e-005
14511	-0.54823	0.	0.58089	1.3985e-005
14512	-0.44136	0.	0.48047	2.934e-005
14513	-0.58318	0.	0.52321	1.4938e-005
14514	-0.49433	0.	0.47022	2.4921e-005
14515	-0.43813	0.	0.52806	2.1147e-005
14519	-1.7835e-002	0.	0.16016	1.2179e-003
14520	-5.8883e-003	0.	0.22751	4.4577e-004
14521	2.0978e-002	0.	0.17479	1.0291e-003
14522	-4.4466e-002	0.	0.19197	4.8743e-004
14523	4.6597e-002	0.	0.2296	4.6018e-004
14529	-0.34258	0.	0.39705	5.3061e-005
14530	-0.34603	0.	0.34688	6.4904e-005
14531	-0.29722	0.	0.31462	8.9136e-005
14532	-0.23792	0.	0.37013	6.6428e-005
14533	-0.25637	0.	0.33293	1.0035e-004
14534	-0.29658	0.	0.41119	5.2295e-005
14536	-0.75196	0.	0.66228	6.1052e-006
14537	-0.69614	0.	0.61366	7.8034e-006
14538	-0.77675	0.	0.51807	8.9997e-006
14539	-0.85221	0.	0.62507	5.4531e-006
14540	-0.73109	0.	0.55598	9.0548e-006
14541	-0.80399	0.	0.65242	5.675e-006
14542	-0.8268	0.	0.54248	7.4998e-006
14547	-0.12611	0.	0.69042	9.2854e-006
14548	-6.9958e-002	0.	0.69678	8.2573e-006
14549	-4.5918e-002	0.	0.75218	5.4415e-006
14550	-0.16687	0.	0.78269	5.2563e-006
14551	-0.12177	0.	0.82596	4.118e-006
14552	-7.5122e-002	0.	0.79777	4.2789e-006
14553	-0.15505	0.	0.73327	7.0837e-006
14557	0.21527	0.	0.38322	6.7739e-005
14558	0.32385	0.	0.36783	5.2965e-005
14559	0.32791	0.	0.44045	3.846e-005
14560	0.21239	0.	0.44694	4.6784e-005
14561	0.27391	0.	0.32713	9.393e-005
14562	0.22966	0.	0.33558	1.0597e-004
14563	0.25268	0.	0.47602	3.7607e-005
14567	0.19589	0.	0.74382	7.6774e-006
14568	0.31472	0.	0.81005	6.5279e-006
14569	0.2093	0.	0.67928	1.2279e-005
14570	0.23935	0.	0.80605	6.5568e-006
14571	0.31986	0.	0.72521	8.3794e-006
14572	0.27426	0.	0.67889	1.1285e-005
14576	-0.81937	0.	0.34639	1.3662e-005
14577	-0.68762	0.	0.36829	1.7159e-005
14578	-0.75531	0.	0.38647	1.3875e-005
14579	-0.77766	0.	0.27771	1.6368e-005
14580	-0.7196	0.	0.2781	2.3199e-005
14583	0.69	0.	0.32321	1.8124e-005
14584	0.81557	0.	0.29179	1.2075e-005
14585	0.7003	0.	0.40014	1.3764e-005
14586	0.76107	0.	0.43967	1.092e-005
14587	0.83161	0.	0.35306	1.0836e-005
14588	0.74483	0.	0.30176	1.5018e-005
14589	0.82363	0.	0.41209	9.818e-006
14594	0.84009	0.	0.60072	5.1285e-006
14595	0.71482	0.	0.60934	6.736e-006
14596	0.77248	0.	0.56574	7.3862e-006
14597	0.83058	0.	0.6582	4.4488e-006
14598	0.76469	0.	0.68105	4.6373e-006
14602	-0.53697	0.	0.24023	5.28e-005
14603	-0.57011	0.	0.364	3.3172e-005
14604	-0.45659	0.	0.26437	8.4704e-005
14605	-0.45376	0.	0.32719	5.6071e-005
14606	-0.50329	0.	0.36711	3.9199e-005
14607	-0.60209	0.	0.27381	3.8788e-005
14612	-0.37476	0.	0.67796	1.0552e-005
14613	-0.52122	0.	0.63912	1.0386e-005
14614	-0.37484	0.	0.61213	1.4794e-005
14615	-0.47395	0.	0.69183	9.4167e-006
14616	-0.41112	0.	0.58629	1.7839e-005
14621	-0.17336	0.	0.56481	2.338e-005
14622	-0.25896	0.	0.5418	2.583e-005
14623	-0.15369	0.	0.45943	4.7701e-005
14624	-0.14103	0.	0.51512	2.5879e-005
14625	-0.19381	0.	0.44145	5.1974e-005
14626	-0.25247	0.	0.48251	3.5122e-005
14632	0.42839	0.	0.2423	5.5895e-005
14633	0.54874	0.	0.22344	4.0985e-005
14634	0.4061	0.	0.16162	1.047e-004
14635	0.50567	0.	0.25574	4.4321e-005
14636	0.53142	0.	0.1506	4.6665e-005
14637	0.43188	0.	0.11936	8.727e-005
14641	-5.0576e-002	0.	0.1006	5.7714e-003
14642	-4.1706e-002	0.	7.1424e-002	6.1819e-003
14643	-9.6243e-002	0.	9.7951e-002	5.8236e-003
14644	-0.10119	0.	6.4285e-002	7.1314e-003
14645	-8.49e-002	0.	5.2914e-002	1.7542e-002
14646	-7.0477e-002	0.	5.3505e-002	3.6789e-002
14647	-5.5591e-002	0.	5.5028e-002	2.8952e-002
14653	-2.1334e-002	0.	9.9736e-002	5.3939e-003
14654	-7.5871e-002	0.	0.12626	1.4203e-003
14655	8.6092e-003	0.	0.14355	1.2706e-003
14656	-5.6835e-002	0.	0.16073	1.1207e-003
14662	0.44997	0.	0.62128	1.3426e-005
14663	0.57471	0.	0.62844	8.8326e-006
14664	0.44155	0.	0.68543	9.0104e-006
14665	0.54809	0.	0.70635	7.5242e-006
14666	0.48855	0.	0.72164	8.1722e-006
14670	0.1573	0.	0.11206	1.1981e-003
14671	0.27342	0.	0.14202	2.9041e-004
14672	0.24578	0.	0.182	2.8636e-004
14673	0.20153	0.	0.19045	2.8708e-004
14674	0.16428	0.	0.15877	4.5263e-004
14679	-0.66272	0.	0.68385	7.2442e-006
14680	-0.71738	0.	0.79749	4.4075e-006
14681	-0.66541	0.	0.76096	5.2635e-006
14682	-0.75705	0.	0.7668	4.4151e-006
14683	-0.77057	0.	0.72261	4.9618e-006
14687	0.14577	0.	0.68324	1.1896e-005
14688	0.10211	0.	0.82164	5.3832e-006
14689	0.17582	0.	0.81002	6.019e-006
14690	7.4895e-002	0.	0.7493	6.4401e-006
14691	9.8593e-002	0.	0.6969	8.9863e-006
14693	-0.15123	0.	0.2382	3.1367e-004
14694	-0.14775	0.	0.15495	1.2385e-003
14695	-0.19197	0.	0.13863	8.0113e-004
14696	-0.12871	0.	0.18942	4.5626e-004
14697	-0.19735	0.	0.24622	3.1633e-004
14698	-0.22523	0.	0.18338	3.8241e-004
14702	0.64902	0.	0.20198	2.3415e-005
14703	0.70385	0.	0.18052	2.0465e-005
14704	0.6317	0.	0.12915	2.9427e-005
14705	0.7272	0.	0.11945	2.0343e-005
14707	0.59856	0.	0.86494	3.8711e-006
14708	0.62632	0.	0.79764	4.4312e-006
14709	0.70281	0.	0.79145	3.6607e-006
14710	0.71484	0.	0.86772	2.9588e-006
14711	0.65371	0.	0.89271	3.3247e-006
14714	-0.33501	0.	0.77938	7.2953e-006
14715	-0.42068	0.	0.86243	4.8771e-006
14716	-0.29026	0.	0.82883	4.974e-006
14717	-0.3098	0.	0.8841	4.2105e-006
14718	-0.4342	0.	0.79324	5.9283e-006
14719	-0.37084	0.	0.8892	4.5671e-006
14725	-0.90678	0.	0.71906	3.5368e-006
14726	-0.86657	0.	0.84424	2.4796e-006
14727	-0.93861	0.	0.82574	2.2769e-006
14728	-0.84504	0.	0.79059	3.1144e-006
14729	-0.85856	0.	0.7464	3.7141e-006
14730	-0.94715	0.	0.74774	2.9454e-006
14734	-0.31405	0.	0.6471	1.3849e-005
14735	-0.26923	0.	0.76238	7.1619e-006
14736	-0.41317	0.	0.72679	8.0442e-006
14737	-0.2574	0.	0.71295	9.0532e-006
14743	1.1623e-002	0.	5.4651e-002	1.2994e-002
14744	1.7479e-002	0.	0.11437	5.6255e-003
14745	-9.7403e-003	0.	5.4247e-002	2.641e-002
14746	-2.6349e-002	0.	5.416e-002	2.9159e-002
14752	6.8994e-002	0.	6.5823e-002	1.0817e-002
14753	7.485e-002	0.	0.12554	1.6177e-003
14754	0.10926	0.	0.13962	1.217e-003
14759	0.15908	0.	0.40867	6.5509e-005
14760	0.11395	0.	0.38042	6.7245e-005
14761	0.17635	0.	0.29732	1.2093e-004
14762	0.11257	0.	0.3373	9.473e-005
14763	0.13031	0.	0.30638	1.7596e-004
14766	-0.90368	0.	0.29013	1.1996e-005
14767	-0.83218	0.	0.40398	1.0813e-005
14768	-0.94698	0.	0.33525	1.0157e-005
14769	-0.94264	0.	0.42747	8.5829e-006
14770	-0.88223	0.	0.42838	9.4753e-006
14771	-0.85453	0.	0.29522	1.3497e-005
14775	-0.88569	0.	0.16234	1.5367e-005
14776	-0.94911	0.	0.17822	1.2922e-005
14777	-0.95442	0.	0.26149	1.1478e-005
14778	-0.86197	0.	0.22146	1.4748e-005
14781	0.35682	0.	0.2335	1.0293e-004
14782	0.38317	0.	0.3868	4.1574e-005
14783	0.32917	0.	0.27348	9.948e-005
14784	0.45639	0.	0.32762	4.4151e-005
14789	0.63011	0.	0.35339	1.9414e-005
14790	0.67464	0.	0.255	2.062e-005
14791	0.57674	0.	0.30876	2.7286e-005
14792	0.60249	0.	0.20362	2.9484e-005
14796	-0.36804	0.	0.15411	2.1628e-004
14797	-0.27017	0.	9.5386e-002	7.791e-004
14798	-0.38349	0.	9.5164e-002	2.2707e-004
14799	-0.30344	0.	0.14013	2.9091e-004
14804	0.45395	0.	0.88361	4.5755e-006
14805	0.29466	0.	0.87624	4.8287e-006
14806	0.37517	0.	0.7954	6.7816e-006
14807	0.42217	0.	0.83161	5.7898e-006
14812	-0.54879	0.	0.83424	4.8831e-006
14813	-0.49883	0.	0.80984	5.7795e-006
14814	-0.5497	0.	0.90382	4.2128e-006
14815	-0.43547	0.	0.9058	4.3603e-006
14820	0.88699	0.	0.27488	1.056e-005
14821	0.80021	0.	0.22358	1.465e-005
14822	0.88121	0.	0.1543	1.2627e-005
14823	0.82356	0.	0.16251	1.4544e-005
14829	-0.11606	0.	0.35332	1.0738e-004
14830	-6.7411e-002	0.	0.27686	1.4346e-004
14831	-0.15617	0.	0.33534	1.1048e-004
14832	-0.10599	0.	0.24133	3.2515e-004
14833	-0.17463	0.	0.29814	1.3504e-004
14837	-0.64666	0.	0.1329	4.2459e-005
14838	-0.48609	0.	0.18429	8.8678e-005
14839	-0.50154	0.	0.12534	1.0078e-004
14840	-0.63158	0.	0.19374	4.4317e-005
14845	-0.70043	0.	0.42588	1.4515e-005
14846	-0.65477	0.	0.46379	1.4576e-005
14847	-0.56593	0.	0.4108	2.4223e-005
14848	-0.66472	0.	0.31751	2.3621e-005
14855	-8.68e-002	0.	0.63364	1.1e-005
14856	-0.22854	0.	0.60428	1.5041e-005
14857	-0.11062	0.	0.57759	1.6632e-005
14858	-0.17189	0.	0.67013	1.0945e-005
14861	0.15769	0.	0.54555	3.0653e-005
14862	0.22415	0.	0.61831	1.5078e-005
14863	0.112	0.	0.63235	1.3308e-005
14864	0.19798	0.	0.57463	1.988e-005
14871	0.39219	0.	0.52084	2.1657e-005
14872	0.38873	0.	0.6464	1.2964e-005
14873	0.34313	0.	0.60008	1.5674e-005
14874	0.31697	0.	0.5564	2.0602e-005
14879	-0.60959	0.	0.71234	7.051e-006
14880	-0.64185	0.	0.57756	1.0091e-005
14881	-0.55963	0.	0.68795	7.8141e-006
14885	-5.4468e-002	0.	0.58395	1.5838e-005
14886	-6.6123e-003	0.	0.6954	8.2266e-006
14887	1.7086e-002	0.	0.643	1.0606e-005
14891	-0.30765	0.	0.52198	2.8178e-005
14892	-0.35042	0.	0.55542	2.0648e-005
14893	-0.25748	0.	0.64713	1.3423e-005
14897	0.56563	0.	0.8197	4.8335e-006
14898	0.59302	0.	0.91476	3.7617e-006
14899	0.5061	0.	0.83499	5.5424e-006
14902	0.14557	0.	0.88387	4.0819e-006
14903	4.4639e-002	0.	0.82314	4.5163e-006
14904	1.5435e-002	0.	0.86873	2.9108e-006
14909	-9.0943e-002	0.	0.47222	4.2469e-005
14910	-6.0566e-002	0.	0.43565	5.0353e-005
14911	-0.14372	0.	0.39854	6.3701e-005
14915	-0.39661	0.	0.38424	5.2518e-005
14916	-0.34716	0.	0.44854	3.8586e-005
14917	-0.44614	0.	0.42416	3.4992e-005
14918	-0.38994	0.	0.48199	3.1695e-005
14921	0.8883	0.	0.85724	1.6924e-006
14922	0.87929	0.	0.74908	2.8807e-006
14923	0.8134	0.	0.77192	3.0107e-006
14924	0.82542	0.	0.8482	2.2321e-006
14930	-0.72246	0.	0.48197	1.115e-005
14931	-0.81817	0.	0.46847	9.6837e-006
14934	-0.66425	0.	0.82598	4.2527e-006
14935	-0.77742	0.	0.88547	2.7634e-006
14936	-0.75589	0.	0.83182	3.3379e-006
14937	-0.66515	0.	0.89556	3.5413e-006
14947	0.30688	0.	0.1928	1.4395e-004
14948	0.3603	0.	0.11056	1.3279e-004
14951	-0.79355	0.	0.10698	2.1829e-005
14952	-0.76984	0.	0.1661	2.1193e-005
14953	-0.71178	0.	0.16648	2.7653e-005
14959	0.46045	0.	0.40025	2.7763e-005
14960	0.312	0.	0.49499	2.464e-005
14965	-0.40288	0.	0.27125	9.1704e-005
14966	-0.35408	0.	0.23898	1.1338e-004
14967	-0.42116	0.	0.14947	1.2822e-004
14968	-0.34111	0.	0.19444	2.059e-004
14973	-0.12648	0.	8.9945e-002	5.0538e-003
14974	-0.16576	0.	0.10729	1.4466e-003
14975	-0.1025	0.	0.15808	1.1783e-003
14980	-4.7906e-002	0.	0.49134	3.0089e-005
14985	0.82957	0.	0.54435	7.21e-006
14986	0.88768	0.	0.63682	4.3486e-006
14987	0.89212	0.	0.51677	6.1393e-006
14991	-1.1776e-002	0.	0.79639	4.3412e-006
14992	4.1125e-002	0.	0.6984	8.4121e-006
14996	-0.17937	0.	0.8551	3.8371e-006
14997	-0.24401	0.	0.8671	4.1213e-006
14998	-0.21265	0.	0.76241	7.0508e-006
15003	0.64353	0.	0.51344	1.1785e-005
15004	0.70118	0.	0.46984	1.2411e-005
15005	0.58704	0.	0.38569	2.3355e-005
15009	0.11107	0.	0.44414	4.8142e-005
15010	0.19649	0.	0.50148	3.4329e-005
15015	0.7043	0.	0.55297	8.7011e-006
15016	0.62001	0.	0.67448	6.6932e-006
15017	0.69651	0.	0.66828	6.0591e-006
15021	-8.7624e-002	0.	0.87018	2.3881e-006
15022	-0.19891	0.	0.91037	2.831e-006
15026	-0.56232	0.	0.76505	5.9463e-006
15027	-0.61318	0.	0.85903	4.3964e-006
15031	-0.1707	0.	7.3626e-002	4.8378e-003
15032	-0.11514	0.	4.4907e-002	2.0445e-002
15037	0.33471	0.	0.66424	1.1518e-005
15038	0.42731	0.	0.74677	7.7112e-006
15043	0.23499	0.	0.24124	1.4753e-004
15048	0.26294	0.	0.57424	1.9339e-005
15052	0.82451	0.	0.48179	8.2075e-006
15057	0.89504	0.	0.39518	8.2459e-006
15060	-0.95403	0.	0.57456	5.2822e-006
15061	-0.87082	0.	0.68541	4.2597e-006
15062	-0.89363	0.	0.57547	6.2224e-006
15063	-0.95941	0.	0.68675	3.6296e-006
15069	-4.4888e-002	0.	0.22807	3.1029e-004
15070	2.843e-002	0.	0.29663	1.485e-004
15071	4.6176e-002	0.	0.2657	2.1181e-004
15075	-0.91066	0.	0.88993	1.8034e-006
15076	-0.81709	0.	0.85478	2.7407e-006
15081	2.4204e-002	0.	0.43533	4.3547e-005
15082	6.4553e-002	0.	0.37277	8.0431e-005
15086	4.1566e-002	0.	9.8461e-002	1.0421e-002
15087	1.4346e-002	0.	3.8342e-002	2.9462e-002
15094	0.15349	0.	0.21801	3.3526e-004
15095	0.1447	0.	0.25874	2.0732e-004
15102	0.75281	0.	0.17247	1.7364e-005
15106	-0.99124	0.	0.79343	2.3332e-006
15113	-0.35125	0.	0.3018	8.9642e-005
15114	-0.44959	0.	0.37399	4.8491e-005
15119	-0.24325	0.	0.13572	7.6844e-004
15124	-0.2616	0.	0.28785	1.2167e-004
15125	-0.28948	0.	0.225	2.0494e-004
15132	0.83331	0.	0.90159	1.822e-006
15138	0.81227	0.	0.71715	3.6811e-006
15143	8.1835e-002	0.	0.17225	1.0086e-003
15144	7.3042e-002	0.	0.21299	8.9498e-004
15151	-8.443e-002	0.	3.4128e-002	4.5035e-002
15155	0.10745	0.	0.22707	3.7691e-004
15160	-5.512e-002	0.	3.6241e-002	4.1553e-002
15171	-0.20229	0.	0.34336	1.0047e-004
15172	-0.2425	0.	0.42162	5.3573e-005
15183	-2.3625e-002	0.	3.7852e-002	4.0111e-002
15189	0.66988	0.	0.7462	4.6307e-006
15190	0.53385	0.	0.76769	6.0782e-006
15196	-0.32459	0.	0.92747	3.6559e-006
15209	-0.80909	0.	0.75695	3.9148e-006
15214	-0.24863	0.	0.24331	2.0982e-004
15219	-0.92368	0.	0.12419	1.502e-005
15220	-0.83653	0.	0.16742	1.6781e-005
15223	-0.99241	0.	0.22334	1.113e-005
15235	-0.34393	0.	0.49613	3.0885e-005
15239	-0.99337	0.	0.39883	8.0521e-006
15243	0.83382	0.	0.1032	1.5377e-005
15248	-0.92862	0.	0.49196	7.2711e-006
15253	0.7584	0.	0.81627	3.2059e-006
15270	8.0916e-002	0.	0.29873	1.8425e-004
15272	0.7093	0.	0.91754	2.8044e-006
15286	-0.75476	0.	0.22693	2.2907e-005
