Node Number	X Location (m)	Y Location (m)	Z Location (m)	Total Magnetic Flux Density (T)
95	-0.36	0.	4.5e-002	0.91093
96	-0.3375	0.	4.5e-002	1.1886
97	-0.315	0.	4.5e-002	1.6027
98	-0.27	0.	4.5e-002	2.0145
99	-0.225	0.	4.5e-002	2.2922
100	-0.18	0.	4.5e-002	2.3961
101	-0.135	0.	4.5e-002	2.3334
102	-9.e-002	0.	4.5e-002	1.9777
103	-4.5e-002	0.	4.5e-002	1.5979
104	0.	0.	4.5e-002	0.99431
105	-2.25e-002	0.	4.5e-002	1.266
169	-2.25e-002	0.	-4.5e-002	1.1274
170	0.	0.	-4.5e-002	0.93094
171	-4.5e-002	0.	-4.5e-002	1.688
172	-9.e-002	0.	-4.5e-002	1.9658
173	-0.135	0.	-4.5e-002	2.3354
174	-0.18	0.	-4.5e-002	2.3957
175	-0.225	0.	-4.5e-002	2.3129
176	-0.27	0.	-4.5e-002	2.0587
177	-0.315	0.	-4.5e-002	1.5779
178	-0.3375	0.	-4.5e-002	1.1531
179	-0.36	0.	-4.5e-002	0.87683
541	0.	0.	0.	0.78508
542	-0.36	0.	0.	0.75798
971	-4.5e-002	0.	0.	1.5686
972	-0.315	0.	0.	1.5063
973	-0.1125	0.	0.	2.2394
974	-0.2025	0.	0.	2.3901
2490	-0.34875	0.	4.5e-002	1.0374
2492	-0.36	0.	2.25e-002	0.78758
2497	-0.32625	0.	4.5e-002	1.3908
2499	-0.34875	0.	2.25e-002	0.95391
2500	-0.32625	0.	2.25e-002	1.326
2503	-0.2925	0.	4.5e-002	1.805
2505	-0.315	0.	2.25e-002	1.5474
2508	-0.2475	0.	4.5e-002	2.1529
2510	-0.27	0.	0.	2.0343
2511	-0.2925	0.	2.25e-002	1.7591
2514	-0.2025	0.	4.5e-002	2.344
2516	-0.2475	0.	0.	2.1745
2517	-0.21375	0.	2.25e-002	2.3411
2519	-0.1575	0.	4.5e-002	2.3647
2521	-0.14625	0.	2.25e-002	2.3177
2522	-0.19125	0.	2.25e-002	2.3931
2525	-0.1125	0.	4.5e-002	2.1548
2527	-0.12375	0.	2.25e-002	2.2863
2529	-6.75e-002	0.	4.5e-002	1.7842
2531	-6.75e-002	0.	2.25e-002	1.7703
2532	-0.10125	0.	2.25e-002	2.1073
2534	-3.375e-002	0.	4.5e-002	1.4274
2536	-4.5e-002	0.	2.25e-002	1.5741
2539	-1.125e-002	0.	4.5e-002	1.1238
2541	0.	0.	2.25e-002	0.849
2547	-1.125e-002	0.	2.25e-002	1.0016
2548	-3.375e-002	0.	2.25e-002	1.3927
2832	-1.125e-002	0.	-4.5e-002	1.0002
2833	-3.375e-002	0.	-4.5e-002	1.4022
2834	-1.125e-002	0.	-2.25e-002	0.94479
2835	-3.375e-002	0.	-2.25e-002	1.3321
2838	0.	0.	-2.25e-002	0.79768
2842	-6.75e-002	0.	-4.5e-002	1.825
2843	-4.5e-002	0.	-2.25e-002	1.6241
2845	-0.1125	0.	-4.5e-002	2.1497
2846	-6.75e-002	0.	-2.25e-002	1.766
2847	-0.10125	0.	-2.25e-002	2.1011
2850	-0.1575	0.	-4.5e-002	2.3654
2851	-0.12375	0.	-2.25e-002	2.2873
2853	-0.2025	0.	-4.5e-002	2.354
2854	-0.14625	0.	-2.25e-002	2.3175
2855	-0.19125	0.	-2.25e-002	2.3929
2858	-0.2475	0.	-4.5e-002	2.1857
2859	-0.21375	0.	-2.25e-002	2.3513
2861	-0.2925	0.	-4.5e-002	1.8135
2862	-0.2925	0.	-2.25e-002	1.7819
2863	-0.23625	0.	-2.25e-002	2.224
2867	-0.32625	0.	-4.5e-002	1.3591
2868	-0.315	0.	-2.25e-002	1.5365
2871	-0.34875	0.	-4.5e-002	1.0036
2872	-0.34875	0.	-2.25e-002	0.93584
2873	-0.32625	0.	-2.25e-002	1.3078
2878	-0.36	0.	-2.25e-002	0.77404
5067	-2.25e-002	0.	0.	1.1735
5077	-0.3375	0.	0.	1.1281
7961	-7.875e-002	0.	0.	1.9029
7973	-0.1575	0.	0.	2.3147
64	-0.3375	0.	-5.625e-002	0.36519
65	-0.315	0.	-5.625e-002	0.25376
66	-0.27	0.	-5.625e-002	0.16061
67	-0.225	0.	-5.625e-002	8.4824e-002
68	-0.18	0.	-5.625e-002	4.8803e-002
69	-0.135	0.	-5.625e-002	8.4423e-002
70	-9.e-002	0.	-5.625e-002	0.16169
71	-4.5e-002	0.	-5.625e-002	0.25566
72	-2.25e-002	0.	-5.625e-002	0.36282
73	-2.25e-002	0.	5.625e-002	0.36624
74	-4.5e-002	0.	5.625e-002	0.25638
75	-9.e-002	0.	5.625e-002	0.16207
76	-0.135	0.	5.625e-002	8.4457e-002
77	-0.18	0.	5.625e-002	4.9069e-002
78	-0.225	0.	5.625e-002	8.3428e-002
79	-0.27	0.	5.625e-002	0.15957
80	-0.315	0.	5.625e-002	0.25603
81	-0.3375	0.	5.625e-002	0.36476
82	0.	0.	5.625e-002	0.43645
83	0.	0.	6.75e-002	0.32789
84	-2.25e-002	0.	6.75e-002	0.29718
85	-4.5e-002	0.	6.75e-002	0.2321
86	-9.e-002	0.	6.75e-002	0.15674
87	-0.135	0.	6.75e-002	9.9377e-002
88	-0.18	0.	6.75e-002	7.841e-002
89	-0.225	0.	6.75e-002	9.8992e-002
90	-0.27	0.	6.75e-002	0.15415
91	-0.315	0.	6.75e-002	0.23196
92	-0.3375	0.	6.75e-002	0.29583
93	-0.36	0.	5.625e-002	0.43315
94	-0.36	0.	6.75e-002	0.32475
95	-0.36	0.	4.5e-002	0.54218
96	-0.3375	0.	4.5e-002	0.43448
97	-0.315	0.	4.5e-002	0.28147
98	-0.27	0.	4.5e-002	0.1702
99	-0.225	0.	4.5e-002	7.5946e-002
100	-0.18	0.	4.5e-002	1.9729e-002
101	-0.135	0.	4.5e-002	7.7417e-002
102	-9.e-002	0.	4.5e-002	0.17257
103	-4.5e-002	0.	4.5e-002	0.28203
104	0.	0.	4.5e-002	0.54565
105	-2.25e-002	0.	4.5e-002	0.43607
169	-2.25e-002	0.	-4.5e-002	0.43276
170	0.	0.	-4.5e-002	0.54151
171	-4.5e-002	0.	-4.5e-002	0.28087
172	-9.e-002	0.	-4.5e-002	0.17189
173	-0.135	0.	-4.5e-002	7.7252e-002
174	-0.18	0.	-4.5e-002	1.9598e-002
175	-0.225	0.	-4.5e-002	7.7423e-002
176	-0.27	0.	-4.5e-002	0.17093
177	-0.315	0.	-4.5e-002	0.27979
178	-0.3375	0.	-4.5e-002	0.43505
179	-0.36	0.	-4.5e-002	0.54532
273	-0.3375	0.	-6.75e-002	0.2961
274	-0.36	0.	-6.75e-002	0.32816
275	-0.315	0.	-6.75e-002	0.22907
276	-0.27	0.	-6.75e-002	0.15559
277	-0.225	0.	-6.75e-002	0.10006
278	-0.18	0.	-6.75e-002	7.8008e-002
279	-0.135	0.	-6.75e-002	9.9516e-002
280	-9.e-002	0.	-6.75e-002	0.15666
281	-4.5e-002	0.	-6.75e-002	0.23186
282	-2.25e-002	0.	-6.75e-002	0.29375
283	0.	0.	-6.75e-002	0.32272
293	-0.36	0.	-5.625e-002	0.43638
297	0.	0.	-5.625e-002	0.43175
2362	-0.32625	0.	-5.625e-002	0.30726
2363	-0.3375	0.	-5.0625e-002	0.40005
2364	-0.3375	0.	-6.1875e-002	0.33052
2365	-0.34875	0.	-5.625e-002	0.39987
2366	-0.2925	0.	-5.625e-002	0.20655
2367	-0.315	0.	-5.0625e-002	0.26663
2368	-0.315	0.	-6.1875e-002	0.24122
2369	-0.2475	0.	-5.625e-002	0.12115
2370	-0.27	0.	-5.0625e-002	0.16516
2371	-0.27	0.	-6.1875e-002	0.15739
2372	-0.2025	0.	-5.625e-002	6.0295e-002
2373	-0.225	0.	-5.0625e-002	7.9955e-002
2374	-0.225	0.	-6.1875e-002	9.1659e-002
2375	-0.1575	0.	-5.625e-002	6.02e-002
2376	-0.18	0.	-5.0625e-002	3.42e-002
2377	-0.18	0.	-6.1875e-002	6.3405e-002
2378	-0.1125	0.	-5.625e-002	0.12147
2379	-0.135	0.	-5.0625e-002	7.9658e-002
2380	-0.135	0.	-6.1875e-002	9.1177e-002
2381	-6.75e-002	0.	-5.625e-002	0.2081
2382	-9.e-002	0.	-5.0625e-002	0.1662
2383	-9.e-002	0.	-6.1875e-002	0.15849
2384	-3.375e-002	0.	-5.625e-002	0.30703
2385	-4.5e-002	0.	-5.0625e-002	0.26811
2386	-4.5e-002	0.	-6.1875e-002	0.24356
2387	-2.25e-002	0.	-5.0625e-002	0.39771
2388	-2.25e-002	0.	-6.1875e-002	0.32814
2389	-1.125e-002	0.	-5.625e-002	0.39632
2390	-3.375e-002	0.	5.625e-002	0.30911
2391	-1.125e-002	0.	5.625e-002	0.4004
2392	-2.25e-002	0.	6.1875e-002	0.33158
2393	-2.25e-002	0.	5.0625e-002	0.40108
2394	-6.75e-002	0.	5.625e-002	0.20864
2395	-4.5e-002	0.	6.1875e-002	0.24405
2396	-4.5e-002	0.	5.0625e-002	0.26906
2397	-0.1125	0.	5.625e-002	0.1217
2398	-9.e-002	0.	6.1875e-002	0.15872
2399	-9.e-002	0.	5.0625e-002	0.16673
2400	-0.1575	0.	5.625e-002	6.0157e-002
2401	-0.135	0.	6.1875e-002	9.1126e-002
2402	-0.135	0.	5.0625e-002	7.9767e-002
2403	-0.2025	0.	5.625e-002	6.0095e-002
2404	-0.18	0.	6.1875e-002	6.3739e-002
2405	-0.18	0.	5.0625e-002	3.4399e-002
2406	-0.2475	0.	5.625e-002	0.11976
2407	-0.225	0.	6.1875e-002	9.041e-002
2408	-0.225	0.	5.0625e-002	7.8474e-002
2409	-0.2925	0.	5.625e-002	0.20718
2410	-0.27	0.	6.1875e-002	0.15616
2411	-0.27	0.	5.0625e-002	0.16429
2412	-0.32625	0.	5.625e-002	0.30828
2413	-0.315	0.	6.1875e-002	0.24379
2414	-0.315	0.	5.0625e-002	0.2686
2415	-0.3375	0.	6.1875e-002	0.33016
2416	-0.34875	0.	5.625e-002	0.39803
2417	-0.3375	0.	5.0625e-002	0.39954
2418	0.	0.	6.1875e-002	0.38206
2419	0.	0.	5.0625e-002	0.491
2422	-1.125e-002	0.	6.75e-002	0.31173
2428	-3.375e-002	0.	6.75e-002	0.26232
2434	-6.75e-002	0.	6.75e-002	0.19285
2439	-0.1125	0.	6.75e-002	0.12548
2445	-0.1575	0.	6.75e-002	8.4047e-002
2452	-0.2025	0.	6.75e-002	8.43e-002
2458	-0.2475	0.	6.75e-002	0.12375
2464	-0.2925	0.	6.75e-002	0.1914
2468	-0.32625	0.	6.75e-002	0.26168
2476	-0.34875	0.	6.75e-002	0.30949
2480	-0.36	0.	6.1875e-002	0.37884
2481	-0.36	0.	5.0625e-002	0.48761
2490	-0.34875	0.	4.5e-002	0.48734
2497	-0.32625	0.	4.5e-002	0.35611
2503	-0.2925	0.	4.5e-002	0.22576
2508	-0.2475	0.	4.5e-002	0.12266
2514	-0.2025	0.	4.5e-002	4.2168e-002
2519	-0.1575	0.	4.5e-002	4.2605e-002
2525	-0.1125	0.	4.5e-002	0.12464
2529	-6.75e-002	0.	4.5e-002	0.22723
2534	-3.375e-002	0.	4.5e-002	0.3571
2539	-1.125e-002	0.	4.5e-002	0.48984
2832	-1.125e-002	0.	-4.5e-002	0.48609
2833	-3.375e-002	0.	-4.5e-002	0.35484
2837	0.	0.	-5.0625e-002	0.48657
2842	-6.75e-002	0.	-4.5e-002	0.22631
2845	-0.1125	0.	-4.5e-002	0.12421
2850	-0.1575	0.	-4.5e-002	4.2716e-002
2853	-0.2025	0.	-4.5e-002	4.2584e-002
2858	-0.2475	0.	-4.5e-002	0.1238
2861	-0.2925	0.	-4.5e-002	0.22528
2867	-0.32625	0.	-4.5e-002	0.35545
2871	-0.34875	0.	-4.5e-002	0.48917
2877	-0.36	0.	-5.0625e-002	0.49079
3475	-0.34875	0.	-6.75e-002	0.31137
3476	-0.32625	0.	-6.75e-002	0.26027
3482	-0.36	0.	-6.1875e-002	0.38214
3487	-0.2925	0.	-6.75e-002	0.19065
3491	-0.2475	0.	-6.75e-002	0.1253
3496	-0.2025	0.	-6.75e-002	8.4249e-002
3501	-0.1575	0.	-6.75e-002	8.405e-002
3506	-0.1125	0.	-6.75e-002	0.12546
3511	-6.75e-002	0.	-6.75e-002	0.19273
3516	-3.375e-002	0.	-6.75e-002	0.26053
3521	-1.125e-002	0.	-6.75e-002	0.30741
3525	0.	0.	-6.1875e-002	0.3771
170	0.	0.	-4.5e-002	0.40312
179	-0.36	0.	-4.5e-002	0.41802
273	-0.3375	0.	-6.75e-002	0.21663
274	-0.36	0.	-6.75e-002	0.24668
275	-0.315	0.	-6.75e-002	0.17787
276	-0.27	0.	-6.75e-002	0.1262
277	-0.225	0.	-6.75e-002	9.4633e-002
278	-0.18	0.	-6.75e-002	8.046e-002
279	-0.135	0.	-6.75e-002	9.2762e-002
280	-9.e-002	0.	-6.75e-002	0.12736
281	-4.5e-002	0.	-6.75e-002	0.16618
282	-2.25e-002	0.	-6.75e-002	0.21663
283	0.	0.	-6.75e-002	0.19715
293	-0.36	0.	-5.625e-002	0.35039
297	0.	0.	-5.625e-002	0.34665
364	1.	0.	-9.7045e-002	7.3809e-004
365	1.	0.	-0.19409	6.6098e-004
366	1.	0.	-0.29114	5.8714e-004
367	1.	0.	-0.38818	5.27e-004
368	1.	0.	-0.48523	3.9619e-004
369	1.	0.	-0.58227	3.2619e-004
370	1.	0.	-0.67932	2.5348e-004
371	1.	0.	-0.77636	1.6915e-004
372	1.	0.	-0.87341	1.0589e-004
373	1.	0.	-0.97045	6.0956e-005
384	0.90167	0.	-1.0675	5.6524e-005
385	0.80333	0.	-1.0675	1.0147e-004
386	0.705	0.	-1.0675	1.5255e-004
387	0.60667	0.	-1.0675	2.0726e-004
388	0.50833	0.	-1.0675	2.6383e-004
389	0.41	0.	-1.0675	2.928e-004
390	0.31167	0.	-1.0675	3.1417e-004
391	0.21333	0.	-1.0675	3.0742e-004
392	0.115	0.	-1.0675	2.6799e-004
393	1.6667e-002	0.	-1.0675	2.0912e-004
394	-8.1667e-002	0.	-1.0675	1.1609e-004
395	-0.18	0.	-1.0675	6.623e-005
396	-0.27833	0.	-1.0675	1.1791e-004
397	-0.37667	0.	-1.0675	2.0383e-004
398	-0.475	0.	-1.0675	2.8764e-004
399	-0.57333	0.	-1.0675	3.1662e-004
400	-0.67167	0.	-1.0675	2.9584e-004
401	-0.77	0.	-1.0675	2.9076e-004
402	-0.86833	0.	-1.0675	2.5918e-004
403	-0.96667	0.	-1.0675	1.9917e-004
404	-1.065	0.	-1.0675	1.7426e-004
405	-1.1633	0.	-1.0675	1.1422e-004
406	-1.2617	0.	-1.0675	4.6852e-005
412	-1.36	0.	-0.97045	4.7396e-005
413	-1.36	0.	-0.87341	1.1772e-004
414	-1.36	0.	-0.77636	1.8103e-004
415	-1.36	0.	-0.67932	2.3797e-004
416	-1.36	0.	-0.58227	3.2206e-004
417	-1.36	0.	-0.48523	4.3639e-004
418	-1.36	0.	-0.38818	5.0029e-004
419	-1.36	0.	-0.29114	5.9652e-004
420	-1.36	0.	-0.19409	6.7764e-004
421	-1.36	0.	-9.7045e-002	7.1432e-004
427	0.1	0.	0.	8.1999e-002
428	0.2	0.	0.	2.033e-002
429	0.3	0.	0.	6.6338e-003
430	0.4	0.	0.	4.3791e-003
431	0.5	0.	0.	2.7684e-003
432	0.6	0.	0.	1.861e-003
433	0.7	0.	0.	1.2731e-003
434	0.8	0.	0.	9.261e-004
435	0.9	0.	0.	7.8575e-004
436	-1.26	0.	0.	7.6532e-004
437	-1.16	0.	0.	9.314e-004
438	-1.06	0.	0.	1.3421e-003
439	-0.96	0.	0.	1.752e-003
440	-0.86	0.	0.	2.7794e-003
441	-0.76	0.	0.	5.2644e-003
442	-0.66	0.	0.	9.5337e-003
443	-0.56	0.	0.	1.8923e-002
444	-0.46	0.	0.	8.3797e-002
541	0.	0.	0.	0.4272
542	-0.36	0.	0.	0.40987
547	1.	0.	-1.0675	3.0762e-005
548	1.	0.	0.	7.299e-004
549	-1.36	0.	-1.0675	2.6943e-005
550	-1.36	0.	0.	7.3008e-004
719	0.12084	0.	-0.39916	3.9713e-003
720	-0.53584	0.	-0.73895	7.2354e-004
721	-0.48829	0.	-0.41184	3.9941e-003
722	0.56722	0.	-0.47516	9.5211e-004
723	-0.22722	0.	-0.58359	1.3381e-003
724	-0.40011	0.	-0.23814	1.7606e-002
725	5.2816e-002	0.	-0.24501	1.6059e-002
726	-0.96984	0.	-0.6232	5.4943e-004
727	0.22166	0.	-0.75064	6.8176e-004
728	-0.17539	0.	-0.2295	1.7977e-002
729	-0.71389	0.	-0.50527	1.5707e-003
730	-0.14858	0.	-0.80692	4.4682e-004
731	-0.20285	0.	-0.38887	4.5022e-003
732	-1.0209	0.	-0.29113	1.0799e-003
733	-7.4281e-003	0.	-0.66522	9.0874e-004
734	0.6162	0.	-0.77386	3.5921e-004
735	0.20259	0.	-0.26722	7.8448e-003
736	-9.5892e-002	0.	-0.11094	8.3747e-002
737	-0.22046	0.	-0.1844	2.9324e-002
738	0.2566	0.	-0.45088	2.5048e-003
739	-0.70017	0.	-0.16064	5.3395e-003
740	-0.11513	0.	-0.3578	6.172e-003
741	0.581	0.	-0.31937	1.3561e-003
742	-0.37731	0.	-0.12306	7.8941e-002
743	3.463e-002	0.	-0.17861	3.2222e-002
744	-4.8056e-002	0.	-0.54898	1.8777e-003
745	-0.9345	0.	-0.79781	3.4289e-004
746	-0.38627	0.	-0.79214	4.9653e-004
747	-1.2217	0.	-0.82118	1.7004e-004
748	0.45856	0.	-0.29053	2.2843e-003
749	-0.44921	0.	-0.50662	2.2598e-003
750	0.71145	0.	-0.53862	5.3606e-004
751	-0.10814	0.	-0.21092	2.5132e-002
752	-0.33513	0.	-0.2926	1.1251e-002
753	0.33684	0.	-0.6559	8.3793e-004
754	0.37021	0.	-0.80615	4.5929e-004
755	0.12951	0.	-0.51961	2.047e-003
756	-4.3571e-002	0.	-0.76478	5.1611e-004
757	0.78069	0.	-0.2298	8.2576e-004
758	-0.32941	0.	-0.46102	3.254e-003
759	-1.1398	0.	-0.55854	4.3615e-004
760	-0.673	0.	-0.94345	3.4289e-004
761	-0.57984	0.	-0.25481	7.3002e-003
762	-0.69593	0.	-0.33684	2.9577e-003
763	-0.84495	0.	-0.23664	2.4786e-003
764	-0.85041	0.	-0.39744	1.4816e-003
765	0.86794	0.	-0.76356	2.1014e-004
766	0.3013	0.	-0.13361	8.71e-003
767	0.18163	0.	-0.16503	1.5021e-002
768	0.1222	0.	-0.10009	3.4536e-002
769	6.5023e-002	0.	-0.1083	7.3826e-002
770	-2.0589e-004	0.	-0.3707	5.7884e-003
771	-0.15136	0.	-0.14604	5.4226e-002
772	-0.38032	0.	-0.94011	2.8119e-004
773	2.7642e-003	0.	-0.11997	8.4423e-002
774	0.153	0.	-0.91719	3.5527e-004
775	-0.31931	0.	-0.67989	8.9264e-004
776	-1.2086	0.	-0.25347	7.3394e-004
777	-0.76216	0.	-0.79286	4.9538e-004
778	-5.0354e-002	0.	-0.30039	1.0977e-002
779	-7.4385e-002	0.	-0.44767	3.2062e-003
780	-0.49867	0.	-0.1	3.3153e-002
781	-0.43311	0.	-9.5367e-002	7.1486e-002
782	0.47549	0.	-0.71641	5.2144e-004
783	-0.25786	0.	-0.25384	1.6432e-002
784	-0.96254	0.	-0.94408	2.3422e-004
785	0.4088	0.	-0.46989	1.5551e-003
786	-0.19438	0.	-0.6925	6.7845e-004
787	-0.58889	0.	-0.45305	2.379e-003
788	0.5342	0.	-0.15377	2.3451e-003
789	-0.57556	0.	-0.5787	1.2996e-003
790	-0.51172	0.	-0.90778	4.3607e-004
791	0.8133	0.	-0.92217	1.3988e-004
792	-1.0852	0.	-0.72303	3.4997e-004
793	0.86436	0.	-0.45022	4.832e-004
794	0.31751	0.	-0.2597	4.1277e-003
795	0.42107	0.	-0.96442	3.0795e-004
796	-0.19082	0.	-0.30361	9.2042e-003
797	-0.81989	0.	-0.92377	3.3375e-004
798	-0.26648	0.	-0.34039	7.5028e-003
799	-1.0031	0.	-0.47818	7.7547e-004
800	-3.7823e-002	0.	-0.18681	3.6672e-002
801	3.0333e-003	0.	-0.9644	2.3533e-004
802	-0.32495	0.	-0.22905	2.0872e-002
803	0.59021	0.	-0.63554	6.0181e-004
804	-0.95626	0.	-0.11541	1.7005e-003
805	-0.44182	0.	-0.64157	1.1638e-003
806	2.7917e-002	0.	-0.47491	2.8279e-003
807	-0.38546	0.	-7.3853e-002	0.17632
808	-1.1538	0.	-0.40523	6.2974e-004
809	0.65179	0.	-0.92618	2.1418e-004
810	-0.31933	0.	-0.10917	9.9712e-002
811	-0.14517	0.	-0.51471	2.2194e-003
812	-0.83889	0.	-0.55748	8.7523e-004
813	6.9545e-002	0.	-0.77866	5.6113e-004
814	0.11238	0.	-0.63694	1.1669e-003
815	0.45093	0.	-0.58156	9.0594e-004
816	-0.33039	0.	-0.56287	1.6293e-003
817	2.3482e-002	0.	-7.4232e-002	0.15838
818	0.67064	0.	-0.22308	1.3077e-003
819	-0.51934	0.	-0.19214	1.55e-002
820	-0.12122	0.	-0.62074	1.2021e-003
821	-0.33635	0.	-0.37537	5.7812e-003
822	0.28412	0.	-0.93259	3.7619e-004
823	0.72762	0.	-0.36695	8.0312e-004
824	0.23051	0.	-0.58262	1.307e-003
825	-0.58197	0.	-0.14275	1.2027e-002
826	-1.2388	0.	-0.68432	2.6621e-004
827	0.8788	0.	-0.59707	3.2754e-004
828	-0.25198	0.	-0.12462	6.6462e-002
829	-0.23352	0.	-0.48123	2.9336e-003
830	0.87118	0.	-0.13806	7.8039e-004
831	-0.14899	0.	-0.94249	1.8642e-004
832	-0.70048	0.	-0.66574	8.0413e-004
833	-0.42776	0.	-0.3276	7.3038e-003
834	7.7917e-002	0.	-0.3175	7.4402e-003
835	-0.11758	0.	-0.27341	1.1746e-002
836	-4.9221e-002	0.	-0.13068	8.2752e-002
837	0.40384	0.	-0.18356	3.807e-003
838	-2.3443e-002	0.	-9.3479e-002	0.14734
839	-1.2407	0.	-0.11473	7.635e-004
840	-0.8203	0.	-0.10958	3.8145e-003
841	-0.26569	0.	-0.86802	2.6361e-004
842	0.52924	0.	-0.85448	3.511e-004
843	0.33673	0.	-0.54817	1.2594e-003
844	-0.10303	0.	-0.71003	6.6648e-004
845	0.72309	0.	-0.68838	3.3325e-004
846	-0.3567	0.	-0.1756	3.7987e-002
847	3.8375e-002	0.	-0.57913	1.6266e-003
848	-0.83966	0.	-0.68032	5.604e-004
849	0.12727	0.	-0.25069	1.2932e-002
850	-1.1022	0.	-0.8974	1.9202e-004
851	-1.234	0.	-0.95194	8.3583e-005
852	0.89202	0.	-0.30383	6.3216e-004
853	-0.28085	0.	-0.18441	3.3602e-002
854	-0.43763	0.	-0.16975	2.8491e-002
855	-1.1045	0.	-0.13858	1.0312e-003
856	1.1756e-002	0.	-0.2975	1.1007e-002
857	0.15192	0.	-0.32221	6.5375e-003
858	-8.8163e-002	0.	-0.1581	4.7032e-002
859	-0.20507	0.	-0.1284	5.5757e-002
860	0.40763	0.	-8.0204e-002	4.1344e-003
861	-0.24915	0.	-0.76865	5.1292e-004
862	-0.27372	0.	-0.40938	4.4241e-003
863	0.93302	0.	-0.85944	1.2023e-004
864	0.54342	0.	-0.97602	2.5973e-004
865	0.22792	0.	-0.34915	4.2753e-003
866	-9.4562e-003	0.	-0.24274	1.6723e-002
867	-0.15175	0.	-0.4343	3.6344e-003
868	-0.47918	0.	-0.25049	1.2464e-002
869	-0.57323	0.	-0.35298	4.8192e-003
870	0.36904	0.	-0.37435	2.3355e-003
871	-0.40236	0.	-0.41894	3.7406e-003
872	-0.26701	0.	-0.96681	1.2221e-004
873	0.72738	0.	-0.82214	2.3386e-004
874	0.48098	0.	-0.38753	1.5894e-003
875	-1.2696	0.	-0.36257	5.5357e-004
876	-0.63736	0.	-0.80661	5.4632e-004
877	0.64937	0.	-9.8782e-002	1.4687e-003
878	0.74202	0.	-0.11706	1.086e-003
879	9.2897e-002	0.	-0.17719	2.8683e-002
880	-6.8116e-002	0.	-0.86743	3.1012e-004
881	-6.4244e-002	0.	-0.24178	1.6437e-002
882	-0.35945	0.	-8.9957e-002	0.16321
883	-1.2692	0.	-0.49692	4.0293e-004
884	-6.1607e-002	0.	-9.5813e-002	0.12483
1374	-0.39722	0.	-2.717e-002	0.2377
1375	-0.41494	0.	-4.5322e-002	0.12189
1376	-0.37764	0.	-5.4279e-002	0.28004
1380	1.5343e-002	0.	-5.5175e-002	0.27662
1381	5.3237e-002	0.	-4.7438e-002	0.13142
1382	3.734e-002	0.	-2.7836e-002	0.23425
2837	0.	0.	-5.0625e-002	0.36892
2838	0.	0.	-2.25e-002	0.40867
2839	7.6716e-003	0.	-5.0087e-002	0.33676
2840	1.867e-002	0.	-3.6418e-002	0.31735
2877	-0.36	0.	-5.0625e-002	0.37828
2878	-0.36	0.	-2.25e-002	0.40598
2879	-0.37861	0.	-3.6085e-002	0.326
2880	-0.36882	0.	-4.964e-002	0.34624
3475	-0.34875	0.	-6.75e-002	0.22823
3476	-0.32625	0.	-6.75e-002	0.19559
3477	-0.32841	0.	-8.8333e-002	0.15752
3478	-0.34848	0.	-7.8729e-002	0.18901
3482	-0.36	0.	-6.1875e-002	0.29324
3483	-0.37273	0.	-7.0676e-002	0.20911
3484	-0.35973	0.	-7.8729e-002	0.20434
3485	-0.36882	0.	-6.089e-002	0.25538
3487	-0.2925	0.	-6.75e-002	0.14999
3488	-0.31716	0.	-8.8333e-002	0.13867
3491	-0.2475	0.	-6.75e-002	0.108
3492	-0.29466	0.	-8.8333e-002	0.11078
3493	-0.26099	0.	-9.6062e-002	9.5868e-002
3496	-0.2025	0.	-6.75e-002	8.4539e-002
3497	-0.23849	0.	-9.6062e-002	8.0085e-002
3498	-0.21504	0.	-9.795e-002	7.4424e-002
3501	-0.1575	0.	-6.75e-002	8.3426e-002
3502	-0.16568	0.	-0.10677	6.6036e-002
3503	-0.19254	0.	-9.795e-002	6.7663e-002
3506	-0.1125	0.	-6.75e-002	0.10777
3507	-0.11545	0.	-8.9219e-002	8.6953e-002
3508	-0.14318	0.	-0.10677	7.3309e-002
3511	-6.75e-002	0.	-6.75e-002	0.14479
3512	-9.2946e-002	0.	-8.9219e-002	0.10542
3513	-7.5803e-002	0.	-8.1657e-002	0.12506
3516	-3.375e-002	0.	-6.75e-002	0.19037
3517	-3.4222e-002	0.	-8.0489e-002	0.15578
3518	-5.3303e-002	0.	-8.1657e-002	0.14499
3521	-1.125e-002	0.	-6.75e-002	0.20395
3522	-2.2972e-002	0.	-8.0489e-002	0.18152
3525	0.	0.	-6.1875e-002	0.26557
3526	1.3821e-003	0.	-9.3735e-002	0.14047
3527	1.1741e-002	0.	-7.0866e-002	0.17637
3528	-1.1722e-002	0.	-8.0489e-002	0.16884
3529	7.6716e-003	0.	-6.1337e-002	0.22878
3600	-0.36882	0.	-5.5265e-002	0.31458
3611	7.6716e-003	0.	-5.5712e-002	0.31104
4046	1.	0.	-0.14557	6.9948e-004
4048	0.95	0.	-4.8523e-002	7.6189e-004
4049	1.	0.	-4.8523e-002	7.3391e-004
4050	0.93559	0.	-0.11755	7.5892e-004
4053	1.	0.	-0.24261	6.2404e-004
4054	0.93559	0.	-0.16608	7.2056e-004
4055	0.94601	0.	-0.24896	6.459e-004
4059	1.	0.	-0.33966	5.5676e-004
4060	0.94601	0.	-0.29748	6.0915e-004
4062	1.	0.	-0.4367	4.6155e-004
4063	0.93218	0.	-0.4192	5.0433e-004
4064	0.94601	0.	-0.34601	5.7952e-004
4068	1.	0.	-0.53375	3.6119e-004
4069	0.93218	0.	-0.46772	4.3917e-004
4070	0.9394	0.	-0.54115	3.6088e-004
4074	1.	0.	-0.6308	2.8983e-004
4075	0.9394	0.	-0.58967	3.2588e-004
4077	1.	0.	-0.72784	2.1128e-004
4078	0.93397	0.	-0.72144	2.2912e-004
4079	0.9394	0.	-0.6382	2.8973e-004
4082	1.	0.	-0.82489	1.3749e-004
4083	0.93397	0.	-0.76996	1.8794e-004
4084	0.96651	0.	-0.8179	1.442e-004
4087	1.	0.	-0.92193	8.1655e-005
4088	0.96651	0.	-0.86643	1.1247e-004
4092	0.95083	0.	-1.019	5.7035e-005
4093	1.	0.	-1.019	4.5607e-005
4094	0.90665	0.	-0.94631	9.8998e-005
4095	0.96651	0.	-0.91495	9.0078e-005
4162	0.8525	0.	-1.0675	7.8486e-005
4163	0.95083	0.	-1.0675	4.3301e-005
4164	0.85748	0.	-0.99484	9.8065e-005
4167	0.75417	0.	-1.0675	1.2679e-004
4168	0.80832	0.	-0.99484	1.1885e-004
4172	0.65583	0.	-1.0675	1.7985e-004
4173	0.75915	0.	-0.99484	1.4215e-004
4174	0.6784	0.	-0.99684	1.828e-004
4176	0.5575	0.	-1.0675	2.3542e-004
4177	0.62923	0.	-0.99684	2.0961e-004
4178	0.57504	0.	-1.0218	2.3349e-004
4181	0.45917	0.	-1.0675	2.7831e-004
4182	0.4647	0.	-1.016	2.858e-004
4183	0.52588	0.	-1.0218	2.6156e-004
4186	0.36083	0.	-1.0675	3.0345e-004
4187	0.41554	0.	-1.016	3.0024e-004
4189	0.2625	0.	-1.0675	3.1065e-004
4190	0.36637	0.	-1.016	3.1082e-004
4191	0.29789	0.	-1.	3.4517e-004
4196	0.16417	0.	-1.0675	2.8759e-004
4197	0.18317	0.	-0.99235	3.3097e-004
4198	0.24873	0.	-1.	3.4167e-004
4202	6.5833e-002	0.	-1.0675	2.3846e-004
4203	0.134	0.	-0.99235	3.1152e-004
4204	5.9017e-002	0.	-1.0159	2.48e-004
4206	-3.25e-002	0.	-1.0675	1.5946e-004
4207	9.85e-003	0.	-1.0159	2.1998e-004
4210	-0.13083	0.	-1.0675	8.1166e-005
4211	-3.9317e-002	0.	-1.0159	1.7538e-004
4212	-0.11533	0.	-1.005	1.4096e-004
4216	-0.22917	0.	-1.0675	7.6398e-005
4217	-0.1645	0.	-1.005	1.2507e-004
4218	-0.2235	0.	-1.0172	8.7221e-005
4221	-0.3275	0.	-1.0675	1.603e-004
4222	-0.27267	0.	-1.0172	1.1734e-004
4226	-0.42583	0.	-1.0675	2.4511e-004
4227	-0.37849	0.	-1.0038	2.4184e-004
4228	-0.32184	0.	-1.0172	1.5668e-004
4232	-0.52417	0.	-1.0675	3.0204e-004
4233	-0.42766	0.	-1.0038	2.813e-004
4234	-0.49336	0.	-0.98764	3.6137e-004
4236	-0.6225	0.	-1.0675	3.0605e-004
4237	-0.62317	0.	-1.0055	3.2942e-004
4238	-0.54253	0.	-0.98764	3.7562e-004
4242	-0.72083	0.	-1.0675	2.932e-004
4243	-0.67233	0.	-1.0055	3.1926e-004
4246	-0.81917	0.	-1.0675	2.7495e-004
4247	-0.7215	0.	-1.0055	3.1676e-004
4248	-0.79494	0.	-0.99563	3.1152e-004
4252	-0.9175	0.	-1.0675	2.2907e-004
4253	-0.91544	0.	-1.0058	2.4616e-004
4254	-0.84411	0.	-0.99563	2.959e-004
4256	-1.0158	0.	-1.0675	1.866e-004
4257	-0.9646	0.	-1.0058	2.1654e-004
4262	-1.1142	0.	-1.0675	1.4423e-004
4263	-1.0138	0.	-1.0058	2.0422e-004
4264	-1.0836	0.	-0.98245	1.8069e-004
4267	-1.2125	0.	-1.0675	7.9943e-005
4268	-1.1328	0.	-0.98245	1.5137e-004
4269	-1.1987	0.	-1.0097	9.635e-005
4273	-1.3108	0.	-1.019	4.5294e-005
4274	-1.3108	0.	-1.0675	3.6559e-005
4275	-1.2479	0.	-1.0097	6.493e-005
4307	-1.36	0.	-0.92193	8.2259e-005
4308	-1.36	0.	-1.019	3.6839e-005
4309	-1.297	0.	-0.9612	6.4483e-005
4311	-1.36	0.	-0.82489	1.4898e-004
4312	-1.2909	0.	-0.84729	1.4335e-004
4313	-1.297	0.	-0.91267	9.6959e-005
4317	-1.36	0.	-0.72784	2.0948e-004
4318	-1.2909	0.	-0.79877	1.7323e-004
4319	-1.2994	0.	-0.73034	2.2321e-004
4321	-1.36	0.	-0.6308	2.799e-004
4322	-1.2994	0.	-0.68182	2.5141e-004
4325	-1.36	0.	-0.53375	3.7919e-004
4326	-1.2994	0.	-0.63329	2.9261e-004
4327	-1.3146	0.	-0.53959	3.6206e-004
4330	-1.36	0.	-0.4367	4.6826e-004
4331	-1.3146	0.	-0.49107	4.1932e-004
4335	-1.36	0.	-0.33966	5.4836e-004
4336	-1.3148	0.	-0.37537	5.2673e-004
4337	-1.3146	0.	-0.44255	4.5094e-004
4340	-1.36	0.	-0.24261	6.3696e-004
4341	-1.2843	0.	-0.2723	6.6455e-004
4342	-1.3148	0.	-0.32685	5.7482e-004
4346	-1.36	0.	-0.14557	6.9592e-004
4347	-1.2843	0.	-0.22378	7.0431e-004
4348	-1.3003	0.	-0.15441	7.2044e-004
4351	-1.31	0.	-4.8523e-002	7.398e-004
4352	-1.36	0.	-4.8523e-002	7.2218e-004
4353	-1.3003	0.	-0.10589	7.3873e-004
4395	0.15	0.	0.	5.112e-002
4396	5.e-002	0.	0.	0.25459
4398	0.1111	0.	-5.0043e-002	5.7032e-002
4404	7.6618e-002	0.	-2.3719e-002	0.10425
4405	6.867e-002	0.	-1.3918e-002	0.15763
4412	0.25	0.	0.	1.3474e-002
4415	0.25065	0.	-6.6806e-002	1.4441e-002
4416	0.19081	0.	-8.2515e-002	1.7076e-002
4417	0.1611	0.	-5.0043e-002	2.6818e-002
4423	0.35	0.	0.	5.4836e-003
4426	0.30065	0.	-6.6806e-002	7.5841e-003
4427	0.35382	0.	-4.0102e-002	5.3764e-003
4433	0.45	0.	0.	3.5684e-003
4435	0.40382	0.	-4.0102e-002	4.2378e-003
4439	0.55	0.	0.	2.3142e-003
4442	0.5171	0.	-7.6886e-002	2.5378e-003
4443	0.45382	0.	-4.0102e-002	3.4452e-003
4448	0.65	0.	0.	1.5664e-003
4451	0.5671	0.	-7.6886e-002	2.0843e-003
4452	0.62469	0.	-4.9391e-002	1.6618e-003
4458	0.75	0.	0.	1.0991e-003
4461	0.67469	0.	-4.9391e-002	1.3686e-003
4462	0.72101	0.	-5.8529e-002	1.1781e-003
4464	0.85	0.	0.	8.5574e-004
4467	0.83559	0.	-6.9031e-002	8.5274e-004
4468	0.77101	0.	-5.8529e-002	1.0048e-003
4475	0.95	0.	0.	7.578e-004
4477	0.88559	0.	-6.9031e-002	7.825e-004
4482	-1.21	0.	0.	8.4792e-004
4484	-1.31	0.	0.	7.4769e-004
4486	-1.2503	0.	-5.7367e-002	7.642e-004
4488	-1.11	0.	0.	1.1359e-003
4491	-1.2003	0.	-5.7367e-002	8.4728e-004
4492	-1.1322	0.	-6.929e-002	9.7961e-004
4499	-1.01	0.	0.	1.5461e-003
4502	-1.0081	0.	-5.7705e-002	1.515e-003
4503	-1.0822	0.	-6.929e-002	1.1853e-003
4506	-0.91	0.	0.	2.2633e-003
4509	-0.95813	0.	-5.7705e-002	1.7172e-003
4514	-0.81	0.	0.	4.0174e-003
4518	-0.90813	0.	-5.7705e-002	2.2351e-003
4519	-0.84015	0.	-5.4788e-002	3.2846e-003
4525	-0.71	0.	0.	7.3847e-003
4527	-0.73008	0.	-8.0319e-002	5.2024e-003
4528	-0.79015	0.	-5.4788e-002	4.5245e-003
4532	-0.61	0.	0.	1.4229e-002
4535	-0.68008	0.	-8.0319e-002	7.347e-003
4536	-0.62098	0.	-7.1376e-002	1.058e-002
4543	-0.51	0.	0.	5.1357e-002
4546	-0.52934	0.	-5.0001e-002	2.5533e-002
4547	-0.57098	0.	-7.1376e-002	1.5205e-002
4553	-0.41	0.	0.	0.24657
4555	-0.47934	0.	-5.0001e-002	5.7429e-002
4558	-0.42861	0.	-1.3585e-002	0.16035
4559	-0.43747	0.	-2.2661e-002	0.10121
5069	1.867e-002	0.	-1.3918e-002	0.3297
5078	-0.37861	0.	-1.3585e-002	0.32259
6094	0.18872	0.	-0.42502	3.2053e-003
6095	0.12517	0.	-0.45938	3.0084e-003
6096	6.0317e-002	0.	-0.38493	4.785e-003
6097	7.4379e-002	0.	-0.43703	3.3293e-003
6098	9.9379e-002	0.	-0.35833	5.704e-003
6099	0.13638	0.	-0.36068	5.1969e-003
6100	0.17438	0.	-0.37415	4.007e-003
6104	-0.46105	0.	-0.76554	5.9906e-004
6105	-0.5557	0.	-0.65883	1.0067e-003
6106	-0.52378	0.	-0.82336	5.7939e-004
6107	-0.48883	0.	-0.69026	9.3874e-004
6108	-0.61816	0.	-0.70235	7.4932e-004
6109	-0.5866	0.	-0.77278	6.3235e-004
6112	-0.46875	0.	-0.45923	3.1e-003
6113	-0.53859	0.	-0.43244	3.1767e-003
6114	-0.45802	0.	-0.36972	5.642e-003
6115	-0.53076	0.	-0.38241	4.3608e-003
6116	-0.44532	0.	-0.41539	3.8135e-003
6121	0.57411	0.	-0.39726	1.1444e-003
6122	0.63934	0.	-0.50689	7.4003e-004
6123	0.48801	0.	-0.47252	1.243e-003
6124	0.57872	0.	-0.55535	7.7493e-004
6125	0.50908	0.	-0.52836	9.1778e-004
6126	0.64742	0.	-0.42105	8.6596e-004
6127	0.5241	0.	-0.43134	1.2703e-003
6131	-0.27327	0.	-0.63174	1.0848e-003
6132	-0.2108	0.	-0.63804	1.0071e-003
6133	-0.18619	0.	-0.54915	1.7548e-003
6134	-0.27881	0.	-0.57323	1.4205e-003
6135	-0.17422	0.	-0.60216	1.2168e-003
6136	-0.23037	0.	-0.53241	2.1236e-003
6142	-0.36762	0.	-0.26537	1.4188e-002
6143	-0.36253	0.	-0.2336	1.8903e-002
6144	-0.41393	0.	-0.28287	1.2454e-002
6145	-0.3784	0.	-0.20687	2.7786e-002
6146	-0.41887	0.	-0.20395	2.2533e-002
6147	-0.43964	0.	-0.24431	1.485e-002
6151	4.3723e-002	0.	-0.21181	2.4124e-002
6152	6.5366e-002	0.	-0.28126	1.1737e-002
6153	9.0042e-002	0.	-0.24785	1.4384e-002
6154	3.2286e-002	0.	-0.27125	1.3383e-002
6155	2.168e-002	0.	-0.24388	1.6079e-002
6156	7.2856e-002	0.	-0.2111	2.1963e-002
6160	-0.95217	0.	-0.7105	4.4308e-004
6161	-1.0548	0.	-0.59087	4.8423e-004
6162	-1.0275	0.	-0.67312	4.4872e-004
6163	-0.98648	0.	-0.55069	6.5697e-004
6164	-0.90437	0.	-0.59034	7.1159e-004
6165	-0.90475	0.	-0.65176	5.5142e-004
6169	0.27925	0.	-0.70327	7.5404e-004
6170	0.29594	0.	-0.77839	5.6785e-004
6171	0.18733	0.	-0.83391	5.1779e-004
6172	0.1456	0.	-0.76465	6.1056e-004
6173	0.16702	0.	-0.69379	9.1482e-004
6174	0.25289	0.	-0.84161	5.2891e-004
6175	0.22609	0.	-0.66663	9.9214e-004
6178	-0.19793	0.	-0.20695	2.3195e-002
6179	-0.14177	0.	-0.22021	2.052e-002
6180	-0.16338	0.	-0.18777	3.582e-002
6181	-0.21663	0.	-0.24167	1.5782e-002
6182	-0.18311	0.	-0.26656	1.3574e-002
6183	-0.14648	0.	-0.25146	1.449e-002
6187	-0.70491	0.	-0.42105	2.2509e-003
6188	-0.78215	0.	-0.45135	1.5023e-003
6189	-0.65139	0.	-0.47916	1.9622e-003
6190	-0.64472	0.	-0.54198	1.4064e-003
6191	-0.77639	0.	-0.53137	1.2191e-003
6192	-0.70718	0.	-0.5855	1.1813e-003
6197	-9.6076e-002	0.	-0.78585	4.6989e-004
6198	-0.17148	0.	-0.74971	5.5596e-004
6199	-0.14879	0.	-0.8747	3.1654e-004
6200	-0.20714	0.	-0.83747	3.3221e-004
6201	-0.12581	0.	-0.75847	5.5369e-004
6202	-0.19886	0.	-0.78778	4.4268e-004
6203	-0.10835	0.	-0.83717	3.7194e-004
6207	-0.15899	0.	-0.37334	4.9318e-003
6208	-0.19684	0.	-0.34624	6.8141e-003
6209	-0.23466	0.	-0.36463	5.9061e-003
6210	-0.21818	0.	-0.43505	3.7006e-003
6211	-0.23829	0.	-0.39913	4.3628e-003
6212	-0.1773	0.	-0.41159	4.006e-003
6216	-0.93292	0.	-0.26388	1.7776e-003
6217	-0.93565	0.	-0.34428	1.2612e-003
6218	-1.1148	0.	-0.2723	9.0002e-004
6219	-1.012	0.	-0.38466	9.2284e-004
6220	-0.98857	0.	-0.20327	1.382e-003
6221	-1.0873	0.	-0.34818	8.5429e-004
6222	-1.0627	0.	-0.21485	1.0452e-003
6226	-2.7742e-002	0.	-0.6071	1.3924e-003
6227	-2.55e-002	0.	-0.715	7.1087e-004
6228	3.1059e-002	0.	-0.72194	7.2344e-004
6229	5.2478e-002	0.	-0.65108	1.0127e-003
6230	-6.4322e-002	0.	-0.64298	1.0345e-003
6231	-5.5231e-002	0.	-0.68762	7.745e-004
6232	1.5474e-002	0.	-0.62218	1.2534e-003
6237	0.54584	0.	-0.74513	4.3915e-004
6238	0.6032	0.	-0.7047	4.7964e-004
6239	0.63399	0.	-0.85002	2.8504e-004
6240	0.57272	0.	-0.81417	3.5265e-004
6241	0.66964	0.	-0.73112	3.4114e-004
6242	0.67179	0.	-0.798	2.9538e-004
6248	0.25194	0.	-0.20042	7.9129e-003
6249	0.19211	0.	-0.21613	1.1316e-002
6250	0.26005	0.	-0.26346	5.9503e-003
6251	0.16493	0.	-0.25896	1.0347e-002
6252	0.17726	0.	-0.29472	7.1374e-003
6253	0.21525	0.	-0.30818	6.0559e-003
6258	-0.12363	0.	-0.12849	6.7102e-002
6259	-7.2556e-002	0.	-0.12081	8.1608e-002
6260	-9.2027e-002	0.	-0.13452	6.5354e-002
6261	-7.8749e-002	0.	-0.10338	0.10313
6265	-0.18591	0.	-0.16522	3.9512e-002
6266	-0.23916	0.	-0.21912	2.2427e-002
6267	-0.23622	0.	-0.15451	4.6847e-002
6268	-0.25065	0.	-0.1844	2.9616e-002
6269	-0.21277	0.	-0.1564	4.2523e-002
6274	0.19305	0.	-0.48524	2.2453e-003
6275	0.3327	0.	-0.46038	2.0164e-003
6276	0.24355	0.	-0.51675	1.8984e-003
6277	0.29666	0.	-0.49952	1.8815e-003
6278	0.24226	0.	-0.40001	3.3767e-003
6279	0.31282	0.	-0.41261	2.3822e-003
6283	-0.64	0.	-0.20772	6.1601e-003
6284	-0.69805	0.	-0.24874	4.068e-003
6285	-0.77256	0.	-0.19864	3.9087e-003
6286	-0.64107	0.	-0.15169	8.6792e-003
6287	-0.76024	0.	-0.13511	4.5438e-003
6292	-5.7669e-002	0.	-0.36425	5.7129e-003
6293	-8.2743e-002	0.	-0.32909	8.4317e-003
6294	-9.4758e-002	0.	-0.40273	4.6861e-003
6295	-0.15298	0.	-0.3307	7.3904e-003
6296	-0.11635	0.	-0.3156	8.9577e-003
6297	-0.13344	0.	-0.39605	4.7918e-003
6303	0.51978	0.	-0.30495	1.8167e-003
6304	0.5576	0.	-0.23657	1.8411e-003
6305	0.62582	0.	-0.27123	1.324e-003
6306	0.65431	0.	-0.34316	1.0791e-003
6307	0.53099	0.	-0.35345	1.4634e-003
6311	-0.40521	0.	-0.10921	7.3321e-002
6312	-0.38139	0.	-9.8454e-002	0.12619
6313	-0.34832	0.	-0.11611	8.6547e-002
6314	-0.36701	0.	-0.14933	5.7699e-002
6315	-0.40747	0.	-0.1464	5.3597e-002
6316	-0.36838	0.	-0.10651	0.12091
6321	4.9827e-002	0.	-0.14346	5.2108e-002
6322	1.8697e-002	0.	-0.14929	5.8299e-002
6323	-1.5969e-003	0.	-0.18271	3.3605e-002
6324	1.2587e-002	0.	-0.21068	2.3905e-002
6325	6.3763e-002	0.	-0.1779	3.0036e-002
6330	-6.122e-002	0.	-0.49833	2.5398e-003
6331	-1.0069e-002	0.	-0.51194	2.3003e-003
6332	-9.661e-002	0.	-0.53185	1.9654e-003
6333	-8.4635e-002	0.	-0.58486	1.52e-003
6334	-4.8402e-003	0.	-0.56406	1.7201e-003
6338	-0.84833	0.	-0.79533	4.1756e-004
6339	-0.94852	0.	-0.87095	2.8676e-004
6340	-1.0098	0.	-0.76042	3.4028e-004
6341	-0.87719	0.	-0.86079	3.3572e-004
6342	-0.88708	0.	-0.73907	4.5159e-004
6343	-1.0184	0.	-0.84761	2.6717e-004
6348	-0.38329	0.	-0.86612	3.8792e-004
6349	-0.35279	0.	-0.73601	6.8208e-004
6350	-0.44899	0.	-0.84996	4.5874e-004
6351	-0.41404	0.	-0.71686	8.2729e-004
6352	-0.32598	0.	-0.83008	3.6791e-004
6353	-0.31771	0.	-0.78039	4.8974e-004
6357	-1.1534	0.	-0.77211	2.5827e-004
6358	-1.2302	0.	-0.75275	2.1706e-004
6359	-1.162	0.	-0.85929	1.748e-004
6360	-1.2279	0.	-0.88656	1.2483e-004
6364	0.49638	0.	-0.22215	2.2832e-003
6365	0.38803	0.	-0.27512	3.1955e-003
6366	0.4312	0.	-0.23705	3.0402e-003
6367	0.4138	0.	-0.33244	2.2852e-003
6368	0.46977	0.	-0.33903	1.9333e-003
6371	-0.38931	0.	-0.48382	2.6803e-003
6372	-0.51905	0.	-0.47983	2.2657e-003
6373	-0.51238	0.	-0.54266	1.7657e-003
6374	-0.44551	0.	-0.5741	1.7082e-003
6375	-0.3898	0.	-0.53475	1.8615e-003
6376	-0.42578	0.	-0.46278	2.9985e-003
6380	0.78791	0.	-0.49442	5.032e-004
6381	0.65083	0.	-0.58708	5.5975e-004
6382	0.71954	0.	-0.45278	6.6859e-004
6383	0.79513	0.	-0.56785	4.2815e-004
6384	0.71727	0.	-0.6135	4.3363e-004
6391	-0.12975	0.	-0.17848	3.9178e-002
6392	-7.2984e-002	0.	-0.19887	2.9701e-002
6393	-0.11286	0.	-0.24217	1.8369e-002
6394	-9.8154e-002	0.	-0.18451	3.5927e-002
6395	-8.6195e-002	0.	-0.22635	2.0676e-002
6400	-0.2965	0.	-0.27322	1.3468e-002
6401	-0.3008	0.	-0.3165	8.9766e-003
6402	-0.33004	0.	-0.26083	1.605e-002
6403	-0.33574	0.	-0.33399	8.4778e-003
6404	-0.38144	0.	-0.3101	9.1459e-003
6409	0.35353	0.	-0.73102	6.4812e-004
6410	0.40616	0.	-0.68615	6.7616e-004
6411	0.39388	0.	-0.61873	8.6373e-004
6412	0.28367	0.	-0.61926	1.0705e-003
6413	0.33679	0.	-0.60203	1.0463e-003
6419	0.42285	0.	-0.76128	4.8696e-004
6420	0.39564	0.	-0.88528	3.8334e-004
6421	0.32717	0.	-0.86937	4.1634e-004
6422	0.44973	0.	-0.83031	4.044e-004
6426	7.8713e-002	0.	-0.49726	2.396e-003
6427	0.12095	0.	-0.57828	1.5912e-003
6428	0.18001	0.	-0.55112	1.6726e-003
6429	8.3942e-002	0.	-0.54937	1.7962e-003
6434	1.2987e-002	0.	-0.77172	5.2203e-004
6435	-7.3303e-002	0.	-0.73741	5.8727e-004
6436	-5.5843e-002	0.	-0.81611	4.1289e-004
6438	0.72567	0.	-0.22644	1.0661e-003
6439	0.75416	0.	-0.29837	8.1005e-004
6440	0.82594	0.	-0.18393	8.0083e-004
6441	0.83636	0.	-0.26681	7.2807e-004
6442	0.76136	0.	-0.17343	9.5439e-004
6447	-0.3299	0.	-0.51194	2.4381e-003
6448	-0.33288	0.	-0.41819	4.5108e-003
6449	-0.28147	0.	-0.47112	3.0079e-003
6450	-0.30157	0.	-0.4352	3.8115e-003
6451	-0.36589	0.	-0.43998	3.4223e-003
6456	-1.1125	0.	-0.64079	3.9027e-004
6457	-1.0715	0.	-0.51836	6.0485e-004
6458	-1.1468	0.	-0.48188	5.312e-004
6459	-1.1893	0.	-0.62143	3.4935e-004
6460	-1.2045	0.	-0.52773	4.1426e-004
6465	-0.71758	0.	-0.86815	4.1644e-004
6466	-0.59236	0.	-0.92561	3.8745e-004
6467	-0.74644	0.	-0.93361	3.3724e-004
6468	-0.65518	0.	-0.87503	4.446e-004
6474	-0.63788	0.	-0.29583	5.1257e-003
6475	-0.54959	0.	-0.22348	1.1381e-002
6476	-0.5809	0.	-0.19878	9.4924e-003
6477	-0.52951	0.	-0.25265	9.7611e-003
6478	-0.57653	0.	-0.3039	5.9977e-003
6484	-0.77044	0.	-0.28674	2.6683e-003
6485	-0.77317	0.	-0.36714	2.2142e-003
6486	-0.64241	0.	-0.39495	2.6002e-003
6487	-0.63458	0.	-0.34491	3.8386e-003
6491	-0.84768	0.	-0.31704	1.9643e-003
6492	-0.90061	0.	-0.17602	2.0649e-003
6493	-0.83263	0.	-0.17311	3.1185e-003
6497	-0.92677	0.	-0.43781	1.1257e-003
6498	-0.84465	0.	-0.47746	1.1735e-003
6504	0.84062	0.	-0.84286	1.7004e-004
6505	0.87337	0.	-0.68031	2.6802e-004
6506	0.79551	0.	-0.72597	2.6973e-004
6507	0.90048	0.	-0.8115	1.6498e-004
6508	0.79766	0.	-0.79285	2.1706e-004
6514	0.24146	0.	-0.14932	1.1737e-002
6515	0.3094	0.	-0.19666	6.3231e-003
6516	0.35257	0.	-0.15859	6.2499e-003
6517	0.35446	0.	-0.10691	6.3728e-003
6522	0.15191	0.	-0.13256	2.4755e-002
6523	0.15445	0.	-0.20786	1.3574e-002
6524	0.13726	0.	-0.17111	2.1557e-002
6528	9.361e-002	0.	-0.10419	5.3466e-002
6529	0.10755	0.	-0.13864	3.0908e-002
6530	8.7716e-002	0.	-7.3762e-002	8.2964e-002
6534	3.3894e-002	0.	-0.11414	7.6977e-002
6535	4.4253e-002	0.	-9.1267e-002	0.11603
6536	7.896e-002	0.	-0.14275	5.1223e-002
6537	5.913e-002	0.	-7.787e-002	0.10119
6542	-2.528e-002	0.	-0.33555	8.3363e-003
6543	-3.7296e-002	0.	-0.40919	4.3542e-003
6544	1.3855e-002	0.	-0.42281	4.3081e-003
6545	3.8855e-002	0.	-0.3441	6.4714e-003
6546	5.7751e-003	0.	-0.3341	8.3543e-003
6550	-0.11976	0.	-0.15207	4.8912e-002
6551	-0.17822	0.	-0.13722	5.2242e-002
6558	-0.44602	0.	-0.92394	3.5651e-004
6559	-0.32301	0.	-0.90406	2.5711e-004
6560	-0.32366	0.	-0.95346	1.9775e-004
6565	-1.753e-002	0.	-0.15339	5.9624e-002
6566	1.3123e-002	0.	-9.7101e-002	0.11928
6567	-2.3228e-002	0.	-0.12532	8.1779e-002
6568	-1.034e-002	0.	-0.10672	0.11498
6574	7.8018e-002	0.	-0.9408	2.9206e-004
6575	0.11127	0.	-0.84793	4.5431e-004
6576	0.21856	0.	-0.92489	3.6479e-004
6581	-0.25684	0.	-0.6862	7.5353e-004
6582	-0.38057	0.	-0.66073	9.8637e-004
6583	-0.32485	0.	-0.62138	1.2587e-003
6584	-0.28423	0.	-0.72427	7.016e-004
6588	-1.1812	0.	-0.32935	6.791e-004
6589	-1.2246	0.	-0.1841	7.4735e-004
6590	-1.1566	0.	-0.19603	8.8247e-004
6591	-1.2391	0.	-0.30802	6.4363e-004
6597	-0.79102	0.	-0.85831	4.1431e-004
6598	-0.73132	0.	-0.7293	6.4964e-004
6599	-0.80091	0.	-0.73659	5.2537e-004
6600	-0.69976	0.	-0.79973	5.1715e-004
6604	-8.3965e-002	0.	-0.2869	1.1142e-002
6605	-1.9299e-002	0.	-0.29895	1.0733e-002
6606	-2.9905e-002	0.	-0.27157	1.3651e-002
6607	-5.7299e-002	0.	-0.27109	1.3705e-002
6611	-2.3234e-002	0.	-0.46129	2.9171e-003
6612	-0.10978	0.	-0.48119	2.6347e-003
6613	-0.11307	0.	-0.44098	3.3077e-003
6617	-0.46589	0.	-9.7685e-002	5.1937e-002
6618	-0.509	0.	-0.14607	2.3978e-002
6619	-0.54032	0.	-0.12138	2.2578e-002
6620	-0.46815	0.	-0.13488	2.9591e-002
6622	-0.45681	0.	-7.2662e-002	7.7499e-002
6628	-0.40929	0.	-8.461e-002	0.1237
6629	-0.43537	0.	-0.13256	4.9498e-002
6630	-0.42402	0.	-7.0344e-002	9.5597e-002
6634	0.53285	0.	-0.67598	5.5704e-004
6635	0.46321	0.	-0.64899	7.1283e-004
6636	0.50236	0.	-0.78545	4.355e-004
6638	-0.22434	0.	-0.27873	1.2066e-002
6639	-0.26217	0.	-0.29712	1.1947e-002
6640	-0.29141	0.	-0.24145	1.8118e-002
6641	-0.26935	0.	-0.21912	2.4808e-002
6646	-0.89121	0.	-0.93392	2.8389e-004
6647	-1.0324	0.	-0.92074	2.1036e-004
6651	0.42986	0.	-0.52572	1.2302e-003
6652	0.37276	0.	-0.50903	1.4013e-003
6653	0.38892	0.	-0.42212	1.9419e-003
6654	0.44489	0.	-0.42871	1.5545e-003
6658	-0.1578	0.	-0.65662	9.153e-004
6659	-0.1487	0.	-0.70127	6.499e-004
6660	-0.22176	0.	-0.73057	5.7899e-004
6664	-0.58222	0.	-0.51588	1.8331e-003
6665	-0.58106	0.	-0.40301	3.5926e-003
6670	0.60242	0.	-0.18843	1.826e-003
6671	0.46902	0.	-0.16867	3.0574e-003
6672	0.47091	0.	-0.11699	3.2336e-003
6673	0.59178	0.	-0.12628	1.9019e-003
6677	-0.50869	0.	-0.61014	1.2079e-003
6678	-0.63802	0.	-0.62222	1.0475e-003
6682	-0.57454	0.	-0.85719	4.888e-004
6688	0.73254	0.	-0.92418	1.7492e-004
6689	0.87316	0.	-0.89081	1.2445e-004
6690	0.77034	0.	-0.87216	1.8676e-004
6695	-1.162	0.	-0.70368	3.0052e-004
6696	-1.0937	0.	-0.81022	2.6855e-004
6700	0.79599	0.	-0.40858	6.399e-004
6701	0.87158	0.	-0.52364	4.0523e-004
6702	0.87819	0.	-0.37702	5.5707e-004
6706	0.36067	0.	-0.22163	3.9329e-003
6707	0.27271	0.	-0.30443	4.1537e-003
6708	0.34328	0.	-0.31703	3.2247e-003
6712	0.35259	0.	-0.9485	3.4172e-004
6713	0.47515	0.	-0.90945	3.2782e-004
6714	0.48225	0.	-0.97022	2.8381e-004
6718	-0.22865	0.	-0.322	7.99e-003
6719	-0.1542	0.	-0.28851	1.0078e-002
6727	-0.30141	0.	-0.35788	6.5088e-003
6728	-0.2701	0.	-0.37488	5.9609e-003
6733	-1.0784	0.	-0.44171	6.9575e-004
6734	-0.92101	0.	-0.51783	8.1416e-004
6738	-4.3522e-002	0.	-0.15874	5.9704e-002
6739	-6.2993e-002	0.	-0.17246	4.1023e-002
6740	-2.364e-002	0.	-0.21478	2.6685e-002
6741	-5.1034e-002	0.	-0.21429	2.6184e-002
6747	3.6289e-002	0.	-0.87153	3.981e-004
6748	-7.298e-002	0.	-0.95344	1.9057e-004
6749	-3.2541e-002	0.	-0.91592	2.6381e-004
6755	-0.34082	0.	-0.20232	2.9062e-002
6756	-0.3029	0.	-0.20673	2.7081e-002
6758	0.52057	0.	-0.60855	7.5144e-004
6759	0.65665	0.	-0.66196	4.6494e-004
6763	-0.88828	0.	-0.11249	2.757e-003
6764	-1.0304	0.	-0.127	1.3645e-003
6771	-0.38611	0.	-0.60222	1.3607e-003
6776	3.3146e-002	0.	-0.52702	2.2264e-003
6781	-0.37246	0.	-8.1905e-002	0.16577
6782	-0.4002	0.	-5.9587e-002	0.14575
6783	-0.38155	0.	-6.4066e-002	0.22718
6787	-1.2117	0.	-0.3839	5.8835e-004
6788	-1.2115	0.	-0.45107	5.1489e-004
6794	0.59051	0.	-0.89033	2.8261e-004
6795	0.59761	0.	-0.9511	2.3591e-004
6796	0.68958	0.	-0.87416	2.1995e-004
6801	-0.28565	0.	-0.11689	7.9512e-002
6802	-0.33801	0.	-0.14238	6.8673e-002
6803	-0.30009	0.	-0.14679	6.5834e-002
6804	-0.33939	0.	-9.9562e-002	0.12907
6810	-0.13319	0.	-0.56773	1.6992e-003
6811	-0.18934	0.	-0.49797	2.4749e-003
6812	-0.14846	0.	-0.4745	2.9264e-003
6816	-0.76968	0.	-0.61161	8.2461e-004
6817	-0.83928	0.	-0.6189	7.157e-004
6822	9.0965e-002	0.	-0.7078	8.634e-004
6823	7.1492e-004	0.	-0.82305	4.2032e-004
6830	0.17145	0.	-0.60978	1.2075e-003
6831	7.538e-002	0.	-0.60804	1.3934e-003
6836	0.39383	0.	-0.56486	1.0801e-003
6840	-0.28195	0.	-0.52205	2.2477e-003
6845	1.9413e-002	0.	-6.4703e-002	0.21547
6846	3.8359e-002	0.	-6.0835e-002	0.14168
6849	0.69913	0.	-0.29501	1.0524e-003
6850	0.66001	0.	-0.16093	1.3845e-003
6851	0.70633	0.	-0.17007	1.1926e-003
6857	-0.55065	0.	-0.16745	1.3531e-002
6858	-0.47848	0.	-0.18095	2.1842e-002
6859	-0.49926	0.	-0.22132	1.3744e-002
6861	-0.11212	0.	-0.66539	9.3402e-004
6865	-0.38205	0.	-0.35149	6.3086e-003
6866	-0.30504	0.	-0.39237	5.0263e-003
6867	-0.36935	0.	-0.39715	4.707e-003
6874	0.80982	0.	-0.33539	7.0956e-004
6879	0.28362	0.	-0.56539	1.274e-003
6886	-1.254	0.	-0.59062	3.341e-004
6891	0.80094	0.	-0.64273	3.2365e-004
6896	-0.26641	0.	-0.15451	4.9705e-002
6897	-0.22853	0.	-0.12651	5.9134e-002
6904	-0.25362	0.	-0.4453	3.6533e-003
6905	-0.19263	0.	-0.45776	3.1641e-003
6908	0.8816	0.	-0.22095	7.0591e-004
6909	0.8066	0.	-0.12756	9.3289e-004
6914	-0.20734	0.	-0.90525	2.0961e-004
6915	-0.208	0.	-0.95465	1.362e-004
6916	-0.10855	0.	-0.90496	2.4418e-004
6919	-0.77007	0.	-0.67303	6.7806e-004
6920	-0.66892	0.	-0.73618	6.7166e-004
6925	-0.45347	0.	-0.28904	9.7452e-003
6926	-0.50049	0.	-0.34029	5.9527e-003
6927	-0.41506	0.	-0.37327	5.4885e-003
6931	0.10259	0.	-0.2841	1.0045e-002
6932	4.4836e-002	0.	-0.3075	9.1762e-003
6933	0.11492	0.	-0.31985	6.9199e-003
6938	-9.091e-002	0.	-0.2576	1.3837e-002
6940	-3.6332e-002	0.	-0.11208	0.11449
6941	-6.8692e-002	0.	-0.14439	6.3894e-002
6942	-5.5414e-002	0.	-0.11325	0.1036
6947	0.40574	0.	-0.13188	3.9083e-003
6952	-4.2525e-002	0.	-9.4646e-002	0.13475
6954	-1.1726	0.	-0.12666	8.9642e-004
6962	-0.25742	0.	-0.81833	3.8812e-004
6963	-0.26635	0.	-0.91741	1.9163e-004
6968	0.53633	0.	-0.91525	3.043e-004
6977	0.72523	0.	-0.75526	2.8233e-004
6982	-0.31877	0.	-0.18	3.4589e-002
6983	-0.39716	0.	-0.17267	3.2273e-002
6994	0.13959	0.	-0.28645	9.7296e-003
6995	0.11008	0.	-0.21394	2.075e-002
6999	-1.1681	0.	-0.92467	1.3746e-004
7015	-0.4584	0.	-0.21012	2.0444e-002
7022	1.15e-003	0.	-0.27012	1.385e-002
7026	0.18992	0.	-0.33568	5.3859e-003
7048	0.29848	0.	-0.36175	3.2944e-003
7052	-3.685e-002	0.	-0.24226	1.6313e-002
7059	-0.5262	0.	-0.30173	8.6377e-003
7066	0.42501	0.	-0.38094	1.9541e-003
7081	-1.2694	0.	-0.42974	4.7805e-004
7087	0.69569	0.	-0.10792	1.2773e-003
10194	-0.40608	0.	-3.6246e-002	0.17895
10195	-0.38743	0.	-4.0725e-002	0.25253
10199	-0.39629	0.	-4.9801e-002	0.19973
10218	3.429e-002	0.	-5.1306e-002	0.20358
10219	2.6342e-002	0.	-4.1505e-002	0.24974
10223	4.5288e-002	0.	-3.7637e-002	0.18112
82	0.	0.	5.625e-002	0.34094
83	0.	0.	6.75e-002	0.2432
84	-2.25e-002	0.	6.75e-002	0.21479
85	-4.5e-002	0.	6.75e-002	0.17663
86	-9.e-002	0.	6.75e-002	0.12346
87	-0.135	0.	6.75e-002	9.1667e-002
88	-0.18	0.	6.75e-002	7.6706e-002
89	-0.225	0.	6.75e-002	8.2913e-002
90	-0.27	0.	6.75e-002	0.1444
91	-0.315	0.	6.75e-002	0.1717
92	-0.3375	0.	6.75e-002	0.2279
93	-0.36	0.	5.625e-002	0.36443
94	-0.36	0.	6.75e-002	0.22105
95	-0.36	0.	4.5e-002	0.42902
104	0.	0.	4.5e-002	0.4009
427	0.1	0.	0.	8.5377e-002
428	0.2	0.	0.	2.0539e-002
429	0.3	0.	0.	8.4326e-003
430	0.4	0.	0.	4.4089e-003
431	0.5	0.	0.	2.9357e-003
432	0.6	0.	0.	1.8351e-003
433	0.7	0.	0.	1.2619e-003
434	0.8	0.	0.	9.3959e-004
435	0.9	0.	0.	7.8621e-004
436	-1.26	0.	0.	7.6364e-004
437	-1.16	0.	0.	9.8784e-004
438	-1.06	0.	0.	1.2828e-003
439	-0.96	0.	0.	1.7777e-003
440	-0.86	0.	0.	3.295e-003
441	-0.76	0.	0.	4.7817e-003
442	-0.66	0.	0.	9.0672e-003
443	-0.56	0.	0.	2.2699e-002
444	-0.46	0.	0.	8.1616e-002
488	-1.36	0.	9.7045e-002	7.0634e-004
489	-1.36	0.	0.19409	6.6379e-004
490	-1.36	0.	0.29114	5.9407e-004
491	-1.36	0.	0.38818	4.9424e-004
492	-1.36	0.	0.48523	4.2413e-004
493	-1.36	0.	0.58227	3.0216e-004
494	-1.36	0.	0.67932	2.4045e-004
495	-1.36	0.	0.77636	1.7093e-004
496	-1.36	0.	0.87341	1.1548e-004
497	-1.36	0.	0.97045	5.628e-005
503	-1.2617	0.	1.0675	6.0317e-005
504	-1.1633	0.	1.0675	1.161e-004
505	-1.065	0.	1.0675	1.5633e-004
506	-0.96667	0.	1.0675	2.061e-004
507	-0.86833	0.	1.0675	2.5853e-004
508	-0.77	0.	1.0675	2.9405e-004
509	-0.67167	0.	1.0675	3.0078e-004
510	-0.57333	0.	1.0675	3.0622e-004
511	-0.475	0.	1.0675	2.639e-004
512	-0.37667	0.	1.0675	1.9979e-004
513	-0.27833	0.	1.0675	1.0549e-004
514	-0.18	0.	1.0675	4.7213e-005
515	-8.1667e-002	0.	1.0675	1.1609e-004
516	1.6667e-002	0.	1.0675	2.0612e-004
517	0.115	0.	1.0675	2.7703e-004
518	0.21333	0.	1.0675	3.1617e-004
519	0.31167	0.	1.0675	3.0149e-004
520	0.41	0.	1.0675	3.0413e-004
521	0.50833	0.	1.0675	2.5319e-004
522	0.60667	0.	1.0675	2.0447e-004
523	0.705	0.	1.0675	1.6685e-004
524	0.80333	0.	1.0675	1.1301e-004
525	0.90167	0.	1.0675	5.0632e-005
531	1.	0.	0.97045	5.7794e-005
532	1.	0.	0.87341	1.1476e-004
533	1.	0.	0.77636	1.7619e-004
534	1.	0.	0.67932	2.5932e-004
535	1.	0.	0.58227	3.3436e-004
536	1.	0.	0.48523	4.1735e-004
537	1.	0.	0.38818	5.0847e-004
538	1.	0.	0.29114	5.8592e-004
539	1.	0.	0.19409	6.6148e-004
540	1.	0.	9.7045e-002	7.2647e-004
541	0.	0.	0.	0.42721
542	-0.36	0.	0.	0.40754
548	1.	0.	0.	7.3446e-004
550	-1.36	0.	0.	7.3309e-004
553	-1.36	0.	1.0675	2.6273e-005
554	1.	0.	1.0675	2.6156e-005
555	0.20778	0.	0.73417	6.5363e-004
556	-0.58033	0.	0.74418	6.8594e-004
557	-0.48993	0.	0.41663	3.8363e-003
558	0.10796	0.	0.38643	4.3489e-003
559	5.1944e-002	0.	0.23417	1.6617e-002
560	-0.40789	0.	0.24448	1.5196e-002
561	-0.95245	0.	0.59762	5.9601e-004
562	0.60785	0.	0.61416	5.852e-004
563	-0.18	0.	0.23417	1.8339e-002
564	0.36533	0.	0.49805	1.3661e-003
565	-0.71961	0.	0.48554	1.5161e-003
566	-0.14815	0.	0.7884	4.7262e-004
567	-0.21302	0.	0.40687	4.6313e-003
568	0.66802	0.	0.29113	1.075e-003
569	-1.0181	0.	0.28691	1.0689e-003
570	1.7239e-003	0.	0.6466	1.0287e-003
571	-0.14171	0.	0.1844	2.7626e-002
572	-0.27111	0.	0.1171	8.5677e-002
573	-0.68308	0.	0.35364	3.0981e-003
574	0.33789	0.	0.35779	2.5191e-003
575	-3.4028e-002	0.	0.28972	1.3671e-002
576	-0.37613	0.	0.1713	3.9364e-002
577	1.7315e-002	0.	0.12306	7.2707e-002
578	0.55294	0.	0.7696	3.9679e-004
579	-0.85459	0.	0.95431	2.8279e-004
580	1.2324e-002	0.	0.39687	4.8086e-003
581	-0.2834	0.	0.80945	4.2106e-004
582	-0.3667	0.	0.60562	1.2555e-003
583	0.86172	0.	0.82118	1.6489e-004
584	-1.0459	0.	0.9515	1.892e-004
585	-0.25154	0.	0.21565	2.2667e-002
586	-0.27463	0.	0.34528	7.0264e-003
587	-0.71559	0.	0.6957	7.7002e-004
588	0.12648	0.	0.51184	2.3045e-003
589	-0.53315	0.	0.62306	1.1033e-003
590	-4.3464e-002	0.	0.75538	5.7792e-004
591	-0.10612	0.	0.50695	2.1455e-003
592	0.21144	0.	0.31684	5.7858e-003
593	-0.56459	0.	0.28708	6.7866e-003
594	0.77954	0.	0.55782	4.518e-004
595	-1.0893	0.	0.51652	5.7705e-004
596	0.31166	0.	0.9247	3.5181e-004
597	-0.3623	0.	0.50217	2.3551e-003
598	0.40731	0.	0.12694	4.2951e-003
599	-0.77796	0.	0.16842	3.2194e-003
600	-0.85009	0.	0.38511	1.5351e-003
601	0.491	0.	0.38462	1.5651e-003
602	-0.59572	0.	0.9019	4.272e-004
603	-0.44649	0.	0.82526	5.0469e-004
604	-0.20845	0.	0.14908	4.5604e-002
605	-0.10969	0.	0.32788	8.7923e-003
606	-0.37214	0.	0.1096	9.8184e-002
607	0.15602	0.	0.92043	3.3968e-004
608	-1.201	0.	0.26475	7.3507e-004
609	0.84852	0.	0.25332	6.9682e-004
610	0.3808	0.	0.77087	5.9023e-004
611	-1.8029e-002	0.	0.53254	1.8648e-003
612	0.13657	0.	9.6986e-002	3.4659e-002
613	7.3027e-002	0.	9.523e-002	7.0611e-002
614	0.2742	0.	0.1247	9.4821e-003
615	-0.60592	0.	0.10649	1.1943e-002
616	-0.50745	0.	0.10692	2.828e-002
617	0.60464	0.	0.94522	2.2502e-004
618	-0.22345	0.	0.69623	6.9422e-004
619	-0.59828	0.	0.44744	2.5242e-003
620	-0.93754	0.	0.77825	3.7989e-004
621	0.72515	0.	0.72303	3.0326e-004
622	-1.2233	0.	0.92169	1.1174e-004
623	0.22637	0.	0.44165	2.5608e-003
624	-0.17409	0.	0.5844	1.3856e-003
625	-0.10861	0.	0.25107	1.6658e-002
626	0.45957	0.	0.92236	3.097e-004
627	-0.33174	0.	0.22491	2.1866e-002
628	-0.33604	0.	0.94873	2.1852e-004
629	-0.37632	0.	0.39881	4.593e-003
630	0.31225	0.	0.63775	9.019e-004
631	0.64432	0.	0.47733	7.9722e-004
632	-0.44396	0.	0.56612	1.5633e-003
633	-0.45583	0.	0.67861	8.3243e-004
634	2.0777e-003	0.	0.96678	2.4576e-004
635	-0.98597	0.	0.15242	1.472e-003
636	0.62823	0.	0.13239	1.4251e-003
637	-3.7943e-002	0.	0.22689	2.3334e-002
638	-0.21965	0.	0.28194	1.038e-002
639	2.5453e-002	0.	7.383e-002	0.15102
640	0.79513	0.	0.40506	6.6512e-004
641	-4.0671e-002	0.	0.10917	9.6791e-002
642	-1.2344	0.	0.42312	5.295e-004
643	-0.81743	0.	0.66569	7.3255e-004
644	0.50477	0.	0.52402	1.0993e-003
645	6.7915e-002	0.	0.77695	6.1531e-004
646	0.11238	0.	0.63694	1.2207e-003
647	3.3325e-002	0.	0.32703	7.2032e-003
648	-0.88707	0.	0.24333	1.8988e-003
649	0.52501	0.	0.22666	1.85e-003
650	0.87876	0.	0.68432	2.8662e-004
651	0.17003	0.	0.20382	1.3177e-002
652	-0.10921	0.	0.12462	7.1035e-002
653	-0.20518	0.	0.48894	2.4186e-003
654	-0.75168	0.	0.81631	4.5588e-004
655	-0.16748	0.	0.95319	1.3507e-004
656	-0.46145	0.	0.32277	7.4875e-003
657	-0.30087	0.	0.17398	4.2713e-002
658	-0.3505	0.	0.29898	1.1303e-002
659	-0.28612	0.	0.4468	3.5259e-003
660	-0.32366	0.	0.12306	9.3442e-002
661	-0.66783	0.	0.21052	5.393e-003
662	-0.84738	0.	0.52812	9.0734e-004
663	-0.15894	0.	0.2918	1.0325e-002
664	-0.3431	0.	8.6898e-002	0.17938
665	0.11159	0.	0.28881	8.1167e-003
666	-3.9472e-003	0.	0.17075	4.1668e-002
667	-0.61485	0.	0.5527	1.4955e-003
668	-1.2369	0.	0.58272	3.4184e-004
669	0.88063	0.	0.11471	7.6594e-004
670	-1.2409	0.	0.11574	7.6927e-004
671	-1.1036	0.	0.38866	7.3346e-004
672	-0.97493	0.	0.452	8.4149e-004
673	-0.28322	0.	0.26704	1.3313e-002
674	0.30395	0.	0.2398	4.8597e-003
675	-0.54657	0.	0.194	1.2793e-002
676	0.41902	0.	0.27975	2.7214e-003
677	-0.77768	0.	0.27978	2.5909e-003
678	-0.10323	0.	0.67167	8.4431e-004
679	-0.18438	0.	0.34435	6.7323e-003
680	-0.13034	0.	0.41235	4.2825e-003
681	-0.35784	0.	0.71471	7.4837e-004
682	0.74232	0.	0.89729	1.9368e-004
683	4.1475e-002	0.	0.47416	2.918e-003
684	0.87404	0.	0.95194	9.2184e-005
685	7.4876e-002	0.	0.15517	3.6143e-002
686	-0.46903	0.	0.97655	3.1226e-004
687	-1.1045	0.	0.13858	1.001e-003
688	0.75423	0.	0.13192	1.0632e-003
689	0.44059	0.	0.63662	8.3351e-004
690	-1.1158	0.	0.80903	2.2982e-004
691	-7.9997e-002	0.	0.58405	1.4093e-003
692	-0.51471	0.	0.50333	2.2042e-003
693	-0.15575	0.	0.12808	6.3088e-002
694	-0.69486	0.	0.98417	3.2086e-004
695	-4.9845e-002	0.	0.36618	6.0898e-003
696	-0.57141	0.	0.36928	3.8107e-003
697	-4.481e-002	0.	0.44455	3.1951e-003
698	-0.43473	0.	0.12798	5.4119e-002
699	-0.38368	0.	7.2586e-002	0.1701
700	-0.2783	0.	0.62465	1.1027e-003
701	0.20714	0.	0.58213	1.3773e-003
702	-8.3313e-002	0.	0.18474	3.718e-002
703	-1.0901	0.	0.66103	3.9549e-004
704	-0.46005	0.	0.18202	2.1793e-002
705	5.2699e-002	0.	0.56698	1.6676e-003
706	-1.2557	0.	0.75556	1.972e-004
707	0.90986	0.	0.3625	5.532e-004
708	0.53016	0.	0.12399	2.2712e-003
709	-0.88669	0.	0.14206	2.2238e-003
710	-0.72189	0.	0.5976	1.0457e-003
711	-0.44019	0.	0.47248	2.8813e-003
712	-6.7838e-002	0.	0.86566	3.1497e-004
713	-0.28526	0.	0.53874	1.9285e-003
714	-0.71898	0.	8.4211e-002	6.8385e-003
715	-0.63287	0.	0.64747	1.0243e-003
716	-0.48754	0.	0.24745	1.1084e-002
717	-5.453e-004	0.	8.9955e-002	0.16987
718	0.90928	0.	0.49698	4.4331e-004
1377	3.7215e-002	0.	2.7164e-002	0.23403
1378	5.4929e-002	0.	4.5293e-002	0.14602
1379	1.7637e-002	0.	5.4271e-002	0.29014
1383	-0.37376	0.	5.3928e-002	0.31287
1384	-0.41413	0.	4.8595e-002	0.13619
1385	-0.39726	0.	2.7749e-002	0.25775
2418	0.	0.	6.1875e-002	0.28606
2419	0.	0.	5.0625e-002	0.36542
2421	8.8185e-003	0.	5.526e-002	0.31521
2422	-1.125e-002	0.	6.75e-002	0.22527
2424	1.2726e-002	0.	7.0665e-002	0.19541
2425	-2.7265e-004	0.	7.8728e-002	0.20577
2426	8.8185e-003	0.	6.0885e-002	0.25868
2428	-3.375e-002	0.	6.75e-002	0.1942
2430	-3.1586e-002	0.	8.8333e-002	0.15511
2431	-1.1523e-002	0.	7.8728e-002	0.1915
2434	-6.75e-002	0.	6.75e-002	0.14823
2436	-4.2836e-002	0.	8.8333e-002	0.13665
2439	-0.1125	0.	6.75e-002	0.10472
2441	-6.5336e-002	0.	8.8333e-002	0.10836
2442	-9.9603e-002	0.	9.6058e-002	9.6929e-002
2445	-0.1575	0.	6.75e-002	8.2182e-002
2447	-0.1221	0.	9.6058e-002	8.0424e-002
2448	-0.14538	0.	9.7789e-002	7.6895e-002
2452	-0.2025	0.	6.75e-002	7.6648e-002
2454	-0.19423	0.	0.10829	5.9937e-002
2455	-0.16788	0.	9.7789e-002	6.9509e-002
2458	-0.2475	0.	6.75e-002	0.11004
2460	-0.24806	0.	9.2302e-002	8.2564e-002
2461	-0.21673	0.	0.10829	6.4075e-002
2464	-0.2925	0.	6.75e-002	0.15611
2466	-0.27056	0.	9.2302e-002	0.11483
2468	-0.32625	0.	6.75e-002	0.19847
2470	-0.29306	0.	9.2302e-002	0.12617
2471	-0.31933	0.	9.5278e-002	0.13247
2472	-0.32905	0.	7.7199e-002	0.17416
2476	-0.34875	0.	6.75e-002	0.22102
2478	-0.3403	0.	7.7199e-002	0.20355
2480	-0.36	0.	6.1875e-002	0.28906
2481	-0.36	0.	5.0625e-002	0.38954
2483	-0.36688	0.	5.5089e-002	0.33788
2485	-0.36607	0.	8.8548e-002	0.15953
2486	-0.35155	0.	7.7199e-002	0.19765
2487	-0.37184	0.	7.0043e-002	0.19378
2488	-0.36688	0.	6.0714e-002	0.26021
2492	-0.36	0.	2.25e-002	0.40973
2493	-0.36688	0.	4.9464e-002	0.36801
2494	-0.37863	0.	3.6374e-002	0.3417
2541	0.	0.	2.25e-002	0.40793
2542	1.8607e-002	0.	3.6082e-002	0.31617
2543	8.8185e-003	0.	4.9635e-002	0.3424
4395	0.15	0.	0.	5.2925e-002
4396	5.e-002	0.	0.	0.25627
4397	0.11829	0.	4.8493e-002	5.9108e-002
4402	6.8607e-002	0.	1.3582e-002	0.15903
4403	7.7464e-002	0.	2.2647e-002	0.11392
4412	0.25	0.	0.	1.4483e-002
4413	0.16829	0.	4.8493e-002	2.7035e-002
4414	0.2371	0.	6.2351e-002	1.4874e-002
4423	0.35	0.	0.	6.4199e-003
4424	0.35366	0.	6.3468e-002	6.3196e-003
4425	0.2871	0.	6.2351e-002	8.8511e-003
4433	0.45	0.	0.	3.6719e-003
4434	0.40366	0.	6.3468e-002	4.3119e-003
4439	0.55	0.	0.	2.3851e-003
4440	0.45366	0.	6.3468e-002	3.5755e-003
4441	0.51508	0.	6.1993e-002	2.5927e-003
4448	0.65	0.	0.	1.5463e-003
4449	0.61412	0.	6.6193e-002	1.626e-003
4450	0.56508	0.	6.1993e-002	2.0465e-003
4458	0.75	0.	0.	1.1e-003
4459	0.66412	0.	6.6193e-002	1.3414e-003
4460	0.72712	0.	6.5962e-002	1.1611e-003
4464	0.85	0.	0.	8.6274e-004
4465	0.84032	0.	5.7354e-002	8.5252e-004
4466	0.77712	0.	6.5962e-002	9.9955e-004
4474	0.95	0.	4.8523e-002	7.5632e-004
4475	0.95	0.	0.	7.6029e-004
4476	0.89032	0.	5.7354e-002	7.7589e-004
4482	-1.21	0.	0.	8.7505e-004
4483	-1.31	0.	4.8523e-002	7.3497e-004
4484	-1.31	0.	0.	7.4835e-004
4485	-1.2505	0.	5.7872e-002	7.6614e-004
4488	-1.11	0.	0.	1.1346e-003
4489	-1.2005	0.	5.7872e-002	8.7816e-004
4490	-1.1322	0.	6.929e-002	9.9214e-004
4499	-1.01	0.	0.	1.5295e-003
4500	-1.023	0.	7.6212e-002	1.3696e-003
4501	-1.0822	0.	6.929e-002	1.14e-003
4506	-0.91	0.	0.	2.5355e-003
4507	-0.97299	0.	7.6212e-002	1.618e-003
4508	-0.92334	0.	7.103e-002	1.9925e-003
4514	-0.81	0.	0.	4.0275e-003
4515	-0.81898	0.	8.4211e-002	3.2283e-003
4516	-0.87334	0.	7.103e-002	2.7519e-003
4517	-0.78949	0.	4.2105e-002	5.0537e-003
4525	-0.71	0.	0.	6.9116e-003
4526	-0.73949	0.	4.2105e-002	5.7492e-003
4532	-0.61	0.	0.	1.5875e-002
4533	-0.63296	0.	5.3243e-002	1.0376e-002
4534	-0.68949	0.	4.2105e-002	7.9164e-003
4543	-0.51	0.	0.	5.2144e-002
4544	-0.58296	0.	5.3243e-002	1.7189e-002
4545	-0.53372	0.	5.3462e-002	2.4861e-002
4553	-0.41	0.	0.	0.24428
4554	-0.48372	0.	5.3462e-002	5.398e-002
4560	-0.43706	0.	2.4297e-002	0.10697
4561	-0.42863	0.	1.3874e-002	0.16921
4801	-1.36	0.	0.14557	6.8496e-004
4802	-1.36	0.	4.8523e-002	7.1966e-004
4803	-1.3005	0.	0.10639	7.3763e-004
4806	-1.36	0.	0.24261	6.2883e-004
4807	-1.2805	0.	0.22942	6.9772e-004
4808	-1.3005	0.	0.15492	7.1651e-004
4812	-1.36	0.	0.33966	5.4409e-004
4813	-1.2805	0.	0.27794	6.6366e-004
4814	-1.2972	0.	0.35713	5.6063e-004
4819	-1.36	0.	0.4367	4.5885e-004
4820	-1.2972	0.	0.40565	5.1111e-004
4822	-1.36	0.	0.53375	3.6303e-004
4823	-1.2972	0.	0.45418	4.7672e-004
4824	-1.2985	0.	0.53397	3.8247e-004
4828	-1.36	0.	0.6308	2.713e-004
4829	-1.2985	0.	0.58249	3.2106e-004
4832	-1.36	0.	0.72784	2.0566e-004
4833	-1.2985	0.	0.63102	2.9025e-004
4834	-1.3078	0.	0.71744	2.1729e-004
4836	-1.36	0.	0.82489	1.4315e-004
4837	-1.3078	0.	0.76596	1.8311e-004
4840	-1.36	0.	0.92193	8.4859e-005
4841	-1.2917	0.	0.89755	1.0975e-004
4842	-1.3078	0.	0.81448	1.5595e-004
4845	-1.3108	0.	1.019	5.6226e-005
4846	-1.36	0.	1.019	4.101e-005
4847	-1.2917	0.	0.94607	8.3656e-005
4875	-1.2125	0.	1.0675	8.7601e-005
4876	-1.3108	0.	1.0675	4.2901e-005
4877	-1.2425	0.	0.99459	8.4896e-005
4881	-1.1142	0.	1.0675	1.3599e-004
4882	-1.1046	0.	1.0095	1.5261e-004
4883	-1.1933	0.	0.99459	1.0929e-004
4887	-1.0158	0.	1.0675	1.8115e-004
4888	-1.0555	0.	1.0095	1.7228e-004
4890	-0.9175	0.	1.0675	2.3229e-004
4891	-0.91063	0.	1.0109	2.4434e-004
4892	-1.0063	0.	1.0095	1.9667e-004
4895	-0.81917	0.	1.0675	2.7625e-004
4896	-0.86146	0.	1.0109	2.7044e-004
4899	-0.72083	0.	1.0675	2.9739e-004
4900	-0.81229	0.	1.0109	2.8797e-004
4901	-0.73243	0.	1.0258	3.0744e-004
4903	-0.6225	0.	1.0675	3.034e-004
4904	-0.68326	0.	1.0258	3.1077e-004
4907	-0.52417	0.	1.0675	2.85e-004
4908	-0.58453	0.	0.9847	3.6663e-004
4909	-0.52118	0.	1.022	3.0849e-004
4910	-0.6341	0.	1.0258	3.1331e-004
4914	-0.42583	0.	1.0675	2.3113e-004
4915	-0.47201	0.	1.022	2.8768e-004
4917	-0.3275	0.	1.0675	1.5111e-004
4918	-0.35636	0.	1.0081	2.0474e-004
4919	-0.42285	0.	1.022	2.5591e-004
4924	-0.22917	0.	1.0675	6.3112e-005
4925	-0.30719	0.	1.0081	1.6176e-004
4926	-0.22291	0.	1.0103	1.0423e-004
4930	-0.13083	0.	1.0675	7.6032e-005
4931	-0.17374	0.	1.0103	9.0569e-005
4933	-3.25e-002	0.	1.0675	1.5914e-004
4934	-3.9794e-002	0.	1.0171	1.8081e-004
4935	-0.12457	0.	1.0103	1.0775e-004
4939	6.5833e-002	0.	1.0675	2.4149e-004
4940	9.3722e-003	0.	1.0171	2.2395e-004
4943	0.16417	0.	1.0675	2.9653e-004
4944	0.13551	0.	0.99397	3.0824e-004
4945	5.8539e-002	0.	1.0171	2.5804e-004
4947	0.2625	0.	1.0675	3.0858e-004
4948	0.2625	0.	0.9961	3.3369e-004
4949	0.18468	0.	0.99397	3.2762e-004
4953	0.36083	0.	1.0675	3.026e-004
4954	0.31167	0.	0.9961	3.2662e-004
4957	0.45917	0.	1.0675	2.7861e-004
4958	0.36083	0.	0.9961	3.2783e-004
4959	0.43479	0.	0.99493	3.0652e-004
4963	0.5575	0.	1.0675	2.2871e-004
4964	0.55649	0.	1.0064	2.3876e-004
4965	0.48395	0.	0.99493	2.8118e-004
4967	0.65583	0.	1.0675	1.8563e-004
4968	0.60565	0.	1.0064	2.1467e-004
4973	0.75417	0.	1.0675	1.3984e-004
4974	0.65482	0.	1.0064	1.9591e-004
4975	0.72366	0.	0.98239	1.7796e-004
4977	0.8525	0.	1.0675	8.098e-005
4978	0.77283	0.	0.98239	1.5222e-004
4979	0.83869	0.	1.0097	9.9838e-005
4983	0.95083	0.	1.019	5.2001e-005
4984	0.95083	0.	1.0675	3.8181e-005
4985	0.88785	0.	1.0097	7.1204e-005
5016	1.	0.	0.92193	8.5978e-005
5017	1.	0.	1.019	4.1419e-005
5018	0.93702	0.	0.9612	7.3453e-005
5022	1.	0.	0.82489	1.4543e-004
5023	0.93086	0.	0.84729	1.393e-004
5024	0.93702	0.	0.91267	9.9007e-005
5026	1.	0.	0.72784	2.1772e-004
5027	0.93086	0.	0.79877	1.6946e-004
5028	0.93938	0.	0.73034	2.311e-004
5031	1.	0.	0.6308	2.966e-004
5032	0.93938	0.	0.68182	2.7234e-004
5037	1.	0.	0.53375	3.7582e-004
5038	0.93938	0.	0.63329	3.087e-004
5039	0.95464	0.	0.53963	3.8838e-004
5041	1.	0.	0.4367	4.6288e-004
5042	0.95464	0.	0.49111	4.2955e-004
5045	1.	0.	0.33966	5.4719e-004
5046	0.95493	0.	0.37534	5.3063e-004
5047	0.95464	0.	0.44258	4.7472e-004
5049	1.	0.	0.24261	6.2369e-004
5050	0.92426	0.	0.27223	6.404e-004
5051	0.95493	0.	0.32682	5.6929e-004
5055	1.	0.	0.14557	6.9382e-004
5056	0.92426	0.	0.22371	6.7825e-004
5057	0.94032	0.	0.1544	7.1369e-004
5062	1.	0.	4.8523e-002	7.3043e-004
5063	0.94032	0.	0.10588	7.4603e-004
5068	1.8607e-002	0.	1.3582e-002	0.32954
5079	-0.37863	0.	1.3874e-002	0.33073
5094	0.25972	0.	0.82943	5.0246e-004
5095	0.1819	0.	0.8273	4.9577e-004
5096	0.29429	0.	0.75252	6.1591e-004
5097	0.26001	0.	0.68596	7.6966e-004
5098	0.13785	0.	0.75556	6.2197e-004
5099	0.16008	0.	0.68556	9.3355e-004
5100	0.20746	0.	0.65815	1.0137e-003
5105	-0.64796	0.	0.71994	7.2337e-004
5106	-0.55674	0.	0.68362	8.9394e-004
5107	-0.58803	0.	0.82304	5.5654e-004
5108	-0.51341	0.	0.78472	5.8369e-004
5109	-0.51808	0.	0.7114	7.4766e-004
5110	-0.66601	0.	0.78025	5.669e-004
5111	-0.6066	0.	0.69583	8.5334e-004
5115	-0.54411	0.	0.43204	3.165e-003
5116	-0.43313	0.	0.40772	4.1279e-003
5117	-0.47569	0.	0.3697	5.6579e-003
5118	-0.50232	0.	0.45998	3.0171e-003
5119	-0.53067	0.	0.39295	3.7753e-003
5120	-0.46506	0.	0.44456	3.3244e-003
5122	6.0143e-002	0.	0.39165	4.4433e-003
5123	0.11722	0.	0.44914	3.3102e-003
5124	0.1597	0.	0.35164	4.9532e-003
5125	0.16717	0.	0.41404	3.4356e-003
5126	7.0643e-002	0.	0.35673	5.7462e-003
5127	0.10978	0.	0.33762	6.2106e-003
5128	7.4718e-002	0.	0.4303	3.5715e-003
5133	8.9583e-003	0.	0.26194	1.4659e-002
5134	7.0006e-003	0.	0.23053	1.9483e-002
5135	4.2635e-002	0.	0.2806	1.1826e-002
5136	0.11099	0.	0.219	1.4202e-002
5137	8.177e-002	0.	0.26149	1.2333e-002
5138	2.3999e-002	0.	0.20246	2.9099e-002
5139	6.341e-002	0.	0.19467	2.599e-002
5145	-0.39201	0.	0.20789	2.7268e-002
5146	-0.36981	0.	0.23469	1.798e-002
5147	-0.43467	0.	0.28362	1.1341e-002
5148	-0.37919	0.	0.27173	1.2984e-002
5149	-0.43397	0.	0.21325	1.816e-002
5150	-0.44771	0.	0.24597	1.2972e-002
5154	-1.0209	0.	0.55707	5.8078e-004
5155	-0.94499	0.	0.68794	4.8547e-004
5156	-0.88494	0.	0.63166	6.5579e-004
5157	-0.89992	0.	0.56287	7.5048e-004
5158	-0.96369	0.	0.52481	7.1478e-004
5159	-1.0213	0.	0.62933	4.9391e-004
5163	0.58039	0.	0.69188	4.8664e-004
5164	0.69369	0.	0.58599	5.1136e-004
5165	0.6665	0.	0.6686	4.4306e-004
5166	0.62609	0.	0.54574	6.8812e-004
5167	0.55631	0.	0.56909	8.4086e-004
5168	0.52422	0.	0.62539	7.0405e-004
5174	-0.16085	0.	0.20928	2.2441e-002
5175	-0.21577	0.	0.22491	1.9609e-002
5176	-0.19423	0.	0.19162	3.1669e-002
5177	-0.1443	0.	0.24262	1.6382e-002
5178	-0.19982	0.	0.25805	1.4285e-002
5179	-0.16947	0.	0.26298	1.4206e-002
5183	0.35161	0.	0.42792	1.9337e-003
5184	0.42817	0.	0.44134	1.4333e-003
5185	0.29585	0.	0.46985	1.9569e-003
5186	0.33879	0.	0.5679	1.1287e-003
5187	0.43505	0.	0.51104	1.2244e-003
5188	0.40296	0.	0.56734	1.0996e-003
5189	0.28624	0.	0.54009	1.3508e-003
5193	-0.70134	0.	0.41959	2.3009e-003
5194	-0.78485	0.	0.43532	1.5028e-003
5195	-0.65895	0.	0.46649	2.009e-003
5196	-0.7835	0.	0.50683	1.2084e-003
5197	-0.66723	0.	0.51912	1.4946e-003
5198	-0.72075	0.	0.54157	1.2787e-003
5202	-0.21578	0.	0.79893	4.0375e-004
5203	-9.5806e-002	0.	0.77189	5.1054e-004
5204	-0.1858	0.	0.74232	5.6742e-004
5205	-0.15781	0.	0.8708	3.0252e-004
5206	-0.12569	0.	0.73004	6.5453e-004
5207	-0.10799	0.	0.82703	3.8725e-004
5211	-0.24382	0.	0.37607	5.6417e-003
5212	-0.2091	0.	0.44791	3.524e-003
5213	-0.24957	0.	0.42684	3.9133e-003
5214	-0.1987	0.	0.37561	5.6726e-003
5215	-0.17168	0.	0.40961	4.3453e-003
5220	0.57951	0.	0.33787	1.3026e-003
5221	0.75827	0.	0.27222	8.8082e-004
5222	0.65617	0.	0.38423	9.2703e-004
5223	0.64813	0.	0.21176	1.2439e-003
5224	0.73157	0.	0.3481	8.6999e-004
5225	0.59652	0.	0.2589	1.4618e-003
5226	0.71113	0.	0.21153	1.0621e-003
5230	-0.93411	0.	0.33601	1.2825e-003
5231	-1.1096	0.	0.27583	8.9652e-004
5232	-1.0021	0.	0.21967	1.266e-003
5233	-0.9526	0.	0.26512	1.483e-003
5234	-1.0608	0.	0.33778	9.008e-004
5235	-0.99653	0.	0.36945	9.4987e-004
5236	-1.0613	0.	0.21274	1.0271e-003
5239	-2.087e-002	0.	0.70099	7.9979e-004
5240	-8.1524e-003	0.	0.58957	1.4464e-003
5241	3.4819e-002	0.	0.71177	8.1617e-004
5242	5.7054e-002	0.	0.64177	1.0957e-003
5243	-5.0753e-002	0.	0.65913	9.1358e-004
5244	-3.9137e-002	0.	0.61532	1.1972e-003
5245	2.7212e-002	0.	0.60679	1.337e-003
5249	-0.17508	0.	0.16674	3.425e-002
5250	-0.12516	0.	0.21773	2.1944e-002
5251	-0.12546	0.	0.15451	4.8496e-002
5252	-0.14873	0.	0.15624	4.5284e-002
5253	-0.11251	0.	0.18457	3.1009e-002
5258	-0.23978	0.	0.13309	6.3358e-002
5259	-0.28599	0.	0.14554	6.3673e-002
5260	-0.29739	0.	0.12008	8.7057e-002
5265	-0.62383	0.	0.32036	4.9365e-003
5266	-0.76658	0.	0.36937	2.3073e-003
5267	-0.64068	0.	0.40054	2.7632e-003
5268	-0.67545	0.	0.28208	4.1952e-003
5269	-0.73038	0.	0.31671	2.8269e-003
5270	-0.62724	0.	0.36146	3.4268e-003
5273	0.27467	0.	0.33732	4.1415e-003
5274	0.41445	0.	0.3712	2.0301e-003
5275	0.28213	0.	0.39972	2.4968e-003
5276	0.32092	0.	0.2988	3.6747e-003
5277	0.37846	0.	0.31877	2.5915e-003
5282	-7.186e-002	0.	0.3088	1.0841e-002
5283	-7.1317e-002	0.	0.27039	1.4723e-002
5284	-3.5986e-002	0.	0.25831	1.8495e-002
5285	-3.512e-004	0.	0.30838	1.0352e-002
5286	-4.1936e-002	0.	0.32795	9.8287e-003
5290	-0.37414	0.	0.14045	6.8623e-002
5291	-0.35394	0.	0.1981	2.9569e-002
5292	-0.3385	0.	0.17264	3.9677e-002
5293	-0.34989	0.	0.14718	6.5731e-002
5294	-0.40543	0.	0.14964	4.5537e-002
5295	-0.41809	0.	0.17666	3.0183e-002
5300	4.5171e-002	0.	0.10914	6.9672e-002
5301	2.1384e-002	0.	9.8443e-002	0.1109
5302	-1.1678e-002	0.	0.11611	8.1813e-002
5303	6.6838e-003	0.	0.1469	5.654e-002
5304	4.6095e-002	0.	0.13911	5.4208e-002
5305	8.3848e-003	0.	0.10651	0.12102
5309	0.46687	0.	0.77023	4.9095e-004
5310	0.57879	0.	0.85741	3.0847e-004
5311	0.63904	0.	0.74632	3.427e-004
5312	0.50625	0.	0.84598	3.4985e-004
5313	0.64763	0.	0.83344	2.9511e-004
5314	0.49676	0.	0.70311	6.1508e-004
5319	-0.95026	0.	0.95291	2.3542e-004
5320	-0.89606	0.	0.86628	3.2538e-004
5321	-0.80313	0.	0.88531	3.6881e-004
5322	-0.77472	0.	0.96924	3.014e-004
5327	2.2825e-002	0.	0.36195	5.9478e-003
5328	2.69e-002	0.	0.43551	3.8577e-003
5329	-1.876e-002	0.	0.38152	5.4215e-003
5330	-1.6243e-002	0.	0.42071	3.9705e-003
5334	-0.36495	0.	0.81736	4.4758e-004
5335	-0.25342	0.	0.75284	5.4664e-004
5336	-0.30972	0.	0.87909	3.1711e-004
5337	-0.22544	0.	0.88132	2.6683e-004
5338	-0.32062	0.	0.76208	5.8168e-004
5343	-0.3645	0.	0.55389	1.804e-003
5344	-0.40533	0.	0.58587	1.3936e-003
5345	-0.41126	0.	0.64211	1.0344e-003
5346	-0.36227	0.	0.66017	1.0009e-003
5347	-0.3225	0.	0.61513	1.134e-003
5348	-0.32598	0.	0.57218	1.5732e-003
5352	0.79344	0.	0.77211	2.322e-004
5353	0.87024	0.	0.75275	2.2534e-004
5354	0.80202	0.	0.85923	1.7042e-004
5355	0.86788	0.	0.88656	1.2599e-004
5360	-0.99174	0.	0.86488	2.8269e-004
5361	-1.1346	0.	0.93659	1.4533e-004
5362	-1.0809	0.	0.88027	2.0548e-004
5367	-0.23	0.	0.18236	3.381e-002
5368	-0.29164	0.	0.22028	2.1553e-002
5369	-0.23559	0.	0.2488	1.6262e-002
5370	-0.27621	0.	0.19481	3.1654e-002
5371	-0.26738	0.	0.24135	1.7937e-002
5375	-0.32548	0.	0.37204	5.5993e-003
5376	-0.24714	0.	0.31361	8.5309e-003
5377	-0.31257	0.	0.32213	8.8096e-003
5378	-0.28037	0.	0.39604	5.2741e-003
5379	-0.27892	0.	0.30616	1.0149e-002
5380	-0.2295	0.	0.34482	6.5363e-003
5385	-0.76651	0.	0.6807	7.4808e-004
5386	-0.73364	0.	0.75601	6.1293e-004
5387	-0.71874	0.	0.64665	9.0553e-004
5388	-0.67423	0.	0.67159	8.9573e-004
5391	0.17643	0.	0.47675	2.3779e-003
5392	0.11943	0.	0.57439	1.7616e-003
5393	8.3978e-002	0.	0.493	2.6017e-003
5394	0.16681	0.	0.54699	1.8275e-003
5395	8.959e-002	0.	0.53941	1.97e-003
5399	-0.48856	0.	0.59459	1.3238e-003
5400	-0.49449	0.	0.65083	9.5885e-004
5401	-0.574	0.	0.58788	1.2855e-003
5402	-0.52393	0.	0.56319	1.6532e-003
5403	-0.58301	0.	0.63527	1.0579e-003
5408	1.2225e-002	0.	0.76616	5.8214e-004
5409	-7.3347e-002	0.	0.71352	7.0571e-004
5410	-5.5651e-002	0.	0.81052	4.4578e-004
5412	-6.2073e-002	0.	0.51974	1.9613e-003
5413	-0.1401	0.	0.54567	1.7341e-003
5414	-0.15565	0.	0.49795	2.204e-003
5415	-0.11823	0.	0.45965	3.2084e-003
5416	-9.3058e-002	0.	0.5455	1.7758e-003
5417	-7.5464e-002	0.	0.47575	2.6042e-003
5419	0.21891	0.	0.37925	4.1535e-003
5420	0.19073	0.	0.26033	9.427e-003
5421	0.16152	0.	0.30282	6.8823e-003
5422	0.25769	0.	0.27832	5.244e-003
5426	-0.51302	0.	0.30492	6.9701e-003
5427	-0.61621	0.	0.2488	5.9564e-003
5428	-0.55558	0.	0.24054	9.7332e-003
5429	-0.568	0.	0.32818	5.2843e-003
5430	-0.52606	0.	0.26727	8.9116e-003
5435	0.75234	0.	0.64043	3.7601e-004
5436	0.71193	0.	0.51757	6.2294e-004
5437	0.78733	0.	0.48144	5.5658e-004
5438	0.82915	0.	0.62107	3.6723e-004
5439	0.84441	0.	0.5274	4.4163e-004
5441	-1.1619	0.	0.46982	5.4508e-004
5442	-1.1631	0.	0.54962	4.5527e-004
5443	-1.0964	0.	0.45259	6.5278e-004
5444	-1.0321	0.	0.48426	7.0882e-004
5445	-1.0897	0.	0.58877	4.8507e-004
5448	0.23384	0.	0.92257	3.4449e-004
5449	0.34623	0.	0.84778	4.681e-004
5450	0.38562	0.	0.92353	3.2971e-004
5455	-0.36931	0.	0.45049	3.4602e-003
5456	-0.40313	0.	0.53415	1.9474e-003
5457	-0.32421	0.	0.47448	2.9074e-003
5458	-0.40124	0.	0.48732	2.5865e-003
5459	-0.32378	0.	0.52045	2.1012e-003
5462	0.34076	0.	0.12582	6.886e-003
5463	0.46616	0.	0.1768	3.07e-003
5464	0.35563	0.	0.18337	4.4916e-003
5465	0.41317	0.	0.20334	3.4701e-003
5466	0.46874	0.	0.12546	3.2778e-003
5471	-0.83251	0.	0.20588	2.5583e-003
5472	-0.72289	0.	0.18947	4.2772e-003
5473	-0.77782	0.	0.2241	2.865e-003
5474	-0.83233	0.	0.15524	2.7123e-003
5475	-0.74847	0.	0.12632	5.0213e-003
5479	-0.86858	0.	0.31422	1.6958e-003
5480	-0.84873	0.	0.45661	1.2158e-003
5481	-0.91251	0.	0.41855	1.1856e-003
5482	-0.81388	0.	0.33244	2.0627e-003
5489	0.56766	0.	0.43097	1.1808e-003
5490	0.49789	0.	0.45432	1.3256e-003
5491	0.50801	0.	0.30564	1.6924e-003
5492	0.45501	0.	0.33218	2.1415e-003
5496	-0.5211	0.	0.86358	4.574e-004
5497	-0.6737	0.	0.85911	4.379e-004
5498	-0.53237	0.	0.93922	3.6851e-004
5499	-0.64529	0.	0.94303	3.7385e-004
5504	-0.39127	0.	0.88699	3.5924e-004
5505	-0.45116	0.	0.75193	6.6822e-004
5506	-0.40216	0.	0.76999	6.1938e-004
5507	-0.45776	0.	0.9009	4.0611e-004
5512	-0.25466	0.	0.16153	4.0465e-002
5513	-0.1821	0.	0.13858	5.1781e-002
5518	-0.10915	0.	0.28947	1.2718e-002
5519	-0.13432	0.	0.30984	9.3769e-003
5520	-0.14704	0.	0.33612	7.3663e-003
5521	-0.12002	0.	0.37012	6.4648e-003
5522	-7.9769e-002	0.	0.34703	7.3477e-003
5528	-0.3479	0.	0.11633	9.3355e-002
5529	-0.35762	0.	9.8247e-002	0.13766
5530	-0.40344	0.	0.11879	7.5232e-002
5531	-0.37791	0.	9.1091e-002	0.13231
5535	7.9047e-002	0.	0.94361	2.9017e-004
5536	0.11197	0.	0.84869	4.7294e-004
5539	-1.2177	0.	0.34393	6.3215e-004
5540	-1.2209	0.	0.19024	7.5053e-004
5541	-1.1523	0.	0.3267	7.3029e-004
5542	-1.1527	0.	0.20166	8.6797e-004
5547	0.82182	0.	0.32919	6.7678e-004
5548	0.86457	0.	0.18401	7.3046e-004
5549	0.80137	0.	0.19262	8.7998e-004
5550	0.87919	0.	0.30791	6.2477e-004
5557	0.42018	0.	0.84661	4.4961e-004
5558	0.34652	0.	0.70431	7.4551e-004
5559	0.4107	0.	0.70375	7.0716e-004
5563	1.1723e-002	0.	0.50335	2.3458e-003
5564	-4.9013e-002	0.	0.55829	1.6149e-003
5565	-3.1419e-002	0.	0.48854	2.5295e-003
5566	1.7335e-002	0.	0.54976	1.7442e-003
5570	0.1048	0.	9.6108e-002	5.2253e-002
5571	0.20539	0.	0.11084	2.2021e-002
5572	0.1533	0.	0.15041	2.3705e-002
5573	0.10572	0.	0.12608	3.4101e-002
5574	9.575e-002	0.	7.114e-002	9.0335e-002
5580	4.924e-002	0.	8.453e-002	0.11028
5581	7.3952e-002	0.	0.1252	5.288e-002
5582	6.3978e-002	0.	7.0262e-002	0.10742
5587	0.22211	0.	0.16426	1.1056e-002
5588	0.28907	0.	0.18225	7.0827e-003
5592	-0.55668	0.	0.1067	2.0023e-002
5593	-0.63687	0.	0.1585	8.616e-003
5594	-0.57624	0.	0.15024	1.2075e-002
5595	-0.66245	0.	9.5348e-002	9.3728e-003
5598	-0.52701	0.	0.15046	2.0418e-002
5599	-0.47109	0.	0.11745	4.0513e-002
5600	-0.48375	0.	0.14447	2.4242e-002
5601	-0.46079	0.	7.7759e-002	8.2212e-002
5606	0.53211	0.	0.93379	2.6733e-004
5607	0.67348	0.	0.92126	2.0713e-004
5611	-0.19877	0.	0.64031	1.0301e-003
5612	-0.16334	0.	0.68395	7.2276e-004
5613	-0.29064	0.	0.70547	6.8738e-004
5614	-0.25087	0.	0.66044	8.9612e-004
5618	-0.60657	0.	0.50007	2.0096e-003
5619	-0.5565	0.	0.47539	2.3425e-003
5620	-0.58485	0.	0.40836	3.1622e-003
5624	-0.87748	0.	0.72197	5.5539e-004
5625	-0.84461	0.	0.79728	4.1378e-004
5626	-1.0267	0.	0.79364	3.0402e-004
5627	-1.0138	0.	0.71964	3.8089e-004
5631	0.80196	0.	0.70368	2.8945e-004
5632	0.73374	0.	0.81016	2.4444e-004
5637	-1.1695	0.	0.86536	1.7032e-004
5638	-1.2395	0.	0.83862	1.5193e-004
5643	0.21676	0.	0.51189	1.962e-003
5647	-0.18963	0.	0.53667	1.8978e-003
5648	-0.13866	0.	0.62803	1.0928e-003
5649	-0.12704	0.	0.58422	1.3584e-003
5650	-0.2262	0.	0.60452	1.2148e-003
5651	-0.22968	0.	0.56157	1.5652e-003
5655	-7.3275e-002	0.	0.23898	1.9281e-002
5656	-0.13377	0.	0.27143	1.3172e-002
5657	-9.5959e-002	0.	0.2179	2.6624e-002
5663	-0.31631	0.	0.19944	3.2276e-002
5664	-0.34112	0.	0.26194	1.6566e-002
5665	-0.30748	0.	0.24597	1.7316e-002
5669	-0.25176	0.	0.95096	1.5877e-004
5670	-0.40254	0.	0.96264	2.5835e-004
5674	-0.41889	0.	0.36079	5.9054e-003
5675	-0.36341	0.	0.3489	7.9458e-003
5676	-0.33122	0.	0.42281	3.9381e-003
5677	-0.40826	0.	0.43565	3.7303e-003
5681	0.37642	0.	0.63719	8.6164e-004
5682	0.25969	0.	0.60994	1.1352e-003
5684	0.71972	0.	0.4412	7.2413e-004
5685	0.57454	0.	0.50067	9.4076e-004
5690	-0.4499	0.	0.62237	1.1977e-003
5691	-0.47934	0.	0.53473	1.8637e-003
5692	-0.44208	0.	0.5193	2.2202e-003
5696	-0.40684	0.	0.69666	7.7764e-004
5699	3.4996e-002	0.	0.87186	4.3048e-004
5700	-8.2701e-002	0.	0.95999	1.6287e-004
5701	-3.288e-002	0.	0.91622	2.698e-004
5707	-0.93652	0.	0.19788	1.6783e-003
5708	-1.0452	0.	0.1455	1.235e-003
5709	-0.93633	0.	0.14724	1.8461e-003
5715	0.57662	0.	0.17952	1.6234e-003
5716	0.69123	0.	0.13216	1.2436e-003
5717	0.5792	0.	0.12819	1.8468e-003
5720	-2.0945e-002	0.	0.19882	3.2092e-002
5721	-6.0628e-002	0.	0.20581	3.0078e-002
5725	-0.18929	0.	0.28687	1.0051e-002
5726	-0.25143	0.	0.27449	1.1441e-002
5727	-0.20201	0.	0.31315	8.503e-003
5732	1.2454e-002	0.	8.1892e-002	0.15702
5733	4.0191e-002	0.	5.9561e-002	0.14439
5734	2.1545e-002	0.	6.405e-002	0.21889
5740	0.85249	0.	0.38378	6.0378e-004
5741	0.8522	0.	0.45102	5.5199e-004
5746	-7.4938e-002	0.	0.11689	8.116e-002
5747	-2.2309e-002	0.	0.13996	6.8876e-002
5748	-6.1992e-002	0.	0.14695	6.6232e-002
5749	-2.0608e-002	0.	9.9561e-002	0.13102
5756	-1.2357	0.	0.50292	4.354e-004
5757	-1.169	0.	0.40589	6.2863e-004
5761	-0.78456	0.	0.741	5.9223e-004
5762	-0.83241	0.	0.59691	8.1561e-004
5763	-0.76966	0.	0.63165	8.883e-004
5768	0.47268	0.	0.58032	9.6162e-004
5770	9.0149e-002	0.	0.70695	9.1333e-004
5771	3.843e-005	0.	0.8213	4.502e-004
5777	0.15976	0.	0.60954	1.2834e-003
5778	8.2542e-002	0.	0.60196	1.4377e-003
5782	7.246e-002	0.	0.30792	7.535e-003
5783	-8.2597e-003	0.	0.3466	6.4518e-003
5787	-0.83237	0.	0.26156	2.223e-003
5788	-0.88688	0.	0.19269	2.0493e-003
5793	0.47202	0.	0.25321	2.2731e-003
5794	0.52759	0.	0.17532	2.0496e-003
5798	0.89402	0.	0.59065	3.6436e-004
5803	0.14081	0.	0.24632	1.0314e-002
5804	0.23699	0.	0.22181	9.0067e-003
5805	0.12245	0.	0.17949	2.4512e-002
5811	-0.13248	0.	0.12635	6.4712e-002
5812	-9.6259e-002	0.	0.15468	5.39e-002
5817	-0.24565	0.	0.46787	2.8335e-003
5818	-0.16776	0.	0.45065	3.2888e-003
5819	-0.24522	0.	0.51384	2.096e-003
5823	-0.72327	0.	0.90024	3.8631e-004
5828	-0.11766	0.	0.90943	2.1684e-004
5833	-0.40598	0.	0.31087	9.2046e-003
5834	-0.51643	0.	0.34602	5.5976e-003
5835	-0.4745	0.	0.28511	9.1741e-003
5840	-0.31226	0.	0.14852	6.777e-002
5845	-0.31686	0.	0.28301	1.1986e-002
5850	-0.28569	0.	0.49277	2.7248e-003
5854	-0.33338	0.	0.10498	0.13582
5860	-0.6072	0.	0.20226	9.0551e-003
5861	-0.72275	0.	0.24515	3.9879e-003
5862	-0.6934	0.	0.14736	6.0228e-003
5867	-0.91116	0.	0.49006	8.6265e-004
5868	-0.78464	0.	0.56286	9.6842e-004
5872	-0.17166	0.	0.31808	8.4618e-003
5879	3.5464e-002	0.	0.16296	3.7745e-002
5880	-4.363e-002	0.	0.17775	3.792e-002
5885	-0.56478	0.	0.52802	1.8368e-003
5886	-0.66837	0.	0.57515	1.2672e-003
5887	-0.62386	0.	0.60009	1.2583e-003
5891	-1.1635	0.	0.62187	3.6165e-004
5892	-1.2463	0.	0.66914	2.693e-004
5897	0.81743	0.	0.12332	9.1352e-004
5902	-1.1727	0.	0.12716	8.8381e-004
5906	-1.0392	0.	0.42033	7.8233e-004
5915	0.36149	0.	0.25977	3.7824e-003
5919	-0.50331	0.	0.18801	1.7138e-002
5920	-0.51705	0.	0.22073	1.1736e-002
5930	-9.1613e-002	0.	0.62786	1.1263e-003
5934	-0.15736	0.	0.37835	5.4336e-003
5937	-9.0095e-002	0.	0.38927	4.9354e-003
5938	-8.7577e-002	0.	0.42845	3.5864e-003
5944	-0.31807	0.	0.66968	9.0133e-004
5948	0.80818	0.	0.92461	1.4219e-004
5953	-1.6673e-003	0.	0.45935	3.0054e-003
5954	4.7087e-002	0.	0.52057	2.2908e-003
5980	-1.1029	0.	0.73503	3.1083e-004
5981	-1.1857	0.	0.78229	2.0618e-004
5989	-0.47745	0.	0.48791	2.5292e-003
6003	-4.7327e-002	0.	0.40536	4.6407e-003
6013	-0.4092	0.	0.10028	0.11205
6014	-0.44739	0.	0.155	3.7895e-002
6015	-0.42443	0.	8.8287e-002	9.3366e-002
6021	-0.37872	0.	6.3257e-002	0.24015
6022	-0.3989	0.	6.0591e-002	0.14974
6028	-0.28178	0.	0.58169	1.5054e-003
6040	-1.1729	0.	0.70829	2.931e-004
6047	-0.47379	0.	0.21474	1.6399e-002
6060	0.90957	0.	0.42974	4.978e-004
6068	-0.67738	0.	0.62254	1.0279e-003
10206	4.6072e-002	0.	3.6229e-002	0.18883
10207	2.7426e-002	0.	4.0718e-002	0.2557
10210	3.6283e-002	0.	4.9782e-002	0.21668
10231	-0.39394	0.	5.1261e-002	0.22313
10232	-0.38551	0.	4.0838e-002	0.27827
10235	-0.40569	0.	3.8172e-002	0.19577
