Node Number	X Location (m)	Y Location (m)	Z Location (m)	Total Magnetic Flux Density (T)
9	-0.12	0.	1.5e-002	1.1951
10	-0.10286	0.	1.5e-002	1.994
11	-8.5714e-002	0.	1.5e-002	2.4833
12	-6.8571e-002	0.	1.5e-002	2.6334
13	-5.1429e-002	0.	1.5e-002	2.6417
14	-3.4286e-002	0.	1.5e-002	2.5186
15	0.	0.	1.5e-002	1.2618
16	-1.7143e-002	0.	1.5e-002	2.0772
59	-1.7143e-002	0.	-1.5e-002	1.9502
60	0.	0.	-1.5e-002	1.1846
61	-3.4286e-002	0.	-1.5e-002	2.4851
62	-5.1429e-002	0.	-1.5e-002	2.632
63	-6.8571e-002	0.	-1.5e-002	2.6419
64	-8.5714e-002	0.	-1.5e-002	2.5225
65	-0.10286	0.	-1.5e-002	2.2402
66	-0.12	0.	-1.5e-002	1.6015
385	0.	0.	0.	0.87416
386	-0.12	0.	0.	1.1439
1810	-0.11143	0.	1.5e-002	1.58
1812	-0.12	0.	7.5e-003	1.1467
1818	-9.4286e-002	0.	1.5e-002	2.2363
1820	-0.10286	0.	0.	2.1035
1821	-0.11143	0.	7.5e-003	1.538
1826	-7.7143e-002	0.	1.5e-002	2.5582
1828	-8.5714e-002	0.	0.	2.5024
1829	-9.4286e-002	0.	0.	2.3562
1832	-6.e-002	0.	1.5e-002	2.6375
1834	-6.8571e-002	0.	0.	2.6377
1835	-7.7143e-002	0.	0.	2.5778
1838	-4.2857e-002	0.	1.5e-002	2.5801
1840	-5.1429e-002	0.	0.	2.6368
1841	-6.e-002	0.	0.	2.6418
1844	-2.5714e-002	0.	1.5e-002	2.2964
1846	-3.4286e-002	0.	0.	2.5014
1847	-4.2857e-002	0.	0.	2.5752
1850	-8.5714e-003	0.	1.5e-002	1.6678
1852	0.	0.	7.5e-003	1.0594
1858	-1.7143e-002	0.	0.	2.0035
1859	-2.5714e-002	0.	0.	2.2777
1860	-8.5714e-003	0.	7.5e-003	1.462
2085	-8.5714e-003	0.	-1.5e-002	1.5544
2086	-2.5714e-002	0.	-1.5e-002	2.2153
2088	-8.5714e-003	0.	-7.5e-003	1.402
2093	0.	0.	-7.5e-003	1.0142
2097	-4.2857e-002	0.	-1.5e-002	2.5584
2101	-6.e-002	0.	-1.5e-002	2.6369
2105	-7.7143e-002	0.	-1.5e-002	2.5822
2109	-9.4286e-002	0.	-1.5e-002	2.3784
2113	-0.11143	0.	-1.5e-002	1.9149
2115	-0.11143	0.	-7.5e-003	1.6589
2121	-0.12	0.	-7.5e-003	1.3569
1	0.	0.	2.25e-002	0.43867
2	-1.7143e-002	0.	2.25e-002	0.29796
3	-3.4286e-002	0.	2.25e-002	0.11125
4	-5.1429e-002	0.	2.25e-002	2.098e-002
5	-6.8571e-002	0.	2.25e-002	2.1274e-002
6	-8.5714e-002	0.	2.25e-002	0.10691
7	-0.10286	0.	2.25e-002	0.29727
8	-0.12	0.	2.25e-002	0.44582
9	-0.12	0.	1.5e-002	0.44582
10	-0.10286	0.	1.5e-002	0.29727
11	-8.5714e-002	0.	1.5e-002	0.10691
12	-6.8571e-002	0.	1.5e-002	2.1274e-002
13	-5.1429e-002	0.	1.5e-002	2.098e-002
14	-3.4286e-002	0.	1.5e-002	0.11125
15	0.	0.	1.5e-002	0.43867
16	-1.7143e-002	0.	1.5e-002	0.29796
59	-1.7143e-002	0.	-1.5e-002	0.29486
60	0.	0.	-1.5e-002	0.43894
61	-3.4286e-002	0.	-1.5e-002	0.10875
62	-5.1429e-002	0.	-1.5e-002	2.1268e-002
63	-6.8571e-002	0.	-1.5e-002	2.119e-002
64	-8.5714e-002	0.	-1.5e-002	0.10944
65	-0.10286	0.	-1.5e-002	0.30307
66	-0.12	0.	-1.5e-002	0.45065
131	-0.10286	0.	-2.25e-002	0.30307
132	-0.12	0.	-2.25e-002	0.45065
133	-8.5714e-002	0.	-2.25e-002	0.10944
134	-6.8571e-002	0.	-2.25e-002	2.119e-002
135	-5.1429e-002	0.	-2.25e-002	2.1268e-002
136	-3.4286e-002	0.	-2.25e-002	0.10875
137	-1.7143e-002	0.	-2.25e-002	0.29486
138	0.	0.	-2.25e-002	0.43894
1758	-8.5714e-003	0.	2.25e-002	0.36697
1759	0.	0.	1.875e-002	0.43867
1765	-2.5714e-002	0.	2.25e-002	0.2016
1766	-1.7143e-002	0.	1.875e-002	0.29796
1771	-4.2857e-002	0.	2.25e-002	6.5223e-002
1772	-3.4286e-002	0.	1.875e-002	0.11125
1778	-6.e-002	0.	2.25e-002	2.7328e-004
1779	-5.1429e-002	0.	1.875e-002	2.098e-002
1783	-7.7143e-002	0.	2.25e-002	6.335e-002
1784	-6.8571e-002	0.	1.875e-002	2.1274e-002
1790	-9.4286e-002	0.	2.25e-002	0.19913
1791	-8.5714e-002	0.	1.875e-002	0.10691
1796	-0.11143	0.	2.25e-002	0.37039
1797	-0.10286	0.	1.875e-002	0.29727
1803	-0.12	0.	1.875e-002	0.44582
1810	-0.11143	0.	1.5e-002	0.37039
1818	-9.4286e-002	0.	1.5e-002	0.19913
1826	-7.7143e-002	0.	1.5e-002	6.335e-002
1832	-6.e-002	0.	1.5e-002	2.7328e-004
1838	-4.2857e-002	0.	1.5e-002	6.5223e-002
1844	-2.5714e-002	0.	1.5e-002	0.2016
1850	-8.5714e-003	0.	1.5e-002	0.36697
2085	-8.5714e-003	0.	-1.5e-002	0.36561
2086	-2.5714e-002	0.	-1.5e-002	0.19875
2087	-1.7143e-002	0.	-1.875e-002	0.29486
2092	0.	0.	-1.875e-002	0.43894
2097	-4.2857e-002	0.	-1.5e-002	6.4166e-002
2098	-3.4286e-002	0.	-1.875e-002	0.10875
2101	-6.e-002	0.	-1.5e-002	1.3861e-004
2102	-5.1429e-002	0.	-1.875e-002	2.1268e-002
2105	-7.7143e-002	0.	-1.5e-002	6.4512e-002
2106	-6.8571e-002	0.	-1.875e-002	2.119e-002
2109	-9.4286e-002	0.	-1.5e-002	0.20341
2110	-8.5714e-002	0.	-1.875e-002	0.10944
2113	-0.11143	0.	-1.5e-002	0.37569
2114	-0.10286	0.	-1.875e-002	0.30307
2120	-0.12	0.	-1.875e-002	0.45065
2519	-0.11143	0.	-2.25e-002	0.37569
2520	-9.4286e-002	0.	-2.25e-002	0.20341
2529	-7.7143e-002	0.	-2.25e-002	6.4512e-002
2533	-6.e-002	0.	-2.25e-002	1.3861e-004
2537	-4.2857e-002	0.	-2.25e-002	6.4166e-002
2543	-2.5714e-002	0.	-2.25e-002	0.19875
2546	-8.5714e-003	0.	-2.25e-002	0.36561
60	0.	0.	-1.5e-002	0.41272
66	-0.12	0.	-1.5e-002	0.39615
131	-0.10286	0.	-2.25e-002	0.20299
132	-0.12	0.	-2.25e-002	0.24474
133	-8.5714e-002	0.	-2.25e-002	0.12823
134	-6.8571e-002	0.	-2.25e-002	8.364e-002
135	-5.1429e-002	0.	-2.25e-002	8.7713e-002
136	-3.4286e-002	0.	-2.25e-002	0.11917
137	-1.7143e-002	0.	-2.25e-002	0.20458
138	0.	0.	-2.25e-002	0.22433
209	1.	0.	-9.2955e-002	4.2738e-005
210	1.	0.	-0.18591	4.0425e-005
211	1.	0.	-0.27886	3.6259e-005
212	1.	0.	-0.37182	3.1005e-005
213	1.	0.	-0.46477	2.404e-005
214	1.	0.	-0.55773	1.9253e-005
215	1.	0.	-0.65068	1.416e-005
216	1.	0.	-0.74364	1.0319e-005
217	1.	0.	-0.83659	6.0957e-006
218	1.	0.	-0.92955	3.0415e-006
229	0.90783	0.	-1.0225	2.9067e-006
230	0.81565	0.	-1.0225	6.4043e-006
231	0.72348	0.	-1.0225	8.2499e-006
232	0.6313	0.	-1.0225	1.114e-005
233	0.53913	0.	-1.0225	1.3567e-005
234	0.44696	0.	-1.0225	1.5189e-005
235	0.35478	0.	-1.0225	1.4791e-005
236	0.26261	0.	-1.0225	1.3983e-005
237	0.17043	0.	-1.0225	1.2032e-005
238	7.8261e-002	0.	-1.0225	8.0649e-006
239	-1.3913e-002	0.	-1.0225	4.1318e-006
240	-0.10609	0.	-1.0225	3.7421e-006
241	-0.19826	0.	-1.0225	7.6102e-006
242	-0.29043	0.	-1.0225	1.2407e-005
243	-0.38261	0.	-1.0225	1.4761e-005
244	-0.47478	0.	-1.0225	1.5399e-005
245	-0.56696	0.	-1.0225	1.4618e-005
246	-0.65913	0.	-1.0225	1.3386e-005
247	-0.7513	0.	-1.0225	1.1111e-005
248	-0.84348	0.	-1.0225	8.4075e-006
249	-0.93565	0.	-1.0225	6.12e-006
250	-1.0278	0.	-1.0225	2.956e-006
256	-1.12	0.	-0.92955	3.486e-006
257	-1.12	0.	-0.83659	6.1005e-006
258	-1.12	0.	-0.74364	1.0114e-005
259	-1.12	0.	-0.65068	1.4354e-005
260	-1.12	0.	-0.55773	1.9149e-005
261	-1.12	0.	-0.46477	2.4942e-005
262	-1.12	0.	-0.37182	3.0116e-005
263	-1.12	0.	-0.27886	3.5498e-005
264	-1.12	0.	-0.18591	4.0565e-005
265	-1.12	0.	-9.2955e-002	4.3235e-005
271	9.0909e-002	0.	0.	1.2021e-002
272	0.18182	0.	0.	2.6089e-003
273	0.27273	0.	0.	9.758e-004
274	0.36364	0.	0.	4.7902e-004
275	0.45455	0.	0.	2.3459e-004
276	0.54545	0.	0.	1.5835e-004
277	0.63636	0.	0.	1.0429e-004
278	0.72727	0.	0.	7.3858e-005
279	0.81818	0.	0.	5.6066e-005
280	0.90909	0.	0.	4.5675e-005
281	-1.0291	0.	0.	4.6218e-005
282	-0.93818	0.	0.	5.3139e-005
283	-0.84727	0.	0.	7.0778e-005
284	-0.75636	0.	0.	1.1117e-004
285	-0.66545	0.	0.	1.598e-004
286	-0.57455	0.	0.	2.742e-004
287	-0.48364	0.	0.	4.2789e-004
288	-0.39273	0.	0.	1.1884e-003
289	-0.30182	0.	0.	3.596e-003
290	-0.21091	0.	0.	1.3673e-002
385	0.	0.	0.	0.63328
386	-0.12	0.	0.	0.642
391	1.	0.	-1.0225	1.6586e-006
392	1.	0.	0.	4.3763e-005
393	-1.12	0.	-1.0225	1.7104e-006
394	-1.12	0.	0.	4.3746e-005
399	4.5455e-002	0.	0.	4.0411e-002
400	2.2727e-002	0.	0.	0.17971
401	-0.16545	0.	0.	5.6071e-002
402	-0.14273	0.	0.	0.27544
550	8.5217e-002	0.	-0.5225	1.1015e-004
551	-1.7391e-002	0.	-0.2725	8.2598e-004
552	-0.24609	0.	-0.6475	4.8485e-005
553	0.54852	0.	-0.47513	5.8236e-005
554	-0.69881	0.	-0.56925	4.054e-005
555	-6.0438e-002	0.	-0.14678	4.4444e-003
556	-0.15739	0.	-0.3975	2.1517e-004
557	-0.42022	0.	-0.47682	1.0365e-004
558	0.20502	0.	-0.76082	2.9311e-005
559	0.19309	0.	-0.28707	4.5532e-004
560	-0.78555	0.	-0.28299	7.9035e-005
561	0.5969	0.	-0.79906	1.7653e-005
562	-9.0725e-002	0.	-0.68917	3.3138e-005
563	-0.32615	0.	-0.10818	1.3752e-003
564	-0.23881	0.	-7.7575e-002	5.8331e-003
565	-0.49228	0.	-0.1646	3.6336e-004
566	0.60416	0.	-0.32909	7.4792e-005
567	-1.5272e-002	0.	-6.7893e-002	3.4827e-002
568	7.8037e-002	0.	-0.16271	2.9659e-003
569	0.20261	0.	-0.50832	1.1809e-004
570	-0.61637	0.	-0.73055	2.5132e-005
571	-0.92685	0.	-0.76575	1.1858e-005
572	0.41739	0.	-0.39569	1.129e-004
573	-8.5797e-002	0.	-0.10583	1.017e-002
574	0.87137	0.	-0.53862	2.1188e-005
575	-0.12783	0.	-0.31417	5.2295e-004
576	0.33317	0.	-0.69889	3.9586e-005
577	-0.97546	0.	-0.51191	2.483e-005
578	-0.38134	0.	-0.35123	2.8618e-004
579	0.37509	0.	-0.25094	2.8457e-004
580	-0.32032	0.	-0.88452	1.5894e-005
581	-0.63841	0.	-0.30606	1.2413e-004
582	0.75235	0.	-0.28958	5.1999e-005
583	-0.42986	0.	-0.67955	3.9347e-005
584	5.6451e-003	0.	-0.84258	1.6673e-005
585	-0.16494	0.	-0.19199	1.949e-003
586	-0.12406	0.	-0.54333	7.9732e-005
587	-0.28762	0.	-0.27126	6.5863e-004
588	5.4427e-002	0.	-0.41393	1.9022e-004
589	-9.3412e-002	0.	-6.9363e-002	2.9153e-002
590	0.38725	0.	-0.85102	2.016e-005
591	0.85589	0.	-0.79496	9.0836e-006
592	5.201e-002	0.	-0.73284	2.8074e-005
593	-0.17572	0.	-5.4463e-002	2.1668e-002
594	-0.95169	0.	-0.25196	4.7432e-005
595	-0.20818	0.	-0.78169	2.2123e-005
596	7.1219e-002	0.	-8.5493e-002	1.016e-002
597	-0.84765	0.	-0.90111	1.0065e-005
598	0.30018	0.	-0.33871	2.351e-004
599	-0.27694	0.	-0.43898	1.6649e-004
600	-0.56263	0.	-0.90579	1.7696e-005
601	2.1483e-002	0.	-0.1065	1.218e-002
602	-0.78242	0.	-0.72227	2.1245e-005
603	0.56558	0.	-0.15395	1.0982e-004
604	0.21685	0.	-0.39669	2.2582e-004
605	0.1601	0.	-0.63181	5.2407e-005
606	0.47529	0.	-0.73164	2.6458e-005
607	0.22377	0.	-0.10293	1.4548e-003
608	0.72585	0.	-0.43273	4.5584e-005
609	0.67945	0.	-0.5954	2.787e-005
610	-0.60259	0.	-0.17185	2.0361e-004
611	-0.69773	0.	-0.87239	1.4953e-005
612	2.8698e-002	0.	-4.4136e-002	5.6892e-002
613	-0.88704	0.	-0.39327	3.9109e-005
614	0.37447	0.	-0.54786	5.9059e-005
615	-0.52931	0.	-0.39144	1.2091e-004
616	-2.7536e-003	0.	-0.60583	6.1739e-005
617	-0.8287	0.	-0.52568	3.1044e-005
618	-0.56374	0.	-0.51344	6.9803e-005
619	0.44588	0.	-0.12525	2.2623e-004
620	0.77715	0.	-0.14068	5.7822e-005
621	-0.80622	0.	-0.13903	8.1635e-005
622	8.9692e-002	0.	-0.25621	8.2538e-004
623	-2.472e-002	0.	-0.48661	1.2641e-004
624	-0.17855	0.	-0.12535	6.1328e-003
625	-0.10719	0.	-0.23501	1.2783e-003
626	-0.34514	0.	-0.57686	6.5461e-005
627	-1.5197e-003	0.	-0.15457	4.2655e-003
628	0.5915	0.	-0.90681	1.373e-005
629	-5.9335e-002	0.	-6.8221e-002	3.2718e-002
630	0.86292	0.	-0.40227	3.1218e-005
631	-1.0019	0.	-0.89468	5.4059e-006
632	-0.32188	0.	-0.73644	3.0305e-005
633	0.26403	0.	-0.21891	6.4997e-004
634	-0.17517	0.	-0.92063	9.0979e-006
635	0.13663	0.	-9.4117e-002	3.5824e-003
636	0.2041	0.	-0.90763	1.6166e-005
637	-4.8731e-002	0.	-0.38227	2.6112e-004
638	0.86805	0.	-0.28011	3.898e-005
639	0.85346	0.	-0.67194	1.5891e-005
640	-0.3827	0.	-0.21596	5.6117e-004
641	-0.22838	0.	-0.5462	9.0433e-005
642	-3.348e-002	0.	-0.1083	1.3535e-002
643	-0.64234	0.	-0.43681	7.4677e-005
644	-0.39913	0.	-0.79108	2.3092e-005
645	-1.0156	0.	-0.37819	3.0554e-005
646	-0.97408	0.	-9.7096e-002	5.173e-005
647	0.71043	0.	-0.88093	1.0533e-005
648	0.12653	0.	-0.34961	3.307e-004
649	-0.11007	0.	-0.82458	1.678e-005
650	0.85626	0.	-0.92709	4.977e-006
651	-0.5024	0.	-0.26818	2.1281e-004
652	-8.7561e-003	0.	-4.0236e-002	0.12799
653	-0.88995	0.	-0.62932	1.8971e-005
654	0.51145	0.	-0.60622	3.7557e-005
655	-0.21804	0.	-0.33822	4.6005e-004
656	0.29775	0.	-0.46285	1.2163e-004
657	3.1661e-002	0.	-0.20955	1.7077e-003
658	-0.23973	0.	-0.17746	1.9402e-003
659	0.1093	0.	-0.8324	1.7973e-005
660	0.14194	0.	-0.44051	1.8627e-004
661	-4.5133e-002	0.	-0.19464	2.2649e-003
662	-0.19526	0.	-0.26703	8.643e-004
663	0.32601	0.	-0.12094	5.5117e-004
664	-1.0199	0.	-0.65339	1.4359e-005
665	-0.49392	0.	-0.78079	2.5297e-005
666	-0.1312	0.	-8.6963e-002	1.8312e-002
667	0.88857	0.	-0.11682	4.871e-005
668	0.16139	0.	-0.18362	1.4189e-003
669	-7.8313e-002	0.	-4.4204e-002	7.1352e-002
670	7.2999e-002	0.	-0.93673	9.6865e-006
671	-0.10866	0.	-4.3178e-002	9.8015e-002
672	-3.5321e-002	0.	-4.0806e-002	8.6588e-002
673	-0.47722	0.	-0.59271	5.7899e-005
674	0.71621	0.	-0.72541	1.6274e-005
675	-0.11507	0.	-0.1627	3.7446e-003
676	-0.13963	0.	-3.3061e-002	0.13084
677	0.48848	0.	-0.27652	1.3189e-004
678	-0.76524	0.	-0.40887	5.5449e-005
679	0.275	0.	-0.58981	6.3132e-005
680	-0.43639	0.	-0.8968	1.6698e-005
681	0.32493	0.	-0.93676	1.5868e-005
682	-0.58263	0.	-0.61403	3.9133e-005
683	-0.42865	0.	-9.0511e-002	5.7541e-004
684	0.67598	0.	-0.15261	8.1616e-005
685	-5.1836e-002	0.	-0.92684	5.3323e-006
686	0.5035	0.	-0.88171	1.645e-005
687	0.2834	0.	-0.84167	2.1755e-005
688	-5.8129e-002	0.	-4.0973e-002	6.4962e-002
689	4.4324e-002	0.	-0.32952	4.3736e-004
690	-0.70626	0.	-0.12872	1.2564e-004
691	-0.54506	0.	-7.6515e-002	2.8291e-004
692	-0.11254	0.	-0.46167	1.356e-004
693	-1.0356	0.	-0.78477	8.3281e-006
694	0.58988	0.	-0.68439	2.3721e-005
2092	0.	0.	-1.875e-002	0.30739
2093	0.	0.	-7.5e-003	0.52111
2094	1.1364e-002	0.	-7.5e-003	0.29428
2120	-0.12	0.	-1.875e-002	0.31094
2121	-0.12	0.	-7.5e-003	0.51133
2122	-0.13136	0.	-7.5e-003	0.32798
2123	-0.12981	0.	-2.4031e-002	0.26168
2519	-0.11143	0.	-2.25e-002	0.20706
2520	-9.4286e-002	0.	-2.25e-002	0.16235
2521	-0.10576	0.	-3.2839e-002	0.15043
2525	-0.11433	0.	-3.2839e-002	0.16254
2526	-0.12981	0.	-2.7781e-002	0.18635
2529	-7.7143e-002	0.	-2.25e-002	9.9687e-002
2530	-8.2014e-002	0.	-3.3352e-002	9.8435e-002
2531	-9.7186e-002	0.	-3.2839e-002	0.11006
2533	-6.e-002	0.	-2.25e-002	8.3965e-002
2534	-7.3442e-002	0.	-3.3352e-002	7.6229e-002
2535	-6.335e-002	0.	-3.1737e-002	7.3826e-002
2537	-4.2857e-002	0.	-2.25e-002	0.10182
2538	-4.3375e-002	0.	-3.1653e-002	8.474e-002
2539	-5.4779e-002	0.	-3.1737e-002	7.6061e-002
2543	-2.5714e-002	0.	-2.25e-002	0.15474
2544	-3.4804e-002	0.	-3.1653e-002	0.10269
2546	-8.5714e-003	0.	-2.25e-002	0.19373
2547	-1.2949e-002	0.	-3.1368e-002	0.16476
2548	-2.6232e-002	0.	-3.1653e-002	0.14153
2550	1.1364e-002	0.	-1.125e-002	0.18872
2551	1.4349e-002	0.	-3.3318e-002	0.14051
2552	-4.378e-003	0.	-3.1368e-002	0.16773
3000	1.	0.	-0.13943	4.1566e-005
3002	0.95455	0.	-4.6477e-002	4.4205e-005
3003	1.	0.	-4.6477e-002	4.3247e-005
3004	0.94429	0.	-0.10489	4.5701e-005
3008	1.	0.	-0.23239	3.8339e-005
3009	0.93403	0.	-0.23301	3.9667e-005
3010	0.94429	0.	-0.15136	4.4559e-005
3013	1.	0.	-0.32534	3.3618e-005
3014	0.93403	0.	-0.27949	3.7597e-005
3018	1.	0.	-0.4183	2.7518e-005
3019	0.93146	0.	-0.38705	3.1045e-005
3020	0.93403	0.	-0.32597	3.4991e-005
3024	1.	0.	-0.51125	2.1646e-005
3025	0.93569	0.	-0.5017	2.2502e-005
3026	0.93146	0.	-0.43352	2.7548e-005
3028	1.	0.	-0.6042	1.6705e-005
3029	0.93569	0.	-0.54818	2.0136e-005
3032	1.	0.	-0.69716	1.2233e-005
3033	0.93569	0.	-0.59465	1.762e-005
3034	0.92673	0.	-0.66131	1.4792e-005
3038	1.	0.	-0.79011	8.1852e-006
3039	0.92795	0.	-0.7693	9.5266e-006
3040	0.92673	0.	-0.70779	1.2973e-005
3044	1.	0.	-0.88307	4.5463e-006
3045	0.92795	0.	-0.81578	7.5367e-006
3046	0.92813	0.	-0.88184	5.2154e-006
3051	0.95391	0.	-0.97602	2.8196e-006
3052	1.	0.	-0.97602	2.3301e-006
3053	0.92813	0.	-0.92832	3.8855e-006
3124	0.86174	0.	-1.0225	4.6387e-006
3125	0.95391	0.	-1.0225	2.2294e-006
3126	0.88204	0.	-0.97479	3.9335e-006
3130	0.76957	0.	-1.0225	7.3245e-006
3131	0.76304	0.	-0.95172	8.4391e-006
3132	0.83596	0.	-0.97479	5.6211e-006
3135	0.67739	0.	-1.0225	9.6922e-006
3136	0.71696	0.	-0.95172	9.3366e-006
3141	0.58522	0.	-1.0225	1.2352e-005
3142	0.6114	0.	-0.96465	1.2422e-005
3143	0.67087	0.	-0.95172	1.0741e-005
3145	0.49304	0.	-1.0225	1.4376e-005
3146	0.56531	0.	-0.96465	1.3624e-005
3147	0.52132	0.	-0.9521	1.4993e-005
3151	0.40087	0.	-1.0225	1.4986e-005
3152	0.4171	0.	-0.93676	1.7669e-005
3153	0.38594	0.	-0.97963	1.552e-005
3154	0.47523	0.	-0.9521	1.5787e-005
3157	0.3087	0.	-1.0225	1.4382e-005
3158	0.33986	0.	-0.97963	1.5329e-005
3162	0.21652	0.	-1.0225	1.2997e-005
3163	0.23335	0.	-0.96506	1.5014e-005
3164	0.29377	0.	-0.97963	1.4923e-005
3169	0.12435	0.	-1.0225	1.004e-005
3170	0.18727	0.	-0.96506	1.4076e-005
3171	0.12172	0.	-0.97962	1.0742e-005
3174	3.2174e-002	0.	-1.0225	5.7359e-006
3175	7.563e-002	0.	-0.97962	8.8162e-006
3178	-6.e-002	0.	-1.0225	2.7868e-006
3179	2.9543e-002	0.	-0.97962	6.7247e-006
3180	-3.2875e-002	0.	-0.97467	4.4904e-006
3184	-0.15217	0.	-1.0225	5.6027e-006
3185	-0.14063	0.	-0.97156	6.4181e-006
3186	-7.8961e-002	0.	-0.97467	4.0665e-006
3188	-0.24435	0.	-1.0225	9.9878e-006
3189	-0.18672	0.	-0.97156	8.2641e-006
3192	-0.33652	0.	-1.0225	1.3564e-005
3193	-0.30538	0.	-0.95351	1.4149e-005
3194	-0.2328	0.	-0.97156	1.0514e-005
3198	-0.4287	0.	-1.0225	1.5074e-005
3199	-0.35147	0.	-0.95351	1.5298e-005
3200	-0.4095	0.	-0.95965	1.5729e-005
3202	-0.52087	0.	-1.0225	1.5005e-005
3203	-0.5187	0.	-0.96414	1.6522e-005
3204	-0.45559	0.	-0.95965	1.6046e-005
3208	-0.61304	0.	-1.0225	1.3999e-005
3209	-0.56479	0.	-0.96414	1.6147e-005
3214	-0.70522	0.	-1.0225	1.2245e-005
3215	-0.61088	0.	-0.96414	1.5539e-005
3216	-0.67843	0.	-0.94744	1.4127e-005
3220	-0.79739	0.	-1.0225	9.7558e-006
3221	-0.79947	0.	-0.9618	1.0503e-005
3222	-0.72452	0.	-0.94744	1.3008e-005
3224	-0.88957	0.	-1.0225	7.2527e-006
3225	-0.84556	0.	-0.9618	9.1903e-006
3229	-0.98174	0.	-1.0225	4.453e-006
3230	-0.89165	0.	-0.9618	8.085e-006
3231	-0.9688	0.	-0.95859	5.6269e-006
3236	-1.0739	0.	-0.97602	3.132e-006
3237	-1.0739	0.	-1.0225	2.3296e-006
3238	-1.0149	0.	-0.95859	4.1801e-006
3266	-1.12	0.	-0.88307	4.7802e-006
3267	-1.12	0.	-0.97602	2.5602e-006
3268	-1.061	0.	-0.91211	4.3418e-006
3272	-1.12	0.	-0.79011	8.0998e-006
3273	-1.061	0.	-0.86564	5.5048e-006
3274	-1.0778	0.	-0.81068	7.2057e-006
3277	-1.12	0.	-0.69716	1.2226e-005
3278	-1.0699	0.	-0.69851	1.2224e-005
3279	-1.0778	0.	-0.7642	9.1985e-006
3284	-1.12	0.	-0.6042	1.6748e-005
3285	-1.0699	0.	-0.65203	1.4307e-005
3287	-1.12	0.	-0.51125	2.2041e-005
3288	-1.0477	0.	-0.53482	2.1831e-005
3289	-1.0699	0.	-0.60556	1.6718e-005
3294	-1.12	0.	-0.4183	2.752e-005
3295	-1.0477	0.	-0.48834	2.464e-005
3296	-1.0678	0.	-0.42148	2.774e-005
3300	-1.12	0.	-0.32534	3.2803e-005
3301	-1.0678	0.	-0.375	3.0299e-005
3303	-1.12	0.	-0.23239	3.8027e-005
3304	-1.0358	0.	-0.26541	4.1385e-005
3305	-1.0678	0.	-0.32853	3.2995e-005
3310	-1.12	0.	-0.13943	4.189e-005
3311	-1.0358	0.	-0.21894	4.3862e-005
3312	-1.047	0.	-0.1415	4.6145e-005
3317	-1.0745	0.	-4.6477e-002	4.4726e-005
3318	-1.12	0.	-4.6477e-002	4.3488e-005
3319	-1.047	0.	-9.5026e-002	4.7466e-005
3362	0.13636	0.	0.	7.3101e-003
3363	6.8182e-002	0.	0.	2.6177e-002
3366	8.1064e-002	0.	-4.2747e-002	1.0408e-002
3367	5.9804e-002	0.	-2.2068e-002	3.3204e-002
3368	0.11377	0.	-4.7058e-002	7.6805e-003
3375	0.22727	0.	0.	1.7911e-003
3378	0.20279	0.	-5.1466e-002	1.9931e-003
3379	0.15923	0.	-4.7058e-002	3.0013e-003
3386	0.31818	0.	0.	7.2682e-004
3389	0.24825	0.	-5.1466e-002	1.1814e-003
3390	0.29937	0.	-6.047e-002	7.5124e-004
3396	0.40909	0.	0.	3.5499e-004
3399	0.40476	0.	-6.2627e-002	3.5143e-004
3400	0.34482	0.	-6.047e-002	5.0856e-004
3407	0.5	0.	0.	1.9612e-004
3411	0.45021	0.	-6.2627e-002	2.2712e-004
3413	0.59091	0.	0.	1.3132e-004
3415	0.55552	0.	-7.6975e-002	1.3312e-004
3416	0.49567	0.	-6.2627e-002	1.9113e-004
3420	0.68182	0.	0.	8.9018e-005
3423	0.60097	0.	-7.6975e-002	1.0624e-004
3424	0.65617	0.	-7.6307e-002	9.2691e-005
3428	0.77273	0.	0.	6.496e-005
3430	0.75221	0.	-7.0341e-002	6.568e-005
3431	0.70162	0.	-7.6307e-002	7.7279e-005
3435	0.86364	0.	0.	5.0865e-005
3438	0.79766	0.	-7.0341e-002	5.6817e-005
3439	0.85338	0.	-5.8409e-002	5.2378e-005
3444	0.95455	0.	0.	4.4715e-005
3446	0.89883	0.	-5.8409e-002	4.7165e-005
3450	-0.98364	0.	0.	4.9674e-005
3452	-1.0745	0.	0.	4.498e-005
3454	-1.0016	0.	-4.8548e-002	4.8954e-005
3458	-0.89273	0.	0.	6.1943e-005
3460	-0.95613	0.	-4.8548e-002	5.2409e-005
3464	-0.80182	0.	0.	9.095e-005
3467	-0.82674	0.	-6.9517e-002	7.5957e-005
3468	-0.91068	0.	-4.8548e-002	6.1244e-005
3473	-0.71091	0.	0.	1.3545e-004
3476	-0.78129	0.	-6.9517e-002	9.6168e-005
3477	-0.73131	0.	-6.436e-002	1.1784e-004
3481	-0.62	0.	0.	2.1666e-004
3483	-0.63402	0.	-8.5924e-002	1.7935e-004
3484	-0.68586	0.	-6.436e-002	1.4211e-004
3485	-0.60526	0.	-3.8258e-002	2.2091e-004
3491	-0.52909	0.	0.	3.5026e-004
3494	-0.5598	0.	-3.8258e-002	2.7676e-004
3496	-0.43818	0.	0.	8.0677e-004
3499	-0.45614	0.	-4.5256e-002	4.9761e-004
3500	-0.51435	0.	-3.8258e-002	3.548e-004
3505	-0.34727	0.	0.	2.3901e-003
3508	-0.35944	0.	-5.409e-002	1.2537e-003
3509	-0.41069	0.	-4.5256e-002	8.7795e-004
3515	-0.25636	0.	0.	8.5864e-003
3518	-0.31399	0.	-5.409e-002	2.4216e-003
3519	-0.27032	0.	-3.8788e-002	4.6173e-003
3525	-0.18818	0.	0.	3.474e-002
3528	-0.22486	0.	-3.8788e-002	9.6076e-003
3529	-0.19332	0.	-2.7231e-002	1.6692e-002
4035	1.1364e-002	0.	0.	0.4063
4040	-0.13136	0.	0.	0.45612
4049	3.4091e-002	0.	0.	0.10993
4052	3.7076e-002	0.	-2.2068e-002	4.5344e-002
4060	2.5713e-002	0.	-2.2068e-002	0.11344
4068	-0.15409	0.	0.	0.16565
4071	-0.17059	0.	-2.7231e-002	3.7415e-002
4072	-0.15254	0.	-1.6531e-002	8.9599e-002
4078	-0.14118	0.	-1.6531e-002	0.19251
4993	0.14391	0.	-0.51541	1.103e-004
4994	6.9822e-002	0.	-0.46822	1.4959e-004
4995	0.12266	0.	-0.57715	8.1095e-005
4996	4.1232e-002	0.	-0.56417	8.4362e-005
4997	3.0248e-002	0.	-0.50455	1.1144e-004
4998	0.11358	0.	-0.48151	1.4641e-004
5002	-7.2609e-002	0.	-0.29333	5.731e-004
5003	3.615e-002	0.	-0.26435	7.4698e-004
5004	-6.2293e-002	0.	-0.25375	8.7953e-004
5005	-3.3061e-002	0.	-0.32739	5.3545e-004
5006	7.135e-003	0.	-0.24102	1.2285e-003
5007	-3.1262e-002	0.	-0.23357	1.539e-003
5008	1.3466e-002	0.	-0.30101	6.1297e-004
5014	-0.16841	0.	-0.66833	3.7505e-005
5015	-0.18507	0.	-0.59542	5.9303e-005
5016	-0.22713	0.	-0.71459	3.5177e-005
5017	-0.29561	0.	-0.61218	5.5941e-005
5018	-0.28399	0.	-0.69197	3.9178e-005
5019	-0.23723	0.	-0.59685	6.9313e-005
5023	0.57634	0.	-0.40211	6.58e-005
5024	0.48295	0.	-0.43541	8.5101e-005
5025	0.63719	0.	-0.45393	5.1437e-005
5026	0.61398	0.	-0.53526	4.3052e-005
5027	0.46149	0.	-0.5115	5.6968e-005
5028	0.52999	0.	-0.54068	4.7369e-005
5029	0.5185	0.	-0.37583	9.4679e-005
5033	-0.65759	0.	-0.6499	3.2536e-005
5034	-0.74061	0.	-0.64576	3.0886e-005
5035	-0.76375	0.	-0.54747	3.5469e-005
5036	-0.63128	0.	-0.54135	5.4899e-005
5037	-0.67058	0.	-0.50303	5.7529e-005
5038	-0.73203	0.	-0.48906	4.7492e-005
5039	-0.64072	0.	-0.59164	3.926e-005
5044	-7.3118e-002	0.	-0.12631	7.0556e-003
5045	-3.0979e-002	0.	-0.15068	3.889e-003
5046	-4.6959e-002	0.	-0.12754	8.738e-003
5047	-5.2786e-002	0.	-0.17071	3.3318e-003
5048	-8.7753e-002	0.	-0.15474	3.7156e-003
5052	-0.14261	0.	-0.35583	3.6905e-004
5053	-0.21716	0.	-0.41824	1.79e-004
5054	-0.10306	0.	-0.38989	2.2217e-004
5055	-0.19289	0.	-0.47185	1.518e-004
5056	-0.18772	0.	-0.36786	3.2053e-004
5057	-0.13497	0.	-0.42959	1.7255e-004
5062	-0.40078	0.	-0.41402	1.947e-004
5063	-0.34858	0.	-0.4579	1.3265e-004
5064	-0.47476	0.	-0.43413	1.1009e-004
5065	-0.49198	0.	-0.49513	8.6022e-005
5066	-0.38268	0.	-0.52684	8.3475e-005
5067	-0.44872	0.	-0.53476	8.074e-005
5071	0.2691	0.	-0.72986	3.3946e-005
5072	0.12852	0.	-0.74683	2.7749e-005
5073	0.18256	0.	-0.69631	4.062e-005
5074	0.20456	0.	-0.83422	2.2731e-005
5075	0.15716	0.	-0.79661	2.341e-005
5076	0.24001	0.	-0.67531	4.6026e-005
5077	0.24421	0.	-0.80124	2.5426e-005
5081	0.24664	0.	-0.31289	3.4391e-004
5082	0.20497	0.	-0.34188	3.3703e-004
5083	0.14139	0.	-0.27164	6.2343e-004
5084	0.22856	0.	-0.25299	5.4061e-004
5085	0.15981	0.	-0.31834	3.7978e-004
5086	0.17724	0.	-0.23535	9.343e-004
5091	-0.71198	0.	-0.29453	1.0104e-004
5092	-0.86862	0.	-0.26748	6.292e-005
5093	-0.8363	0.	-0.33813	5.907e-005
5094	-0.79588	0.	-0.21101	7.9821e-005
5095	-0.77539	0.	-0.34593	6.6868e-005
5096	-0.7459	0.	-0.20586	1.0194e-004
5100	0.5361	0.	-0.76535	2.2047e-005
5101	0.5942	0.	-0.85294	1.5622e-005
5102	0.65367	0.	-0.84	1.4092e-005
5103	0.65656	0.	-0.76224	1.6825e-005
5104	0.5502	0.	-0.84038	1.695e-005
5105	0.59339	0.	-0.74173	2.0639e-005
5109	-4.254e-002	0.	-0.76587	2.3619e-005
5110	-0.10739	0.	-0.61625	5.6431e-005
5111	-1.9357e-002	0.	-0.711	2.706e-005
5112	-0.14945	0.	-0.73543	2.6269e-005
5113	-4.6739e-002	0.	-0.6475	4.4687e-005
5114	-0.1004	0.	-0.75688	2.4904e-005
5117	-0.28248	0.	-9.2877e-002	3.6007e-003
5118	-0.35443	0.	-0.16207	9.5873e-004
5119	-0.28294	0.	-0.14282	1.5686e-003
5120	-0.3774	0.	-9.9345e-002	9.6808e-004
5124	-0.20727	0.	-6.6019e-002	1.3633e-002
5125	-0.20868	0.	-0.10146	5.4282e-003
5126	-0.23927	0.	-0.12752	3.6948e-003
5131	-0.54743	0.	-0.16822	2.8272e-004
5132	-0.43749	0.	-0.19028	4.5491e-004
5133	-0.49734	0.	-0.21639	2.8571e-004
5134	-0.46047	0.	-0.12756	4.6702e-004
5135	-0.51867	0.	-0.12056	3.1843e-004
5140	0.67826	0.	-0.30934	6.3184e-005
5141	0.58487	0.	-0.24152	9.1928e-005
5142	0.66501	0.	-0.38091	6.0141e-005
5143	0.54632	0.	-0.30281	1.0313e-004
5144	0.64007	0.	-0.24085	7.745e-005
5147	3.1056e-003	0.	-8.7195e-002	2.3299e-002
5148	6.713e-003	0.	-5.6014e-002	4.1074e-002
5149	-3.7303e-002	0.	-6.8057e-002	2.8637e-002
5150	-2.4376e-002	0.	-8.8096e-002	2.3333e-002
5151	-1.2014e-002	0.	-5.4064e-002	8.1035e-002
5152	-2.5297e-002	0.	-5.4349e-002	5.932e-002
5157	7.4628e-002	0.	-0.1241	6.4346e-003
5158	4.976e-002	0.	-0.1346	7.5506e-003
5159	8.3864e-002	0.	-0.20946	1.8785e-003
5160	3.8259e-002	0.	-0.15864	3.3979e-003
5161	0.10733	0.	-0.12841	3.0102e-003
5162	5.4849e-002	0.	-0.18613	2.2141e-003
5163	0.11971	0.	-0.17316	2.1669e-003
5169	0.20973	0.	-0.45251	1.7168e-004
5170	0.18135	0.	-0.57007	8.3971e-005
5171	0.25018	0.	-0.48559	1.1826e-004
5172	0.17227	0.	-0.47442	1.5138e-004
5173	0.2388	0.	-0.54907	9.0581e-005
5178	-0.5895	0.	-0.81817	2.1245e-005
5179	-0.69939	0.	-0.72641	2.3025e-005
5180	-0.65705	0.	-0.80147	2.0003e-005
5181	-0.55514	0.	-0.75567	2.4923e-005
5182	-0.5995	0.	-0.67229	3.2117e-005
5186	-0.88725	0.	-0.83343	1.0675e-005
5187	-0.85463	0.	-0.74401	1.6454e-005
5188	-0.9644	0.	-0.83022	8.6167e-006
5189	-0.9084	0.	-0.69753	1.5378e-005
5190	-0.97336	0.	-0.70957	1.2792e-005
5191	-0.98123	0.	-0.77526	9.9014e-006
5197	0.39624	0.	-0.32331	1.9697e-004
5198	0.35878	0.	-0.3672	1.739e-004
5199	0.39593	0.	-0.47177	8.5248e-005
5200	0.35757	0.	-0.42927	1.1552e-004
5201	0.45293	0.	-0.33611	1.1994e-004
5207	-8.9604e-002	0.	-8.7598e-002	1.9425e-002
5208	-7.2566e-002	0.	-8.7027e-002	2.0755e-002
5209	-5.9638e-002	0.	-0.10707	1.0067e-002
5210	-0.1085	0.	-9.6398e-002	1.2727e-002
5211	-0.10043	0.	-0.13427	6.8965e-003
5217	0.79861	0.	-0.48568	3.3182e-005
5218	0.77541	0.	-0.56701	2.374e-005
5219	0.86715	0.	-0.47045	2.6197e-005
5220	0.86242	0.	-0.60528	1.8453e-005
5225	-0.11751	0.	-0.27459	9.0037e-004
5226	-8.8279e-002	0.	-0.34822	3.6858e-004
5227	-0.17293	0.	-0.32619	4.6291e-004
5228	-0.16154	0.	-0.2906	6.6129e-004
5233	0.36021	0.	-0.77496	2.9873e-005
5234	0.40423	0.	-0.71526	3.2706e-005
5235	0.35382	0.	-0.62338	4.9059e-005
5236	0.42231	0.	-0.65256	3.7854e-005
5237	0.30409	0.	-0.64435	5.1225e-005
5238	0.30829	0.	-0.77028	3.0579e-005
5242	-0.93125	0.	-0.45259	3.1969e-005
5243	-0.90208	0.	-0.5188	2.7716e-005
5244	-0.99555	0.	-0.44505	2.7505e-005
5245	-0.93271	0.	-0.57061	2.1802e-005
5246	-0.99767	0.	-0.58265	1.9566e-005
5251	-0.33448	0.	-0.31125	4.6993e-004
5252	-0.32914	0.	-0.39511	2.2046e-004
5253	-0.45532	0.	-0.37134	2.0145e-004
5254	-0.38202	0.	-0.28359	4.1659e-004
5255	-0.44187	0.	-0.30971	2.4257e-004
5256	-0.29969	0.	-0.34473	3.6212e-004
5262	0.33763	0.	-0.29483	2.5565e-004
5263	0.41048	0.	-0.1881	2.4998e-004
5264	0.31956	0.	-0.23492	4.6658e-004
5265	0.35055	0.	-0.18594	4.1426e-004
5266	0.43178	0.	-0.26373	2.0797e-004
5270	-0.26425	0.	-0.8331	1.8334e-005
5271	-0.3211	0.	-0.81048	2.3043e-005
5272	-0.24775	0.	-0.90257	1.2256e-005
5273	-0.35972	0.	-0.8378	1.9475e-005
5274	-0.37836	0.	-0.89066	1.6255e-005
5278	-0.6205	0.	-0.23895	1.6292e-004
5279	-0.58386	0.	-0.34875	1.205e-004
5280	-0.64037	0.	-0.37143	9.8953e-005
5281	-0.57041	0.	-0.28712	1.6773e-004
5282	-0.70182	0.	-0.35747	8.9788e-005
5283	-0.67233	0.	-0.21739	1.2259e-004
5288	0.7391	0.	-0.36116	4.8576e-005
5289	0.76475	0.	-0.21513	5.4664e-005
5290	0.80764	0.	-0.34593	4.1566e-005
5291	0.8102	0.	-0.28485	4.5241e-005
5292	0.71416	0.	-0.2211	6.6706e-005
5295	-0.3875	0.	-0.6282	5.221e-005
5296	-0.37587	0.	-0.70799	3.4309e-005
5297	-0.41449	0.	-0.73531	3.1145e-005
5298	-0.46189	0.	-0.73017	3.2316e-005
5299	-0.45354	0.	-0.63613	4.849e-005
5300	-0.50624	0.	-0.64679	3.8864e-005
5304	2.8827e-002	0.	-0.78771	2.2151e-005
5305	-5.2214e-002	0.	-0.83358	1.5352e-005
5306	5.7471e-002	0.	-0.83749	1.6745e-005
5307	3.9322e-002	0.	-0.88965	1.2523e-005
5308	-2.3095e-002	0.	-0.88471	1.077e-005
5312	-0.17174	0.	-0.15867	3.9775e-003
5313	-0.13607	0.	-0.2135	1.5418e-003
5314	-0.20233	0.	-0.18473	1.8705e-003
5315	-0.1801	0.	-0.22951	1.4059e-003
5316	-0.14	0.	-0.17734	2.7705e-003
5319	-6.3406e-002	0.	-0.57458	6.6021e-005
5320	-7.4389e-002	0.	-0.51497	1.0048e-004
5321	-0.17622	0.	-0.54477	8.0376e-005
5322	-0.1183	0.	-0.5025	1.0757e-004
5328	-0.33516	0.	-0.24361	5.8525e-004
5329	-0.25283	0.	-0.30474	5.5206e-004
5330	-0.26367	0.	-0.22436	1.2893e-003
5331	-0.24144	0.	-0.26914	7.4855e-004
5334	1.4854e-002	0.	-0.45027	1.5359e-004
5335	2.848e-003	0.	-0.3981	2.1466e-004
5336	9.048e-002	0.	-0.38177	2.4967e-004
5337	9.8183e-002	0.	-0.42722	1.8228e-004
5338	4.9376e-002	0.	-0.37172	3.1102e-004
5343	-7.6373e-002	0.	-6.8792e-002	2.7495e-002
5344	-0.11231	0.	-7.8163e-002	2.2655e-002
5345	-8.5862e-002	0.	-5.6784e-002	4.9553e-002
5346	-0.10104	0.	-5.627e-002	6.2503e-002
5352	0.43127	0.	-0.79133	2.3089e-005
5353	0.35609	0.	-0.89389	1.7994e-005
5354	0.44538	0.	-0.86636	1.8278e-005
5355	0.33532	0.	-0.84635	2.0886e-005
5360	0.85468	0.	-0.73345	1.2475e-005
5361	0.78316	0.	-0.83795	9.383e-006
5362	0.85608	0.	-0.86103	6.8677e-006
5363	0.78605	0.	-0.76019	1.2525e-005
5369	0.10605	0.	-0.68232	3.985e-005
5370	2.4628e-002	0.	-0.66934	4.458e-005
5371	8.0653e-002	0.	-0.78262	2.2882e-005
5375	-0.17713	0.	-8.9904e-002	1.3535e-002
5376	-0.15346	0.	-7.0713e-002	1.8524e-002
5377	-0.15767	0.	-4.3762e-002	7.6216e-002
5385	-0.91937	0.	-0.32262	4.3055e-005
5386	-0.87895	0.	-0.1955	6.4522e-005
5387	-0.98366	0.	-0.31508	3.898e-005
5388	-0.96289	0.	-0.17453	4.9433e-005
5393	-0.26503	0.	-0.75906	2.5711e-005
5394	-0.19168	0.	-0.85116	1.5582e-005
5395	-0.15913	0.	-0.80314	1.8824e-005
5399	4.6351e-002	0.	-9.5995e-002	1.0564e-002
5400	4.9958e-002	0.	-6.4815e-002	3.3524e-002
5401	0.10393	0.	-8.9805e-002	6.7749e-003
5407	-0.81503	0.	-0.81169	1.5561e-005
5408	-0.77269	0.	-0.88675	1.2482e-005
5409	-0.92479	0.	-0.8979	7.6292e-006
5413	0.25852	0.	-0.3677	2.2361e-004
5414	0.28211	0.	-0.27881	4.3998e-004
5415	0.29897	0.	-0.40078	1.768e-004
5419	-0.31104	0.	-0.50792	1.1589e-004
5420	-0.25266	0.	-0.49259	1.2529e-004
5421	-0.24749	0.	-0.3886	3.1323e-004
5427	-0.63018	0.	-0.88909	1.6292e-005
5428	-0.52827	0.	-0.84329	2.149e-005
5429	-0.49951	0.	-0.90129	1.715e-005
5433	2.5091e-002	0.	-7.5316e-002	3.3484e-002
5434	9.9819e-003	0.	-0.13054	8.0134e-003
5435	-5.9982e-003	0.	-0.1074	1.1596e-002
5440	-0.74007	0.	-0.79733	1.7803e-005
5441	-0.80556	0.	-0.62398	2.5845e-005
5442	-0.83618	0.	-0.6758	1.9769e-005
5446	0.50573	0.	-0.1396	1.679e-004
5447	0.52703	0.	-0.21524	1.1964e-004
5448	0.62078	0.	-0.15328	9.5612e-005
5452	0.17169	0.	-0.37315	2.7661e-004
5453	0.2573	0.	-0.42977	1.7286e-004
5454	0.17939	0.	-0.4186	2.034e-004
5458	7.8671e-002	0.	-0.61882	5.4997e-005
5459	0.21755	0.	-0.61081	5.6492e-005
5463	0.49337	0.	-0.66893	3.1954e-005
5464	0.4894	0.	-0.80667	2.1366e-005
5465	0.53258	0.	-0.70801	2.4973e-005
5471	0.2439	0.	-0.16092	1.0433e-003
5472	0.1802	0.	-9.8524e-002	2.5134e-003
5473	0.27489	0.	-0.11194	1.0017e-003
5474	0.19258	0.	-0.14328	1.3839e-003
5478	0.70265	0.	-0.51406	3.6381e-005
5479	0.79439	0.	-0.4175	3.8034e-005
5484	0.76646	0.	-0.63367	2.1625e-005
5485	0.59545	0.	-0.60081	3.2372e-005
5486	0.69783	0.	-0.66041	2.2046e-005
5487	0.63466	0.	-0.63989	2.5623e-005
5492	-0.5525	0.	-0.22001	2.0375e-004
5493	-0.65442	0.	-0.15028	1.6408e-004
5494	-0.57382	0.	-0.12418	2.4215e-004
5502	9.971e-003	0.	-4.2186e-002	8.7366e-002
5510	-0.85787	0.	-0.45948	3.4817e-005
5511	-0.95134	0.	-0.38573	3.4579e-005
5512	-0.82614	0.	-0.40107	4.7003e-005
5517	0.44296	0.	-0.57704	4.8131e-005
5518	0.33611	0.	-0.50535	9.0277e-005
5519	0.32473	0.	-0.56883	6.0114e-005
5523	-0.54653	0.	-0.45244	9.5136e-005
5524	-0.58583	0.	-0.41412	9.7422e-005
5525	-0.51586	0.	-0.32981	1.6628e-004
5529	-1.3737e-002	0.	-0.54622	9.3191e-005
5533	-0.85932	0.	-0.5775	2.4996e-005
5534	-0.79697	0.	-0.46728	4.3235e-005
5537	-0.60304	0.	-0.47512	7.1379e-005
5538	-0.52048	0.	-0.55308	6.3225e-005
5539	-0.57318	0.	-0.56374	5.4341e-005
5544	0.38594	0.	-0.1231	3.8788e-004
5545	0.46718	0.	-0.20089	1.7706e-004
5551	0.8226	0.	-0.2104	4.8393e-005
5552	0.83286	0.	-0.12875	5.3205e-005
5553	0.72656	0.	-0.14665	6.9668e-005
5559	-0.89015	0.	-0.11807	6.6527e-005
5560	-0.75624	0.	-0.13388	1.0349e-004
5565	0.10811	0.	-0.30291	5.7784e-004
5566	6.0677e-002	0.	-0.23288	1.2491e-003
5567	0.12554	0.	-0.21991	1.0673e-003
5568	6.7008e-002	0.	-0.29286	6.213e-004
5571	-3.6726e-002	0.	-0.43444	1.9334e-004
5572	-6.8631e-002	0.	-0.47414	1.2645e-004
5575	-0.20914	0.	-0.15141	4.0286e-003
5576	-0.15487	0.	-0.10615	1.2166e-002
5577	-0.14681	0.	-0.14402	4.4779e-003
5582	-7.6164e-002	0.	-0.21482	1.5762e-003
5583	-0.15123	0.	-0.25102	1.0279e-003
5584	-0.11113	0.	-0.19885	2.5077e-003
5588	-0.33351	0.	-0.65665	4.7733e-005
5589	-0.28676	0.	-0.56153	7.5391e-005
5590	-0.41118	0.	-0.58479	6.0872e-005
5594	-1.75e-002	0.	-0.13144	8.7797e-003
5595	1.5071e-002	0.	-0.18206	2.9859e-003
5596	-2.3327e-002	0.	-0.1746	3.0901e-003
5600	0.65097	0.	-0.89387	1.2084e-005
5601	0.5475	0.	-0.89426	1.5088e-005
5606	-4.6407e-002	0.	-8.8261e-002	2.2474e-002
5607	-6.8824e-002	0.	-5.6213e-002	5.0132e-002
5608	-4.7328e-002	0.	-5.4514e-002	5.7212e-002
5609	-5.8732e-002	0.	-5.4597e-002	4.884e-002
5615	0.86549	0.	-0.34119	3.5038e-005
5619	-1.0188	0.	-0.83973	6.6553e-006
5623	-0.3605	0.	-0.76376	2.6557e-005
5627	0.29502	0.	-0.16992	5.8899e-004
5628	0.21271	0.	-0.20127	1.0264e-003
5632	-0.14262	0.	-0.87261	1.2326e-005
5633	-0.1135	0.	-0.92374	6.4216e-006
5639	0.14901	0.	-0.13887	2.4366e-003
5641	0.1567	0.	-0.87001	1.6842e-005
5642	0.13855	0.	-0.92218	1.2873e-005
5643	0.26451	0.	-0.92219	1.5923e-005
5644	0.24375	0.	-0.87465	1.8912e-005
5648	-2.2037e-003	0.	-0.35589	3.1547e-004
5649	-8.0637e-002	0.	-0.42197	1.95e-004
5653	0.87831	0.	-0.19847	4.381e-005
5657	0.78484	0.	-0.69868	1.5736e-005
5661	-0.44255	0.	-0.24207	3.8658e-004
5662	-0.31122	0.	-0.19671	1.2339e-003
5663	-0.40568	0.	-0.15323	5.4592e-004
5667	-0.17046	0.	-0.50394	1.0792e-004
5675	-0.70379	0.	-0.42284	6.4765e-005
5680	-0.44652	0.	-0.78594	2.4095e-005
5681	-0.41776	0.	-0.84394	1.9872e-005
5693	0.78335	0.	-0.90401	7.7379e-006
5694	0.71332	0.	-0.80317	1.3289e-005
5699	0.13423	0.	-0.39506	2.5808e-004
5700	8.5428e-002	0.	-0.33956	3.7912e-004
5703	-8.0954e-002	0.	-0.87571	1.0932e-005
5717	-2.2039e-002	0.	-4.0521e-002	0.10115
5722	-0.95491	0.	-0.64135	1.6482e-005
5726	0.55066	0.	-0.64531	3.0619e-005
5730	-0.20665	0.	-0.30262	6.614e-004
5734	0.28638	0.	-0.52633	9.1556e-005
5737	-6.736e-003	0.	-0.20209	1.8572e-003
5740	-0.2175	0.	-0.22225	1.3484e-003
5747	9.1148e-002	0.	-0.88457	1.3798e-005
5750	-8.01e-002	0.	-0.17867	2.5797e-003
5759	-1.0277	0.	-0.71908	1.1341e-005
5763	-0.46516	0.	-0.8388	2.0972e-005
5764	-0.53827	0.	-0.69741	3.199e-005
5768	-0.11993	0.	-6.507e-002	5.8035e-002
5769	-0.12313	0.	-0.12483	1.0679e-002
5770	-0.13541	0.	-6.0012e-002	7.2329e-002
5786	-9.3486e-002	0.	-4.3691e-002	7.8034e-002
5787	-6.8221e-002	0.	-4.2589e-002	6.5228e-002
5794	1.0582e-002	0.	-0.93179	6.4327e-006
5800	-0.12414	0.	-3.812e-002	0.10233
5807	-4.6725e-002	0.	-4.089e-002	7.1983e-002
5813	-0.52992	0.	-0.60337	4.8402e-005
5815	0.65304	0.	-0.7049	1.9956e-005
5844	0.30416	0.	-0.88921	1.8798e-005
5853	-0.48685	0.	-8.3513e-002	4.2822e-004
1	0.	0.	2.25e-002	0.25953
2	-1.7143e-002	0.	2.25e-002	0.17904
3	-3.4286e-002	0.	2.25e-002	0.12388
4	-5.1429e-002	0.	2.25e-002	9.5065e-002
5	-6.8571e-002	0.	2.25e-002	8.6388e-002
6	-8.5714e-002	0.	2.25e-002	0.117
7	-0.10286	0.	2.25e-002	0.17919
8	-0.12	0.	2.25e-002	0.22241
9	-0.12	0.	1.5e-002	0.41555
15	0.	0.	1.5e-002	0.40132
271	9.0909e-002	0.	0.	1.3654e-002
272	0.18182	0.	0.	3.3778e-003
273	0.27273	0.	0.	1.0976e-003
274	0.36364	0.	0.	4.4469e-004
275	0.45455	0.	0.	2.1209e-004
276	0.54545	0.	0.	1.4859e-004
277	0.63636	0.	0.	1.0293e-004
278	0.72727	0.	0.	8.0475e-005
279	0.81818	0.	0.	5.8862e-005
280	0.90909	0.	0.	4.6162e-005
281	-1.0291	0.	0.	4.5657e-005
282	-0.93818	0.	0.	5.4505e-005
283	-0.84727	0.	0.	6.8182e-005
284	-0.75636	0.	0.	1.0388e-004
285	-0.66545	0.	0.	1.4054e-004
286	-0.57455	0.	0.	2.5265e-004
287	-0.48364	0.	0.	4.6206e-004
288	-0.39273	0.	0.	1.4469e-003
289	-0.30182	0.	0.	3.7973e-003
290	-0.21091	0.	0.	1.3963e-002
333	-1.12	0.	9.2955e-002	4.2196e-005
334	-1.12	0.	0.18591	4.0802e-005
335	-1.12	0.	0.27886	3.4912e-005
336	-1.12	0.	0.37182	2.9267e-005
337	-1.12	0.	0.46477	2.5411e-005
338	-1.12	0.	0.55773	1.8276e-005
339	-1.12	0.	0.65068	1.355e-005
340	-1.12	0.	0.74364	1.0205e-005
341	-1.12	0.	0.83659	6.6209e-006
342	-1.12	0.	0.92955	2.776e-006
348	-1.0278	0.	1.0225	3.3486e-006
349	-0.93565	0.	1.0225	5.8201e-006
350	-0.84348	0.	1.0225	8.3532e-006
351	-0.7513	0.	1.0225	1.1525e-005
352	-0.65913	0.	1.0225	1.3387e-005
353	-0.56696	0.	1.0225	1.5649e-005
354	-0.47478	0.	1.0225	1.5215e-005
355	-0.38261	0.	1.0225	1.42e-005
356	-0.29043	0.	1.0225	1.1434e-005
357	-0.19826	0.	1.0225	8.4322e-006
358	-0.10609	0.	1.0225	3.8321e-006
359	-1.3913e-002	0.	1.0225	4.1587e-006
360	7.8261e-002	0.	1.0225	8.7497e-006
361	0.17043	0.	1.0225	1.1855e-005
362	0.26261	0.	1.0225	1.4909e-005
363	0.35478	0.	1.0225	1.5635e-005
364	0.44696	0.	1.0225	1.4339e-005
365	0.53913	0.	1.0225	1.3306e-005
366	0.6313	0.	1.0225	1.1166e-005
367	0.72348	0.	1.0225	9.2978e-006
368	0.81565	0.	1.0225	6.4604e-006
369	0.90783	0.	1.0225	2.7089e-006
375	1.	0.	0.92955	3.0338e-006
376	1.	0.	0.83659	6.0325e-006
377	1.	0.	0.74364	1.0252e-005
378	1.	0.	0.65068	1.3934e-005
379	1.	0.	0.55773	1.983e-005
380	1.	0.	0.46477	2.4216e-005
381	1.	0.	0.37182	2.9157e-005
382	1.	0.	0.27886	3.6042e-005
383	1.	0.	0.18591	4.0285e-005
384	1.	0.	9.2955e-002	4.3112e-005
385	0.	0.	0.	0.64378
386	-0.12	0.	0.	0.66128
392	1.	0.	0.	4.3669e-005
394	-1.12	0.	0.	4.3544e-005
397	-1.12	0.	1.0225	1.4953e-006
398	1.	0.	1.0225	1.5668e-006
399	4.5455e-002	0.	0.	4.5853e-002
400	2.2727e-002	0.	0.	0.20965
401	-0.16545	0.	0.	5.3436e-002
402	-0.14273	0.	0.	0.21482
403	9.8568e-002	0.	0.53298	9.0282e-005
404	-1.7391e-002	0.	0.2725	7.2562e-004
405	-0.25674	0.	0.64725	4.9736e-005
406	0.5315	0.	0.50758	5.3486e-005
407	-0.68304	0.	0.55614	4.7688e-005
408	-7.9176e-002	0.	0.14671	4.392e-003
409	-0.16723	0.	0.40122	2.8325e-004
410	-0.42022	0.	0.47682	1.0109e-004
411	0.2366	0.	0.78267	2.4773e-005
412	0.16818	0.	0.26451	6.6934e-004
413	-0.74447	0.	0.27989	9.5625e-005
414	0.67114	0.	0.75283	1.7209e-005
415	5.6184e-002	0.	0.74299	2.5471e-005
416	-0.31242	0.	0.1161	1.54e-003
417	-0.21855	0.	8.2805e-002	6.7559e-003
418	-0.60357	0.	0.2458	1.525e-004
419	0.60416	0.	0.32909	6.9544e-005
420	-4.044e-002	0.	0.10088	1.1537e-002
421	0.38691	0.	0.52143	6.7962e-005
422	-0.53631	0.	0.84776	2.0408e-005
423	4.5685e-002	0.	0.16413	2.7807e-003
424	-0.1029	0.	6.4167e-002	4.2228e-002
425	0.34746	0.	0.25818	3.251e-004
426	-0.79051	0.	0.88813	1.1541e-005
427	0.67689	0.	0.52533	3.4199e-005
428	-9.8261e-002	0.	0.23083	1.2053e-003
429	-0.99318	0.	0.61444	1.673e-005
430	-0.3327	0.	0.22687	6.1017e-004
431	-0.45676	0.	0.59469	6.1065e-005
432	-2.2733e-002	0.	0.58124	7.0851e-005
433	-0.15787	0.	0.88262	1.1377e-005
434	-0.29159	0.	0.7725	2.4379e-005
435	0.50906	0.	0.76044	2.4667e-005
436	0.75092	0.	0.26607	5.1612e-005
437	0.21833	0.	0.40767	1.7577e-004
438	-0.94258	0.	0.37142	3.5275e-005
439	3.3913e-002	0.	0.3975	2.4288e-004
440	0.83598	0.	0.71414	1.3929e-005
441	-0.92637	0.	0.22398	4.9119e-005
442	-0.22393	0.	0.23905	1.2409e-003
443	0.52935	0.	0.16455	1.4851e-004
444	0.23858	0.	0.50166	9.2731e-005
445	9.7087e-003	0.	6.7546e-002	3.2316e-002
446	-0.2888	0.	0.43716	1.6566e-004
447	0.30507	0.	0.63788	5.4316e-005
448	-0.61808	0.	0.72226	2.738e-005
449	-0.21391	0.	0.52241	9.5942e-005
450	-0.50804	0.	0.37078	1.5354e-004
451	-0.16243	0.	0.16589	3.4727e-003
452	0.77554	0.	0.87701	9.4837e-006
453	-0.73652	0.	0.71159	2.0662e-005
454	-1.0106	0.	0.87884	5.556e-006
455	4.5064e-002	0.	0.88045	1.1525e-005
456	0.22614	0.	0.11413	1.1628e-003
457	0.11686	0.	0.10162	4.4434e-003
458	-0.83291	0.	0.47022	3.6282e-005
459	0.8856	0.	0.37047	3.1371e-005
460	-0.41662	0.	0.12364	6.7677e-004
461	0.31269	0.	0.12167	4.9932e-004
462	0.46243	0.	0.30648	1.2886e-004
463	-4.3241e-002	0.	6.7377e-002	2.8944e-002
464	0.84754	0.	0.53636	2.2031e-005
465	0.68937	0.	0.11884	8.2874e-005
466	0.86305	0.	0.132	4.8705e-005
467	0.4404	0.	0.90847	1.6782e-005
468	-0.54605	0.	0.50163	7.3588e-005
469	0.18211	0.	0.59166	7.3286e-005
470	0.44275	0.	0.63307	4.0436e-005
471	0.10405	0.	0.20944	1.5641e-003
472	6.8981e-002	0.	0.30347	5.9991e-004
473	-0.80622	0.	0.13903	7.7318e-005
474	-0.73934	0.	0.40487	5.9359e-005
475	-0.2587	0.	0.32451	3.6849e-004
476	-0.37958	0.	0.34912	2.2235e-004
477	0.374	0.	0.76961	2.7151e-005
478	-0.49912	0.	0.71813	3.4443e-005
479	-0.33315	0.	0.56216	8.274e-005
480	-0.40683	0.	0.80779	2.1964e-005
481	-0.1014	0.	0.49408	1.2509e-004
482	0.58622	0.	0.64077	3.0707e-005
483	-8.6605e-002	0.	0.32242	4.1003e-004
484	0.60526	0.	0.90428	1.312e-005
485	-0.46009	0.	0.2499	2.8331e-004
486	0.18226	0.	0.91277	1.5148e-005
487	-0.13567	0.	9.4782e-002	1.2937e-002
488	-0.29101	0.	0.8975	1.4479e-005
489	-0.37657	0.	0.6897	3.716e-005
490	-0.8051	0.	0.59527	2.7414e-005
491	-0.87944	0.	0.80375	1.0926e-005
492	0.33697	0.	0.39928	1.4929e-004
493	4.8402e-002	0.	0.10099	9.6793e-003
494	7.8672e-002	0.	0.63674	5.495e-005
495	-5.1873e-002	0.	0.78036	1.7251e-005
496	-0.15566	0.	0.28703	7.9579e-004
497	-0.17527	0.	0.74106	2.9274e-005
498	-0.99112	0.	0.49232	2.4766e-005
499	-0.14623	0.	0.60583	5.6282e-005
500	-2.3107e-002	0.	0.19832	2.2254e-003
501	-0.66558	0.	0.89052	1.5762e-005
502	0.72031	0.	0.63393	2.3639e-005
503	-0.52736	0.	0.13739	3.1393e-004
504	-0.65872	0.	0.1066	1.6447e-004
505	0.89071	0.	0.9125	4.7224e-006
506	0.72698	0.	0.41519	3.9913e-005
507	0.16414	0.	0.69934	4.0446e-005
508	4.3478e-003	0.	0.48083	1.4326e-004
509	0.31014	0.	0.89509	1.7047e-005
510	-5.374e-002	0.	4.0816e-002	6.8275e-002
511	0.13685	0.	0.80364	2.1617e-005
512	-7.06e-002	0.	6.0297e-002	3.8165e-002
513	-1.0179	0.	0.74287	1.0544e-005
514	0.14364	0.	0.3591	2.9762e-004
515	0.11059	0.	0.43791	1.58e-004
516	-0.62082	0.	0.38514	8.2265e-005
517	-0.11432	0.	4.3576e-002	0.10276
518	-2.4203e-002	0.	4.4004e-002	7.3022e-002
519	5.5813e-002	0.	4.7289e-002	2.5803e-002
520	2.043e-002	0.	2.8624e-002	0.10993
521	-0.13984	0.	2.9284e-002	0.14773
522	0.24907	0.	0.21304	6.6293e-004
523	3.5371e-002	0.	0.2334	1.1571e-003
524	-0.44634	0.	0.92114	1.6847e-005
525	-4.4275e-003	0.	0.68335	3.9011e-005
526	-0.56546	0.	0.61972	4.0187e-005
527	0.89074	0.	0.25142	3.8294e-005
528	-7.7362e-002	0.	9.0657e-002	1.7831e-002
529	-8.2125e-002	0.	4.1371e-002	7.7557e-002
530	-0.97802	0.	0.10694	4.9708e-005
531	-5.9416e-002	0.	0.40598	2.2986e-004
532	-0.88212	0.	0.67213	1.5294e-005
533	0.24394	0.	0.31696	3.2556e-004
534	-0.91167	0.	0.93852	6.7531e-006
535	0.17329	0.	0.17991	1.2051e-003
536	0.90044	0.	0.81677	7.7908e-006
537	-8.3355e-003	0.	0.13174	6.3179e-003
538	-1.2104e-002	0.	0.34037	3.4967e-004
539	-1.0241	0.	0.25105	3.9443e-005
540	-0.85387	0.	0.32474	5.2112e-005
541	0.61644	0.	0.43538	5.0935e-005
542	-1.0459	0.	0.38593	3.1574e-005
543	0.53244	0.	0.40049	7.7737e-005
544	0.58286	0.	8.2273e-002	1.4042e-004
545	0.41709	0.	0.14469	2.5577e-004
546	-5.9833e-002	0.	0.90457	6.4094e-006
547	-1.675e-004	0.	3.9333e-002	0.12746
548	-0.13347	0.	5.6836e-002	3.5578e-002
549	-0.17441	0.	5.1617e-002	2.7476e-002
1758	-8.5714e-003	0.	2.25e-002	0.20154
1759	0.	0.	1.875e-002	0.31943
1761	1.0215e-002	0.	2.5562e-002	0.18376
1762	-8.3752e-005	0.	3.0917e-002	0.18662
1765	-2.5714e-002	0.	2.25e-002	0.14643
1768	-2.0673e-002	0.	3.3252e-002	0.1249
1769	-8.6552e-003	0.	3.0917e-002	0.15192
1771	-4.2857e-002	0.	2.25e-002	0.10728
1774	-4.4013e-002	0.	3.1658e-002	9.1924e-002
1775	-2.9244e-002	0.	3.3252e-002	9.7843e-002
1778	-6.e-002	0.	2.25e-002	8.6067e-002
1781	-5.2584e-002	0.	3.1658e-002	8.1185e-002
1783	-7.7143e-002	0.	2.25e-002	9.9673e-002
1786	-6.1156e-002	0.	3.1658e-002	7.5615e-002
1787	-7.5348e-002	0.	3.1935e-002	8.106e-002
1790	-9.4286e-002	0.	2.25e-002	0.14335
1793	-8.392e-002	0.	3.1935e-002	9.7149e-002
1796	-0.11143	0.	2.25e-002	0.18553
1799	-0.10859	0.	3.3038e-002	0.13952
1800	-9.2491e-002	0.	3.1935e-002	0.12319
1803	-0.12	0.	1.875e-002	0.30816
1805	-0.11716	0.	3.3038e-002	0.15807
1806	-0.12992	0.	2.5892e-002	0.18287
1812	-0.12	0.	7.5e-003	0.52956
1813	-0.13136	0.	7.5e-003	0.3096
1814	-0.12992	0.	2.2142e-002	0.28006
1852	0.	0.	7.5e-003	0.51891
1853	1.1364e-002	0.	7.5e-003	0.30076
1854	1.0215e-002	0.	2.1812e-002	0.25362
3362	0.13636	0.	0.	8.5143e-003
3363	6.8182e-002	0.	0.	2.9744e-002
3364	0.10388	0.	5.0812e-002	8.7119e-003
3365	7.3361e-002	0.	2.3644e-002	1.9003e-002
3375	0.22727	0.	0.	2.2354e-003
3376	0.20398	0.	5.7067e-002	2.236e-003
3377	0.14934	0.	5.0812e-002	3.7182e-003
3386	0.31818	0.	0.	7.708e-004
3387	0.24943	0.	5.7067e-002	1.097e-003
3388	0.29271	0.	6.0836e-002	7.8409e-004
3396	0.40909	0.	0.	3.2791e-004
3397	0.33816	0.	6.0836e-002	4.6037e-004
3398	0.39036	0.	7.2344e-002	3.4705e-004
3407	0.5	0.	0.	1.799e-004
3408	0.49195	0.	8.2273e-002	1.7918e-004
3409	0.5187	0.	4.1136e-002	1.7614e-004
3410	0.43582	0.	7.2344e-002	2.3195e-004
3413	0.59091	0.	0.	1.2568e-004
3414	0.56416	0.	4.1136e-002	1.4436e-004
3420	0.68182	0.	0.	9.1668e-005
3421	0.66287	0.	5.9422e-002	9.2633e-005
3422	0.60961	0.	4.1136e-002	1.2159e-004
3428	0.77273	0.	0.	6.9659e-005
3429	0.70832	0.	5.9422e-002	8.1403e-005
3435	0.86364	0.	0.	5.2505e-005
3436	0.75378	0.	5.9422e-002	7.0723e-005
3437	0.84062	0.	6.6e-002	5.3764e-005
3443	0.95455	0.	4.6477e-002	4.4636e-005
3444	0.95455	0.	0.	4.4911e-005
3445	0.88607	0.	6.6e-002	4.74e-005
3450	-0.98364	0.	0.	5.0076e-005
3451	-1.0745	0.	4.6477e-002	4.3926e-005
3452	-1.0745	0.	0.	4.4597e-005
3453	-1.0036	0.	5.3469e-002	4.7659e-005
3458	-0.89273	0.	0.	6.1327e-005
3459	-0.9581	0.	5.3469e-002	5.2069e-005
3464	-0.80182	0.	0.	8.6021e-005
3465	-0.82674	0.	6.9517e-002	7.2551e-005
3466	-0.91265	0.	5.3469e-002	5.8932e-005
3473	-0.71091	0.	0.	1.2204e-004
3474	-0.78129	0.	6.9517e-002	9.0363e-005
3475	-0.70754	0.	5.3301e-002	1.3375e-004
3481	-0.62	0.	0.	1.961e-004
3482	-0.66209	0.	5.3301e-002	1.5161e-004
3491	-0.52909	0.	0.	3.5666e-004
3492	-0.55095	0.	6.8696e-002	2.7969e-004
3493	-0.61663	0.	5.3301e-002	2.0801e-004
3496	-0.43818	0.	0.	9.5447e-004
3497	-0.45013	0.	6.1818e-002	5.6099e-004
3498	-0.5055	0.	6.8696e-002	3.8496e-004
3505	-0.34727	0.	0.	2.6191e-003
3506	-0.35258	0.	5.8048e-002	1.4302e-003
3507	-0.40467	0.	6.1818e-002	1.0462e-003
3515	-0.25636	0.	0.	8.8292e-003
3516	-0.30712	0.	5.8048e-002	2.5788e-003
3517	-0.26018	0.	4.1403e-002	4.9918e-003
3525	-0.18818	0.	0.	3.3616e-002
3526	-0.21473	0.	4.1403e-002	9.9275e-003
3527	-0.19266	0.	2.5808e-002	1.997e-002
3761	-1.12	0.	0.13943	4.1496e-005
3762	-1.12	0.	4.6477e-002	4.2866e-005
3763	-1.049	0.	9.9946e-002	4.5934e-005
3767	-1.12	0.	0.23239	3.7853e-005
3768	-1.049	0.	0.14642	4.525e-005
3769	-1.0721	0.	0.21848	4.0104e-005
3772	-1.12	0.	0.32534	3.2088e-005
3773	-1.0721	0.	0.26496	3.7173e-005
3774	-1.083	0.	0.3324	3.3219e-005
3778	-1.12	0.	0.4183	2.7308e-005
3779	-1.083	0.	0.37887	3.0392e-005
3781	-1.12	0.	0.51125	2.1842e-005
3782	-1.0556	0.	0.47855	2.5003e-005
3783	-1.083	0.	0.42535	2.8492e-005
3787	-1.12	0.	0.6042	1.5912e-005
3788	-1.0566	0.	0.58609	1.7397e-005
3789	-1.0556	0.	0.52503	2.1428e-005
3792	-1.12	0.	0.69716	1.1877e-005
3793	-1.0566	0.	0.63256	1.5053e-005
3794	-1.069	0.	0.69677	1.1985e-005
3796	-1.12	0.	0.79011	8.3891e-006
3797	-1.069	0.	0.74325	1.0323e-005
3800	-1.12	0.	0.88307	4.6659e-006
3801	-1.0653	0.	0.85772	6.009e-006
3802	-1.069	0.	0.78973	8.5803e-006
3807	-1.0739	0.	0.97602	2.9198e-006
3808	-1.12	0.	0.97602	2.124e-006
3809	-1.0653	0.	0.90419	4.1629e-006
3837	-0.98174	0.	1.0225	4.5569e-006
3838	-1.0739	0.	1.0225	2.3814e-006
3839	-1.0192	0.	0.95067	4.2965e-006
3840	-0.96975	0.	0.98051	5.0498e-006
3844	-0.88957	0.	1.0225	7.0862e-006
3845	-0.92366	0.	0.98051	6.2316e-006
3847	-0.79739	0.	1.0225	9.9305e-006
3848	-0.817	0.	0.95532	9.9222e-006
3849	-0.87758	0.	0.98051	7.4962e-006
3854	-0.70522	0.	1.0225	1.2454e-005
3855	-0.77091	0.	0.95532	1.1459e-005
3856	-0.70844	0.	0.95651	1.3631e-005
3858	-0.61304	0.	1.0225	1.4516e-005
3859	-0.66235	0.	0.95651	1.4553e-005
3862	-0.52087	0.	1.0225	1.5428e-005
3863	-0.55164	0.	0.93513	1.8021e-005
3864	-0.61627	0.	0.95651	1.5673e-005
3865	-0.50665	0.	0.97182	1.622e-005
3868	-0.4287	0.	1.0225	1.4696e-005
3869	-0.46056	0.	0.97182	1.602e-005
3874	-0.33652	0.	1.0225	1.2807e-005
3875	-0.33681	0.	0.96	1.429e-005
3876	-0.41447	0.	0.97182	1.5523e-005
3880	-0.24435	0.	1.0225	9.8924e-006
3881	-0.29072	0.	0.96	1.2943e-005
3883	-0.15217	0.	1.0225	5.9421e-006
3884	-0.17806	0.	0.95256	9.423e-006
3885	-0.24464	0.	0.96	1.1444e-005
3890	-6.e-002	0.	1.0225	2.7965e-006
3891	-0.13198	0.	0.95256	7.5979e-006
3892	-8.296e-002	0.	0.96353	4.7679e-006
3896	3.2174e-002	0.	1.0225	6.3344e-006
3897	1.5576e-002	0.	0.95148	7.8385e-006
3898	-3.6873e-002	0.	0.96353	4.8643e-006
3900	0.12435	0.	1.0225	1.0281e-005
3901	6.1663e-002	0.	0.95148	9.8653e-006
3902	0.13026	0.	0.96764	1.1947e-005
3906	0.21652	0.	1.0225	1.3369e-005
3907	0.17635	0.	0.96764	1.3482e-005
3911	0.3087	0.	1.0225	1.5268e-005
3912	0.22244	0.	0.96764	1.4955e-005
3913	0.28638	0.	0.9588	1.5977e-005
3915	0.40087	0.	1.0225	1.4982e-005
3916	0.39759	0.	0.96549	1.6192e-005
3917	0.33246	0.	0.9588	1.6335e-005
3921	0.49304	0.	1.0225	1.382e-005
3922	0.44368	0.	0.96549	1.5557e-005
3926	0.58522	0.	1.0225	1.2235e-005
3927	0.48976	0.	0.96549	1.5044e-005
3928	0.5722	0.	0.96339	1.3165e-005
3932	0.67739	0.	1.0225	1.0223e-005
3933	0.61828	0.	0.96339	1.2108e-005
3935	0.76957	0.	1.0225	7.8579e-006
3936	0.74951	0.	0.94975	9.1976e-006
3937	0.66437	0.	0.96339	1.1202e-005
3941	0.86174	0.	1.0225	4.5351e-006
3942	0.79559	0.	0.94975	7.9076e-006
3943	0.85318	0.	0.9675	5.4732e-006
3949	0.95391	0.	0.97602	2.7886e-006
3950	0.95391	0.	1.0225	2.133e-006
3951	0.89927	0.	0.9675	3.7106e-006
3981	1.	0.	0.88307	4.5113e-006
3982	1.	0.	0.97602	2.2703e-006
3983	0.94535	0.	0.92102	3.8101e-006
3986	1.	0.	0.79011	8.1378e-006
3987	0.94535	0.	0.87455	5.1465e-006
3988	0.95022	0.	0.82668	6.8815e-006
3992	1.	0.	0.69716	1.2081e-005
3993	0.91799	0.	0.72889	1.1944e-005
3994	0.95022	0.	0.78021	8.9945e-006
3997	1.	0.	0.6042	1.6881e-005
3998	0.91799	0.	0.68241	1.3655e-005
3999	0.92377	0.	0.59352	1.7903e-005
4005	1.	0.	0.51125	2.2021e-005
4006	0.92377	0.	0.54705	2.0821e-005
4008	1.	0.	0.4183	2.6675e-005
4009	0.9428	0.	0.41762	2.7764e-005
4010	0.92377	0.	0.50057	2.2977e-005
4014	1.	0.	0.32534	3.2595e-005
4015	0.9428	0.	0.37114	3.0178e-005
4018	1.	0.	0.23239	3.8163e-005
4019	0.9428	0.	0.32467	3.3572e-005
4020	0.94537	0.	0.26514	3.7142e-005
4024	1.	0.	0.13943	4.1694e-005
4025	0.93153	0.	0.15895	4.4481e-005
4026	0.94537	0.	0.21866	3.9254e-005
4030	1.	0.	4.6477e-002	4.3387e-005
4031	0.93153	0.	0.11248	4.5876e-005
4035	1.1364e-002	0.	0.	0.42542
4040	-0.13136	0.	0.	0.43764
4049	3.4091e-002	0.	0.	0.12769
4050	5.0634e-002	0.	2.3644e-002	3.4631e-002
4051	3.2942e-002	0.	1.4312e-002	7.5078e-002
4059	2.1578e-002	0.	1.4312e-002	0.15184
4068	-0.15409	0.	0.	0.13409
4069	-0.15265	0.	1.4642e-002	9.6648e-002
4070	-0.16993	0.	2.5808e-002	3.8603e-002
4077	-0.14128	0.	1.4642e-002	0.17323
4084	3.7917e-002	0.	0.55711	7.6982e-005
4085	0.16857	0.	0.51732	8.7427e-005
4086	0.14034	0.	0.56232	8.0652e-005
4087	8.862e-002	0.	0.58486	7.2599e-005
4088	5.1458e-002	0.	0.50691	1.1255e-004
4089	0.10458	0.	0.48545	1.2349e-004
4093	-5.7826e-002	0.	0.25167	9.0557e-004
4094	2.5795e-002	0.	0.28799	6.1954e-004
4095	-5.1998e-002	0.	0.29746	5.4986e-004
4096	-2.0249e-002	0.	0.23541	1.4708e-003
4097	8.9899e-003	0.	0.25295	8.8705e-004
4098	-1.4747e-002	0.	0.30644	5.3727e-004
4102	-0.27417	0.	0.70988	3.6974e-005
4103	-0.23533	0.	0.58483	7.2569e-005
4104	-0.29495	0.	0.60471	6.5632e-005
4105	-0.31666	0.	0.66848	4.2408e-005
4106	-0.21601	0.	0.69416	3.9026e-005
4107	-0.20149	0.	0.62654	5.0988e-005
4110	0.4592	0.	0.5145	6.0103e-005
4111	0.6042	0.	0.51645	4.3529e-005
4112	0.48713	0.	0.57032	4.637e-005
4113	0.55886	0.	0.57417	4.2063e-005
4114	0.57397	0.	0.47148	5.1889e-005
4115	0.53197	0.	0.45403	6.5486e-005
4120	-0.65056	0.	0.6392	3.7214e-005
4121	-0.70978	0.	0.63386	3.4135e-005
4122	-0.75798	0.	0.51318	4.121e-005
4123	-0.61455	0.	0.52889	6.0437e-005
4124	-0.71119	0.	0.48051	5.2975e-005
4125	-0.74407	0.	0.5757	3.739e-005
4126	-0.65193	0.	0.47064	6.4745e-005
4127	-0.62425	0.	0.58793	4.3502e-005
4132	-5.9808e-002	0.	0.1238	7.2483e-003
4133	-8.8719e-002	0.	0.18877	2.7986e-003
4134	-0.1208	0.	0.1563	3.4852e-003
4135	-0.10742	0.	0.12075	7.744e-003
4136	-5.1142e-002	0.	0.17252	3.0055e-003
4137	-7.8269e-002	0.	0.11869	1.1108e-002
4138	-4.3756e-002	0.	0.13923	4.0848e-003
4142	-0.22802	0.	0.41919	2.1442e-004
4143	-0.19057	0.	0.46182	1.8949e-004
4144	-0.21296	0.	0.36286	3.1018e-004
4145	-0.13432	0.	0.44765	2.0039e-004
4146	-0.12692	0.	0.36182	3.2993e-004
4147	-0.16144	0.	0.34412	5.3897e-004
4148	-0.11332	0.	0.4036	2.3116e-004
4153	-0.43849	0.	0.53576	8.0935e-005
4154	-0.35451	0.	0.45699	1.3136e-004
4155	-0.46413	0.	0.4238	1.2593e-004
4156	-0.48313	0.	0.48923	8.6793e-005
4157	-0.3999	0.	0.41297	1.617e-004
4158	-0.37668	0.	0.51949	8.9463e-005
4162	0.27084	0.	0.71028	3.9379e-005
4163	0.3053	0.	0.77614	2.5699e-005
4164	0.20943	0.	0.84772	1.9956e-005
4165	0.20037	0.	0.74101	3.2414e-005
4166	0.27337	0.	0.83888	2.0831e-005
4167	0.18672	0.	0.79316	2.2942e-005
4171	0.13611	0.	0.23698	1.1165e-003
4172	0.11858	0.	0.28399	5.9975e-004
4173	0.15591	0.	0.3118	4.8048e-004
4174	0.20863	0.	0.23877	6.4961e-004
4175	0.20606	0.	0.29073	4.9625e-004
4176	0.17073	0.	0.22221	9.2367e-004
4181	-0.67402	0.	0.26284	1.2341e-004
4182	-0.77534	0.	0.20946	8.5745e-005
4183	-0.74191	0.	0.34238	7.6994e-005
4184	-0.70159	0.	0.19324	1.2917e-004
4185	-0.68265	0.	0.33251	8.7631e-005
4186	-0.79917	0.	0.30231	7.3865e-005
4191	0.5901	0.	0.75664	2.0732e-005
4192	0.75356	0.	0.73348	1.5268e-005
4193	0.72334	0.	0.81492	1.3343e-005
4194	0.62868	0.	0.6968	2.3953e-005
4195	0.6382	0.	0.82856	1.4943e-005
4196	0.69572	0.	0.69338	2.0318e-005
4201	5.0624e-002	0.	0.81172	1.8373e-005
4202	6.7428e-002	0.	0.68986	3.9875e-005
4203	2.1555e-003	0.	0.76167	2.0555e-005
4204	0.11016	0.	0.72116	3.1865e-005
4205	9.6516e-002	0.	0.77332	2.2915e-005
4206	2.5878e-002	0.	0.71317	3.159e-005
4211	-0.26549	0.	9.9451e-002	4.1322e-003
4212	-0.32256	0.	0.17148	1.0524e-003
4213	-0.26818	0.	0.17757	1.2839e-003
4214	-0.36452	0.	0.11987	1.1008e-003
4218	-0.22124	0.	0.16093	3.8855e-003
4219	-0.19049	0.	0.12435	4.6152e-003
4220	-0.17711	0.	8.8794e-002	9.0965e-003
4221	-0.19648	0.	6.7211e-002	1.7112e-002
4229	-0.5558	0.	0.30829	1.4992e-004
4230	-0.53183	0.	0.24785	2.1714e-004
4231	-0.56547	0.	0.1916	2.3124e-004
4232	-0.63114	0.	0.1762	1.5449e-004
4233	-0.6122	0.	0.31547	1.1713e-004
4238	0.67754	0.	0.29758	6.0008e-005
4239	0.56676	0.	0.24682	1.0835e-004
4240	0.5333	0.	0.31778	9.901e-005
4241	0.64677	0.	0.22397	7.4686e-005
4242	0.66557	0.	0.37214	5.4716e-005
4243	0.6103	0.	0.38224	6.007e-005
4244	0.5683	0.	0.36479	7.2921e-005
4248	-1.5366e-002	0.	8.4214e-002	1.9733e-002
4249	-4.1841e-002	0.	8.413e-002	2.0208e-002
4250	-5.8901e-002	0.	9.5769e-002	1.2895e-002
4251	-2.4388e-002	0.	0.11631	8.7002e-003
4257	0.31274	0.	0.51154	7.8658e-005
4258	0.34599	0.	0.57965	6.0086e-005
4259	0.41483	0.	0.57725	5.4168e-005
4260	0.36194	0.	0.46035	1.0849e-004
4261	0.45968	0.	0.46096	7.1497e-005
4266	-0.5772	0.	0.78501	2.3747e-005
4267	-0.51772	0.	0.78295	2.7416e-005
4268	-0.47157	0.	0.82777	2.1094e-005
4269	-0.60095	0.	0.86914	1.8074e-005
4270	-0.49133	0.	0.88445	1.8556e-005
4273	8.1271e-002	0.	0.13288	3.2872e-003
4274	7.4867e-002	0.	0.18679	2.1429e-003
4275	4.7044e-002	0.	0.13256	6.154e-003
4276	1.1289e-002	0.	0.18123	2.2772e-003
4277	4.0528e-002	0.	0.19877	1.9414e-003
4278	1.8675e-002	0.	0.14794	4.4913e-003
4283	-0.11928	0.	7.9474e-002	2.7337e-002
4284	-8.6749e-002	0.	6.2232e-002	3.6274e-002
4285	-0.10861	0.	5.3872e-002	7.1446e-002
4286	-9.013e-002	0.	7.7412e-002	2.8459e-002
4287	-9.2512e-002	0.	5.2769e-002	5.8066e-002
4288	-0.11818	0.	6.0501e-002	3.7234e-002
4294	0.33007	0.	0.18993	4.0506e-004
4295	0.40495	0.	0.28233	2.2603e-004
4296	0.34222	0.	0.32873	2.358e-004
4297	0.29827	0.	0.23561	4.9378e-004
4298	0.2957	0.	0.28757	3.205e-004
4299	0.38228	0.	0.20143	2.8019e-004
4304	-0.76352	0.	0.79986	1.6048e-005
4305	-0.83497	0.	0.84594	1.1095e-005
4306	-0.72805	0.	0.88933	1.3611e-005
4307	-0.85109	0.	0.91332	9.135e-006
4312	0.76221	0.	0.53084	2.7761e-005
4313	0.63155	0.	0.58305	3.2052e-005
4314	0.6986	0.	0.57963	2.8898e-005
4315	0.70193	0.	0.47026	3.6917e-005
4316	0.64667	0.	0.48035	4.2561e-005
4320	-0.13034	0.	0.19836	2.1346e-003
4321	-9.2433e-002	0.	0.27662	8.0439e-004
4322	-0.12696	0.	0.25893	9.6701e-004
4323	-6.0684e-002	0.	0.21458	1.5555e-003
4327	-0.89914	0.	0.60485	2.161e-005
4328	-0.99215	0.	0.55338	2.0746e-005
4329	-1.0055	0.	0.67865	1.3636e-005
4330	-0.93765	0.	0.64328	1.5791e-005
4335	-0.27831	0.	0.23296	9.1298e-004
4336	-0.37466	0.	0.17525	6.0839e-004
4337	-0.2957	0.	0.27569	4.7112e-004
4338	-0.35614	0.	0.288	4.146e-004
4339	-0.3964	0.	0.23839	4.4209e-004
4344	-0.5014	0.	0.54816	6.6314e-005
4345	-0.47794	0.	0.65641	4.7727e-005
4346	-0.39496	0.	0.57843	7.0862e-005
4347	-0.41667	0.	0.6422	4.8935e-005
4348	-0.51111	0.	0.60721	5.0302e-005
4352	-6.2068e-002	0.	0.53766	9.2807e-005
4353	2.7969e-002	0.	0.60899	6.0468e-005
4354	-8.4482e-002	0.	0.59353	5.877e-005
4355	-9.1925e-003	0.	0.53103	1.0703e-004
4356	-1.358e-002	0.	0.63229	5.4828e-005
4360	-0.22473	0.	0.82756	1.7261e-005
4361	-0.22444	0.	0.89006	1.21e-005
4362	-0.10487	0.	0.83149	1.3626e-005
4363	-0.16657	0.	0.81184	2.029e-005
4364	-0.10885	0.	0.89359	8.4275e-006
4369	-0.34921	0.	0.79014	2.2869e-005
4370	-0.2913	0.	0.835	1.9366e-005
4371	-0.33408	0.	0.7311	3.0408e-005
4372	-0.23343	0.	0.75678	2.6176e-005
4376	0.47473	0.	0.83446	2.059e-005
4377	0.47591	0.	0.69676	3.252e-005
4378	0.44153	0.	0.76502	2.5707e-005
4379	0.54764	0.	0.7006	2.7474e-005
4380	0.55716	0.	0.83236	1.8879e-005
4386	0.81826	0.	0.31827	4.1472e-005
4387	0.72015	0.	0.19246	6.7116e-005
4388	0.80699	0.	0.19904	4.9897e-005
4389	0.73895	0.	0.34063	4.5432e-005
4390	0.82083	0.	0.25875	4.479e-005
4396	0.22846	0.	0.45466	1.3409e-004
4397	0.27765	0.	0.40347	1.5853e-004
4398	0.18099	0.	0.38338	2.3659e-004
4399	0.16446	0.	0.42279	1.6248e-004
4400	0.23114	0.	0.36231	2.475e-004
4405	-0.93447	0.	0.2977	4.2142e-005
4406	-0.88774	0.	0.42082	3.5401e-005
4407	-0.96685	0.	0.43187	3.0015e-005
4408	-0.98335	0.	0.31123	3.7191e-005
4409	-0.89822	0.	0.34808	4.3545e-005
4410	-0.99426	0.	0.37867	3.3338e-005
4413	5.1447e-002	0.	0.35049	4.1746e-004
4414	1.913e-002	0.	0.43917	1.8872e-004
4415	8.8776e-002	0.	0.3783	2.5261e-004
4416	7.2254e-002	0.	0.41771	1.9795e-004
4417	-1.2752e-002	0.	0.40174	2.2248e-004
4418	1.0905e-002	0.	0.36894	2.9145e-004
4422	0.80576	0.	0.79557	1.1485e-005
4423	0.84176	0.	0.62525	1.7889e-005
4424	0.77815	0.	0.67403	1.8705e-005
4425	0.86821	0.	0.76546	1.0825e-005
4430	-0.86629	0.	0.18151	6.3213e-005
4431	-0.9522	0.	0.16546	4.9299e-005
4432	-0.97524	0.	0.23751	4.4211e-005
4433	-0.89012	0.	0.27436	5.0246e-005
4438	-0.19318	0.	0.20247	2.3352e-003
4439	-0.24131	0.	0.28178	8.0125e-004
4440	-0.18979	0.	0.26304	9.5154e-004
4444	0.49589	0.	0.23551	1.3645e-004
4445	0.60936	0.	0.14169	1.1534e-004
4446	0.55611	0.	0.12341	1.4327e-004
4447	0.47322	0.	0.15462	2.0209e-004
4452	0.27183	0.	0.56977	7.3469e-005
4453	0.21034	0.	0.54666	8.2293e-005
4454	0.28777	0.	0.45047	1.1713e-004
4455	0.17459	0.	0.46979	1.2305e-004
4458	-1.6766e-002	0.	6.7462e-002	2.587e-002
4459	2.9055e-002	0.	8.4268e-002	2.096e-002
4460	-7.2472e-003	0.	5.5775e-002	5.0073e-002
4461	3.2761e-002	0.	5.7418e-002	2.7278e-002
4462	1.5069e-002	0.	4.8085e-002	6.8459e-002
4463	6.8658e-004	0.	9.9641e-002	1.8901e-002
4464	4.7706e-003	0.	5.344e-002	7.9727e-002
4470	-0.25136	0.	0.47978	1.2629e-004
4471	-0.27375	0.	0.38083	2.6707e-004
4472	-0.33419	0.	0.39314	1.9047e-004
4473	-0.31098	0.	0.49966	1.2404e-004
4477	0.24359	0.	0.61477	6.3078e-005
4478	0.37391	0.	0.63547	4.6625e-005
4479	0.33954	0.	0.70374	4.0698e-005
4480	0.2346	0.	0.66861	4.6352e-005
4485	-0.6773	0.	0.71692	2.3935e-005
4486	-0.5586	0.	0.72019	3.0774e-005
4487	-0.64183	0.	0.80639	2.1507e-005
4488	-0.59177	0.	0.67099	3.3771e-005
4491	-0.27353	0.	0.54228	8.7198e-005
4492	-0.15766	0.	0.50824	1.0722e-004
4493	-0.18007	0.	0.56412	7.4774e-005
4497	-0.52704	0.	0.43621	1.1343e-004
4498	-0.44381	0.	0.35995	1.8632e-004
4499	-0.48406	0.	0.31034	2.1712e-004
4500	-0.56443	0.	0.37796	1.1688e-004
4505	-0.14905	0.	0.13034	8.1957e-003
4506	-0.15904	0.	0.22646	2.1028e-003
4511	0.6904	0.	0.89065	1.1142e-005
4512	0.83312	0.	0.89476	7.0834e-006
4513	0.83799	0.	0.84689	8.3018e-006
4517	-0.77081	0.	0.65343	2.3778e-005
4518	-0.80798	0.	0.75767	1.5749e-005
4519	-0.70105	0.	0.80106	1.7985e-005
4520	-0.80932	0.	0.69186	1.765e-005
4525	-0.94502	0.	0.84129	8.1581e-006
4526	-1.0143	0.	0.81085	7.9791e-006
4527	-0.96114	0.	0.90868	5.9578e-006
4531	0.11366	0.	0.89661	1.2948e-005
4532	-3.4041e-003	0.	0.8304	1.3266e-005
4533	9.0957e-002	0.	0.84205	1.6484e-005
4534	-7.3846e-003	0.	0.89251	8.3772e-006
4539	0.1715	0.	0.10788	2.7889e-003
4540	0.26941	0.	0.1179	8.2995e-004
4541	0.2376	0.	0.16359	9.0106e-004
4542	0.19971	0.	0.14702	1.1538e-003
4547	0.11045	0.	0.15553	2.9214e-003
4548	8.263e-002	0.	0.10131	6.862e-003
4549	8.6335e-002	0.	7.4457e-002	1.5117e-002
4550	0.14507	0.	0.14077	2.8101e-003
4556	-0.78613	0.	0.43755	4.7764e-005
4557	-0.819	0.	0.53274	3.1697e-005
4558	-0.91202	0.	0.48127	3.0278e-005
4559	-0.84339	0.	0.39748	4.41e-005
4563	0.86657	0.	0.45342	2.6638e-005
4564	0.80629	0.	0.39283	3.527e-005
4565	0.88817	0.	0.31095	3.4781e-005
4572	-0.43835	0.	0.18677	4.733e-004
4573	-0.47199	0.	0.13051	4.9442e-004
4579	0.28088	0.	0.16736	5.6851e-004
4580	0.36489	0.	0.13318	3.7632e-004
4584	0.3997	0.	0.35288	1.3589e-004
4585	0.49744	0.	0.35348	1.0292e-004
4586	0.43976	0.	0.22558	1.8987e-004
4591	-4.8491e-002	0.	5.4096e-002	4.7779e-002
4592	-5.692e-002	0.	6.3837e-002	3.1246e-002
4593	-3.3722e-002	0.	5.5691e-002	4.9927e-002
4594	-6.0301e-002	0.	7.9017e-002	2.1052e-002
4598	0.78392	0.	0.58515	2.2388e-005
4599	0.78726	0.	0.47578	3.089e-005
4604	0.77621	0.	0.12542	6.5743e-005
4605	0.63611	0.	0.10056	1.1153e-004
4611	0.8769	0.	0.19171	4.3483e-005
4616	0.4072	0.	0.83904	2.1962e-005
4617	0.52283	0.	0.90638	1.4898e-005
4618	0.37527	0.	0.90178	1.6871e-005
4623	-0.58343	0.	0.44339	7.6831e-005
4624	-0.55576	0.	0.56068	5.6781e-005
4627	0.13039	0.	0.6142	6.301e-005
4628	0.17312	0.	0.6455	5.6727e-005
4630	0.40838	0.	0.70134	3.3484e-005
4631	0.51448	0.	0.63692	3.5322e-005
4634	8.6515e-002	0.	0.25646	1.0355e-003
4635	6.971e-002	0.	0.22142	1.2777e-003
4636	0.13867	0.	0.19468	1.3604e-003
4640	0.10631	0.	0.33128	4.3956e-004
4641	5.2176e-002	0.	0.26844	8.7758e-004
4642	2.8439e-002	0.	0.32192	4.5041e-004
4647	-0.73247	0.	0.12282	1.2089e-004
4648	-0.89212	0.	0.12299	6.339e-005
4649	-0.83004	0.	0.23189	6.42e-005
4654	-0.68008	0.	0.39501	7.0701e-005
4655	-0.79661	0.	0.36481	5.5355e-005
4658	-0.31914	0.	0.33682	2.9042e-004
4659	-0.20718	0.	0.30577	5.6479e-004
4663	-0.41984	0.	0.29951	2.4528e-004
4666	0.34207	0.	0.83235	2.2054e-005
4671	-0.45297	0.	0.76296	2.8028e-005
4672	-0.43784	0.	0.70391	3.556e-005
4673	-0.53229	0.	0.66893	3.7185e-005
4676	-0.35486	0.	0.62593	5.9766e-005
4681	-0.34892	0.	0.85264	1.8166e-005
4682	-0.3917	0.	0.74874	2.9558e-005
4683	-0.42658	0.	0.86446	1.9405e-005
4687	-0.12382	0.	0.54996	9.0565e-005
4688	-4.8528e-002	0.	0.48745	1.2541e-004
4689	-8.041e-002	0.	0.45003	1.7275e-004
4693	0.65326	0.	0.63735	2.6975e-005
4697	-0.12113	0.	0.30472	5.6675e-004
4698	-7.301e-002	0.	0.3642	3.1718e-004
4699	-4.9354e-002	0.	0.3314	3.6385e-004
4707	-0.49373	0.	0.19365	2.9114e-004
4712	0.2462	0.	0.90393	1.603e-005
4713	0.15956	0.	0.85821	1.8212e-005
4718	-0.10652	0.	9.2719e-002	1.3466e-002
4719	-0.13457	0.	7.5809e-002	2.4075e-002
4720	-0.15504	0.	7.32e-002	1.8519e-002
4725	-0.36868	0.	0.90932	1.5606e-005
4734	-0.89811	0.	0.54379	2.5418e-005
4735	-0.84361	0.	0.6337	2.1332e-005
4740	-0.94867	0.	0.77331	1.0288e-005
4741	-0.88078	0.	0.73794	1.3021e-005
4742	-0.89556	0.	0.87113	8.7936e-006
4746	0.29046	0.	0.35812	2.371e-004
4747	0.43471	0.	0.39988	1.1248e-004
4752	5.2107e-002	0.	7.4139e-002	1.7182e-002
4753	2.0033e-002	0.	0.11636	7.5279e-003
4759	0.1214	0.	0.66804	4.7312e-005
4760	3.7122e-002	0.	0.66004	4.4295e-005
4763	-0.11357	0.	0.76071	2.1752e-005
4764	-2.815e-002	0.	0.73185	2.8049e-005
4765	-5.5853e-002	0.	0.84246	1.1818e-005
4771	-0.16075	0.	0.67345	4.2496e-005
4772	-8.9849e-002	0.	0.71221	3.0821e-005
4777	-1.0185	0.	0.43913	2.8066e-005
4781	-7.533e-002	0.	0.64459	4.516e-005
4785	6.1323e-003	0.	0.21586	1.6409e-003
4786	-1.5721e-002	0.	0.16503	4.1622e-003
4799	-0.59304	0.	0.122	2.3836e-004
4807	0.89558	0.	0.86464	6.1368e-006
4811	0.67171	0.	0.42528	4.5213e-005
4814	0.15049	0.	0.75149	3.0996e-005
4819	5.7471e-002	0.	0.45937	1.3987e-004
4820	-2.7534e-002	0.	0.44341	1.8517e-004
4827	-6.217e-002	0.	5.0556e-002	5.2476e-002
4828	-3.8972e-002	0.	4.241e-002	6.441e-002
4829	-6.7932e-002	0.	4.1093e-002	6.8209e-002
4836	-7.3981e-002	0.	7.5477e-002	2.7901e-002
4837	-7.6362e-002	0.	5.0834e-002	5.6966e-002
4841	-0.95001	0.	0.7075	1.2735e-005
4846	0.12712	0.	0.39851	2.2347e-004
4847	0.19379	0.	0.33803	3.0579e-004
4857	-0.12708	0.	3.643e-002	0.11513
4858	-9.8223e-002	0.	4.2474e-002	8.1595e-002
4859	-0.1239	0.	5.0206e-002	6.886e-002
4864	-1.2185e-002	0.	4.1669e-002	9.6766e-002
4871	3.8121e-002	0.	3.7957e-002	6.7846e-002
4878	1.0131e-002	0.	3.3979e-002	0.10955
4884	-0.13665	0.	4.306e-002	8.9042e-002
4885	-0.15713	0.	4.0451e-002	8.7542e-002
4893	0.24651	0.	0.265	4.8939e-004
4894	0.21118	0.	0.19647	9.3224e-004
4922	-1.0011	0.	0.17899	4.4567e-005
4926	-3.576e-002	0.	0.37318	2.8613e-004
4948	-1.035	0.	0.31849	3.5499e-005
4957	0.57444	0.	0.41793	6.4193e-005
4982	-0.15394	0.	5.4227e-002	3.0073e-002
