Node Number	X Location (m)	Y Location (m)	Z Location (m)	Total Magnetic Flux Density (T)
13	-0.2	0.	2.5e-002	0.96903
14	-0.18182	0.	2.5e-002	1.509
15	-0.16364	0.	2.5e-002	2.1035
16	-0.14545	0.	2.5e-002	2.3561
17	-0.12727	0.	2.5e-002	2.5001
18	-0.10909	0.	2.5e-002	2.5428
19	-9.0909e-002	0.	2.5e-002	2.5356
20	-7.2727e-002	0.	2.5e-002	2.4979
21	-5.4545e-002	0.	2.5e-002	2.3471
22	-3.6364e-002	0.	2.5e-002	2.1493
23	0.	0.	2.5e-002	0.97869
24	-1.8182e-002	0.	2.5e-002	1.384
95	-1.8182e-002	0.	-2.5e-002	1.3869
96	0.	0.	-2.5e-002	0.94307
97	-3.6364e-002	0.	-2.5e-002	2.2195
98	-5.4545e-002	0.	-2.5e-002	2.3653
99	-7.2727e-002	0.	-2.5e-002	2.4976
100	-9.0909e-002	0.	-2.5e-002	2.5394
101	-0.10909	0.	-2.5e-002	2.5438
102	-0.12727	0.	-2.5e-002	2.4998
103	-0.14545	0.	-2.5e-002	2.3722
104	-0.16364	0.	-2.5e-002	2.15
105	-0.18182	0.	-2.5e-002	1.4236
106	-0.2	0.	-2.5e-002	1.0122
457	0.	0.	0.	0.8488
458	-0.2	0.	0.	0.83393
900	-2.7273e-002	0.	0.	1.857
901	-6.3636e-002	0.	0.	2.4439
902	-0.1074	0.	4.3368e-019	2.5367
903	-0.14411	0.	0.	2.4034
904	-0.17273	0.	0.	1.825
2073	-0.19091	0.	2.5e-002	1.2182
2075	-0.2	0.	1.25e-002	0.86559
2081	-0.17273	0.	2.5e-002	1.8021
2083	-0.19091	0.	1.25e-002	1.1624
2084	-0.17727	0.	1.25e-002	1.6546
2088	-0.15455	0.	2.5e-002	2.2292
2090	-0.15387	0.	1.25e-002	2.2512
2091	-0.16818	0.	1.25e-002	1.9598
2095	-0.13636	0.	2.5e-002	2.4275
2097	-0.14478	0.	1.25e-002	2.3792
2099	-0.11818	0.	2.5e-002	2.5214
2101	-0.11734	0.	1.25e-002	2.5183
2102	-0.13569	0.	1.25e-002	2.4517
2104	-0.1	0.	2.5e-002	2.5392
2106	-0.10825	0.	1.25e-002	2.5398
2109	-8.1818e-002	0.	2.5e-002	2.5167
2111	-7.7273e-002	0.	1.25e-002	2.4897
2112	-9.9155e-002	0.	1.25e-002	2.5361
2116	-6.3636e-002	0.	2.5e-002	2.4224
2118	-6.8182e-002	0.	1.25e-002	2.4707
2120	-4.5455e-002	0.	2.5e-002	2.2479
2122	-5.9091e-002	0.	1.25e-002	2.3949
2124	-2.7273e-002	0.	2.5e-002	1.7545
2126	-3.1818e-002	0.	1.25e-002	2.002
2127	-5.e-002	0.	1.25e-002	2.295
2129	-9.0909e-003	0.	2.5e-002	1.1677
2131	0.	0.	1.25e-002	0.87419
2138	-9.0909e-003	0.	1.25e-002	1.1018
2139	-2.2727e-002	0.	1.25e-002	1.603
2536	-9.0909e-003	0.	-2.5e-002	1.1492
2537	-2.7273e-002	0.	-2.5e-002	1.7962
2539	-9.0909e-003	0.	-1.25e-002	1.1021
2540	-2.2727e-002	0.	-1.25e-002	1.6059
2545	0.	0.	-1.25e-002	0.8511
2550	-4.5455e-002	0.	-2.5e-002	2.2914
2552	-3.1818e-002	0.	-1.25e-002	2.0354
2553	-5.e-002	0.	-1.25e-002	2.3292
2556	-6.3636e-002	0.	-2.5e-002	2.4311
2558	-5.9091e-002	0.	-1.25e-002	2.4042
2560	-8.1818e-002	0.	-2.5e-002	2.5185
2562	-6.8182e-002	0.	-1.25e-002	2.4707
2564	-0.1	0.	-2.5e-002	2.5416
2566	-7.7273e-002	0.	-1.25e-002	2.4916
2567	-9.9155e-002	0.	-1.25e-002	2.538
2570	-0.11818	0.	-2.5e-002	2.5218
2572	-0.10825	0.	-1.25e-002	2.5402
2575	-0.13636	0.	-2.5e-002	2.4358
2577	-0.11734	0.	-1.25e-002	2.5182
2578	-0.13569	0.	-1.25e-002	2.4514
2581	-0.15455	0.	-2.5e-002	2.2607
2583	-0.14478	0.	-1.25e-002	2.3872
2586	-0.17273	0.	-2.5e-002	1.7769
2588	-0.15387	0.	-1.25e-002	2.2747
2589	-0.16818	0.	-1.25e-002	1.9857
2591	-0.19091	0.	-2.5e-002	1.2039
2593	-0.19091	0.	-1.25e-002	1.1112
2594	-0.17727	0.	-1.25e-002	1.6104
2598	-0.2	0.	-1.25e-002	0.88085
4727	-1.3636e-002	0.	0.	1.348
4736	-0.18636	0.	0.	1.325
7702	-4.5455e-002	0.	0.	2.1501
7708	-8.5518e-002	0.	2.1684e-019	2.4902
7716	-0.12575	0.	2.1684e-019	2.47
7724	-0.15842	0.	0.	2.113
1	0.	0.	3.75e-002	0.45992
2	-1.8182e-002	0.	3.75e-002	0.36111
3	-3.6364e-002	0.	3.75e-002	0.22564
4	-5.4545e-002	0.	3.75e-002	0.12941
5	-7.2727e-002	0.	3.75e-002	6.115e-002
6	-9.0909e-002	0.	3.75e-002	2.4081e-002
7	-0.10909	0.	3.75e-002	2.3449e-002
8	-0.12727	0.	3.75e-002	6.0749e-002
9	-0.14545	0.	3.75e-002	0.12848
10	-0.16364	0.	3.75e-002	0.22404
11	-0.18182	0.	3.75e-002	0.35765
12	-0.2	0.	3.75e-002	0.4533
13	-0.2	0.	2.5e-002	0.4533
14	-0.18182	0.	2.5e-002	0.35765
15	-0.16364	0.	2.5e-002	0.22404
16	-0.14545	0.	2.5e-002	0.12848
17	-0.12727	0.	2.5e-002	6.0749e-002
18	-0.10909	0.	2.5e-002	2.3449e-002
19	-9.0909e-002	0.	2.5e-002	2.4081e-002
20	-7.2727e-002	0.	2.5e-002	6.115e-002
21	-5.4545e-002	0.	2.5e-002	0.12941
22	-3.6364e-002	0.	2.5e-002	0.22564
23	0.	0.	2.5e-002	0.45992
24	-1.8182e-002	0.	2.5e-002	0.36111
95	-1.8182e-002	0.	-2.5e-002	0.35715
96	0.	0.	-2.5e-002	0.44833
97	-3.6364e-002	0.	-2.5e-002	0.22738
98	-5.4545e-002	0.	-2.5e-002	0.12965
99	-7.2727e-002	0.	-2.5e-002	6.2067e-002
100	-9.0909e-002	0.	-2.5e-002	2.3966e-002
101	-0.10909	0.	-2.5e-002	2.3467e-002
102	-0.12727	0.	-2.5e-002	6.0196e-002
103	-0.14545	0.	-2.5e-002	0.12868
104	-0.16364	0.	-2.5e-002	0.22233
105	-0.18182	0.	-2.5e-002	0.35633
106	-0.2	0.	-2.5e-002	0.45612
199	-0.18182	0.	-3.75e-002	0.35633
200	-0.2	0.	-3.75e-002	0.45612
201	-0.16364	0.	-3.75e-002	0.22233
202	-0.14545	0.	-3.75e-002	0.12868
203	-0.12727	0.	-3.75e-002	6.0196e-002
204	-0.10909	0.	-3.75e-002	2.3467e-002
205	-9.0909e-002	0.	-3.75e-002	2.3966e-002
206	-7.2727e-002	0.	-3.75e-002	6.2067e-002
207	-5.4545e-002	0.	-3.75e-002	0.12965
208	-3.6364e-002	0.	-3.75e-002	0.22738
209	-1.8182e-002	0.	-3.75e-002	0.35715
210	0.	0.	-3.75e-002	0.44833
1999	-9.0909e-003	0.	3.75e-002	0.40921
2000	0.	0.	3.125e-002	0.45992
2007	-2.7273e-002	0.	3.75e-002	0.28975
2008	-1.8182e-002	0.	3.125e-002	0.36111
2014	-4.5455e-002	0.	3.75e-002	0.17702
2015	-3.6364e-002	0.	3.125e-002	0.22564
2022	-6.3636e-002	0.	3.75e-002	9.4981e-002
2023	-5.4545e-002	0.	3.125e-002	0.12941
2027	-8.1818e-002	0.	3.75e-002	4.2181e-002
2028	-7.2727e-002	0.	3.125e-002	6.115e-002
2033	-0.1	0.	3.75e-002	1.9179e-002
2034	-9.0909e-002	0.	3.125e-002	2.4081e-002
2038	-0.11818	0.	3.75e-002	4.1682e-002
2039	-0.10909	0.	3.125e-002	2.3449e-002
2045	-0.13636	0.	3.75e-002	9.4362e-002
2046	-0.12727	0.	3.125e-002	6.0749e-002
2050	-0.15455	0.	3.75e-002	0.17573
2051	-0.14545	0.	3.125e-002	0.12848
2055	-0.17273	0.	3.75e-002	0.28738
2056	-0.16364	0.	3.125e-002	0.22404
2060	-0.19091	0.	3.75e-002	0.40425
2061	-0.18182	0.	3.125e-002	0.35765
2066	-0.2	0.	3.125e-002	0.4533
2073	-0.19091	0.	2.5e-002	0.40425
2081	-0.17273	0.	2.5e-002	0.28738
2088	-0.15455	0.	2.5e-002	0.17573
2095	-0.13636	0.	2.5e-002	9.4362e-002
2099	-0.11818	0.	2.5e-002	4.1682e-002
2104	-0.1	0.	2.5e-002	1.9179e-002
2109	-8.1818e-002	0.	2.5e-002	4.2181e-002
2116	-6.3636e-002	0.	2.5e-002	9.4981e-002
2120	-4.5455e-002	0.	2.5e-002	0.17702
2124	-2.7273e-002	0.	2.5e-002	0.28975
2129	-9.0909e-003	0.	2.5e-002	0.40921
2536	-9.0909e-003	0.	-2.5e-002	0.40139
2537	-2.7273e-002	0.	-2.5e-002	0.2888
2538	-1.8182e-002	0.	-3.125e-002	0.35715
2544	0.	0.	-3.125e-002	0.44833
2550	-4.5455e-002	0.	-2.5e-002	0.17802
2551	-3.6364e-002	0.	-3.125e-002	0.22738
2556	-6.3636e-002	0.	-2.5e-002	9.5575e-002
2557	-5.4545e-002	0.	-3.125e-002	0.12965
2560	-8.1818e-002	0.	-2.5e-002	4.2629e-002
2561	-7.2727e-002	0.	-3.125e-002	6.2067e-002
2564	-0.1	0.	-2.5e-002	1.8966e-002
2565	-9.0909e-002	0.	-3.125e-002	2.3966e-002
2570	-0.11818	0.	-2.5e-002	4.1428e-002
2571	-0.10909	0.	-3.125e-002	2.3467e-002
2575	-0.13636	0.	-2.5e-002	9.417e-002
2576	-0.12727	0.	-3.125e-002	6.0196e-002
2581	-0.15455	0.	-2.5e-002	0.175
2582	-0.14545	0.	-3.125e-002	0.12868
2586	-0.17273	0.	-2.5e-002	0.28567
2587	-0.16364	0.	-3.125e-002	0.22233
2591	-0.19091	0.	-2.5e-002	0.40497
2592	-0.18182	0.	-3.125e-002	0.35633
2597	-0.2	0.	-3.125e-002	0.45612
3188	-0.19091	0.	-3.75e-002	0.40497
3189	-0.17273	0.	-3.75e-002	0.28567
3201	-0.15455	0.	-3.75e-002	0.175
3205	-0.13636	0.	-3.75e-002	9.417e-002
3208	-0.11818	0.	-3.75e-002	4.1428e-002
3216	-0.1	0.	-3.75e-002	1.8966e-002
3220	-8.1818e-002	0.	-3.75e-002	4.2629e-002
3225	-6.3636e-002	0.	-3.75e-002	9.5575e-002
3229	-4.5455e-002	0.	-3.75e-002	0.17802
3233	-2.7273e-002	0.	-3.75e-002	0.2888
3237	-9.0909e-003	0.	-3.75e-002	0.40139
96	0.	0.	-2.5e-002	0.3413
106	-0.2	0.	-2.5e-002	0.36035
199	-0.18182	0.	-3.75e-002	0.19692
200	-0.2	0.	-3.75e-002	0.23456
201	-0.16364	0.	-3.75e-002	0.18444
202	-0.14545	0.	-3.75e-002	0.13305
203	-0.12727	0.	-3.75e-002	9.8103e-002
204	-0.10909	0.	-3.75e-002	8.6039e-002
205	-9.0909e-002	0.	-3.75e-002	8.6701e-002
206	-7.2727e-002	0.	-3.75e-002	0.10046
207	-5.4545e-002	0.	-3.75e-002	0.12242
208	-3.6364e-002	0.	-3.75e-002	0.17507
209	-1.8182e-002	0.	-3.75e-002	0.22197
210	0.	0.	-3.75e-002	0.2344
281	1.	0.	-9.4318e-002	1.6908e-004
282	1.	0.	-0.18864	1.5522e-004
283	1.	0.	-0.28295	1.3412e-004
284	1.	0.	-0.37727	1.1504e-004
285	1.	0.	-0.47159	9.9767e-005
286	1.	0.	-0.56591	6.888e-005
287	1.	0.	-0.66023	5.1996e-005
288	1.	0.	-0.75455	3.9168e-005
289	1.	0.	-0.84886	2.4363e-005
290	1.	0.	-0.94318	1.2425e-005
301	0.90435	0.	-1.0375	1.3691e-005
302	0.8087	0.	-1.0375	2.6659e-005
303	0.71304	0.	-1.0375	3.4309e-005
304	0.61739	0.	-1.0375	4.7012e-005
305	0.52174	0.	-1.0375	5.5262e-005
306	0.42609	0.	-1.0375	6.3237e-005
307	0.33043	0.	-1.0375	6.1615e-005
308	0.23478	0.	-1.0375	6.0544e-005
309	0.13913	0.	-1.0375	4.7405e-005
310	4.3478e-002	0.	-1.0375	3.4892e-005
311	-5.2174e-002	0.	-1.0375	1.8399e-005
312	-0.14783	0.	-1.0375	1.7846e-005
313	-0.24348	0.	-1.0375	3.8037e-005
314	-0.33913	0.	-1.0375	5.0107e-005
315	-0.43478	0.	-1.0375	6.1711e-005
316	-0.53043	0.	-1.0375	6.4596e-005
317	-0.62609	0.	-1.0375	6.2114e-005
318	-0.72174	0.	-1.0375	5.257e-005
319	-0.81739	0.	-1.0375	4.5899e-005
320	-0.91304	0.	-1.0375	3.5221e-005
321	-1.0087	0.	-1.0375	2.4229e-005
322	-1.1043	0.	-1.0375	1.3098e-005
328	-1.2	0.	-0.94318	1.1462e-005
329	-1.2	0.	-0.84886	2.538e-005
330	-1.2	0.	-0.75455	3.9337e-005
331	-1.2	0.	-0.66023	5.5406e-005
332	-1.2	0.	-0.56591	7.0895e-005
333	-1.2	0.	-0.47159	9.6e-005
334	-1.2	0.	-0.37727	1.1572e-004
335	-1.2	0.	-0.28295	1.3573e-004
336	-1.2	0.	-0.18864	1.5376e-004
337	-1.2	0.	-9.4318e-002	1.6607e-004
343	9.0909e-002	0.	0.	4.1334e-002
344	0.18182	0.	0.	9.1253e-003
345	0.27273	0.	0.	3.0706e-003
346	0.36364	0.	0.	1.4792e-003
347	0.45455	0.	0.	8.9873e-004
348	0.54545	0.	0.	5.7552e-004
349	0.63636	0.	0.	3.9178e-004
350	0.72727	0.	0.	2.9625e-004
351	0.81818	0.	0.	2.21e-004
352	0.90909	0.	0.	1.7832e-004
353	-1.1091	0.	0.	1.8031e-004
354	-1.0182	0.	0.	2.091e-004
355	-0.92727	0.	0.	2.956e-004
356	-0.83636	0.	0.	3.7081e-004
357	-0.74545	0.	0.	5.4202e-004
358	-0.65455	0.	0.	8.542e-004
359	-0.56364	0.	0.	1.6227e-003
360	-0.47273	0.	0.	3.3354e-003
361	-0.38182	0.	0.	9.3459e-003
362	-0.29091	0.	0.	2.9454e-002
457	0.	0.	0.	0.51259
458	-0.2	0.	0.	0.5075
463	1.	0.	-1.0375	6.4137e-006
464	1.	0.	0.	1.6931e-004
465	-1.2	0.	-1.0375	5.9528e-006
466	-1.2	0.	0.	1.6841e-004
471	4.5455e-002	0.	0.	0.14921
472	-0.24545	0.	0.	0.15731
645	7.8261e-002	0.	-0.37083	1.4427e-003
646	-6.6966e-002	0.	-0.20082	7.5398e-003
647	-0.18551	0.	-0.48194	5.4508e-004
648	-0.19713	0.	-0.26359	3.5486e-003
649	-0.68518	0.	-0.513	2.2307e-004
650	0.53913	0.	-0.46837	2.3175e-004
651	0.13895	0.	-0.69688	1.7485e-004
652	-0.46073	0.	-0.39684	8.2699e-004
653	-0.31014	0.	-0.75972	1.0392e-004
654	-0.18848	0.	-0.14734	1.5378e-002
655	-2.7281e-002	0.	-0.1142	3.298e-002
656	0.63471	0.	-0.77042	6.6626e-005
657	-0.78845	0.	-0.26897	3.7367e-004
658	-0.31135	0.	-0.29429	2.1573e-003
659	0.3125	0.	-0.41033	5.727e-004
660	-0.96425	0.	-0.64252	8.0019e-005
661	4.4021e-002	0.	-0.27763	2.8093e-003
662	-0.16538	0.	-0.74175	1.2872e-004
663	-7.1607e-002	0.	-0.56903	2.8159e-004
664	-0.66295	0.	-0.67226	1.2177e-004
665	0.58435	0.	-0.34653	2.8734e-004
666	0.34709	0.	-0.71035	1.5364e-004
667	0.20878	0.	-0.10643	4.8273e-003
668	0.13213	0.	-5.757e-002	1.7036e-002
669	-0.14033	0.	-7.1211e-002	6.9287e-002
670	-0.11288	0.	-0.12183	2.3431e-002
671	0.69275	0.	-0.50088	1.4837e-004
672	-0.10966	0.	-0.41713	8.6345e-004
673	-0.4054	0.	-0.5014	4.7308e-004
674	0.34482	0.	-0.27366	9.1858e-004
675	-0.50206	0.	-0.26899	1.3785e-003
676	0.10829	0.	-0.46703	5.701e-004
677	0.80092	0.	-0.25044	1.8436e-004
678	-0.89472	0.	-0.83091	5.3131e-005
679	-8.8307e-002	0.	-0.32217	2.0164e-003
680	-1.0086	0.	-0.34157	1.5461e-004
681	-0.20334	0.	-9.0652e-002	5.6508e-002
682	4.5963e-003	0.	-0.1975	7.6528e-003
683	-0.49519	0.	-0.71835	1.2329e-004
684	7.4535e-002	0.	-5.7072e-002	3.8424e-002
685	-0.31557	0.	-0.13496	1.0194e-002
686	-0.24783	0.	-0.62083	2.1671e-004
687	-7.7577e-002	0.	-0.92007	2.5869e-005
688	-9.2571e-002	0.	-7.7623e-002	5.1416e-002
689	-0.84888	0.	-0.42177	2.1201e-004
690	0.80286	0.	-0.81062	3.8305e-005
691	-0.5879	0.	-0.39257	5.0859e-004
692	0.24475	0.	-0.5703	2.9569e-004
693	-0.24422	0.	-0.38855	1.1008e-003
694	-1.7141e-002	0.	-0.7167	1.5101e-004
695	-0.64629	0.	-0.27743	5.9255e-004
696	0.17691	0.	-0.92481	5.9522e-005
697	-1.2186e-002	0.	-6.6768e-002	0.10384
698	0.42609	0.	-0.5944	2.0988e-004
699	0.54002	0.	-0.11479	5.7111e-004
700	-0.52448	0.	-0.902	7.1934e-005
701	0.37851	0.	-0.85884	8.3948e-005
702	0.87057	0.	-0.57514	7.6319e-005
703	-0.13281	0.	-0.18979	9.4407e-003
704	-0.19903	0.	-0.88935	4.9061e-005
705	5.2191e-002	0.	-0.61795	2.6002e-004
706	3.5523e-002	0.	-0.14065	1.5877e-002
707	8.409e-002	0.	-0.20671	5.1487e-003
708	-0.53264	0.	-0.51063	3.3716e-004
709	-0.97477	0.	-0.12042	2.4464e-004
710	0.82365	0.	-0.4155	1.2868e-004
711	-2.657e-003	0.	-0.44954	7.4369e-004
712	-0.72005	0.	-0.86041	6.8801e-005
713	-1.0365	0.	-0.81609	3.6552e-005
714	0.46957	0.	-0.73668	1.1215e-004
715	-0.96787	0.	-0.50083	1.2827e-004
716	-0.36018	0.	-0.9182	6.2301e-005
717	-0.39069	0.	-0.20602	3.9484e-003
718	0.44576	0.	-0.3577	4.408e-004
719	0.18624	0.	-0.38019	8.5701e-004
720	0.35674	0.	-0.1212	1.4677e-003
721	-0.37085	0.	-0.63276	2.4206e-004
722	-0.48816	0.	-0.1365	2.1824e-003
723	0.5166	0.	-0.89991	6.0816e-005
724	-5.3894e-002	0.	-7.8395e-002	6.0978e-002
725	0.58261	0.	-0.61065	1.2128e-004
726	-0.249	0.	-0.19742	6.4439e-003
727	-0.10341	0.	-0.24769	4.1013e-003
728	-0.1689	0.	-0.34336	1.4632e-003
729	-0.69599	0.	-0.13079	7.1081e-004
730	0.69023	0.	-0.90764	4.3051e-005
731	0.65305	0.	-0.22191	2.9497e-004
732	-0.2883	0.	-0.50869	5.1702e-004
733	-9.3006e-002	0.	-0.15842	1.3424e-002
734	-3.5024e-003	0.	-0.34074	1.537e-003
735	-0.1553	0.	-0.1054	3.8062e-002
736	-0.81957	0.	-0.58158	1.2362e-004
737	-0.71408	0.	-0.38733	3.4154e-004
738	-8.3154e-002	0.	-9.8071e-002	3.4171e-002
739	0.87494	0.	-0.12208	1.852e-004
740	0.73623	0.	-0.66675	8.0246e-005
741	9.5723e-002	0.	-0.8168	7.8542e-005
742	-3.5595e-002	0.	-0.26443	3.7157e-003
743	-0.83827	0.	-0.11847	3.6287e-004
744	0.25725	0.	-0.21974	2.1942e-003
745	-0.34986	0.	-0.40032	1.1482e-003
746	-0.83456	0.	-0.72348	7.7923e-005
747	-0.11304	0.	-0.64861	2.0017e-004
748	-1.1025	0.	-0.57104	7.4627e-005
749	4.5441e-002	0.	-0.93701	4.0063e-005
750	-0.23267	0.	-5.1781e-002	9.9406e-002
751	-0.24366	0.	-0.11833	2.2876e-002
752	0.84945	0.	-0.93947	2.242e-005
753	-0.14928	0.	-0.56528	3.2746e-004
754	0.69678	0.	-0.35856	2.0225e-004
755	-0.17115	0.	-6.58e-002	0.11114
756	-1.0878	0.	-0.42835	1.1527e-004
757	-1.0726	0.	-0.91698	2.1528e-005
758	-1.0891	0.	-0.10938	1.7602e-004
759	-0.40294	0.	-0.31329	1.6141e-003
760	2.6147e-002	0.	-4.6989e-002	0.13377
761	0.41515	0.	-0.47383	3.1126e-004
762	0.33109	0.	-0.52305	3.3477e-004
763	-0.5339	0.	-0.61886	2.263e-004
764	-0.39828	0.	-8.7807e-002	4.9571e-003
765	-0.18604	0.	-0.20353	7.0051e-003
766	0.90652	0.	-0.73056	4.0867e-005
767	0.14263	0.	-0.5821	2.8238e-004
768	-4.5436e-002	0.	-0.15783	1.4612e-002
769	-0.28271	0.	-7.3576e-002	2.8801e-002
770	-0.19941	0.	-6.0778e-002	0.13869
771	2.5e-002	0.	-0.52593	4.1579e-004
772	-0.23146	0.	-0.31198	2.259e-003
773	-0.4196	0.	-0.8087	1.0896e-004
774	0.1624	0.	-0.20597	4.4073e-003
775	0.25975	0.	-0.3141	1.3504e-003
776	-0.13633	0.	-0.1435	1.7639e-002
777	0.91182	0.	-0.34923	1.2588e-004
778	-0.14075	0.	-0.28452	3.0705e-003
779	0.31472	0.	-0.61361	2.2297e-004
780	-0.15039	0.	-5.2669e-002	0.11628
781	-7.8649e-002	0.	-5.7603e-002	8.2127e-002
782	0.11327	0.	-0.28556	2.1025e-003
783	0.7181	0.	-0.10371	2.8326e-004
784	0.21304	0.	-0.47855	4.2611e-004
785	0.10459	0.	-0.12435	1.3051e-002
786	-7.8942e-002	0.	-0.12978	2.0272e-002
787	-8.3681e-002	0.	-0.49897	4.7583e-004
788	-0.11673	0.	-7.2236e-002	6.0916e-002
789	-1.062	0.	-0.22534	1.8573e-004
790	0.2393	0.	-0.66295	1.8682e-004
791	-4.5129e-002	0.	-5.7948e-002	0.11963
792	3.4087e-002	0.	-8.8889e-002	4.0518e-002
793	0.9116	0.	-0.23201	1.5181e-004
794	0.52834	0.	-0.25362	4.923e-004
795	-1.1003	0.	-0.72489	4.7377e-005
796	-0.96282	0.	-0.74849	5.4521e-005
797	0.30251	0.	-0.94303	6.6934e-005
798	-9.422e-002	0.	-0.82056	7.212e-005
799	-0.83898	0.	-0.95378	4.8319e-005
800	-0.96114	0.	-0.92746	3.5718e-005
801	-0.92016	0.	-0.24942	2.313e-004
802	0.24129	0.	-0.79706	1.0597e-004
803	-0.10314	0.	-5.679e-002	7.0036e-002
804	-0.57948	0.	-7.6891e-002	1.4743e-003
805	-0.5857	0.	-0.17928	1.0038e-003
806	-0.12113	0.	-9.366e-002	3.8509e-002
807	-0.33291	0.	-5.8359e-002	1.2541e-002
2544	0.	0.	-3.125e-002	0.27406
2545	0.	0.	-1.25e-002	0.42213
2546	2.2727e-002	0.	-1.25e-002	0.24324
2547	1.3074e-002	0.	-3.5995e-002	0.23451
2597	-0.2	0.	-3.125e-002	0.2877
2598	-0.2	0.	-1.25e-002	0.42756
2599	-0.22273	0.	-1.25e-002	0.25545
2600	-0.21634	0.	-3.839e-002	0.22821
3188	-0.19091	0.	-3.75e-002	0.20726
3189	-0.17273	0.	-3.75e-002	0.18873
3190	-0.17648	0.	-5.165e-002	0.15252
3191	-0.19061	0.	-4.9139e-002	0.16607
3196	-0.21634	0.	-4.464e-002	0.166
3197	-0.1997	0.	-4.9139e-002	0.18479
3201	-0.15455	0.	-3.75e-002	0.15411
3202	-0.16739	0.	-5.165e-002	0.14778
3203	-0.15701	0.	-4.5085e-002	0.14709
3205	-0.13636	0.	-3.75e-002	0.11496
3206	-0.14792	0.	-4.5085e-002	0.12459
3208	-0.11818	0.	-3.75e-002	9.0517e-002
3209	-0.1338	0.	-5.4356e-002	8.3445e-002
3210	-0.13883	0.	-4.5085e-002	0.1062
3211	-0.122	0.	-5.4868e-002	7.9176e-002
3212	-0.11521	0.	-4.7145e-002	8.2211e-002
3216	-0.1	0.	-3.75e-002	8.54e-002
3217	-0.10612	0.	-4.7145e-002	7.8001e-002
3220	-8.1818e-002	0.	-3.75e-002	9.2741e-002
3221	-8.4779e-002	0.	-4.7551e-002	8.3932e-002
3222	-9.7026e-002	0.	-4.7145e-002	7.7811e-002
3225	-6.3636e-002	0.	-3.75e-002	0.11044
3226	-7.5688e-002	0.	-4.7551e-002	9.1258e-002
3229	-4.5455e-002	0.	-3.75e-002	0.14489
3230	-6.6597e-002	0.	-4.7551e-002	0.10097
3231	-4.9837e-002	0.	-4.7724e-002	0.12037
3233	-2.7273e-002	0.	-3.75e-002	0.19732
3234	-2.4275e-002	0.	-5.2134e-002	0.13792
3235	-4.0746e-002	0.	-4.7724e-002	0.14611
3237	-9.0909e-003	0.	-3.75e-002	0.21825
3238	-1.5184e-002	0.	-5.2134e-002	0.1627
3241	-6.0931e-003	0.	-5.2134e-002	0.16481
3242	1.3074e-002	0.	-4.2245e-002	0.18231
3694	1.	0.	-0.14148	1.6214e-004
3696	0.95455	0.	-4.7159e-002	1.7369e-004
3697	1.	0.	-4.7159e-002	1.6918e-004
3698	0.93747	0.	-0.1082	1.7705e-004
3702	1.	0.	-0.2358	1.4464e-004
3703	0.93747	0.	-0.15536	1.7017e-004
3704	0.9558	0.	-0.21033	1.5346e-004
3708	1.	0.	-0.33011	1.2457e-004
3709	0.95591	0.	-0.31609	1.2995e-004
3710	0.9558	0.	-0.25748	1.4296e-004
3714	1.	0.	-0.42443	1.0737e-004
3715	0.95591	0.	-0.36325	1.2038e-004
3717	1.	0.	-0.51875	8.4316e-005
3718	0.93528	0.	-0.52337	8.772e-005
3719	0.91182	0.	-0.44354	1.1354e-004
3720	0.95591	0.	-0.41041	1.1281e-004
3724	1.	0.	-0.61307	6.0435e-005
3725	0.93528	0.	-0.57053	7.2401e-005
3729	1.	0.	-0.70739	4.5578e-005
3730	0.93528	0.	-0.61769	6.3968e-005
3731	0.95326	0.	-0.6954	4.6235e-005
3733	1.	0.	-0.8017	3.164e-005
3734	0.95326	0.	-0.74255	3.9878e-005
3737	1.	0.	-0.89602	1.8294e-005
3738	0.90143	0.	-0.82974	3.0513e-005
3739	0.92472	0.	-0.89417	2.1882e-005
3740	0.95326	0.	-0.78971	3.2614e-005
3745	0.95217	0.	-0.99034	1.2591e-005
3746	1.	0.	-0.99034	9.3526e-006
3747	0.92472	0.	-0.94133	1.6898e-005
3814	0.85652	0.	-1.0375	1.9986e-005
3815	0.95217	0.	-1.0375	9.9608e-006
3816	0.8769	0.	-0.98849	1.8054e-005
3820	0.76087	0.	-1.0375	3.0471e-005
3821	0.74946	0.	-0.97257	3.4774e-005
3822	0.82907	0.	-0.98849	2.4243e-005
3825	0.66522	0.	-1.0375	4.0646e-005
3826	0.70164	0.	-0.97257	3.8518e-005
3831	0.56957	0.	-1.0375	5.1127e-005
3832	0.567	0.	-0.96871	5.3844e-005
3833	0.65381	0.	-0.97257	4.4714e-005
3835	0.47391	0.	-1.0375	5.9241e-005
3836	0.51917	0.	-0.96871	5.7925e-005
3841	0.37826	0.	-1.0375	6.2403e-005
3842	0.4023	0.	-0.94817	7.3556e-005
3843	0.47134	0.	-0.96871	6.1839e-005
3844	0.3643	0.	-0.99026	6.5044e-005
3847	0.28261	0.	-1.0375	6.1035e-005
3848	0.31647	0.	-0.99026	6.427e-005
3851	0.18696	0.	-1.0375	5.3958e-005
3852	0.20585	0.	-0.98115	5.9891e-005
3853	0.26865	0.	-0.99026	6.3714e-005
3857	9.1304e-002	0.	-1.0375	4.1008e-005
3858	0.15802	0.	-0.98115	5.3403e-005
3859	9.2286e-002	0.	-0.98725	4.3375e-005
3861	-4.3478e-003	0.	-1.0375	2.6123e-005
3862	4.446e-002	0.	-0.98725	3.7438e-005
3866	-0.1	0.	-1.0375	1.1442e-005
3867	-6.4876e-002	0.	-0.97878	2.1106e-005
3868	-3.3665e-003	0.	-0.98725	2.8874e-005
3872	-0.19565	0.	-1.0375	2.7526e-005
3873	-0.1127	0.	-0.97878	1.8433e-005
3874	-0.17343	0.	-0.96343	3.3315e-005
3876	-0.2913	0.	-1.0375	4.3957e-005
3877	-0.22126	0.	-0.96343	4.1814e-005
3878	-0.30183	0.	-0.97785	5.0139e-005
3882	-0.38696	0.	-1.0375	5.5817e-005
3883	-0.34965	0.	-0.97785	5.6161e-005
3887	-0.48261	0.	-1.0375	6.3134e-005
3888	-0.47963	0.	-0.96975	6.6821e-005
3889	-0.39748	0.	-0.97785	6.1715e-005
3891	-0.57826	0.	-1.0375	6.3324e-005
3892	-0.52746	0.	-0.96975	6.8254e-005
3896	-0.67391	0.	-1.0375	5.7332e-005
3897	-0.57528	0.	-0.96975	6.6947e-005
3898	-0.67307	0.	-0.94896	6.5215e-005
3903	-0.76957	0.	-1.0375	4.9229e-005
3904	-0.72089	0.	-0.94896	6.0543e-005
3905	-0.78036	0.	-0.99564	5.034e-005
3909	-0.86522	0.	-1.0375	4.0521e-005
3910	-0.82818	0.	-0.99564	4.6973e-005
3912	-0.96087	0.	-1.0375	2.9686e-005
3913	-0.87601	0.	-0.99564	4.1748e-005
3914	-0.93709	0.	-0.98248	3.5066e-005
3919	-1.0565	0.	-1.0375	1.8561e-005
3920	-1.0407	0.	-0.97724	2.2133e-005
3921	-0.98492	0.	-0.98248	2.9832e-005
3926	-1.1522	0.	-0.99034	1.1749e-005
3927	-1.1522	0.	-1.0375	9.4352e-006
3928	-1.0885	0.	-0.97724	1.713e-005
3956	-1.2	0.	-0.89602	1.8348e-005
3957	-1.2	0.	-0.99034	8.6192e-006
3958	-1.1363	0.	-0.93008	1.6329e-005
3961	-1.2	0.	-0.8017	3.2275e-005
3962	-1.1183	0.	-0.83248	3.0266e-005
3963	-1.1363	0.	-0.88292	2.2765e-005
3964	-1.1502	0.	-0.78688	3.6349e-005
3969	-1.2	0.	-0.70739	4.7358e-005
3970	-1.1502	0.	-0.73972	4.3069e-005
3974	-1.2	0.	-0.61307	6.315e-005
3975	-1.1513	0.	-0.61563	6.4867e-005
3976	-1.1502	0.	-0.69256	5.0903e-005
3978	-1.2	0.	-0.51875	8.3431e-005
3979	-1.1513	0.	-0.56847	7.2598e-005
3982	-1.2	0.	-0.42443	1.058e-004
3983	-1.1513	0.	-0.52131	8.5219e-005
3984	-1.1439	0.	-0.44997	1.0561e-004
3988	-1.2	0.	-0.33011	1.257e-004
3989	-1.1439	0.	-0.40281	1.1533e-004
3991	-1.2	0.	-0.2358	1.4469e-004
3992	-1.1043	0.	-0.31226	1.4431e-004
3993	-1.1439	0.	-0.35565	1.254e-004
3994	-1.131	0.	-0.25415	1.6064e-004
3998	-1.2	0.	-0.14148	1.5988e-004
3999	-1.1445	0.	-0.14901	1.6489e-004
4000	-1.131	0.	-0.20699	1.6942e-004
4005	-1.1545	0.	-4.7159e-002	1.7318e-004
4006	-1.2	0.	-4.7159e-002	1.6723e-004
4007	-1.1445	0.	-0.10185	1.7101e-004
4051	0.13636	0.	0.	2.5206e-002
4052	6.8182e-002	0.	0.	9.517e-002
4055	0.11152	0.	-2.8785e-002	2.9073e-002
4056	8.2722e-002	0.	-2.8536e-002	3.8973e-002
4063	0.22727	0.	0.	6.0976e-003
4067	0.1953	0.	-5.3217e-002	6.8761e-003
4068	0.15697	0.	-2.8785e-002	1.2961e-002
4073	0.31818	0.	0.	2.2746e-003
4076	0.24075	0.	-5.3217e-002	3.8852e-003
4077	0.31473	0.	-6.0598e-002	2.2514e-003
4082	0.40909	0.	0.	1.1861e-003
4084	0.36019	0.	-6.0598e-002	1.4567e-003
4092	0.5	0.	0.	7.3615e-004
4096	0.49729	0.	-5.7397e-002	7.3364e-004
4097	0.40564	0.	-6.0598e-002	1.1702e-003
4101	0.59091	0.	0.	4.8329e-004
4103	0.54274	0.	-5.7397e-002	5.7067e-004
4106	0.68182	0.	0.	3.4377e-004
4109	0.58819	0.	-5.7397e-002	4.7983e-004
4110	0.67723	0.	-5.1853e-002	3.3702e-004
4112	0.77273	0.	0.	2.5856e-004
4115	0.72269	0.	-5.1853e-002	2.8896e-004
4119	0.86364	0.	0.	1.9962e-004
4121	0.84656	0.	-6.1041e-002	2.0304e-004
4122	0.76814	0.	-5.1853e-002	2.5177e-004
4127	0.95455	0.	0.	1.7381e-004
4129	0.89201	0.	-6.1041e-002	1.8163e-004
4132	-1.0636	0.	0.	1.947e-004
4134	-1.1545	0.	0.	1.7434e-004
4136	-1.0991	0.	-5.4692e-002	1.7813e-004
4141	-0.97273	0.	0.	2.5233e-004
4143	-0.99648	0.	-6.0212e-002	2.2661e-004
4144	-1.0536	0.	-5.4692e-002	1.9253e-004
4148	-0.88182	0.	0.	3.3305e-004
4151	-0.95102	0.	-6.0212e-002	2.6995e-004
4152	-0.88277	0.	-5.9234e-002	3.2864e-004
4157	-0.79091	0.	0.	4.5585e-004
4160	-0.83732	0.	-5.9234e-002	3.6568e-004
4162	-0.7	0.	0.	6.9741e-004
4164	-0.72072	0.	-6.5397e-002	6.2282e-004
4165	-0.79186	0.	-5.9234e-002	4.52e-004
4169	-0.60909	0.	0.	1.2345e-003
4172	-0.67527	0.	-6.5397e-002	7.7627e-004
4173	-0.61701	0.	-3.8445e-002	1.1604e-003
4176	-0.51818	0.	0.	2.4772e-003
4179	-0.57156	0.	-3.8445e-002	1.545e-003
4187	-0.42727	0.	0.	6.3393e-003
4190	-0.48044	0.	-6.8248e-002	2.717e-003
4191	-0.4355	0.	-4.3903e-002	4.0901e-003
4192	-0.5261	0.	-3.8445e-002	2.404e-003
4198	-0.33636	0.	0.	1.9381e-002
4201	-0.39005	0.	-4.3903e-002	7.0347e-003
4202	-0.35736	0.	-2.9179e-002	1.0844e-002
4206	-0.26818	0.	0.	9.3329e-002
4209	-0.28681	0.	-3.6788e-002	2.8117e-002
4210	-0.31191	0.	-2.9179e-002	2.0909e-002
4725	2.2727e-002	0.	0.	0.33023
4734	-0.22273	0.	0.	0.33203
4749	5.9995e-002	0.	-2.8536e-002	9.2565e-002
4750	3.5801e-002	0.	-2.3495e-002	0.13445
4759	-0.23906	0.	-2.589e-002	0.1221
4760	-0.26408	0.	-3.6788e-002	9.1839e-002
5808	6.1141e-002	0.	-0.32423	2.1224e-003
5809	9.3277e-002	0.	-0.41893	1.0061e-003
5810	3.7802e-002	0.	-0.41019	1.0435e-003
5811	0.13225	0.	-0.37551	1.1374e-003
5812	3.7379e-002	0.	-0.35579	1.4429e-003
5813	9.5767e-002	0.	-0.3282	1.7505e-003
5818	-3.1185e-002	0.	-0.19916	6.671e-003
5819	-9.9887e-002	0.	-0.19531	7.8686e-003
5820	-8.5188e-002	0.	-0.22426	5.6831e-003
5821	-7.9986e-002	0.	-0.17962	1.0409e-002
5822	-5.1281e-002	0.	-0.23262	5.5348e-003
5823	-5.6201e-002	0.	-0.17933	1.0662e-002
5829	-0.14758	0.	-0.44954	6.859e-004
5830	-0.21667	0.	-0.55139	3.7715e-004
5831	-0.21487	0.	-0.43525	7.8927e-004
5832	-0.1772	0.	-0.41265	1.0022e-003
5833	-0.23691	0.	-0.49532	5.1135e-004
5834	-0.16739	0.	-0.52361	4.3205e-004
5835	-0.13459	0.	-0.49046	4.8804e-004
5840	-0.22307	0.	-0.2305	4.8053e-003
5841	-0.18302	0.	-0.30348	2.4762e-003
5842	-0.19159	0.	-0.23356	5.2737e-003
5843	-0.2143	0.	-0.28779	2.8921e-003
5844	-0.16894	0.	-0.27405	3.182e-003
5848	-0.67407	0.	-0.59263	1.7142e-004
5849	-0.76703	0.	-0.46739	2.1474e-004
5850	-0.63654	0.	-0.45279	3.6579e-004
5851	-0.60891	0.	-0.51182	2.7784e-004
5852	-0.75238	0.	-0.54729	1.7322e-004
5853	-0.69963	0.	-0.45017	2.7978e-004
5854	-0.60954	0.	-0.56593	2.185e-004
5858	0.56174	0.	-0.40745	2.5751e-004
5859	0.61594	0.	-0.48463	1.8819e-004
5860	0.48261	0.	-0.53138	2.1834e-004
5861	0.49245	0.	-0.41303	3.359e-004
5862	0.56087	0.	-0.53951	1.7645e-004
5863	0.47714	0.	-0.4711	2.7035e-004
5868	6.0906e-002	0.	-0.70679	1.5495e-004
5869	9.5572e-002	0.	-0.65742	2.1524e-004
5870	0.11734	0.	-0.75684	1.2652e-004
5871	0.14079	0.	-0.63949	2.2821e-004
5872	0.18912	0.	-0.67992	1.7806e-004
5873	0.19012	0.	-0.74697	1.39e-004
5878	-0.43307	0.	-0.44912	6.4114e-004
5879	-0.48139	0.	-0.33291	1.0808e-003
5880	-0.52431	0.	-0.39471	6.614e-004
5881	-0.49668	0.	-0.45374	5.8179e-004
5882	-0.4053	0.	-0.39858	9.7557e-004
5883	-0.43183	0.	-0.35507	1.2187e-003
5888	-0.23776	0.	-0.75074	1.0837e-004
5889	-0.27899	0.	-0.69028	1.5893e-004
5890	-0.25459	0.	-0.82454	7.5463e-005
5891	-0.33516	0.	-0.83896	8.2323e-005
5892	-0.3405	0.	-0.69624	1.7141e-004
5893	-0.36487	0.	-0.78421	1.0511e-004
5898	-0.19591	0.	-0.119	3.5486e-002
5899	-0.16064	0.	-0.16857	1.1754e-002
5900	-0.21874	0.	-0.17238	1.0778e-002
5901	-0.17189	0.	-0.12637	2.6578e-002
5902	-0.21607	0.	-0.13284	1.8089e-002
5903	-0.18726	0.	-0.17544	1.1095e-002
5904	-0.1624	0.	-0.14542	1.5686e-002
5909	-1.9734e-002	0.	-9.0485e-002	6.7808e-002
5910	4.121e-003	0.	-0.12743	2.3757e-002
5911	-4.0588e-002	0.	-9.6299e-002	4.6267e-002
5912	-5.5218e-002	0.	-0.10614	3.0814e-002
5913	-3.6358e-002	0.	-0.13602	2.3534e-002
5914	-5.3112e-002	0.	-0.12199	2.4529e-002
5915	3.403e-003	0.	-0.10155	3.4571e-002
5920	0.71879	0.	-0.79052	5.2014e-005
5921	0.55214	0.	-0.75355	8.9067e-005
5922	0.57566	0.	-0.83517	6.3017e-005
5923	0.60866	0.	-0.69054	9.3806e-005
5924	0.66247	0.	-0.83903	5.4678e-005
5925	0.68547	0.	-0.71858	7.2264e-005
5929	-0.81867	0.	-0.34537	2.9133e-004
5930	-0.71737	0.	-0.2732	4.7897e-004
5931	-0.74222	0.	-0.19988	5.4076e-004
5932	-0.75126	0.	-0.32815	3.546e-004
5933	-0.81336	0.	-0.19372	3.6463e-004
5934	-0.85431	0.	-0.2592	3.0173e-004
5939	-0.27779	0.	-0.34142	1.6002e-003
5940	-0.35102	0.	-0.25016	2.8932e-003
5941	-0.28017	0.	-0.24586	4.2983e-003
5942	-0.33061	0.	-0.34731	1.6516e-003
5943	-0.35714	0.	-0.30379	1.8452e-003
5944	-0.2714	0.	-0.30314	2.1736e-003
5948	0.32866	0.	-0.342	7.3582e-004
5949	0.37913	0.	-0.38401	5.0196e-004
5950	0.24937	0.	-0.39526	6.9596e-004
5951	0.36383	0.	-0.44208	4.4166e-004
5952	0.3218	0.	-0.46669	4.5053e-004
5953	0.28613	0.	-0.36221	9.6053e-004
5954	0.26277	0.	-0.44444	4.838e-004
5960	-0.96606	0.	-0.57167	1.0397e-004
5961	-0.89191	0.	-0.61205	1.0091e-004
5962	-0.8994	0.	-0.683	7.7965e-005
5963	-1.0334	0.	-0.60678	7.5872e-005
5964	-1.0323	0.	-0.6837	6.3232e-005
5965	-0.96353	0.	-0.6955	6.7078e-005
5970	2.4308e-002	0.	-0.23757	5.2193e-003
5971	6.4055e-002	0.	-0.24217	3.8641e-003
5972	2.0259e-002	0.	-0.30919	2.1267e-003
5973	4.2129e-003	0.	-0.27103	3.1492e-003
5974	7.8647e-002	0.	-0.2816	2.4062e-003
5976	-0.2066	0.	-0.68129	1.6832e-004
5977	-9.1259e-002	0.	-0.72922	1.2853e-004
5978	-0.18221	0.	-0.81555	8.7497e-005
5979	-0.13921	0.	-0.69518	1.6415e-004
5980	-0.1298	0.	-0.78116	9.8296e-005
5984	-4.4374e-002	0.	-0.64286	2.1454e-004
5985	-9.7078e-003	0.	-0.59349	2.5822e-004
5986	-9.2325e-002	0.	-0.60882	2.3532e-004
5987	-0.11044	0.	-0.56715	2.9767e-004
5988	-2.3304e-002	0.	-0.54748	3.3799e-004
5989	-7.7644e-002	0.	-0.534	3.7823e-004
5994	-0.57907	0.	-0.69531	1.2083e-004
5995	-0.6915	0.	-0.76634	9.5055e-005
5996	-0.74126	0.	-0.62692	1.2135e-004
5997	-0.74876	0.	-0.69787	9.9073e-005
5998	-0.59843	0.	-0.64556	1.7285e-004
6002	0.63855	0.	-0.4237	2.1769e-004
6003	0.51506	0.	-0.35211	3.6271e-004
6004	0.6187	0.	-0.28422	2.8786e-004
6005	0.64056	0.	-0.35254	2.434e-004
6006	0.55635	0.	-0.30007	3.8866e-004
6012	0.38659	0.	-0.65237	1.8078e-004
6013	0.3628	0.	-0.7846	1.1873e-004
6014	0.40833	0.	-0.72352	1.3242e-004
6015	0.3309	0.	-0.66198	1.8823e-004
6016	0.29319	0.	-0.68665	1.6904e-004
6017	0.29419	0.	-0.75371	1.2842e-004
6021	0.17045	0.	-8.2002e-002	1.0921e-002
6022	0.28276	0.	-0.11381	3.1436e-003
6023	0.23301	0.	-0.16308	3.4721e-003
6024	0.18559	0.	-0.1562	4.4605e-003
6025	0.15668	0.	-0.11539	8.7565e-003
6030	0.10333	0.	-5.7321e-002	2.7567e-002
6031	0.11836	0.	-9.0959e-002	1.4516e-002
6036	-0.14781	0.	-8.8306e-002	5.308e-002
6037	-0.15574	0.	-6.8505e-002	8.7193e-002
6038	-0.14536	0.	-6.194e-002	9.2609e-002
6039	-0.12853	0.	-7.1724e-002	6.4173e-002
6040	-0.13073	0.	-8.2435e-002	5.3124e-002
6046	-0.10294	0.	-0.14013	1.8266e-002
6047	-0.13409	0.	-0.11362	2.8992e-002
6048	-9.8015e-002	0.	-0.10995	2.7537e-002
6049	-0.1246	0.	-0.13267	2.0325e-002
6050	-9.5909e-002	0.	-0.1258	2.0886e-002
6051	-0.117	0.	-0.10774	3.0966e-002
6055	0.78166	0.	-0.53801	1.109e-004
6056	0.7582	0.	-0.45819	1.3704e-004
6057	0.63768	0.	-0.55577	1.3292e-004
6058	0.71449	0.	-0.58381	1.1417e-004
6059	0.69477	0.	-0.42972	1.7482e-004
6063	-9.8984e-002	0.	-0.36965	1.4371e-003
6064	-5.6159e-002	0.	-0.43333	7.6496e-004
6065	-0.13928	0.	-0.38025	1.1135e-003
6066	-5.6582e-002	0.	-0.37894	1.1219e-003
6067	-9.6671e-002	0.	-0.45805	6.6838e-004
6071	-0.46902	0.	-0.50602	3.9749e-004
6072	-0.38813	0.	-0.56708	3.5653e-004
6073	-0.34685	0.	-0.50504	4.7966e-004
6074	-0.37763	0.	-0.45086	8.1053e-004
6075	-0.46965	0.	-0.56013	3.4839e-004
6079	0.39529	0.	-0.31568	6.7942e-004
6080	0.35078	0.	-0.19743	1.1743e-003
6081	0.30104	0.	-0.2467	1.5551e-003
6082	0.30229	0.	-0.29388	1.1088e-003
6083	0.43658	0.	-0.26364	6.9987e-004
6087	-0.54498	0.	-0.33078	9.4199e-004
6088	-0.57417	0.	-0.27321	9.8266e-004
6089	-0.44637	0.	-0.2375	2.6595e-003
6090	-0.49511	0.	-0.20274	1.7503e-003
6091	-0.4525	0.	-0.29114	1.4677e-003
6092	-0.54388	0.	-0.22413	1.1735e-003
6097	5.2818e-002	0.	-0.45828	6.2755e-004
6098	0.14727	0.	-0.42361	7.0378e-004
6099	0.12546	0.	-0.52456	4.2605e-004
6100	6.6647e-002	0.	-0.49648	4.785e-004
6101	0.16067	0.	-0.47279	4.9247e-004
6105	0.81229	0.	-0.33297	1.5633e-004
6106	0.72699	0.	-0.23618	2.3912e-004
6107	0.83793	0.	-0.18626	1.8428e-004
6108	0.74885	0.	-0.3045	1.9171e-004
6109	0.85637	0.	-0.29983	1.5495e-004
6110	0.75951	0.	-0.17707	2.3358e-004
6111	0.85626	0.	-0.24123	1.6769e-004
6116	-0.80738	0.	-0.84566	6.0372e-005
6117	-0.96563	0.	-0.8235	4.429e-005
6118	-0.86464	0.	-0.7772	6.544e-005
6119	-0.92877	0.	-0.7897	5.329e-005
6120	-0.86685	0.	-0.89234	5.0187e-005
6121	-0.92793	0.	-0.87918	4.4411e-005
6125	-9.5858e-002	0.	-0.28493	3.0221e-003
6126	-0.1286	0.	-0.33277	1.6232e-003
6127	-4.5905e-002	0.	-0.33146	1.6935e-003
6128	-6.1951e-002	0.	-0.2933	2.7798e-003
6129	-0.11453	0.	-0.30335	2.4597e-003
6134	-0.92873	0.	-0.38167	1.8102e-004
6135	-0.98822	0.	-0.4212	1.4085e-004
6136	-1.0482	0.	-0.38496	1.3459e-004
6137	-1.0353	0.	-0.28346	1.6967e-004
6138	-0.96437	0.	-0.2955	1.9293e-004
6142	-0.17932	0.	-9.8026e-002	4.5157e-002
6143	-0.21801	0.	-7.1216e-002	7.3802e-002
6144	-0.2235	0.	-0.10449	3.9356e-002
6145	-0.18725	0.	-7.8226e-002	8.2389e-002
6146	-0.20137	0.	-7.5715e-002	9.7295e-002
6152	2.006e-002	0.	-0.16908	1.1548e-002
6153	4.4343e-002	0.	-0.20211	6.2678e-003
6154	-1.5499e-002	0.	-0.23097	5.4525e-003
6155	-2.042e-002	0.	-0.17767	1.0911e-002
6161	-0.50983	0.	-0.81018	9.7542e-005
6162	-0.60762	0.	-0.78938	9.5598e-005
6163	-0.43302	0.	-0.67555	1.8134e-004
6164	-0.51455	0.	-0.66861	1.7464e-004
6165	-0.45739	0.	-0.76353	1.1533e-004
6170	5.0341e-002	0.	-5.2031e-002	8.5704e-002
6171	8.9564e-002	0.	-9.0709e-002	2.5517e-002
6172	5.4311e-002	0.	-7.298e-002	3.7704e-002
6178	-0.35313	0.	-0.17049	7.0594e-003
6179	-0.28228	0.	-0.16619	7.7872e-003
6180	-0.27962	0.	-0.12664	1.6243e-002
6181	-0.35692	0.	-0.11138	7.4333e-003
6182	-0.29914	0.	-0.10427	1.9422e-002
6183	-0.32424	0.	-9.666e-002	1.0978e-002
6187	-0.30934	0.	-0.62679	2.1998e-004
6188	-0.26807	0.	-0.56476	3.647e-004
6189	-0.18043	0.	-0.63472	1.9986e-004
6190	-0.19855	0.	-0.59306	2.6074e-004
6195	-0.13831	0.	-0.90471	3.3702e-005
6196	9.0729e-003	0.	-0.86843	4.936e-005
6197	-1.6068e-002	0.	-0.92854	2.9553e-005
6198	-8.5899e-002	0.	-0.87031	4.8914e-005
6202	-7.3232e-002	0.	-7.8009e-002	5.3085e-002
6203	-8.7862e-002	0.	-8.7847e-002	4.2547e-002
6204	-8.561e-002	0.	-6.7613e-002	6.627e-002
6205	-0.10465	0.	-7.493e-002	5.4853e-002
6206	-9.7857e-002	0.	-6.7207e-002	6.0444e-002
6207	-0.10685	0.	-8.5642e-002	4.3991e-002
6212	-0.90837	0.	-0.4613	1.6976e-004
6213	-0.83422	0.	-0.50168	1.6657e-004
6214	-0.78148	0.	-0.40455	2.767e-004
6215	-0.88452	0.	-0.3356	2.1837e-004
6219	0.74654	0.	-0.85913	3.975e-005
6220	0.76954	0.	-0.73868	5.9219e-005
6221	0.82615	0.	-0.87504	3.0125e-005
6222	0.85469	0.	-0.77059	3.842e-005
6228	-0.61709	0.	-0.335	5.4483e-004
6229	-0.56027	0.	-0.4516	4.201e-004
6230	-0.65099	0.	-0.38995	4.2039e-004
6234	0.28792	0.	-0.54668	3.132e-004
6235	0.19369	0.	-0.5762	2.8468e-004
6236	0.27974	0.	-0.59196	2.5869e-004
6237	0.2289	0.	-0.52443	3.6083e-004
6238	0.24202	0.	-0.61663	2.4103e-004
6242	-0.20656	0.	-0.36596	1.2472e-003
6243	-0.26626	0.	-0.44862	8.0854e-004
6244	-0.29704	0.	-0.39443	1.0946e-003
6245	-0.23784	0.	-0.35027	1.6795e-003
6249	1.7525e-002	0.	-0.66732	2.0267e-004
6250	3.9291e-002	0.	-0.76675	1.1132e-004
6251	-6.5092e-002	0.	-0.68265	1.6501e-004
6252	-5.5681e-002	0.	-0.76863	1.0977e-004
6256	-0.67114	0.	-0.20411	6.3734e-004
6257	-0.68018	0.	-0.33238	4.6703e-004
6258	-0.616	0.	-0.22835	7.9479e-004
6262	0.13632	0.	-0.8708	6.8113e-005
6263	0.11118	0.	-0.93091	4.9629e-005
6264	0.23971	0.	-0.93392	6.2936e-005
6265	0.2091	0.	-0.86094	8.269e-005
6269	-3.304e-002	0.	-7.2582e-002	7.8065e-002
6270	6.9805e-003	0.	-5.6879e-002	0.11052
6271	-2.8657e-002	0.	-6.2358e-002	0.10734
6272	1.0951e-002	0.	-7.7829e-002	7.1099e-002
6278	0.44783	0.	-0.66554	1.6098e-004
6279	0.50435	0.	-0.60253	1.6444e-004
6280	0.42062	0.	-0.53411	2.5996e-004
6281	0.37859	0.	-0.55873	2.7176e-004
6282	0.3704	0.	-0.604	2.1494e-004
6286	0.44838	0.	-0.11799	1.0156e-003
6287	0.59654	0.	-0.16835	4.3161e-004
6288	0.62906	0.	-0.10925	4.2702e-004
6289	0.53418	0.	-0.18421	5.2587e-004
6294	-0.62226	0.	-0.88121	6.9772e-005
6295	-0.44233	0.	-0.9101	6.676e-005
6296	-0.47204	0.	-0.85535	9.0086e-005
6300	0.42404	0.	-0.79776	9.7377e-005
6301	0.44755	0.	-0.87938	7.2277e-005
6302	0.34051	0.	-0.90093	7.5311e-005
6303	0.3099	0.	-0.82795	9.4333e-005
6308	0.84711	0.	-0.49532	1.0247e-004
6309	0.8034	0.	-0.62094	7.642e-005
6310	0.88855	0.	-0.65285	5.8576e-005
6318	-0.11811	0.	-0.21874	6.6948e-003
6319	-0.11291	0.	-0.17411	1.1047e-002
6320	-0.15942	0.	-0.19666	8.0706e-003
6321	-0.13457	0.	-0.16665	1.3537e-002
6325	-0.27961	0.	-0.90378	5.2939e-005
6326	-0.14663	0.	-0.85496	5.5701e-005
6331	9.7412e-002	0.	-0.60003	2.6626e-004
6332	3.8596e-002	0.	-0.57194	3.3739e-004
6334	5.9807e-002	0.	-0.17368	1.0512e-002
6335	-4.9562e-003	0.	-0.14924	1.3973e-002
6336	7.0057e-002	0.	-0.1325	1.4015e-002
6337	3.4805e-002	0.	-0.11477	2.8073e-002
6341	0.12325	0.	-0.20634	4.6722e-003
6342	9.8682e-002	0.	-0.24613	3.6221e-003
6343	9.4341e-002	0.	-0.16553	8.8813e-003
6348	-0.53327	0.	-0.56475	2.8024e-004
6352	-0.90652	0.	-0.11945	3.0365e-004
6353	-1.0319	0.	-0.1149	2.1021e-004
6354	-1.0184	0.	-0.17288	2.1508e-004
6355	-0.94747	0.	-0.18492	2.3688e-004
6360	0.76021	0.	-0.38703	1.6493e-004
6361	0.86774	0.	-0.38236	1.2667e-004
6367	-3.0797e-003	0.	-0.39514	1.1379e-003
6368	1.1171e-002	0.	-0.48773	5.7887e-004
6369	-4.3169e-002	0.	-0.47425	5.9195e-004
6373	-0.7773	0.	-0.79195	7.1999e-005
6374	-0.77951	0.	-0.9071	5.8557e-005
6378	-1.0546	0.	-0.86654	2.9025e-005
6379	-1.0684	0.	-0.77049	4.1339e-005
6380	-0.99968	0.	-0.78229	4.5521e-005
6381	-0.99884	0.	-0.87177	3.5518e-005
6385	0.49308	0.	-0.8183	8.631e-005
6386	0.52609	0.	-0.67367	1.1555e-004
6390	-0.89372	0.	-0.5412	1.2356e-004
6391	-1.0352	0.	-0.53593	1.0059e-004
6392	-1.0279	0.	-0.46459	1.2015e-004
6396	-0.38989	0.	-0.86345	8.5595e-005
6400	-0.43942	0.	-0.17126	2.9784e-003
6401	-0.31984	0.	-0.20172	4.9573e-003
6402	-0.39681	0.	-0.25965	2.7564e-003
6403	-0.39448	0.	-0.14691	4.3078e-003
6408	0.43046	0.	-0.41576	3.7298e-004
6409	0.48705	0.	-0.30566	4.6048e-004
6412	0.223	0.	-0.34714	1.0858e-003
6413	0.14976	0.	-0.33287	1.4797e-003
6414	0.19964	0.	-0.42937	6.4131e-004
6418	0.30699	0.	-0.17047	1.7904e-003
6419	0.44254	0.	-0.18741	9.79e-004
6423	-0.32958	0.	-0.57072	3.7477e-004
6424	-0.45238	0.	-0.62581	2.307e-004
6425	-0.39523	0.	-0.72073	1.755e-004
6429	-0.44322	0.	-0.11215	3.5685e-003
6430	-0.53382	0.	-0.10669	1.8087e-003
6431	-0.53693	0.	-0.15789	1.5929e-003
6435	0.60342	0.	-0.90378	5.18e-005
6440	-6.8524e-002	0.	-8.8233e-002	4.646e-002
6441	-6.6272e-002	0.	-6.7999e-002	7.0022e-002
6442	-4.9511e-002	0.	-6.8171e-002	9.0163e-002
6448	0.65942	0.	-0.6387	1.0005e-004
6453	-0.24633	0.	-0.15787	1.4522e-002
6454	-0.21752	0.	-0.20047	6.3967e-003
6455	-0.24023	0.	-0.2547	4.2856e-003
6460	-6.9502e-002	0.	-0.25606	3.5677e-003
6461	-0.14472	0.	-0.22561	5.2339e-003
6462	-0.12208	0.	-0.2661	3.5671e-003
6465	-0.20018	0.	-0.32767	1.802e-003
6466	-0.15483	0.	-0.31394	2.2549e-003
6471	-0.76713	0.	-0.12463	5.3588e-004
6472	-0.63774	0.	-0.10384	1.0914e-003
6473	-0.64085	0.	-0.15504	8.5172e-004
6478	0.76984	0.	-0.92356	3.2625e-005
6483	0.67491	0.	-0.29024	2.4816e-004
6484	0.68557	0.	-0.16281	2.8724e-004
6485	0.5907	0.	-0.23776	3.9268e-004
6488	-0.31908	0.	-0.4545	8.081e-004
6494	-6.9221e-002	0.	-0.15813	1.2843e-002
6495	-0.11467	0.	-0.15096	1.4927e-002
6496	-8.5974e-002	0.	-0.1441	1.6638e-002
6499	-1.9549e-002	0.	-0.30258	2.6232e-003
6503	-0.16323	0.	-8.56e-002	7.4249e-002
6504	-0.14582	0.	-0.12445	2.7342e-002
6505	-0.13821	0.	-9.953e-002	3.6182e-002
6511	-0.82706	0.	-0.65253	1.0075e-004
6518	-8.1048e-002	0.	-0.11392	2.7221e-002
6519	-0.10214	0.	-9.5865e-002	3.4502e-002
6523	0.79652	0.	-0.11289	2.3409e-004
6524	0.89327	0.	-0.17705	1.685e-004
6528	0.82138	0.	-0.69865	5.9421e-005
6533	7.0582e-002	0.	-0.8769	5.9091e-005
6534	7.513e-004	0.	-0.81868	6.7795e-005
6535	0.16851	0.	-0.80693	9.0438e-005
6543	-0.87922	0.	-0.18395	2.9633e-004
6548	0.20982	0.	-0.21285	3.2856e-003
6549	0.2585	0.	-0.26692	1.7436e-003
6554	-0.3764	0.	-0.35681	1.3591e-003
6558	-0.89869	0.	-0.73598	6.597e-005
6562	-0.13116	0.	-0.60694	2.6356e-004
6565	-1.0952	0.	-0.49969	9.4909e-005
6566	-1.1014	0.	-0.64796	6.0851e-005
6573	-0.23817	0.	-8.5054e-002	6.0397e-002
6574	-0.25769	0.	-6.2679e-002	6.3878e-002
6575	-0.21604	0.	-5.6279e-002	0.11506
6583	-0.26319	0.	-9.5952e-002	2.4717e-002
6590	-0.11648	0.	-0.53212	3.966e-004
6594	-0.18528	0.	-6.3289e-002	0.12014
6595	-0.16077	0.	-5.9234e-002	0.11127
6603	-1.0169	0.	-0.92222	2.8286e-005
6607	-1.0755	0.	-0.16736	1.805e-004
6613	3.0117e-002	0.	-6.7939e-002	8.6075e-002
6619	0.37312	0.	-0.49844	3.2015e-004
6622	0.32291	0.	-0.56833	2.7849e-004
6623	0.27207	0.	-0.5008	3.7722e-004
6630	-0.3656	0.	-7.3083e-002	8.7373e-003
6635	-0.16339	0.	-0.24403	4.9009e-003
6644	8.3816e-002	0.	-0.55401	3.3895e-004
6645	0.17784	0.	-0.53033	3.5016e-004
6646	0.19096	0.	-0.62253	2.3263e-004
6649	-6.2189e-002	0.	-0.14381	1.6907e-002
6654	-0.30781	0.	-6.5968e-002	2.0436e-002
6663	-2.934e-002	0.	-0.51245	4.2526e-004
6672	0.21108	0.	-0.26004	2.871e-003
6673	0.13784	0.	-0.24577	3.1595e-003
6674	0.1335	0.	-0.16516	8.7256e-003
6679	0.18651	0.	-0.29983	1.7009e-003
6687	0.91171	0.	-0.29062	1.3882e-004
6694	0.27701	0.	-0.63828	2.0357e-004
6699	-6.1889e-002	0.	-5.7775e-002	9.7424e-002
6700	-9.0896e-002	0.	-5.7196e-002	7.42e-002
6717	6.9339e-002	0.	-0.10662	2.6557e-002
6727	-0.10994	0.	-6.4513e-002	6.5007e-002
6728	-0.11893	0.	-8.2948e-002	4.9709e-002
6731	-0.99108	0.	-0.23738	2.0809e-004
6735	0.24029	0.	-0.73001	1.4632e-004
6757	-1.0316	0.	-0.73669	5.0009e-005
6763	0.2719	0.	-0.87005	8.6305e-005
6773	-0.90006	0.	-0.94062	4.172e-005
6790	-0.58259	0.	-0.12808	1.2229e-003
1	0.	0.	3.75e-002	0.22373
2	-1.8182e-002	0.	3.75e-002	0.20293
3	-3.6364e-002	0.	3.75e-002	0.15724
4	-5.4545e-002	0.	3.75e-002	0.14493
5	-7.2727e-002	0.	3.75e-002	9.8907e-002
6	-9.0909e-002	0.	3.75e-002	9.0261e-002
7	-0.10909	0.	3.75e-002	8.6801e-002
8	-0.12727	0.	3.75e-002	0.10161
9	-0.14545	0.	3.75e-002	0.13383
10	-0.16364	0.	3.75e-002	0.19863
11	-0.18182	0.	3.75e-002	0.20584
12	-0.2	0.	3.75e-002	0.21197
13	-0.2	0.	2.5e-002	0.36553
23	0.	0.	2.5e-002	0.3705
343	9.0909e-002	0.	0.	2.9504e-002
344	0.18182	0.	0.	9.596e-003
345	0.27273	0.	0.	3.1012e-003
346	0.36364	0.	0.	1.6142e-003
347	0.45455	0.	0.	9.5847e-004
348	0.54545	0.	0.	5.7169e-004
349	0.63636	0.	0.	3.9128e-004
350	0.72727	0.	0.	2.7218e-004
351	0.81818	0.	0.	2.0557e-004
352	0.90909	0.	0.	1.7846e-004
353	-1.1091	0.	0.	1.765e-004
354	-1.0182	0.	0.	2.0403e-004
355	-0.92727	0.	0.	2.7285e-004
356	-0.83636	0.	0.	3.8456e-004
357	-0.74545	0.	0.	5.7247e-004
358	-0.65455	0.	0.	7.9875e-004
359	-0.56364	0.	0.	1.2903e-003
360	-0.47273	0.	0.	3.1789e-003
361	-0.38182	0.	0.	1.0305e-002
362	-0.29091	0.	0.	4.5785e-002
405	-1.2	0.	9.4318e-002	1.6344e-004
406	-1.2	0.	0.18864	1.5668e-004
407	-1.2	0.	0.28295	1.3485e-004
408	-1.2	0.	0.37727	1.1207e-004
409	-1.2	0.	0.47159	9.326e-005
410	-1.2	0.	0.56591	7.2128e-005
411	-1.2	0.	0.66023	5.6274e-005
412	-1.2	0.	0.75455	3.786e-005
413	-1.2	0.	0.84886	2.5847e-005
414	-1.2	0.	0.94318	1.2925e-005
420	-1.1043	0.	1.0375	1.2626e-005
421	-1.0087	0.	1.0375	2.4972e-005
422	-0.91304	0.	1.0375	3.4418e-005
423	-0.81739	0.	1.0375	4.7402e-005
424	-0.72174	0.	1.0375	5.5733e-005
425	-0.62609	0.	1.0375	6.3383e-005
426	-0.53043	0.	1.0375	6.1918e-005
427	-0.43478	0.	1.0375	5.9229e-005
428	-0.33913	0.	1.0375	5.3999e-005
429	-0.24348	0.	1.0375	3.6141e-005
430	-0.14783	0.	1.0375	1.2776e-005
431	-5.2174e-002	0.	1.0375	1.569e-005
432	4.3478e-002	0.	1.0375	3.5424e-005
433	0.13913	0.	1.0375	5.0987e-005
434	0.23478	0.	1.0375	6.1935e-005
435	0.33043	0.	1.0375	6.3314e-005
436	0.42609	0.	1.0375	6.2176e-005
437	0.52174	0.	1.0375	5.6822e-005
438	0.61739	0.	1.0375	4.595e-005
439	0.71304	0.	1.0375	3.6689e-005
440	0.8087	0.	1.0375	2.4879e-005
441	0.90435	0.	1.0375	1.2371e-005
447	1.	0.	0.94318	1.3458e-005
448	1.	0.	0.84886	2.6945e-005
449	1.	0.	0.75455	3.7502e-005
450	1.	0.	0.66023	5.5657e-005
451	1.	0.	0.56591	7.3854e-005
452	1.	0.	0.47159	9.6691e-005
453	1.	0.	0.37727	1.1793e-004
454	1.	0.	0.28295	1.4065e-004
455	1.	0.	0.18864	1.607e-004
456	1.	0.	9.4318e-002	1.6892e-004
457	0.	0.	0.	0.52826
458	-0.2	0.	0.	0.53029
464	1.	0.	0.	1.6995e-004
466	-1.2	0.	0.	1.6743e-004
469	-1.2	0.	1.0375	6.752e-006
470	1.	0.	1.0375	7.2007e-006
471	4.5455e-002	0.	0.	0.15271
472	-0.24545	0.	0.	0.1841
473	0.18555	0.	0.69833	1.7004e-004
474	-0.36581	0.	0.7051	1.449e-004
475	-0.27826	0.	0.37083	1.2036e-003
476	7.4363e-002	0.	0.38148	1.0501e-003
477	-0.18635	0.	0.19524	7.5457e-003
478	3.913e-002	0.	0.20417	7.0181e-003
479	0.57826	0.	0.58788	1.5326e-004
480	-0.13824	0.	0.52901	3.9557e-004
481	0.32108	0.	0.4605	4.6472e-004
482	-0.53321	0.	0.47097	4.334e-004
483	-0.13388	0.	0.12083	2.4754e-002
484	0.65277	0.	0.29394	2.5561e-004
485	-0.85277	0.	0.29394	2.6899e-004
486	-9.5652e-002	0.	0.7875	7.8021e-005
487	-0.20278	0.	0.13229	2.2766e-002
488	-0.10266	0.	0.27093	2.5377e-003
489	6.8058e-003	0.	9.3221e-002	4.5374e-002
490	-0.5741	0.	0.3378	6.5699e-004
491	0.37036	0.	0.31957	8.1527e-004
492	0.13515	0.	0.23851	3.4273e-003
493	-0.35693	0.	0.14769	6.0227e-003
494	-0.30548	0.	8.332e-002	1.6475e-002
495	0.43768	0.	0.62664	1.6391e-004
496	-0.50548	0.	0.68401	1.7413e-004
497	-6.4482e-002	0.	0.14758	1.6592e-002
498	0.68727	0.	0.88273	4.5942e-005
499	-0.86812	0.	0.88763	4.5877e-005
500	-0.11448	0.	0.44041	7.7377e-004
501	-0.62077	0.	0.73948	1.0962e-004
502	8.6891e-002	0.	0.48534	5.8511e-004
503	-0.32916	0.	0.60707	2.5678e-004
504	0.87061	0.	0.49951	8.7413e-005
505	-0.93757	0.	0.55644	1.0544e-004
506	0.40193	0.	0.76359	9.5384e-005
507	7.8915e-002	0.	0.67059	1.893e-004
508	-7.2878e-002	0.	0.10466	3.1269e-002
509	0.75164	0.	0.684	7.6248e-005
510	0.46074	0.	0.1417	7.9617e-004
511	-0.62798	0.	0.13229	9.4916e-004
512	0.30372	0.	0.20121	1.761e-003
513	-0.49898	0.	0.12405	2.3525e-003
514	-0.42782	0.	0.21808	2.4172e-003
515	-0.33041	0.	0.21676	3.6421e-003
516	8.7984e-002	0.	0.1599	9.8069e-003
517	0.23988	0.	0.37647	8.7363e-004
518	-0.13501	0.	8.5202e-002	4.7347e-002
519	-0.28236	0.	0.9002	5.8039e-005
520	8.7424e-002	0.	0.88573	6.251e-005
521	-0.22424	0.	0.69215	1.6761e-004
522	-0.18762	0.	0.31528	1.7351e-003
523	-0.44855	0.	0.80381	9.9836e-005
524	0.45963	0.	0.47075	3.0108e-004
525	-0.66951	0.	0.43627	2.9237e-004
526	-1.0299	0.	0.25199	1.789e-004
527	0.83495	0.	0.26071	1.8023e-004
528	-8.4603e-002	0.	7.7853e-002	5.071e-002
529	-1.7845e-002	0.	0.32509	2.1206e-003
530	-0.39684	0.	0.41608	7.6242e-004
531	-1.0341	0.	0.82109	3.2709e-005
532	-3.224e-002	0.	0.50651	4.3614e-004
533	-5.1515e-002	0.	7.4537e-002	6.8955e-002
534	-0.90596	0.	0.73749	6.4352e-005
535	0.26508	0.	0.8053	1.04e-004
536	0.85098	0.	0.8828	2.7472e-005
537	-1.0924	0.	0.46986	9.6389e-005
538	0.25458	0.	0.58261	2.799e-004
539	0.2128	0.	0.20529	3.1003e-003
540	-0.10361	0.	0.3586	1.525e-003
541	-0.19665	0.	7.5518e-002	7.9481e-002
542	-0.63548	0.	0.87745	7.8333e-005
543	-0.22225	0.	0.46131	6.9864e-004
544	0.62319	0.	0.73775	7.7668e-005
545	-0.12409	0.	0.16905	1.2491e-002
546	-1.0615	0.	0.68617	5.3016e-005
547	-0.89002	0.	0.14697	3.0515e-004
548	0.69002	0.	0.14697	3.1778e-004
549	0.61551	0.	0.44091	2.0244e-004
550	-0.61715	0.	0.58327	2.0596e-004
551	0.51134	0.	0.32762	4.0403e-004
552	-0.71156	0.	0.30676	4.1971e-004
553	-1.3373e-002	0.	0.4125	9.0081e-004
554	-0.35304	0.	0.29445	2.0058e-003
555	0.44632	0.	0.91331	6.5165e-005
556	0.75609	0.	0.40215	1.4968e-004
557	-0.26828	0.	0.1635	9.6378e-003
558	0.71884	0.	0.54912	1.0977e-004
559	-2.6744e-002	0.	0.18731	7.954e-003
560	5.8696e-002	0.	0.2875	2.2889e-003
561	-0.4617	0.	0.30701	1.1251e-003
562	0.20191	0.	0.4906	6.0657e-004
563	-0.76123	0.	0.79713	7.5697e-005
564	-2.164e-002	0.	0.24593	3.7163e-003
565	-0.14975	0.	0.93138	2.9528e-005
566	-0.41731	0.	0.53535	3.4391e-004
567	-7.9609e-002	0.	0.2074	6.9572e-003
568	-0.76655	0.	0.53077	1.8295e-004
569	-0.95609	0.	0.37857	1.5466e-004
570	-0.25314	0.	0.25918	2.9833e-003
571	-0.23478	0.	0.56528	3.4741e-004
572	7.8986e-002	0.	0.75972	1.2102e-004
573	-0.11042	0.	7.4066e-002	5.673e-002
574	9.2928e-002	0.	7.4927e-002	2.4783e-002
575	3.9515e-002	0.	7.1707e-002	5.4398e-002
576	0.85595	0.	0.10148	1.9978e-004
577	-1.0561	0.	0.10159	2.0169e-004
578	0.32216	0.	0.67768	1.6281e-004
579	-1.9735e-002	0.	0.70096	1.5001e-004
580	-0.20373	0.	0.8132	8.3332e-005
581	-3.2799e-002	0.	0.1044	3.4307e-002
582	-2.2497e-002	0.	6.9907e-002	9.8641e-002
583	-0.51353	0.	0.9293	6.8347e-005
584	-0.10827	0.	9.7685e-002	3.5167e-002
585	-7.7699e-002	0.	0.59634	2.3939e-004
586	0.89755	0.	0.38526	1.1766e-004
587	-2.3004e-002	0.	0.90625	3.9588e-005
588	-0.74693	0.	0.20914	5.0409e-004
589	0.55534	0.	0.22686	4.7178e-004
590	0.14979	0.	0.41501	8.9318e-004
591	0.88176	0.	0.74682	4.412e-005
592	0.23894	0.	0.10535	4.6125e-003
593	0.32259	0.	0.94287	7.3196e-005
594	0.15296	0.	0.13018	7.88e-003
595	0.35232	0.	9.8845e-002	1.6201e-003
596	0.5504	0.	0.11343	5.4556e-004
597	-0.75022	0.	8.14e-002	5.698e-004
598	0.1366	0.	0.58807	3.3215e-004
599	0.53743	0.	0.83129	7.7744e-005
600	-0.5505	0.	0.81428	9.999e-005
601	-1.0911	0.	0.58724	6.9627e-005
602	-1.0811	0.	0.35207	1.3261e-004
603	-0.18568	0.	0.3874	1.206e-003
604	0.50656	0.	0.71424	1.1614e-004
605	-1.086	0.	0.93277	2.0005e-005
606	0.14592	0.	0.34115	1.3936e-003
607	5.1246e-003	0.	5.8237e-002	0.12233
608	-0.53648	0.	0.23063	1.191e-003
609	-0.41001	0.	6.1806e-002	5.9778e-003
610	-0.10072	0.	0.12796	2.0759e-002
611	-0.16326	0.	0.14348	1.7287e-002
612	-5.1397e-003	0.	0.1425	1.6666e-002
613	0.87065	0.	0.61856	7.0089e-005
614	4.5569e-002	0.	0.12235	1.9283e-002
615	-0.12596	0.	5.5102e-002	8.7803e-002
616	-0.17738	0.	0.25494	4.0102e-003
617	-0.24126	0.	0.10138	2.5768e-002
618	-0.42594	0.	0.62088	2.4336e-004
619	-0.15924	0.	6.0007e-002	0.10832
620	-0.3985	0.	0.91334	7.2739e-005
621	-9.5205e-002	0.	5.394e-002	7.6343e-002
622	0.75369	0.	0.78727	5.5866e-005
623	-0.23257	0.	4.9537e-002	9.404e-002
624	0.19998	0.	0.91483	6.5034e-005
625	-0.85846	0.	0.42738	2.0664e-004
626	-0.35865	0.	0.81445	9.9913e-005
627	0.59493	0.	0.96256	5.0144e-005
628	-0.74076	0.	0.94699	5.669e-005
629	-0.16562	0.	0.1027	3.6894e-002
630	-0.31821	0.	0.51634	5.2753e-004
631	0.78457	0.	0.96584	2.8628e-005
632	-6.2121e-002	0.	5.6019e-002	9.8643e-002
633	-0.81632	0.	0.65464	1.1366e-004
634	0.19794	0.	0.28981	1.6157e-003
635	-0.97516	0.	0.92548	3.2952e-005
636	0.3667	0.	0.56069	2.6158e-004
637	6.4633e-004	0.	0.80727	8.0316e-005
638	0.16253	0.	0.80433	8.5772e-005
639	-0.16344	0.	0.61042	2.4952e-004
640	-0.62944	0.	0.24499	6.8345e-004
641	0.41413	0.	0.23968	8.1318e-004
642	2.8789e-002	0.	0.5913	3.0004e-004
643	2.5105e-002	0.	3.9588e-002	0.1505
644	5.8782e-002	0.	3.7244e-002	6.4242e-002
1999	-9.0909e-003	0.	3.75e-002	0.20428
2000	0.	0.	3.125e-002	0.286
2002	2.5623e-003	0.	4.7869e-002	0.17142
2003	1.2553e-002	0.	3.8544e-002	0.18386
2007	-2.7273e-002	0.	3.75e-002	0.17686
2010	-2.0339e-002	0.	5.3704e-002	0.15014
2011	-6.5286e-003	0.	4.7869e-002	0.16033
2014	-4.5455e-002	0.	3.75e-002	0.1499
2017	-4.3939e-002	0.	5.6019e-002	0.11252
2018	-2.943e-002	0.	5.3704e-002	0.12739
2019	-4.9242e-002	0.	4.6759e-002	0.1251
2022	-6.3636e-002	0.	3.75e-002	0.1195
2025	-5.8333e-002	0.	4.6759e-002	0.12123
2027	-8.1818e-002	0.	3.75e-002	9.4081e-002
2030	-8.3966e-002	0.	4.572e-002	8.6505e-002
2031	-6.7424e-002	0.	4.6759e-002	9.8206e-002
2033	-0.1	0.	3.75e-002	8.6907e-002
2036	-9.3057e-002	0.	4.572e-002	8.3147e-002
2038	-0.11818	0.	3.75e-002	9.3774e-002
2041	-0.11752	0.	4.6301e-002	8.6623e-002
2042	-0.10215	0.	4.572e-002	8.0847e-002
2045	-0.13636	0.	3.75e-002	0.1153
2048	-0.12661	0.	4.6301e-002	9.4665e-002
2050	-0.15455	0.	3.75e-002	0.16361
2053	-0.13571	0.	4.6301e-002	0.10915
2054	-0.15235	0.	4.8754e-002	0.1203
2055	-0.17273	0.	3.75e-002	0.20092
2058	-0.16144	0.	4.8754e-002	0.1529
2060	-0.19091	0.	3.75e-002	0.20017
2063	-0.18924	0.	5.6509e-002	0.14206
2064	-0.17053	0.	4.8754e-002	0.15446
2066	-0.2	0.	3.125e-002	0.27345
2068	-0.19833	0.	5.6509e-002	0.14364
2069	-0.21628	0.	4.3519e-002	0.15059
2075	-0.2	0.	1.25e-002	0.44161
2076	-0.22273	0.	1.25e-002	0.27206
2077	-0.21628	0.	3.7269e-002	0.22811
2131	0.	0.	1.25e-002	0.44047
2132	2.2727e-002	0.	1.25e-002	0.25852
2133	1.2553e-002	0.	3.2294e-002	0.2595
4051	0.13636	0.	0.	1.9535e-002
4052	6.8182e-002	0.	0.	9.1045e-002
4053	9.1919e-002	0.	3.7463e-002	2.6023e-002
4054	7.4846e-002	0.	1.8622e-002	4.6113e-002
4063	0.22727	0.	0.	6.3411e-003
4064	0.13737	0.	3.7463e-002	1.6703e-002
4065	0.21038	0.	5.2675e-002	7.0517e-003
4066	0.16739	0.	6.5091e-002	8.3613e-003
4073	0.31818	0.	0.	2.3575e-003
4074	0.25583	0.	5.2675e-002	3.7956e-003
4075	0.31253	0.	4.9423e-002	2.3472e-003
4082	0.40909	0.	0.	1.2838e-003
4083	0.35798	0.	4.9423e-002	1.6038e-003
4092	0.5	0.	0.	7.6386e-004
4093	0.45764	0.	7.0849e-002	8.703e-004
4094	0.40343	0.	4.9423e-002	1.2827e-003
4095	0.50247	0.	5.6716e-002	7.5189e-004
4101	0.59091	0.	0.	4.8074e-004
4102	0.54792	0.	5.6716e-002	5.5709e-004
4106	0.68182	0.	0.	3.3147e-004
4107	0.66319	0.	7.3485e-002	3.5345e-004
4108	0.59338	0.	5.6716e-002	4.6809e-004
4112	0.77273	0.	0.	2.3883e-004
4113	0.70865	0.	7.3485e-002	2.9379e-004
4114	0.79161	0.	5.0738e-002	2.3594e-004
4119	0.86364	0.	0.	1.92e-004
4120	0.83706	0.	5.0738e-002	2.026e-004
4126	0.95455	0.	4.7159e-002	1.7369e-004
4127	0.95455	0.	0.	1.742e-004
4128	0.88252	0.	5.0738e-002	1.8904e-004
4132	-1.0636	0.	0.	1.9026e-004
4133	-1.1545	0.	4.7159e-002	1.6997e-004
4134	-1.1545	0.	0.	1.7195e-004
4135	-1.0826	0.	5.0794e-002	1.8897e-004
4141	-0.97273	0.	0.	2.3837e-004
4142	-1.0371	0.	5.0794e-002	2.0271e-004
4148	-0.88182	0.	0.	3.2857e-004
4149	-0.90865	0.	7.3485e-002	2.8809e-004
4150	-0.99166	0.	5.0794e-002	2.3724e-004
4157	-0.79091	0.	0.	4.7816e-004
4158	-0.86319	0.	7.3485e-002	3.435e-004
4159	-0.79329	0.	4.07e-002	4.7613e-004
4162	-0.7	0.	0.	6.8484e-004
4163	-0.74784	0.	4.07e-002	5.6928e-004
4169	-0.60909	0.	0.	1.043e-003
4170	-0.64126	0.	6.6143e-002	8.6507e-004
4171	-0.70238	0.	4.07e-002	6.8346e-004
4176	-0.51818	0.	0.	2.2338e-003
4177	-0.59581	0.	6.6143e-002	1.1106e-003
4178	-0.53131	0.	6.2027e-002	1.7793e-003
4187	-0.42727	0.	0.	6.7418e-003
4188	-0.48586	0.	6.2027e-002	2.7115e-003
4189	-0.44137	0.	3.0903e-002	4.5537e-003
4198	-0.33636	0.	0.	2.8029e-002
4199	-0.34365	0.	4.166e-002	1.3047e-002
4200	-0.39592	0.	3.0903e-002	8.092e-003
4206	-0.26818	0.	0.	0.11492
4207	-0.2982	0.	4.166e-002	3.0697e-002
4208	-0.26174	0.	2.4769e-002	6.7451e-002
4440	-1.2	0.	0.14148	1.6003e-004
4441	-1.2	0.	4.7159e-002	1.6541e-004
4442	-1.128	0.	9.7953e-002	1.8248e-004
4446	-1.2	0.	0.2358	1.4576e-004
4447	-1.115	0.	0.22031	1.6737e-004
4448	-1.128	0.	0.14511	1.7916e-004
4452	-1.2	0.	0.33011	1.2346e-004
4453	-1.115	0.	0.26747	1.5659e-004
4454	-1.1406	0.	0.31751	1.3345e-004
4458	-1.2	0.	0.42443	1.0266e-004
4459	-1.1462	0.	0.42357	1.0397e-004
4460	-1.1406	0.	0.36467	1.2205e-004
4462	-1.2	0.	0.51875	8.2646e-005
4463	-1.1462	0.	0.47072	9.463e-005
4466	-1.2	0.	0.61307	6.4197e-005
4467	-1.1462	0.	0.51788	8.4222e-005
4468	-1.1456	0.	0.57657	7.0751e-005
4472	-1.2	0.	0.70739	4.7039e-005
4473	-1.1307	0.	0.6732	5.4255e-005
4474	-1.1456	0.	0.62373	6.2863e-005
4476	-1.2	0.	0.8017	3.1776e-005
4477	-1.117	0.	0.78782	3.4732e-005
4478	-1.1307	0.	0.72036	4.5252e-005
4482	-1.2	0.	0.89602	1.933e-005
4483	-1.117	0.	0.83497	2.911e-005
4484	-1.143	0.	0.89081	2.24e-005
4489	-1.1522	0.	0.99034	1.2075e-005
4490	-1.2	0.	0.99034	9.7347e-006
4491	-1.143	0.	0.93797	1.6275e-005
4521	-1.0565	0.	1.0375	1.8731e-005
4522	-1.1522	0.	1.0375	9.5033e-006
4523	-1.0952	0.	0.98513	1.6057e-005
4528	-0.96087	0.	1.0375	2.9678e-005
4529	-1.0473	0.	0.98513	2.1671e-005
4530	-0.99193	0.	0.98149	2.8718e-005
4534	-0.86522	0.	1.0375	4.0902e-005
4535	-0.89058	0.	0.96256	4.0051e-005
4536	-0.9441	0.	0.98149	3.3228e-005
4541	-0.76957	0.	1.0375	5.1553e-005
4542	-0.84275	0.	0.96256	4.6456e-005
4543	-0.77908	0.	0.99225	5.2026e-005
4545	-0.67391	0.	1.0375	5.9553e-005
4546	-0.73125	0.	0.99225	5.6147e-005
4551	-0.57826	0.	1.0375	6.2625e-005
4552	-0.63078	0.	0.95747	7.0798e-005
4553	-0.56981	0.	0.9834	6.5827e-005
4554	-0.68342	0.	0.99225	5.9939e-005
4557	-0.48261	0.	1.0375	6.0545e-005
4558	-0.52198	0.	0.9834	6.5125e-005
4561	-0.38696	0.	1.0375	5.656e-005
4562	-0.47416	0.	0.9834	6.3768e-005
4563	-0.41664	0.	0.97542	6.5895e-005
4567	-0.2913	0.	1.0375	4.4759e-005
4568	-0.31074	0.	0.96885	5.5708e-005
4569	-0.36881	0.	0.97542	6.3366e-005
4572	-0.19565	0.	1.0375	2.3245e-005
4573	-0.26292	0.	0.96885	4.7085e-005
4574	-0.19661	0.	0.98444	3.1289e-005
4578	-0.1	0.	1.0375	1.2186e-005
4579	-0.14879	0.	0.98444	2.1123e-005
4583	-4.3478e-003	0.	1.0375	2.4282e-005
4584	-0.10096	0.	0.98444	1.9157e-005
4585	-3.7589e-002	0.	0.97188	2.7411e-005
4588	9.1304e-002	0.	1.0375	4.3099e-005
4589	6.5451e-002	0.	0.96162	4.8731e-005
4590	1.0237e-002	0.	0.97188	3.6358e-005
4594	0.18696	0.	1.0375	5.6347e-005
4595	0.11328	0.	0.96162	5.5964e-005
4596	0.16955	0.	0.97617	5.8008e-005
4600	0.28261	0.	1.0375	6.2612e-005
4601	0.27869	0.	0.99019	6.7538e-005
4602	0.21738	0.	0.97617	6.3388e-005
4604	0.37826	0.	1.0375	6.2736e-005
4605	0.32651	0.	0.99019	6.8251e-005
4609	0.47391	0.	1.0375	5.9469e-005
4610	0.4362	0.	0.9754	6.3591e-005
4611	0.37434	0.	0.99019	6.768e-005
4615	0.56957	0.	1.0375	5.1379e-005
4616	0.48403	0.	0.9754	6.0978e-005
4617	0.55833	0.	1.	5.3452e-005
4622	0.66522	0.	1.0375	4.128e-005
4623	0.60616	0.	1.	4.7996e-005
4625	0.76087	0.	1.0375	3.0782e-005
4626	0.70015	0.	0.96012	4.1051e-005
4627	0.65399	0.	1.	4.3416e-005
4628	0.7488	0.	1.0017	3.2503e-005
4632	0.85652	0.	1.0375	1.8489e-005
4633	0.79663	0.	1.0017	2.6622e-005
4638	0.95217	0.	0.99034	1.2339e-005
4639	0.95217	0.	1.0375	9.6321e-006
4640	0.87766	0.	0.96015	1.9686e-005
4641	0.84446	0.	1.0017	2.0491e-005
4669	1.	0.	0.89602	2.0059e-005
4670	1.	0.	0.99034	1.0264e-005
4671	0.92549	0.	0.91299	2.0304e-005
4675	1.	0.	0.8017	3.2149e-005
4676	0.92549	0.	0.86583	2.6299e-005
4677	0.94088	0.	0.79784	3.5459e-005
4681	1.	0.	0.70739	4.6576e-005
4682	0.94088	0.	0.75068	4.0442e-005
4684	1.	0.	0.61307	6.4744e-005
4685	0.94088	0.	0.70352	4.9394e-005
4686	0.93533	0.	0.63939	6.2502e-005
4692	1.	0.	0.51875	8.5257e-005
4693	0.9353	0.	0.53271	8.0523e-005
4694	0.93533	0.	0.59223	7.1553e-005
4697	1.	0.	0.42443	1.0729e-004
4698	0.9353	0.	0.48555	9.1857e-005
4699	0.94878	0.	0.42843	1.0715e-004
4704	1.	0.	0.33011	1.2928e-004
4705	0.94878	0.	0.38127	1.1767e-004
4707	1.	0.	0.2358	1.5066e-004
4708	0.91748	0.	0.27183	1.6018e-004
4709	0.94878	0.	0.33411	1.2905e-004
4714	1.	0.	0.14148	1.6477e-004
4715	0.91748	0.	0.22468	1.7003e-004
4716	0.92797	0.	0.14506	1.8023e-004
4720	1.	0.	4.7159e-002	1.6942e-004
4721	0.92797	0.	9.7897e-002	1.8428e-004
4725	2.2727e-002	0.	0.	0.3401
4734	-0.22273	0.	0.	0.35682
4747	3.528e-002	0.	1.9794e-002	0.1463
4748	5.2118e-002	0.	1.8622e-002	0.10728
4758	-0.23901	0.	2.4769e-002	0.13356
4770	0.13223	0.	0.68446	1.7702e-004
4771	0.22531	0.	0.75181	1.3666e-004
4772	0.22007	0.	0.64047	2.2384e-004
4773	0.13227	0.	0.72903	1.4367e-004
4774	0.25386	0.	0.688	1.6449e-004
4775	0.16108	0.	0.6432	2.5047e-004
4776	0.17404	0.	0.75133	1.2777e-004
4780	-0.43565	0.	0.69456	1.5751e-004
4781	-0.34749	0.	0.65609	2.0055e-004
4782	-0.29502	0.	0.69862	1.5164e-004
4783	-0.40718	0.	0.75445	1.2192e-004
4784	-0.39588	0.	0.66299	1.9258e-004
4785	-0.36223	0.	0.75978	1.2197e-004
4790	-0.23294	0.	0.34306	1.4254e-003
4791	-0.33755	0.	0.39346	9.5162e-004
4792	-0.25026	0.	0.41607	9.4115e-004
4793	-0.31565	0.	0.33264	1.5367e-003
4794	-0.2657	0.	0.315	2.0867e-003
4795	-0.23197	0.	0.37911	1.1631e-003
4796	-0.29823	0.	0.44359	8.6295e-004
4799	8.0627e-002	0.	0.43341	8.1737e-004
4800	2.8259e-002	0.	0.35329	1.5573e-003
4801	3.0495e-002	0.	0.39699	9.4571e-004
4802	6.6529e-002	0.	0.33449	1.663e-003
4803	0.11208	0.	0.39824	9.4739e-004
4804	0.11014	0.	0.36131	1.1779e-003
4808	-0.19457	0.	0.16377	1.5019e-002
4809	-0.15522	0.	0.18214	9.3123e-003
4810	-0.22732	0.	0.17937	8.0948e-003
4811	-0.21974	0.	0.22721	5.25e-003
4812	-0.17481	0.	0.16936	1.235e-002
4813	-0.18187	0.	0.22509	5.5818e-003
4818	8.7141e-002	0.	0.22134	5.1563e-003
4819	6.3557e-002	0.	0.18203	8.1648e-003
4820	6.1934e-003	0.	0.19574	7.1775e-003
4821	4.8913e-002	0.	0.24583	4.6302e-003
4822	8.745e-003	0.	0.22505	5.0171e-003
4823	1.6995e-002	0.	0.17333	1.1784e-002
4824	4.235e-002	0.	0.16326	1.302e-002
4828	0.50797	0.	0.60726	1.5647e-004
4829	0.66495	0.	0.63594	1.1426e-004
4830	0.51895	0.	0.52931	2.2696e-004
4831	0.60072	0.	0.66282	1.1512e-004
4832	0.59689	0.	0.51439	1.769e-004
4833	0.64855	0.	0.5685	1.3017e-004
4834	0.54241	0.	0.65106	1.3383e-004
4839	-0.12636	0.	0.48471	5.8308e-004
4840	-8.5239e-002	0.	0.51776	3.9697e-004
4841	-0.18025	0.	0.49516	5.2146e-004
4842	-0.18651	0.	0.54715	3.5704e-004
4843	-0.10797	0.	0.56268	3.1238e-004
4844	-0.15084	0.	0.56972	3.2199e-004
4847	0.34572	0.	0.39004	6.3111e-004
4848	0.28048	0.	0.41849	6.6813e-004
4849	0.39036	0.	0.46563	3.7899e-004
4850	0.28783	0.	0.52156	3.6764e-004
4851	0.2615	0.	0.47555	5.3007e-004
4852	0.34389	0.	0.5106	3.6294e-004
4857	-0.55365	0.	0.40438	5.3658e-004
4858	-0.60136	0.	0.45362	3.5585e-004
4859	-0.46503	0.	0.44352	5.9382e-004
4860	-0.57518	0.	0.52712	3.1966e-004
4861	-0.49745	0.	0.38899	7.7805e-004
4862	-0.47526	0.	0.50316	3.807e-004
4863	-0.47958	0.	0.54592	3.3354e-004
4868	-0.13444	0.	0.10302	3.5975e-002
4869	-0.12899	0.	0.14494	1.8546e-002
4870	-0.12107	0.	0.10926	2.9486e-002
4871	-0.1173	0.	0.1244	2.2134e-002
4872	-0.14857	0.	0.13216	2.0671e-002
4873	-0.14975	0.	0.11177	2.9906e-002
4875	0.74386	0.	0.27733	2.1616e-004
4876	0.67139	0.	0.22045	2.8453e-004
4877	0.63414	0.	0.36742	2.2745e-004
4878	0.58205	0.	0.31078	3.2802e-004
4879	0.70443	0.	0.34804	2.0256e-004
4880	0.60405	0.	0.2604	3.6359e-004
4885	-0.94135	0.	0.27297	2.2252e-004
4886	-0.87139	0.	0.22045	2.852e-004
4887	-0.78216	0.	0.30035	3.4236e-004
4888	-0.90443	0.	0.33625	2.1182e-004
4889	-0.79985	0.	0.25154	3.865e-004
4890	-0.85561	0.	0.36066	2.3674e-004
4894	-0.15994	0.	0.73982	1.1369e-004
4895	-0.1227	0.	0.85944	5.187e-005
4896	-5.7694e-002	0.	0.74423	1.115e-004
4897	-0.14969	0.	0.80035	7.4954e-005
4898	-5.9328e-002	0.	0.84688	5.5331e-005
4899	-4.7503e-002	0.	0.79738	7.4667e-005
4900	-0.12955	0.	0.69896	1.6193e-004
4905	-0.19972	0.	0.10391	5.1032e-002
4906	-0.23553	0.	0.14789	1.5961e-002
4907	-0.18302	0.	0.13789	1.9327e-002
4908	-0.22202	0.	0.11684	2.3398e-002
4909	-0.1842	0.	0.1175	2.9242e-002
4913	-0.14514	0.	0.29311	2.0274e-003
4914	-6.025e-002	0.	0.29801	2.2008e-003
4915	-0.10313	0.	0.31477	2.0312e-003
4916	-6.2148e-002	0.	0.25843	2.9311e-003
4917	-9.1132e-002	0.	0.23916	4.7442e-003
4918	-0.14002	0.	0.26294	3.1364e-003
4921	2.316e-002	0.	8.2464e-002	4.846e-002
4922	-1.2997e-002	0.	9.8809e-002	3.8916e-002
4923	-7.8455e-003	0.	8.1564e-002	7.1205e-002
4924	5.9652e-003	0.	7.5729e-002	8.3499e-002
4925	8.3302e-004	0.	0.11786	3.0812e-002
4926	2.6187e-002	0.	0.10778	3.2074e-002
4929	-0.6218	0.	0.38704	4.7435e-004
4930	-0.64283	0.	0.32228	5.3464e-004
4931	-0.5179	0.	0.32241	8.8506e-004
4932	-0.55529	0.	0.28422	9.2059e-004
4933	-0.60177	0.	0.29139	6.6186e-004
4938	0.33704	0.	0.26039	1.2794e-003
4939	0.30512	0.	0.34802	8.2605e-004
4940	0.41499	0.	0.39516	5.5779e-004
4941	0.44085	0.	0.3236	6.0552e-004
4942	0.28415	0.	0.30469	1.2061e-003
4943	0.39224	0.	0.27962	8.0266e-004
4949	0.11157	0.	0.19921	6.6021e-003
4950	0.17398	0.	0.2219	3.1985e-003
4951	9.6924e-002	0.	0.26301	2.7464e-003
4952	0.14406	0.	0.18435	5.5079e-003
4953	0.14054	0.	0.28983	2.3989e-003
4954	0.16654	0.	0.26416	2.5184e-003
4959	-0.33121	0.	0.11551	1.1192e-002
4960	-0.42796	0.	0.13587	4.1538e-003
4961	-0.39238	0.	0.18288	4.2112e-003
4962	-0.34367	0.	0.18222	4.7623e-003
4963	-0.31261	0.	0.15559	7.6044e-003
4964	-0.38347	0.	0.10475	5.839e-003
4970	-0.28688	0.	0.12341	1.2284e-002
4971	-0.35775	0.	7.2563e-002	1.1164e-002
4972	-0.27337	0.	9.2351e-002	2.0356e-002
4973	-0.26902	0.	6.6429e-002	5.5132e-002
4978	0.41981	0.	0.69512	1.2932e-004
4979	0.44866	0.	0.5487	2.3083e-004
4980	0.37992	0.	0.65216	1.6191e-004
4981	0.47212	0.	0.67044	1.3985e-004
4982	0.40219	0.	0.59367	2.1273e-004
4987	-0.56313	0.	0.71174	1.411e-004
4988	-0.47702	0.	0.74391	1.3664e-004
4989	-0.56132	0.	0.63364	1.8784e-004
4990	-0.52799	0.	0.74915	1.3705e-004
4991	-0.46571	0.	0.65245	2.0856e-004
4995	-6.868e-002	0.	0.12612	2.3919e-002
4996	-9.4288e-002	0.	0.15832	1.3208e-002
4997	-4.5613e-002	0.	0.16745	1.2062e-002
4998	-7.2045e-002	0.	0.17749	1.1539e-002
4999	-4.8641e-002	0.	0.12599	2.4509e-002
5000	-8.2601e-002	0.	0.13777	1.7879e-002
5001	-3.4811e-002	0.	0.14504	1.545e-002
5007	0.76912	0.	0.88277	3.6154e-005
5008	0.65523	0.	0.81024	6.1688e-005
5009	0.61235	0.	0.85701	6.1776e-005
5010	0.72048	0.	0.835	5.0171e-005
5011	0.6411	0.	0.92265	4.7735e-005
5012	0.73592	0.	0.92429	3.728e-005
5016	-0.88704	0.	0.81256	5.4149e-005
5017	-0.81467	0.	0.84238	6.0724e-005
5018	-0.80444	0.	0.91731	5.1187e-005
5019	-0.92164	0.	0.90655	3.9242e-005
5023	-7.336e-002	0.	0.47346	5.9088e-004
5024	-0.10904	0.	0.3995	1.149e-003
5025	-0.16837	0.	0.45086	6.7913e-004
5026	-6.3926e-002	0.	0.42645	7.9541e-004
5027	-0.15008	0.	0.4139	9.5323e-004
5032	-0.62813	0.	0.80846	9.3798e-005
5033	-0.61896	0.	0.66137	1.5756e-004
5034	-0.691	0.	0.76831	9.2474e-005
5035	-0.58564	0.	0.77688	1.0432e-004
5036	-0.71855	0.	0.69706	1.0951e-004
5040	2.7326e-002	0.	0.49593	4.7753e-004
5041	3.6759e-002	0.	0.44892	7.1693e-004
5042	0.1444	0.	0.48797	5.815e-004
5043	0.11834	0.	0.45018	7.2486e-004
5044	0.11175	0.	0.53671	4.585e-004
5045	5.784e-002	0.	0.53832	4.3388e-004
5049	-0.2767	0.	0.64961	2.0836e-004
5050	-0.37324	0.	0.57121	2.9703e-004
5051	-0.28197	0.	0.58618	2.9497e-004
5052	-0.37755	0.	0.61398	2.461e-004
5053	-0.32368	0.	0.56171	3.9172e-004
5056	0.81335	0.	0.45083	1.1824e-004
5057	0.79472	0.	0.52431	9.6986e-005
5058	0.88408	0.	0.44238	1.0244e-004
5059	0.87063	0.	0.55903	7.8625e-005
5063	-0.92176	0.	0.64697	8.3955e-005
5064	-1.015	0.	0.51315	9.908e-005
5065	-0.99951	0.	0.62131	7.8919e-005
5066	-0.85206	0.	0.54361	1.4264e-004
5067	-0.94683	0.	0.46751	1.2961e-004
5068	-1.0143	0.	0.57184	8.645e-005
5069	-0.89802	0.	0.49191	1.5603e-004
5070	-0.87695	0.	0.60554	1.0803e-004
5075	0.3335	0.	0.78445	9.8734e-005
5076	0.42412	0.	0.83845	8.0215e-005
5077	0.36205	0.	0.72064	1.2885e-004
5078	0.36226	0.	0.85323	8.3931e-005
5079	0.46968	0.	0.79744	8.6427e-005
5080	0.45425	0.	0.73892	1.0497e-004
5085	7.895e-002	0.	0.71515	1.5511e-004
5086	2.959e-002	0.	0.68578	1.642e-004
5087	0.10776	0.	0.62933	2.5955e-004
5088	5.3852e-002	0.	0.63094	2.424e-004
5090	-7.8741e-002	0.	9.1258e-002	4.089e-002
5091	-6.2197e-002	0.	8.96e-002	4.9425e-002
5092	-5.2838e-002	0.	0.10453	3.1109e-002
5093	-9.0573e-002	0.	0.10117	3.1535e-002
5094	-8.6799e-002	0.	0.11631	2.5143e-002
5097	0.68742	0.	0.71087	7.588e-005
5098	0.73524	0.	0.61656	9.2832e-005
5099	0.8167	0.	0.71541	5.9585e-005
5100	0.81115	0.	0.65128	7.2002e-005
5101	0.75266	0.	0.73564	6.5933e-005
5104	0.50804	0.	0.18428	6.3344e-004
5105	0.40653	0.	0.12027	1.2078e-003
5106	0.50557	0.	0.12756	6.6705e-004
5107	0.43744	0.	0.19069	7.9857e-004
5113	-0.56348	0.	0.12817	1.6431e-003
5114	-0.68746	0.	0.17071	7.263e-004
5115	-0.6891	0.	0.10684	7.5588e-004
5116	-0.58223	0.	0.18146	1.0527e-003
5117	-0.62871	0.	0.18864	8.0992e-004
5121	0.25826	0.	0.20325	2.4174e-003
5122	0.27133	0.	0.15328	3.1708e-003
5123	0.32802	0.	0.15003	1.6625e-003
5124	0.25083	0.	0.24551	1.6334e-003
5125	0.35893	0.	0.22044	1.2861e-003
5129	-0.4634	0.	0.17107	2.3366e-003
5130	-0.51773	0.	0.17734	1.7657e-003
5131	-0.4545	0.	9.293e-002	4.151e-003
5137	-0.37911	0.	0.21742	3.0119e-003
5138	-0.39043	0.	0.25627	2.1542e-003
5139	-0.44476	0.	0.26254	1.7652e-003
5140	-0.48215	0.	0.22436	1.7927e-003
5143	-0.34172	0.	0.25561	2.8057e-003
5144	-0.29934	0.	0.19013	6.6245e-003
5145	-0.29177	0.	0.23797	3.1256e-003
5149	9.0456e-002	0.	0.11741	1.7006e-002
5150	0.12047	0.	0.14504	8.7154e-003
5151	6.6776e-002	0.	0.14112	1.4494e-002
5155	0.22089	0.	0.43353	7.3459e-004
5156	0.19483	0.	0.39574	8.752e-004
5157	0.1929	0.	0.35881	1.1283e-003
5158	0.21891	0.	0.33314	1.2408e-003
5160	-0.12272	0.	7.9634e-002	5.072e-002
5161	-0.12164	0.	9.1444e-002	4.0064e-002
5162	-0.13048	0.	7.0152e-002	6.7209e-002
5163	-0.14712	0.	7.2605e-002	7.6925e-002
5164	-0.15031	0.	9.3952e-002	4.1426e-002
5168	-0.21605	0.	0.91579	4.1752e-005
5169	-0.24304	0.	0.8567	6.8653e-005
5170	-0.34043	0.	0.90677	6.5088e-005
5171	-0.32051	0.	0.85733	7.89e-005
5176	8.3205e-002	0.	0.82273	9.171e-005
5177	3.221e-002	0.	0.89599	5.0505e-005
5178	0.1437	0.	0.90028	6.2787e-005
5179	4.4035e-002	0.	0.8465	7.0325e-005
5180	0.12498	0.	0.84503	7.3844e-005
5183	-0.22951	0.	0.62871	2.5709e-004
5184	-0.21398	0.	0.75267	1.2538e-004
5185	-0.29145	0.	0.7533	1.3202e-004
5186	-0.19384	0.	0.65128	2.0271e-004
5191	-0.14561	0.	0.33694	1.5492e-003
5192	-0.22038	0.	0.28723	2.2427e-003
5193	-0.18665	0.	0.35134	1.4704e-003
5194	-0.1825	0.	0.28511	2.8714e-003
5196	-0.48104	0.	0.86655	8.3996e-005
5197	-0.49953	0.	0.80904	9.9565e-005
5198	-0.42352	0.	0.85857	8.6252e-005
5199	-0.4036	0.	0.80913	9.8472e-005
5203	0.53757	0.	0.45583	2.4928e-004
5204	0.48548	0.	0.39919	3.4846e-004
5205	0.41316	0.	0.51572	2.7914e-004
5209	-0.64333	0.	0.50977	2.4483e-004
5210	-0.69054	0.	0.37151	3.5431e-004
5211	-0.71803	0.	0.48352	2.3757e-004
5212	-0.76398	0.	0.43183	2.4793e-004
5216	-0.95998	0.	0.19948	2.4202e-004
5217	-0.99301	0.	0.31528	1.6569e-004
5218	-1.043	0.	0.17679	1.8992e-004
5219	-1.0555	0.	0.30203	1.5575e-004
5225	0.76249	0.	0.20384	2.4895e-004
5226	0.79552	0.	0.33143	1.6415e-004
5227	0.84545	0.	0.18109	1.8952e-004
5228	0.86625	0.	0.32299	1.4891e-004
5233	-6.8059e-002	0.	7.6195e-002	5.8036e-002
5234	-9.7513e-002	0.	7.5959e-002	5.183e-002
5235	-9.6435e-002	0.	8.7769e-002	4.1656e-002
5236	-8.9904e-002	0.	6.5896e-002	6.3027e-002
5237	-7.3362e-002	0.	6.6936e-002	7.4012e-002
5243	-6.0726e-002	0.	0.34185	1.7184e-003
5244	-1.5609e-002	0.	0.3688	1.5089e-003
5245	2.0425e-002	0.	0.3063	2.1128e-003
5246	-1.9743e-002	0.	0.28551	2.9164e-003
5250	-0.37494	0.	0.35527	1.3831e-003
5251	-0.42927	0.	0.36155	9.2847e-004
5252	-0.40708	0.	0.47571	5.5141e-004
5253	-0.35752	0.	0.46621	6.3361e-004
5257	-0.97001	0.	0.77929	4.799e-005
5258	-1.0478	0.	0.75363	4.2687e-005
5259	-1.06	0.	0.87693	2.6212e-005
5260	-1.0046	0.	0.87328	3.1816e-005
5262	-2.2806e-002	0.	0.45951	6.6573e-004
5263	-5.4969e-002	0.	0.55143	3.3555e-004
5264	-1.7255e-003	0.	0.54891	3.6372e-004
5268	-4.2157e-002	0.	8.9467e-002	5.1148e-002
5269	-3.7006e-002	0.	7.2222e-002	8.2133e-002
5270	-5.6818e-002	0.	6.5278e-002	8.3328e-002
5275	-0.9837	0.	0.71183	5.6927e-005
5276	-0.83359	0.	0.76731	6.9268e-005
5277	-0.86114	0.	0.69606	8.8998e-005
5278	-0.94056	0.	0.83148	4.8445e-005
5283	0.29362	0.	0.74149	1.3302e-004
5284	0.29383	0.	0.87409	8.8505e-005
5285	0.23253	0.	0.86007	8.4463e-005
5286	0.2138	0.	0.80482	9.4181e-005
5290	0.86637	0.	0.81481	3.5165e-005
5291	0.80233	0.	0.83504	4.1662e-005
5292	0.81777	0.	0.92432	2.7519e-005
5296	-1.0243	0.	0.42421	1.2483e-004
5297	-1.0918	0.	0.52855	8.2971e-005
5298	-1.0868	0.	0.41096	1.1449e-004
5303	0.22825	0.	0.53661	4.4316e-004
5304	0.28837	0.	0.63015	2.211e-004
5305	0.19559	0.	0.58534	3.0124e-004
5306	0.31064	0.	0.57165	2.6626e-004
5310	0.22587	0.	0.15532	3.772e-003
5311	0.18288	0.	0.16773	5.4848e-003
5312	0.20537	0.	0.24755	2.3345e-003
5316	-5.849e-002	0.	0.38555	1.1636e-003
5317	-0.14464	0.	0.373	1.3044e-003
5321	-0.21896	0.	8.845e-002	5.1868e-002
5322	-0.17795	0.	6.7763e-002	8.9936e-002
5323	-0.21461	0.	6.2527e-002	8.0635e-002
5324	-0.18114	0.	8.911e-002	5.6295e-002
5330	-0.69836	0.	0.83729	7.6437e-005
5331	-0.57451	0.	0.90337	7.3162e-005
5332	-0.59299	0.	0.84586	8.911e-005
5333	-0.68812	0.	0.91222	6.7495e-005
5337	-0.22852	0.	0.5133	5.2214e-004
5338	-0.20397	0.	0.42435	9.4615e-004
5339	-0.27023	0.	0.48883	5.9931e-004
5344	0.58031	0.	0.78452	7.7311e-005
5345	0.56488	0.	0.72599	9.6849e-005
5346	0.68844	0.	0.76251	6.6381e-005
5351	-0.10185	0.	0.18822	9.5141e-003
5352	-0.11241	0.	0.14851	1.647e-002
5353	-0.14368	0.	0.15627	1.4331e-002
5354	-0.15074	0.	0.21199	8.2095e-003
5358	-1.0763	0.	0.63671	6.1183e-005
5364	-0.97304	0.	0.12428	2.5293e-004
5365	-0.81848	0.	0.17806	4.0251e-004
5366	-0.82012	0.	0.11418	4.3734e-004
5371	0.77298	0.	0.12422	2.5802e-004
5372	0.62268	0.	0.18692	3.9291e-004
5373	0.62021	0.	0.1302	4.3132e-004
5379	0.56342	0.	0.38427	3.0322e-004
5380	0.6858	0.	0.42153	1.7418e-004
5381	0.66718	0.	0.49501	1.5599e-004
5385	-0.69185	0.	0.55702	1.9191e-004
5386	-0.52155	0.	0.60208	2.2067e-004
5387	-0.71674	0.	0.61895	1.5818e-004
5393	0.53334	0.	0.27724	4.3409e-004
5394	0.46273	0.	0.28365	6.0805e-004
5399	-0.72925	0.	0.25795	4.5867e-004
5400	-0.78501	0.	0.36707	3.1315e-004
5401	-0.6705	0.	0.27587	5.5099e-004
5407	-0.40737	0.	0.30073	1.551e-003
5408	-0.30309	0.	0.27682	2.4365e-003
5412	0.38445	0.	0.92809	6.9043e-005
5413	0.49187	0.	0.8723	7.1141e-005
5414	0.52062	0.	0.93793	5.7641e-005
5417	0.73747	0.	0.47563	1.2899e-004
5418	0.82682	0.	0.39371	1.3278e-004
5423	-0.26071	0.	0.21134	6.1542e-003
5424	-0.25477	0.	0.13244	1.7656e-002
5428	0.79475	0.	0.58384	8.9249e-005
5434	-2.4192e-002	0.	0.21662	5.8099e-003
5435	-5.3176e-002	0.	0.19735	6.8176e-003
5436	-1.5942e-002	0.	0.16491	1.2135e-002
5442	1.8528e-002	0.	0.26671	2.9028e-003
5443	0.10231	0.	0.31432	1.8136e-003
5448	-0.49909	0.	0.26882	1.1331e-003
5453	0.17585	0.	0.4528	7.4919e-004
5454	0.16926	0.	0.53933	4.6121e-004
5458	-0.751	0.	0.87206	6.5831e-005
5459	-0.78877	0.	0.72589	9.3853e-005
5463	-5.0625e-002	0.	0.22666	5.0822e-003
5466	-0.17674	0.	0.87229	5.6289e-005
5467	-8.6375e-002	0.	0.91882	2.7342e-005
5471	-0.42163	0.	0.57811	2.9327e-004
5472	-0.36776	0.	0.52584	4.3336e-004
5477	-0.1285	0.	0.23117	5.2042e-003
5482	-0.81251	0.	0.47908	1.929e-004
5483	-0.79144	0.	0.59271	1.4828e-004
5487	-1.0186	0.	0.36532	1.4276e-004
5488	-0.90728	0.	0.40297	1.7983e-004
5492	-0.21526	0.	0.25706	3.2828e-003
5497	-0.27649	0.	0.54081	4.2285e-004
5498	-0.19911	0.	0.58785	2.9146e-004
5501	2.9625e-002	0.	0.73034	1.3087e-004
5502	3.9816e-002	0.	0.78349	9.9608e-005
5503	0.12076	0.	0.78203	1.0273e-004
5507	-0.10934	0.	8.5876e-002	4.5942e-002
5508	-0.11819	0.	6.4584e-002	7.1776e-002
5509	-0.10281	0.	6.4003e-002	6.5915e-002
5513	6.6222e-002	0.	7.3317e-002	3.9009e-002
5514	0.12295	0.	0.10255	1.6318e-002
5515	6.9248e-002	0.	9.8636e-002	2.1138e-002
5516	7.5855e-002	0.	5.6086e-002	4.4334e-002
5523	2.232e-002	0.	6.4972e-002	8.7564e-002
5524	4.2542e-002	0.	9.7026e-002	3.6686e-002
5525	3.231e-002	0.	5.5647e-002	0.10109
5526	4.9149e-002	0.	5.4476e-002	5.6953e-002
5543	0.34443	0.	0.61918	2.1039e-004
5547	-4.8717e-002	0.	0.64865	1.9241e-004
5548	-9.5443e-003	0.	0.75412	1.1443e-004
5549	-9.1587e-002	0.	0.65569	1.8515e-004
5550	4.5269e-003	0.	0.64613	2.2359e-004
5555	-0.28119	0.	0.81383	8.974e-005
5560	-2.7648e-002	0.	8.7153e-002	6.6376e-002
5561	-1.8969e-002	0.	0.12345	2.5401e-002
5566	-8.6861e-003	0.	6.4072e-002	0.1067
5573	-0.53202	0.	0.87179	8.4115e-005
5574	-0.45601	0.	0.92132	7.0336e-005
5580	-0.10449	0.	0.11282	2.7922e-002
5585	-0.12057	0.	0.60338	2.3734e-004
5586	-2.4455e-002	0.	0.59382	2.5961e-004
5592	-1.1179e-002	0.	0.85676	5.9924e-005
5597	-0.74858	0.	0.14527	5.3234e-004
5598	-0.68819	0.	0.22706	5.9088e-004
5603	0.55287	0.	0.17015	5.039e-004
5604	0.48473	0.	0.23327	6.4019e-004
5608	0.14786	0.	0.37808	1.1413e-003
5611	0.8762	0.	0.68269	5.7076e-005
5612	0.81772	0.	0.76705	4.896e-005
5618	0.19595	0.	0.11777	6.1631e-003
5619	0.29563	0.	0.1021	3.108e-003
5624	0.26128	0.	0.92885	6.8905e-005
5632	0.38323	0.	0.16926	1.2061e-003
5643	8.2695e-002	0.	0.58969	3.0756e-004
5647	0.522	0.	0.77276	9.6734e-005
5648	0.56618	0.	0.89693	6.3779e-005
5663	-1.0306	0.	0.92912	2.6232e-005
5667	0.17193	0.	0.31548	1.4856e-003
5671	1.5115e-002	0.	4.8913e-002	0.12954
5675	-0.58296	0.	0.23781	9.3501e-004
5686	-0.16444	0.	0.12309	2.7041e-002
5691	2.0214e-002	0.	0.13242	1.7337e-002
5702	-0.1426	0.	5.7555e-002	9.4508e-002
5703	-0.11058	0.	5.4521e-002	7.9383e-002
5712	-0.23691	0.	7.546e-002	5.9235e-002
5719	-0.16243	0.	8.1355e-002	7.2586e-002
5726	-0.37858	0.	0.8639	8.5516e-005
5730	-7.8663e-002	0.	5.4979e-002	8.4402e-002
5742	0.18126	0.	0.85958	7.5075e-005
5799	4.1944e-002	0.	3.8416e-002	0.10689
