Node Number	X Location (m)	Y Location (m)	Z Location (m)	Total Magnetic Flux Density (T)
115	-0.44	0.	5.5e-002	0.84671
116	-0.418	0.	5.5e-002	0.99493
117	-0.396	0.	5.5e-002	1.3066
118	-0.352	0.	5.5e-002	1.7573
119	-0.308	0.	5.5e-002	2.0332
120	-0.264	0.	5.5e-002	2.2143
121	-0.22	0.	5.5e-002	2.2919
122	-0.176	0.	5.5e-002	2.2236
123	-0.132	0.	5.5e-002	2.0531
124	-8.8e-002	0.	5.5e-002	1.7623
125	-4.4e-002	0.	5.5e-002	1.3825
126	0.	0.	5.5e-002	0.83562
127	-2.2e-002	0.	5.5e-002	1.0395
205	-2.2e-002	0.	-5.5e-002	1.0335
206	0.	0.	-5.5e-002	0.83761
207	-4.4e-002	0.	-5.5e-002	1.3807
208	-8.8e-002	0.	-5.5e-002	1.8065
209	-0.132	0.	-5.5e-002	2.0765
210	-0.176	0.	-5.5e-002	2.2065
211	-0.22	0.	-5.5e-002	2.2764
212	-0.264	0.	-5.5e-002	2.2162
213	-0.308	0.	-5.5e-002	2.0391
214	-0.352	0.	-5.5e-002	1.7676
215	-0.396	0.	-5.5e-002	1.3191
216	-0.418	0.	-5.5e-002	1.0184
217	-0.44	0.	-5.5e-002	0.86295
595	0.	0.	0.	0.68581
596	-0.44	0.	0.	0.77093
1044	-4.4e-002	0.	0.	1.2966
1045	-0.1306	0.	8.6736e-019	2.0018
1046	-0.21707	0.	0.	2.2635
1047	-0.286	0.	0.	2.1044
1048	-0.35131	0.	1.9516e-018	1.6952
2682	-0.429	0.	5.5e-002	0.91305
2684	-0.44	0.	2.75e-002	0.75105
2690	-0.407	0.	5.5e-002	1.1368
2692	-0.429	0.	2.75e-002	0.85284
2695	-0.374	0.	5.5e-002	1.5305
2697	-0.418	0.	2.75e-002	1.0304
2698	-0.37366	0.	2.75e-002	1.4936
2701	-0.33	0.	5.5e-002	1.8942
2703	-0.35166	0.	2.75e-002	1.7235
2706	-0.286	0.	5.5e-002	2.1235
2708	-0.297	0.	2.75e-002	2.0682
2709	-0.32966	0.	2.75e-002	1.8635
2712	-0.242	0.	5.5e-002	2.253
2714	-0.24054	0.	2.75e-002	2.2388
2715	-0.275	0.	2.75e-002	2.1592
2719	-0.198	0.	5.5e-002	2.2576
2721	-0.21854	0.	2.75e-002	2.2777
2724	-0.154	0.	5.5e-002	2.1379
2726	-0.1533	0.	2.75e-002	2.1124
2727	-0.19654	0.	2.75e-002	2.2434
2730	-0.11	0.	5.5e-002	1.9074
2732	-0.1313	0.	2.75e-002	2.0262
2735	-6.6e-002	0.	5.5e-002	1.5694
2737	-6.6e-002	0.	2.75e-002	1.5274
2738	-0.1093	0.	2.75e-002	1.8795
2741	-3.3e-002	0.	5.5e-002	1.2062
2743	-4.4e-002	0.	2.75e-002	1.3317
2746	-1.1e-002	0.	5.5e-002	0.92279
2748	0.	0.	2.75e-002	0.70777
2752	-1.1e-002	0.	2.75e-002	0.84225
2753	-3.3e-002	0.	2.75e-002	1.1456
3123	-1.1e-002	0.	-5.5e-002	0.92319
3124	-3.3e-002	0.	-5.5e-002	1.2012
3125	-1.1e-002	0.	-2.75e-002	0.83968
3126	-3.3e-002	0.	-2.75e-002	1.1422
3131	0.	0.	-2.75e-002	0.71318
3137	-6.6e-002	0.	-5.5e-002	1.5904
3138	-4.4e-002	0.	-2.75e-002	1.3319
3141	-0.11	0.	-5.5e-002	1.9413
3142	-6.6e-002	0.	-2.75e-002	1.5498
3143	-0.1093	0.	-2.75e-002	1.9028
3147	-0.154	0.	-5.5e-002	2.1411
3148	-0.1313	0.	-2.75e-002	2.0386
3151	-0.198	0.	-5.5e-002	2.2414
3152	-0.1533	0.	-2.75e-002	2.1041
3153	-0.19654	0.	-2.75e-002	2.2349
3158	-0.242	0.	-5.5e-002	2.2461
3159	-0.21854	0.	-2.75e-002	2.27
3162	-0.286	0.	-5.5e-002	2.1274
3163	-0.24054	0.	-2.75e-002	2.2396
3164	-0.275	0.	-2.75e-002	2.1601
3167	-0.33	0.	-5.5e-002	1.9025
3168	-0.297	0.	-2.75e-002	2.0711
3169	-0.32966	0.	-2.75e-002	1.8665
3172	-0.374	0.	-5.5e-002	1.5426
3173	-0.35166	0.	-2.75e-002	1.7289
3176	-0.407	0.	-5.5e-002	1.1551
3177	-0.418	0.	-2.75e-002	1.0374
3178	-0.37366	0.	-2.75e-002	1.5019
3182	-0.429	0.	-5.5e-002	0.93178
3183	-0.429	0.	-2.75e-002	0.8671
3188	-0.44	0.	-2.75e-002	0.76077
5509	-2.2e-002	0.	0.	0.98669
5518	-0.39566	0.	9.7582e-019	1.2278
8505	-8.7298e-002	0.	4.3368e-019	1.6489
8511	-0.17384	0.	4.3368e-019	2.1326
8520	-0.25154	0.	0.	2.1839
8528	-0.31866	0.	9.7582e-019	1.8998
78	-0.418	0.	-6.875e-002	0.35834
79	-0.396	0.	-6.875e-002	0.26622
80	-0.352	0.	-6.875e-002	0.18556
81	-0.308	0.	-6.875e-002	0.12228
82	-0.264	0.	-6.875e-002	7.5334e-002
83	-0.22	0.	-6.875e-002	5.0955e-002
84	-0.176	0.	-6.875e-002	7.3597e-002
85	-0.132	0.	-6.875e-002	0.12266
86	-8.8e-002	0.	-6.875e-002	0.18757
87	-4.4e-002	0.	-6.875e-002	0.26421
88	-2.2e-002	0.	-6.875e-002	0.35704
89	-2.2e-002	0.	6.875e-002	0.3617
90	-4.4e-002	0.	6.875e-002	0.26644
91	-8.8e-002	0.	6.875e-002	0.18699
92	-0.132	0.	6.875e-002	0.12393
93	-0.176	0.	6.875e-002	7.4798e-002
94	-0.22	0.	6.875e-002	5.0932e-002
95	-0.264	0.	6.875e-002	7.4226e-002
96	-0.308	0.	6.875e-002	0.12281
97	-0.352	0.	6.875e-002	0.18747
98	-0.396	0.	6.875e-002	0.26732
99	-0.418	0.	6.875e-002	0.36077
100	0.	0.	6.875e-002	0.42247
101	0.	0.	8.25e-002	0.30659
102	-2.2e-002	0.	8.25e-002	0.28628
103	-4.4e-002	0.	8.25e-002	0.23665
104	-8.8e-002	0.	8.25e-002	0.17417
105	-0.132	0.	8.25e-002	0.12572
106	-0.176	0.	8.25e-002	9.0215e-002
107	-0.22	0.	8.25e-002	7.6062e-002
108	-0.264	0.	8.25e-002	8.977e-002
109	-0.308	0.	8.25e-002	0.12408
110	-0.352	0.	8.25e-002	0.17452
111	-0.396	0.	8.25e-002	0.23801
112	-0.418	0.	8.25e-002	0.28593
113	-0.44	0.	6.875e-002	0.41955
114	-0.44	0.	8.25e-002	0.30355
115	-0.44	0.	5.5e-002	0.53598
116	-0.418	0.	5.5e-002	0.43604
117	-0.396	0.	5.5e-002	0.29729
118	-0.352	0.	5.5e-002	0.20381
119	-0.308	0.	5.5e-002	0.12723
120	-0.264	0.	5.5e-002	6.539e-002
121	-0.22	0.	5.5e-002	2.5802e-002
122	-0.176	0.	5.5e-002	6.5845e-002
123	-0.132	0.	5.5e-002	0.12777
124	-8.8e-002	0.	5.5e-002	0.20325
125	-4.4e-002	0.	5.5e-002	0.29688
126	0.	0.	5.5e-002	0.53858
127	-2.2e-002	0.	5.5e-002	0.43743
205	-2.2e-002	0.	-5.5e-002	0.431
206	0.	0.	-5.5e-002	0.52939
207	-4.4e-002	0.	-5.5e-002	0.29472
208	-8.8e-002	0.	-5.5e-002	0.20347
209	-0.132	0.	-5.5e-002	0.12706
210	-0.176	0.	-5.5e-002	6.456e-002
211	-0.22	0.	-5.5e-002	2.5841e-002
212	-0.264	0.	-5.5e-002	6.6306e-002
213	-0.308	0.	-5.5e-002	0.1262
214	-0.352	0.	-5.5e-002	0.20169
215	-0.396	0.	-5.5e-002	0.29593
216	-0.418	0.	-5.5e-002	0.43349
217	-0.44	0.	-5.5e-002	0.53202
325	-0.418	0.	-8.25e-002	0.28363
326	-0.44	0.	-8.25e-002	0.30069
327	-0.396	0.	-8.25e-002	0.2372
328	-0.352	0.	-8.25e-002	0.17282
329	-0.308	0.	-8.25e-002	0.12418
330	-0.264	0.	-8.25e-002	9.0971e-002
331	-0.22	0.	-8.25e-002	7.608e-002
332	-0.176	0.	-8.25e-002	8.9242e-002
333	-0.132	0.	-8.25e-002	0.1239
334	-8.8e-002	0.	-8.25e-002	0.17513
335	-4.4e-002	0.	-8.25e-002	0.23446
336	-2.2e-002	0.	-8.25e-002	0.28339
337	0.	0.	-8.25e-002	0.3071
347	-0.44	0.	-6.875e-002	0.41617
351	0.	0.	-6.875e-002	0.41811
2532	-0.407	0.	-6.875e-002	0.3104
2533	-0.418	0.	-6.1875e-002	0.39588
2534	-0.418	0.	-7.5625e-002	0.32091
2535	-0.429	0.	-6.875e-002	0.38639
2536	-0.374	0.	-6.875e-002	0.22547
2537	-0.396	0.	-6.1875e-002	0.281
2538	-0.396	0.	-7.5625e-002	0.25161
2539	-0.33	0.	-6.875e-002	0.15327
2540	-0.352	0.	-6.1875e-002	0.19325
2541	-0.352	0.	-7.5625e-002	0.17871
2542	-0.286	0.	-6.875e-002	9.7552e-002
2543	-0.308	0.	-6.1875e-002	0.12353
2544	-0.308	0.	-7.5625e-002	0.1225
2545	-0.242	0.	-6.875e-002	5.8245e-002
2546	-0.264	0.	-6.1875e-002	6.979e-002
2547	-0.264	0.	-7.5625e-002	8.2524e-002
2548	-0.198	0.	-6.875e-002	5.7026e-002
2549	-0.22	0.	-6.1875e-002	3.8395e-002
2550	-0.22	0.	-7.5625e-002	6.3517e-002
2551	-0.154	0.	-6.875e-002	9.6732e-002
2552	-0.176	0.	-6.1875e-002	6.8043e-002
2553	-0.176	0.	-7.5625e-002	8.0796e-002
2554	-0.11	0.	-6.875e-002	0.15453
2555	-0.132	0.	-6.1875e-002	0.12418
2556	-0.132	0.	-7.5625e-002	0.12257
2557	-6.6e-002	0.	-6.875e-002	0.22548
2558	-8.8e-002	0.	-6.1875e-002	0.19514
2559	-8.8e-002	0.	-7.5625e-002	0.18087
2560	-3.3e-002	0.	-6.875e-002	0.30869
2561	-4.4e-002	0.	-6.1875e-002	0.27939
2562	-4.4e-002	0.	-7.5625e-002	0.24922
2563	-2.2e-002	0.	-6.1875e-002	0.39399
2564	-2.2e-002	0.	-7.5625e-002	0.32016
2565	-1.1e-002	0.	-6.875e-002	0.38676
2566	-3.3e-002	0.	6.875e-002	0.31209
2567	-1.1e-002	0.	6.875e-002	0.39122
2568	-2.2e-002	0.	7.5625e-002	0.32393
2569	-2.2e-002	0.	6.1875e-002	0.39953
2570	-6.6e-002	0.	6.875e-002	0.22627
2571	-4.4e-002	0.	7.5625e-002	0.25145
2572	-4.4e-002	0.	6.1875e-002	0.28159
2573	-0.11	0.	6.875e-002	0.15486
2574	-8.8e-002	0.	7.5625e-002	0.1801
2575	-8.8e-002	0.	6.1875e-002	0.19474
2576	-0.154	0.	6.875e-002	9.8078e-002
2577	-0.132	0.	7.5625e-002	0.12412
2578	-0.132	0.	6.1875e-002	0.12516
2579	-0.198	0.	6.875e-002	5.7607e-002
2580	-0.176	0.	7.5625e-002	8.1891e-002
2581	-0.176	0.	6.1875e-002	6.9315e-002
2582	-0.242	0.	6.875e-002	5.7586e-002
2583	-0.22	0.	7.5625e-002	6.3497e-002
2584	-0.22	0.	6.1875e-002	3.8367e-002
2585	-0.286	0.	6.875e-002	9.7146e-002
2586	-0.264	0.	7.5625e-002	8.1361e-002
2587	-0.264	0.	6.1875e-002	6.8762e-002
2588	-0.33	0.	6.875e-002	0.15452
2589	-0.308	0.	7.5625e-002	0.12272
2590	-0.308	0.	6.1875e-002	0.12432
2591	-0.374	0.	6.875e-002	0.22698
2592	-0.352	0.	7.5625e-002	0.18053
2593	-0.352	0.	6.1875e-002	0.19527
2594	-0.407	0.	6.875e-002	0.31212
2595	-0.396	0.	7.5625e-002	0.25257
2596	-0.396	0.	6.1875e-002	0.28224
2597	-0.418	0.	7.5625e-002	0.32327
2598	-0.429	0.	6.875e-002	0.3893
2599	-0.418	0.	6.1875e-002	0.39836
2600	0.	0.	7.5625e-002	0.36449
2601	0.	0.	6.1875e-002	0.48051
2604	-1.1e-002	0.	8.25e-002	0.29573
2609	-3.3e-002	0.	8.25e-002	0.2595
2614	-6.6e-002	0.	8.25e-002	0.20423
2619	-0.11	0.	8.25e-002	0.14884
2624	-0.154	0.	8.25e-002	0.10622
2629	-0.198	0.	8.25e-002	7.9535e-002
2635	-0.242	0.	8.25e-002	7.959e-002
2641	-0.286	0.	8.25e-002	0.10506
2647	-0.33	0.	8.25e-002	0.14813
2654	-0.374	0.	8.25e-002	0.20514
2660	-0.407	0.	8.25e-002	0.26015
2666	-0.429	0.	8.25e-002	0.29408
2670	-0.44	0.	7.5625e-002	0.36147
2671	-0.44	0.	6.1875e-002	0.47773
2682	-0.429	0.	5.5e-002	0.48501
2690	-0.407	0.	5.5e-002	0.36476
2695	-0.374	0.	5.5e-002	0.25049
2701	-0.33	0.	5.5e-002	0.16534
2706	-0.286	0.	5.5e-002	9.5842e-002
2712	-0.242	0.	5.5e-002	3.9627e-002
2719	-0.198	0.	5.5e-002	3.9636e-002
2724	-0.154	0.	5.5e-002	9.6363e-002
2730	-0.11	0.	5.5e-002	0.16533
2735	-6.6e-002	0.	5.5e-002	0.25001
2741	-3.3e-002	0.	5.5e-002	0.36528
2746	-1.1e-002	0.	5.5e-002	0.48703
3123	-1.1e-002	0.	-5.5e-002	0.47928
3124	-3.3e-002	0.	-5.5e-002	0.36107
3130	0.	0.	-6.1875e-002	0.47373
3137	-6.6e-002	0.	-5.5e-002	0.24904
3141	-0.11	0.	-5.5e-002	0.1651
3147	-0.154	0.	-5.5e-002	9.5334e-002
3151	-0.198	0.	-5.5e-002	3.8722e-002
3158	-0.242	0.	-5.5e-002	4.0434e-002
3162	-0.286	0.	-5.5e-002	9.5818e-002
3167	-0.33	0.	-5.5e-002	0.16376
3172	-0.374	0.	-5.5e-002	0.24875
3176	-0.407	0.	-5.5e-002	0.36286
3182	-0.429	0.	-5.5e-002	0.48177
3187	-0.44	0.	-6.1875e-002	0.47406
3918	-0.429	0.	-8.25e-002	0.29147
3919	-0.407	0.	-8.25e-002	0.25862
3924	-0.44	0.	-7.5625e-002	0.35836
3930	-0.374	0.	-8.25e-002	0.20388
3934	-0.33	0.	-8.25e-002	0.14727
3940	-0.286	0.	-8.25e-002	0.10589
3944	-0.242	0.	-8.25e-002	8.0175e-002
3950	-0.198	0.	-8.25e-002	7.9179e-002
3955	-0.154	0.	-8.25e-002	0.10468
3959	-0.11	0.	-8.25e-002	0.14841
3963	-6.6e-002	0.	-8.25e-002	0.2037
3967	-3.3e-002	0.	-8.25e-002	0.25694
3971	-1.1e-002	0.	-8.25e-002	0.29458
3975	0.	0.	-7.5625e-002	0.36256
206	0.	0.	-5.5e-002	0.37811
217	-0.44	0.	-5.5e-002	0.40214
325	-0.418	0.	-8.25e-002	0.19644
326	-0.44	0.	-8.25e-002	0.22287
327	-0.396	0.	-8.25e-002	0.18314
328	-0.352	0.	-8.25e-002	0.14667
329	-0.308	0.	-8.25e-002	0.11074
330	-0.264	0.	-8.25e-002	8.7036e-002
331	-0.22	0.	-8.25e-002	8.1433e-002
332	-0.176	0.	-8.25e-002	8.7713e-002
333	-0.132	0.	-8.25e-002	0.10585
334	-8.8e-002	0.	-8.25e-002	0.14798
335	-4.4e-002	0.	-8.25e-002	0.17251
336	-2.2e-002	0.	-8.25e-002	0.20964
337	0.	0.	-8.25e-002	0.20832
347	-0.44	0.	-6.875e-002	0.3039
351	0.	0.	-6.875e-002	0.33712
418	1.	0.	-9.8409e-002	1.1211e-003
419	1.	0.	-0.19682	1.0053e-003
420	1.	0.	-0.29523	9.4992e-004
421	1.	0.	-0.39364	7.9307e-004
422	1.	0.	-0.49205	6.3736e-004
423	1.	0.	-0.59045	4.8954e-004
424	1.	0.	-0.68886	3.8145e-004
425	1.	0.	-0.78727	2.8004e-004
426	1.	0.	-0.88568	1.9633e-004
427	1.	0.	-0.98409	7.6175e-005
438	0.89833	0.	-1.0825	8.9531e-005
439	0.79667	0.	-1.0825	1.8093e-004
440	0.695	0.	-1.0825	2.4519e-004
441	0.59333	0.	-1.0825	3.4239e-004
442	0.49167	0.	-1.0825	4.2067e-004
443	0.39	0.	-1.0825	4.975e-004
444	0.28833	0.	-1.0825	5.1741e-004
445	0.18667	0.	-1.0825	5.0335e-004
446	8.5e-002	0.	-1.0825	4.4404e-004
447	-1.6667e-002	0.	-1.0825	3.1359e-004
448	-0.11833	0.	-1.0825	1.7521e-004
449	-0.22	0.	-1.0825	1.0863e-004
450	-0.32167	0.	-1.0825	2.0588e-004
451	-0.42333	0.	-1.0825	3.4443e-004
452	-0.525	0.	-1.0825	4.4466e-004
453	-0.62667	0.	-1.0825	4.9732e-004
454	-0.72833	0.	-1.0825	5.0164e-004
455	-0.83	0.	-1.0825	4.654e-004
456	-0.93167	0.	-1.0825	4.4586e-004
457	-1.0333	0.	-1.0825	3.3871e-004
458	-1.135	0.	-1.0825	2.5531e-004
459	-1.2367	0.	-1.0825	1.7527e-004
460	-1.3383	0.	-1.0825	7.5085e-005
466	-1.44	0.	-0.98409	8.3968e-005
467	-1.44	0.	-0.88568	1.8082e-004
468	-1.44	0.	-0.78727	2.7034e-004
469	-1.44	0.	-0.68886	3.9769e-004
470	-1.44	0.	-0.59045	5.0329e-004
471	-1.44	0.	-0.49205	6.7355e-004
472	-1.44	0.	-0.39364	8.1872e-004
473	-1.44	0.	-0.29523	9.1553e-004
474	-1.44	0.	-0.19682	1.0222e-003
475	-1.44	0.	-9.8409e-002	1.1115e-003
481	0.1	0.	0.	0.10327
482	0.2	0.	0.	3.4452e-002
483	0.3	0.	0.	1.2672e-002
484	0.4	0.	0.	7.1156e-003
485	0.5	0.	0.	3.7515e-003
486	0.6	0.	0.	2.5639e-003
487	0.7	0.	0.	2.1088e-003
488	0.8	0.	0.	1.3918e-003
489	0.9	0.	0.	1.1809e-003
490	-1.34	0.	0.	1.1634e-003
491	-1.24	0.	0.	1.4435e-003
492	-1.14	0.	0.	1.859e-003
493	-1.04	0.	0.	2.693e-003
494	-0.94	0.	0.	3.7083e-003
495	-0.84	0.	0.	6.473e-003
496	-0.74	0.	0.	1.1661e-002
497	-0.64	0.	0.	3.0219e-002
498	-0.54	0.	0.	0.11575
595	0.	0.	0.	0.4074
596	-0.44	0.	0.	0.38421
601	1.	0.	-1.0825	4.817e-005
602	1.	0.	0.	1.1399e-003
603	-1.44	0.	-1.0825	4.5938e-005
604	-1.44	0.	0.	1.1152e-003
784	0.14521	0.	-0.55521	2.6034e-003
785	-0.59172	0.	-0.57968	2.3253e-003
786	-0.50856	0.	-0.36347	9.5231e-003
787	8.2117e-002	0.	-0.35417	9.7312e-003
788	-0.18973	0.	-0.44889	4.8817e-003
789	-1.0307	0.	-0.49963	1.2237e-003
790	0.59573	0.	-0.48937	1.23e-003
791	-0.26164	0.	-0.78995	7.4497e-004
792	-0.24598	0.	-0.27	1.8293e-002
793	4.8382e-002	0.	-0.18968	3.9626e-002
794	-0.47604	0.	-0.2075	2.9884e-002
795	-0.76208	0.	-0.41028	4.047e-003
796	0.33883	0.	-0.40584	3.7625e-003
797	0.49894	0.	-0.80148	6.2305e-004
798	-0.93859	0.	-0.77709	6.9324e-004
799	-0.37544	0.	-0.52297	3.571e-003
800	-8.617e-002	0.	-0.28951	1.8774e-002
801	8.1279e-002	0.	-0.74453	1.2956e-003
802	-1.9409e-002	0.	-0.65595	1.7584e-003
803	-0.55557	0.	-0.91152	5.8888e-004
804	-1.279	0.	-0.73882	3.9207e-004
805	0.67611	0.	-0.76832	4.4309e-004
806	0.22992	0.	-0.37301	5.5106e-003
807	-0.57139	0.	-0.27509	1.4101e-002
808	0.61472	0.	-0.32538	1.9962e-003
809	-1.0613	0.	-0.17644	2.4711e-003
810	-0.303	0.	-0.34467	1.1204e-002
811	-0.32267	0.	-0.24917	2.4022e-002
812	-0.16999	0.	-0.145	6.4041e-002
813	-0.36326	0.	-0.7075	1.2962e-003
814	3.9676e-002	0.	-0.54486	3.1033e-003
815	-0.35668	0.	-0.19192	4.8507e-002
816	-0.23881	0.	-0.66743	1.4709e-003
817	-0.85655	0.	-0.33542	3.1644e-003
818	0.38789	0.	-0.11813	6.8074e-003
819	-0.85504	0.	-0.64849	1.3283e-003
820	0.35834	0.	-0.54818	2.0535e-003
821	0.85688	0.	-0.53758	6.4832e-004
822	0.36631	0.	-0.69817	1.0648e-003
823	-3.1664e-002	0.	-0.17158	5.7755e-002
824	-1.3115	0.	-0.42577	8.3626e-004
825	-0.6525	0.	-0.83065	8.7681e-004
826	-3.6503e-002	0.	-0.42036	6.1641e-003
827	-0.39436	0.	-0.12805	0.10815
828	1.4125e-003	0.	-0.95007	4.7178e-004
829	0.23306	0.	-0.92851	6.3191e-004
830	0.79351	0.	-0.28143	1.2174e-003
831	-0.45712	0.	-0.15006	7.0922e-002
832	1.6336e-002	0.	-0.12263	0.10379
833	-0.74026	0.	-0.29387	5.9027e-003
834	-8.8068e-002	0.	-0.56939	2.6543e-003
835	0.20143	0.	-0.1795	1.7174e-002
836	-0.40003	0.	-0.36245	8.888e-003
837	-1.201	0.	-0.90175	2.586e-004
838	-0.39944	0.	-0.86602	6.2475e-004
839	-0.21497	0.	-0.36375	8.5883e-003
840	-0.50788	0.	-0.76908	9.8781e-004
841	-0.13239	0.	-0.21592	3.3602e-002
842	0.8608	0.	-0.83765	2.4459e-004
843	0.1236	0.	-0.45055	5.5052e-003
844	-0.54813	0.	-0.4575	4.4672e-003
845	-0.78131	0.	-0.15071	7.7564e-003
846	0.12346	0.	-0.16444	3.1788e-002
847	7.6055e-002	0.	-0.10083	7.9569e-002
848	-1.0964	0.	-0.77116	5.1868e-004
849	-0.13933	0.	-0.72127	1.0556e-003
850	-1.1395	0.	-0.60454	7.4251e-004
851	-0.57302	0.	-9.7046e-002	4.5323e-002
852	-0.49797	0.	-9.3096e-002	9.3013e-002
853	0.54563	0.	-0.14233	3.1888e-003
854	0.43972	0.	-0.28649	3.8011e-003
855	-0.72611	0.	-0.62139	1.6931e-003
856	-0.26618	0.	-0.93734	2.5797e-004
857	-1.3057	0.	-0.13036	1.2034e-003
858	-1.075	0.	-0.33501	1.7003e-003
859	-0.9354	0.	-0.13377	4.1172e-003
860	0.73604	0.	-0.44085	1.1211e-003
861	0.35691	0.	-0.84307	6.9121e-004
862	-0.13646	0.	-0.36652	9.1116e-003
863	-0.27907	0.	-0.49569	3.8605e-003
864	-0.16646	0.	-0.28563	1.4741e-002
865	0.61549	0.	-0.93385	3.5862e-004
866	-0.10131	0.	-0.16583	5.4438e-002
867	-0.40036	0.	-0.23529	2.5029e-002
868	-0.49049	0.	-0.65255	1.7957e-003
869	-0.19799	0.	-0.55786	2.7458e-003
870	0.52656	0.	-0.63668	9.9326e-004
871	0.69503	0.	-0.597	7.0766e-004
872	0.12944	0.	-0.24679	1.4201e-002
873	-0.2026	0.	-0.2043	3.5526e-002
874	0.22005	0.	-0.75305	1.0385e-003
875	-0.95572	0.	-0.93587	4.6694e-004
876	-0.34098	0.	-0.43003	5.7698e-003
877	-0.63401	0.	-0.36808	7.0349e-003
878	-0.79721	0.	-0.53395	2.5157e-003
879	0.30349	0.	-0.20908	8.3573e-003
880	0.22919	0.	-0.48011	3.3006e-003
881	-0.67313	0.	-0.49639	2.8627e-003
882	-0.61833	0.	-0.70658	1.4395e-003
883	-0.30696	0.	-0.59292	2.2845e-003
884	-0.76028	0.	-0.74547	9.7444e-004
885	-1.9309e-002	0.	-0.24471	2.6486e-002
886	-1.1547	0.	-0.45659	9.8847e-004
887	0.47841	0.	-0.95511	4.8378e-004
888	0.44708	0.	-0.44918	2.2963e-003
889	2.7841e-002	0.	-8.095e-002	0.17332
890	-1.3065	0.	-0.56914	6.0607e-004
891	-0.99712	0.	-0.64943	9.6325e-004
892	-0.66416	0.	-0.21949	1.3227e-002
893	0.24204	0.	-0.61914	1.9449e-003
894	-0.17174	0.	-0.8417	5.5396e-004
895	-7.4323e-003	0.	-0.31688	1.3564e-002
896	0.70662	0.	-0.12987	1.7728e-003
897	-0.45312	0.	-0.28997	1.6676e-002
898	-6.8638e-002	0.	-0.12775	0.10076
899	-7.0523e-002	0.	-0.84158	6.6357e-004
900	-0.31692	0.	-0.13636	8.2983e-002
901	-0.47777	0.	-0.54767	3.2074e-003
902	0.88867	0.	-0.40998	8.2057e-004
903	-0.56093	0.	-0.19715	2.852e-002
904	0.8781	0.	-0.96438	1.5029e-004
905	-0.37103	0.	-0.97799	3.479e-004
906	-1.2026	0.	-0.351	1.2275e-003
907	0.86744	0.	-0.68588	3.9067e-004
908	-0.10198	0.	-0.43414	6.025e-003
909	-0.80841	0.	-0.86833	6.4262e-004
910	0.87684	0.	-0.16368	1.1704e-003
911	-0.26016	0.	-0.42105	6.0714e-003
912	-1.325	0.	-0.96141	1.3617e-004
913	-0.46762	0.	-8.1362e-002	0.17295
914	-0.85502	0.	-0.44372	2.7428e-003
915	-1.325	0.	-0.29222	9.6799e-004
916	-0.12368	0.	-0.96378	3.0601e-004
917	0.34563	0.	-0.97635	5.4058e-004
918	-0.37367	0.	-0.29627	1.5967e-002
919	-0.43801	0.	-0.11375	0.13513
920	-0.67561	0.	-0.11912	1.8833e-002
921	-0.40211	0.	-0.60922	2.0248e-003
922	0.75369	0.	-0.94487	2.3742e-004
923	-0.15477	0.	-0.6313	1.9586e-003
924	-7.4744e-002	0.	-0.21858	3.1611e-002
925	-5.9362e-002	0.	-0.3623	9.7247e-003
926	0.16045	0.	-8.9605e-002	4.2653e-002
927	-0.9146	0.	-0.52938	1.7826e-003
928	-0.95244	0.	-0.40104	2.0487e-003
929	-1.1902	0.	-0.23256	1.3664e-003
930	-1.969e-002	0.	-0.11067	0.14437
931	-0.84641	0.	-0.23513	4.5416e-003
932	-0.42018	0.	-0.18481	4.6773e-002
933	4.5464e-002	0.	-0.27058	1.9416e-002
934	-0.42957	0.	-0.4601	5.3749e-003
935	-0.28364	0.	-0.20014	4.0502e-002
936	0.26076	0.	-0.10011	1.5529e-002
937	-1.3296	0.	-0.84903	2.4496e-004
938	3.8901e-002	0.	-0.84427	7.2278e-004
939	-1.0891	0.	-0.91782	3.5375e-004
940	0.22299	0.	-0.27315	9.4883e-003
941	-5.0529e-002	0.	-0.48406	4.121e-003
942	0.16539	0.	-0.32074	8.12e-003
943	-0.50994	0.	-0.15472	5.4123e-002
944	0.11082	0.	-0.9472	5.5245e-004
945	2.1504e-003	0.	-0.37966	7.6037e-003
946	-2.3538e-002	0.	-0.7557	1.062e-003
947	0.13856	0.	-0.84209	7.7898e-004
948	0.11981	0.	-0.64746	1.7782e-003
949	0.30823	0.	-0.30979	5.3884e-003
950	2.7205e-002	0.	-0.44161	5.1319e-003
951	-1.1648	0.	-9.2535e-002	1.844e-003
952	-0.24159	0.	-0.13616	6.1347e-002
953	-0.83057	0.	-0.97671	5.3874e-004
954	-0.11199	0.	-0.12072	9.6133e-002
955	-0.9626	0.	-0.26476	2.6679e-003
956	-0.48403	0.	-0.99917	4.566e-004
957	-0.68362	0.	-0.95239	5.8935e-004
958	-0.12854	0.	-0.49937	3.6171e-003
1438	-0.48324	0.	-3.0064e-002	0.24735
1439	-0.49361	0.	-5.0048e-002	0.14485
1440	-0.45725	0.	-6.4976e-002	0.30817
1444	1.6058e-002	0.	-6.4569e-002	0.27115
1445	5.8598e-002	0.	-4.6423e-002	0.15285
1446	4.3203e-002	0.	-3.0071e-002	0.24635
3130	0.	0.	-6.1875e-002	0.35108
3131	0.	0.	-2.75e-002	0.38632
3132	8.0291e-003	0.	-5.9785e-002	0.32156
3133	2.1601e-002	0.	-4.2535e-002	0.31092
3187	-0.44	0.	-6.1875e-002	0.34573
3188	-0.44	0.	-2.75e-002	0.38885
3189	-0.46162	0.	-4.2532e-002	0.32377
3190	-0.44862	0.	-5.9988e-002	0.35193
3918	-0.429	0.	-8.25e-002	0.2053
3919	-0.407	0.	-8.25e-002	0.1892
3920	-0.40618	0.	-0.10528	0.15182
3921	-0.42801	0.	-9.8125e-002	0.16459
3924	-0.44	0.	-7.5625e-002	0.25971
3925	-0.45381	0.	-8.1931e-002	0.19674
3926	-0.43901	0.	-9.8125e-002	0.17842
3927	-0.44862	0.	-7.3738e-002	0.25832
3930	-0.374	0.	-8.25e-002	0.16401
3931	-0.39518	0.	-0.10528	0.14556
3934	-0.33	0.	-8.25e-002	0.127
3935	-0.37318	0.	-0.10528	0.12656
3936	-0.33446	0.	-0.10943	0.11296
3940	-0.286	0.	-8.25e-002	9.7135e-002
3941	-0.31246	0.	-0.10943	9.6832e-002
3944	-0.242	0.	-8.25e-002	8.2262e-002
3945	-0.29046	0.	-0.10943	8.3835e-002
3946	-0.25279	0.	-0.10933	7.3554e-002
3950	-0.198	0.	-8.25e-002	8.2281e-002
3951	-0.195	0.	-0.11375	7.0504e-002
3952	-0.23079	0.	-0.10933	7.1125e-002
3955	-0.154	0.	-8.25e-002	9.543e-002
3956	-0.173	0.	-0.11375	7.5803e-002
3959	-0.11	0.	-8.25e-002	0.12489
3960	-0.151	0.	-0.11375	8.4057e-002
3961	-0.12199	0.	-0.10161	0.10075
3963	-6.6e-002	0.	-8.25e-002	0.15907
3964	-7.8319e-002	0.	-0.10513	0.12423
3965	-9.9995e-002	0.	-0.10161	0.12114
3967	-3.3e-002	0.	-8.25e-002	0.18968
3968	-5.6319e-002	0.	-0.10513	0.13628
3969	-3.1845e-002	0.	-9.6587e-002	0.15793
3971	-1.1e-002	0.	-8.25e-002	0.2068
3972	-2.0845e-002	0.	-9.6587e-002	0.17682
3975	0.	0.	-7.5625e-002	0.26849
3976	8.1678e-003	0.	-0.10257	0.15604
3977	1.3921e-002	0.	-8.1725e-002	0.18966
3978	-9.8448e-003	0.	-9.6587e-002	0.17337
3979	8.0291e-003	0.	-7.3535e-002	0.23339
4038	-0.44862	0.	-6.6863e-002	0.3053
4053	8.0291e-003	0.	-6.666e-002	0.30367
4478	1.	0.	-0.14761	1.063e-003
4480	0.95	0.	-4.9205e-002	1.151e-003
4481	1.	0.	-4.9205e-002	1.1304e-003
4482	0.93842	0.	-0.13105	1.1454e-003
4485	1.	0.	-0.24602	9.7736e-004
4486	0.93842	0.	-0.18025	1.0878e-003
4490	1.	0.	-0.34443	8.7141e-004
4491	0.89675	0.	-0.28833	1.0812e-003
4492	0.94433	0.	-0.35261	8.8493e-004
4493	0.93842	0.	-0.22946	1.0601e-003
4497	1.	0.	-0.44284	7.1512e-004
4498	0.94433	0.	-0.40181	8.0625e-004
4501	1.	0.	-0.54125	5.6342e-004
4502	0.92844	0.	-0.51481	6.4017e-004
4503	0.94433	0.	-0.45102	7.2879e-004
4506	1.	0.	-0.63966	4.3547e-004
4507	0.92844	0.	-0.56402	5.6701e-004
4508	0.93372	0.	-0.63817	4.3772e-004
4510	1.	0.	-0.73807	3.307e-004
4511	0.93372	0.	-0.68737	3.8435e-004
4514	1.	0.	-0.83648	2.3755e-004
4515	0.9304	0.	-0.81246	2.5854e-004
4516	0.93372	0.	-0.73658	3.3439e-004
4518	1.	0.	-0.93489	1.3571e-004
4519	0.9304	0.	-0.86167	2.1941e-004
4520	0.93905	0.	-0.92503	1.7024e-004
4525	0.94917	0.	-1.0333	7.9597e-005
4526	1.	0.	-1.0333	6.1317e-005
4527	0.93905	0.	-0.97423	1.1281e-004
4599	0.8475	0.	-1.0825	1.347e-004
4600	0.94917	0.	-1.0825	6.8207e-005
4601	0.88822	0.	-1.0234	1.1778e-004
4605	0.74583	0.	-1.0825	2.1267e-004
4606	0.83738	0.	-1.0234	1.5947e-004
4607	0.77518	0.	-1.0137	2.0834e-004
4611	0.64417	0.	-1.0825	2.9348e-004
4612	0.65524	0.	-1.0082	3.0139e-004
4613	0.72435	0.	-1.0137	2.387e-004
4616	0.5425	0.	-1.0825	3.8147e-004
4617	0.60441	0.	-1.0082	3.4882e-004
4618	0.53587	0.	-1.0188	4.1298e-004
4621	0.44083	0.	-1.0825	4.5906e-004
4622	0.48504	0.	-1.0188	4.519e-004
4625	0.33917	0.	-1.0825	5.0733e-004
4626	0.43421	0.	-1.0188	4.9026e-004
4627	0.36782	0.	-1.0294	5.1899e-004
4630	0.2375	0.	-1.0825	5.1019e-004
4631	0.2607	0.	-1.0055	5.7464e-004
4632	0.31698	0.	-1.0294	5.2873e-004
4637	0.13583	0.	-1.0825	4.7342e-004
4638	0.20986	0.	-1.0055	5.675e-004
4639	0.14874	0.	-1.0149	5.2731e-004
4643	3.4167e-002	0.	-1.0825	3.7642e-004
4644	4.3206e-002	0.	-1.0163	4.5506e-004
4645	9.7908e-002	0.	-1.0149	4.9816e-004
4647	-6.75e-002	0.	-1.0825	2.4332e-004
4648	-7.6271e-003	0.	-1.0163	3.9267e-004
4649	-7.0173e-002	0.	-1.0231	2.9681e-004
4654	-0.16917	0.	-1.0825	1.3308e-004
4655	-0.12101	0.	-1.0231	2.3642e-004
4659	-0.27083	0.	-1.0825	1.2388e-004
4660	-0.24309	0.	-1.0099	1.7473e-004
4661	-0.17184	0.	-1.0231	2.0419e-004
4664	-0.3725	0.	-1.0825	2.7266e-004
4665	-0.29393	0.	-1.0099	2.1586e-004
4666	-0.34635	0.	-1.0302	2.7682e-004
4670	-0.47417	0.	-1.0825	3.9309e-004
4671	-0.39718	0.	-1.0302	3.4342e-004
4672	-0.45368	0.	-1.0408	4.0036e-004
4677	-0.57583	0.	-1.0825	4.7093e-004
4678	-0.50451	0.	-1.0408	4.4962e-004
4680	-0.6775	0.	-1.0825	4.9933e-004
4681	-0.59112	0.	-0.99701	5.4207e-004
4682	-0.55535	0.	-1.0408	4.754e-004
4683	-0.65514	0.	-1.0174	5.4319e-004
4687	-0.77917	0.	-1.0825	4.834e-004
4688	-0.77945	0.	-1.0296	5.1969e-004
4689	-0.70598	0.	-1.0174	5.4549e-004
4694	-0.88083	0.	-1.0825	4.5556e-004
4695	-0.83029	0.	-1.0296	5.0195e-004
4699	-0.9825	0.	-1.0825	3.9212e-004
4700	-0.94369	0.	-1.0092	4.5531e-004
4701	-0.88112	0.	-1.0296	4.9229e-004
4704	-1.0842	0.	-1.0825	2.9691e-004
4705	-0.99452	0.	-1.0092	4.025e-004
4706	-1.0612	0.	-1.0002	3.4342e-004
4711	-1.1858	0.	-1.0825	2.1522e-004
4712	-1.168	0.	-0.99213	2.5188e-004
4713	-1.112	0.	-1.0002	3.029e-004
4715	-1.2875	0.	-1.0825	1.2425e-004
4716	-1.2188	0.	-0.99213	2.137e-004
4717	-1.2808	0.	-1.022	1.528e-004
4721	-1.3892	0.	-1.0333	7.6674e-005
4722	-1.3892	0.	-1.0825	5.9714e-005
4723	-1.3316	0.	-1.022	1.0543e-004
4753	-1.44	0.	-0.93489	1.316e-004
4754	-1.44	0.	-1.0333	6.4203e-005
4755	-1.3825	0.	-0.97275	1.0781e-004
4759	-1.44	0.	-0.83648	2.2534e-004
4760	-1.3825	0.	-0.92355	1.5075e-004
4761	-1.3848	0.	-0.86736	2.1193e-004
4765	-1.44	0.	-0.73807	3.339e-004
4766	-1.3595	0.	-0.76305	3.2902e-004
4767	-1.3848	0.	-0.81815	2.5504e-004
4769	-1.44	0.	-0.63966	4.5045e-004
4770	-1.3595	0.	-0.71384	3.909e-004
4771	-1.3732	0.	-0.629	5.0095e-004
4774	-1.44	0.	-0.54125	5.8832e-004
4775	-1.3732	0.	-0.5798	5.5314e-004
4777	-1.44	0.	-0.44284	7.4603e-004
4778	-1.3757	0.	-0.45891	7.5382e-004
4779	-1.3732	0.	-0.53059	6.38e-004
4783	-1.44	0.	-0.34443	8.6681e-004
4784	-1.3757	0.	-0.4097	8.2591e-004
4785	-1.3825	0.	-0.34293	8.9333e-004
4789	-1.44	0.	-0.24602	9.6885e-004
4790	-1.3825	0.	-0.29372	9.4122e-004
4792	-1.44	0.	-0.14761	1.0667e-003
4793	-1.3729	0.	-0.16359	1.1126e-003
4794	-1.3825	0.	-0.24452	9.9445e-004
4799	-1.39	0.	-4.9205e-002	1.1374e-003
4800	-1.44	0.	-4.9205e-002	1.1133e-003
4801	-1.3729	0.	-0.11439	1.1567e-003
4841	0.15	0.	0.	6.8813e-002
4842	5.e-002	0.	0.	0.25515
4845	0.13023	0.	-4.4803e-002	7.2097e-002
4848	7.9299e-002	0.	-2.3212e-002	0.12561
4849	7.1601e-002	0.	-1.5035e-002	0.17402
4853	0.25	0.	0.	2.353e-002
4856	0.18023	0.	-4.4803e-002	3.8168e-002
4857	0.23038	0.	-5.0055e-002	2.4934e-002
4863	0.35	0.	0.	9.8877e-003
4866	0.34395	0.	-5.9063e-002	9.7086e-003
4867	0.28038	0.	-5.0055e-002	1.3992e-002
4871	0.45	0.	0.	5.4301e-003
4873	0.39395	0.	-5.9063e-002	6.9117e-003
4877	0.55	0.	0.	3.1565e-003
4880	0.44395	0.	-5.9063e-002	5.2604e-003
4881	0.52281	0.	-7.1163e-002	3.4542e-003
4887	0.65	0.	0.	2.3351e-003
4890	0.57281	0.	-7.1163e-002	2.8604e-003
4891	0.65331	0.	-6.4935e-002	2.1651e-003
4895	0.75	0.	0.	1.75e-003
4897	0.70331	0.	-6.4935e-002	1.9366e-003
4901	0.85	0.	0.	1.286e-003
4904	0.75331	0.	-6.4935e-002	1.5802e-003
4905	0.83842	0.	-8.1842e-002	1.2809e-003
4912	0.95	0.	0.	1.1604e-003
4914	0.88842	0.	-8.1842e-002	1.175e-003
4919	-1.29	0.	0.	1.3033e-003
4921	-1.39	0.	0.	1.1392e-003
4923	-1.3229	0.	-6.5182e-002	1.1827e-003
4927	-1.19	0.	0.	1.6511e-003
4930	-1.2729	0.	-6.5182e-002	1.3231e-003
4931	-1.2024	0.	-4.6267e-002	1.6425e-003
4936	-1.09	0.	0.	2.2746e-003
4938	-1.1524	0.	-4.6267e-002	1.8494e-003
4942	-0.99	0.	0.	3.1944e-003
4945	-1.0507	0.	-8.8219e-002	2.568e-003
4946	-0.9877	0.	-6.6884e-002	3.3939e-003
4947	-1.1024	0.	-4.6267e-002	2.2676e-003
4950	-0.89	0.	0.	5.0758e-003
4953	-0.9377	0.	-6.6884e-002	3.8871e-003
4959	-0.79	0.	0.	9.0562e-003
4961	-0.81065	0.	-7.5356e-002	7.0233e-003
4962	-0.8877	0.	-6.6884e-002	5.2813e-003
4964	-0.69	0.	0.	2.0897e-002
4967	-0.76065	0.	-7.5356e-002	9.5921e-003
4968	-0.7078	0.	-5.9562e-002	1.492e-002
4973	-0.59	0.	0.	7.2937e-002
4976	-0.60651	0.	-4.8523e-002	3.7065e-002
4977	-0.6578	0.	-5.9562e-002	2.4204e-002
4985	-0.49	0.	0.	0.24978
4987	-0.55651	0.	-4.8523e-002	7.8647e-002
4990	-0.51162	0.	-1.5032e-002	0.18058
4991	-0.5168	0.	-2.5024e-002	0.12683
5510	2.1601e-002	0.	-1.5035e-002	0.32557
5519	-0.46162	0.	-1.5032e-002	0.31506
6626	9.2444e-002	0.	-0.55004	2.8176e-003
6627	0.1344	0.	-0.50288	4.0511e-003
6628	0.1872	0.	-0.51766	2.9197e-003
6629	0.19362	0.	-0.58717	2.2626e-003
6630	0.13251	0.	-0.60134	2.1819e-003
6634	-0.56992	0.	-0.51859	3.3952e-003
6635	-0.65892	0.	-0.60054	1.9919e-003
6636	-0.54111	0.	-0.61612	2.0361e-003
6637	-0.63242	0.	-0.53804	2.5653e-003
6638	-0.60503	0.	-0.64313	1.881e-003
6639	-0.53474	0.	-0.56368	2.7277e-003
6642	-0.53998	0.	-0.31928	1.1578e-002
6643	-0.4543	0.	-0.36296	9.0026e-003
6644	-0.52834	0.	-0.41048	6.9944e-003
6645	-0.57129	0.	-0.36578	8.1503e-003
6646	-0.48084	0.	-0.32672	1.3084e-002
6647	-0.46907	0.	-0.41179	7.3303e-003
6651	0.10286	0.	-0.40236	7.6178e-003
6652	0.10578	0.	-0.30048	1.1785e-002
6653	3.7343e-002	0.	-0.33552	1.1544e-002
6654	6.3791e-002	0.	-0.31237	1.4573e-002
6655	0.12375	0.	-0.33745	8.8239e-003
6656	4.2134e-002	0.	-0.36691	8.4871e-003
6657	5.4661e-002	0.	-0.39789	7.3218e-003
6661	-0.20235	0.	-0.40632	6.7087e-003
6662	-0.1631	0.	-0.4077	6.8447e-003
6663	-0.2344	0.	-0.47229	4.2422e-003
6664	-0.19386	0.	-0.50337	3.8136e-003
6665	-0.14585	0.	-0.44151	5.2655e-003
6666	-0.22494	0.	-0.43497	5.3336e-003
6667	-0.15913	0.	-0.47413	4.1801e-003
6672	-1.0851	0.	-0.55208	9.8302e-004
6673	-1.0528	0.	-0.41732	1.455e-003
6674	-1.0927	0.	-0.47811	1.0997e-003
6675	-1.0139	0.	-0.57453	1.0859e-003
6676	-0.97266	0.	-0.5145	1.4931e-003
6677	-0.99159	0.	-0.45033	1.636e-003
6681	0.60523	0.	-0.40737	1.601e-003
6682	0.66589	0.	-0.46511	1.1646e-003
6683	0.56115	0.	-0.56302	1.1029e-003
6684	0.64538	0.	-0.54318	9.6766e-004
6685	0.52141	0.	-0.46927	1.7609e-003
6690	-0.31245	0.	-0.74872	9.9092e-004
6691	-0.25022	0.	-0.72869	1.1073e-003
6692	-0.33054	0.	-0.82798	6.5349e-004
6693	-0.20048	0.	-0.75561	8.6507e-004
6694	-0.26391	0.	-0.86364	5.0089e-004
6695	-0.21669	0.	-0.81582	6.2408e-004
6698	-0.27449	0.	-0.30733	1.4357e-002
6699	-0.28432	0.	-0.25958	2.026e-002
6700	-0.23047	0.	-0.31688	1.3405e-002
6701	-0.20622	0.	-0.27781	1.5903e-002
6702	-0.22429	0.	-0.23715	2.658e-002
6703	-0.26481	0.	-0.23507	2.9e-002
6707	8.359e-003	0.	-0.18063	4.7501e-002
6708	3.2359e-002	0.	-0.15616	7.1674e-002
6709	8.592e-002	0.	-0.17706	3.4828e-002
6710	6.2218e-002	0.	-0.14525	5.7888e-002
6711	8.8912e-002	0.	-0.21823	2.6853e-002
6712	1.4536e-002	0.	-0.2172	3.2284e-002
6713	4.6923e-002	0.	-0.23013	2.9359e-002
6719	-0.52372	0.	-0.2413	2.1874e-002
6720	-0.46658	0.	-0.17878	5.0391e-002
6721	-0.4382	0.	-0.22139	2.6687e-002
6722	-0.46458	0.	-0.24874	2.3065e-002
6723	-0.51848	0.	-0.20232	2.8614e-002
6724	-0.44811	0.	-0.19616	3.8e-002
6725	-0.49299	0.	-0.18111	4.148e-002
6729	-0.80932	0.	-0.37285	3.5685e-003
6730	-0.75117	0.	-0.35208	4.9552e-003
6731	-0.69805	0.	-0.38918	5.5077e-003
6732	-0.77965	0.	-0.47212	3.2773e-003
6733	-0.7176	0.	-0.45334	3.4108e-003
6734	-0.80855	0.	-0.427	3.3891e-003
6738	0.28438	0.	-0.38942	4.6186e-003
6739	0.34858	0.	-0.47701	2.901e-003
6740	0.38928	0.	-0.34616	3.7298e-003
6741	0.28401	0.	-0.44298	3.4876e-003
6742	0.39296	0.	-0.42751	3.023e-003
6743	0.32353	0.	-0.35782	4.5663e-003
6746	0.58752	0.	-0.7849	5.269e-004
6747	0.43263	0.	-0.74982	8.4336e-004
6748	0.42792	0.	-0.82228	6.5362e-004
6749	0.55721	0.	-0.86767	4.9046e-004
6750	0.51275	0.	-0.71908	8.0338e-004
6751	0.48868	0.	-0.8783	5.4983e-004
6753	-0.89681	0.	-0.71279	1.0107e-003
6754	-1.0175	0.	-0.77413	6.0175e-004
6755	-0.94715	0.	-0.85648	5.7701e-004
6756	-0.84943	0.	-0.76128	8.2847e-004
6757	-0.96785	0.	-0.71326	8.2362e-004
6758	-0.8735	0.	-0.82271	6.6172e-004
6759	-1.0138	0.	-0.84746	5.2342e-004
6764	-0.32725	0.	-0.50933	3.5955e-003
6765	-0.35821	0.	-0.4765	4.669e-003
6766	-0.3412	0.	-0.55795	2.8619e-003
6767	-0.4266	0.	-0.53532	3.3335e-003
6768	-0.38878	0.	-0.5661	2.7976e-003
6769	-0.40251	0.	-0.49154	4.4017e-003
6772	-0.10928	0.	-0.25272	2.6013e-002
6773	-0.11132	0.	-0.32802	1.3766e-002
6774	-0.12632	0.	-0.28757	1.6098e-002
6775	-5.274e-002	0.	-0.26711	2.1998e-002
6776	-4.6801e-002	0.	-0.30319	1.5788e-002
6777	-8.0457e-002	0.	-0.25405	2.5006e-002
6778	-7.2766e-002	0.	-0.32591	1.4232e-002
6783	3.0935e-002	0.	-0.70024	1.5034e-003
6784	0.15067	0.	-0.74879	1.1559e-003
6785	6.009e-002	0.	-0.7944	1.0064e-003
6786	2.8871e-002	0.	-0.75012	1.1639e-003
6787	0.10992	0.	-0.79331	1.0353e-003
6788	0.10054	0.	-0.696	1.5338e-003
6792	1.0133e-002	0.	-0.6004	2.4004e-003
6793	-5.3738e-002	0.	-0.61267	2.1938e-003
6794	-7.9368e-002	0.	-0.68861	1.3537e-003
6795	-8.7091e-002	0.	-0.64362	1.7911e-003
6796	-2.1473e-002	0.	-0.70582	1.41e-003
6797	5.0201e-002	0.	-0.65171	1.7182e-003
6802	-0.60404	0.	-0.87109	7.307e-004
6803	-0.47751	0.	-0.88877	5.8e-004
6804	-0.53173	0.	-0.8403	7.8475e-004
6805	-0.5198	0.	-0.95534	5.2232e-004
6806	-0.6196	0.	-0.93195	5.8707e-004
6813	-1.24	0.	-0.82029	3.1417e-004
6814	-1.1877	0.	-0.75499	4.4369e-004
6815	-1.2093	0.	-0.67168	5.6248e-004
6816	-1.2927	0.	-0.65398	4.9753e-004
6817	-1.3043	0.	-0.79393	3.1835e-004
6824	0.76846	0.	-0.80299	3.3784e-004
6825	0.6458	0.	-0.85109	3.9392e-004
6826	0.60134	0.	-0.7025	7.1757e-004
6827	0.68557	0.	-0.68266	5.711e-004
6828	0.77177	0.	-0.7271	4.0053e-004
6829	0.7149	0.	-0.85659	3.388e-004
6836	0.17676	0.	-0.41178	5.4249e-003
6837	0.22956	0.	-0.42656	4.3929e-003
6838	0.22645	0.	-0.32308	7.4582e-003
6839	0.19766	0.	-0.34687	6.8049e-003
6840	0.26908	0.	-0.3414	5.385e-003
6846	-0.6027	0.	-0.32159	1.0563e-002
6847	-0.61777	0.	-0.24729	1.3422e-002
6848	-0.51226	0.	-0.28253	1.4905e-002
6849	-0.56616	0.	-0.23612	2.1225e-002
6853	0.70412	0.	-0.3034	1.5944e-003
6854	0.58017	0.	-0.23385	2.5745e-003
6855	0.52722	0.	-0.30593	2.8924e-003
6856	0.67538	0.	-0.38312	1.5586e-003
6857	0.5309	0.	-0.38728	2.112e-003
6858	0.66067	0.	-0.22762	1.8571e-003
6862	-1.0681	0.	-0.25572	2.0746e-003
6863	-0.99836	0.	-0.1551	3.2934e-003
6864	-1.1258	0.	-0.2045	1.9181e-003
6865	-1.1131	0.	-0.13449	2.1494e-003
6866	-1.012	0.	-0.2206	2.557e-003
6870	-0.31283	0.	-0.29692	1.7587e-002
6871	-0.35151	0.	-0.35356	9.7478e-003
6872	-0.25898	0.	-0.35421	9.4154e-003
6873	-0.32199	0.	-0.38735	8.4693e-003
6874	-0.28158	0.	-0.38286	8.5127e-003
6875	-0.33833	0.	-0.32047	1.3325e-002
6880	-0.33967	0.	-0.22054	3.5765e-002
6881	-0.36151	0.	-0.24223	2.3741e-002
6882	-0.34817	0.	-0.27272	1.9794e-002
6883	-0.30315	0.	-0.22465	3.2054e-002
6888	-0.15119	0.	-0.18046	4.8539e-002
6889	-0.13565	0.	-0.15542	5.7313e-002
6890	-0.1863	0.	-0.17465	4.9187e-002
6891	-0.20579	0.	-0.14058	5.9172e-002
6892	-0.14099	0.	-0.13286	7.8284e-002
6896	-0.30104	0.	-0.68747	1.3317e-003
6897	-0.38135	0.	-0.78676	9.5917e-004
6898	-0.43557	0.	-0.73829	1.1057e-003
6899	-0.42688	0.	-0.68002	1.4947e-003
6900	-0.33511	0.	-0.65021	1.7721e-003
6901	-0.38269	0.	-0.65836	1.6566e-003
6905	-2.4196e-002	0.	-0.55712	2.7724e-003
6906	8.1636e-002	0.	-0.49771	4.2239e-003
6907	-5.4267e-003	0.	-0.51446	3.5506e-003
6908	7.9743e-002	0.	-0.59616	2.4342e-003
6909	3.3441e-002	0.	-0.49324	4.1173e-003
6914	-0.37552	0.	-0.15999	7.7807e-002
6915	-0.37852	0.	-0.2136	3.6653e-002
6916	-0.3368	0.	-0.16414	6.4921e-002
6917	-0.38843	0.	-0.18837	4.685e-002
6918	-0.32016	0.	-0.19603	4.2616e-002
6924	-0.18907	0.	-0.69435	1.2222e-003
6925	-0.2184	0.	-0.61264	2.0834e-003
6926	-0.27289	0.	-0.63018	1.8633e-003
6927	-0.19679	0.	-0.64937	1.652e-003
6931	-0.7984	0.	-0.31464	4.5275e-003
6932	-0.85579	0.	-0.38957	2.9379e-003
6933	-0.9045	0.	-0.36823	2.6063e-003
6934	-0.85148	0.	-0.28527	3.8491e-003
6935	-0.90958	0.	-0.30009	2.898e-003
6939	0.46676	0.	-0.13023	4.9979e-003
6940	0.41381	0.	-0.20231	5.2076e-003
6941	0.34569	0.	-0.1636	7.4048e-003
6942	0.32433	0.	-0.10912	1.116e-002
6947	-0.79058	0.	-0.63494	1.5018e-003
6948	-0.82613	0.	-0.59122	1.9216e-003
6949	-0.80766	0.	-0.69698	1.1433e-003
6950	-0.92608	0.	-0.64896	1.1398e-003
6951	-0.88482	0.	-0.58893	1.5473e-003
6956	0.36232	0.	-0.62318	1.555e-003
6957	0.44245	0.	-0.59243	1.5214e-003
6958	0.29376	0.	-0.51415	2.6666e-003
6959	0.40271	0.	-0.49868	2.157e-003
6960	0.30019	0.	-0.58366	1.981e-003
6963	0.79646	0.	-0.48921	8.8148e-004
6964	0.77596	0.	-0.56729	6.6711e-004
6965	0.87277	0.	-0.47378	7.3267e-004
6966	0.86216	0.	-0.61173	5.1932e-004
6972	0.36161	0.	-0.77062	8.7552e-004
6973	0.44644	0.	-0.66742	1.0202e-003
6974	0.29318	0.	-0.72561	1.0378e-003
6975	0.30417	0.	-0.65865	1.5022e-003
6979	-7.6641e-003	0.	-0.14711	7.8294e-002
6980	-6.6489e-002	0.	-0.16871	5.4859e-002
6981	-2.5487e-002	0.	-0.20815	4.211e-002
6982	-5.0151e-002	0.	-0.14967	7.8944e-002
6983	-5.3204e-002	0.	-0.19508	4.4426e-002
6984	-2.5677e-002	0.	-0.14113	0.1009
6989	-1.2331	0.	-0.44118	9.0557e-004
6990	-1.309	0.	-0.49746	7.2082e-004
6991	-1.257	0.	-0.38838	1.0296e-003
6992	-1.3183	0.	-0.359	9.0079e-004
6994	-0.58019	0.	-0.79986	9.1794e-004
6995	-0.63542	0.	-0.76861	1.1569e-003
6996	-0.70639	0.	-0.78806	9.2071e-004
6997	-0.73046	0.	-0.84949	7.5676e-004
6998	-0.66806	0.	-0.89152	7.3302e-004
7002	-6.9242e-002	0.	-0.42725	6.0105e-003
7003	-4.7933e-002	0.	-0.39133	7.9413e-003
7004	-4.3516e-002	0.	-0.45221	5.1328e-003
7005	-1.7176e-002	0.	-0.40001	6.8418e-003
7006	-4.6488e-003	0.	-0.43098	5.595e-003
7008	-0.42574	0.	-0.13906	8.7526e-002
7009	-0.35564	0.	-0.13221	9.1751e-002
7010	-0.41619	0.	-0.1209	0.11921
7011	-0.40727	0.	-0.15643	7.7333e-002
7015	-3.4555e-002	0.	-0.89582	5.5159e-004
7016	-6.1134e-002	0.	-0.95692	3.7308e-004
7017	2.0157e-002	0.	-0.89717	5.963e-004
7018	5.6114e-002	0.	-0.94864	5.0966e-004
7022	0.29499	0.	-0.88579	6.5942e-004
7023	0.22656	0.	-0.84078	8.3514e-004
7024	0.28935	0.	-0.95243	5.8579e-004
7025	0.17194	0.	-0.93786	5.9079e-004
7026	0.18581	0.	-0.8853	7.0315e-004
7031	0.76478	0.	-0.36114	1.1612e-003
7032	0.75006	0.	-0.20565	1.4938e-003
7033	0.84109	0.	-0.34571	1.018e-003
7034	0.83517	0.	-0.22256	1.1902e-003
7039	-0.47755	0.	-0.12158	7.9761e-002
7040	-0.44756	0.	-0.1319	0.103
7041	-0.43865	0.	-0.16744	5.8148e-002
7042	-0.48353	0.	-0.15239	6.1902e-002
7046	4.6195e-002	0.	-0.11173	8.9461e-002
7047	2.2088e-002	0.	-0.10179	0.13793
7048	-1.677e-003	0.	-0.11665	0.12169
7053	-0.76078	0.	-0.22229	6.6996e-003
7054	-0.68713	0.	-0.33098	6.3365e-003
7055	-0.70221	0.	-0.25668	9.5592e-003
7056	-0.79333	0.	-0.2645	5.1979e-003
7059	-0.14303	0.	-0.56362	2.5985e-003
7060	-0.12142	0.	-0.60034	2.2767e-003
7061	-6.9299e-002	0.	-0.52672	3.3755e-003
7062	-0.1083	0.	-0.53438	3.1211e-003
7066	0.16245	0.	-0.17197	2.4387e-002
7067	0.16544	0.	-0.21314	1.525e-002
7068	0.25246	0.	-0.19429	1.2762e-002
7069	0.18094	0.	-0.13455	2.9758e-002
7070	0.2311	0.	-0.1398	1.6083e-002
7071	0.21221	0.	-0.22633	1.324e-002
7075	-0.3705	0.	-0.39624	7.2181e-003
7076	-0.42658	0.	-0.32621	1.2632e-002
7077	-0.38685	0.	-0.32936	1.2412e-002
7078	-0.4148	0.	-0.41128	7.1264e-003
7082	-1.1487	0.	-0.83646	3.8837e-004
7083	-1.263	0.	-0.93158	1.9734e-004
7084	-1.2653	0.	-0.87539	2.4453e-004
7085	-1.1451	0.	-0.90979	3.0476e-004
7090	-0.45366	0.	-0.81755	7.9093e-004
7091	-0.33281	0.	-0.90168	4.2935e-004
7092	-0.38524	0.	-0.92201	4.8236e-004
7093	-0.44173	0.	-0.93259	5.2041e-004
7100	-0.17572	0.	-0.36513	8.4258e-003
7101	-0.19072	0.	-0.32469	1.1454e-002
7102	-0.23756	0.	-0.3924	7.2618e-003
7106	-0.49919	0.	-0.71081	1.3917e-003
7107	-0.56311	0.	-0.73783	1.2041e-003
7111	-0.14943	0.	-0.25077	2.39e-002
7112	-0.11685	0.	-0.19088	4.3592e-002
7113	-0.16749	0.	-0.21011	3.3282e-002
7114	-0.10357	0.	-0.21725	3.1628e-002
7118	0.86945	0.	-0.90102	1.9658e-004
7119	0.86412	0.	-0.76177	3.1621e-004
7120	0.80725	0.	-0.89126	2.3162e-004
7124	0.17639	0.	-0.46533	4.379e-003
7125	0.14449	0.	-0.38565	6.7476e-003
7126	7.5401e-002	0.	-0.44608	5.2207e-003
7130	-0.59107	0.	-0.41279	5.6658e-003
7131	-0.61063	0.	-0.47695	3.6362e-003
7132	-0.51295	0.	-0.50258	3.7729e-003
7133	-0.48885	0.	-0.4588	4.8362e-003
7137	-0.85835	0.	-0.14224	5.9156e-003
7138	-0.72273	0.	-0.1851	1.0309e-002
7139	-0.72846	0.	-0.13492	1.3278e-002
7140	-0.81386	0.	-0.19292	6.1203e-003
7145	9.9756e-002	0.	-0.13263	5.5655e-002
7146	0.12645	0.	-0.20561	2.2763e-002
7147	0.14196	0.	-0.12702	3.6503e-002
7152	5.1948e-002	0.	-9.0889e-002	0.12555
7153	0.11825	0.	-9.5217e-002	6.0324e-002
7154	6.7326e-002	0.	-7.3626e-002	0.11522
7160	-1.118	0.	-0.68785	6.2798e-004
7161	-1.0468	0.	-0.71029	7.409e-004
7162	-1.0927	0.	-0.84449	4.3235e-004
7166	-0.15553	0.	-0.78149	8.0475e-004
7167	-0.10493	0.	-0.78143	8.4313e-004
7168	-0.14705	0.	-0.67629	1.5069e-003
7169	-8.1433e-002	0.	-0.73849	1.0103e-003
7175	-1.1471	0.	-0.53056	8.5916e-004
7176	-1.223	0.	-0.58684	6.586e-004
7177	-1.0683	0.	-0.62698	8.4837e-004
7182	-0.5355	0.	-9.5071e-002	6.861e-002
7183	-0.56697	0.	-0.1471	3.6279e-002
7184	-0.62431	0.	-0.10809	3.2055e-002
7185	-0.54148	0.	-0.12588	4.8448e-002
7186	-0.53331	0.	-7.3547e-002	9.5078e-002
7191	-0.48279	0.	-8.7229e-002	0.13272
7192	-0.46799	0.	-0.10342	0.11065
7193	-0.50396	0.	-0.12391	7.3276e-002
7194	-0.49579	0.	-7.1572e-002	0.11778
7199	0.49267	0.	-0.21441	3.4321e-003
7200	0.62612	0.	-0.1361	2.4779e-003
7205	0.37161	0.	-0.24778	6.0754e-003
7206	0.4434	0.	-0.36783	3.0304e-003
7207	0.37398	0.	-0.29814	4.5695e-003
7211	-0.76166	0.	-0.57767	2.0875e-003
7212	-0.69962	0.	-0.55889	2.2768e-003
7213	-0.67222	0.	-0.66398	1.5443e-003
7214	-0.74319	0.	-0.68343	1.3331e-003
7217	-0.21896	0.	-0.88952	3.8698e-004
7218	-0.31861	0.	-0.95767	2.8081e-004
7219	-0.19493	0.	-0.95056	2.501e-004
7224	-1.3154	0.	-0.21129	1.0853e-003
7225	-1.248	0.	-0.18146	1.2812e-003
7226	-1.2353	0.	-0.11145	1.5233e-003
7232	-1.1148	0.	-0.3958	1.3443e-003
7233	-1.1388	0.	-0.343	1.4606e-003
7234	-1.0137	0.	-0.36802	1.862e-003
7235	-1.1326	0.	-0.28378	1.5208e-003
7236	-1.0188	0.	-0.29988	2.1839e-003
7240	-0.8909	0.	-0.18445	4.2531e-003
7241	-0.949	0.	-0.19926	3.3691e-003
7245	0.71554	0.	-0.51893	9.1065e-004
7246	0.81235	0.	-0.42542	9.5892e-004
7251	0.28848	0.	-0.79806	8.6174e-004
7252	0.41766	0.	-0.89909	5.8744e-004
7253	0.35127	0.	-0.90971	6.1519e-004
7257	-0.15146	0.	-0.32607	1.1854e-002
7258	-0.11922	0.	-0.40033	7.5607e-003
7259	-9.7914e-002	0.	-0.36441	9.1883e-003
7262	-0.23853	0.	-0.52677	3.2029e-003
7263	-0.31002	0.	-0.46286	4.6927e-003
7264	-0.29302	0.	-0.54431	3.0705e-003
7265	-0.26961	0.	-0.45837	4.9654e-003
7269	-0.18453	0.	-0.24496	2.5007e-002
7274	0.54695	0.	-0.94448	4.1993e-004
7275	0.68459	0.	-0.93936	2.9666e-004
7281	-8.4977e-002	0.	-0.14679	7.7096e-002
7282	-8.8029e-002	0.	-0.19221	4.2811e-002
7283	-0.10665	0.	-0.14328	7.5155e-002
7287	-0.42674	0.	-0.26263	2.0759e-002
7288	-0.38701	0.	-0.26578	2.0373e-002
7289	-0.41027	0.	-0.21005	3.5717e-002
7293	-0.55441	0.	-0.67956	1.6059e-003
7294	-0.48413	0.	-0.60011	2.5009e-003
7295	-0.4463	0.	-0.63089	1.8754e-003
7298	-0.25248	0.	-0.57539	2.4125e-003
7299	-0.17638	0.	-0.59458	2.3377e-003
7300	-0.16326	0.	-0.52861	3.1323e-003
7304	0.6108	0.	-0.61684	8.3856e-004
7305	0.48682	0.	-0.54293	1.641e-003
7309	0.78124	0.	-0.64144	5.4304e-004
7313	8.7453e-002	0.	-0.25868	1.6531e-002
7314	0.17621	0.	-0.25997	1.1767e-002
7315	0.14742	0.	-0.28376	1.1149e-002
7320	-0.24312	0.	-0.20222	3.5805e-002
7321	-0.22209	0.	-0.17023	4.7736e-002
7327	0.23105	0.	-0.68609	1.4838e-003
7328	0.17931	0.	-0.79757	9.0618e-004
7329	0.16993	0.	-0.70026	1.4036e-003
7334	-0.88206	0.	-0.9021	5.5445e-004
7335	-1.0224	0.	-0.92685	4.088e-004
7336	-0.89314	0.	-0.95629	5.0175e-004
7342	-0.30057	0.	-0.42554	5.7426e-003
7343	-0.38528	0.	-0.44507	5.4529e-003
7348	-0.65357	0.	-0.43224	4.944e-003
7349	-0.64908	0.	-0.29378	9.9359e-003
7354	-0.73517	0.	-0.51517	2.6726e-003
7355	-0.82612	0.	-0.48884	2.6166e-003
7356	-0.8559	0.	-0.53166	2.1421e-003
7360	0.28213	0.	-0.15459	1.1774e-002
7361	0.26324	0.	-0.24111	8.8545e-003
7362	0.30586	0.	-0.25943	6.8394e-003
7368	0.23561	0.	-0.54962	2.6167e-003
7375	-0.68931	0.	-0.72602	1.1937e-003
7380	-0.35454	0.	-0.60107	2.1034e-003
7385	-0.78434	0.	-0.8069	8.0796e-004
7390	-1.3371e-002	0.	-0.28079	2.0021e-002
7391	-4.7027e-002	0.	-0.23165	2.8857e-002
7392	1.3077e-002	0.	-0.25765	2.2817e-002
7395	-1.2306	0.	-0.51287	7.9387e-004
7396	-1.1787	0.	-0.40379	1.1061e-003
7400	0.41202	0.	-0.96573	5.1188e-004
7409	2.195e-002	0.	-7.276e-002	0.22058
7410	4.3219e-002	0.	-6.3687e-002	0.15745
7418	-0.95586	0.	-0.5894	1.3729e-003
7422	-0.61254	0.	-0.20832	2.0795e-002
7423	-0.66988	0.	-0.1693	1.5872e-002
7428	0.18092	0.	-0.6333	1.8269e-003
7435	-0.12113	0.	-0.84164	5.9638e-004
7436	-0.14771	0.	-0.90274	4.2545e-004
7440	-3.3397e-002	0.	-0.33959	1.1484e-002
7441	1.9016e-002	0.	-0.29373	1.6358e-002
7442	-2.6409e-003	0.	-0.34827	1.0559e-002
7446	0.79173	0.	-0.14678	1.4706e-003
7451	-0.4134	0.	-0.29312	1.5964e-002
7455	-4.4164e-002	0.	-0.11921	0.12116
7456	-9.0314e-002	0.	-0.12424	9.7011e-002
7460	-9.7102e-002	0.	-0.90268	4.8423e-004
7461	-1.5811e-002	0.	-0.84292	6.8127e-004
7462	-4.7031e-002	0.	-0.79864	8.5848e-004
7465	-0.30028	0.	-0.16825	6.1287e-002
7466	-0.27926	0.	-0.13626	6.9098e-002
7471	-0.43994	0.	-0.57845	2.5749e-003
7472	-0.45367	0.	-0.50389	4.2885e-003
7481	-0.61827	0.	-0.15814	2.3075e-002
7482	-0.53544	0.	-0.17593	4.1297e-002
7487	0.8159	0.	-0.95462	1.9074e-004
7492	-0.42753	0.	-0.98858	3.9812e-004
7495	-1.2638	0.	-0.32161	1.0903e-003
7496	-1.1964	0.	-0.29178	1.2945e-003
7504	-8.0671e-002	0.	-0.39822	7.7598e-003
7505	-7.6255e-002	0.	-0.4591	5.0467e-003
7506	-0.11526	0.	-0.46676	4.8052e-003
7511	-0.81949	0.	-0.92252	5.9018e-004
7512	-0.74602	0.	-0.91036	6.1385e-004
7520	-1.3273	0.	-0.90522	1.863e-004
7525	-0.45281	0.	-9.7556e-002	0.15141
7526	-0.48061	0.	-6.5705e-002	0.15562
7527	-0.46243	0.	-7.3169e-002	0.23867
7531	-0.88481	0.	-0.48655	2.2614e-003
7532	-0.90373	0.	-0.42238	2.3849e-003
7534	-1.2576	0.	-0.26239	1.1654e-003
7560	-2.8606e-002	0.	-0.37098	8.6207e-003
7565	0.21061	0.	-9.4857e-002	2.9037e-002
7566	0.10953	0.	-6.8014e-002	9.7696e-002
7570	-0.93352	0.	-0.46521	1.9059e-003
7574	-0.95752	0.	-0.3329	2.3413e-003
7579	-1.1775	0.	-0.16255	1.6019e-003
7587	-0.90451	0.	-0.24994	3.5971e-003
7599	-0.26262	0.	-0.16815	5.0249e-002
7612	7.4858e-002	0.	-0.89574	6.303e-004
7613	7.6818e-003	0.	-0.79998	8.8943e-004
7614	8.8733e-002	0.	-0.84318	7.435e-004
7624	0.19419	0.	-0.29695	8.7002e-003
7625	0.26561	0.	-0.29147	7.4265e-003
7629	-1.1662e-002	0.	-0.46284	4.5387e-003
7630	-8.9533e-002	0.	-0.49172	3.8037e-003
7639	0.12469	0.	-0.89464	6.6565e-004
7643	1.4678e-002	0.	-0.41064	6.3647e-003
7668	-0.7571	0.	-0.96455	5.6347e-004
10701	-0.48842	0.	-4.0056e-002	0.19459
10702	-0.47024	0.	-4.752e-002	0.27209
10706	-0.47543	0.	-5.7512e-002	0.22593
10726	3.7328e-002	0.	-5.5496e-002	0.21011
10727	2.963e-002	0.	-4.732e-002	0.25182
10730	5.09e-002	0.	-3.8247e-002	0.19869
100	0.	0.	6.875e-002	0.30429
101	0.	0.	8.25e-002	0.21507
102	-2.2e-002	0.	8.25e-002	0.20279
103	-4.4e-002	0.	8.25e-002	0.17943
104	-8.8e-002	0.	8.25e-002	0.1433
105	-0.132	0.	8.25e-002	0.10962
106	-0.176	0.	8.25e-002	9.0676e-002
107	-0.22	0.	8.25e-002	8.0665e-002
108	-0.264	0.	8.25e-002	8.7703e-002
109	-0.308	0.	8.25e-002	0.10988
110	-0.352	0.	8.25e-002	0.14702
111	-0.396	0.	8.25e-002	0.17243
112	-0.418	0.	8.25e-002	0.20863
113	-0.44	0.	6.875e-002	0.36097
114	-0.44	0.	8.25e-002	0.19691
115	-0.44	0.	5.5e-002	0.35123
126	0.	0.	5.5e-002	0.43361
481	0.1	0.	0.	9.6039e-002
482	0.2	0.	0.	2.9644e-002
483	0.3	0.	0.	1.2473e-002
484	0.4	0.	0.	6.3764e-003
485	0.5	0.	0.	4.0532e-003
486	0.6	0.	0.	2.5765e-003
487	0.7	0.	0.	1.878e-003
488	0.8	0.	0.	1.4384e-003
489	0.9	0.	0.	1.218e-003
490	-1.34	0.	0.	1.1741e-003
491	-1.24	0.	0.	1.4653e-003
492	-1.14	0.	0.	1.7897e-003
493	-1.04	0.	0.	2.4225e-003
494	-0.94	0.	0.	4.1075e-003
495	-0.84	0.	0.	6.556e-003
496	-0.74	0.	0.	1.0964e-002
497	-0.64	0.	0.	3.1311e-002
498	-0.54	0.	0.	0.12434
542	-1.44	0.	9.8409e-002	1.1149e-003
543	-1.44	0.	0.19682	1.0263e-003
544	-1.44	0.	0.29523	9.7126e-004
545	-1.44	0.	0.39364	7.702e-004
546	-1.44	0.	0.49205	6.5568e-004
547	-1.44	0.	0.59045	5.2715e-004
548	-1.44	0.	0.68886	4.0564e-004
549	-1.44	0.	0.78727	3.0129e-004
550	-1.44	0.	0.88568	1.6941e-004
551	-1.44	0.	0.98409	7.447e-005
557	-1.3383	0.	1.0825	8.6801e-005
558	-1.2367	0.	1.0825	1.7105e-004
559	-1.135	0.	1.0825	2.5873e-004
560	-1.0333	0.	1.0825	3.4752e-004
561	-0.93167	0.	1.0825	4.2615e-004
562	-0.83	0.	1.0825	4.7884e-004
563	-0.72833	0.	1.0825	5.1247e-004
564	-0.62667	0.	1.0825	5.0064e-004
565	-0.525	0.	1.0825	4.676e-004
566	-0.42333	0.	1.0825	3.3162e-004
567	-0.32167	0.	1.0825	1.6914e-004
568	-0.22	0.	1.0825	7.5257e-005
569	-0.11833	0.	1.0825	2.0255e-004
570	-1.6667e-002	0.	1.0825	3.4162e-004
571	8.5e-002	0.	1.0825	4.6331e-004
572	0.18667	0.	1.0825	5.0338e-004
573	0.28833	0.	1.0825	5.0184e-004
574	0.39	0.	1.0825	4.7627e-004
575	0.49167	0.	1.0825	4.4784e-004
576	0.59333	0.	1.0825	3.4961e-004
577	0.695	0.	1.0825	2.5793e-004
578	0.79667	0.	1.0825	1.7672e-004
579	0.89833	0.	1.0825	7.5268e-005
585	1.	0.	0.98409	7.232e-005
586	1.	0.	0.88568	1.7559e-004
587	1.	0.	0.78727	2.8624e-004
588	1.	0.	0.68886	4.0271e-004
589	1.	0.	0.59045	5.1522e-004
590	1.	0.	0.49205	6.533e-004
591	1.	0.	0.39364	7.8223e-004
592	1.	0.	0.29523	9.084e-004
593	1.	0.	0.19682	1.0442e-003
594	1.	0.	9.8409e-002	1.1272e-003
595	0.	0.	0.	0.35111
596	-0.44	0.	0.	0.38874
602	1.	0.	0.	1.1378e-003
604	-1.44	0.	0.	1.1237e-003
607	-1.44	0.	1.0825	4.8158e-005
608	1.	0.	1.0825	4.5175e-005
609	-0.5878	0.	0.57683	2.2394e-003
610	-0.51633	0.	0.3379	1.087e-002
611	4.9647e-002	0.	0.33886	1.0668e-002
612	-0.1932	0.	0.43527	5.7091e-003
613	-1.0259	0.	0.50261	1.4751e-003
614	0.61001	0.	0.50357	1.1327e-003
615	-0.24483	0.	0.79095	8.5902e-004
616	-0.25594	0.	0.27298	1.8449e-002
617	-0.48075	0.	0.19598	4.2445e-002
618	4.7783e-002	0.	0.20369	3.248e-002
619	-0.77883	0.	0.40584	3.5574e-003
620	0.32208	0.	0.41028	3.9412e-003
621	-0.91901	0.	0.80329	7.1775e-004
622	-0.37663	0.	0.53517	3.3529e-003
623	-9.4289e-002	0.	0.29604	1.6802e-002
624	4.9997e-002	0.	0.95323	5.0781e-004
625	-0.57828	0.	0.73853	1.319e-003
626	1.0854e-002	0.	0.62972	1.9096e-003
627	-1.1154	0.	0.76995	4.9506e-004
628	0.84712	0.	0.73518	3.6401e-004
629	-0.67332	0.	0.35678	6.4673e-003
630	0.12641	0.	0.28467	1.3092e-002
631	-1.0547	0.	0.32538	1.7185e-003
632	-0.34573	0.	0.44473	5.4569e-003
633	-0.33468	0.	0.29083	1.7672e-002
634	0.35673	0.	0.83347	7.2227e-004
635	-0.19484	0.	0.22088	2.8817e-002
636	0.33545	0.	0.67171	1.1791e-003
637	-1.3264e-002	0.	0.37417	8.0949e-003
638	-0.19985	0.	0.57401	2.2009e-003
639	0.37822	0.	0.1216	7.7098e-003
640	-0.82789	0.	0.11813	6.4801e-003
641	-0.80881	0.	0.52568	2.1509e-003
642	-8.2343e-002	0.	0.21878	3.1724e-002
643	-1.2969	0.	0.53758	7.1523e-004
644	-0.32579	0.	0.22139	3.3045e-002
645	0.7771	0.	0.5001	7.7642e-004
646	8.4487e-002	0.	0.73886	1.1476e-003
647	-1.2335	0.	0.28143	1.2628e-003
648	0.83807	0.	0.26337	1.1042e-003
649	-0.45764	0.	0.12604	9.6605e-002
650	1.0604e-002	0.	0.14724	7.7121e-002
651	-0.35935	0.	0.16069	5.6833e-002
652	-9.9202e-002	0.	0.55393	3.029e-003
653	-0.64054	0.	0.94199	6.2313e-004
654	-0.64146	0.	0.17964	1.604e-002
655	-0.74274	0.	0.76723	9.5629e-004
656	-7.6736e-002	0.	0.16477	6.663e-002
657	-0.32468	0.	0.95991	2.9341e-004
658	-0.47425	0.	0.63458	2.0166e-003
659	-0.334	0.	0.65536	1.6564e-003
660	0.76101	0.	0.90175	2.4525e-004
661	5.5344e-002	0.	0.45166	5.4746e-003
662	-0.42178	0.	0.7797	8.6058e-004
663	-0.10401	0.	0.83111	6.1308e-004
664	-0.21082	0.	0.35719	1.0658e-002
665	-0.13506	0.	0.17508	5.0555e-002
666	-0.13771	0.	0.72624	1.0775e-003
667	-1.3007	0.	0.83797	2.7761e-004
668	-0.56756	0.	0.48087	3.7517e-003
669	0.25437	0.	0.19654	1.2186e-002
670	0.13536	0.	0.17546	2.5637e-002
671	0.20641	0.	0.38527	5.7107e-003
672	-0.56157	0.	0.16604	3.1865e-002
673	-0.51792	0.	0.11217	7.3049e-002
674	0.68882	0.	0.76396	4.3651e-004
675	-0.98563	0.	0.14233	2.8171e-003
676	-0.87972	0.	0.28649	3.9251e-003
677	0.55736	0.	0.16269	3.1222e-003
678	0.41419	0.	0.28785	4.5577e-003
679	-0.29202	0.	0.14686	6.2203e-002
680	0.45073	0.	0.58868	1.3185e-003
681	-1.176	0.	0.44085	1.0424e-003
682	-0.79873	0.	0.93269	5.5411e-004
683	-0.14188	0.	0.37036	8.9208e-003
684	0.15426	0.	0.8551	8.0265e-004
685	-0.47718	0.	0.93853	4.956e-004
686	-0.17627	0.	0.29104	1.4936e-002
687	-1.052	0.	0.93623	3.7141e-004
688	-0.42506	0.	0.38458	8.1108e-003
689	0.33044	0.	0.54187	2.0862e-003
690	-0.41274	0.	0.30354	1.5146e-002
691	-0.98736	0.	0.64724	8.7721e-004
692	-1.135	0.	0.597	8.185e-004
693	-0.56917	0.	0.24757	1.6266e-002
694	0.5157	0.	0.93396	4.8162e-004
695	-0.4014	0.	0.22672	2.9439e-002
696	-0.74348	0.	0.20911	7.7754e-003
697	-0.38279	0.	0.11761	0.11833
698	-0.67936	0.	0.47932	3.6549e-003
699	-1.8158e-002	0.	0.24737	2.4188e-002
700	-2.8965e-002	0.	0.45071	5.5026e-003
701	0.44708	0.	0.44918	2.2554e-003
702	-0.88708	0.	0.44918	2.4432e-003
703	-0.46858	0.	8.3589e-002	0.17819
704	0.73528	0.	0.60533	6.4556e-004
705	-4.0025e-002	0.	0.12126	0.11883
706	-0.19446	0.	0.14107	5.709e-002
707	0.15585	0.	0.47168	4.0503e-003
708	-0.25832	0.	0.50089	3.5705e-003
709	0.21847	0.	0.73518	1.2319e-003
710	0.58671	0.	0.64834	8.6274e-004
711	-0.16397	0.	0.96271	2.5975e-004
712	0.73161	0.	0.12302	1.8167e-003
713	-1.1466	0.	0.12987	1.8437e-003
714	-0.85346	0.	0.65868	1.168e-003
715	0.2698	0.	0.31265	7.0108e-003
716	-0.92672	0.	0.96667	4.8186e-004
717	-0.27587	0.	0.3386	1.0266e-002
718	-0.22584	0.	0.66245	1.464e-003
719	-1.3287	0.	0.40998	8.5418e-004
720	-0.25823	0.	0.19852	3.3942e-002
721	-1.3181	0.	0.9644	1.4868e-004
722	-0.33636	0.	0.36375	1.0039e-002
723	-3.2146e-002	0.	0.72985	1.1261e-003
724	0.38467	0.	0.9789	5.1807e-004
725	-1.3075	0.	0.68613	4.5011e-004
726	-2.4137e-002	0.	0.18299	4.9136e-002
727	-0.48807	0.	0.52261	3.6011e-003
728	-0.26263	0.	0.41416	6.2185e-003
729	-1.3168	0.	0.16368	1.1888e-003
730	0.87747	0.	0.14192	1.2034e-003
731	0.11343	0.	0.39412	7.0543e-003
732	0.88496	0.	0.96141	1.2541e-004
733	-0.41412	0.	0.15532	7.5929e-002
734	-0.42096	0.	0.11109	0.13258
735	6.6062e-002	0.	5.2724e-002	0.13557
736	0.23539	0.	9.5127e-002	1.8429e-002
737	-0.10211	0.	0.12575	9.6243e-002
738	4.7976e-003	0.	0.53076	3.28e-003
739	0.68216	0.	0.24885	1.9023e-003
740	-0.14248	0.	0.23754	2.645e-002
741	0.24777	0.	0.96215	5.9671e-004
742	0.7175	0.	0.38644	1.2285e-003
743	-0.73926	0.	0.60507	1.8562e-003
744	0.25172	0.	0.63305	1.7494e-003
745	-1.193	0.	0.94559	2.5336e-004
746	0.88917	0.	0.57409	5.6877e-004
747	2.9505e-002	0.	7.0625e-002	0.22342
748	0.88477	0.	0.42087	7.9286e-004
749	-0.60018	0.	8.9929e-002	4.253e-002
750	0.20179	0.	0.55756	2.4412e-003
751	-0.1469	0.	0.12476	8.4842e-002
752	6.7514e-003	0.	0.10787	0.14259
753	-0.24083	0.	0.12573	6.5231e-002
754	9.4047e-002	0.	0.55187	3.1545e-003
755	-0.48265	0.	0.26531	2.1389e-002
756	-0.59298	0.	0.39905	6.0299e-003
757	3.5662e-002	0.	0.27723	1.6625e-002
758	-0.70072	0.	0.10016	1.6272e-002
759	-0.28451	0.	0.58102	2.445e-003
760	1.3225e-002	0.	0.84126	7.7082e-004
761	0.88957	0.	0.84903	2.3626e-004
762	0.54696	0.	0.36862	2.2267e-003
763	0.6337	0.	0.93004	3.3338e-004
764	-0.66288	0.	0.26045	1.0195e-002
765	-0.91486	0.	0.55599	1.507e-003
766	-5.9966e-002	0.	0.95206	4.0759e-004
767	0.14329	0.	0.98118	5.2305e-004
768	-0.10081	0.	0.64709	1.5166e-003
769	0.24332	0.	0.47333	3.7461e-003
770	-0.60294	0.	0.32035	8.9787e-003
771	0.13769	0.	7.0827e-002	4.8443e-002
772	-0.11758	0.	0.45088	5.0726e-003
773	-1.9359e-002	0.	0.31427	1.2512e-002
774	-0.49784	0.	0.42908	6.0433e-003
775	0.44968	0.	0.70871	8.4063e-004
776	0.14293	0.	0.64183	1.7485e-003
777	-0.74823	0.	0.30979	5.6666e-003
778	-0.42513	0.	0.46162	4.904e-003
779	-0.17254	0.	0.50708	3.5823e-003
780	0.55057	0.	0.8073	6.1369e-004
781	-7.4359e-002	0.	0.37677	8.7193e-003
782	6.1797e-002	0.	0.12022	7.064e-002
783	-0.33941	0.	0.11905	0.10702
1441	-0.45657	0.	6.4801e-002	0.28282
1442	-0.49574	0.	5.374e-002	0.1268
1443	-0.48323	0.	3.0206e-002	0.24885
2600	0.	0.	7.5625e-002	0.24995
2601	0.	0.	6.1875e-002	0.36771
2603	1.4753e-002	0.	6.9688e-002	0.26311
2604	-1.1e-002	0.	8.25e-002	0.20698
2606	1.4753e-002	0.	7.6563e-002	0.21157
2607	3.3757e-003	0.	9.5187e-002	0.1788
2609	-3.3e-002	0.	8.25e-002	0.19008
2611	-3.1013e-002	0.	0.10188	0.16027
2612	-7.6243e-003	0.	9.5187e-002	0.1714
2614	-6.6e-002	0.	8.25e-002	0.16022
2616	-4.2013e-002	0.	0.10188	0.14889
2619	-0.11	0.	8.25e-002	0.12431
2621	-6.4013e-002	0.	0.10188	0.1299
2622	-9.5057e-002	0.	0.10412	0.11924
2624	-0.154	0.	8.25e-002	9.8986e-002
2626	-0.11706	0.	0.10412	0.10249
2627	-0.13945	0.	0.10363	9.6946e-002
2629	-0.198	0.	8.25e-002	8.3378e-002
2631	-0.18523	0.	0.11179	7.3046e-002
2632	-0.16145	0.	0.10363	8.7504e-002
2635	-0.242	0.	8.25e-002	8.2222e-002
2637	-0.20723	0.	0.11179	6.8672e-002
2638	-0.23041	0.	0.10412	7.2265e-002
2641	-0.286	0.	8.25e-002	9.6445e-002
2643	-0.27801	0.	0.11468	7.4401e-002
2644	-0.25241	0.	0.10412	7.623e-002
2647	-0.33	0.	8.25e-002	0.12712
2649	-0.30001	0.	0.11468	8.5641e-002
2650	-0.3237	0.	0.10077	0.10803
2654	-0.374	0.	8.25e-002	0.15822
2656	-0.3674	0.	0.10006	0.13217
2657	-0.3457	0.	0.10077	0.1268
2660	-0.407	0.	8.25e-002	0.18989
2662	-0.3894	0.	0.10006	0.14518
2663	-0.40848	0.	9.6796e-002	0.15139
2666	-0.429	0.	8.25e-002	0.19998
2668	-0.41948	0.	9.6796e-002	0.17038
2670	-0.44	0.	7.5625e-002	0.27176
2671	-0.44	0.	6.1875e-002	0.35428
2673	-0.44828	0.	6.6776e-002	0.32187
2676	-0.44882	0.	0.10427	0.14669
2677	-0.45429	0.	8.3044e-002	0.18561
2678	-0.43048	0.	9.6796e-002	0.16333
2679	-0.44828	0.	7.3651e-002	0.23393
2684	-0.44	0.	2.75e-002	0.36245
2685	-0.44828	0.	5.9901e-002	0.31511
2686	-0.46161	0.	4.2603e-002	0.29841
2748	0.	0.	2.75e-002	0.38675
2749	1.4753e-002	0.	6.2812e-002	0.32599
4841	0.15	0.	0.	6.2805e-002
4842	5.e-002	0.	0.	0.22331
4843	8.3031e-002	0.	2.6362e-002	0.11481
4844	0.11884	0.	3.5414e-002	7.1667e-002
4853	0.25	0.	0.	2.1058e-002
4854	0.2177	0.	4.7563e-002	2.3901e-002
4855	0.16884	0.	3.5414e-002	3.8639e-002
4863	0.35	0.	0.	9.4203e-003
4864	0.33911	0.	6.0801e-002	1.0062e-002
4865	0.2677	0.	4.7563e-002	1.5356e-002
4871	0.45	0.	0.	5.2126e-003
4872	0.38911	0.	6.0801e-002	7.0011e-003
4877	0.55	0.	0.	3.3108e-003
4878	0.43911	0.	6.0801e-002	5.8639e-003
4879	0.52868	0.	8.1345e-002	3.5726e-003
4887	0.65	0.	0.	2.2262e-003
4888	0.57868	0.	8.1345e-002	2.827e-003
4889	0.66581	0.	6.1509e-002	2.1944e-003
4895	0.75	0.	0.	1.6581e-003
4896	0.71581	0.	6.1509e-002	1.844e-003
4901	0.85	0.	0.	1.3282e-003
4902	0.76581	0.	6.1509e-002	1.6256e-003
4903	0.83873	0.	7.0961e-002	1.3206e-003
4911	0.95	0.	4.9205e-002	1.1725e-003
4912	0.95	0.	0.	1.1779e-003
4913	0.88873	0.	7.0961e-002	1.2101e-003
4919	-1.29	0.	0.	1.3196e-003
4920	-1.39	0.	4.9205e-002	1.1445e-003
4921	-1.39	0.	0.	1.1487e-003
4922	-1.3284	0.	8.1842e-002	1.1809e-003
4927	-1.19	0.	0.	1.6272e-003
4928	-1.1933	0.	6.4935e-002	1.6526e-003
4929	-1.2784	0.	8.1842e-002	1.3269e-003
4936	-1.09	0.	0.	2.1042e-003
4937	-1.1433	0.	6.4935e-002	1.8127e-003
4942	-0.99	0.	0.	3.2598e-003
4943	-1.0128	0.	7.1163e-002	2.6054e-003
4944	-1.0933	0.	6.4935e-002	2.1314e-003
4950	-0.89	0.	0.	5.32e-003
4951	-0.88395	0.	5.9063e-002	5.2714e-003
4952	-0.96281	0.	7.1163e-002	3.4497e-003
4959	-0.79	0.	0.	8.7323e-003
4960	-0.83395	0.	5.9063e-002	6.4554e-003
4964	-0.69	0.	0.	2.1137e-002
4965	-0.78395	0.	5.9063e-002	8.6965e-003
4966	-0.72036	0.	5.0082e-002	1.3545e-002
4973	-0.59	0.	0.	7.7802e-002
4974	-0.62009	0.	4.4964e-002	3.6403e-002
4975	-0.67036	0.	5.0082e-002	2.3667e-002
4985	-0.49	0.	0.	0.2564
4986	-0.57009	0.	4.4964e-002	8.2481e-002
4992	-0.51787	0.	2.687e-002	0.12223
4993	-0.51161	0.	1.5103e-002	0.18509
5235	-1.44	0.	0.14761	1.0705e-003
5236	-1.44	0.	4.9205e-002	1.1191e-003
5237	-1.3784	0.	0.13105	1.1514e-003
5240	-1.44	0.	0.24602	9.9837e-004
5241	-1.3784	0.	0.18025	1.1072e-003
5243	-1.44	0.	0.34443	8.7071e-004
5244	-1.3368	0.	0.28833	1.1142e-003
5245	-1.3843	0.	0.35261	9.1182e-004
5246	-1.3784	0.	0.22946	1.0799e-003
5250	-1.44	0.	0.44284	7.1287e-004
5251	-1.3843	0.	0.40181	8.1114e-004
5254	-1.44	0.	0.54125	5.9089e-004
5255	-1.3684	0.	0.51481	6.8032e-004
5256	-1.3843	0.	0.45102	7.5432e-004
5258	-1.44	0.	0.63966	4.6631e-004
5259	-1.3684	0.	0.56402	6.1923e-004
5260	-1.3737	0.	0.63829	4.8605e-004
5264	-1.44	0.	0.73807	3.5322e-004
5265	-1.3737	0.	0.6875	4.2475e-004
5267	-1.44	0.	0.83648	2.3532e-004
5268	-1.3703	0.	0.81262	2.8487e-004
5269	-1.3737	0.	0.7367	3.7442e-004
5273	-1.44	0.	0.93489	1.2083e-004
5274	-1.3703	0.	0.86183	2.2072e-004
5275	-1.379	0.	0.92504	1.5457e-004
5279	-1.3892	0.	1.0333	7.702e-005
5280	-1.44	0.	1.0333	6.0356e-005
5281	-1.379	0.	0.97424	1.1115e-004
5310	-1.2875	0.	1.0825	1.2853e-004
5311	-1.3892	0.	1.0825	6.6551e-005
5312	-1.3282	0.	1.0234	1.1535e-004
5316	-1.1858	0.	1.0825	2.1464e-004
5317	-1.2774	0.	1.0234	1.5338e-004
5318	-1.2148	0.	1.014	2.1138e-004
5322	-1.0842	0.	1.0825	3.03e-004
5323	-1.0935	0.	1.0094	3.1397e-004
5324	-1.164	0.	1.014	2.5361e-004
5326	-0.9825	0.	1.0825	3.8673e-004
5327	-1.0427	0.	1.0094	3.5722e-004
5328	-0.98003	0.	1.0246	4.1433e-004
5331	-0.88083	0.	1.0825	4.5249e-004
5332	-0.92919	0.	1.0246	4.5307e-004
5335	-0.77917	0.	1.0825	4.956e-004
5336	-0.81437	0.	1.0076	5.161e-004
5337	-0.87836	0.	1.0246	4.792e-004
5339	-0.6775	0.	1.0825	5.0622e-004
5340	-0.68444	0.	1.0122	5.6729e-004
5341	-0.76353	0.	1.0076	5.3275e-004
5345	-0.57583	0.	1.0825	4.837e-004
5346	-0.6336	0.	1.0122	5.6183e-004
5351	-0.47417	0.	1.0825	3.9941e-004
5352	-0.58277	0.	1.0122	5.4499e-004
5353	-0.50109	0.	1.0105	4.8037e-004
5356	-0.3725	0.	1.0825	2.485e-004
5357	-0.37401	0.	1.0212	3.0141e-004
5358	-0.45025	0.	1.0105	4.1301e-004
5361	-0.27083	0.	1.0825	1.0325e-004
5362	-0.32317	0.	1.0212	2.292e-004
5365	-0.16917	0.	1.0825	1.2402e-004
5366	-0.27234	0.	1.0212	1.711e-004
5367	-0.19198	0.	1.0226	1.6508e-004
5369	-6.75e-002	0.	1.0825	2.7075e-004
5370	-0.14115	0.	1.0226	2.1903e-004
5371	-8.915e-002	0.	1.0173	3.0423e-004
5375	3.4167e-002	0.	1.0825	4.0145e-004
5376	1.6665e-002	0.	1.0179	4.2451e-004
5377	-3.8316e-002	0.	1.0173	3.6906e-004
5381	0.13583	0.	1.0825	4.832e-004
5382	6.7498e-002	0.	1.0179	4.8302e-004
5383	0.11414	0.	1.0318	4.9315e-004
5385	0.2375	0.	1.0825	5.0254e-004
5386	0.21722	0.	1.0223	5.4991e-004
5387	0.16498	0.	1.0318	5.1299e-004
5391	0.33917	0.	1.0825	4.8894e-004
5392	0.3365	0.	1.0307	5.0959e-004
5393	0.26805	0.	1.0223	5.4921e-004
5397	0.44083	0.	1.0825	4.6197e-004
5398	0.38734	0.	1.0307	4.971e-004
5403	0.5425	0.	1.0825	3.9839e-004
5404	0.50368	0.	1.0082	4.6371e-004
5405	0.43817	0.	1.0307	4.8295e-004
5408	0.64417	0.	1.0825	3.037e-004
5409	0.55451	0.	1.0082	4.1547e-004
5410	0.61352	0.	1.0063	3.4049e-004
5415	0.74583	0.	1.0825	2.1653e-004
5416	0.728	0.	0.99213	2.4778e-004
5417	0.66435	0.	1.0063	2.9511e-004
5419	0.8475	0.	1.0825	1.2572e-004
5420	0.77884	0.	0.99213	2.1017e-004
5421	0.84081	0.	1.022	1.4812e-004
5426	0.94917	0.	1.0333	7.1572e-005
5427	0.94917	0.	1.0825	5.9531e-005
5428	0.89165	0.	1.022	9.9554e-005
5459	1.	0.	0.93489	1.2353e-004
5460	1.	0.	1.0333	5.7907e-005
5461	0.94248	0.	0.97275	9.8236e-005
5464	1.	0.	0.83648	2.3067e-004
5465	0.94248	0.	0.92355	1.4735e-004
5466	0.94479	0.	0.86736	2.059e-004
5470	1.	0.	0.73807	3.4375e-004
5471	0.92356	0.	0.76123	3.2395e-004
5472	0.94479	0.	0.81815	2.6073e-004
5476	1.	0.	0.63966	4.5888e-004
5477	0.92356	0.	0.71202	3.7898e-004
5478	0.94458	0.	0.63148	4.8485e-004
5480	1.	0.	0.54125	5.8424e-004
5481	0.94458	0.	0.58227	5.4028e-004
5484	1.	0.	0.44284	7.1774e-004
5485	0.94458	0.	0.53307	6.0862e-004
5486	0.94239	0.	0.45646	7.2223e-004
5488	1.	0.	0.34443	8.453e-004
5489	0.94239	0.	0.40725	7.8635e-004
5492	1.	0.	0.24602	9.7629e-004
5493	0.91903	0.	0.2793	1.0046e-003
5494	0.94239	0.	0.35805	8.4921e-004
5496	1.	0.	0.14761	1.0853e-003
5497	0.91903	0.	0.23009	1.0724e-003
5498	0.93873	0.	0.16937	1.1237e-003
5502	1.	0.	4.9205e-002	1.1325e-003
5503	0.93873	0.	0.12017	1.1647e-003
5506	3.3031e-002	0.	2.6362e-002	0.24278
5507	1.4753e-002	0.	3.5312e-002	0.27979
5520	-0.46161	0.	1.5103e-002	0.31738
5537	-0.58304	0.	0.65768	1.7732e-003
5538	-0.53103	0.	0.60571	2.0748e-003
5539	-0.57768	0.	0.52885	2.9954e-003
5540	-0.63358	0.	0.52807	2.9177e-003
5541	-0.53793	0.	0.54972	2.8939e-003
5542	-0.66353	0.	0.59095	2.0319e-003
5547	-0.4707	0.	0.36124	9.2079e-003
5548	-0.46453	0.	0.32072	1.2756e-002
5549	-0.54275	0.	0.29274	1.3382e-002
5550	-0.49949	0.	0.30161	1.6129e-002
5551	-0.55466	0.	0.36848	8.4185e-003
5552	-0.55963	0.	0.32913	9.7861e-003
5553	-0.50709	0.	0.38349	8.407e-003
5559	8.8029e-002	0.	0.31177	1.1605e-002
5560	1.8191e-002	0.	0.35652	9.3063e-003
5561	5.2495e-002	0.	0.39526	8.0556e-003
5562	8.154e-002	0.	0.36649	8.8273e-003
5563	4.2654e-002	0.	0.30805	1.3612e-002
5564	1.5144e-002	0.	0.32657	1.1517e-002
5568	-0.20201	0.	0.39623	8.1367e-003
5569	-0.16754	0.	0.40281	7.1779e-003
5570	-0.22576	0.	0.46808	4.5795e-003
5571	-0.22791	0.	0.42471	5.8202e-003
5572	-0.15539	0.	0.44307	5.2568e-003
5573	-0.18287	0.	0.47117	4.6397e-003
5576	-1.0403	0.	0.41399	1.5819e-003
5577	-1.1009	0.	0.47173	1.2452e-003
5578	-1.0066	0.	0.57492	1.1706e-003
5579	-1.0804	0.	0.5498	1.1461e-003
5580	-0.95647	0.	0.47589	1.9578e-003
5581	-0.97036	0.	0.5293	1.4834e-003
5586	0.69356	0.	0.50183	9.4624e-004
5587	0.53037	0.	0.54613	1.2077e-003
5588	0.52855	0.	0.47637	1.6903e-003
5589	0.67265	0.	0.55445	8.8783e-004
5590	0.59836	0.	0.57596	9.9216e-004
5591	0.66375	0.	0.44501	1.1694e-003
5592	0.57849	0.	0.4361	1.6772e-003
5597	-0.28475	0.	0.87543	5.4956e-004
5598	-0.28941	0.	0.72316	1.2248e-003
5599	-0.3333	0.	0.78532	7.9984e-004
5600	-0.17442	0.	0.81103	6.8894e-004
5601	-0.19127	0.	0.75859	9.3256e-004
5602	-0.2044	0.	0.87683	5.3782e-004
5603	-0.23533	0.	0.7267	1.1593e-003
5610	-0.29531	0.	0.2819	1.7422e-002
5611	-0.22539	0.	0.24693	2.2886e-002
5612	-0.29086	0.	0.24718	2.4989e-002
5613	-0.23338	0.	0.31509	1.4455e-002
5614	-0.2161	0.	0.28201	1.5913e-002
5615	-0.26591	0.	0.30579	1.4343e-002
5616	-0.25708	0.	0.23575	2.6161e-002
5620	-0.46919	0.	0.16101	6.9434e-002
5621	-0.52116	0.	0.18101	3.6286e-002
5622	-0.49934	0.	0.15407	5.622e-002
5623	-0.52496	0.	0.22178	2.9282e-002
5624	-0.44108	0.	0.21135	3.4874e-002
5625	-0.44744	0.	0.17565	5.8563e-002
5626	-0.4817	0.	0.23065	3.1805e-002
5631	8.7097e-002	0.	0.24418	2.2767e-002
5632	2.9194e-002	0.	0.17546	5.4768e-002
5633	9.1574e-002	0.	0.18958	2.8261e-002
5634	1.4812e-002	0.	0.22553	2.7606e-002
5635	1.1823e-002	0.	0.19334	3.995e-002
5636	4.1723e-002	0.	0.24046	2.4444e-002
5637	5.479e-002	0.	0.16196	5.0828e-002
5642	-0.72607	0.	0.38131	5.0066e-003
5643	-0.79382	0.	0.46576	2.8467e-003
5644	-0.82928	0.	0.34616	3.6775e-003
5645	-0.7291	0.	0.44258	3.5587e-003
5646	-0.83296	0.	0.42751	2.9928e-003
5647	-0.76353	0.	0.35782	4.6054e-003
5651	0.26425	0.	0.39778	4.7977e-003
5652	0.36813	0.	0.34907	4.1507e-003
5653	0.32626	0.	0.47608	3.0066e-003
5654	0.38458	0.	0.42973	3.0864e-003
5655	0.29594	0.	0.36147	5.4651e-003
5656	0.2827	0.	0.44181	3.8077e-003
5660	-1.0172	0.	0.78662	6.0024e-004
5661	-0.83088	0.	0.78526	8.3032e-004
5662	-0.85887	0.	0.86799	6.2965e-004
5663	-0.98549	0.	0.86976	5.4424e-004
5664	-0.95318	0.	0.72526	7.9229e-004
5665	-0.88623	0.	0.73099	9.4284e-004
5666	-0.92287	0.	0.88498	5.9647e-004
5670	-0.36118	0.	0.48995	4.4024e-003
5671	-0.42544	0.	0.58488	2.6618e-003
5672	-0.35531	0.	0.59527	2.4924e-003
5673	-0.31747	0.	0.51803	3.2625e-003
5674	-0.43235	0.	0.52889	3.3923e-003
5675	-0.33057	0.	0.55809	2.822e-003
5676	-0.40088	0.	0.4984	4.0898e-003
5680	-8.8316e-002	0.	0.25741	2.4239e-002
5681	-0.11809	0.	0.3332	1.2653e-002
5682	-0.13528	0.	0.29354	1.5111e-002
5683	-5.6224e-002	0.	0.27171	2.0009e-002
5684	-0.11838	0.	0.26679	2.1308e-002
5685	-5.6824e-002	0.	0.30516	1.4454e-002
5686	-8.4324e-002	0.	0.33641	1.2756e-002
5690	0.10213	0.	0.90417	6.5388e-004
5691	3.1611e-002	0.	0.89724	6.358e-004
5692	-4.9847e-003	0.	0.95265	4.5302e-004
5693	9.6643e-002	0.	0.9672	5.131e-004
5699	-0.60941	0.	0.84026	9.6945e-004
5700	-0.66051	0.	0.75288	1.1238e-003
5701	-0.52627	0.	0.68656	1.6523e-003
5702	-0.50003	0.	0.75911	1.0585e-003
5703	-0.52773	0.	0.83853	9.0653e-004
5704	-0.65877	0.	0.6718	1.5537e-003
5710	4.7671e-002	0.	0.68429	1.5235e-003
5711	-4.4174e-002	0.	0.59182	2.4072e-003
5712	-1.0646e-002	0.	0.67978	1.5066e-003
5713	7.8257e-003	0.	0.58024	2.5918e-003
5714	5.245e-002	0.	0.59079	2.4945e-003
5715	-4.4979e-002	0.	0.6384	1.6478e-003
5716	7.6891e-002	0.	0.63577	1.8015e-003
5720	-1.2081	0.	0.80396	3.823e-004
5721	-1.0837	0.	0.85309	4.2626e-004
5722	-1.0514	0.	0.7086	6.8577e-004
5723	-1.1252	0.	0.68348	6.5305e-004
5724	-1.2115	0.	0.72804	4.5866e-004
5725	-1.1542	0.	0.85777	3.7166e-004
5729	0.80406	0.	0.81847	2.9304e-004
5730	0.76797	0.	0.74957	3.9324e-004
5731	0.7912	0.	0.67025	5.0342e-004
5732	0.86814	0.	0.65464	4.6453e-004
5733	0.86834	0.	0.79211	3.0006e-004
5738	-0.67634	0.	0.41805	5.0308e-003
5739	-0.63315	0.	0.37791	6.1933e-003
5740	-0.6681	0.	0.30861	8.317e-003
5741	-0.63813	0.	0.33856	7.7063e-003
5742	-0.71077	0.	0.33328	6.0365e-003
5746	0.19039	0.	0.24061	1.2176e-002
5747	0.13089	0.	0.23007	1.9047e-002
5748	0.16641	0.	0.33497	9.3953e-003
5749	0.19811	0.	0.29866	9.9499e-003
5750	0.11992	0.	0.3394	9.9987e-003
5751	8.1037e-002	0.	0.28095	1.4707e-002
5756	-1.1441	0.	0.3034	1.4802e-003
5757	-1.0202	0.	0.23385	2.2553e-003
5758	-0.96722	0.	0.30593	2.8175e-003
5759	-1.1154	0.	0.38312	1.3792e-003
5760	-0.9709	0.	0.38728	2.0507e-003
5761	-1.1007	0.	0.22762	1.7551e-003
5767	-0.38539	0.	0.41465	6.6719e-003
5768	-0.30202	0.	0.47281	4.3124e-003
5769	-0.34104	0.	0.40424	7.7476e-003
5770	-0.30418	0.	0.42944	5.6541e-003
5771	-0.38543	0.	0.45317	5.1031e-003
5775	-0.33023	0.	0.25611	2.5356e-002
5776	-0.37371	0.	0.29719	1.607e-002
5777	-0.36804	0.	0.25878	2.2889e-002
5778	-0.30528	0.	0.31472	1.3653e-002
5779	-0.33552	0.	0.32729	1.3853e-002
5784	0.34609	0.	0.75259	9.4904e-004
5785	0.2555	0.	0.84429	7.5281e-004
5786	0.43621	0.	0.88371	6.0182e-004
5787	0.2876	0.	0.78433	9.7523e-004
5788	0.3707	0.	0.90619	6.1945e-004
5789	0.30225	0.	0.89781	6.5696e-004
5790	0.4032	0.	0.77109	7.758e-004
5791	0.45365	0.	0.82038	6.6123e-004
5796	-0.16495	0.	0.19798	3.8666e-002
5797	-0.18555	0.	0.25596	2.1848e-002
5798	-0.19465	0.	0.18098	4.2949e-002
5799	-0.22653	0.	0.2097	3.0723e-002
5800	-0.16866	0.	0.22921	2.7163e-002
5803	0.39309	0.	0.6302	1.2409e-003
5804	0.33294	0.	0.60679	1.6305e-003
5805	0.27696	0.	0.70345	1.1964e-003
5806	0.29358	0.	0.65238	1.4571e-003
5807	0.39256	0.	0.69021	1.0075e-003
5811	2.104e-002	0.	0.41291	6.7721e-003
5812	-2.1114e-002	0.	0.41244	6.7677e-003
5813	-1.6311e-002	0.	0.34422	1.0301e-002
5814	-4.3811e-002	0.	0.37547	8.339e-003
5816	-0.14952	0.	0.56397	2.5146e-003
5817	-0.22908	0.	0.53745	2.865e-003
5818	-0.21284	0.	0.61823	1.8299e-003
5819	-0.24218	0.	0.57752	2.2618e-003
5820	-0.15033	0.	0.61055	1.8102e-003
5821	-0.1862	0.	0.54054	2.883e-003
5825	0.31629	0.	0.15907	9.7702e-003
5826	0.46779	0.	0.14215	5.4156e-003
5827	0.3962	0.	0.20473	6.0606e-003
5828	0.3068	0.	0.10836	1.3063e-002
5832	-0.90676	0.	0.13023	4.6485e-003
5833	-0.85381	0.	0.20231	5.1402e-003
5834	-0.78569	0.	0.16362	7.0178e-003
5835	-0.7643	0.	0.10914	1.1372e-002
5840	-0.74409	0.	0.5025	2.8906e-003
5841	-0.84795	0.	0.48743	2.2741e-003
5842	-0.83113	0.	0.59218	1.6575e-003
5843	-0.77404	0.	0.56538	1.9904e-003
5844	-0.86184	0.	0.54083	1.8239e-003
5850	-7.954e-002	0.	0.19178	4.8988e-002
5851	-0.1087	0.	0.19693	4.0569e-002
5852	-5.0251e-002	0.	0.23308	2.7537e-002
5853	-5.324e-002	0.	0.20089	3.968e-002
5854	-0.11241	0.	0.22816	2.8374e-002
5858	-1.2365	0.	0.48921	8.7715e-004
5859	-1.216	0.	0.56729	7.568e-004
5860	-1.3128	0.	0.47378	7.8203e-004
5861	-1.3022	0.	0.61185	5.8242e-004
5866	-0.34257	0.	0.19104	4.4298e-002
5867	-0.3089	0.	0.18412	4.7479e-002
5868	-0.3636	0.	0.22405	3.0204e-002
5869	-0.29201	0.	0.20996	3.1934e-002
5873	0.75619	0.	0.55271	7.0875e-004
5874	0.7473	0.	0.44327	1.0013e-003
5875	0.83314	0.	0.5371	6.6995e-004
5876	0.83094	0.	0.46048	7.7809e-004
5878	0.11938	0.	0.79698	9.7208e-004
5879	0.15148	0.	0.73702	1.1717e-003
5880	2.6171e-002	0.	0.73436	1.1119e-003
5881	4.8856e-002	0.	0.79006	9.5511e-004
5882	0.11371	0.	0.69035	1.4424e-003
5886	-1.2048	0.	0.36114	1.145e-003
5887	-1.1901	0.	0.20565	1.5512e-003
5888	-1.2811	0.	0.34571	1.0581e-003
5889	-1.2752	0.	0.22256	1.2218e-003
5894	0.78484	0.	0.19319	1.4598e-003
5895	0.85777	0.	0.20264	1.1521e-003
5896	0.76011	0.	0.25611	1.4997e-003
5897	0.77778	0.	0.3249	1.1569e-003
5898	0.86142	0.	0.34212	9.4843e-004
5903	-0.48778	0.	0.1191	8.3425e-002
5904	-0.46311	0.	0.10481	0.13647
5905	-0.43588	0.	0.14068	8.4452e-002
5906	-0.4393	0.	0.11857	0.11327
5911	-1.471e-002	0.	0.13425	9.6592e-002
5912	-6.7665e-003	0.	0.16512	6.2243e-002
5913	8.6778e-003	0.	0.12756	0.1098
5914	3.6201e-002	0.	0.13373	7.2108e-002
5918	-0.32568	0.	0.15377	5.7607e-002
5919	-0.38038	0.	0.1937	4.2992e-002
5920	-0.37107	0.	0.13915	8.7405e-002
5921	-0.38674	0.	0.15801	6.5324e-002
5922	-0.34938	0.	0.13987	8.1709e-002
5927	-6.4083e-002	0.	0.50232	4.1838e-003
5928	-4.7202e-002	0.	0.54235	3.0345e-003
5929	-0.10001	0.	0.60051	2.2704e-003
5930	-0.10839	0.	0.50241	4.05e-003
5931	-0.13587	0.	0.5305	3.2366e-003
5938	-0.69164	0.	0.85461	7.8614e-004
5939	-0.71964	0.	0.93734	5.8663e-004
5940	-0.55886	0.	0.94026	5.5615e-004
5945	-0.60151	0.	0.17284	2.3854e-002
5946	-0.60531	0.	0.2136	1.5723e-002
5947	-0.69247	0.	0.19437	1.1901e-002
5948	-0.62082	0.	0.13478	2.911e-002
5949	-0.67109	0.	0.1399	1.5885e-002
5950	-0.65217	0.	0.22004	1.3025e-002
5955	-0.77074	0.	0.84996	7.5507e-004
5956	-0.7981	0.	0.71295	1.0541e-003
5957	-0.741	0.	0.68615	1.4045e-003
5961	-0.1059	0.	0.16992	5.6639e-002
5962	-5.8381e-002	0.	0.14302	9.2212e-002
5963	-5.0437e-002	0.	0.17388	5.7566e-002
5964	-8.9425e-002	0.	0.14526	8.0841e-002
5969	-0.37323	0.	0.86981	5.7683e-004
5970	-0.40093	0.	0.94922	3.8533e-004
5971	-0.24432	0.	0.96131	2.1463e-004
5976	-0.40412	0.	0.64497	1.7844e-003
5977	-0.44802	0.	0.70714	1.4318e-003
5978	-0.48116	0.	0.5786	2.7992e-003
5982	-0.37789	0.	0.71753	1.2484e-003
5983	-0.27992	0.	0.6589	1.4882e-003
5984	-0.30925	0.	0.61819	2.0344e-003
5988	0.72491	0.	0.83285	3.3921e-004
5989	0.82298	0.	0.93158	1.8425e-004
5990	0.82529	0.	0.87539	2.2969e-004
5991	0.69735	0.	0.9159	2.8741e-004
5995	1.3189e-002	0.	0.45119	5.4212e-003
5996	0.1056	0.	0.46167	4.7183e-003
5997	8.4389e-002	0.	0.42289	6.1907e-003
5998	3.0071e-002	0.	0.49121	4.3617e-003
5999	7.4695e-002	0.	0.50177	4.3096e-003
6003	-0.44948	0.	0.85912	6.6564e-004
6007	-0.12086	0.	0.77867	8.4191e-004
6008	-0.13399	0.	0.89691	4.3621e-004
6009	-6.8079e-002	0.	0.78048	8.6192e-004
6010	-4.5393e-002	0.	0.83618	6.6994e-004
6011	-8.1989e-002	0.	0.89158	4.9878e-004
6015	-0.17635	0.	0.36378	9.3272e-003
6016	-0.19355	0.	0.32412	1.2578e-002
6017	-0.24335	0.	0.3479	1.0317e-002
6018	-0.23673	0.	0.38568	8.3927e-003
6022	-0.16476	0.	0.15808	5.2133e-002
6023	-0.11859	0.	0.15041	7.2764e-002
6024	-0.13877	0.	0.20631	3.8457e-002
6025	-0.14098	0.	0.14992	6.7664e-002
6030	-0.18178	0.	0.69434	1.2434e-003
6031	-8.4929e-002	0.	0.72805	1.0724e-003
6032	-0.11926	0.	0.68666	1.2931e-003
6035	-1.3094	0.	0.90118	2.1255e-004
6036	-1.3041	0.	0.76205	3.6234e-004
6037	-1.2468	0.	0.89178	2.5562e-004
6043	-0.62346	0.	0.48009	3.6692e-003
6044	-0.52782	0.	0.50174	3.636e-003
6045	-0.58027	0.	0.43996	4.8588e-003
6046	-0.5327	0.	0.45498	4.8812e-003
6050	0.19487	0.	0.186	1.8858e-002
6051	0.33428	0.	0.2422	8.3676e-003
6052	0.26209	0.	0.2546	9.5315e-003
6053	0.24488	0.	0.14584	1.5124e-002
6058	0.18538	0.	0.1353	2.1428e-002
6059	0.13653	0.	0.12315	3.6403e-002
6060	9.8581e-002	0.	0.14784	4.8082e-002
6065	0.18113	0.	0.42848	4.8406e-003
6066	0.23811	0.	0.34896	6.2683e-003
6067	0.15992	0.	0.3897	6.3407e-003
6068	0.22487	0.	0.4293	4.7251e-003
6071	-0.53975	0.	0.1391	5.2414e-002
6072	-0.56537	0.	0.20681	2.385e-002
6073	-0.58087	0.	0.12798	3.6345e-002
6080	-0.49325	0.	9.7877e-002	0.12537
6081	-0.55905	0.	0.10105	5.6778e-002
6082	-0.50683	0.	8.2952e-002	9.9109e-002
6086	0.71205	0.	0.68464	5.3771e-004
6087	0.63776	0.	0.70615	6.4893e-004
6088	0.66126	0.	0.847	3.7653e-004
6089	0.6197	0.	0.78563	5.2002e-004
6096	-0.93267	0.	0.21441	3.3248e-003
6097	-1.0661	0.	0.1361	2.3256e-003
6102	-0.8116	0.	0.2478	5.8495e-003
6103	-0.8834	0.	0.36783	3.1649e-003
6104	-0.81397	0.	0.29814	4.7561e-003
6109	0.48577	0.	0.22527	3.7976e-003
6110	0.64449	0.	0.14285	2.4606e-003
6111	0.61976	0.	0.20577	2.512e-003
6112	0.55216	0.	0.26565	2.6463e-003
6116	0.43063	0.	0.36851	3.3827e-003
6117	0.34199	0.	0.30025	5.7162e-003
6118	0.48057	0.	0.32824	3.3915e-003
6125	-0.27512	0.	0.17269	4.6938e-002
6126	-0.26642	0.	0.13629	6.2425e-002
6127	-0.31571	0.	0.13295	8.3328e-002
6133	0.39058	0.	0.56528	1.6996e-003
6134	0.4489	0.	0.51893	1.7782e-003
6135	0.51872	0.	0.61851	1.0884e-003
6136	0.4502	0.	0.6487	1.0778e-003
6140	-1.1555	0.	0.51893	9.2468e-004
6141	-1.2524	0.	0.42542	9.3927e-004
6144	-0.86273	0.	0.94968	5.1768e-004
6149	-0.15907	0.	0.3307	1.1845e-002
6150	-0.12973	0.	0.41062	6.9933e-003
6151	-0.10812	0.	0.37357	8.6103e-003
6157	0.18637	0.	0.79514	1.0129e-003
6158	0.20102	0.	0.90863	6.9793e-004
6159	8.3745e-002	0.	0.84818	7.7498e-004
6160	0.14878	0.	0.91814	6.625e-004
6169	-0.15937	0.	0.26429	2.0517e-002
6173	-0.98935	0.	0.95145	4.2555e-004
6174	-1.1225	0.	0.94091	3.1183e-004
6181	-0.4189	0.	0.34406	1.1617e-002
6182	-0.38071	0.	0.37417	8.9389e-003
6183	-0.46145	0.	0.40683	7.0131e-003
6184	-0.42509	0.	0.4231	6.5037e-003
6189	0.38876	0.	0.49552	2.143e-003
6190	0.29108	0.	0.58746	1.8955e-003
6191	0.26612	0.	0.54972	2.2461e-003
6192	0.28688	0.	0.5076	2.9106e-003
6196	-0.40707	0.	0.26513	2.2274e-002
6197	-0.37455	0.	0.33365	1.2297e-002
6198	-0.44769	0.	0.28443	1.7906e-002
6203	-1.0612	0.	0.62212	8.3988e-004
6204	-0.92041	0.	0.65296	1.0155e-003
6205	-0.95111	0.	0.60161	1.1921e-003
6209	-1.2213	0.	0.64156	6.287e-004
6214	-0.52591	0.	0.25644	1.8567e-002
6215	-0.61602	0.	0.25401	1.3153e-002
6216	-0.58605	0.	0.28396	1.2613e-002
6221	0.45018	0.	0.95643	4.9864e-004
6222	0.5747	0.	0.932	4.0693e-004
6223	0.53313	0.	0.87063	5.4362e-004
6228	-0.40776	0.	0.19102	5.2477e-002
6229	-0.44203	0.	0.24602	2.5091e-002
6233	-0.7221	0.	0.15464	1.1907e-002
6234	-0.70318	0.	0.23478	8.8785e-003
6235	-0.74585	0.	0.25945	6.6781e-003
6240	-0.39846	0.	0.13647	9.6512e-002
6241	-0.40188	0.	0.11435	0.12368
6242	-0.3611	0.	0.11833	0.11151
6246	-0.70931	0.	0.5422	2.755e-003
6247	-0.63617	0.	0.43918	4.8415e-003
6251	-2.1148e-002	0.	0.21518	3.6643e-002
6252	8.7519e-003	0.	0.2623	2.0235e-002
6253	-1.8758e-002	0.	0.28082	1.8324e-002
6258	-1.2084e-002	0.	0.49074	4.3805e-003
6259	-7.3273e-002	0.	0.4508	5.1584e-003
6260	-5.1662e-002	0.	0.41374	7.1078e-003
6264	0.49702	0.	0.4089	2.223e-003
6269	-0.90097	0.	0.50258	1.9709e-003
6273	-0.46258	0.	7.4195e-002	0.22967
6274	-0.48216	0.	6.8664e-002	0.14983
6278	0.66099	0.	0.62683	7.4469e-004
6279	0.81222	0.	0.58971	5.9866e-004
6283	-3.2081e-002	0.	0.15213	8.3943e-002
6284	-7.1069e-002	0.	0.1235	0.10474
6285	-1.6637e-002	0.	0.11457	0.12797
6289	-0.22635	0.	0.1698	4.4748e-002
6290	-0.17068	0.	0.13291	6.9282e-002
6291	-0.21765	0.	0.1334	5.9745e-002
6296	0.13464	0.	0.4329	5.5515e-003
6297	0.17882	0.	0.51462	3.2429e-003
6298	0.12495	0.	0.51177	3.5874e-003
6299	0.19958	0.	0.47251	3.8782e-003
6302	-0.26047	0.	0.45752	4.8877e-003
6303	-0.27141	0.	0.54095	2.991e-003
6304	-0.21543	0.	0.50398	3.5048e-003
6308	0.23509	0.	0.68412	1.4902e-003
6309	0.1807	0.	0.6885	1.4849e-003
6313	0.51819	0.	0.67853	8.4549e-004
6314	0.56864	0.	0.72782	7.3515e-004
6318	-0.11197	0.	0.95738	3.2372e-004
6323	0.80454	0.	0.13247	1.5094e-003
6324	0.70689	0.	0.18593	1.85e-003
6330	-1.2317	0.	0.14678	1.5156e-003
6334	-0.79636	0.	0.63188	1.5084e-003
6335	-0.88416	0.	0.60734	1.3284e-003
6348	-0.30612	0.	0.35117	9.9435e-003
6349	-0.26925	0.	0.37638	8.2281e-003
6353	-0.25517	0.	0.62173	1.926e-003
6354	-0.16332	0.	0.65477	1.4295e-003
6361	-0.24953	0.	0.16213	4.957e-002
6366	-1.2555	0.	0.95499	1.9739e-004
6373	-0.29949	0.	0.38896	7.8655e-003
6377	-9.4601e-003	0.	0.78555	9.4234e-004
6378	-6.6478e-002	0.	0.68847	1.3061e-003
6383	0.31622	0.	0.97052	5.5687e-004
6396	-0.49296	0.	0.47585	4.8124e-003
6397	-0.4566	0.	0.49212	4.2363e-003
6421	0.88727	0.	0.90522	1.7783e-004
6426	-0.41754	0.	0.13321	0.10409
6434	4.7784e-002	0.	6.1674e-002	0.17738
6435	0.10188	0.	6.1776e-002	9.1995e-002
6436	6.393e-002	0.	8.6472e-002	0.10029
6443	0.18654	0.	8.2977e-002	3.3405e-002
6447	-0.12451	0.	0.12525	8.9293e-002
6451	4.9422e-002	0.	0.54131	3.1899e-003
6456	0.69983	0.	0.31765	1.563e-003
6457	0.61456	0.	0.30873	2.046e-003
6465	0.19553	0.	0.97166	5.5929e-004
6470	0.80114	0.	0.40366	1.0028e-003
6471	0.63223	0.	0.37753	1.7225e-003
6479	0.22676	0.	0.59531	2.0945e-003
6480	0.19732	0.	0.63744	1.7384e-003
6488	0.88697	0.	0.49748	6.8027e-004
6493	1.8128e-002	0.	8.9249e-002	0.17654
6494	4.5651e-002	0.	9.5422e-002	0.1466
6503	-0.65045	0.	9.5046e-002	2.9356e-002
6504	-0.54796	0.	7.1834e-002	8.4501e-002
6508	0.14792	0.	0.55472	2.7729e-003
6509	0.22256	0.	0.51545	3.0879e-003
6510	0.17236	0.	0.5997	2.0756e-003
6517	3.4274e-002	0.	0.11405	0.10499
6524	0.11849	0.	0.59685	2.4514e-003
6531	-0.59796	0.	0.3597	7.4824e-003
6532	-0.54541	0.	0.41407	5.9163e-003
6536	8.1518e-003	0.	0.29575	1.4325e-002
6547	-2.337e-002	0.	0.89666	5.8884e-004
6558	0.59213	0.	0.86867	4.7246e-004
6563	-0.63291	0.	0.2904	9.5158e-003
6564	-0.70555	0.	0.28512	7.9245e-003
6583	9.9743e-002	0.	9.5523e-002	5.7754e-002
6588	-0.14506	0.	0.47898	4.2515e-003
6589	-9.597e-002	0.	0.41383	6.7789e-003
6592	-4.6859e-002	0.	0.34552	1.0516e-002
6596	-0.46149	0.	0.44535	5.4129e-003
6600	0.50013	0.	0.758	7.2668e-004
10713	-0.47615	0.	5.927e-002	0.20353
10714	-0.4699	0.	4.7503e-002	0.25969
10717	-0.48948	0.	4.1973e-002	0.18698
