Node Number	X Location (m)	Y Location (m)	Z Location (m)	Total Magnetic Flux Density (T)
9	-0.16	0.	2.e-002	0.97935
10	-0.13714	0.	2.e-002	1.733
11	-0.11429	0.	2.e-002	2.439
12	-9.1429e-002	0.	2.e-002	2.5722
13	-6.8571e-002	0.	2.e-002	2.5753
14	-4.5714e-002	0.	2.e-002	2.4404
15	0.	0.	2.e-002	1.5768
16	-2.2857e-002	0.	2.e-002	2.151
59	-2.2857e-002	0.	-2.e-002	1.5455
60	0.	0.	-2.e-002	1.0084
61	-4.5714e-002	0.	-2.e-002	2.4093
62	-6.8571e-002	0.	-2.e-002	2.5642
63	-9.1429e-002	0.	-2.e-002	2.5676
64	-0.11429	0.	-2.e-002	2.403
65	-0.13714	0.	-2.e-002	1.8007
66	-0.16	0.	-2.e-002	1.091
385	0.	0.	0.	0.9298
386	-0.16	0.	0.	0.80965
1875	-0.14857	0.	2.e-002	1.3277
1877	-0.16	0.	1.e-002	0.8824
1883	-0.12571	0.	2.e-002	2.082
1885	-0.12571	0.	0.	2.0606
1886	-0.13714	0.	0.	1.7443
1887	-0.14857	0.	1.e-002	1.268
1892	-0.10286	0.	2.e-002	2.5056
1894	-0.10286	0.	0.	2.5031
1895	-0.11429	0.	0.	2.4203
1898	-8.e-002	0.	2.e-002	2.5737
1900	-9.1429e-002	0.	0.	2.5698
1903	-5.7143e-002	0.	2.e-002	2.5078
1905	-6.8571e-002	0.	0.	2.5697
1906	-8.e-002	0.	0.	2.5714
1909	-3.4286e-002	0.	2.e-002	2.2808
1911	-4.5714e-002	0.	0.	2.4241
1912	-5.7143e-002	0.	0.	2.5022
1915	-1.1429e-002	0.	2.e-002	1.8417
1917	0.	0.	1.e-002	1.1267
1922	-2.2857e-002	0.	0.	1.8356
1923	-3.4286e-002	0.	0.	2.2587
1924	-1.1429e-002	0.	1.e-002	1.4079
2152	-1.1429e-002	0.	-2.e-002	0.38482
2153	-3.4286e-002	0.	-2.e-002	1.9182
2155	-1.1429e-002	0.	-1.e-002	1.0634
2160	0.	0.	-1.e-002	0.65935
2165	-5.7143e-002	0.	-2.e-002	2.4865
2169	-8.e-002	0.	-2.e-002	2.5658
2173	-0.10286	0.	-2.e-002	2.485
2177	-0.12571	0.	-2.e-002	2.0952
2181	-0.14857	0.	-2.e-002	1.4455
2183	-0.14857	0.	-1.e-002	1.2801
2188	-0.16	0.	-1.e-002	0.92544
1	0.	0.	3.e-002	0.41932
2	-2.2857e-002	0.	3.e-002	0.2918
3	-4.5714e-002	0.	3.e-002	0.12124
4	-6.8571e-002	0.	3.e-002	3.0543e-002
5	-9.1429e-002	0.	3.e-002	2.9489e-002
6	-0.11429	0.	3.e-002	0.12107
7	-0.13714	0.	3.e-002	0.29717
8	-0.16	0.	3.e-002	0.43082
9	-0.16	0.	2.e-002	0.43082
10	-0.13714	0.	2.e-002	0.29717
11	-0.11429	0.	2.e-002	0.12107
12	-9.1429e-002	0.	2.e-002	2.9489e-002
13	-6.8571e-002	0.	2.e-002	3.0543e-002
14	-4.5714e-002	0.	2.e-002	0.12124
15	0.	0.	2.e-002	0.41932
16	-2.2857e-002	0.	2.e-002	0.2918
59	-2.2857e-002	0.	-2.e-002	0.30002
60	0.	0.	-2.e-002	0.42927
61	-4.5714e-002	0.	-2.e-002	0.12234
62	-6.8571e-002	0.	-2.e-002	2.9388e-002
63	-9.1429e-002	0.	-2.e-002	3.169e-002
64	-0.11429	0.	-2.e-002	0.12063
65	-0.13714	0.	-2.e-002	0.2911
66	-0.16	0.	-2.e-002	0.42302
131	-0.13714	0.	-3.e-002	0.2911
132	-0.16	0.	-3.e-002	0.42302
133	-0.11429	0.	-3.e-002	0.12063
134	-9.1429e-002	0.	-3.e-002	3.169e-002
135	-6.8571e-002	0.	-3.e-002	2.9388e-002
136	-4.5714e-002	0.	-3.e-002	0.12234
137	-2.2857e-002	0.	-3.e-002	0.30002
138	0.	0.	-3.e-002	0.42927
1815	-1.1429e-002	0.	3.e-002	0.35418
1816	0.	0.	2.5e-002	0.41932
1825	-3.4286e-002	0.	3.e-002	0.20264
1826	-2.2857e-002	0.	2.5e-002	0.2918
1833	-5.7143e-002	0.	3.e-002	7.5735e-002
1834	-4.5714e-002	0.	2.5e-002	0.12124
1842	-8.e-002	0.	3.e-002	1.8195e-002
1843	-6.8571e-002	0.	2.5e-002	3.0543e-002
1847	-0.10286	0.	3.e-002	7.5074e-002
1848	-9.1429e-002	0.	2.5e-002	2.9489e-002
1853	-0.12571	0.	3.e-002	0.2049
1854	-0.11429	0.	2.5e-002	0.12107
1860	-0.14857	0.	3.e-002	0.36256
1861	-0.13714	0.	2.5e-002	0.29717
1866	-0.16	0.	2.5e-002	0.43082
1875	-0.14857	0.	2.e-002	0.36256
1883	-0.12571	0.	2.e-002	0.2049
1892	-0.10286	0.	2.e-002	7.5074e-002
1898	-8.e-002	0.	2.e-002	1.8195e-002
1903	-5.7143e-002	0.	2.e-002	7.5735e-002
1909	-3.4286e-002	0.	2.e-002	0.20264
1915	-1.1429e-002	0.	2.e-002	0.35418
2152	-1.1429e-002	0.	-2.e-002	0.36342
2153	-3.4286e-002	0.	-2.e-002	0.20762
2154	-2.2857e-002	0.	-2.5e-002	0.30002
2159	0.	0.	-2.5e-002	0.42927
2165	-5.7143e-002	0.	-2.e-002	7.5661e-002
2166	-4.5714e-002	0.	-2.5e-002	0.12234
2169	-8.e-002	0.	-2.e-002	1.8152e-002
2170	-6.8571e-002	0.	-2.5e-002	2.9388e-002
2173	-0.10286	0.	-2.e-002	7.6039e-002
2174	-9.1429e-002	0.	-2.5e-002	3.169e-002
2177	-0.12571	0.	-2.e-002	0.20188
2178	-0.11429	0.	-2.5e-002	0.12063
2181	-0.14857	0.	-2.e-002	0.35572
2182	-0.13714	0.	-2.5e-002	0.2911
2187	-0.16	0.	-2.5e-002	0.42302
2594	-0.14857	0.	-3.e-002	0.35572
2595	-0.12571	0.	-3.e-002	0.20188
2608	-0.10286	0.	-3.e-002	7.6039e-002
2613	-8.e-002	0.	-3.e-002	1.8152e-002
2617	-5.7143e-002	0.	-3.e-002	7.5661e-002
2623	-3.4286e-002	0.	-3.e-002	0.20762
2629	-1.1429e-002	0.	-3.e-002	0.36342
60	0.	0.	-2.e-002	0.30932
66	-0.16	0.	-2.e-002	0.3565
131	-0.13714	0.	-3.e-002	0.17927
132	-0.16	0.	-3.e-002	0.19332
133	-0.11429	0.	-3.e-002	0.10181
134	-9.1429e-002	0.	-3.e-002	9.1198e-002
135	-6.8571e-002	0.	-3.e-002	8.2293e-002
136	-4.5714e-002	0.	-3.e-002	0.12327
137	-2.2857e-002	0.	-3.e-002	0.21093
138	0.	0.	-3.e-002	0.19281
209	1.	0.	-9.3636e-002	9.0839e-005
210	1.	0.	-0.18727	8.6254e-005
211	1.	0.	-0.28091	7.5857e-005
212	1.	0.	-0.37455	6.1492e-005
213	1.	0.	-0.46818	5.1016e-005
214	1.	0.	-0.56182	4.0183e-005
215	1.	0.	-0.65545	2.9068e-005
216	1.	0.	-0.74909	2.1423e-005
217	1.	0.	-0.84273	1.3493e-005
218	1.	0.	-0.93636	6.5461e-006
229	0.90609	0.	-1.03	6.4419e-006
230	0.81217	0.	-1.03	1.4282e-005
231	0.71826	0.	-1.03	1.826e-005
232	0.62435	0.	-1.03	2.5218e-005
233	0.53043	0.	-1.03	3.0146e-005
234	0.43652	0.	-1.03	3.3657e-005
235	0.34261	0.	-1.03	3.2797e-005
236	0.2487	0.	-1.03	3.1406e-005
237	0.15478	0.	-1.03	2.8149e-005
238	6.087e-002	0.	-1.03	1.9235e-005
239	-3.3043e-002	0.	-1.03	8.6461e-006
240	-0.12696	0.	-1.03	8.2206e-006
241	-0.22087	0.	-1.03	1.8915e-005
242	-0.31478	0.	-1.03	2.7658e-005
243	-0.4087	0.	-1.03	3.2375e-005
244	-0.50261	0.	-1.03	3.4363e-005
245	-0.59652	0.	-1.03	3.253e-005
246	-0.69043	0.	-1.03	2.9191e-005
247	-0.78435	0.	-1.03	2.4776e-005
248	-0.87826	0.	-1.03	1.9235e-005
249	-0.97217	0.	-1.03	1.4044e-005
250	-1.0661	0.	-1.03	6.3848e-006
256	-1.16	0.	-0.93636	7.4645e-006
257	-1.16	0.	-0.84273	1.2951e-005
258	-1.16	0.	-0.74909	2.21e-005
259	-1.16	0.	-0.65545	3.0964e-005
260	-1.16	0.	-0.56182	4.2211e-005
261	-1.16	0.	-0.46818	5.3678e-005
262	-1.16	0.	-0.37455	6.3889e-005
263	-1.16	0.	-0.28091	7.5728e-005
264	-1.16	0.	-0.18727	8.7584e-005
265	-1.16	0.	-9.3636e-002	9.3173e-005
271	9.0909e-002	0.	0.	1.9653e-002
272	0.18182	0.	0.	7.4893e-003
273	0.27273	0.	0.	2.0672e-003
274	0.36364	0.	0.	1.0254e-003
275	0.45455	0.	0.	5.3727e-004
276	0.54545	0.	0.	3.1274e-004
277	0.63636	0.	0.	2.0642e-004
278	0.72727	0.	0.	1.5753e-004
279	0.81818	0.	0.	1.1651e-004
280	0.90909	0.	0.	9.7257e-005
281	-1.0691	0.	0.	1.0083e-004
282	-0.97818	0.	0.	1.1797e-004
283	-0.88727	0.	0.	1.5325e-004
284	-0.79636	0.	0.	1.9127e-004
285	-0.70545	0.	0.	3.3136e-004
286	-0.61455	0.	0.	5.0294e-004
287	-0.52364	0.	0.	9.7787e-004
288	-0.43273	0.	0.	1.9439e-003
289	-0.34182	0.	0.	5.9195e-003
290	-0.25091	0.	0.	3.0356e-002
385	0.	0.	0.	0.56619
386	-0.16	0.	0.	0.52178
391	1.	0.	-1.03	3.673e-006
392	1.	0.	0.	9.3033e-005
393	-1.16	0.	-1.03	3.7423e-006
394	-1.16	0.	0.	9.3979e-005
399	4.5455e-002	0.	0.	0.11537
400	-0.20545	0.	0.	0.12788
557	5.9947e-002	0.	-0.37264	6.3724e-004
558	0.5258	0.	-0.46258	1.2971e-004
559	-7.1085e-002	0.	-0.22435	2.8513e-003
560	-0.35275	0.	-0.7348	6.6976e-005
561	-0.20232	0.	-0.46432	3.3015e-004
562	-0.75657	0.	-0.6102	7.3821e-005
563	0.15014	0.	-0.69667	8.782e-005
564	-0.36365	0.	-0.23722	1.4391e-003
565	-0.26183	0.	-0.13361	6.3947e-003
566	-0.46711	0.	-0.52835	1.6202e-004
567	-0.1074	0.	-0.10591	2.253e-002
568	-0.82192	0.	-0.3051	1.4041e-004
569	0.61155	0.	-0.74924	4.5448e-005
570	0.28053	0.	-0.42159	3.1448e-004
571	-0.1015	0.	-0.72444	7.0843e-005
572	-2.3114e-002	0.	-0.1169	2.0448e-002
573	-0.49832	0.	-0.26348	5.6349e-004
574	-5.0467e-002	0.	-0.60407	1.2385e-004
575	0.59284	0.	-0.31968	1.6251e-004
576	-0.11233	0.	-0.29802	1.2831e-003
577	0.29483	0.	-0.74243	6.8291e-005
578	3.0147e-002	0.	-0.29782	1.4068e-003
579	0.68386	0.	-0.49566	7.7521e-005
580	0.25458	0.	-0.30332	6.3872e-004
581	9.6024e-002	0.	-0.46471	3.8565e-004
582	-0.64031	0.	-0.63281	8.3956e-005
583	-0.6053	0.	-0.451	1.9218e-004
584	-0.85241	0.	-0.89659	2.4024e-005
585	4.7211e-002	0.	-0.18667	5.7207e-003
586	4.0742e-002	0.	-0.1296	1.1576e-002
587	-1.0436	0.	-0.51218	5.3417e-005
588	0.7145	0.	-0.26156	1.4219e-004
589	-0.95975	0.	-0.71946	3.2473e-005
590	-0.21382	0.	-9.7366e-002	1.7399e-002
591	-0.43823	0.	-0.39599	3.8878e-004
592	-0.55428	0.	-0.86004	4.415e-005
593	-8.6811e-002	0.	-0.42876	4.4777e-004
594	-0.24312	0.	-0.25167	2.0446e-003
595	-0.17829	0.	-0.19449	4.6774e-003
596	0.80102	0.	-0.80173	2.1223e-005
597	-0.28582	0.	-0.62967	1.1678e-004
598	-0.12165	0.	-6.2228e-002	7.6037e-002
599	0.34707	0.	-0.11806	9.1447e-004
600	0.41474	0.	-0.25938	4.0577e-004
601	-1.5516e-002	0.	-0.91903	1.7073e-005
602	0.21608	0.	-0.87576	4.1336e-005
603	0.26283	0.	-0.53836	1.8512e-004
604	-0.99888	0.	-0.26452	9.7322e-005
605	-0.16118	0.	-0.87722	2.4291e-005
606	0.38652	0.	-0.51067	1.6638e-004
607	0.49564	0.	-0.61123	9.0294e-005
608	0.86152	0.	-0.55941	4.3045e-005
609	0.37198	0.	-0.8716	4.061e-005
610	1.6163e-002	0.	-7.2821e-002	5.2744e-002
611	-0.61093	0.	-0.12992	5.2031e-004
612	0.48201	0.	-0.1295	4.2431e-004
613	-0.65861	0.	-0.26291	3.0988e-004
614	0.78632	0.	-0.40092	8.7778e-005
615	-1.0078	0.	-0.90809	1.2662e-005
616	-0.3301	0.	-0.50207	2.4583e-004
617	-0.70704	0.	-0.77204	4.468e-005
618	0.16616	0.	-0.37226	5.745e-004
619	-0.8771	0.	-0.15187	1.4848e-004
620	-0.15385	0.	-0.38185	6.5513e-004
621	-0.79963	0.	-0.46588	9.459e-005
622	-0.30125	0.	-0.31728	9.5276e-004
623	-8.3172e-002	0.	-7.1115e-002	4.8472e-002
624	-0.4809	0.	-0.72204	7.0667e-005
625	1.7255e-002	0.	-0.70091	7.6009e-005
626	5.5709e-002	0.	-0.60814	1.2181e-004
627	0.6908	0.	-0.89931	2.3215e-005
628	0.52729	0.	-0.9035	3.2105e-005
629	-0.3973	0.	-0.92907	3.4669e-005
630	-0.47457	0.	-0.12992	1.3378e-003
631	-0.93975	0.	-0.41956	7.6926e-005
632	-0.22732	0.	-0.73833	5.8138e-005
633	0.67714	0.	-0.12217	1.7103e-004
634	-0.3575	0.	-0.11821	3.2517e-003
635	0.77341	0.	-0.13401	1.2486e-004
636	-0.90015	0.	-0.58459	5.2763e-005
637	-0.17038	0.	-0.62496	1.2137e-004
638	0.10665	0.	-6.7222e-002	1.4093e-002
639	0.2177	0.	-9.1329e-002	3.4748e-003
640	0.43465	0.	-0.74955	5.3731e-005
641	0.74802	0.	-0.66133	4.1569e-005
642	-3.6408e-002	0.	-7.1667e-002	5.8702e-002
643	0.86682	0.	-0.26142	8.9947e-005
644	-0.13571	0.	-0.52958	2.234e-004
645	-2.1187e-002	0.	-0.36126	7.1271e-004
646	-0.25629	0.	-0.39819	5.3818e-004
647	-1.03	0.	-0.12309	1.022e-004
648	0.12545	0.	-0.16237	4.2292e-003
649	-0.39414	0.	-0.64325	1.087e-004
650	8.0378e-002	0.	-0.80696	4.8934e-005
651	-0.15901	0.	-9.7569e-002	2.5606e-002
652	-0.70257	0.	-0.92262	3.1084e-005
653	-5.0874e-002	0.	-0.50685	2.5131e-004
654	0.85026	0.	-0.93278	1.0982e-005
655	-0.74506	0.	-0.14163	2.2806e-004
656	-0.15428	0.	-5.5881e-002	8.8652e-002
657	0.40537	0.	-0.40238	2.9248e-004
658	-1.8204e-002	0.	-5.0833e-002	0.13404
659	-0.55523	0.	-0.36155	3.0199e-004
660	0.62403	0.	-0.61326	6.7081e-005
661	0.10963	0.	-0.29903	1.2259e-003
662	-6.119e-002	0.	-9.8156e-002	2.5936e-002
663	-1.0744	0.	-0.38511	6.4901e-005
664	-0.30412	0.	-0.81472	4.1509e-005
665	-0.27735	0.	-0.93195	2.5736e-005
666	9.8695e-002	0.	-0.9254	2.8937e-005
667	-0.19136	0.	-5.7331e-002	5.8498e-002
668	4.2029e-003	0.	-0.44667	3.9968e-004
669	0.34898	0.	-0.62791	1.0282e-004
670	0.88997	0.	-0.14081	1.0029e-004
671	0.90551	0.	-0.72498	2.2755e-005
672	-7.382e-002	0.	-0.14943	8.6639e-003
673	-1.0661	0.	-0.65576	3.2251e-005
674	-0.68203	0.	-0.51918	1.1946e-004
675	-0.11757	0.	-0.18795	4.2688e-003
676	-0.41924	0.	-0.80674	4.9265e-005
677	-0.13886	0.	-0.14618	1.0476e-002
678	-0.1971	0.	-0.14171	8.7525e-003
679	0.66066	0.	-0.38808	1.2655e-004
680	0.91209	0.	-0.39282	6.2235e-005
681	-0.20278	0.	-0.31529	1.2652e-003
682	0.18306	0.	-0.4761	3.269e-004
683	-0.71102	0.	-0.38052	1.608e-004
684	0.22892	0.	-0.19868	1.4582e-003
685	-0.1542	0.	-0.24529	2.7617e-003
686	-4.0845e-002	0.	-0.29218	1.3183e-003
687	-0.51673	0.	-0.43866	2.2817e-004
688	-0.24239	0.	-0.19052	3.7269e-003
689	-0.83075	0.	-0.7383	3.6833e-005
690	-1.1329e-002	0.	-0.17128	6.3085e-003
691	6.5464e-003	0.	-0.2293	2.6898e-003
692	0.49009	0.	-0.34674	2.5908e-004
693	-0.57772	0.	-0.53952	1.448e-004
694	-0.94603	0.	-0.81404	2.4063e-005
695	0.18255	0.	-0.27624	1.1778e-003
696	0.14465	0.	-0.56281	1.814e-004
697	-8.2702e-002	0.	-0.3509	7.8211e-004
698	2.9293e-002	0.	-0.51958	2.2081e-004
699	0.24717	0.	-0.63308	1.221e-004
700	-0.22711	0.	-0.54925	2.0362e-004
701	-0.34625	0.	-0.38659	5.18e-004
702	0.58636	0.	-0.12293	2.6298e-004
703	-0.53267	0.	-0.6222	1.0269e-004
704	-9.6273e-002	0.	-4.5124e-002	7.6321e-002
705	0.31985	0.	-0.96499	3.4928e-005
706	7.7315e-002	0.	-0.23475	2.2258e-003
707	-0.58304	0.	-0.72183	7.1866e-005
708	-0.25995	0.	-5.7e-002	1.8311e-002
709	-3.4089e-002	0.	-0.79867	3.8446e-005
710	0.53419	0.	-0.23937	2.6253e-004
711	0.31491	0.	-0.23637	6.513e-004
712	0.62493	0.	-0.21454	1.8734e-004
713	-1.0657	0.	-0.80365	1.8381e-005
714	-0.91639	0.	-7.6275e-002	1.47e-004
2159	0.	0.	-2.5e-002	0.23007
2160	0.	0.	-1.e-002	0.43069
2161	2.2727e-002	0.	-1.e-002	0.21208
2187	-0.16	0.	-2.5e-002	0.26528
2188	-0.16	0.	-1.e-002	0.43629
2189	-0.18273	0.	-1.e-002	0.24155
2594	-0.14857	0.	-3.e-002	0.17271
2595	-0.12571	0.	-3.e-002	0.13282
2596	-0.1294	0.	-4.6114e-002	0.12484
2597	-0.14571	0.	-4.2941e-002	0.13338
2601	-0.18273	0.	-1.5e-002	0.15071
2602	-0.15714	0.	-4.2941e-002	0.13576
2603	-0.17568	0.	-4.3666e-002	0.1258
2608	-0.10286	0.	-3.e-002	9.5012e-002
2609	-0.11797	0.	-4.6114e-002	8.8333e-002
2610	-0.10528	0.	-3.7562e-002	8.8086e-002
2613	-8.e-002	0.	-3.e-002	8.4078e-002
2614	-9.3851e-002	0.	-3.7562e-002	8.3731e-002
2617	-5.7143e-002	0.	-3.e-002	9.7743e-002
2618	-7.5872e-002	0.	-5.0558e-002	6.519e-002
2619	-5.249e-002	0.	-5.0833e-002	6.7226e-002
2620	-8.2422e-002	0.	-3.7562e-002	7.6327e-002
2623	-3.4286e-002	0.	-3.e-002	0.16373
2624	-4.1061e-002	0.	-5.0833e-002	9.0923e-002
2625	-3.1959e-002	0.	-4.0417e-002	0.12593
2629	-1.1429e-002	0.	-3.e-002	0.19371
2630	-2.0531e-002	0.	-4.0417e-002	0.17245
2634	2.2727e-002	0.	-1.5e-002	0.13869
2635	8.0817e-003	0.	-5.141e-002	0.12266
2636	-9.102e-003	0.	-4.0417e-002	0.15732
3094	1.	0.	-0.14045	8.8527e-005
3096	0.95455	0.	-4.6818e-002	9.4044e-005
3097	1.	0.	-4.6818e-002	9.1921e-005
3098	0.94498	0.	-0.11722	9.5513e-005
3103	1.	0.	-0.23409	8.1046e-005
3104	0.93341	0.	-0.22435	8.7903e-005
3105	0.94498	0.	-0.16404	9.325e-005
3108	1.	0.	-0.32773	6.8671e-005
3109	0.93341	0.	-0.27116	8.2776e-005
3110	0.95605	0.	-0.33687	6.8991e-005
3115	1.	0.	-0.42136	5.6232e-005
3116	0.95605	0.	-0.38368	6.1806e-005
3119	1.	0.	-0.515	4.5577e-005
3120	0.93076	0.	-0.51379	4.6673e-005
3121	0.95605	0.	-0.4305	5.6611e-005
3124	1.	0.	-0.60864	3.462e-005
3125	0.93076	0.	-0.56061	4.1418e-005
3130	1.	0.	-0.70227	2.5245e-005
3131	0.93076	0.	-0.60743	3.5857e-005
3132	0.95275	0.	-0.69022	2.5807e-005
3134	1.	0.	-0.79591	1.738e-005
3135	0.95275	0.	-0.73704	2.2001e-005
3138	1.	0.	-0.88955	9.9633e-006
3139	0.90051	0.	-0.82223	1.6842e-005
3140	0.92513	0.	-0.88775	1.1451e-005
3141	0.95275	0.	-0.78385	1.8123e-005
3146	0.95304	0.	-0.98318	6.1741e-006
3147	1.	0.	-0.98318	5.0677e-006
3148	0.92513	0.	-0.93457	8.4919e-006
3219	0.85913	0.	-1.03	1.0325e-005
3220	0.95304	0.	-1.03	4.9408e-006
3221	0.87817	0.	-0.98139	8.6987e-006
3225	0.76522	0.	-1.03	1.6265e-005
3226	0.75149	0.	-0.96466	1.8722e-005
3227	0.83122	0.	-0.98139	1.2498e-005
3230	0.6713	0.	-1.03	2.1731e-005
3231	0.70453	0.	-0.96466	2.0677e-005
3236	0.57739	0.	-1.03	2.7679e-005
3237	0.65757	0.	-0.96466	2.4087e-005
3238	0.57582	0.	-0.96675	2.8642e-005
3240	0.48348	0.	-1.03	3.1897e-005
3241	0.52886	0.	-0.96675	3.1086e-005
3245	0.38957	0.	-1.03	3.322e-005
3246	0.40425	0.	-0.9508	3.7131e-005
3247	0.4819	0.	-0.96675	3.2805e-005
3248	0.37818	0.	-0.99749	3.4276e-005
3251	0.29565	0.	-1.03	3.2082e-005
3252	0.33123	0.	-0.99749	3.3858e-005
3255	0.20174	0.	-1.03	2.9764e-005
3256	0.23239	0.	-0.95288	3.6282e-005
3257	0.28427	0.	-0.99749	3.3154e-005
3261	0.10783	0.	-1.03	2.3573e-005
3262	0.18543	0.	-0.95288	3.4712e-005
3263	0.12674	0.	-0.9777	2.8373e-005
3266	1.3913e-002	0.	-1.03	1.3534e-005
3267	2.2677e-002	0.	-0.97452	1.6998e-005
3268	7.9782e-002	0.	-0.9777	2.4078e-005
3272	-8.e-002	0.	-1.03	6.8004e-006
3273	-2.428e-002	0.	-0.97452	1.2791e-005
3278	-0.17391	0.	-1.03	1.2894e-005
3279	-7.1236e-002	0.	-0.97452	1.1055e-005
3280	-0.14407	0.	-0.95361	1.6189e-005
3283	-0.26783	0.	-1.03	2.313e-005
3284	-0.19103	0.	-0.95361	2.0426e-005
3285	-0.24911	0.	-0.98097	2.2316e-005
3289	-0.36174	0.	-1.03	2.9989e-005
3290	-0.35604	0.	-0.97953	3.1162e-005
3291	-0.29607	0.	-0.98097	2.659e-005
3295	-0.45565	0.	-1.03	3.336e-005
3296	-0.403	0.	-0.97953	3.3498e-005
3298	-0.54957	0.	-1.03	3.3434e-005
3299	-0.52844	0.	-0.94502	3.9228e-005
3300	-0.44995	0.	-0.97953	3.4458e-005
3305	-0.64348	0.	-1.03	3.0857e-005
3306	-0.5754	0.	-0.94502	3.8335e-005
3307	-0.64955	0.	-0.97631	3.1753e-005
3311	-0.73739	0.	-1.03	2.6977e-005
3312	-0.6965	0.	-0.97631	3.0106e-005
3316	-0.8313	0.	-1.03	2.1979e-005
3317	-0.81838	0.	-0.9633	2.4235e-005
3318	-0.74346	0.	-0.97631	2.7916e-005
3320	-0.92522	0.	-1.03	1.6611e-005
3321	-0.86533	0.	-0.9633	2.1581e-005
3325	-1.0191	0.	-1.03	1.0095e-005
3326	-0.91229	0.	-0.9633	1.9032e-005
3327	-0.99	0.	-0.96905	1.3161e-005
3332	-1.113	0.	-0.98318	6.7346e-006
3333	-1.113	0.	-1.03	5.0517e-006
3334	-1.037	0.	-0.96905	9.5212e-006
3362	-1.16	0.	-0.88955	1.0177e-005
3363	-1.16	0.	-0.98318	5.5359e-006
3364	-1.0839	0.	-0.92223	9.8199e-006
3368	-1.16	0.	-0.79591	1.7489e-005
3369	-1.0839	0.	-0.87541	1.2221e-005
3370	-1.1128	0.	-0.82319	1.5608e-005
3373	-1.16	0.	-0.70227	2.6514e-005
3374	-1.1131	0.	-0.70243	2.7138e-005
3375	-1.1128	0.	-0.77637	2.0057e-005
3380	-1.16	0.	-0.60864	3.6578e-005
3381	-1.1131	0.	-0.65561	3.1476e-005
3383	-1.16	0.	-0.515	4.7934e-005
3384	-1.1018	0.	-0.537	4.76e-005
3385	-1.1131	0.	-0.60879	3.7135e-005
3390	-1.16	0.	-0.42136	5.8762e-005
3391	-1.1018	0.	-0.49018	5.3197e-005
3392	-1.1172	0.	-0.42665	5.9279e-005
3396	-1.16	0.	-0.32773	6.9794e-005
3397	-1.1172	0.	-0.37983	6.4327e-005
3399	-1.16	0.	-0.23409	8.1649e-005
3400	-1.0794	0.	-0.27272	8.6281e-005
3401	-1.1172	0.	-0.33301	7.0274e-005
3406	-1.16	0.	-0.14045	9.0343e-005
3407	-1.0794	0.	-0.2259	9.2101e-005
3408	-1.095	0.	-0.15518	9.4889e-005
3413	-1.1145	0.	-4.6818e-002	9.6997e-005
3414	-1.16	0.	-4.6818e-002	9.357e-005
3415	-1.095	0.	-0.10836	9.7642e-005
3455	0.13636	0.	0.	1.3562e-002
3456	6.8182e-002	0.	0.	6.7295e-002
3459	9.8778e-002	0.	-3.3611e-002	1.6252e-002
3467	0.22727	0.	0.	4.778e-003
3470	0.14423	0.	-3.3611e-002	1.0378e-002
3471	0.19976	0.	-4.5664e-002	5.3924e-003
3476	0.31818	0.	0.	1.5458e-003
3479	0.3099	0.	-5.9029e-002	1.4799e-003
3480	0.24521	0.	-4.5664e-002	2.7279e-003
3485	0.40909	0.	0.	7.8052e-004
3489	0.35535	0.	-5.9029e-002	9.5794e-004
3497	0.5	0.	0.	4.2477e-004
3499	0.40081	0.	-5.9029e-002	7.1973e-004
3500	0.46828	0.	-6.4751e-002	4.789e-004
3504	0.59091	0.	0.	2.5932e-004
3507	0.51373	0.	-6.4751e-002	3.6582e-004
3508	0.5659	0.	-6.1467e-002	2.8679e-004
3514	0.68182	0.	0.	1.819e-004
3517	0.65675	0.	-6.1087e-002	1.8829e-004
3518	0.61136	0.	-6.1467e-002	2.3355e-004
3521	0.77273	0.	0.	1.3702e-004
3523	0.70221	0.	-6.1087e-002	1.6392e-004
3524	0.75034	0.	-6.7003e-002	1.4103e-004
3528	0.86364	0.	0.	1.0683e-004
3531	0.7958	0.	-6.7003e-002	1.2054e-004
3532	0.85407	0.	-7.0404e-002	1.0836e-004
3540	0.95455	0.	0.	9.5141e-005
3542	0.89953	0.	-7.0404e-002	9.8683e-005
3546	-1.0236	0.	0.	1.094e-004
3548	-1.1145	0.	0.	9.7393e-005
3550	-1.0496	0.	-6.1547e-002	1.0147e-004
3554	-0.93273	0.	0.	1.3558e-004
3556	-1.0041	0.	-6.1547e-002	1.1004e-004
3557	-0.94729	0.	-3.8138e-002	1.3246e-004
3562	-0.84182	0.	0.	1.7209e-004
3565	-0.90183	0.	-3.8138e-002	1.5005e-004
3571	-0.75091	0.	0.	2.6091e-004
3574	-0.83673	0.	-7.5937e-002	1.6953e-004
3575	-0.77071	0.	-7.0817e-002	2.0859e-004
3576	-0.85638	0.	-3.8138e-002	1.6902e-004
3579	-0.66	0.	0.	4.1628e-004
3581	-0.65819	0.	-6.4962e-002	4.2327e-004
3582	-0.72526	0.	-7.0817e-002	2.7871e-004
3588	-0.56909	0.	0.	7.3611e-004
3591	-0.61274	0.	-6.4962e-002	5.0609e-004
3595	-0.47818	0.	0.	1.4602e-003
3598	-0.56728	0.	-6.4962e-002	7.4618e-004
3599	-0.4991	0.	-6.4962e-002	1.1372e-003
3606	-0.38727	0.	0.	3.9261e-003
3609	-0.45365	0.	-6.4962e-002	1.6088e-003
3610	-0.39511	0.	-5.9106e-002	2.5316e-003
3616	-0.29636	0.	0.	1.8121e-002
3619	-0.34966	0.	-5.9106e-002	4.5023e-003
3620	-0.30088	0.	-2.85e-002	1.2001e-002
3626	-0.22818	0.	0.	7.8831e-002
3629	-0.25543	0.	-2.85e-002	2.3798e-002
4134	2.2727e-002	0.	0.	0.33854
4139	-0.18273	0.	0.	0.3244
4151	3.0809e-002	0.	-3.641e-002	7.7927e-002
4152	7.605e-002	0.	-3.3611e-002	6.4394e-002
4163	-0.19841	0.	-2.8666e-002	8.856e-002
4164	-0.2327	0.	-2.85e-002	7.2906e-002
5126	4.5047e-002	0.	-0.33523	1.0211e-003
5127	7.7985e-002	0.	-0.41868	5.1083e-004
5128	0.11305	0.	-0.37245	5.8722e-004
5129	1.938e-002	0.	-0.36695	6.4053e-004
5130	8.4786e-002	0.	-0.33584	9.2111e-004
5131	3.2075e-002	0.	-0.40965	5.051e-004
5135	0.55932	0.	-0.39113	1.4473e-004
5136	0.60483	0.	-0.47912	1.0318e-004
5137	0.45616	0.	-0.48663	1.4635e-004
5138	0.51072	0.	-0.5369	1.089e-004
5139	0.46558	0.	-0.43248	2.1096e-004
5140	0.57491	0.	-0.53792	9.8304e-005
5141	0.59323	0.	-0.42533	1.2641e-004
5142	0.50794	0.	-0.40466	1.9389e-004
5147	-9.1709e-002	0.	-0.26118	2.0059e-003
5148	-7.2453e-002	0.	-0.18689	5.7522e-003
5149	-9.4326e-002	0.	-0.20615	3.37e-003
5150	-0.11264	0.	-0.23482	2.4728e-003
5151	-5.5965e-002	0.	-0.25827	2.0829e-003
5152	-4.1207e-002	0.	-0.19782	4.2376e-003
5153	-3.2269e-002	0.	-0.22682	2.596e-003
5157	-0.31928	0.	-0.68223	9.1266e-005
5158	-0.41683	0.	-0.72842	6.7945e-005
5159	-0.29004	0.	-0.73656	6.1248e-005
5160	-0.37345	0.	-0.68902	8.7508e-005
5161	-0.32844	0.	-0.77476	5.4153e-005
5162	-0.386	0.	-0.77077	5.789e-005
5164	-0.14456	0.	-0.44654	3.6675e-004
5165	-0.26621	0.	-0.4832	2.7779e-004
5166	-0.17808	0.	-0.42309	4.9152e-004
5167	-0.16901	0.	-0.49695	2.6671e-004
5168	-0.22931	0.	-0.43125	4.2764e-004
5169	-0.21471	0.	-0.50679	2.6687e-004
5173	-0.69844	0.	-0.62151	7.8453e-005
5174	-0.7318	0.	-0.69112	5.8675e-005
5175	-0.7781	0.	-0.53804	8.3716e-005
5176	-0.82836	0.	-0.59739	6.2766e-005
5177	-0.7193	0.	-0.56469	9.6602e-005
5178	-0.79366	0.	-0.67425	5.5319e-005
5182	0.22249	0.	-0.71955	7.7008e-005
5183	0.18311	0.	-0.78621	6.4321e-005
5184	8.37e-002	0.	-0.69879	7.8774e-005
5185	0.10293	0.	-0.65241	1.0177e-004
5186	0.11526	0.	-0.75181	6.7723e-005
5187	0.1474	0.	-0.62974	1.3458e-004
5188	0.19866	0.	-0.66487	1.0336e-004
5192	-0.31274	0.	-0.18542	3.9138e-003
5193	-0.43098	0.	-0.25035	9.9253e-004
5194	-0.40094	0.	-0.3166	9.1235e-004
5195	-0.30339	0.	-0.24445	1.6659e-003
5196	-0.33245	0.	-0.27725	1.1676e-003
5197	-0.41911	0.	-0.18357	1.33e-003
5198	-0.36058	0.	-0.17772	2.279e-003
5199	-0.30302	0.	-0.21387	2.548e-003
5200	-0.35495	0.	-0.31191	9.6604e-004
5205	-0.23782	0.	-0.11549	1.1848e-002
5206	-0.30966	0.	-0.12591	4.7179e-003
5207	-0.22947	0.	-0.13766	7.2522e-003
5208	-0.25211	0.	-0.16206	4.945e-003
5209	-0.26089	0.	-9.5305e-002	1.2045e-002
5215	-0.45267	0.	-0.46217	2.7459e-004
5216	-0.3986	0.	-0.51521	2.0048e-004
5217	-0.43062	0.	-0.5858	1.338e-004
5218	-0.49192	0.	-0.48351	1.9375e-004
5219	-0.52241	0.	-0.53394	1.5233e-004
5220	-0.49989	0.	-0.57528	1.3226e-004
5225	-0.11453	0.	-8.4068e-002	4.8865e-002
5226	-9.5286e-002	0.	-8.8511e-002	3.4048e-002
5227	-0.1332	0.	-0.10174	2.1987e-002
5228	-8.4295e-002	0.	-0.10203	2.1696e-002
5229	-9.061e-002	0.	-0.12767	1.4972e-002
5230	-0.12313	0.	-0.12604	1.6147e-002
5235	-0.9104	0.	-0.28481	1.1803e-004
5236	-0.74027	0.	-0.284	2.2495e-004
5237	-0.84951	0.	-0.22849	1.4271e-004
5238	-0.81078	0.	-0.38549	1.1672e-004
5239	-0.88083	0.	-0.36233	1.0856e-004
5240	-0.78349	0.	-0.22337	1.8294e-004
5241	-0.76647	0.	-0.34281	1.4912e-004
5246	0.70628	0.	-0.77549	3.3135e-005
5247	0.55359	0.	-0.68024	6.7817e-005
5248	0.65117	0.	-0.82428	3.4212e-005
5249	0.56942	0.	-0.82637	3.8332e-005
5250	0.5231	0.	-0.74939	4.9209e-005
5251	0.67978	0.	-0.70529	4.291e-005
5252	0.61779	0.	-0.68125	5.603e-005
5255	0.26755	0.	-0.36245	4.754e-004
5256	0.27168	0.	-0.47997	2.4897e-004
5257	0.33353	0.	-0.46613	2.4007e-004
5258	0.22334	0.	-0.39692	4.4122e-004
5259	0.34295	0.	-0.41198	2.9911e-004
5260	0.2318	0.	-0.44884	3.1488e-004
5265	-7.5982e-002	0.	-0.66426	9.6305e-005
5266	-0.13134	0.	-0.80083	4.6781e-005
5267	-4.2121e-002	0.	-0.71268	6.8539e-005
5268	-0.16441	0.	-0.73139	6.0561e-005
5269	-0.13594	0.	-0.6747	9.4527e-005
5270	-6.7793e-002	0.	-0.76156	5.3942e-005
5274	8.8141e-003	0.	-0.12325	1.516e-002
5275	-3.4751e-003	0.	-9.4859e-002	3.3775e-002
5276	-2.9761e-002	0.	-9.4282e-002	3.9434e-002
5277	-4.2152e-002	0.	-0.10753	2.1954e-002
5278	-4.8467e-002	0.	-0.13317	1.322e-002
5279	-1.7221e-002	0.	-0.14409	1.3377e-002
5284	-0.46827	0.	-0.32973	4.6509e-004
5285	-0.55462	0.	-0.1967	5.2371e-004
5286	-0.57846	0.	-0.26319	4.3348e-004
5287	-0.48644	0.	-0.1967	9.4204e-004
5288	-0.52677	0.	-0.31251	4.3121e-004
5292	-1.6606e-002	0.	-0.65249	9.7757e-005
5293	2.6208e-003	0.	-0.60611	1.1902e-004
5294	-0.11042	0.	-0.61452	1.1559e-004
5295	-9.3089e-002	0.	-0.56683	1.6986e-004
5296	-5.067e-002	0.	-0.55546	1.8752e-004
5297	-1.0587e-002	0.	-0.56183	1.6794e-004
5301	0.65367	0.	-0.29062	1.5112e-004
5302	0.62675	0.	-0.35388	1.4447e-004
5303	0.54147	0.	-0.33321	2.1034e-004
5304	0.56352	0.	-0.27952	2.1209e-004
5305	0.60889	0.	-0.26711	1.737e-004
5309	-0.13309	0.	-0.33993	9.586e-004
5310	-0.15756	0.	-0.30665	1.2159e-003
5311	-0.13326	0.	-0.27166	1.977e-003
5312	-7.6589e-002	0.	-0.2951	1.2397e-003
5313	-9.7517e-002	0.	-0.32446	1.0248e-003
5316	0.25546	0.	-0.80909	5.4675e-005
5317	0.33341	0.	-0.80702	5.4328e-005
5318	0.36474	0.	-0.74599	6.0324e-005
5319	0.32191	0.	-0.68517	8.4978e-005
5320	0.271	0.	-0.68775	9.5186e-005
5325	4.4799e-003	0.	-0.32954	1.0225e-003
5326	6.9886e-002	0.	-0.29843	1.2916e-003
5327	-5.349e-003	0.	-0.295	1.2681e-003
5328	1.8347e-002	0.	-0.26356	2.0444e-003
5329	5.3731e-002	0.	-0.26628	1.7617e-003
5333	0.77269	0.	-0.52753	5.9546e-005
5334	0.73509	0.	-0.44829	8.1891e-005
5335	0.71594	0.	-0.57849	5.951e-005
5336	0.65395	0.	-0.55446	7.1842e-005
5337	0.67226	0.	-0.44187	1.0179e-004
5341	0.21037	0.	-0.33779	5.9428e-004
5342	0.32997	0.	-0.35285	4.6379e-004
5343	0.24175	0.	-0.251	1.0409e-003
5344	0.21857	0.	-0.28978	9.039e-004
5345	0.28475	0.	-0.26984	6.356e-004
5350	0.13109	0.	-0.41849	4.7079e-004
5351	5.0113e-002	0.	-0.45569	3.7717e-004
5352	0.13954	0.	-0.47041	3.5303e-004
5353	0.12033	0.	-0.51376	2.835e-004
5354	6.2659e-002	0.	-0.49215	2.9329e-004
5357	-0.67367	0.	-0.70243	6.4274e-005
5358	-0.66117	0.	-0.576	1.0107e-004
5359	-0.60901	0.	-0.58617	1.1435e-004
5360	-0.58649	0.	-0.62751	9.2558e-005
5361	-0.61167	0.	-0.67732	7.7404e-005
5366	-0.58026	0.	-0.40628	2.4707e-004
5367	-0.64366	0.	-0.48509	1.5564e-004
5368	-0.65816	0.	-0.41576	1.7524e-004
5369	-0.56102	0.	-0.44483	2.0921e-004
5370	-0.59151	0.	-0.49526	1.6785e-004
5374	-0.93012	0.	-0.90234	1.8133e-005
5375	-0.77972	0.	-0.83432	3.4345e-005
5376	-0.77749	0.	-0.90961	2.7455e-005
5377	-0.84158	0.	-0.81745	3.0152e-005
5378	-0.89922	0.	-0.85532	2.3533e-005
5382	4.3977e-002	0.	-0.15814	8.6088e-003
5383	8.6329e-002	0.	-0.17452	4.8096e-003
5384	1.7941e-002	0.	-0.17898	5.8305e-003
5385	2.6879e-002	0.	-0.20798	4.0227e-003
5386	6.2263e-002	0.	-0.21071	3.9674e-003
5390	2.8453e-002	0.	-0.10121	3.1996e-002
5391	7.3694e-002	0.	-9.8413e-002	1.1984e-002
5392	8.3094e-002	0.	-0.14599	7.8103e-003
5393	1.4706e-002	0.	-0.15044	8.4635e-003
5397	-0.99165	0.	-0.46587	6.5154e-005
5398	-0.97185	0.	-0.54839	5.2444e-005
5399	-1.059	0.	-0.44865	5.889e-005
5400	-1.0548	0.	-0.58397	4.2824e-005
5404	0.75041	0.	-0.33124	1.1489e-004
5405	0.69582	0.	-0.19187	1.5593e-004
5406	0.74395	0.	-0.19778	1.3269e-004
5407	0.79066	0.	-0.26149	1.1568e-004
5408	0.68758	0.	-0.32482	1.336e-004
5409	0.66971	0.	-0.23805	1.6475e-004
5413	-0.92995	0.	-0.65202	4.2603e-005
5414	-1.0129	0.	-0.68761	3.1974e-005
5415	-0.89525	0.	-0.72888	3.4143e-005
5416	-0.95289	0.	-0.76675	2.8126e-005
5417	-1.0127	0.	-0.76155	2.5363e-005
5421	-0.18641	0.	-9.7468e-002	2.0849e-002
5422	-0.20259	0.	-7.7349e-002	3.7737e-002
5423	-0.20546	0.	-0.11954	1.2857e-002
5424	-0.23688	0.	-7.7183e-002	1.6724e-002
5429	-0.38417	0.	-0.44903	3.0624e-004
5430	-0.49673	0.	-0.37877	3.4246e-004
5431	-0.47748	0.	-0.41732	3.0813e-004
5432	-0.39224	0.	-0.39129	4.507e-004
5436	-0.63066	0.	-0.81604	4.3969e-005
5437	-0.51759	0.	-0.79104	5.7355e-005
5438	-0.47579	0.	-0.89455	3.923e-005
5439	-0.62842	0.	-0.89133	3.7573e-005
5440	-0.48676	0.	-0.83339	4.6398e-005
5441	-0.56866	0.	-0.79094	5.7881e-005
5446	-0.12033	0.	-0.40531	5.3185e-004
5447	-0.11126	0.	-0.47917	3.349e-004
5448	-5.3999e-002	0.	-0.39501	5.5832e-004
5449	-6.8842e-002	0.	-0.4678	3.447e-004
5450	-4.1304e-002	0.	-0.43771	3.9504e-004
5451	-8.4757e-002	0.	-0.38983	6.1489e-004
5455	-0.2107	0.	-0.22308	3.3482e-003
5456	-0.27218	0.	-0.28448	1.4945e-003
5457	-0.22295	0.	-0.28348	1.6113e-003
5458	-0.19866	0.	-0.24848	2.2894e-003
5459	-0.24275	0.	-0.2211	2.8675e-003
5463	-0.14793	0.	-0.19122	4.1622e-003
5464	-0.15857	0.	-0.17034	7.5309e-003
5465	-0.18769	0.	-0.1681	6.6581e-003
5466	-0.16624	0.	-0.21989	3.6376e-003
5467	-0.21034	0.	-0.19251	4.1098e-003
5471	0.74591	0.	-0.85052	2.1755e-005
5472	0.77452	0.	-0.73153	3.1355e-005
5473	0.82564	0.	-0.86725	1.6009e-005
5474	0.85326	0.	-0.76336	2.1259e-005
5480	-0.30796	0.	-0.56587	1.7902e-004
5481	-0.25657	0.	-0.684	8.7149e-005
5482	-0.2281	0.	-0.62731	1.1529e-004
5483	-0.33998	0.	-0.63646	1.1042e-004
5484	-0.25646	0.	-0.58946	1.5937e-004
5489	-0.10241	0.	-6.6672e-002	5.6017e-002
5490	-0.14033	0.	-7.9899e-002	4.9452e-002
5491	-0.13797	0.	-5.9055e-002	7.8023e-002
5492	-0.10896	0.	-5.3676e-002	7.3503e-002
5497	0.3809	0.	-0.18872	6.5375e-004
5498	0.41454	0.	-0.12378	6.6873e-004
5499	0.28238	0.	-0.10469	2.1916e-003
5500	0.288	0.	-0.15837	1.1512e-003
5501	0.33099	0.	-0.17722	7.664e-004
5506	0.44837	0.	-0.19444	4.0756e-004
5507	0.41005	0.	-0.33088	3.4538e-004
5508	0.45242	0.	-0.30306	3.3192e-004
5509	0.47447	0.	-0.24938	3.3253e-004
5510	0.36483	0.	-0.24788	5.2692e-004
5513	-8.835e-002	0.	-0.89813	1.791e-005
5514	3.2431e-002	0.	-0.863	3.2595e-005
5515	4.159e-002	0.	-0.92221	2.1698e-005
5516	-2.4802e-002	0.	-0.85885	2.7463e-005
5520	0.29403	0.	-0.87368	4.0601e-005
5521	0.14823	0.	-0.84136	4.385e-005
5522	0.15739	0.	-0.90058	3.5056e-005
5523	0.26796	0.	-0.92037	3.795e-005
5527	0.32468	0.	-0.52452	1.7398e-004
5528	0.30591	0.	-0.58314	1.439e-004
5529	0.22295	0.	-0.50723	2.5453e-004
5530	0.20374	0.	-0.55059	1.7829e-004
5531	0.255	0.	-0.58572	1.5314e-004
5535	-0.93799	0.	-0.2082	1.2283e-004
5536	-0.96931	0.	-0.34204	8.6859e-005
5537	-1.0145	0.	-0.19381	9.9391e-005
5538	-1.0366	0.	-0.32482	8.1023e-005
5543	-0.19425	0.	-0.80778	4.0862e-005
5544	-0.23265	0.	-0.84597	3.1574e-005
5545	-0.21927	0.	-0.90459	2.3383e-005
5546	-9.7636e-002	0.	-0.83795	2.9285e-005
5552	0.44108	0.	-0.56095	1.2833e-004
5553	0.39595	0.	-0.45653	2.2805e-004
5554	0.36775	0.	-0.56929	1.3382e-004
5559	0.46515	0.	-0.68039	7.1782e-005
5560	0.55984	0.	-0.61224	7.7981e-005
5561	0.42231	0.	-0.61957	9.5893e-005
5566	0.82392	0.	-0.48017	6.5368e-005
5567	0.80477	0.	-0.61037	4.1491e-005
5568	0.88351	0.	-0.64219	3.2894e-005
5569	0.88681	0.	-0.47612	5.2356e-005
5574	0.44963	0.	-0.88755	3.6296e-005
5575	0.40332	0.	-0.81058	4.6977e-005
5576	0.34591	0.	-0.9183	3.7742e-005
5579	6.1405e-002	0.	-7.0021e-002	3.2696e-002
5580	-1.0122e-002	0.	-7.2244e-002	4.7824e-002
5581	-1.0203e-003	0.	-6.1827e-002	8.9332e-002
5591	-0.63477	0.	-0.19642	4.114e-004
5592	-0.54275	0.	-0.12992	9.2402e-004
5593	-0.678	0.	-0.13578	3.7407e-004
5597	0.53418	0.	-0.12622	3.4343e-004
5598	0.5081	0.	-0.18444	3.4201e-004
5602	-0.70184	0.	-0.20227	2.6554e-004
5603	-0.60692	0.	-0.31223	2.9909e-004
5604	-0.68482	0.	-0.32171	2.3421e-004
5609	0.82657	0.	-0.33117	8.8222e-005
5610	0.72349	0.	-0.3945	1.0681e-004
5611	0.8492	0.	-0.39687	7.4327e-005
5618	-0.97693	0.	-0.86107	1.8344e-005
5619	-1.0368	0.	-0.85587	1.5154e-005
5623	-0.2932	0.	-0.45013	3.9059e-004
5624	-0.36212	0.	-0.57266	1.7718e-004
5625	-0.27861	0.	-0.52566	2.1634e-004
5626	-0.33817	0.	-0.44433	3.7733e-004
5631	-0.7048	0.	-0.84733	3.7711e-005
5632	-0.7689	0.	-0.75517	4.0432e-005
5633	-0.64504	0.	-0.74694	5.8111e-005
5638	0.13789	0.	-0.33565	8.965e-004
5639	0.17461	0.	-0.42418	4.4955e-004
5640	0.17435	0.	-0.32425	8.7228e-004
5643	-0.95356	0.	-0.13748	1.2518e-004
5644	-0.81108	0.	-0.14675	1.8814e-004
5645	-0.89674	0.	-0.11407	1.4739e-004
5651	-0.20507	0.	-0.39002	5.7833e-004
5652	-0.17831	0.	-0.34857	9.5052e-004
5653	-0.11828	0.	-0.36638	6.9052e-004
5657	-0.86969	0.	-0.44272	8.4709e-005
5658	-0.84989	0.	-0.52523	7.3642e-005
5659	-0.74083	0.	-0.49253	1.0646e-004
5660	-0.75533	0.	-0.4232	1.2762e-004
5663	-0.27877	0.	-0.35773	7.2993e-004
5664	-0.25201	0.	-0.31628	1.056e-003
5665	-0.32375	0.	-0.35194	7.3443e-004
5670	-5.979e-002	0.	-7.1391e-002	4.9626e-002
5671	-7.2181e-002	0.	-8.4636e-002	3.6801e-002
5672	-8.9723e-002	0.	-5.812e-002	6.1239e-002
5677	-0.43752	0.	-0.68265	8.9463e-005
5678	-0.45007	0.	-0.76439	5.9818e-005
5679	-0.50679	0.	-0.67212	8.6231e-005
5680	-0.53197	0.	-0.72193	7.0833e-005
5684	3.6482e-002	0.	-0.65453	9.8849e-005
5685	4.8817e-002	0.	-0.75394	6.1931e-005
5686	-8.417e-003	0.	-0.74979	5.6208e-005
5689	0.10018	0.	-0.58548	1.4653e-004
5690	4.2501e-002	0.	-0.56386	1.7126e-004
5694	0.60904	0.	-0.90141	2.7602e-005
5695	0.77053	0.	-0.91605	1.7035e-005
5699	0.48097	0.	-0.82653	4.2882e-005
5703	-0.35071	0.	-0.87189	3.759e-005
5704	-0.33732	0.	-0.93051	3.0075e-005
5705	-0.40827	0.	-0.86791	4.1945e-005
5709	-0.41603	0.	-0.12407	2.2937e-003
5713	-0.91995	0.	-0.50208	6.4293e-005
5714	-1.0071	0.	-0.40234	7.0413e-005
5719	-0.19885	0.	-0.68165	8.8668e-005
5720	-0.26572	0.	-0.77653	4.9262e-005
5724	0.72527	0.	-0.12809	1.4791e-004
5725	0.63175	0.	-0.12255	2.1691e-004
5726	0.65103	0.	-0.16836	1.7821e-004
5731	-0.30873	0.	-8.7605e-002	1.0777e-002
5735	0.82011	0.	-0.19771	1.0736e-004
5736	0.83169	0.	-0.13741	1.1254e-004
5740	-0.98314	0.	-0.62017	4.1868e-005
5741	-0.86545	0.	-0.66144	4.4323e-005
5746	-0.15304	0.	-0.57727	1.7122e-004
5747	-0.19875	0.	-0.58711	1.6077e-004
5751	0.16217	0.	-7.9276e-002	8.7577e-003
5752	0.11605	0.	-0.1148	9.0367e-003
5757	0.17157	0.	-0.12685	3.6888e-003
5758	0.22331	0.	-0.14501	2.4281e-003
5763	0.39181	0.	-0.68873	7.8227e-005
5769	0.68602	0.	-0.6373	5.4112e-005
5770	0.82676	0.	-0.69316	3.1487e-005
5776	-2.7306e-002	0.	-6.125e-002	9.4552e-002
5777	-4.8799e-002	0.	-8.4911e-002	4.1337e-002
5784	0.87839	0.	-0.20111	9.4993e-005
5785	0.88945	0.	-0.32712	7.608e-005
5789	-9.3292e-002	0.	-0.51821	2.3049e-004
5790	-0.18141	0.	-0.53942	2.0569e-004
5796	-8.4921e-003	0.	-0.40396	5.5423e-004
5797	-3.1016e-002	0.	-0.32672	1.0115e-003
5798	-5.1945e-002	0.	-0.35608	7.1967e-004
5804	-0.22954	0.	-0.35674	8.9787e-004
5805	-0.30127	0.	-0.39239	5.1065e-004
5809	-0.97321	0.	-9.9684e-002	1.2454e-004
5814	0.17718	0.	-0.18053	2.8329e-003
5815	0.154	0.	-0.21931	2.687e-003
5816	0.10138	0.	-0.19856	3.1198e-003
5822	-0.4634	0.	-0.63273	1.0412e-004
5826	8.9537e-002	0.	-0.86618	3.8398e-005
5827	2.3145e-002	0.	-0.80282	4.1316e-005
5832	-0.15665	0.	-7.6725e-002	5.7036e-002
5833	-0.17518	0.	-7.745e-002	3.9587e-002
5834	-0.14894	0.	-0.12187	1.7755e-002
5835	-0.17806	0.	-0.11964	1.7157e-002
5843	-2.3335e-002	0.	-0.47676	3.1952e-004
5844	-1.079e-002	0.	-0.51321	2.3079e-004
5856	-0.17282	0.	-5.6606e-002	7.0185e-002
5862	0.44773	0.	-0.37456	2.7395e-004
5863	0.36014	0.	-0.31938	4.7071e-004
5873	-0.63313	0.	-0.37104	2.3011e-004
5874	-0.53598	0.	-0.40011	2.6359e-004
5879	0.14609	0.	-0.28764	1.1801e-003
5880	9.347e-002	0.	-0.26689	1.7223e-003
5885	-6.7505e-002	0.	-0.12379	1.7164e-002
5893	-0.29073	0.	-0.87334	3.3542e-005
5894	-0.36168	0.	-0.81073	4.4945e-005
5905	-0.22565	0.	-5.7166e-002	3.7645e-002
5911	1.6748e-002	0.	-0.48313	3.1021e-004
5915	0.29808	0.	-0.6305	1.118e-004
5926	-9.5693e-002	0.	-0.16869	6.2345e-003
5927	-0.10634	0.	-0.14781	8.2135e-003
5928	-4.2575e-002	0.	-0.16036	6.6936e-003
5935	-1.0659	0.	-0.7297	2.5238e-005
5939	-0.69653	0.	-0.44985	1.3967e-004
5940	-0.62987	0.	-0.52935	1.3094e-004
5942	-0.12821	0.	-0.16706	7.1752e-003
5943	-0.13588	0.	-0.21662	3.4735e-003
5951	-0.16798	0.	-0.14395	9.3073e-003
5955	-0.21974	0.	-0.16612	6.2249e-003
5965	-0.17849	0.	-0.28029	2.0085e-003
5970	0.16386	0.	-0.51946	2.5234e-004
5978	0.20574	0.	-0.23746	1.2829e-003
5979	0.27192	0.	-0.21753	1.0537e-003
5988	-1.7149e-002	0.	-0.26074	1.9186e-003
5989	-6.1774e-002	0.	-0.32154	1.0342e-003
5993	-0.54722	0.	-0.48909	1.8642e-004
5998	-0.88839	0.	-0.77617	3.0373e-005
6003	-2.3914e-003	0.	-0.20029	4.4888e-003
6007	4.193e-002	0.	-0.23202	2.3392e-003
6011	0.51214	0.	-0.29306	2.5886e-004
6016	-0.55519	0.	-0.58086	1.2307e-004
6020	-1.0059	0.	-0.80884	2.0904e-005
6024	0.12993	0.	-0.2555	1.687e-003
6028	8.697e-002	0.	-0.5412	1.9354e-004
6029	0.19591	0.	-0.59794	1.4995e-004
6046	0.56027	0.	-0.18115	2.6055e-004
6047	0.60564	0.	-0.16874	2.2447e-004
6052	-0.55785	0.	-0.67202	8.7207e-005
6078	0.57956	0.	-0.22696	2.2449e-004
1	0.	0.	3.e-002	0.18126
2	-2.2857e-002	0.	3.e-002	0.16207
3	-4.5714e-002	0.	3.e-002	0.10583
4	-6.8571e-002	0.	3.e-002	9.3637e-002
5	-9.1429e-002	0.	3.e-002	8.3148e-002
6	-0.11429	0.	3.e-002	0.11384
7	-0.13714	0.	3.e-002	0.19104
8	-0.16	0.	3.e-002	0.20259
9	-0.16	0.	2.e-002	0.35447
15	0.	0.	2.e-002	0.36318
271	9.0909e-002	0.	0.	2.9761e-002
272	0.18182	0.	0.	6.3947e-003
273	0.27273	0.	0.	2.0697e-003
274	0.36364	0.	0.	9.6221e-004
275	0.45455	0.	0.	4.9128e-004
276	0.54545	0.	0.	3.0227e-004
277	0.63636	0.	0.	2.0953e-004
278	0.72727	0.	0.	1.5411e-004
279	0.81818	0.	0.	1.184e-004
280	0.90909	0.	0.	9.5204e-005
281	-1.0691	0.	0.	9.9529e-005
282	-0.97818	0.	0.	1.1503e-004
283	-0.88727	0.	0.	1.568e-004
284	-0.79636	0.	0.	2.2048e-004
285	-0.70545	0.	0.	2.8998e-004
286	-0.61455	0.	0.	5.3309e-004
287	-0.52364	0.	0.	8.7116e-004
288	-0.43273	0.	0.	1.7994e-003
289	-0.34182	0.	0.	6.0666e-003
290	-0.25091	0.	0.	2.6747e-002
333	-1.16	0.	9.3636e-002	9.33e-005
334	-1.16	0.	0.18727	8.53e-005
335	-1.16	0.	0.28091	7.2621e-005
336	-1.16	0.	0.37455	6.3963e-005
337	-1.16	0.	0.46818	5.3129e-005
338	-1.16	0.	0.56182	4.1157e-005
339	-1.16	0.	0.65545	3.0305e-005
340	-1.16	0.	0.74909	2.1866e-005
341	-1.16	0.	0.84273	1.412e-005
342	-1.16	0.	0.93636	5.4777e-006
348	-1.0661	0.	1.03	6.3713e-006
349	-0.97217	0.	1.03	1.3936e-005
350	-0.87826	0.	1.03	1.8457e-005
351	-0.78435	0.	1.03	2.4569e-005
352	-0.69043	0.	1.03	3.0475e-005
353	-0.59652	0.	1.03	3.3624e-005
354	-0.50261	0.	1.03	3.4643e-005
355	-0.4087	0.	1.03	3.0936e-005
356	-0.31478	0.	1.03	2.8931e-005
357	-0.22087	0.	1.03	1.8488e-005
358	-0.12696	0.	1.03	9.2335e-006
359	-3.3043e-002	0.	1.03	9.1443e-006
360	6.087e-002	0.	1.03	1.9491e-005
361	0.15478	0.	1.03	2.5926e-005
362	0.2487	0.	1.03	3.2591e-005
363	0.34261	0.	1.03	3.5774e-005
364	0.43652	0.	1.03	3.1459e-005
365	0.53043	0.	1.03	2.9817e-005
366	0.62435	0.	1.03	2.4685e-005
367	0.71826	0.	1.03	1.9296e-005
368	0.81217	0.	1.03	1.3204e-005
369	0.90609	0.	1.03	6.5846e-006
375	1.	0.	0.93636	7.9136e-006
376	1.	0.	0.84273	1.3561e-005
377	1.	0.	0.74909	2.0443e-005
378	1.	0.	0.65545	3.0992e-005
379	1.	0.	0.56182	4.1778e-005
380	1.	0.	0.46818	5.3234e-005
381	1.	0.	0.37455	6.1832e-005
382	1.	0.	0.28091	7.8937e-005
383	1.	0.	0.18727	8.4092e-005
384	1.	0.	9.3636e-002	9.1212e-005
385	0.	0.	0.	0.53218
386	-0.16	0.	0.	0.58558
392	1.	0.	0.	9.1845e-005
394	-1.16	0.	0.	9.3032e-005
397	-1.16	0.	1.03	3.4902e-006
398	1.	0.	1.03	3.5013e-006
399	4.5455e-002	0.	0.	0.14541
400	-0.20545	0.	0.	0.10858
401	0.11435	0.	0.68155	9.664e-005
402	-2.8406e-002	0.	0.36333	8.1821e-004
403	-0.65249	0.	0.515	1.3705e-004
404	0.55159	0.	0.58242	7.8498e-005
405	-0.10261	0.	0.20325	3.6797e-003
406	-0.38883	0.	0.37756	4.7448e-004
407	-0.29711	0.	0.69292	8.4306e-005
408	0.27636	0.	0.47289	2.7545e-004
409	0.62066	0.	0.2994	1.7407e-004
410	-4.7618e-002	0.	0.10749	2.0225e-002
411	-0.77044	0.	0.24253	1.8752e-004
412	-0.13378	0.	9.5603e-002	2.9799e-002
413	-0.25022	0.	0.23458	2.0427e-003
414	-0.76376	0.	0.79532	4.2087e-005
415	-0.17876	0.	0.53108	2.1338e-004
416	0.28045	0.	0.31822	5.8775e-004
417	0.1102	0.	0.21502	2.3872e-003
418	5.9824e-002	0.	0.13464	1.0778e-002
419	-1.0163	0.	0.51298	5.3523e-005
420	-0.45541	0.	0.74004	6.2326e-005
421	0.40213	0.	0.62051	1.0422e-004
422	0.84995	0.	0.71177	2.773e-005
423	2.0943e-002	0.	0.46729	3.1666e-004
424	-0.16368	0.	0.69417	7.4085e-005
425	-0.63729	0.	0.2513	3.2313e-004
426	0.57979	0.	0.87616	3.1343e-005
427	0.7221	0.	0.40907	9.3653e-005
428	0.3365	0.	0.76386	6.4414e-005
429	-0.22658	0.	0.34342	7.4903e-004
430	-0.41954	0.	0.6179	1.3359e-004
431	-0.39364	0.	0.17311	1.8787e-003
432	0.42186	0.	0.46176	1.6903e-004
433	6.9856e-002	0.	0.34437	7.4132e-004
434	-0.96494	0.	0.22239	1.1834e-004
435	-0.10172	0.	0.88125	2.2872e-005
436	0.39194	0.	0.16473	6.1872e-004
437	1.5025e-002	0.	0.20548	4.0102e-003
438	0.81972	0.	0.23924	1.0547e-004
439	-0.80759	0.	0.61449	5.8896e-005
440	-3.4822e-002	0.	7.0832e-002	5.9218e-002
441	-0.52072	0.	0.44479	2.2865e-004
442	-6.1373e-002	0.	0.55184	1.528e-004
443	0.12812	0.	0.88325	3.1668e-005
444	-0.29104	0.	0.89704	3.0687e-005
445	-0.76778	0.	0.44083	1.0808e-004
446	-0.27732	0.	0.44324	3.9299e-004
447	-0.53314	0.	0.89288	3.7922e-005
448	-0.18866	0.	0.17396	5.6185e-003
449	-0.1661	0.	0.12229	1.5308e-002
450	-0.29107	0.	0.15194	4.4463e-003
451	0.25266	0.	0.65859	9.299e-005
452	4.1881e-002	0.	5.9058e-002	4.8348e-002
453	-0.13807	0.	5.5869e-002	0.1186
454	0.83945	0.	0.88329	1.5652e-005
455	-0.60727	0.	0.75914	5.5834e-005
456	0.23493	0.	0.16644	1.6964e-003
457	-0.17463	0.	7.4295e-002	5.3735e-002
458	-0.92047	0.	0.87199	2.0108e-005
459	0.19498	0.	0.57044	1.5141e-004
460	-0.57802	0.	0.11376	6.1966e-004
461	0.69416	0.	0.65028	4.9019e-005
462	-0.15764	0.	0.26455	1.9209e-003
463	0.86585	0.	0.48397	5.3963e-005
464	0.39934	0.	0.30323	4.1532e-004
465	-3.1236e-002	0.	0.67601	7.3287e-005
466	-0.2993	0.	0.5655	1.9202e-004
467	-0.518	0.	0.33021	4.1053e-004
468	-7.004e-002	0.	6.1903e-002	6.2438e-002
469	0.14633	0.	0.48442	2.9149e-004
470	-5.6769e-002	0.	0.26682	2.1421e-003
471	0.60765	0.	0.1373	2.2824e-004
472	0.59667	0.	0.73011	4.3823e-005
473	6.3054e-002	0.	0.57449	1.6383e-004
474	-9.3615e-002	0.	0.45465	3.8391e-004
475	0.16841	0.	0.33425	7.9744e-004
476	0.1559	0.	0.15405	3.498e-003
477	0.58822	0.	0.43646	1.2689e-004
478	-0.40456	0.	0.49629	2.2268e-004
479	-0.12661	0.	0.35514	9.8935e-004
480	0.26562	0.	0.90452	3.8295e-005
481	0.43258	0.	0.90295	3.676e-005
482	-0.84934	0.	0.13392	1.6889e-004
483	0.7036	0.	0.79669	3.1546e-005
484	-0.87684	0.	0.32919	1.1881e-004
485	-0.22215	0.	0.10861	1.4115e-002
486	-0.73505	0.	0.91852	3.1118e-005
487	4.9371e-002	0.	0.77937	5.2359e-005
488	0.49589	0.	0.22442	3.0767e-004
489	-0.9822	0.	0.36968	7.5055e-005
490	0.1911	0.	0.77852	5.6353e-005
491	-0.52707	0.	0.56168	1.3696e-004
492	0.74346	0.	0.10758	1.5053e-004
493	-0.10728	0.	6.6132e-002	5.4998e-002
494	0.8538	0.	0.35707	7.2621e-005
495	-0.70715	0.	0.11547	3.1995e-004
496	-0.2124	0.	0.80014	4.2711e-005
497	-1.017	0.	0.11119	1.0282e-004
498	-1.5226e-002	0.	0.15034	9.1169e-003
499	4.6564e-003	0.	0.8974	1.9739e-005
500	-1.0491	0.	0.65608	3.4083e-005
501	-1.0467	0.	0.92003	1.0807e-005
502	4.2441e-002	0.	0.27492	1.8272e-003
503	-0.31372	0.	0.30281	9.2429e-004
504	-0.4748	0.	0.10095	1.2126e-003
505	-0.63089	0.	0.63049	8.4813e-005
506	-0.18083	0.	0.4293	4.7881e-004
507	0.88675	0.	0.15345	9.4568e-005
508	-0.63335	0.	0.38798	2.0351e-004
509	0.47522	0.	0.11221	4.3398e-004
510	0.1234	0.	7.7027e-002	9.1316e-003
511	0.21303	0.	8.9061e-002	3.1995e-003
512	-9.1771e-002	0.	0.10522	2.031e-002
513	0.71148	0.	0.93336	2.1311e-005
514	0.46341	0.	0.74431	5.7864e-005
515	-0.93544	0.	0.59508	4.5125e-005
516	0.51433	0.	0.33847	2.2179e-004
517	0.31472	0.	0.5526	1.4909e-004
518	-0.40473	0.	0.27154	9.2699e-004
519	-0.41068	0.	0.91014	3.8409e-005
520	-0.19269	0.	0.91485	2.0102e-005
521	-0.21982	0.	4.9571e-002	4.0673e-002
522	-7.0652e-002	0.	0.155	8.3511e-003
523	-0.34492	0.	0.80226	4.9065e-005
524	-1.3053e-003	0.	9.6963e-002	2.8838e-002
525	-0.28309	0.	6.5209e-002	1.044e-002
526	-0.36952	0.	8.187e-002	3.2543e-003
527	-0.21749	0.	0.61824	1.2954e-004
528	-0.18398	0.	3.4773e-002	0.13762
529	0.69611	0.	0.52564	7.5476e-005
530	0.7418	0.	0.312	1.0958e-004
531	-0.50108	0.	0.20681	8.0591e-004
532	0.18	0.	0.9606	2.969e-005
533	-0.32641	0.	0.22631	1.5842e-003
534	0.79523	0.	0.5933	5.2631e-005
535	0.32822	0.	0.38752	3.235e-004
536	-0.5297	0.	0.66341	9.0485e-005
537	-4.6046e-002	0.	0.19618	4.2537e-003
538	0.11898	0.	0.2834	1.3253e-003
539	-7.5655e-002	0.	0.78054	4.0434e-005
540	0.29469	0.	0.11733	1.3084e-003
541	-0.8988	0.	0.47164	6.9107e-005
542	-0.85241	0.	0.95099	2.1436e-005
543	-0.1241	0.	0.14453	8.9981e-003
544	-0.62638	0.	0.88799	3.9057e-005
545	0.22216	0.	0.40134	4.4931e-004
546	-0.91946	0.	0.72123	3.2409e-005
547	0.19655	0.	0.2421	1.3055e-003
548	-1.0405	0.	0.79441	2.0009e-005
549	-1.0742	0.	0.28216	7.8444e-005
550	0.10419	0.	0.40902	4.2955e-004
551	0.92867	0.	0.81667	1.562e-005
552	0.307	0.	0.22332	8.5187e-004
553	-1.0754	0.	0.42917	5.9414e-005
554	-1.0486e-002	0.	5.4238e-002	9.1756e-002
555	0.88718	0.	0.59827	3.9145e-005
556	-0.72499	0.	0.33256	1.8412e-004
1815	-1.1429e-002	0.	3.e-002	0.15888
1816	0.	0.	2.5e-002	0.26274
1818	2.2727e-002	0.	1.5e-002	0.15067
1819	2.0941e-002	0.	4.4529e-002	0.11461
1820	-5.2428e-003	0.	4.2119e-002	0.13331
1825	-3.4286e-002	0.	3.e-002	0.12897
1828	-2.884e-002	0.	5.0416e-002	0.10939
1829	-1.6671e-002	0.	4.2119e-002	0.1252
1833	-5.7143e-002	0.	3.e-002	9.8533e-002
1836	-4.0268e-002	0.	5.0416e-002	8.1943e-002
1837	-5.7877e-002	0.	4.5951e-002	8.1833e-002
1842	-8.e-002	0.	3.e-002	8.2889e-002
1845	-6.9306e-002	0.	4.5951e-002	7.7712e-002
1847	-0.10286	0.	3.e-002	9.5595e-002
1850	-8.0734e-002	0.	4.5951e-002	7.0358e-002
1851	-9.9353e-002	0.	4.8066e-002	6.839e-002
1853	-0.12571	0.	3.e-002	0.14884
1856	-0.12618	0.	4.2935e-002	0.11335
1857	-0.11078	0.	4.8066e-002	8.4014e-002
1860	-0.14857	0.	3.e-002	0.18591
1863	-0.1376	0.	4.2935e-002	0.15479
1866	-0.16	0.	2.5e-002	0.26252
1868	-0.14903	0.	4.2935e-002	0.15201
1869	-0.16731	0.	5.2148e-002	0.12792
1870	-0.17199	0.	3.2387e-002	0.16537
1877	-0.16	0.	1.e-002	0.46646
1878	-0.18273	0.	1.e-002	0.2303
1879	-0.17199	0.	2.7387e-002	0.24468
1917	0.	0.	1.e-002	0.4449
1918	2.2727e-002	0.	1.e-002	0.25272
3455	0.13636	0.	0.	1.8053e-002
3456	6.8182e-002	0.	0.	8.7491e-002
3457	6.6395e-002	0.	2.9529e-002	3.6501e-002
3458	0.10716	0.	3.8513e-002	1.9167e-002
3467	0.22727	0.	0.	4.2321e-003
3468	0.15261	0.	3.8513e-002	7.5029e-003
3469	0.19743	0.	4.453e-002	4.7367e-003
3476	0.31818	0.	0.	1.5159e-003
3477	0.24288	0.	4.453e-002	2.6011e-003
3478	0.28371	0.	5.8663e-002	1.6636e-003
3485	0.40909	0.	0.	7.2391e-004
3486	0.37779	0.	8.2364e-002	7.7709e-004
3487	0.41943	0.	5.6105e-002	6.9716e-004
3488	0.32917	0.	5.8663e-002	1.1174e-003
3497	0.5	0.	0.	3.9614e-004
3498	0.46488	0.	5.6105e-002	4.5921e-004
3504	0.59091	0.	0.	2.5577e-004
3505	0.57655	0.	6.8648e-002	2.6379e-004
3506	0.51034	0.	5.6105e-002	3.6708e-004
3514	0.68182	0.	0.	1.8176e-004
3515	0.62201	0.	6.8648e-002	2.1774e-004
3516	0.68991	0.	5.3791e-002	1.7989e-004
3521	0.77273	0.	0.	1.3625e-004
3522	0.73537	0.	5.3791e-002	1.5207e-004
3528	0.86364	0.	0.	1.0678e-004
3529	0.78082	0.	5.3791e-002	1.3431e-004
3530	0.85246	0.	7.6723e-002	1.0647e-004
3539	0.95455	0.	4.6818e-002	9.3205e-005
3540	0.95455	0.	0.	9.3521e-005
3541	0.89792	0.	7.6723e-002	9.484e-005
3546	-1.0236	0.	0.	1.0725e-004
3547	-1.1145	0.	4.6818e-002	9.641e-005
3548	-1.1145	0.	0.	9.6278e-005
3549	-1.0431	0.	5.5597e-002	1.0112e-004
3554	-0.93273	0.	0.	1.3585e-004
3555	-0.9976	0.	5.5597e-002	1.0886e-004
3562	-0.84182	0.	0.	1.8852e-004
3563	-0.86831	0.	6.6958e-002	1.6258e-004
3564	-0.95214	0.	5.5597e-002	1.2977e-004
3571	-0.75091	0.	0.	2.5494e-004
3572	-0.82285	0.	6.6958e-002	1.943e-004
3573	-0.75176	0.	5.7735e-002	2.6936e-004
3579	-0.66	0.	0.	4.1091e-004
3580	-0.7063	0.	5.7735e-002	3.0371e-004
3588	-0.56909	0.	0.	7.0127e-004
3589	-0.59628	0.	5.6878e-002	5.7463e-004
3590	-0.66085	0.	5.7735e-002	4.263e-004
3595	-0.47818	0.	0.	1.3334e-003
3596	-0.55083	0.	5.6878e-002	7.3945e-004
3597	-0.49922	0.	5.0477e-002	1.0268e-003
3606	-0.38727	0.	0.	3.9318e-003
3607	-0.45376	0.	5.0477e-002	1.4932e-003
3608	-0.40113	0.	4.0935e-002	2.5025e-003
3616	-0.29636	0.	0.	1.6404e-002
3617	-0.31245	0.	3.2604e-002	8.1456e-003
3618	-0.35567	0.	4.0935e-002	4.6269e-003
3626	-0.22818	0.	0.	6.7599e-002
3627	-0.23536	0.	2.4785e-002	3.2743e-002
3628	-0.267	0.	3.2604e-002	1.8355e-002
3860	-1.16	0.	0.14045	8.9287e-005
3861	-1.16	0.	4.6818e-002	9.3154e-005
3862	-1.0885	0.	0.10241	9.8031e-005
3865	-1.16	0.	0.23409	7.8957e-005
3866	-1.0885	0.	0.14923	9.4057e-005
3867	-1.1171	0.	0.23472	8.1839e-005
3871	-1.16	0.	0.32773	6.8292e-005
3872	-1.1171	0.	0.28154	7.5493e-005
3875	-1.16	0.	0.42136	5.8495e-005
3876	-1.1171	0.	0.32835	7.1166e-005
3877	-1.1177	0.	0.40186	6.1637e-005
3879	-1.16	0.	0.515	4.7133e-005
3880	-1.0882	0.	0.49058	5.3039e-005
3881	-1.1177	0.	0.44867	5.6269e-005
3885	-1.16	0.	0.60864	3.5721e-005
3886	-1.0882	0.	0.5374	4.7106e-005
3887	-1.1045	0.	0.60895	3.7505e-005
3891	-1.16	0.	0.70227	2.6071e-005
3892	-1.1045	0.	0.65577	3.2101e-005
3894	-1.16	0.	0.79591	1.7972e-005
3895	-1.1045	0.	0.70258	2.7948e-005
3896	-1.1002	0.	0.77175	2.0731e-005
3900	-1.16	0.	0.88955	9.7242e-006
3901	-1.1033	0.	0.88138	1.2083e-005
3902	-1.1002	0.	0.81857	1.6982e-005
3907	-1.113	0.	0.98318	5.6379e-006
3908	-1.16	0.	0.98318	4.3972e-006
3909	-1.1033	0.	0.92819	8.0946e-006
3937	-1.0191	0.	1.03	1.0129e-005
3938	-1.113	0.	1.03	4.8624e-006
3939	-1.0564	0.	0.97501	8.4314e-006
3943	-0.92522	0.	1.03	1.6165e-005
3944	-0.94632	0.	0.95099	1.6754e-005
3945	-1.0094	0.	0.97501	1.1921e-005
3946	-0.91229	0.	0.9905	1.7679e-005
3948	-0.8313	0.	1.03	2.1513e-005
3949	-0.86534	0.	0.9905	1.987e-005
3953	-0.73739	0.	1.03	2.7519e-005
3954	-0.7597	0.	0.97426	2.7795e-005
3955	-0.81838	0.	0.9905	2.2916e-005
3957	-0.64348	0.	1.03	3.2046e-005
3958	-0.71274	0.	0.97426	3.072e-005
3959	-0.65841	0.	0.95899	3.4712e-005
3963	-0.54957	0.	1.03	3.4121e-005
3964	-0.56483	0.	0.96144	3.5771e-005
3965	-0.61145	0.	0.95899	3.6251e-005
3968	-0.45565	0.	1.03	3.2773e-005
3969	-0.51788	0.	0.96144	3.6266e-005
3970	-0.45664	0.	0.97007	3.6477e-005
3975	-0.36174	0.	1.03	2.9923e-005
3976	-0.40969	0.	0.97007	3.4666e-005
3980	-0.26783	0.	1.03	2.3645e-005
3981	-0.30291	0.	0.96352	2.9656e-005
3982	-0.36273	0.	0.97007	3.3669e-005
3985	-0.17391	0.	1.03	1.3428e-005
3986	-0.25595	0.	0.96352	2.4573e-005
3987	-0.20678	0.	0.97243	1.8842e-005
3991	-8.e-002	0.	1.03	7.2448e-006
3992	-0.11434	0.	0.95562	1.555e-005
3993	-0.15982	0.	0.97243	1.4649e-005
3998	1.3913e-002	0.	1.03	1.3423e-005
3999	-6.7384e-002	0.	0.95562	1.503e-005
4000	-1.4194e-002	0.	0.9637	1.435e-005
4003	0.10783	0.	1.03	2.2613e-005
4004	9.4496e-002	0.	0.95663	2.5473e-005
4005	3.2763e-002	0.	0.9637	1.872e-005
4006	0.12044	0.	0.9953	2.4544e-005
4010	0.20174	0.	1.03	2.9247e-005
4011	0.16739	0.	0.9953	2.7796e-005
4015	0.29565	0.	1.03	3.4172e-005
4016	0.25716	0.	0.96726	3.5425e-005
4017	0.21435	0.	0.9953	3.1088e-005
4019	0.38957	0.	1.03	3.3604e-005
4020	0.30411	0.	0.96726	3.6987e-005
4021	0.3876	0.	0.96648	3.6232e-005
4025	0.48348	0.	1.03	3.0605e-005
4026	0.43455	0.	0.96648	3.4098e-005
4029	0.57739	0.	1.03	2.7246e-005
4030	0.55511	0.	0.95308	3.0535e-005
4031	0.48151	0.	0.96648	3.3279e-005
4036	0.6713	0.	1.03	2.199e-005
4037	0.60207	0.	0.95308	2.7965e-005
4038	0.66791	0.	0.98168	2.2942e-005
4040	0.76522	0.	1.03	1.6165e-005
4041	0.71487	0.	0.98168	2.0259e-005
4044	0.85913	0.	1.03	9.8219e-006
4045	0.82581	0.	0.95665	1.4132e-005
4046	0.76183	0.	0.98168	1.7246e-005
4052	0.95304	0.	0.98318	6.9764e-006
4053	0.95304	0.	1.03	5.0226e-006
4054	0.87277	0.	0.95665	1.1092e-005
4081	1.	0.	0.88955	1.0648e-005
4082	1.	0.	0.98318	5.6263e-006
4083	0.91973	0.	0.90983	1.1572e-005
4084	0.96433	0.	0.87652	1.1757e-005
4088	1.	0.	0.79591	1.6999e-005
4089	0.96433	0.	0.8297	1.4531e-005
4091	1.	0.	0.70227	2.5715e-005
4092	0.92498	0.	0.73043	2.3667e-005
4093	0.96433	0.	0.78288	1.7987e-005
4097	1.	0.	0.60864	3.6353e-005
4098	0.92498	0.	0.68361	2.891e-005
4099	0.94359	0.	0.62686	3.5049e-005
4105	1.	0.	0.515	4.7503e-005
4106	0.93293	0.	0.52289	4.7713e-005
4107	0.94359	0.	0.58005	4.0364e-005
4109	1.	0.	0.42136	5.7526e-005
4110	0.93293	0.	0.47608	5.3376e-005
4115	1.	0.	0.32773	7.037e-005
4116	0.93293	0.	0.42926	5.7639e-005
4117	0.9269	0.	0.36581	6.7102e-005
4120	1.	0.	0.23409	8.1482e-005
4121	0.90986	0.	0.26008	9.2046e-005
4122	0.9269	0.	0.31899	7.5607e-005
4123	0.94337	0.	0.21718	8.6739e-005
4127	1.	0.	0.14045	8.7648e-005
4128	0.94337	0.	0.17036	8.9302e-005
4131	1.	0.	4.6818e-002	9.1527e-005
4132	0.94337	0.	0.12354	9.2843e-005
4134	2.2727e-002	0.	0.	0.33754
4139	-0.18273	0.	0.	0.34618
4150	4.3668e-002	0.	2.9529e-002	9.2648e-002
4161	-0.21264	0.	2.4785e-002	7.3369e-002
4162	-0.19472	0.	1.7387e-002	0.11965
4172	0.1835	0.	0.67007	9.2379e-005
4173	0.15466	0.	0.62599	1.2149e-004
4174	4.1558e-002	0.	0.67878	7.9048e-005
4175	8.8703e-002	0.	0.62802	1.2956e-004
4176	8.1861e-002	0.	0.73046	7.4119e-005
4177	0.15273	0.	0.73004	7.5544e-005
4181	-3.7312e-003	0.	0.41531	5.6397e-004
4182	2.0725e-002	0.	0.35385	7.3463e-004
4183	-4.2587e-002	0.	0.31508	1.4733e-003
4184	-6.101e-002	0.	0.40899	5.6465e-004
4185	-7.7507e-002	0.	0.35924	8.1918e-004
4186	7.0175e-003	0.	0.31913	1.255e-003
4194	-0.73004	0.	0.56474	9.7657e-005
4195	-0.5866	0.	0.47989	1.8233e-004
4196	-0.71013	0.	0.47791	1.2142e-004
4197	-0.58978	0.	0.53834	1.3556e-004
4198	-0.64169	0.	0.57274	1.1064e-004
4199	-0.64292	0.	0.45149	1.6954e-004
4204	0.47686	0.	0.60146	9.0202e-005
4205	0.48673	0.	0.52209	1.237e-004
4206	0.62288	0.	0.61635	6.3443e-005
4207	0.57413	0.	0.65627	6.103e-005
4208	0.56991	0.	0.50944	1.0218e-004
4209	0.5075	0.	0.66337	6.7304e-005
4210	0.62385	0.	0.55403	7.5871e-005
4215	-0.14564	0.	0.18861	4.1254e-003
4216	-0.13012	0.	0.2339	2.7605e-003
4217	-7.9688e-002	0.	0.23504	2.7577e-003
4218	-8.663e-002	0.	0.17913	5.8804e-003
4219	-7.4327e-002	0.	0.19972	3.7259e-003
4220	-0.11335	0.	0.17389	6.2969e-003
4224	-0.45477	0.	0.41117	3.4997e-004
4225	-0.33308	0.	0.4104	4.2281e-004
4226	-0.45342	0.	0.35388	4.3413e-004
4227	-0.39669	0.	0.43693	3.4675e-004
4228	-0.35128	0.	0.34018	6.9902e-004
4229	-0.39678	0.	0.32455	6.9422e-004
4233	-0.37626	0.	0.71648	7.2107e-005
4234	-0.23039	0.	0.69354	7.4502e-005
4235	-0.35832	0.	0.65541	1.068e-004
4236	-0.29821	0.	0.62921	1.3813e-004
4237	-0.25475	0.	0.74653	6.2299e-005
4238	-0.32101	0.	0.74759	6.6649e-005
4239	-0.2573	0.	0.65558	1.0508e-004
4244	0.34911	0.	0.46733	2.1822e-004
4245	0.23567	0.	0.52166	2.1135e-004
4246	0.21134	0.	0.47866	2.7863e-004
4247	0.29554	0.	0.51275	2.1221e-004
4248	0.30229	0.	0.43021	2.9634e-004
4249	0.24926	0.	0.43712	3.6193e-004
4254	0.67138	0.	0.35424	1.3383e-004
4255	0.61416	0.	0.21835	1.9989e-004
4256	0.60444	0.	0.36793	1.49e-004
4257	0.55828	0.	0.26191	2.4071e-004
4258	0.5675	0.	0.31894	1.9706e-004
4259	0.68123	0.	0.3057	1.4151e-004
4263	-4.122e-002	0.	8.9161e-002	3.9458e-002
4264	-5.8829e-002	0.	8.4697e-002	4.054e-002
4265	-3.1422e-002	0.	0.12892	1.4573e-002
4266	-6.9695e-002	0.	0.10635	1.8247e-002
4267	-5.9135e-002	0.	0.13125	1.3775e-002
4268	-2.4462e-002	0.	0.10223	2.3217e-002
4273	-0.70387	0.	0.24692	2.5485e-004
4274	-0.86769	0.	0.23246	1.5211e-004
4275	-0.80989	0.	0.18822	1.7606e-004
4276	-0.82364	0.	0.28586	1.5312e-004
4277	-0.73879	0.	0.179	2.5141e-004
4278	-0.74772	0.	0.28755	1.8542e-004
4282	-0.14994	0.	0.10895	2.2325e-002
4283	-0.13592	0.	7.5736e-002	7.3881e-002
4284	-0.1542	0.	8.4949e-002	3.8978e-002
4285	-0.12053	0.	8.0867e-002	4.1542e-002
4286	-0.11278	0.	0.10041	2.3249e-002
4287	-0.12894	0.	0.12007	1.9159e-002
4291	-0.2384	0.	0.289	1.3755e-003
4292	-0.21944	0.	0.20427	3.8269e-003
4293	-0.27065	0.	0.19326	3.0891e-003
4294	-0.20393	0.	0.24957	1.8528e-003
4295	-0.28197	0.	0.26869	1.475e-003
4296	-0.28832	0.	0.23045	1.7636e-003
4302	-0.78568	0.	0.70491	4.9977e-005
4303	-0.68552	0.	0.77723	4.8583e-005
4304	-0.84212	0.	0.83366	3.1034e-005
4305	-0.74941	0.	0.85692	3.6351e-005
4306	-0.69732	0.	0.7129	6.3441e-005
4307	-0.80809	0.	0.87316	3.165e-005
4308	-0.69507	0.	0.84165	4.0221e-005
4309	-0.84161	0.	0.75827	3.6493e-005
4314	-0.12007	0.	0.54146	1.7265e-004
4315	-0.22804	0.	0.48716	2.8529e-004
4316	-0.23903	0.	0.54829	1.9521e-004
4317	-0.13619	0.	0.49286	2.9456e-004
4318	-0.1798	0.	0.48019	3.4514e-004
4319	-0.19813	0.	0.57466	1.7081e-004
4323	0.3399	0.	0.31073	4.9691e-004
4324	0.22443	0.	0.32624	6.7924e-004
4325	0.30434	0.	0.35287	4.5512e-004
4326	0.25131	0.	0.35978	5.1007e-004
4327	0.2385	0.	0.28016	9.4645e-004
4328	0.29373	0.	0.27077	7.126e-004
4331	8.5012e-002	0.	0.17483	6.5695e-003
4332	6.2613e-002	0.	0.21025	3.0842e-003
4333	0.13305	0.	0.18453	2.8554e-003
4334	7.6321e-002	0.	0.24497	2.0549e-003
4335	0.11459	0.	0.24921	1.854e-003
4336	0.15338	0.	0.22856	1.8103e-003
4340	3.7425e-002	0.	0.17006	7.0574e-003
4341	5.0853e-002	0.	9.685e-002	2.927e-002
4342	0.10786	0.	0.14435	7.048e-003
4343	2.2299e-002	0.	0.14249	9.0479e-003
4344	9.1613e-002	0.	0.10583	9.3088e-003
4345	2.9259e-002	0.	0.1158	1.942e-002
4352	-0.99927	0.	0.44133	6.4268e-005
4353	-1.0327	0.	0.58453	4.3793e-005
4354	-0.97589	0.	0.55403	4.9005e-005
4355	-0.95757	0.	0.49231	6.0951e-005
4356	-1.0459	0.	0.47107	5.6149e-005
4360	-0.43747	0.	0.67897	9.794e-005
4361	-0.49428	0.	0.81646	5.0051e-005
4362	-0.53134	0.	0.74959	5.8656e-005
4363	-0.43304	0.	0.82509	5.0338e-005
4364	-0.40016	0.	0.77115	5.4734e-005
4365	-0.49255	0.	0.70173	7.5711e-005
4369	0.36931	0.	0.69218	8.3788e-005
4370	0.41199	0.	0.54113	1.3561e-004
4371	0.32739	0.	0.63955	9.6626e-005
4372	0.43277	0.	0.68241	8.1042e-005
4373	0.35842	0.	0.58655	1.2646e-004
4377	0.8447	0.	0.79753	2.1531e-005
4378	0.77206	0.	0.68103	3.8182e-005
4379	0.77677	0.	0.75423	2.8811e-005
4380	0.82259	0.	0.65254	4.0175e-005
4381	0.88931	0.	0.76422	2.1535e-005
4382	0.86856	0.	0.65502	3.3073e-005
4388	4.54e-002	0.	0.40583	5.1832e-004
4389	-2.0215e-002	0.	0.50957	2.2406e-004
4390	8.3635e-002	0.	0.47585	2.91e-004
4391	4.1999e-002	0.	0.52089	2.4019e-004
4392	-3.6336e-002	0.	0.46097	3.0844e-004
4393	6.2567e-002	0.	0.43815	3.6093e-004
4397	-0.11252	0.	0.62301	1.0964e-004
4398	-9.7456e-002	0.	0.68509	6.9251e-005
4399	-0.18804	0.	0.74715	5.787e-005
4400	-0.19058	0.	0.6562	1.0064e-004
4401	-0.11967	0.	0.73735	5.5897e-005
4405	-0.60766	0.	0.18253	4.6653e-004
4406	-0.57765	0.	0.29075	3.6002e-004
4407	-0.67222	0.	0.18339	3.154e-004
4408	-0.63532	0.	0.31964	2.616e-004
4409	-0.56919	0.	0.22906	5.6392e-004
4410	-0.68114	0.	0.29193	2.5359e-004
4416	0.58823	0.	0.80313	3.7335e-005
4417	0.50619	0.	0.88956	3.3949e-005
4418	0.6417	0.	0.83643	3.1118e-005
4419	0.64563	0.	0.90476	2.6325e-005
4420	0.5216	0.	0.81023	4.4593e-005
4424	0.79397	0.	0.44652	7.3439e-005
4425	0.65516	0.	0.42277	1.0926e-004
4426	0.78795	0.	0.38307	8.2366e-005
4427	0.7091	0.	0.46735	8.4366e-005
4428	0.73195	0.	0.36054	1.0131e-004
4431	0.29458	0.	0.71122	7.8408e-005
4432	0.30106	0.	0.83419	5.1228e-005
4433	0.38454	0.	0.83341	5.0573e-005
4434	0.2638	0.	0.77119	5.9748e-005
4435	0.39996	0.	0.75408	6.0743e-005
4438	-0.25195	0.	0.39333	5.6758e-004
4439	-0.19211	0.	0.30398	1.3182e-003
4440	-0.17659	0.	0.34928	8.1615e-004
4441	-0.27015	0.	0.32311	7.9788e-004
4442	-0.20371	0.	0.38636	6.054e-004
4446	-0.35942	0.	0.5917	1.5931e-004
4447	-0.41205	0.	0.5571	1.7813e-004
4448	-0.4733	0.	0.58979	1.3389e-004
4449	-0.47462	0.	0.64066	1.113e-004
4454	-0.34236	0.	0.16253	3.1454e-003
4455	-0.43422	0.	0.13703	1.516e-003
4456	-0.39918	0.	0.22232	1.3879e-003
4457	-0.38158	0.	0.12749	2.5301e-003
4458	-0.44736	0.	0.18996	1.3411e-003
4459	-0.36002	0.	0.19971	1.6896e-003
4463	0.4106	0.	0.3825	2.9042e-004
4464	0.50504	0.	0.44911	1.4656e-004
4465	0.4681	0.	0.40012	1.9208e-004
4466	0.36829	0.	0.50718	1.5646e-004
4467	0.37504	0.	0.42464	2.4597e-004
4472	0.11914	0.	0.33931	7.4614e-004
4473	5.6148e-002	0.	0.30965	1.2842e-003
4474	9.442e-002	0.	0.31389	1.014e-003
4475	8.7024e-002	0.	0.37669	5.8499e-004
4479	-0.90714	0.	0.17815	1.4344e-004
4480	-0.92089	0.	0.27579	1.1806e-004
4481	-0.97357	0.	0.29603	9.6679e-005
4482	-0.99098	0.	0.16679	1.1009e-004
4483	-1.0196	0.	0.25228	9.8134e-005
4487	-0.15706	0.	0.8407	3.1767e-005
4488	-4.8534e-002	0.	0.88933	1.9203e-005
4489	-0.14721	0.	0.89805	2.0341e-005
4490	-8.869e-002	0.	0.83089	3.1494e-005
4495	0.39564	0.	0.23398	5.1021e-004
4496	0.44392	0.	0.19457	4.6298e-004
4497	0.43358	0.	0.13847	5.217e-004
4498	0.34332	0.	0.14103	9.6342e-004
4499	0.34947	0.	0.19402	7.2614e-004
4503	-2.0872e-002	0.	0.23615	2.8545e-003
4504	-1.0051e-004	0.	0.17791	6.5416e-003
4505	2.8733e-002	0.	0.2402	2.9151e-003
4506	-1.551e-002	0.	0.20083	3.8221e-003
4511	0.78159	0.	0.17341	1.279e-004
4512	0.83676	0.	0.29815	8.9027e-005
4513	0.85323	0.	0.19634	9.9786e-005
4514	0.78076	0.	0.27562	1.0723e-004
4518	-0.78768	0.	0.52766	8.3376e-005
4519	-0.71924	0.	0.62249	7.0938e-005
4520	-0.87152	0.	0.60478	5.1551e-005
4521	-0.85319	0.	0.54306	6.3417e-005
4522	-0.86353	0.	0.66786	4.558e-005
4527	-5.2431e-002	0.	6.6367e-002	5.6932e-002
4528	-1.8064e-002	0.	8.3897e-002	4.3227e-002
4529	-2.2654e-002	0.	6.2535e-002	7.1662e-002
4535	-0.51936	0.	0.3875	3.1822e-004
4536	-0.46264	0.	0.47054	2.207e-004
4537	-0.52389	0.	0.50323	1.8241e-004
4538	-0.57704	0.	0.41638	2.1287e-004
4542	-4.6304e-002	0.	0.61393	1.1279e-004
4543	8.4054e-004	0.	0.56317	1.4899e-004
4544	-7.7494e-002	0.	0.50325	2.6502e-004
4545	-0.13943	0.	0.58504	1.2819e-004
4549	0.19687	0.	0.89389	3.4406e-005
4550	8.8746e-002	0.	0.83131	4.1496e-005
4551	0.15961	0.	0.83089	4.3759e-005
4552	6.6389e-002	0.	0.89033	2.517e-005
4553	0.15406	0.	0.92193	3.031e-005
4558	-0.25172	0.	0.84859	3.558e-005
4559	-0.35086	0.	0.90359	3.4349e-005
4560	-0.24186	0.	0.90595	2.4975e-005
4561	-0.31798	0.	0.84965	3.9833e-005
4567	-0.82231	0.	0.38501	1.1228e-004
4568	-0.70057	0.	0.4144	1.5566e-004
4569	-0.83329	0.	0.45623	8.8257e-005
4570	-0.74639	0.	0.3867	1.4579e-004
4576	-0.28831	0.	0.50437	2.9146e-004
4577	-0.34094	0.	0.46977	3.059e-004
4578	-0.29552	0.	0.37302	6.485e-004
4579	-0.22908	0.	0.43627	4.184e-004
4583	-0.57021	0.	0.82601	4.6769e-005
4584	-0.47191	0.	0.90151	3.8035e-005
4585	-0.57976	0.	0.89044	3.8413e-005
4589	-0.17738	0.	0.14812	1.046e-002
4590	-0.23987	0.	0.16295	4.6707e-003
4591	-0.17315	0.	0.21925	3.6311e-003
4592	-0.20541	0.	0.14128	9.5118e-003
4593	-0.15638	0.	0.15924	6.8561e-003
4597	-0.17037	0.	9.8292e-002	3.3877e-002
4598	-0.19413	0.	0.11545	1.3944e-002
4599	-0.1451	0.	0.13341	1.1515e-002
4604	-0.25661	0.	0.13028	9.2554e-003
4605	-0.28708	0.	0.10858	7.2622e-003
4606	-0.3303	0.	0.11691	3.6961e-003
4607	-0.30874	0.	0.18913	2.9989e-003
4612	0.22382	0.	0.61451	1.2211e-004
4613	0.22188	0.	0.71855	7.4466e-005
4614	0.28369	0.	0.6056	1.1983e-004
4617	8.2642e-002	0.	6.8042e-002	2.8491e-002
4618	2.0288e-002	0.	7.801e-002	3.5679e-002
4619	1.5698e-002	0.	5.6648e-002	6.7628e-002
4626	-0.15635	0.	6.5082e-002	8.352e-002
4627	-0.12267	0.	6.1001e-002	8.2829e-002
4632	0.77153	0.	0.83999	2.3465e-005
4633	0.77547	0.	0.90833	1.7955e-005
4634	0.88406	0.	0.84998	1.5172e-005
4638	-0.61908	0.	0.69481	6.993e-005
4639	-0.56848	0.	0.71127	7.3146e-005
4640	-0.61683	0.	0.82356	4.7444e-005
4644	0.19541	0.	0.16025	2.5775e-003
4645	0.22398	0.	0.12775	2.4218e-003
4646	0.26481	0.	0.14188	1.4881e-003
4647	0.21574	0.	0.20427	1.4798e-003
4648	0.27096	0.	0.19488	1.273e-003
4651	-0.19839	0.	9.145e-002	3.3832e-002
4652	-0.19722	0.	6.1933e-002	4.4534e-002
4653	-0.1793	0.	5.4534e-002	9.199e-002
4660	-0.98359	0.	0.89601	1.5394e-005
4661	-0.88644	0.	0.91149	2.0519e-005
4662	-0.91997	0.	0.79661	2.6031e-005
4663	-0.98046	0.	0.8332	1.9453e-005
4668	0.17065	0.	0.52743	2.2129e-004
4669	0.12901	0.	0.57246	1.4998e-004
4670	0.25485	0.	0.56152	1.4833e-004
4675	-0.64258	0.	0.11461	4.6938e-004
4676	-0.52641	0.	0.10736	9.153e-004
4677	-0.53955	0.	0.16028	6.9869e-004
4680	0.64541	0.	0.69019	4.5821e-005
4681	0.69888	0.	0.72349	3.9943e-005
4682	0.69514	0.	0.58796	6.2107e-005
4683	0.74469	0.	0.62179	5.0508e-005
4687	-0.1072	0.	0.26569	1.7684e-003
4688	-0.14212	0.	0.30984	1.4316e-003
4692	0.85982	0.	0.42052	6.3256e-005
4693	0.78098	0.	0.5048	6.3783e-005
4694	0.83054	0.	0.53864	5.2843e-005
4695	0.87651	0.	0.54112	4.6538e-005
4700	0.44762	0.	0.26383	3.5666e-004
4701	0.45683	0.	0.32085	3.1789e-004
4702	0.36378	0.	0.34538	3.6412e-004
4703	0.35317	0.	0.26327	6.33e-004
4708	1.5909e-002	0.	0.62525	1.148e-004
4709	9.0675e-003	0.	0.72769	6.0523e-005
4710	-5.3446e-002	0.	0.72827	5.6469e-005
4715	-0.35193	0.	0.53089	2.0298e-004
4716	-0.2584	0.	0.59187	1.5812e-004
4719	-0.57568	0.	0.35909	3.062e-004
4720	-0.46136	0.	0.30087	6.6802e-004
4721	-0.50954	0.	0.26851	6.0229e-004
4726	-8.8658e-002	0.	6.4017e-002	5.4081e-002
4727	-8.0905e-002	0.	8.3561e-002	4.0625e-002
4734	0.10469	0.	0.52946	2.1988e-004
4735	0.18424	0.	0.44288	3.6406e-004
4736	0.12526	0.	0.44672	3.6027e-004
4739	-9.1689e-002	0.	0.31098	1.4906e-003
4740	-7.164e-003	0.	0.27087	1.7849e-003
4741	-5.1407e-002	0.	0.2315	3.1975e-003
4745	0.55177	0.	0.18086	2.6619e-004
4746	0.67555	0.	0.12244	1.8896e-004
4747	0.54143	0.	0.12475	3.3092e-004
4748	0.67473	0.	0.22465	1.6875e-004
4752	0.65013	0.	0.7634	3.766e-005
4753	0.53004	0.	0.73721	5.0557e-005
4759	-0.11011	0.	0.4049	6.843e-004
4760	-0.13722	0.	0.44198	4.1785e-004
4764	0.1437	0.	0.30883	1.0593e-003
4765	0.19529	0.	0.3678	6.2247e-004
4766	0.18248	0.	0.28818	1.033e-003
4767	0.1363	0.	0.37163	6.0137e-004
4772	0.13965	0.	0.11554	6.2322e-003
4773	0.18446	0.	0.12156	3.2183e-003
4774	0.17622	0.	0.19808	2.3991e-003
4779	0.55127	0.	0.38747	1.7414e-004
4780	0.64216	0.	0.48105	1.0095e-004
4785	-0.46581	0.	0.52898	1.7799e-004
4790	-0.15372	0.	0.39222	7.2313e-004
4793	0.3491	0.	0.90373	3.7362e-005
4794	0.22836	0.	0.84152	4.7175e-005
4795	0.22281	0.	0.93256	3.398e-005
4799	0.448	0.	0.82363	4.712e-005
4805	-0.77825	0.	0.12469	2.4439e-004
4806	-0.93318	0.	0.12255	1.3572e-004
4811	0.70754	0.	0.86503	2.6204e-005
4816	-0.92952	0.	0.34943	9.6641e-005
4817	-0.88782	0.	0.40042	9.3777e-005
4818	-0.80091	0.	0.33088	1.5103e-004
4824	-0.22099	0.	7.9088e-002	2.6744e-002
4825	-0.25262	0.	8.6907e-002	1.1642e-002
4830	-0.79373	0.	0.93476	2.6264e-005
4831	-0.68072	0.	0.90325	3.5083e-005
4836	0.12024	0.	0.77895	5.2435e-005
4837	2.7014e-002	0.	0.83839	3.6005e-005
4838	-1.3142e-002	0.	0.77996	4.2838e-005
4843	0.48556	0.	0.16831	3.6688e-004
4844	0.50511	0.	0.28145	2.6351e-004
4846	-0.9405	0.	0.42066	7.1422e-005
4847	-1.0282	0.	0.32592	7.6444e-005
4848	-1.0288	0.	0.39942	6.7008e-005
4858	-0.57898	0.	0.59608	1.1061e-004
4859	-0.52839	0.	0.61254	1.1365e-004
4861	0.8151	0.	0.13051	1.2249e-004
4862	0.74263	0.	0.20979	1.2926e-004
4868	-9.9524e-002	0.	8.5675e-002	3.7174e-002
4875	0.7978	0.	0.33453	9.0908e-005
4884	-0.20254	0.	0.8575	3.1347e-005
4885	-0.27866	0.	0.8012	4.4924e-005
4886	-0.14403	0.	0.79034	3.8805e-005
4890	-1.0456	0.	0.19668	9.0609e-005
4895	-4.2939e-002	0.	0.15267	7.974e-003
4896	-8.2658e-003	0.	0.12365	1.8675e-002
4897	-3.0636e-002	0.	0.17326	6.4249e-003
4902	-3.5499e-002	0.	0.83897	2.8521e-005
4907	-0.99225	0.	0.62558	3.9244e-005
4908	-0.98426	0.	0.68865	3.2524e-005
4909	-1.0448	0.	0.72524	2.692e-005
4915	-1.0436	0.	0.85722	1.5246e-005
4921	8.0712e-002	0.	0.27916	1.5466e-003
4925	-0.35922	0.	0.28717	9.1101e-004
4926	-0.32006	0.	0.26456	1.2453e-003
4930	-0.42216	0.	9.1412e-002	2.2319e-003
4931	-0.48794	0.	0.15388	9.9648e-004
4934	-0.58029	0.	0.64695	8.7298e-005
4946	-0.67917	0.	0.36027	1.9267e-004
4955	0.16822	0.	8.3044e-002	6.1417e-003
4960	0.25386	0.	0.10319	2.2537e-003
4965	-8.1212e-002	0.	0.13011	1.419e-002
4966	-0.10793	0.	0.12487	1.4397e-002
4980	-0.91712	0.	0.53336	5.7109e-005
4981	-0.92745	0.	0.65815	3.866e-005
4988	-0.4529	0.	0.23917	8.4954e-004
4989	-0.36557	0.	0.24892	1.2524e-003
4992	-0.3778	0.	0.8562	4.3225e-005
4999	-0.25146	0.	5.739e-002	2.5505e-002
5000	-0.2019	0.	4.2172e-002	8.9107e-002
5005	-5.8349e-002	0.	0.17559	6.2615e-003
5006	-9.7375e-002	0.	0.14976	8.1268e-003
5013	-5.8954e-003	0.	7.5601e-002	5.9918e-002
5018	-0.32631	0.	7.3539e-002	6.8418e-003
5034	0.74567	0.	0.55947	6.3993e-005
5053	0.8412	0.	0.59579	4.5409e-005
5057	0.27519	0.	0.39443	3.8199e-004
5065	0.15777	0.	0.26275	1.2774e-003
5070	0.30085	0.	0.17032	1.0653e-003
5090	0.16318	0.	0.40518	4.2858e-004
5093	-0.97996	0.	0.75782	2.6056e-005
5097	0.25177	0.	0.23271	1.0671e-003
5103	-1.0748	0.	0.35567	6.8914e-005
