Node Number	X Location (m)	Y Location (m)	Z Location (m)	Total Magnetic Flux Density (T)
115	-0.48	0.	6.e-002	0.81031
116	-0.456	0.	6.e-002	0.95693
117	-0.432	0.	6.e-002	1.2557
118	-0.384	0.	6.e-002	1.6786
119	-0.336	0.	6.e-002	1.9571
120	-0.288	0.	6.e-002	2.1191
121	-0.24	0.	6.e-002	2.1941
122	-0.192	0.	6.e-002	2.1258
123	-0.144	0.	6.e-002	1.965
124	-9.6e-002	0.	6.e-002	1.6685
125	-4.8e-002	0.	6.e-002	1.3291
126	0.	0.	6.e-002	0.81611
127	-2.4e-002	0.	6.e-002	1.0084
205	-2.4e-002	0.	-6.e-002	0.96366
206	0.	0.	-6.e-002	0.77371
207	-4.8e-002	0.	-6.e-002	1.2882
208	-9.6e-002	0.	-6.e-002	1.6823
209	-0.144	0.	-6.e-002	1.9884
210	-0.192	0.	-6.e-002	2.1322
211	-0.24	0.	-6.e-002	2.1923
212	-0.288	0.	-6.e-002	2.1475
213	-0.336	0.	-6.e-002	1.9206
214	-0.384	0.	-6.e-002	1.6998
215	-0.432	0.	-6.e-002	1.3177
216	-0.456	0.	-6.e-002	0.96972
217	-0.48	0.	-6.e-002	0.80693
595	0.	0.	0.	0.65062
596	-0.48	0.	0.	0.72374
1054	-4.8e-002	0.	0.	1.284
1055	-0.14247	0.	-7.4083e-019	1.9269
1056	-0.23681	0.	1.6421e-018	2.1727
1057	-0.312	0.	0.	2.0525
1058	-0.38325	0.	-6.5055e-019	1.6132
2668	-0.468	0.	6.e-002	0.87576
2670	-0.48	0.	3.e-002	0.71562
2676	-0.444	0.	6.e-002	1.0938
2678	-0.468	0.	3.e-002	0.8147
2681	-0.408	0.	6.e-002	1.4656
2683	-0.456	0.	3.e-002	0.98261
2684	-0.40763	0.	3.e-002	1.4268
2687	-0.36	0.	6.e-002	1.8169
2689	-0.38363	0.	3.e-002	1.6431
2692	-0.312	0.	6.e-002	2.038
2694	-0.324	0.	3.e-002	2.0043
2695	-0.35963	0.	3.e-002	1.7844
2699	-0.264	0.	6.e-002	2.1564
2701	-0.2624	0.	3.e-002	2.1457
2702	-0.3	0.	3.e-002	2.0856
2706	-0.216	0.	6.e-002	2.1598
2708	-0.2384	0.	3.e-002	2.1834
2711	-0.168	0.	6.e-002	2.045
2713	-0.16723	0.	3.e-002	2.026
2714	-0.2144	0.	3.e-002	2.1491
2717	-0.12	0.	6.e-002	1.8164
2719	-0.14323	0.	3.e-002	1.9447
2722	-7.2e-002	0.	6.e-002	1.4959
2724	-7.2e-002	0.	3.e-002	1.4736
2725	-0.11923	0.	3.e-002	1.795
2728	-3.6e-002	0.	6.e-002	1.1643
2730	-4.8e-002	0.	3.e-002	1.2978
2733	-1.2e-002	0.	6.e-002	0.89891
2735	0.	0.	3.e-002	0.68793
2741	-1.2e-002	0.	3.e-002	0.81165
2742	-3.6e-002	0.	3.e-002	1.1228
3104	-1.2e-002	0.	-6.e-002	0.85606
3105	-3.6e-002	0.	-6.e-002	1.1204
3106	-1.2e-002	0.	-3.e-002	0.78439
3107	-3.6e-002	0.	-3.e-002	1.1018
3113	0.	0.	-3.e-002	0.65934
3117	-7.2e-002	0.	-6.e-002	1.4818
3118	-4.8e-002	0.	-3.e-002	1.2797
3121	-0.12	0.	-6.e-002	1.8352
3122	-7.2e-002	0.	-3.e-002	1.4818
3123	-0.11923	0.	-3.e-002	1.8033
3128	-0.168	0.	-6.e-002	2.06
3129	-0.14323	0.	-3.e-002	1.9571
3132	-0.216	0.	-6.e-002	2.1621
3133	-0.16723	0.	-3.e-002	2.0295
3134	-0.2144	0.	-3.e-002	2.1523
3138	-0.264	0.	-6.e-002	2.1697
3139	-0.2384	0.	-3.e-002	2.1825
3142	-0.312	0.	-6.e-002	2.0338
3143	-0.2624	0.	-3.e-002	2.1599
3144	-0.3	0.	-3.e-002	2.0998
3146	-0.36	0.	-6.e-002	1.8094
3147	-0.324	0.	-3.e-002	1.9858
3148	-0.35963	0.	-3.e-002	1.7664
3150	-0.408	0.	-6.e-002	1.5078
3151	-0.38363	0.	-3.e-002	1.6544
3154	-0.444	0.	-6.e-002	1.1316
3155	-0.456	0.	-3.e-002	1.0119
3156	-0.40763	0.	-3.e-002	1.4601
3159	-0.468	0.	-6.e-002	0.88095
3160	-0.468	0.	-3.e-002	0.81915
3165	-0.48	0.	-3.e-002	0.71191
5455	-2.4e-002	0.	0.	0.96234
5465	-0.43163	0.	-3.2527e-019	1.1631
8490	-9.5234e-002	0.	-3.7042e-019	1.605
8498	-0.18964	0.	4.5064e-019	2.0497
8505	-0.2744	0.	8.2106e-019	2.1125
8514	-0.34763	0.	-3.2527e-019	1.8327
78	-0.456	0.	-7.5e-002	0.34683
79	-0.432	0.	-7.5e-002	0.25501
80	-0.384	0.	-7.5e-002	0.17914
81	-0.336	0.	-7.5e-002	0.11791
82	-0.288	0.	-7.5e-002	7.1728e-002
83	-0.24	0.	-7.5e-002	4.8891e-002
84	-0.192	0.	-7.5e-002	7.0374e-002
85	-0.144	0.	-7.5e-002	0.11601
86	-9.6e-002	0.	-7.5e-002	0.17678
87	-4.8e-002	0.	-7.5e-002	0.2539
88	-2.4e-002	0.	-7.5e-002	0.34644
89	-2.4e-002	0.	7.5e-002	0.34664
90	-4.8e-002	0.	7.5e-002	0.25554
91	-9.6e-002	0.	7.5e-002	0.17853
92	-0.144	0.	7.5e-002	0.11671
93	-0.192	0.	7.5e-002	7.0793e-002
94	-0.24	0.	7.5e-002	4.8882e-002
95	-0.288	0.	7.5e-002	7.134e-002
96	-0.336	0.	7.5e-002	0.11761
97	-0.384	0.	7.5e-002	0.17932
98	-0.432	0.	7.5e-002	0.25421
99	-0.456	0.	7.5e-002	0.34483
100	0.	0.	7.5e-002	0.4021
101	0.	0.	9.e-002	0.29473
102	-2.4e-002	0.	9.e-002	0.27669
103	-4.8e-002	0.	9.e-002	0.2275
104	-9.6e-002	0.	9.e-002	0.16605
105	-0.144	0.	9.e-002	0.11822
106	-0.192	0.	9.e-002	8.5982e-002
107	-0.24	0.	9.e-002	7.3007e-002
108	-0.288	0.	9.e-002	8.6089e-002
109	-0.336	0.	9.e-002	0.11879
110	-0.384	0.	9.e-002	0.16699
111	-0.432	0.	9.e-002	0.22516
112	-0.456	0.	9.e-002	0.27324
113	-0.48	0.	7.5e-002	0.4041
114	-0.48	0.	9.e-002	0.29582
115	-0.48	0.	6.e-002	0.51264
116	-0.456	0.	6.e-002	0.41672
117	-0.432	0.	6.e-002	0.28392
118	-0.384	0.	6.e-002	0.19494
119	-0.336	0.	6.e-002	0.12193
120	-0.288	0.	6.e-002	6.295e-002
121	-0.24	0.	6.e-002	2.4758e-002
122	-0.192	0.	6.e-002	6.1987e-002
123	-0.144	0.	6.e-002	0.12067
124	-9.6e-002	0.	6.e-002	0.19422
125	-4.8e-002	0.	6.e-002	0.28423
126	0.	0.	6.e-002	0.50961
127	-2.4e-002	0.	6.e-002	0.41684
205	-2.4e-002	0.	-6.e-002	0.41837
206	0.	0.	-6.e-002	0.51459
207	-4.8e-002	0.	-6.e-002	0.28303
208	-9.6e-002	0.	-6.e-002	0.1925
209	-0.144	0.	-6.e-002	0.12004
210	-0.192	0.	-6.e-002	6.1678e-002
211	-0.24	0.	-6.e-002	2.4769e-002
212	-0.288	0.	-6.e-002	6.3251e-002
213	-0.336	0.	-6.e-002	0.12207
214	-0.384	0.	-6.e-002	0.19485
215	-0.432	0.	-6.e-002	0.28469
216	-0.456	0.	-6.e-002	0.41721
217	-0.48	0.	-6.e-002	0.5105
325	-0.456	0.	-9.e-002	0.27666
326	-0.48	0.	-9.e-002	0.30023
327	-0.432	0.	-9.e-002	0.226
328	-0.384	0.	-9.e-002	0.16671
329	-0.336	0.	-9.e-002	0.11922
330	-0.288	0.	-9.e-002	8.6546e-002
331	-0.24	0.	-9.e-002	7.3017e-002
332	-0.192	0.	-9.e-002	8.5496e-002
333	-0.144	0.	-9.e-002	0.11759
334	-9.6e-002	0.	-9.e-002	0.16437
335	-4.8e-002	0.	-9.e-002	0.22539
336	-2.4e-002	0.	-9.e-002	0.27473
337	0.	0.	-9.e-002	0.29501
347	-0.48	0.	-7.5e-002	0.4053
351	0.	0.	-7.5e-002	0.40474
2519	-0.444	0.	-7.5e-002	0.29917
2520	-0.456	0.	-6.75e-002	0.382
2521	-0.456	0.	-8.25e-002	0.31171
2522	-0.468	0.	-7.5e-002	0.37534
2523	-0.408	0.	-7.5e-002	0.21665
2524	-0.432	0.	-6.75e-002	0.26978
2525	-0.432	0.	-8.25e-002	0.24041
2526	-0.36	0.	-7.5e-002	0.14794
2527	-0.384	0.	-6.75e-002	0.18663
2528	-0.384	0.	-8.25e-002	0.17247
2529	-0.312	0.	-7.5e-002	9.3568e-002
2530	-0.336	0.	-6.75e-002	0.11932
2531	-0.336	0.	-8.25e-002	0.11787
2532	-0.264	0.	-7.5e-002	5.5564e-002
2533	-0.288	0.	-6.75e-002	6.6503e-002
2534	-0.288	0.	-8.25e-002	7.8533e-002
2535	-0.216	0.	-7.5e-002	5.4741e-002
2536	-0.24	0.	-6.75e-002	3.6829e-002
2537	-0.24	0.	-8.25e-002	6.0954e-002
2538	-0.168	0.	-7.5e-002	9.1886e-002
2539	-0.192	0.	-6.75e-002	6.5017e-002
2540	-0.192	0.	-8.25e-002	7.733e-002
2541	-0.12	0.	-7.5e-002	0.14578
2542	-0.144	0.	-6.75e-002	0.11734
2543	-0.144	0.	-8.25e-002	0.11609
2544	-7.2e-002	0.	-7.5e-002	0.2149
2545	-9.6e-002	0.	-6.75e-002	0.18428
2546	-9.6e-002	0.	-8.25e-002	0.17011
2547	-3.6e-002	0.	-7.5e-002	0.29832
2548	-4.8e-002	0.	-6.75e-002	0.2684
2549	-4.8e-002	0.	-8.25e-002	0.23955
2550	-2.4e-002	0.	-6.75e-002	0.38238
2551	-2.4e-002	0.	-8.25e-002	0.31055
2552	-1.2e-002	0.	-7.5e-002	0.37479
2553	-3.6e-002	0.	7.5e-002	0.29936
2554	-1.2e-002	0.	7.5e-002	0.37362
2555	-2.4e-002	0.	8.25e-002	0.31163
2556	-2.4e-002	0.	6.75e-002	0.38172
2557	-7.2e-002	0.	7.5e-002	0.21662
2558	-4.8e-002	0.	8.25e-002	0.24142
2559	-4.8e-002	0.	6.75e-002	0.26982
2560	-0.12	0.	7.5e-002	0.14701
2561	-9.6e-002	0.	8.25e-002	0.17184
2562	-9.6e-002	0.	6.75e-002	0.18602
2563	-0.168	0.	7.5e-002	9.2413e-002
2564	-0.144	0.	8.25e-002	0.11678
2565	-0.144	0.	6.75e-002	0.11802
2566	-0.216	0.	7.5e-002	5.5168e-002
2567	-0.192	0.	8.25e-002	7.7786e-002
2568	-0.192	0.	6.75e-002	6.5387e-002
2569	-0.264	0.	7.5e-002	5.513e-002
2570	-0.24	0.	8.25e-002	6.0944e-002
2571	-0.24	0.	6.75e-002	3.682e-002
2572	-0.312	0.	7.5e-002	9.3219e-002
2573	-0.288	0.	8.25e-002	7.8108e-002
2574	-0.288	0.	6.75e-002	6.6156e-002
2575	-0.36	0.	7.5e-002	0.14788
2576	-0.336	0.	8.25e-002	0.11751
2577	-0.336	0.	6.75e-002	0.1191
2578	-0.408	0.	7.5e-002	0.21636
2579	-0.384	0.	8.25e-002	0.1727
2580	-0.384	0.	6.75e-002	0.18677
2581	-0.444	0.	7.5e-002	0.29765
2582	-0.432	0.	8.25e-002	0.23959
2583	-0.432	0.	6.75e-002	0.269
2584	-0.456	0.	8.25e-002	0.30899
2585	-0.468	0.	7.5e-002	0.37367
2586	-0.456	0.	6.75e-002	0.38075
2587	0.	0.	8.25e-002	0.34839
2588	0.	0.	6.75e-002	0.45584
2594	-1.2e-002	0.	9.e-002	0.28505
2599	-3.6e-002	0.	9.e-002	0.25029
2603	-7.2e-002	0.	9.e-002	0.19568
2610	-0.12	0.	9.e-002	0.14099
2615	-0.168	0.	9.e-002	0.1003
2620	-0.216	0.	9.e-002	7.6412e-002
2626	-0.264	0.	9.e-002	7.6177e-002
2630	-0.312	0.	9.e-002	0.10074
2636	-0.36	0.	9.e-002	0.14178
2640	-0.408	0.	9.e-002	0.19499
2646	-0.444	0.	9.e-002	0.24732
2652	-0.468	0.	9.e-002	0.2839
2656	-0.48	0.	8.25e-002	0.34991
2657	-0.48	0.	6.75e-002	0.45835
2668	-0.468	0.	6.e-002	0.46376
2676	-0.444	0.	6.e-002	0.34855
2681	-0.408	0.	6.e-002	0.23937
2687	-0.36	0.	6.e-002	0.15826
2692	-0.312	0.	6.e-002	9.2008e-002
2699	-0.264	0.	6.e-002	3.7965e-002
2706	-0.216	0.	6.e-002	3.7692e-002
2711	-0.168	0.	6.e-002	9.0867e-002
2717	-0.12	0.	6.e-002	0.15727
2722	-7.2e-002	0.	6.e-002	0.23916
2728	-3.6e-002	0.	6.e-002	0.34896
2733	-1.2e-002	0.	6.e-002	0.46241
3104	-1.2e-002	0.	-6.e-002	0.4656
3105	-3.6e-002	0.	-6.e-002	0.34899
3111	0.	0.	-6.75e-002	0.45966
3117	-7.2e-002	0.	-6.e-002	0.2377
3121	-0.12	0.	-6.e-002	0.15609
3128	-0.168	0.	-6.e-002	9.041e-002
3132	-0.216	0.	-6.e-002	3.7217e-002
3138	-0.264	0.	-6.e-002	3.8445e-002
3142	-0.312	0.	-6.e-002	9.2232e-002
3146	-0.36	0.	-6.e-002	0.15829
3150	-0.408	0.	-6.e-002	0.2397
3154	-0.444	0.	-6.e-002	0.34938
3159	-0.468	0.	-6.e-002	0.46305
3164	-0.48	0.	-6.75e-002	0.45789
3866	-0.468	0.	-9.e-002	0.28781
3867	-0.444	0.	-9.e-002	0.24945
3871	-0.48	0.	-8.25e-002	0.35275
3876	-0.408	0.	-9.e-002	0.19524
3881	-0.36	0.	-9.e-002	0.14186
3886	-0.312	0.	-9.e-002	0.1012
3891	-0.264	0.	-9.e-002	7.6581e-002
3897	-0.216	0.	-9.e-002	7.6024e-002
3900	-0.168	0.	-9.e-002	9.9795e-002
3904	-0.12	0.	-9.e-002	0.13981
3909	-7.2e-002	0.	-9.e-002	0.19371
3914	-3.6e-002	0.	-9.e-002	0.24815
3917	-1.2e-002	0.	-9.e-002	0.28418
3922	0.	0.	-8.25e-002	0.34985
206	0.	0.	-6.e-002	0.32227
217	-0.48	0.	-6.e-002	0.33044
325	-0.456	0.	-9.e-002	0.20807
326	-0.48	0.	-9.e-002	0.20977
327	-0.432	0.	-9.e-002	0.16936
328	-0.384	0.	-9.e-002	0.12615
329	-0.336	0.	-9.e-002	0.10068
330	-0.288	0.	-9.e-002	8.4953e-002
331	-0.24	0.	-9.e-002	8.6511e-002
332	-0.192	0.	-9.e-002	8.1326e-002
333	-0.144	0.	-9.e-002	9.0482e-002
334	-9.6e-002	0.	-9.e-002	0.12828
335	-4.8e-002	0.	-9.e-002	0.17569
336	-2.4e-002	0.	-9.e-002	0.18197
337	0.	0.	-9.e-002	0.21238
347	-0.48	0.	-7.5e-002	0.2613
351	0.	0.	-7.5e-002	0.30578
418	1.	0.	-9.9091e-002	1.3233e-003
419	1.	0.	-0.19818	1.2269e-003
420	1.	0.	-0.29727	1.1245e-003
421	1.	0.	-0.39636	9.3933e-004
422	1.	0.	-0.49545	7.9323e-004
423	1.	0.	-0.59455	5.9339e-004
424	1.	0.	-0.69364	4.6296e-004
425	1.	0.	-0.79273	3.5312e-004
426	1.	0.	-0.89182	2.0205e-004
427	1.	0.	-0.99091	8.9796e-005
438	0.89667	0.	-1.09	1.0783e-004
439	0.79333	0.	-1.09	2.1595e-004
440	0.69	0.	-1.09	3.1964e-004
441	0.58667	0.	-1.09	4.199e-004
442	0.48333	0.	-1.09	5.0977e-004
443	0.38	0.	-1.09	5.8634e-004
444	0.27667	0.	-1.09	6.3449e-004
445	0.17333	0.	-1.09	6.2128e-004
446	7.e-002	0.	-1.09	5.8377e-004
447	-3.3333e-002	0.	-1.09	4.1979e-004
448	-0.13667	0.	-1.09	2.0823e-004
449	-0.24	0.	-1.09	1.2739e-004
450	-0.34333	0.	-1.09	2.4509e-004
451	-0.44667	0.	-1.09	4.1602e-004
452	-0.55	0.	-1.09	5.6699e-004
453	-0.65333	0.	-1.09	6.159e-004
454	-0.75667	0.	-1.09	6.1648e-004
455	-0.86	0.	-1.09	5.5225e-004
456	-0.96333	0.	-1.09	5.182e-004
457	-1.0667	0.	-1.09	4.1518e-004
458	-1.17	0.	-1.09	3.1407e-004
459	-1.2733	0.	-1.09	2.156e-004
460	-1.3767	0.	-1.09	9.1271e-005
466	-1.48	0.	-0.99091	8.643e-005
467	-1.48	0.	-0.89182	2.0054e-004
468	-1.48	0.	-0.79273	3.4512e-004
469	-1.48	0.	-0.69364	4.9694e-004
470	-1.48	0.	-0.59455	6.019e-004
471	-1.48	0.	-0.49545	8.0866e-004
472	-1.48	0.	-0.39636	9.4671e-004
473	-1.48	0.	-0.29727	1.0799e-003
474	-1.48	0.	-0.19818	1.2352e-003
475	-1.48	0.	-9.9091e-002	1.3337e-003
481	0.1	0.	0.	0.11212
482	0.2	0.	0.	3.7987e-002
483	0.3	0.	0.	1.6087e-002
484	0.4	0.	0.	7.45e-003
485	0.5	0.	0.	5.2234e-003
486	0.6	0.	0.	2.9124e-003
487	0.7	0.	0.	2.408e-003
488	0.8	0.	0.	1.6883e-003
489	0.9	0.	0.	1.4153e-003
490	-1.38	0.	0.	1.4206e-003
491	-1.28	0.	0.	1.728e-003
492	-1.18	0.	0.	2.233e-003
493	-1.08	0.	0.	3.1781e-003
494	-0.98	0.	0.	4.8357e-003
495	-0.88	0.	0.	7.9585e-003
496	-0.78	0.	0.	1.2421e-002
497	-0.68	0.	0.	3.8086e-002
498	-0.58	0.	0.	0.11823
595	0.	0.	0.	0.37857
596	-0.48	0.	0.	0.35913
601	1.	0.	-1.09	5.8687e-005
602	1.	0.	0.	1.3303e-003
603	-1.48	0.	-1.09	5.4304e-005
604	-1.48	0.	0.	1.3422e-003
793	0.17027	0.	-0.59705	2.5388e-003
794	-0.61833	0.	-0.59	2.5521e-003
795	-0.55263	0.	-0.37883	9.4732e-003
796	6.9167e-002	0.	-0.34	1.186e-002
797	-0.20763	0.	-0.45053	5.8834e-003
798	-1.0492	0.	-0.49318	1.7155e-003
799	0.58291	0.	-0.48465	1.8326e-003
800	-0.25841	0.	-0.78858	9.1285e-004
801	-0.27521	0.	-0.28979	2.0657e-002
802	2.4513e-002	0.	-0.2101	3.7714e-002
803	-0.52719	0.	-0.21658	3.1716e-002
804	-0.79917	0.	-0.41659	4.3155e-003
805	0.31917	0.	-0.41659	4.3113e-003
806	0.49269	0.	-0.8078	7.5964e-004
807	-0.95458	0.	-0.79159	8.5021e-004
808	-0.41187	0.	-0.5275	4.0198e-003
809	-9.2682e-002	0.	-0.31098	1.7283e-002
810	8.1111e-002	0.	-0.75667	1.5475e-003
811	-6.312e-004	0.	-0.65064	2.0012e-003
812	-0.58542	0.	-0.92141	7.8211e-004
813	-1.3049	0.	-0.72629	5.0477e-004
814	0.67208	0.	-0.77412	5.7865e-004
815	0.2405	0.	-0.35516	7.6648e-003
816	-0.60944	0.	-0.2822	1.4463e-002
817	0.61278	0.	-0.32879	2.2009e-003
818	-1.1367	0.	-0.14181	2.388e-003
819	-0.36302	0.	-0.28076	1.9528e-002
820	-0.38139	0.	-0.73024	1.4505e-003
821	-1.7774e-002	0.	-0.37191	1.0625e-002
822	0.38657	0.	-0.13467	7.9998e-003
823	0.24289	0.	-0.13912	1.678e-002
824	-0.86323	0.	-0.12722	7.3775e-003
825	-0.12399	0.	-0.2336	3.5184e-002
826	-0.88614	0.	-0.65571	1.4848e-003
827	0.37097	0.	-0.54159	2.2932e-003
828	0.85578	0.	-0.54171	7.5017e-004
829	-1.3502	0.	-0.42899	1.0176e-003
830	-0.68278	0.	-0.83775	1.0613e-003
831	0.37174	0.	-0.70514	1.2582e-003
832	-0.25035	0.	-0.66383	1.7683e-003
833	-0.95779	0.	-0.2979	4.1233e-003
834	-0.10004	0.	-0.77537	1.0673e-003
835	-0.34553	0.	-0.18514	5.1497e-002
836	0.79255	0.	-0.28401	1.4385e-003
837	0.17744	0.	-0.94384	7.8238e-004
838	-0.28263	0.	-0.38912	9.282e-003
839	-9.6761e-002	0.	-0.15538	7.8144e-002
840	-7.3461e-003	0.	-0.52885	3.984e-003
841	-0.3877	0.	-0.41292	7.8569e-003
842	-0.49686	0.	-0.14435	8.9392e-002
843	2.5639e-002	0.	-0.15071	7.1992e-002
844	0.14342	0.	-0.16614	2.9629e-002
845	9.0363e-002	0.	-0.11224	7.2191e-002
846	-0.26002	0.	-0.19558	3.7811e-002
847	-0.12623	0.	-0.61277	2.6412e-003
848	-1.2374	0.	-0.90814	3.2955e-004
849	-0.4512	0.	-0.88178	7.5594e-004
850	0.859	0.	-0.84364	3.0302e-004
851	-0.54515	0.	-0.79129	1.266e-003
852	-0.70028	0.	-0.22331	1.3546e-002
853	-0.61427	0.	-0.18152	2.6961e-002
854	-0.5514	0.	-0.14867	5.908e-002
855	-0.20552	0.	-0.93375	3.6298e-004
856	0.10931	0.	-0.49743	4.3137e-003
857	-0.59175	0.	-0.47545	4.7569e-003
858	-0.19262	0.	-0.34521	1.1997e-002
859	-1.1297	0.	-0.75894	6.3167e-004
860	5.0415e-002	0.	-0.85991	8.8953e-004
861	-1.177	0.	-0.60973	9.8662e-004
862	0.56761	0.	-0.1501	3.6281e-003
863	-0.39862	0.	-0.17498	7.0004e-002
864	-1.0928	0.	-0.32879	2.0494e-003
865	-0.74901	0.	-0.62285	1.8165e-003
866	0.45384	0.	-0.3876	3.2694e-003
867	-1.3649	0.	-0.1533	1.3715e-003
868	0.73458	0.	-0.44477	1.2162e-003
869	0.34875	0.	-0.85516	8.7497e-004
870	-4.8299e-002	0.	-0.22542	4.2326e-002
871	0.35032	0.	-0.29358	6.3152e-003
872	-0.43906	0.	-0.25667	2.85e-002
873	-0.30865	0.	-0.49625	4.5724e-003
874	-0.17369	0.	-0.16486	5.5069e-002
875	-0.51954	0.	-0.6627	2.0451e-003
876	0.60998	0.	-0.94063	4.528e-004
877	-0.10975	0.	-0.40848	7.996e-003
878	0.52188	0.	-0.64239	1.2555e-003
879	0.69215	0.	-0.60186	8.6316e-004
880	0.22181	0.	-0.74053	1.5673e-003
881	-0.71979	0.	-0.34858	7.7259e-003
882	-0.98957	0.	-0.94393	5.7483e-004
883	0.10396	0.	-0.24919	2.0152e-002
884	-0.83629	0.	-0.53891	2.6288e-003
885	0.23618	0.	-0.49097	3.9625e-003
886	-0.70999	0.	-0.48643	4.2584e-003
887	2.9503e-002	0.	-8.656e-002	0.17481
888	-0.49582	0.	-0.44963	6.5285e-003
889	-0.79278	0.	-0.75217	1.1882e-003
890	-0.99472	0.	-0.15163	3.8148e-003
891	-1.1928	0.	-0.46091	1.2468e-003
892	-0.65056	0.	-0.71388	1.4019e-003
893	-0.33163	0.	-0.60042	2.5707e-003
894	-0.83009	0.	-0.2733	7.2665e-003
895	-0.20094	0.	-0.25667	2.458e-002
896	1.0434e-002	0.	-0.28271	1.9083e-002
897	-0.22177	0.	-0.5466	2.9569e-003
898	0.47546	0.	-0.95994	5.5441e-004
899	-1.3451	0.	-0.57355	7.3441e-004
900	-0.41617	0.	-0.32662	1.5552e-002
901	-1.0264	0.	-0.65165	1.0812e-003
902	-7.3404e-002	0.	-0.87501	6.7167e-004
903	0.27419	0.	-0.61505	1.98e-003
904	-0.43249	0.	-0.13597	0.10271
905	0.73154	0.	-0.12378	2.0037e-003
906	-0.91687	0.	-0.43062	2.8954e-003
907	-0.51141	0.	-0.55382	4.3293e-003
908	0.88803	0.	-0.41318	9.5304e-004
909	0.4737	0.	-0.2582	4.0924e-003
910	-1.239	0.	-0.35095	1.3118e-003
911	0.87639	0.	-0.97121	1.7188e-004
912	-0.1161	0.	-0.49854	4.8358e-003
913	1.2149e-002	0.	-0.97716	5.9017e-004
914	0.86609	0.	-0.6909	5.034e-004
915	-0.36076	0.	-0.99515	3.3576e-004
916	0.18444	0.	-0.21897	1.6639e-002
917	-3.6149e-002	0.	-0.15771	7.6601e-002
918	-0.30925	0.	-0.14076	6.6755e-002
919	-0.8404	0.	-0.87638	8.9083e-004
920	0.8766	0.	-0.16496	1.3729e-003
921	-1.3632	0.	-0.96813	1.5384e-004
922	-0.6713	0.	-0.12946	2.5563e-002
923	-1.3645	0.	-0.29671	1.1406e-003
924	-0.32891	0.	-0.87385	5.9869e-004
925	0.2641	0.	-0.24222	1.1594e-002
926	-0.50337	0.	-0.30342	1.7455e-002
927	-0.43111	0.	-0.61763	2.6488e-003
928	-0.32065	0.	-0.23632	2.769e-002
929	0.35337	0.	-0.97373	6.5257e-004
930	0.75013	0.	-0.9516	3.3486e-004
931	-0.37032	0.	-0.13604	9.274e-002
932	0.16413	0.	-0.29929	1.1327e-002
933	-0.49709	0.	-9.169e-002	0.16853
934	-0.94298	0.	-0.55402	1.6852e-003
935	-1.2293	0.	-0.23468	1.6016e-003
936	-0.23287	0.	-0.13307	6.7959e-002
937	7.3525e-002	0.	-0.58275	2.742e-003
938	-9.4837e-003	0.	-0.11797	0.13954
939	-0.6377	0.	-0.39286	7.5348e-003
940	0.14909	0.	-0.40103	7.4336e-003
941	-0.47769	0.	-0.36943	1.1048e-002
942	-0.39441	0.	-0.22542	3.595e-002
943	4.5724e-002	0.	-0.42787	7.0072e-003
944	-1.3502	0.	-0.84661	2.7499e-004
945	0.46484	0.	-0.50464	2.0676e-003
946	-0.7568	0.	-0.12481	1.5806e-002
947	-1.124	0.	-0.92447	4.5489e-004
948	-0.46523	0.	-0.10919	0.16557
949	-1.2556	0.	-9.1157e-002	1.7863e-003
950	-6.2242e-002	0.	-0.12404	0.12971
951	-0.44964	0.	-0.19235	5.5034e-002
952	0.17881	0.	-7.2728e-002	3.1138e-002
953	-0.34495	0.	-0.33984	1.2672e-002
954	-0.10943	0.	-0.98974	3.9063e-004
955	7.8501e-002	0.	-0.18109	4.0771e-002
956	-0.5336	0.	-5.2843e-002	0.17991
957	-2.1137e-002	0.	-0.7695	1.0756e-003
958	-0.58721	0.	-9.1288e-002	6.6174e-002
959	-0.50972	0.	-1.0067	5.4884e-004
960	-4.105e-002	0.	-0.44713	6.7754e-003
961	-0.71288	0.	-0.95998	7.354e-004
962	-0.86149	0.	-0.98387	6.1007e-004
3111	0.	0.	-6.75e-002	0.31035
3112	5.e-002	0.	-3.e-002	0.21587
3113	0.	0.	-3.e-002	0.34502
3114	1.4751e-002	0.	-7.328e-002	0.24466
3164	-0.48	0.	-6.75e-002	0.29136
3165	-0.48	0.	-3.e-002	0.33987
3166	-0.5068	0.	-5.6421e-002	0.25506
3866	-0.468	0.	-9.e-002	0.20627
3867	-0.444	0.	-9.e-002	0.18791
3868	-0.46062	0.	-9.9597e-002	0.1864
3871	-0.48	0.	-8.25e-002	0.23189
3872	-0.48854	0.	-9.0845e-002	0.18829
3873	-0.47262	0.	-9.9597e-002	0.18613
3876	-0.408	0.	-9.e-002	0.14611
3877	-0.43225	0.	-0.11298	0.13599
3878	-0.44862	0.	-9.9597e-002	0.16596
3881	-0.36	0.	-9.e-002	0.11194
3882	-0.40825	0.	-0.11298	0.11327
3883	-0.37716	0.	-0.11302	0.10923
3886	-0.312	0.	-9.e-002	9.0994e-002
3887	-0.32263	0.	-0.11538	8.333e-002
3888	-0.35316	0.	-0.11302	9.5991e-002
3891	-0.264	0.	-9.e-002	8.4756e-002
3892	-0.29863	0.	-0.11538	7.5467e-002
3893	-0.26043	0.	-0.11154	7.4764e-002
3897	-0.216	0.	-9.e-002	8.1269e-002
3898	-0.23643	0.	-0.11154	7.7088e-002
3900	-0.168	0.	-9.e-002	8.4482e-002
3901	-0.18285	0.	-0.12743	6.8067e-002
3902	-0.21243	0.	-0.11154	7.331e-002
3904	-0.12	0.	-9.e-002	0.10752
3905	-0.12038	0.	-0.12269	8.3008e-002
3906	-0.15885	0.	-0.12743	7.2284e-002
3909	-7.2e-002	0.	-9.e-002	0.15131
3910	-9.638e-002	0.	-0.12269	0.10308
3911	-7.9121e-002	0.	-0.10702	0.12801
3914	-3.6e-002	0.	-9.e-002	0.17822
3915	-5.5121e-002	0.	-0.10702	0.15239
3917	-1.2e-002	0.	-9.e-002	0.19336
3918	-1.6742e-002	0.	-0.10398	0.15974
3919	-4.3121e-002	0.	-0.10702	0.15532
3922	0.	0.	-8.25e-002	0.25226
3923	1.4751e-002	0.	-8.828e-002	0.18916
3924	-4.7418e-003	0.	-0.10398	0.17512
3980	-0.48854	0.	-8.3345e-002	0.21423
3981	-0.5068	0.	-6.3921e-002	0.21727
3994	1.4751e-002	0.	-8.078e-002	0.2394
4430	1.	0.	-0.14864	1.275e-003
4432	0.95	0.	-4.9545e-002	1.3692e-003
4433	1.	0.	-4.9545e-002	1.3268e-003
4434	0.9383	0.	-0.13203	1.3472e-003
4436	1.	0.	-0.24773	1.1752e-003
4437	0.9383	0.	-0.18157	1.2993e-003
4440	1.	0.	-0.34682	1.0319e-003
4441	0.89628	0.	-0.29064	1.2769e-003
4442	0.94402	0.	-0.35523	1.0377e-003
4443	0.9383	0.	-0.23112	1.2485e-003
4447	1.	0.	-0.44591	8.6625e-004
4448	0.94402	0.	-0.40477	9.4506e-004
4450	1.	0.	-0.545	6.9305e-004
4451	0.92789	0.	-0.51858	7.6819e-004
4452	0.94402	0.	-0.45432	8.7231e-004
4455	1.	0.	-0.64409	5.2816e-004
4456	0.92789	0.	-0.56813	6.7027e-004
4457	0.93304	0.	-0.64272	5.4372e-004
4461	1.	0.	-0.74318	4.0791e-004
4462	0.93304	0.	-0.69227	4.7949e-004
4466	1.	0.	-0.84227	2.7753e-004
4467	0.9295	0.	-0.81818	3.2366e-004
4468	0.93304	0.	-0.74181	4.2624e-004
4472	1.	0.	-0.94136	1.4482e-004
4473	0.9295	0.	-0.86773	2.5003e-004
4474	0.93819	0.	-0.93151	1.8329e-004
4478	0.94833	0.	-1.0405	9.4414e-005
4479	1.	0.	-1.0405	7.3034e-005
4480	0.93819	0.	-0.98106	1.3058e-004
4550	0.845	0.	-1.09	1.6131e-004
4551	0.94833	0.	-1.09	8.2397e-005
4552	0.88653	0.	-1.0306	1.3613e-004
4556	0.74167	0.	-1.09	2.6758e-004
4557	0.83486	0.	-1.0306	1.8452e-004
4558	0.77173	0.	-1.0208	2.7344e-004
4562	0.63833	0.	-1.09	3.6959e-004
4563	0.64999	0.	-1.0153	3.8547e-004
4564	0.72006	0.	-1.0208	3.2301e-004
4568	0.535	0.	-1.09	4.6451e-004
4569	0.59832	0.	-1.0153	4.3457e-004
4570	0.53106	0.	-1.025	4.8715e-004
4574	0.43167	0.	-1.09	5.4802e-004
4575	0.4794	0.	-1.025	5.3169e-004
4578	0.32833	0.	-1.09	6.1026e-004
4579	0.42773	0.	-1.025	5.6967e-004
4580	0.36668	0.	-1.0319	6.194e-004
4582	0.225	0.	-1.09	6.277e-004
4583	0.22705	0.	-1.0169	7.0783e-004
4584	0.31502	0.	-1.0319	6.4317e-004
4588	0.12167	0.	-1.09	6.0231e-004
4589	0.17539	0.	-1.0169	7.0173e-004
4594	1.8333e-002	0.	-1.09	5.0166e-004
4595	0.12372	0.	-1.0169	6.8304e-004
4596	4.1074e-002	0.	-1.0336	5.851e-004
4599	-8.5e-002	0.	-1.09	3.0994e-004
4600	-1.0592e-002	0.	-1.0336	5.0413e-004
4601	-7.1382e-002	0.	-1.0399	3.9732e-004
4604	-0.18833	0.	-1.09	1.5706e-004
4605	-0.12305	0.	-1.0399	2.9933e-004
4609	-0.29167	0.	-1.09	1.3295e-004
4610	-0.22276	0.	-1.0119	2.4401e-004
4611	-0.30038	0.	-1.0426	1.9016e-004
4612	-0.17472	0.	-1.0399	2.4787e-004
4615	-0.395	0.	-1.09	3.2971e-004
4616	-0.35205	0.	-1.0426	2.8773e-004
4620	-0.49833	0.	-1.09	4.9089e-004
4621	-0.40372	0.	-1.0426	3.6767e-004
4622	-0.47819	0.	-1.0483	4.8238e-004
4626	-0.60167	0.	-1.09	5.9141e-004
4627	-0.52986	0.	-1.0483	5.5677e-004
4629	-0.705	0.	-1.09	6.1605e-004
4630	-0.61938	0.	-1.0057	6.9659e-004
4631	-0.58153	0.	-1.0483	5.8097e-004
4632	-0.68311	0.	-1.025	6.754e-004
4636	-0.80833	0.	-1.09	5.8428e-004
4637	-0.73477	0.	-1.025	6.7589e-004
4638	-0.80908	0.	-1.0369	6.1294e-004
4642	-0.91167	0.	-1.09	5.3518e-004
4643	-0.86075	0.	-1.0369	5.8103e-004
4646	-1.015	0.	-1.09	4.663e-004
4647	-0.97645	0.	-1.017	5.4471e-004
4648	-0.91241	0.	-1.0369	5.6407e-004
4650	-1.1183	0.	-1.09	3.6447e-004
4651	-1.0281	0.	-1.017	4.9461e-004
4652	-1.0953	0.	-1.0072	4.3242e-004
4657	-1.2217	0.	-1.09	2.6476e-004
4658	-1.2037	0.	-0.99907	3.1309e-004
4659	-1.147	0.	-1.0072	3.8314e-004
4661	-1.325	0.	-1.09	1.5228e-004
4662	-1.2554	0.	-0.99907	2.6683e-004
4663	-1.3183	0.	-1.0291	1.8041e-004
4667	-1.4283	0.	-1.0405	8.6002e-005
4668	-1.4283	0.	-1.09	7.1802e-005
4669	-1.3699	0.	-1.0291	1.2212e-004
4699	-1.48	0.	-0.94136	1.4277e-004
4700	-1.48	0.	-1.0405	6.9198e-005
4701	-1.4216	0.	-0.97952	1.1855e-004
4704	-1.48	0.	-0.84227	2.7259e-004
4705	-1.4216	0.	-0.92997	1.7061e-004
4706	-1.4151	0.	-0.86921	2.3758e-004
4710	-1.48	0.	-0.74318	4.2056e-004
4711	-1.3924	0.	-0.75951	4.2275e-004
4712	-1.4151	0.	-0.81967	3.0915e-004
4716	-1.48	0.	-0.64409	5.4935e-004
4717	-1.3924	0.	-0.70996	4.9513e-004
4718	-1.4125	0.	-0.63359	6.1443e-004
4720	-1.48	0.	-0.545	7.0526e-004
4721	-1.4125	0.	-0.58405	6.6609e-004
4724	-1.48	0.	-0.44591	8.7743e-004
4725	-1.4151	0.	-0.46222	9.1117e-004
4726	-1.4125	0.	-0.5345	7.6936e-004
4730	-1.48	0.	-0.34682	1.0132e-003
4731	-1.4151	0.	-0.41268	9.7831e-004
4732	-1.4222	0.	-0.34654	1.0432e-003
4735	-1.48	0.	-0.24773	1.1575e-003
4736	-1.4222	0.	-0.29699	1.1092e-003
4739	-1.48	0.	-0.14864	1.2843e-003
4740	-1.4225	0.	-0.17574	1.3029e-003
4741	-1.4222	0.	-0.24745	1.1862e-003
4745	-1.43	0.	-4.9545e-002	1.3771e-003
4746	-1.48	0.	-4.9545e-002	1.3379e-003
4747	-1.4225	0.	-0.1262	1.3518e-003
4790	0.15	0.	0.	7.4706e-002
4791	5.e-002	0.	0.	0.24513
4795	9.5181e-002	0.	-5.6122e-002	8.9241e-002
4796	6.4751e-002	0.	-4.328e-002	0.13791
4797	0.13941	0.	-3.6364e-002	7.1577e-002
4807	0.25	0.	0.	2.6979e-002
4811	0.18941	0.	-3.6364e-002	3.4142e-002
4817	0.35	0.	0.	1.1744e-002
4820	0.34328	0.	-6.7335e-002	1.199e-002
4821	0.27145	0.	-6.956e-002	1.614e-002
4822	0.23941	0.	-3.6364e-002	2.3491e-002
4826	0.45	0.	0.	6.328e-003
4828	0.39328	0.	-6.7335e-002	7.6212e-003
4832	0.55	0.	0.	4.0674e-003
4835	0.44328	0.	-6.7335e-002	6.5533e-003
4836	0.5338	0.	-7.5051e-002	4.4089e-003
4841	0.65	0.	0.	2.659e-003
4844	0.5838	0.	-7.5051e-002	3.2524e-003
4845	0.66577	0.	-6.1892e-002	2.4566e-003
4848	0.75	0.	0.	2.0481e-003
4850	0.71577	0.	-6.1892e-002	2.202e-003
4854	0.85	0.	0.	1.5517e-003
4857	0.76577	0.	-6.1892e-002	1.8435e-003
4858	0.8383	0.	-8.2481e-002	1.5301e-003
4864	0.95	0.	0.	1.3727e-003
4866	0.8883	0.	-8.2481e-002	1.3933e-003
4872	-1.33	0.	0.	1.5741e-003
4874	-1.43	0.	0.	1.3814e-003
4876	-1.3725	0.	-7.6652e-002	1.3954e-003
4877	-1.3178	0.	-4.5578e-002	1.6025e-003
4880	-1.23	0.	0.	1.9801e-003
4883	-1.2678	0.	-4.5578e-002	1.756e-003
4887	-1.13	0.	0.	2.7044e-003
4889	-1.1584	0.	-7.0907e-002	2.3048e-003
4890	-1.2178	0.	-4.5578e-002	2.0092e-003
4894	-1.03	0.	0.	4.0019e-003
4897	-1.1084	0.	-7.0907e-002	2.7791e-003
4898	-1.0374	0.	-7.5814e-002	3.4702e-003
4901	-0.93	0.	0.	6.3765e-003
4904	-0.92162	0.	-6.3608e-002	6.0827e-003
4905	-0.98736	0.	-7.5814e-002	4.3031e-003
4912	-0.83	0.	0.	1.0148e-002
4914	-0.87162	0.	-6.3608e-002	7.5856e-003
4916	-0.73	0.	0.	2.5244e-002
4920	-0.82162	0.	-6.3608e-002	9.8693e-003
4921	-0.7684	0.	-6.2406e-002	1.4007e-002
4926	-0.63	0.	0.	7.8104e-002
4928	-0.67565	0.	-6.4728e-002	3.1197e-002
4929	-0.7184	0.	-6.2406e-002	2.6846e-002
4930	-0.63361	0.	-4.5644e-002	5.1096e-002
4935	-0.53	0.	0.	0.23859
4937	-0.5568	0.	-2.6421e-002	0.14632
4938	-0.58361	0.	-4.5644e-002	8.9799e-002
5463	-0.5068	0.	-2.6421e-002	0.26589
6603	0.12569	0.	-0.67686	2.0263e-003
6604	0.13979	0.	-0.54724	3.4237e-003
6605	0.19604	0.	-0.66879	2.0517e-003
6606	0.20323	0.	-0.54401	3.2137e-003
6607	0.22223	0.	-0.60605	2.2445e-003
6608	0.1219	0.	-0.5899	2.6226e-003
6611	-0.60504	0.	-0.53273	3.6541e-003
6612	-0.68367	0.	-0.60643	2.1674e-003
6613	-0.56894	0.	-0.62635	2.2694e-003
6614	-0.66416	0.	-0.53822	3.3601e-003
6615	-0.63444	0.	-0.65194	1.9751e-003
6616	-0.56487	0.	-0.57191	3.4123e-003
6622	-0.58104	0.	-0.33051	1.1813e-002
6623	-0.57219	0.	-0.42714	7.1109e-003
6624	-0.52422	0.	-0.41423	7.9053e-003
6625	-0.528	0.	-0.34112	1.3464e-002
6626	-0.59516	0.	-0.38585	8.4753e-003
6627	-0.51516	0.	-0.37413	1.0167e-002
6630	2.5696e-002	0.	-0.35596	1.1069e-002
6631	8.6565e-002	0.	-0.29459	1.5888e-002
6632	3.98e-002	0.	-0.31135	1.5379e-002
6633	0.11665	0.	-0.31964	1.1387e-002
6634	0.10913	0.	-0.37051	9.6245e-003
6635	5.7445e-002	0.	-0.38393	9.3006e-003
6639	-0.24513	0.	-0.41982	7.4334e-003
6640	-0.20013	0.	-0.39787	8.9339e-003
6641	-0.25814	0.	-0.47339	5.0635e-003
6642	-0.15869	0.	-0.4295	6.581e-003
6643	-0.2147	0.	-0.49856	4.4097e-003
6644	-0.16186	0.	-0.47454	5.1938e-003
6648	-1.1131	0.	-0.55146	1.3502e-003
6649	-1.071	0.	-0.41098	1.8688e-003
6650	-1.121	0.	-0.47705	1.4714e-003
6651	-1.0378	0.	-0.57242	1.3924e-003
6652	-0.98302	0.	-0.4619	2.3036e-003
6653	-0.99607	0.	-0.5236	1.6898e-003
6657	0.59784	0.	-0.40672	1.9973e-003
6658	0.51837	0.	-0.43612	2.5507e-003
6659	0.65874	0.	-0.46471	1.5117e-003
6660	0.55239	0.	-0.56352	1.5322e-003
6661	0.63753	0.	-0.54325	1.3474e-003
6662	0.52387	0.	-0.49464	1.9406e-003
6667	-0.3199	0.	-0.75941	1.101e-003
6668	-0.25438	0.	-0.72621	1.3405e-003
6669	-0.17922	0.	-0.78198	9.3284e-004
6670	-0.23196	0.	-0.86117	6.3482e-004
6671	-0.29366	0.	-0.83122	7.4343e-004
6675	-0.31911	0.	-0.28528	1.901e-002
6676	-0.27892	0.	-0.33946	1.4962e-002
6677	-0.26761	0.	-0.24269	2.9233e-002
6678	-0.23391	0.	-0.3175	1.5992e-002
6679	-0.23808	0.	-0.27323	2.1873e-002
6680	-0.29793	0.	-0.26306	2.3475e-002
6681	-0.31008	0.	-0.31482	1.6149e-002
6687	2.5076e-002	0.	-0.1804	5.4633e-002
6688	-1.1893e-002	0.	-0.21776	3.9301e-002
6689	6.4239e-002	0.	-0.22964	2.8803e-002
6690	1.7474e-002	0.	-0.2464	2.8133e-002
6691	-5.8179e-003	0.	-0.1839	5.6675e-002
6692	5.1507e-002	0.	-0.1956	3.8656e-002
6698	-0.56832	0.	-0.24939	2.3012e-002
6699	-0.51202	0.	-0.18047	6.0543e-002
6700	-0.57073	0.	-0.19905	2.8394e-002
6701	-0.53929	0.	-0.18263	4.4771e-002
6702	-0.48312	0.	-0.23662	2.9374e-002
6703	-0.51528	0.	-0.26	2.4503e-002
6704	-0.48841	0.	-0.20447	4.2938e-002
6708	-0.75948	0.	-0.38258	6.0192e-003
6709	-0.81773	0.	-0.47775	3.4687e-003
6710	-0.75458	0.	-0.45151	4.2482e-003
6711	-0.81463	0.	-0.34494	5.7151e-003
6712	-0.85802	0.	-0.42361	3.5895e-003
6714	0.27984	0.	-0.38587	5.9817e-003
6715	0.34507	0.	-0.47909	3.2951e-003
6716	0.3865	0.	-0.40209	3.7655e-003
6717	0.33474	0.	-0.35509	5.2805e-003
6718	0.27767	0.	-0.45378	4.0954e-003
6719	0.392	0.	-0.46062	3.1884e-003
6725	0.58238	0.	-0.79096	6.6227e-004
6726	0.43222	0.	-0.75647	1.0089e-003
6727	0.42072	0.	-0.83148	8.1276e-004
6728	0.55134	0.	-0.87422	6.0587e-004
6729	0.50728	0.	-0.72509	1.0008e-003
6730	0.48408	0.	-0.88387	6.5316e-004
6735	-0.92036	0.	-0.72365	1.1668e-003
6736	-1.0422	0.	-0.77527	7.3361e-004
6737	-0.97208	0.	-0.86776	7.1059e-004
6738	-0.87368	0.	-0.77188	1.0159e-003
6739	-0.99052	0.	-0.72162	9.5625e-004
6740	-0.89749	0.	-0.83398	8.662e-004
6741	-1.0393	0.	-0.85803	6.5253e-004
6745	-0.39979	0.	-0.47021	5.9358e-003
6746	-0.36026	0.	-0.51188	4.1055e-003
6747	-0.45385	0.	-0.48857	5.1919e-003
6748	-0.37175	0.	-0.56396	3.2278e-003
6749	-0.46164	0.	-0.54066	4.1126e-003
6750	-0.42149	0.	-0.57257	3.3323e-003
6755	-5.5228e-002	0.	-0.34145	1.3727e-002
6756	-0.10834	0.	-0.27229	2.6217e-002
6757	-0.14265	0.	-0.3281	1.3709e-002
6758	-7.049e-002	0.	-0.2682	2.9329e-002
6759	-0.10122	0.	-0.35973	1.2604e-002
6760	-0.14681	0.	-0.28382	1.9911e-002
6761	-4.1124e-002	0.	-0.29685	1.7636e-002
6767	4.024e-002	0.	-0.70365	1.7551e-003
6768	0.12927	0.	-0.85025	1.1614e-003
6769	6.5763e-002	0.	-0.80829	1.2172e-003
6770	0.15146	0.	-0.7486	1.5409e-003
6771	7.7318e-002	0.	-0.66971	2.1442e-003
6772	2.9987e-002	0.	-0.76308	1.2981e-003
6776	-5.0336e-002	0.	-0.713	1.5128e-003
6777	-3.9887e-003	0.	-0.58974	2.9848e-003
6778	-6.3432e-002	0.	-0.6317	2.2812e-003
6779	3.6447e-002	0.	-0.61669	2.3403e-003
6780	-1.0884e-002	0.	-0.71007	1.5384e-003
6785	-0.6341	0.	-0.87958	9.1906e-004
6786	-0.51831	0.	-0.90159	7.5604e-004
6787	-0.56528	0.	-0.85635	1.0225e-003
6788	-0.54757	0.	-0.96404	6.6535e-004
6789	-0.64915	0.	-0.94069	7.543e-004
6793	-1.2711	0.	-0.81722	4.0731e-004
6794	-1.2173	0.	-0.74261	5.5401e-004
6795	-1.2409	0.	-0.66801	7.4239e-004
6796	-1.325	0.	-0.64992	6.171e-004
6797	-1.3275	0.	-0.78645	3.8975e-004
6802	0.76554	0.	-0.80888	4.3408e-004
6803	0.64103	0.	-0.85738	5.0882e-004
6804	0.59698	0.	-0.70825	9.1679e-004
6805	0.68211	0.	-0.68799	7.1506e-004
6806	0.76908	0.	-0.73251	5.2426e-004
6807	0.7111	0.	-0.86286	4.5592e-004
6811	0.29541	0.	-0.32437	6.9089e-003
6812	0.23834	0.	-0.42306	5.7888e-003
6813	0.2523	0.	-0.29869	9.5098e-003
6814	0.20232	0.	-0.32722	9.4918e-003
6815	0.1948	0.	-0.37809	7.4805e-003
6819	-0.65486	0.	-0.25275	1.3826e-002
6820	-0.61186	0.	-0.23186	2.0448e-002
6821	-0.66462	0.	-0.31539	1.1045e-002
6822	-0.55641	0.	-0.29281	1.5721e-002
6823	-0.62357	0.	-0.33753	1.0965e-002
6827	0.70266	0.	-0.3064	1.8128e-003
6828	0.59019	0.	-0.23945	2.903e-003
6829	0.53331	0.	-0.35819	2.7059e-003
6830	0.67368	0.	-0.38678	1.7084e-003
6831	0.67216	0.	-0.22629	2.0783e-003
6832	0.54324	0.	-0.29349	3.1436e-003
6838	-1.1147	0.	-0.2353	2.1923e-003
6839	-1.0657	0.	-0.14672	3.0942e-003
6840	-1.183	0.	-0.18825	1.9935e-003
6841	-1.1962	0.	-0.11649	2.0846e-003
6847	-0.40104	0.	-0.26872	2.333e-002
6848	-0.3896	0.	-0.30369	1.7325e-002
6849	-0.34184	0.	-0.25854	2.3524e-002
6850	-0.37872	0.	-0.25309	2.759e-002
6851	-0.35399	0.	-0.3103	1.6059e-002
6855	-0.31587	0.	-0.69704	1.4973e-003
6856	-0.4163	0.	-0.80601	1.0962e-003
6857	-0.46327	0.	-0.76077	1.316e-003
6858	-0.45047	0.	-0.69647	1.6999e-003
6859	-0.35651	0.	-0.66533	1.9985e-003
6860	-0.35515	0.	-0.80205	1.0082e-003
6861	-0.40625	0.	-0.67394	2.0344e-003
6866	-6.3764e-002	0.	-0.39019	9.0003e-003
6867	-3.6702e-003	0.	-0.32731	1.4826e-002
6868	1.3975e-002	0.	-0.39989	8.8163e-003
6869	-2.9412e-002	0.	-0.40952	8.6389e-003
6873	0.31473	0.	-0.1369	1.2335e-002
6874	0.47709	0.	-0.14239	5.8068e-003
6875	0.36844	0.	-0.21413	7.0283e-003
6876	0.43014	0.	-0.19643	6.0267e-003
6877	0.32534	0.	-0.18845	9.6398e-003
6884	0.19316	0.	-0.15263	2.2986e-002
6885	0.21367	0.	-0.17904	1.6407e-002
6886	0.2535	0.	-0.19067	1.4121e-002
6887	0.21085	0.	-0.10592	2.3817e-002
6890	-0.91051	0.	-0.21256	5.6977e-003
6891	-0.92898	0.	-0.13942	5.5953e-003
6892	-0.84666	0.	-0.20026	7.1891e-003
6893	-0.81002	0.	-0.12601	1.158e-002
6898	-0.11038	0.	-0.19449	5.6384e-002
6899	-8.6146e-002	0.	-0.22951	3.7722e-002
6900	-0.14884	0.	-0.19923	4.4417e-002
6901	-0.16247	0.	-0.24513	2.8705e-002
6908	-0.81758	0.	-0.63928	1.643e-003
6909	-0.86122	0.	-0.59731	2.0553e-003
6910	-0.83946	0.	-0.70394	1.3277e-003
6911	-0.9563	0.	-0.65368	1.2752e-003
6912	-0.91456	0.	-0.60487	1.576e-003
6917	0.37136	0.	-0.62336	1.773e-003
6918	0.44642	0.	-0.59199	1.771e-003
6919	0.30358	0.	-0.51628	3.1199e-003
6920	0.32258	0.	-0.57832	2.1228e-003
6921	0.41791	0.	-0.52312	2.1714e-003
6925	0.79518	0.	-0.49324	9.7991e-004
6926	0.77396	0.	-0.57178	7.9286e-004
6927	0.8719	0.	-0.47745	8.504e-004
6928	0.86093	0.	-0.6163	6.2555e-004
6932	-1.2715	0.	-0.44495	1.1243e-003
6933	-1.3477	0.	-0.50127	8.7596e-004
6934	-1.2946	0.	-0.38997	1.1638e-003
6935	-1.3574	0.	-0.36285	1.0772e-003
6938	-0.61396	0.	-0.81452	1.1538e-003
6939	-0.73778	0.	-0.79496	1.115e-003
6940	-0.66667	0.	-0.77581	1.2314e-003
6941	-0.76159	0.	-0.85707	9.6978e-004
6942	-0.69783	0.	-0.89886	8.9788e-004
6946	0.36025	0.	-0.78015	1.0609e-003
6947	0.44681	0.	-0.67376	1.2477e-003
6948	0.29678	0.	-0.72283	1.3964e-003
6949	0.32297	0.	-0.6601	1.6165e-003
6953	-0.1752	0.	-0.7196	1.3384e-003
6954	-0.18829	0.	-0.6383	2.0863e-003
6955	-0.29099	0.	-0.63212	2.0976e-003
6956	-0.23606	0.	-0.60521	2.3624e-003
6961	-1.0253	0.	-0.31335	3.0838e-003
6962	-0.97626	0.	-0.22477	3.9364e-003
6963	-0.89394	0.	-0.2856	5.6884e-003
6964	-0.93733	0.	-0.36426	3.4846e-003
6968	-0.11314	0.	-0.69407	1.8538e-003
6969	-0.15278	0.	-0.85456	7.0038e-004
6970	-8.6723e-002	0.	-0.82519	8.655e-004
6971	-6.0589e-002	0.	-0.77243	1.0543e-003
6976	-0.30278	0.	-0.19036	4.2316e-002
6977	-0.37208	0.	-0.18006	5.9951e-002
6978	-0.32739	0.	-0.16295	5.8671e-002
6979	-0.33309	0.	-0.21073	3.9455e-002
6980	-0.35793	0.	-0.16059	7.1836e-002
6981	-0.36997	0.	-0.20528	4.3473e-002
6985	0.76357	0.	-0.36439	1.3213e-003
6986	0.76205	0.	-0.2039	1.7177e-003
6987	0.84029	0.	-0.34859	1.1948e-003
6988	0.83457	0.	-0.22449	1.4e-003
6992	0.11393	0.	-0.90187	8.29e-004
6993	0.26309	0.	-0.8995	8.2353e-004
6994	0.19962	0.	-0.84218	1.1727e-003
6995	9.4793e-002	0.	-0.9605	6.8356e-004
6996	0.2654	0.	-0.95878	7.1549e-004
7000	-0.33517	0.	-0.40102	8.1436e-003
7001	-0.23763	0.	-0.36716	1.033e-002
7002	-0.29564	0.	-0.44268	6.9197e-003
7003	-0.31379	0.	-0.36448	1.071e-002
7007	-7.253e-002	0.	-0.1904	5.9774e-002
7008	-0.13523	0.	-0.16012	6.4022e-002
7009	-6.6455e-002	0.	-0.15655	7.6088e-002
7010	-7.9502e-002	0.	-0.13971	0.10321
7014	-6.679e-002	0.	-0.57081	3.2024e-003
7015	5.098e-002	0.	-0.51314	4.0504e-003
7016	-6.1722e-002	0.	-0.5137	4.2549e-003
7017	3.309e-002	0.	-0.5558	3.3501e-003
7018	1.9189e-002	0.	-0.47836	5.4815e-003
7019	-2.4198e-002	0.	-0.48799	5.3736e-003
7024	-0.34817	0.	-0.45458	6.008e-003
7025	-0.44176	0.	-0.43127	7.0322e-003
7026	-0.40194	0.	-0.36977	1.1607e-002
7027	-0.4327	0.	-0.39117	9.2075e-003
7028	-0.36632	0.	-0.37638	1.0221e-002
7033	-0.52413	0.	-0.14651	7.329e-002
7034	-0.46467	0.	-0.14016	9.4247e-002
7035	-0.49697	0.	-0.11802	0.12751
7036	-0.48104	0.	-0.12677	0.12712
7037	-0.47325	0.	-0.16835	7.1378e-002
7042	5.8001e-002	0.	-0.13147	7.0443e-002
7043	2.7571e-002	0.	-0.11863	0.12161
7044	-5.255e-003	0.	-0.15421	7.2374e-002
7045	8.0778e-003	0.	-0.13434	0.10518
7046	5.207e-002	0.	-0.1659	5.6201e-002
7050	0.11689	0.	-0.13919	5.0901e-002
7051	0.12369	0.	-0.20766	2.4435e-002
7052	0.16393	0.	-0.19255	2.311e-002
7053	0.16112	0.	-0.11943	2.9598e-002
7054	0.11096	0.	-0.17361	3.4959e-002
7058	5.9933e-002	0.	-9.9402e-002	0.12343
7059	0.13459	0.	-9.2486e-002	5.0688e-002
7060	8.4432e-002	0.	-0.14667	5.6033e-002
7066	-0.21686	0.	-0.18022	4.3553e-002
7067	-0.23048	0.	-0.22612	3.0203e-002
7068	-0.28464	0.	-0.16817	5.1283e-002
7069	-0.29034	0.	-0.21595	3.1815e-002
7070	-0.24644	0.	-0.16432	5.2596e-002
7074	-0.174	0.	-0.57968	2.6518e-003
7075	-0.12117	0.	-0.55566	3.7376e-003
7080	-1.1836	0.	-0.83354	4.806e-004
7081	-1.3003	0.	-0.93814	2.4164e-004
7082	-1.2938	0.	-0.87738	2.93e-004
7083	-1.1807	0.	-0.91631	3.8788e-004
7089	-0.49817	0.	-0.83653	1.0028e-003
7090	-0.40598	0.	-0.93846	5.4581e-004
7091	-0.39006	0.	-0.87781	6.4407e-004
7092	-0.48046	0.	-0.94422	6.3984e-004
7097	0.8677	0.	-0.90743	2.3701e-004
7098	0.86255	0.	-0.76727	4.0234e-004
7099	0.80457	0.	-0.89762	3.0927e-004
7105	-0.53235	0.	-0.727	1.6547e-003
7106	-0.59785	0.	-0.75258	1.323e-003
7108	-0.65728	0.	-0.20241	2.0252e-002
7109	-0.71004	0.	-0.28594	1.0617e-002
7110	-0.76519	0.	-0.2483	1.035e-002
7111	-0.68579	0.	-0.17638	1.937e-002
7112	-0.72854	0.	-0.17406	1.4214e-002
7116	-0.58284	0.	-0.16509	4.2876e-002
7117	-0.64279	0.	-0.15549	2.6022e-002
7118	-0.60074	0.	-0.1364	4.6246e-002
7122	-0.52424	0.	-0.12018	0.11379
7123	-0.56931	0.	-0.11998	6.1226e-002
7129	-0.13946	0.	-0.90438	4.917e-004
7130	-0.28314	0.	-0.96445	2.8615e-004
7131	-0.26722	0.	-0.9038	4.6142e-004
7132	-0.15748	0.	-0.96174	3.4515e-004
7137	0.17274	0.	-0.4942	4.1006e-003
7138	9.1416e-002	0.	-0.54009	3.4969e-003
7139	0.1292	0.	-0.44923	5.8477e-003
7140	7.7516e-002	0.	-0.46265	5.6024e-003
7145	-0.65087	0.	-0.48094	4.4371e-003
7146	-0.54379	0.	-0.46254	5.6022e-003
7147	-0.55158	0.	-0.51464	4.5076e-003
7148	-0.61472	0.	-0.43416	6.1047e-003
7152	-0.15119	0.	-0.37684	9.6047e-003
7153	-0.19678	0.	-0.30094	1.8268e-002
7157	-1.1534	0.	-0.68434	8.025e-004
7158	-1.0781	0.	-0.7053	8.5635e-004
7159	-1.1269	0.	-0.8417	5.3746e-004
7163	-1.1495e-002	0.	-0.86746	7.6749e-004
7164	3.1282e-002	0.	-0.91854	7.3913e-004
7165	1.4639e-002	0.	-0.81471	9.7782e-004
7170	-1.1849	0.	-0.53532	1.1128e-003
7171	-1.2611	0.	-0.59164	8.4567e-004
7172	-1.1017	0.	-0.63069	1.0251e-003
7178	0.64958	0.	-0.13694	2.8095e-003
7179	0.52066	0.	-0.20415	3.8239e-003
7187	-0.41556	0.	-0.15547	8.5827e-002
7188	-0.38447	0.	-0.15551	8.1113e-002
7189	-0.39652	0.	-0.2002	5.2903e-002
7190	-0.42413	0.	-0.18367	6.1816e-002
7194	-1.0437	0.	-0.24021	2.9216e-003
7195	-1.1428	0.	-0.39485	1.6474e-003
7196	-1.0048	0.	-0.37971	2.4408e-003
7197	-1.1659	0.	-0.33987	1.6754e-003
7198	-1.1611	0.	-0.28173	1.8126e-003
7203	-0.79265	0.	-0.58088	2.2031e-003
7204	-0.7295	0.	-0.55464	3.0351e-003
7205	-0.7709	0.	-0.68751	1.5017e-003
7206	-0.69979	0.	-0.66836	1.591e-003
7210	0.40208	0.	-0.34059	4.7922e-003
7211	0.46377	0.	-0.3229	3.6609e-003
7212	0.45934	0.	-0.44612	2.6582e-003
7216	-1.3647	0.	-0.22501	1.2553e-003
7217	-1.2971	0.	-0.19399	1.4812e-003
7218	-1.3103	0.	-0.12223	1.5788e-003
7225	0.71337	0.	-0.52331	1.0344e-003
7226	0.81131	0.	-0.42898	1.0747e-003
7231	0.28528	0.	-0.79785	1.2198e-003
7232	0.41211	0.	-0.90755	7.146e-004
7233	0.35106	0.	-0.91445	7.6311e-004
7238	-1.8932e-002	0.	-0.25406	3.0671e-002
7239	-4.2224e-002	0.	-0.19156	5.9386e-002
7243	0.41201	0.	-0.27589	5.1743e-003
7244	0.30721	0.	-0.2679	8.9539e-003
7247	-0.42761	0.	-0.29164	2.1929e-002
7248	-0.47121	0.	-0.28004	2.277e-002
7249	-0.41673	0.	-0.24104	3.1933e-002
7250	-0.44435	0.	-0.22451	4.1656e-002
7257	-0.32014	0.	-0.54833	3.5576e-003
7258	-0.26521	0.	-0.52142	3.7063e-003
7262	-0.18732	0.	-0.21076	3.9639e-002
7263	-0.20328	0.	-0.14896	5.9593e-002
7267	-0.58505	0.	-0.68829	1.7061e-003
7268	-0.51548	0.	-0.60826	3.1861e-003
7269	-0.47533	0.	-0.64017	2.3327e-003
7273	0.54272	0.	-0.95029	5.0162e-004
7274	0.68005	0.	-0.94612	3.9181e-004
7276	-0.11293	0.	-0.45351	6.3982e-003
7277	-7.5401e-002	0.	-0.4278	7.3086e-003
7281	0.60701	0.	-0.62212	1.0471e-003
7282	0.49336	0.	-0.57351	1.6609e-003
7286	0.77912	0.	-0.64638	6.7839e-004
7292	0.248	0.	-0.67779	1.7657e-003
7297	-0.71489	0.	-0.4175	5.9508e-003
7298	-0.77494	0.	-0.31094	7.3891e-003
7299	-0.67875	0.	-0.37072	7.5051e-003
7303	-0.91499	0.	-0.91016	7.3261e-004
7304	-1.0568	0.	-0.9342	5.1363e-004
7305	-0.92553	0.	-0.9639	5.9069e-004
7310	5.7199e-002	0.	-0.26595	1.9062e-002
7311	0.1442	0.	-0.23408	1.8193e-002
7312	0.13405	0.	-0.27424	1.5706e-002
7313	9.1232e-002	0.	-0.21514	3.0379e-002
7317	-0.77314	0.	-0.51267	3.4294e-003
7318	-0.87658	0.	-0.48477	2.7404e-003
7319	-0.88964	0.	-0.54646	2.1522e-003
7323	0.25519	0.	-0.55301	2.9691e-003
7324	0.19264	0.	-0.446	5.6944e-003
7327	-0.67384	0.	-0.43965	5.8871e-003
7332	1.0009e-002	0.	-0.10226	0.15078
7338	-0.50361	0.	-0.50173	5.4264e-003
7339	-0.48676	0.	-0.40953	8.7767e-003
7342	-0.72167	0.	-0.73302	1.2835e-003
7343	-0.81659	0.	-0.81427	1.0391e-003
7351	-1.2689	0.	-0.51723	9.8472e-004
7352	-1.2159	0.	-0.40593	1.275e-003
7357	-0.2767	0.	-0.57351	2.6626e-003
7358	-0.38137	0.	-0.60903	2.5336e-003
7362	-0.87348	0.	-0.35196	5.0702e-003
7363	-0.79345	0.	-0.19905	1.1433e-002
7373	-0.16893	0.	-0.52257	3.7065e-003
7377	0.41442	0.	-0.96683	6.031e-004
7387	-0.45977	0.	-0.31502	1.6101e-002
7388	-0.44693	0.	-0.34802	1.3231e-002
7389	-0.38056	0.	-0.33323	1.3748e-002
7392	-0.98472	0.	-0.60283	1.3826e-003
7396	-3.0628e-002	0.	-0.92608	6.1543e-004
7397	-9.1418e-002	0.	-0.93237	5.2929e-004
7398	-4.727e-002	0.	-0.82225	8.7023e-004
7404	-0.40141	0.	-0.136	9.5949e-002
7405	-0.44886	0.	-0.12258	0.13299
7406	-0.44107	0.	-0.16416	7.8816e-002
7411	0.80407	0.	-0.14437	1.6877e-003
7416	-0.92993	0.	-0.49232	2.2848e-003
7420	-0.47126	0.	-0.58573	3.4576e-003
7431	-1.3018	0.	-0.32383	1.2203e-003
7432	-1.2342	0.	-0.29281	1.4544e-003
7434	0.81326	0.	-0.96141	2.4912e-004
7440	-7.8574e-002	0.	-0.47284	5.6679e-003
7444	-4.8641e-002	0.	-0.98345	4.8588e-004
7451	-0.34484	0.	-0.9345	4.4562e-004
7452	-0.43524	0.	-1.0009	4.3427e-004
7457	0.22427	0.	-0.23059	1.4057e-002
7458	0.17429	0.	-0.25913	1.3918e-002
7463	-2.2816e-002	0.	-0.13784	0.1073
7464	-4.9196e-002	0.	-0.14088	0.10292
7468	-0.33979	0.	-0.1384	7.7977e-002
7469	-0.27106	0.	-0.13691	6.4082e-002
7474	-0.77664	0.	-0.91818	8.1044e-004
7475	-0.85095	0.	-0.93012	7.4941e-004
7485	-1.3567	0.	-0.90737	2.0875e-004
7491	-0.71405	0.	-0.12713	2.057e-002
7492	-0.62926	0.	-0.11037	4.5866e-002
7496	-1.2969	0.	-0.2657	1.3692e-003
7505	0.21412	0.	-0.27076	1.1273e-002
7509	-0.49053	0.	-0.33642	1.4142e-002
7515	-0.35753	0.	-0.23087	3.1228e-002
7527	0.15661	0.	-0.35016	9.3158e-003
7530	-0.48116	0.	-0.10044	0.16283
7531	-0.51535	0.	-7.2267e-002	0.16842
7532	-0.54215	0.	-9.1489e-002	0.11512
7539	-1.2425	0.	-0.16292	1.688e-003
7549	-3.5863e-002	0.	-0.12101	0.13207
7557	9.7408e-002	0.	-0.41445	7.0069e-003
7566	-0.42203	0.	-0.20888	4.4566e-002
7570	2.3373e-003	0.	-0.4375	6.8386e-003
7614	-0.56041	0.	-7.2065e-002	0.12295
7631	-0.78719	0.	-0.97192	6.7244e-004
100	0.	0.	7.5e-002	0.2828
101	0.	0.	9.e-002	0.23153
102	-2.4e-002	0.	9.e-002	0.21247
103	-4.8e-002	0.	9.e-002	0.1734
104	-9.6e-002	0.	9.e-002	0.14034
105	-0.144	0.	9.e-002	0.10279
106	-0.192	0.	9.e-002	8.101e-002
107	-0.24	0.	9.e-002	8.4117e-002
108	-0.288	0.	9.e-002	8.3843e-002
109	-0.336	0.	9.e-002	0.1114
110	-0.384	0.	9.e-002	0.14081
111	-0.432	0.	9.e-002	0.17506
112	-0.456	0.	9.e-002	0.20698
113	-0.48	0.	7.5e-002	0.30729
114	-0.48	0.	9.e-002	0.21403
115	-0.48	0.	6.e-002	0.3373
126	0.	0.	6.e-002	0.37005
481	0.1	0.	0.	0.10337
482	0.2	0.	0.	3.479e-002
483	0.3	0.	0.	1.3877e-002
484	0.4	0.	0.	8.1683e-003
485	0.5	0.	0.	4.8183e-003
486	0.6	0.	0.	2.8939e-003
487	0.7	0.	0.	2.2348e-003
488	0.8	0.	0.	1.6937e-003
489	0.9	0.	0.	1.4406e-003
490	-1.38	0.	0.	1.4263e-003
491	-1.28	0.	0.	1.734e-003
492	-1.18	0.	0.	2.2723e-003
493	-1.08	0.	0.	2.8663e-003
494	-0.98	0.	0.	4.9024e-003
495	-0.88	0.	0.	7.9404e-003
496	-0.78	0.	0.	1.4436e-002
497	-0.68	0.	0.	3.2111e-002
498	-0.58	0.	0.	0.11833
542	-1.48	0.	9.9091e-002	1.3425e-003
543	-1.48	0.	0.19818	1.2253e-003
544	-1.48	0.	0.29727	1.1514e-003
545	-1.48	0.	0.39636	9.2869e-004
546	-1.48	0.	0.49545	8.0148e-004
547	-1.48	0.	0.59455	6.2277e-004
548	-1.48	0.	0.69364	4.4991e-004
549	-1.48	0.	0.79273	3.3957e-004
550	-1.48	0.	0.89182	2.1348e-004
551	-1.48	0.	0.99091	9.0514e-005
557	-1.3767	0.	1.09	1.1089e-004
558	-1.2733	0.	1.09	2.2151e-004
559	-1.17	0.	1.09	3.2876e-004
560	-1.0667	0.	1.09	4.0519e-004
561	-0.96333	0.	1.09	5.0652e-004
562	-0.86	0.	1.09	5.8334e-004
563	-0.75667	0.	1.09	6.2859e-004
564	-0.65333	0.	1.09	6.2267e-004
565	-0.55	0.	1.09	5.2887e-004
566	-0.44667	0.	1.09	4.3345e-004
567	-0.34333	0.	1.09	2.5867e-004
568	-0.24	0.	1.09	1.4092e-004
569	-0.13667	0.	1.09	2.0967e-004
570	-3.3333e-002	0.	1.09	4.4645e-004
571	7.e-002	0.	1.09	5.7383e-004
572	0.17333	0.	1.09	6.1432e-004
573	0.27667	0.	1.09	6.1546e-004
574	0.38	0.	1.09	5.7292e-004
575	0.48333	0.	1.09	5.4427e-004
576	0.58667	0.	1.09	4.1291e-004
577	0.69	0.	1.09	2.9577e-004
578	0.79333	0.	1.09	2.1611e-004
579	0.89667	0.	1.09	1.0845e-004
585	1.	0.	0.99091	8.8678e-005
586	1.	0.	0.89182	2.1266e-004
587	1.	0.	0.79273	3.3206e-004
588	1.	0.	0.69364	4.8533e-004
589	1.	0.	0.59455	6.0004e-004
590	1.	0.	0.49545	7.5822e-004
591	1.	0.	0.39636	9.5127e-004
592	1.	0.	0.29727	1.1415e-003
593	1.	0.	0.19818	1.2508e-003
594	1.	0.	9.9091e-002	1.3424e-003
595	0.	0.	0.	0.40037
596	-0.48	0.	0.	0.36484
602	1.	0.	0.	1.3546e-003
604	-1.48	0.	0.	1.357e-003
607	-1.48	0.	1.09	5.817e-005
608	1.	0.	1.09	5.6884e-005
609	-0.61833	0.	0.59	3.0315e-003
610	-0.55644	0.	0.35309	1.1292e-002
611	-0.21365	0.	0.45458	5.9533e-003
612	-1.0629	0.	0.48465	1.6369e-003
613	0.5757	0.	0.47432	1.624e-003
614	-0.28115	0.	0.79296	9.4649e-004
615	-0.27071	0.	0.2775	2.0239e-002
616	-0.50836	0.	0.22292	3.4233e-002
617	5.5443e-002	0.	0.21119	3.464e-002
618	-0.81732	0.	0.42428	3.7824e-003
619	0.32591	0.	0.42333	3.7308e-003
620	0.4407	0.	0.77371	9.4392e-004
621	-0.97418	0.	0.81703	7.9881e-004
622	-0.41934	0.	0.51245	4.4999e-003
623	-9.2088e-002	0.	0.31675	1.4873e-002
624	2.3889e-002	0.	0.92333	6.533e-004
625	7.6389e-004	0.	0.6525	2.0492e-003
626	-0.55933	0.	0.74087	1.4329e-003
627	-1.1523	0.	0.77361	5.6393e-004
628	0.84369	0.	0.74224	4.2567e-004
629	-0.72962	0.	0.35572	6.8833e-003
630	0.13098	0.	0.27494	1.579e-002
631	0.57832	0.	0.31527	2.6271e-003
632	-1.096	0.	0.30364	2.0454e-003
633	-0.36078	0.	0.28712	2.1136e-002
634	0.31112	0.	0.83868	8.9849e-004
635	-3.423e-002	0.	0.38421	8.9951e-003
636	0.39102	0.	0.12584	7.4895e-003
637	-0.86657	0.	0.13467	7.7032e-003
638	-0.72289	0.	0.13911	1.5488e-002
639	-0.16159	0.	0.16292	5.6528e-002
640	-0.84507	0.	0.55638	2.327e-003
641	0.4385	0.	0.66072	1.3512e-003
642	-1.3358	0.	0.54171	7.6972e-004
643	-0.23742	0.	0.55788	2.8468e-003
644	0.75371	0.	0.51065	1.092e-003
645	-0.34553	0.	0.18514	4.7934e-002
646	-1.2726	0.	0.28401	1.4953e-003
647	0.83814	0.	0.26721	1.4214e-003
648	8.6295e-002	0.	0.77415	1.3569e-003
649	-6.3503e-002	0.	0.18896	5.187e-002
650	-0.28447	0.	0.38167	9.0751e-003
651	-8.9256e-002	0.	0.58594	3.0322e-003
652	-3.3742e-002	0.	0.14681	8.9353e-002
653	-0.76479	0.	0.78311	1.1847e-003
654	-0.3877	0.	0.41292	7.6532e-003
655	-0.49729	0.	0.1525	8.7559e-002
656	-0.62342	0.	0.16614	3.0008e-002
657	-0.57048	0.	0.11155	7.2449e-002
658	1.6015e-002	0.	0.15109	7.4475e-002
659	-0.5202	0.	0.90659	7.5464e-004
660	-0.28407	0.	0.19688	3.798e-002
661	-0.48679	0.	0.61143	2.4746e-003
662	-0.12524	0.	0.85042	7.192e-004
663	0.75743	0.	0.90814	3.3608e-004
664	5.6721e-002	0.	0.47233	5.5516e-003
665	-1.339	0.	0.84354	2.8134e-004
666	-0.10138	0.	0.7096	1.4202e-003
667	0.26623	0.	0.20828	1.2427e-002
668	0.13427	0.	0.18152	3.1729e-002
669	8.4322e-002	0.	0.14273	5.8471e-002
670	-0.58375	0.	0.465	5.4383e-003
671	-0.19262	0.	0.34521	1.1957e-002
672	-0.17711	0.	0.25406	2.5874e-002
673	0.19417	0.	0.3783	7.8641e-003
674	0.66489	0.	0.76835	6.1375e-004
675	0.21521	0.	0.7334	1.3343e-003
676	0.23307	0.	0.58618	2.7599e-003
677	-1.0308	0.	0.14091	3.3829e-003
678	0.56549	0.	0.14994	3.4402e-003
679	-0.39863	0.	0.17541	6.3179e-002
680	-0.73563	0.	0.94167	8.0041e-004
681	-0.95031	0.	0.38236	2.9903e-003
682	0.46597	0.	0.37269	3.1642e-003
683	-0.28687	0.	0.93488	4.5159e-004
684	-1.2146	0.	0.44477	1.2316e-003
685	0.16575	0.	0.86455	8.7964e-004
686	-0.8436	0.	0.29957	6.1612e-003
687	-0.43906	0.	0.25667	3.0098e-002
688	-0.31017	0.	0.48482	5.0647e-003
689	0.35077	0.	0.27647	6.8773e-003
690	-0.36166	0.	0.72868	1.3727e-003
691	-1.0641	0.	0.963	4.5891e-004
692	-0.11389	0.	0.42333	7.3553e-003
693	-1.0019	0.	0.64239	1.2117e-003
694	-1.1722	0.	0.60186	9.4093e-004
695	0.50707	0.	0.97084	5.3316e-004
696	-0.58396	0.	0.24919	2.0844e-002
697	0.38324	0.	0.55687	2.0701e-003
698	-0.70775	0.	0.48488	3.9415e-003
699	-2.6168e-002	0.	0.25155	3.0496e-002
700	-0.88656	0.	0.97412	5.8395e-004
701	-0.50467	0.	9.4388e-002	0.17378
702	-0.48573	0.	0.43896	7.2528e-003
703	0.74591	0.	0.63219	7.5409e-004
704	-0.41586	0.	0.32707	1.3971e-002
705	-0.45462	0.	0.80732	1.0163e-003
706	0.16689	0.	0.4743	5.0636e-003
707	-0.10412	0.	0.23479	3.1384e-002
708	-0.67401	0.	0.72182	1.4618e-003
709	0.6151	0.	0.60657	1.001e-003
710	-0.26257	0.	0.66711	1.5663e-003
711	-0.43249	0.	0.13597	0.1055
712	0.73181	0.	0.12274	2.0254e-003
713	-1.187	0.	0.1306	2.1514e-003
714	-0.88847	0.	0.70826	1.311e-003
715	-2.6134e-002	0.	0.44704	6.5342e-003
716	-1.368	0.	0.41318	1.0247e-003
717	-0.9537	0.	0.2582	3.8719e-003
718	-1.3564	0.	0.9712	1.6364e-004
719	-1.3461	0.	0.69082	4.8997e-004
720	0.37526	0.	0.98968	6.4948e-004
721	-2.3003e-002	0.	0.78468	1.0126e-003
722	-0.66444	0.	0.21897	1.6509e-002
723	0.46666	0.	0.24627	4.2927e-003
724	-0.50661	0.	0.50921	3.835e-003
725	-0.30956	0.	0.1401	7.2656e-002
726	-1.3566	0.	0.16496	1.3988e-003
727	0.87735	0.	0.14307	1.4089e-003
728	0.13946	0.	8.7399e-002	4.6587e-002
729	0.8832	0.	0.96813	1.7066e-004
730	0.2014	0.	0.13462	2.3857e-002
731	-1.3585e-002	0.	0.53352	4.3049e-003
732	-0.14504	0.	0.98153	2.7522e-004
733	0.10884	0.	0.41536	7.3408e-003
734	0.6814	0.	0.25163	1.8991e-003
735	0.50592	0.	0.5806	1.5909e-003
736	-0.7441	0.	0.24222	1.0742e-002
737	0.23854	0.	0.29676	8.4352e-003
738	-0.17432	0.	0.62679	2.1382e-003
739	-0.49411	0.	0.29833	1.8658e-002
740	0.71898	0.	0.37382	1.4907e-003
741	-0.75331	0.	0.6423	1.7737e-003
742	-0.32916	0.	0.23377	2.992e-002
743	-1.2259	0.	0.95523	3.1841e-004
744	0.23799	0.	0.96938	7.2142e-004
745	0.88887	0.	0.57891	6.5734e-004
746	0.88662	0.	0.42385	1.0076e-003
747	-0.37037	0.	0.13593	9.6767e-002
748	7.1534e-002	0.	0.56456	3.2536e-003
749	-0.65225	0.	0.3043	1.1513e-002
750	-0.65488	0.	0.84437	1.0296e-003
751	1.8215e-002	0.	9.7439e-002	0.17156
752	-0.24078	0.	0.1394	6.5764e-002
753	-0.36065	0.	0.60884	2.5961e-003
754	-8.8387e-002	0.	0.13683	9.7141e-002
755	0.45135	0.	0.48156	2.168e-003
756	-0.64414	0.	0.39272	7.6255e-003
757	-0.46797	0.	0.36607	1.0717e-002
758	-0.40289	0.	0.94043	5.8694e-004
759	-0.38726	0.	0.22212	3.5783e-002
760	0.88804	0.	0.85503	2.6904e-004
761	-0.94484	0.	0.50464	2.1363e-003
762	0.27173	0.	9.3747e-002	1.646e-002
763	5.1875e-002	0.	0.2775	1.942e-002
764	0.63148	0.	0.94187	4.0992e-004
765	-0.46542	0.	0.10921	0.1635
766	-0.85178	0.	0.84078	8.6411e-004
767	-0.21145	0.	0.87566	5.4745e-004
768	-0.44658	0.	0.6995	1.7904e-003
769	0.34312	0.	0.68504	1.4874e-003
770	0.12966	0.	0.97159	6.934e-004
771	-1.5876e-002	0.	0.11474	0.16244
772	0.54201	0.	0.70883	9.3657e-004
773	-0.19156	0.	0.75118	1.1204e-003
774	-0.36033	0.	0.83042	8.1779e-004
775	0.1936	0.	0.2209	1.6006e-002
776	3.6284e-002	0.	0.39788	8.797e-003
777	-0.44385	0.	0.19427	4.8239e-002
778	-0.65883	0.	7.2693e-002	3.4694e-002
779	-0.59345	0.	0.99377	6.3959e-004
780	0.54449	0.	0.84534	6.5914e-004
781	-1.2272e-002	0.	0.19366	4.7633e-002
782	0.10972	0.	0.67333	2.0391e-003
783	-0.33569	0.	0.33928	1.4111e-002
784	0.43065	0.	0.87885	7.6954e-004
785	-0.22685	0.	0.20615	3.5979e-002
786	-0.15387	0.	0.51188	4.3758e-003
787	-0.55721	0.	0.18296	4.5732e-002
788	4.0388e-003	0.	0.3279	1.4108e-002
789	8.3145e-002	0.	8.081e-002	9.5265e-002
790	3.8446e-002	0.	6.2946e-002	0.21393
791	-7.9347e-002	0.	0.50034	4.8773e-003
792	8.8559e-002	0.	0.33953	1.0775e-002
1457	-0.50119	0.	6.8695e-002	0.26311
1458	-0.54104	0.	5.3302e-002	0.14246
1459	-0.5232	0.	3.3418e-002	0.25274
2587	0.	0.	8.25e-002	0.25488
2588	0.	0.	6.75e-002	0.32119
2590	9.1073e-003	0.	8.622e-002	0.22671
2591	1.9223e-002	0.	6.8973e-002	0.24342
2594	-1.2e-002	0.	9.e-002	0.21739
2596	9.1073e-003	0.	9.372e-002	0.20087
2597	-7.9379e-003	0.	0.10237	0.19404
2599	-3.6e-002	0.	9.e-002	0.192
2601	-1.9938e-002	0.	0.10237	0.18733
2603	-7.2e-002	0.	9.e-002	0.15527
2605	-4.0871e-002	0.	0.11841	0.13129
2606	-6.8194e-002	0.	0.11342	0.13404
2607	-3.1938e-002	0.	0.10237	0.16658
2610	-0.12	0.	9.e-002	0.12022
2612	-9.2194e-002	0.	0.11342	0.11874
2615	-0.168	0.	9.e-002	9.0778e-002
2617	-0.1528	0.	0.12646	7.9477e-002
2618	-0.11619	0.	0.11342	9.8795e-002
2620	-0.216	0.	9.e-002	7.8993e-002
2622	-0.1768	0.	0.12646	6.8475e-002
2623	-0.21639	0.	0.1147	7.1075e-002
2626	-0.264	0.	9.e-002	8.338e-002
2628	-0.24039	0.	0.1147	7.4875e-002
2630	-0.312	0.	9.e-002	9.4507e-002
2632	-0.29878	0.	0.11505	7.7791e-002
2633	-0.26439	0.	0.1147	7.3841e-002
2636	-0.36	0.	9.e-002	0.12416
2638	-0.32278	0.	0.11505	9.0969e-002
2639	-0.35319	0.	0.11296	0.10386
2640	-0.408	0.	9.e-002	0.15689
2642	-0.40825	0.	0.11298	0.12269
2643	-0.37719	0.	0.11296	0.11808
2646	-0.444	0.	9.e-002	0.19021
2648	-0.43225	0.	0.11298	0.14021
2649	-0.44871	0.	9.9604e-002	0.16808
2652	-0.468	0.	9.e-002	0.20815
2654	-0.46071	0.	9.9604e-002	0.18487
2656	-0.48	0.	8.25e-002	0.25574
2657	-0.48	0.	6.75e-002	0.31906
2659	-0.49234	0.	8.4694e-002	0.2392
2660	-0.4906	0.	7.1847e-002	0.285
2664	-0.49234	0.	9.2194e-002	0.1931
2665	-0.47271	0.	9.9604e-002	0.18711
2670	-0.48	0.	3.e-002	0.34172
2671	-0.4906	0.	6.4347e-002	0.2981
2672	-0.5016	0.	4.6709e-002	0.29318
2735	0.	0.	3.e-002	0.38065
2736	1.9223e-002	0.	6.1473e-002	0.29192
4790	0.15	0.	0.	6.9058e-002
4791	5.e-002	0.	0.	0.25185
4792	0.11973	0.	4.37e-002	7.4305e-002
4793	9.1572e-002	0.	4.0405e-002	9.6886e-002
4794	6.9223e-002	0.	3.1473e-002	0.15723
4807	0.25	0.	0.	2.4308e-002
4808	0.16973	0.	4.37e-002	4.0211e-002
4809	0.2007	0.	6.7309e-002	2.8749e-002
4810	0.23586	0.	4.6874e-002	2.5596e-002
4817	0.35	0.	0.	1.1016e-002
4818	0.34551	0.	6.292e-002	1.0634e-002
4819	0.28586	0.	4.6874e-002	1.5095e-002
4826	0.45	0.	0.	6.4865e-003
4827	0.39551	0.	6.292e-002	7.7564e-003
4832	0.55	0.	0.	3.8532e-003
4833	0.44551	0.	6.292e-002	6.1294e-003
4834	0.53275	0.	7.4972e-002	4.1177e-003
4841	0.65	0.	0.	2.5628e-003
4842	0.58275	0.	7.4972e-002	3.1508e-003
4843	0.6659	0.	6.1369e-002	2.4576e-003
4848	0.75	0.	0.	1.964e-003
4849	0.7159	0.	6.1369e-002	2.1268e-003
4854	0.85	0.	0.	1.567e-003
4855	0.7659	0.	6.1369e-002	1.8581e-003
4856	0.83867	0.	7.1535e-002	1.5512e-003
4863	0.95	0.	4.9545e-002	1.3915e-003
4864	0.95	0.	0.	1.3974e-003
4865	0.88867	0.	7.1535e-002	1.4244e-003
4872	-1.33	0.	0.	1.5796e-003
4873	-1.43	0.	4.9545e-002	1.3844e-003
4874	-1.43	0.	0.	1.3916e-003
4875	-1.3683	0.	8.2481e-002	1.4117e-003
4880	-1.23	0.	0.	2.0029e-003
4881	-1.2335	0.	6.5302e-002	1.9407e-003
4882	-1.3183	0.	8.2481e-002	1.5661e-003
4887	-1.13	0.	0.	2.5678e-003
4888	-1.1835	0.	6.5302e-002	2.2076e-003
4894	-1.03	0.	0.	3.8773e-003
4895	-1.0554	0.	7.0453e-002	3.111e-003
4896	-1.1335	0.	6.5302e-002	2.506e-003
4901	-0.93	0.	0.	6.4054e-003
4902	-0.92328	0.	6.7335e-002	6.2616e-003
4903	-1.0054	0.	7.0453e-002	4.1299e-003
4912	-0.83	0.	0.	1.115e-002
4913	-0.87328	0.	6.7335e-002	7.7182e-003
4916	-0.73	0.	0.	2.3219e-002
4917	-0.82328	0.	6.7335e-002	1.1035e-002
4918	-0.75145	0.	6.9557e-002	1.4681e-002
4919	-0.71942	0.	3.6346e-002	2.4488e-002
4926	-0.63	0.	0.	7.5125e-002
4927	-0.66942	0.	3.6346e-002	3.302e-002
4935	-0.53	0.	0.	0.24158
4936	-0.61942	0.	3.6346e-002	7.6238e-002
4942	-0.56052	0.	2.6651e-002	0.12767
4943	-0.5516	0.	1.6709e-002	0.18435
5180	-1.48	0.	0.14864	1.2838e-003
5181	-1.48	0.	4.9545e-002	1.3496e-003
5182	-1.4183	0.	0.13203	1.3702e-003
5186	-1.48	0.	0.24773	1.188e-003
5187	-1.4183	0.	0.18157	1.3115e-003
5189	-1.48	0.	0.34682	1.04e-003
5190	-1.3763	0.	0.29064	1.319e-003
5191	-1.424	0.	0.35523	1.0869e-003
5192	-1.4183	0.	0.23112	1.275e-003
5196	-1.48	0.	0.44591	8.65e-004
5197	-1.424	0.	0.40477	9.7549e-004
5200	-1.48	0.	0.545	7.1207e-004
5201	-1.4079	0.	0.51858	7.8272e-004
5202	-1.424	0.	0.45432	9.1238e-004
5204	-1.48	0.	0.64409	5.363e-004
5205	-1.4079	0.	0.56813	6.9436e-004
5206	-1.413	0.	0.64268	5.5304e-004
5209	-1.48	0.	0.74318	3.947e-004
5210	-1.413	0.	0.69223	4.677e-004
5213	-1.48	0.	0.84227	2.7637e-004
5214	-1.4095	0.	0.81814	3.0612e-004
5215	-1.413	0.	0.74177	4.1334e-004
5217	-1.48	0.	0.94136	1.5083e-004
5218	-1.4095	0.	0.86768	2.4524e-004
5219	-1.4182	0.	0.93151	1.822e-004
5223	-1.4283	0.	1.0405	9.6579e-005
5224	-1.48	0.	1.0405	7.3192e-005
5225	-1.4182	0.	0.98106	1.2613e-004
5252	-1.325	0.	1.09	1.6568e-004
5253	-1.4283	0.	1.09	8.3762e-005
5254	-1.3665	0.	1.0306	1.3545e-004
5258	-1.2217	0.	1.09	2.7465e-004
5259	-1.3149	0.	1.0306	1.8729e-004
5260	-1.2496	0.	1.0226	2.6927e-004
5264	-1.1183	0.	1.09	3.6684e-004
5265	-1.117	0.	1.0265	3.9371e-004
5266	-1.1979	0.	1.0226	3.2072e-004
5270	-1.015	0.	1.09	4.5545e-004
5271	-1.0654	0.	1.0265	4.318e-004
5275	-0.91167	0.	1.09	5.4491e-004
5276	-1.0137	0.	1.0265	4.8135e-004
5277	-0.92495	0.	1.0321	5.4506e-004
5280	-0.80833	0.	1.09	6.0589e-004
5281	-0.87328	0.	1.0321	5.8336e-004
5283	-0.705	0.	1.09	6.2491e-004
5284	-0.74615	0.	1.0158	7.1431e-004
5285	-0.82161	0.	1.0321	6.0566e-004
5289	-0.60167	0.	1.09	5.7573e-004
5290	-0.69448	0.	1.0158	7.1058e-004
5291	-0.62339	0.	1.0419	6.3096e-004
5295	-0.49833	0.	1.09	4.7978e-004
5296	-0.57173	0.	1.0419	5.8401e-004
5298	-0.395	0.	1.09	3.3779e-004
5299	-0.48343	0.	0.99829	5.9327e-004
5300	-0.42478	0.	1.0152	5.0022e-004
5301	-0.52006	0.	1.0419	5.357e-004
5305	-0.29167	0.	1.09	1.864e-004
5306	-0.3151	0.	1.0124	3.4399e-004
5307	-0.37311	0.	1.0152	4.2265e-004
5311	-0.18833	0.	1.09	1.4194e-004
5312	-0.26344	0.	1.0124	2.9423e-004
5313	-0.19252	0.	1.0358	1.903e-004
5316	-8.5e-002	0.	1.09	3.2709e-004
5317	-0.14085	0.	1.0358	2.375e-004
5320	1.8333e-002	0.	1.09	5.0805e-004
5321	-4.7222e-003	0.	1.0067	5.496e-004
5322	-8.9186e-002	0.	1.0358	3.4709e-004
5327	0.12167	0.	1.09	5.9361e-004
5328	4.6944e-002	0.	1.0067	6.0911e-004
5329	9.983e-002	0.	1.0308	6.3341e-004
5331	0.225	0.	1.09	6.1479e-004
5332	0.20566	0.	1.0297	6.6782e-004
5333	0.1515	0.	1.0308	6.5311e-004
5337	0.32833	0.	1.09	5.939e-004
5338	0.32596	0.	1.0398	6.3216e-004
5339	0.25733	0.	1.0297	6.6842e-004
5343	0.43167	0.	1.09	5.5854e-004
5344	0.37763	0.	1.0398	6.1119e-004
5348	0.535	0.	1.09	4.7845e-004
5349	0.4952	0.	1.0304	5.3808e-004
5350	0.4293	0.	1.0398	5.9684e-004
5353	0.63833	0.	1.09	3.5417e-004
5354	0.54687	0.	1.0304	4.7289e-004
5355	0.60907	0.	1.0159	4.0871e-004
5360	0.74167	0.	1.09	2.5567e-004
5361	0.72372	0.	0.99907	3.0911e-004
5362	0.66074	0.	1.0159	3.5133e-004
5365	0.845	0.	1.09	1.6186e-004
5366	0.77538	0.	0.99907	2.7262e-004
5367	0.83827	0.	1.0291	1.857e-004
5372	0.94833	0.	1.0405	9.3331e-005
5373	0.94833	0.	1.09	8.1567e-005
5374	0.88993	0.	1.0291	1.3654e-004
5405	1.	0.	0.94136	1.4946e-004
5406	1.	0.	1.0405	7.151e-005
5407	0.9416	0.	0.97952	1.2889e-004
5410	1.	0.	0.84227	2.7236e-004
5411	0.9416	0.	0.92997	1.8555e-004
5412	0.94402	0.	0.87342	2.3987e-004
5415	1.	0.	0.74318	4.0867e-004
5416	0.92185	0.	0.76748	3.7664e-004
5417	0.94402	0.	0.82388	2.9932e-004
5419	1.	0.	0.64409	5.422e-004
5420	0.92185	0.	0.71794	4.5251e-004
5421	0.94444	0.	0.63628	5.7115e-004
5425	1.	0.	0.545	6.7911e-004
5426	0.94444	0.	0.58673	6.2724e-004
5428	1.	0.	0.44591	8.545e-004
5429	0.94444	0.	0.53718	7.0632e-004
5430	0.94331	0.	0.45965	8.8255e-004
5434	1.	0.	0.34682	1.0464e-003
5435	0.94331	0.	0.41011	9.7809e-004
5438	1.	0.	0.24773	1.1961e-003
5439	0.91907	0.	0.28224	1.2793e-003
5440	0.94331	0.	0.36056	1.0733e-003
5443	1.	0.	0.14864	1.2962e-003
5444	0.91907	0.	0.23269	1.3331e-003
5445	0.93867	0.	0.17063	1.3298e-003
5449	1.	0.	4.9545e-002	1.3484e-003
5450	0.93867	0.	0.12108	1.3753e-003
5453	1.9223e-002	0.	3.1473e-002	0.30464
5466	-0.5016	0.	1.6709e-002	0.30663
5480	-0.58883	0.	0.66543	2.2169e-003
5481	-0.55256	0.	0.60071	2.6828e-003
5482	-0.60104	0.	0.5275	4.2301e-003
5483	-0.66304	0.	0.53744	3.4382e-003
5484	-0.64617	0.	0.65591	2.2448e-003
5485	-0.56247	0.	0.54961	3.3984e-003
5486	-0.68582	0.	0.61615	2.3851e-003
5492	-0.5701	0.	0.40905	8.3471e-003
5493	-0.5702	0.	0.30114	1.5925e-002
5494	-0.52108	0.	0.39603	9.1201e-003
5495	-0.52528	0.	0.32571	1.4911e-002
5496	-0.60434	0.	0.3287	1.1175e-002
5497	-0.60029	0.	0.3729	9.4043e-003
5498	-0.5122	0.	0.35958	1.0799e-002
5505	-0.22554	0.	0.50623	4.3852e-003
5506	-0.24906	0.	0.41813	7.3638e-003
5507	-0.20314	0.	0.3999	8.9372e-003
5508	-0.26191	0.	0.4697	5.2267e-003
5509	-0.16377	0.	0.43896	6.3879e-003
5510	-0.18376	0.	0.48323	5.1227e-003
5513	-1.0794	0.	0.39414	1.8275e-003
5514	-1.0066	0.	0.4335	2.3132e-003
5515	-1.1387	0.	0.46471	1.4278e-003
5516	-1.0324	0.	0.56352	1.4116e-003
5517	-1.1175	0.	0.54325	1.2888e-003
5518	-1.0039	0.	0.49464	1.8783e-003
5521	0.57701	0.	0.39479	2.1124e-003
5522	0.6647	0.	0.49248	1.3502e-003
5523	0.52084	0.	0.4235	2.3938e-003
5524	0.5954	0.	0.54044	1.3107e-003
5525	0.54081	0.	0.52746	1.5971e-003
5526	0.64734	0.	0.42407	1.54e-003
5527	0.51352	0.	0.47794	1.8865e-003
5532	-0.28401	0.	0.86392	6.9409e-004
5533	-0.3214	0.	0.76082	1.1253e-003
5534	-0.27186	0.	0.73003	1.2563e-003
5535	-0.2463	0.	0.83431	7.3846e-004
5536	-0.23635	0.	0.77207	1.0146e-003
5537	-0.32074	0.	0.81169	8.5968e-004
5541	-0.31574	0.	0.28231	1.98e-002
5542	-0.27759	0.	0.32958	1.4652e-002
5543	-0.27739	0.	0.23719	2.9082e-002
5544	-0.23166	0.	0.31135	1.546e-002
5545	-0.22391	0.	0.26578	2.1665e-002
5546	-0.29994	0.	0.25563	2.4668e-002
5547	-0.3032	0.	0.30839	1.685e-002
5548	-0.24878	0.	0.24183	2.7741e-002
5552	-0.50283	0.	0.18771	6.0826e-002
5553	-0.47371	0.	0.23979	3.1663e-002
5554	-0.54616	0.	0.23605	2.7366e-002
5555	-0.50123	0.	0.26063	2.6284e-002
5556	-0.4761	0.	0.20859	4.0769e-002
5557	-0.53278	0.	0.20294	3.9503e-002
5561	9.3209e-002	0.	0.24306	2.5147e-002
5562	3.5729e-002	0.	0.18114	5.4547e-002
5563	9.4857e-002	0.	0.19635	3.2482e-002
5564	6.9883e-002	0.	0.17696	4.5696e-002
5565	1.4638e-002	0.	0.23137	3.1943e-002
5566	5.3659e-002	0.	0.24434	2.6967e-002
5567	2.1585e-002	0.	0.20242	4.0757e-002
5572	-0.77347	0.	0.39	5.3313e-003
5573	-0.83119	0.	0.49033	3.0542e-003
5574	-0.88381	0.	0.40332	3.3443e-003
5575	-0.83046	0.	0.36193	4.9263e-003
5576	-0.76253	0.	0.45458	3.8382e-003
5577	-0.88108	0.	0.46446	2.949e-003
5581	0.26004	0.	0.40081	5.7782e-003
5582	0.27949	0.	0.50476	3.1895e-003
5583	0.39594	0.	0.39801	3.402e-003
5584	0.33834	0.	0.3499	5.2368e-003
5585	0.35458	0.	0.4901	2.8986e-003
5586	0.2464	0.	0.44881	4.3221e-003
5587	0.28222	0.	0.36004	6.0784e-003
5588	0.38863	0.	0.45245	2.9432e-003
5593	0.37591	0.	0.80619	9.1625e-004
5594	0.4396	0.	0.71721	1.1455e-003
5595	0.39191	0.	0.72937	1.2141e-003
5596	0.49136	0.	0.74127	9.3587e-004
5597	0.49259	0.	0.80952	8.0124e-004
5598	0.43568	0.	0.82628	8.5562e-004
5601	-1.0633	0.	0.79532	6.728e-004
5602	-1.0191	0.	0.89001	6.2609e-004
5603	-0.98803	0.	0.72971	9.9856e-004
5604	-0.93037	0.	0.89557	6.8471e-004
5605	-0.93133	0.	0.76264	1.0541e-003
5606	-0.91298	0.	0.8289	8.2845e-004
5612	-0.40352	0.	0.46268	6.0629e-003
5613	-0.45306	0.	0.56194	3.4804e-003
5614	-0.36476	0.	0.49864	4.603e-003
5615	-0.45253	0.	0.47571	5.8152e-003
5616	-0.46298	0.	0.51083	4.1293e-003
5617	-0.38999	0.	0.56065	3.4739e-003
5622	-6.3159e-002	0.	0.35048	1.1825e-002
5623	-0.14235	0.	0.33098	1.2754e-002
5624	-0.1346	0.	0.28541	1.9748e-002
5625	-0.10299	0.	0.37004	1.1068e-002
5626	-5.9128e-002	0.	0.28415	2.2134e-002
5627	-9.8105e-002	0.	0.27577	2.3096e-002
5628	-4.4025e-002	0.	0.32233	1.416e-002
5633	5.5092e-002	0.	0.84874	1.0036e-003
5634	-5.0677e-002	0.	0.88688	6.5443e-004
5635	9.4817e-002	0.	0.89394	7.6147e-004
5636	4.43e-004	0.	0.854	8.2288e-004
5637	-6.0575e-002	0.	0.95243	4.519e-004
5638	7.6775e-002	0.	0.94746	6.6905e-004
5643	4.353e-002	0.	0.71332	1.6919e-003
5644	-4.4246e-002	0.	0.61922	2.5095e-003
5645	-5.031e-002	0.	0.68105	1.6895e-003
5646	-1.1119e-002	0.	0.71859	1.5242e-003
5647	-6.4106e-003	0.	0.59301	3.1764e-003
5648	3.6149e-002	0.	0.60853	2.6232e-003
5649	5.5243e-002	0.	0.66292	2.0163e-003
5654	-0.53977	0.	0.82373	1.0934e-003
5655	-0.52306	0.	0.67615	1.9442e-003
5656	-0.50698	0.	0.7741	1.2027e-003
5657	-0.61667	0.	0.73135	1.435e-003
5658	-0.6071	0.	0.79262	1.2264e-003
5659	-0.50295	0.	0.72019	1.5955e-003
5664	-1.2457	0.	0.80858	4.1695e-004
5665	-1.1082	0.	0.8683	4.9592e-004
5666	-1.0771	0.	0.708	8.8698e-004
5667	-1.1622	0.	0.68773	7.4867e-004
5668	-1.2492	0.	0.73221	5.0984e-004
5669	-1.1891	0.	0.86442	4.3786e-004
5676	0.80056	0.	0.82519	3.6741e-004
5677	0.75429	0.	0.7553	5.1086e-004
5678	0.7948	0.	0.68722	5.8851e-004
5679	0.86628	0.	0.66058	5.3945e-004
5680	0.86586	0.	0.79864	3.4729e-004
5684	-0.78661	0.	0.32764	6.4448e-003
5685	-0.71869	0.	0.4203	5.3888e-003
5686	-0.73686	0.	0.29897	8.7128e-003
5687	-0.69093	0.	0.33001	9.1967e-003
5688	-0.68688	0.	0.37422	7.2175e-003
5693	0.13262	0.	0.22823	2.359e-002
5694	0.16257	0.	0.32662	1.1825e-002
5695	0.18476	0.	0.28585	1.2047e-002
5696	9.1425e-002	0.	0.27622	1.741e-002
5697	0.16229	0.	0.24792	1.5687e-002
5698	0.10977	0.	0.30723	1.314e-002
5704	0.57191	0.	0.23261	3.0129e-003
5705	0.52215	0.	0.34398	2.8786e-003
5706	0.52249	0.	0.28077	3.4564e-003
5707	0.62986	0.	0.28345	2.2561e-003
5708	0.64865	0.	0.34455	2.0566e-003
5712	-1.1843	0.	0.29383	1.7628e-003
5713	-1.0634	0.	0.22227	2.7004e-003
5714	-1.0231	0.	0.343	2.4938e-003
5715	-1.1553	0.	0.37421	1.6376e-003
5716	-1.1415	0.	0.21712	2.0743e-003
5717	-1.0248	0.	0.28092	2.9539e-003
5721	-0.39992	0.	0.27189	2.4815e-002
5722	-0.38832	0.	0.30709	1.7435e-002
5723	-0.34497	0.	0.26044	2.5373e-002
5724	-0.37402	0.	0.25462	2.829e-002
5725	-0.34823	0.	0.3132	1.7541e-002
5728	0.26317	0.	0.78604	1.1139e-003
5729	0.23843	0.	0.85161	8.7992e-004
5730	0.34319	0.	0.91418	7.7309e-004
5731	0.27455	0.	0.90403	8.0699e-004
5732	0.32712	0.	0.76186	1.1908e-003
5733	0.37089	0.	0.85877	8.3281e-004
5738	-7.4059e-002	0.	0.40377	7.9566e-003
5739	-3.0182e-002	0.	0.41563	7.7563e-003
5740	1.0272e-003	0.	0.39104	8.8467e-003
5741	-1.5095e-002	0.	0.35606	1.1518e-002
5746	0.32862	0.	0.16706	9.7855e-003
5747	0.47826	0.	0.13789	5.4639e-003
5748	0.3709	0.	0.20116	7.0267e-003
5749	0.42884	0.	0.18606	5.8547e-003
5750	0.33137	0.	0.10979	1.1973e-002
5756	-0.79473	0.	0.13689	1.1532e-002
5757	-0.94867	0.	0.13779	5.5384e-003
5758	-0.85509	0.	0.21712	6.766e-003
5759	-0.91014	0.	0.19643	5.7617e-003
5760	-0.80534	0.	0.18845	9.0054e-003
5765	-0.67316	0.	0.15263	2.2568e-002
5766	-0.69367	0.	0.17904	1.5756e-002
5767	-0.7335	0.	0.19067	1.3037e-002
5768	-0.69086	0.	0.1059	2.4952e-002
5772	-0.11255	0.	0.17594	5.2081e-002
5773	-0.16935	0.	0.20849	4.0939e-002
5774	-0.13286	0.	0.19885	4.3209e-002
5775	-0.20119	0.	0.15116	5.756e-002
5776	-0.12499	0.	0.14987	7.5119e-002
5777	-0.19422	0.	0.18453	4.4235e-002
5781	-0.92347	0.	0.59938	1.7664e-003
5782	-0.77641	0.	0.52063	3.1219e-003
5783	-0.86677	0.	0.63232	1.8148e-003
5784	-0.79919	0.	0.59934	2.0322e-003
5785	-0.89495	0.	0.53051	2.2193e-003
5789	0.41087	0.	0.60879	1.7089e-003
5790	0.47221	0.	0.62066	1.4655e-003
5791	0.39081	0.	0.67288	1.4134e-003
5792	0.49026	0.	0.68477	1.1428e-003
5799	-1.2752	0.	0.49324	9.9473e-004
5800	-1.254	0.	0.57178	8.3973e-004
5801	-1.3519	0.	0.47745	8.9629e-004
5802	-1.3409	0.	0.61627	6.2939e-004
5808	-0.2738	0.	0.52135	3.853e-003
5809	-0.25	0.	0.61249	2.1992e-003
5810	-0.20587	0.	0.59234	2.4465e-003
5811	-0.29903	0.	0.58336	2.5996e-003
5812	-0.19565	0.	0.53488	3.5351e-003
5817	0.74981	0.	0.57142	9.2227e-004
5818	0.68441	0.	0.55861	1.0327e-003
5819	0.73635	0.	0.44224	1.2902e-003
5820	0.82129	0.	0.54478	8.689e-004
5821	0.82016	0.	0.46725	1.0373e-003
5826	-0.3148	0.	0.19101	4.1852e-002
5827	-0.37208	0.	0.18028	5.4764e-002
5828	-0.32755	0.	0.16262	5.9757e-002
5829	-0.33735	0.	0.20945	3.8779e-002
5830	-0.35795	0.	0.16053	7.2158e-002
5831	-0.36639	0.	0.20363	4.152e-002
5836	-1.2436	0.	0.36439	1.3534e-003
5837	-1.2298	0.	0.20731	1.8204e-003
5838	-1.3203	0.	0.34859	1.2592e-003
5839	-1.3146	0.	0.22449	1.4416e-003
5844	0.78497	0.	0.19497	1.7218e-003
5845	0.85774	0.	0.20514	1.4116e-003
5846	0.75977	0.	0.25942	1.6569e-003
5847	0.77856	0.	0.32051	1.4482e-003
5848	0.86238	0.	0.34553	1.2144e-003
5852	0.15075	0.	0.75377	1.3337e-003
5853	0.12602	0.	0.81935	1.1159e-003
5854	3.1646e-002	0.	0.77941	1.1577e-003
5855	9.8009e-002	0.	0.72374	1.6957e-003
5860	-4.8623e-002	0.	0.16788	7.0189e-002
5861	-4.4836e-002	0.	0.22026	4.1022e-002
5862	-8.3812e-002	0.	0.21187	4.1471e-002
5863	-7.5945e-002	0.	0.16289	7.4355e-002
5864	-3.7888e-002	0.	0.19131	4.9118e-002
5868	-0.33609	0.	0.39729	7.9296e-003
5869	-0.23855	0.	0.36344	1.0154e-002
5870	-0.29732	0.	0.43324	7.025e-003
5871	-0.31008	0.	0.36047	1.1314e-002
5876	-9.532e-002	0.	0.64777	2.221e-003
5877	-5.1421e-002	0.	0.55973	3.6101e-003
5878	-0.13179	0.	0.60637	2.5433e-003
5879	-0.12156	0.	0.54891	3.6542e-003
5880	-8.4302e-002	0.	0.54314	3.9514e-003
5885	-8.8637e-003	0.	0.14895	8.0362e-002
5886	-6.1065e-002	0.	0.14182	9.1822e-002
5887	-2.4809e-002	0.	0.13077	0.1254
5888	-2.3007e-002	0.	0.17024	6.8371e-002
5893	-0.75021	0.	0.86239	9.9099e-004
5894	-0.7194	0.	0.75247	1.3198e-003
5895	-0.82663	0.	0.74568	1.2396e-003
5896	-0.75905	0.	0.71271	1.4768e-003
5897	-0.70984	0.	0.81374	1.1004e-003
5898	-0.80829	0.	0.81195	1.023e-003
5901	-0.34893	0.	0.44887	6.2269e-003
5902	-0.43671	0.	0.42594	7.2792e-003
5903	-0.40178	0.	0.36999	1.0749e-002
5904	-0.42783	0.	0.3895	8.9883e-003
5905	-0.36169	0.	0.3761	1.083e-002
5909	-0.53389	0.	0.13203	7.7404e-002
5910	-0.50098	0.	0.12344	0.12967
5911	-0.46489	0.	0.14423	9.4143e-002
5912	-0.48136	0.	0.13085	0.12493
5913	-0.47057	0.	0.17338	6.6585e-002
5914	-0.52725	0.	0.16773	6.6313e-002
5920	-0.59695	0.	0.13884	5.1226e-002
5921	-0.60369	0.	0.20766	2.4925e-002
5922	-0.64393	0.	0.19255	2.3235e-002
5923	-0.64113	0.	0.11941	3.143e-002
5924	-0.59032	0.	0.17455	3.7401e-002
5929	-0.53758	0.	0.10297	0.12231
5930	-0.61466	0.	9.2122e-002	5.2131e-002
5931	-0.56385	0.	0.14726	5.8448e-002
5932	-0.55576	0.	8.2427e-002	0.10652
5937	5.0168e-002	0.	0.14691	6.5434e-002
5938	1.7115e-002	0.	0.12427	0.12201
5939	6.9501e-005	0.	0.13292	0.11791
5940	1.8713e-003	0.	0.17238	6.0324e-002
5945	-0.48741	0.	0.85695	8.7301e-004
5946	-0.58754	0.	0.87548	8.8664e-004
5947	-0.46155	0.	0.92351	6.6346e-004
5948	-0.55683	0.	0.95018	6.9363e-004
5952	-0.29682	0.	0.16849	5.5084e-002
5953	-0.30662	0.	0.21532	3.3626e-002
5954	-0.26243	0.	0.16814	5.115e-002
5955	-0.25546	0.	0.20152	3.6133e-002
5958	-0.4967	0.	0.56032	3.1429e-003
5959	-0.42372	0.	0.61013	2.443e-003
5960	-0.46668	0.	0.65546	2.1299e-003
5963	-0.11331	0.	0.78001	1.0692e-003
5964	-7.4123e-002	0.	0.81755	8.5682e-004
5965	-0.13514	0.	0.91597	4.9663e-004
5966	-0.16835	0.	0.86304	6.1835e-004
5967	-0.1584	0.	0.8008	9.0507e-004
5970	0.71116	0.	0.83825	4.735e-004
5971	0.82032	0.	0.93814	2.5164e-004
5972	0.82273	0.	0.88159	2.9035e-004
5973	0.69445	0.	0.92501	3.7044e-004
5978	0.11181	0.	0.47331	5.2371e-003
5979	1.5294e-002	0.	0.45969	5.9844e-003
5980	2.1568e-002	0.	0.50292	4.8845e-003
5981	8.2783e-002	0.	0.44385	6.4165e-003
5982	6.4127e-002	0.	0.51844	4.4023e-003
5983	4.6503e-002	0.	0.4351	7.1737e-003
5987	-1.3477	0.	0.90737	2.2076e-004
5988	-1.3426	0.	0.76718	3.843e-004
5989	-1.2825	0.	0.89938	2.871e-004
5994	-6.2193e-002	0.	0.74714	1.2058e-003
5995	-0.13785	0.	0.6682	1.7688e-003
5996	-0.14647	0.	0.73039	1.2462e-003
6000	0.3085	0.	0.24238	9.6467e-003
6001	0.23381	0.	0.17145	1.812e-002
6002	0.25238	0.	0.25252	1.0326e-002
6003	0.26898	0.	0.15101	1.4164e-002
6004	0.22991	0.	0.21459	1.4158e-002
6008	0.1093	0.	0.16212	4.5098e-002
6009	0.13687	0.	0.13446	3.8239e-002
6010	0.16783	0.	0.15807	2.74e-002
6011	0.16394	0.	0.20121	2.3849e-002
6016	0.11189	0.	0.11507	5.1185e-002
6017	5.1268e-002	0.	0.12009	0.11494
6018	8.3733e-002	0.	0.11177	7.6146e-002
6022	-0.64575	0.	0.47494	4.6361e-003
6023	-0.53474	0.	0.45198	6.2753e-003
6024	-0.54518	0.	0.48711	4.5756e-003
6025	-0.61394	0.	0.42886	6.4589e-003
6028	-0.18486	0.	0.29964	1.8884e-002
6029	-0.15326	0.	0.38427	9.4321e-003
6033	-0.14061	0.	0.24443	2.725e-002
6034	-0.20198	0.	0.23011	3.0423e-002
6040	0.18053	0.	0.4263	6.4317e-003
6041	0.15151	0.	0.39683	7.4963e-003
6042	0.21635	0.	0.33753	8.0846e-003
6043	0.14136	0.	0.35891	9.2412e-003
6047	0.7054	0.	0.70027	6.791e-004
6048	0.64	0.	0.68746	8.0739e-004
6049	0.64818	0.	0.85511	5.022e-004
6050	0.60345	0.	0.73859	7.7119e-004
6051	0.60469	0.	0.80684	6.2624e-004
6056	0.22414	0.	0.65979	2.0428e-003
6057	0.19048	0.	0.79898	1.1031e-003
6058	0.27917	0.	0.70922	1.3997e-003
6059	0.16247	0.	0.70337	1.6801e-003
6063	0.30816	0.	0.57152	2.3813e-003
6064	0.19998	0.	0.53024	3.9106e-003
6065	0.1523	0.	0.57537	2.9644e-003
6066	0.28809	0.	0.63561	2.1203e-003
6067	0.17139	0.	0.62976	2.3699e-003
6073	-1.1089	0.	0.13575	2.7641e-003
6074	-0.99223	0.	0.19955	3.5896e-003
6078	0.64865	0.	0.13634	2.7274e-003
6079	0.51607	0.	0.19811	3.8373e-003
6080	0.62344	0.	0.20079	2.6675e-003
6085	-0.41556	0.	0.15569	8.3904e-002
6086	-0.3845	0.	0.15567	7.964e-002
6087	-0.39295	0.	0.19877	4.9438e-002
6088	-0.42124	0.	0.18484	5.5197e-002
6092	-0.8111	0.	0.95789	6.9134e-004
6093	-0.69525	0.	0.89302	9.1334e-004
6094	-0.79371	0.	0.89122	8.2853e-004
6095	-0.66454	0.	0.96772	7.1806e-004
6101	-0.89696	0.	0.34097	4.5745e-003
6102	-0.95201	0.	0.32028	3.4095e-003
6103	-0.94758	0.	0.4435	2.5559e-003
6106	0.40837	0.	0.32458	5.0201e-003
6107	0.46632	0.	0.30948	3.7044e-003
6108	0.45866	0.	0.42713	2.651e-003
6113	-0.21596	0.	0.95821	3.1266e-004
6114	-0.34488	0.	0.93766	4.9821e-004
6115	-0.24916	0.	0.90527	4.7971e-004
6116	-0.3236	0.	0.88265	6.3169e-004
6119	-1.1934	0.	0.52331	1.0826e-003
6120	-1.2913	0.	0.42898	1.1142e-003
6125	0.20187	0.	0.91696	7.9915e-004
6126	0.1477	0.	0.91807	7.8616e-004
6129	-0.89865	0.	0.27889	4.9786e-003
6130	-0.79385	0.	0.2709	8.4517e-003
6134	-0.42746	0.	0.29187	2.1855e-002
6135	-0.46658	0.	0.2775	2.433e-002
6136	-0.41316	0.	0.23939	3.2606e-002
6137	-0.44145	0.	0.22547	3.9122e-002
6142	-0.33541	0.	0.54683	3.8236e-003
6146	0.40871	0.	0.26137	5.5475e-003
6147	0.29465	0.	0.28661	7.5966e-003
6152	-0.40814	0.	0.768	1.1818e-003
6153	-0.31212	0.	0.69789	1.4256e-003
6154	-0.36115	0.	0.66876	1.9835e-003
6155	-0.40412	0.	0.71409	1.5519e-003
6156	-0.361	0.	0.77955	1.0948e-003
6161	-0.97532	0.	0.96856	5.2071e-004
6162	-1.145	0.	0.95911	3.8588e-004
6165	-7.0012e-002	0.	0.43519	6.8253e-003
6166	-0.13388	0.	0.4676	5.7982e-003
6167	-9.6618e-002	0.	0.46184	6.1103e-003
6171	-1.087	0.	0.62212	1.0649e-003
6172	-0.94517	0.	0.67532	1.2506e-003
6173	-0.97336	0.	0.57351	1.6724e-003
6177	-1.2591	0.	0.64634	7.0788e-004
6180	0.44117	0.	0.98026	5.9027e-004
6181	0.56927	0.	0.95636	4.6967e-004
6182	0.52578	0.	0.90809	5.9263e-004
6183	0.46886	0.	0.92485	6.5075e-004
6187	-0.6242	0.	0.23408	1.8438e-002
6188	-0.53904	0.	0.27376	1.9227e-002
6189	-0.61811	0.	0.27674	1.615e-002
6190	-0.57059	0.	0.21607	3.3263e-002
6196	0.44458	0.	0.56873	1.8255e-003
6197	0.4173	0.	0.51921	2.1113e-003
6198	0.36318	0.	0.62095	1.7681e-003
6201	-0.73053	0.	0.56359	2.8554e-003
6202	-0.67594	0.	0.4388	5.7828e-003
6205	-6.5144e-002	0.	0.24317	3.0439e-002
6206	1.2854e-002	0.	0.26453	2.4765e-002
6207	-1.922e-002	0.	0.22261	3.8966e-002
6208	-1.1064e-002	0.	0.28973	2.2298e-002
6211	-0.86917	0.	0.90745	7.2292e-004
6216	-0.48505	0.	0.1018	0.16441
6217	-0.50293	0.	8.1541e-002	0.2168
6218	-0.52286	0.	7.3845e-002	0.15266
6224	-0.49617	0.	0.47408	5.5433e-003
6225	-0.47685	0.	0.40252	8.9842e-003
6229	0.68051	0.	0.61938	8.7121e-004
6230	0.81739	0.	0.60555	6.9685e-004
6234	-0.45498	0.	0.3127	1.5997e-002
6235	-0.44191	0.	0.34657	1.2282e-002
6236	-0.37577	0.	0.33317	1.3731e-002
6241	-0.42876	0.	0.87388	8.0141e-004
6242	-0.4506	0.	0.75341	1.4017e-003
6243	-0.40748	0.	0.81887	9.0445e-004
6246	0.13787	0.	0.44483	6.1883e-003
6247	0.11921	0.	0.51943	4.1022e-003
6255	-0.71366	0.	0.68206	1.605e-003
6256	-0.66444	0.	0.78309	1.2446e-003
6258	0.56051	0.	0.59358	1.2937e-003
6259	0.57856	0.	0.6577	9.638e-004
6263	-0.21845	0.	0.64695	1.7821e-003
6264	-0.31161	0.	0.63797	2.036e-003
6265	-0.22707	0.	0.70914	1.3189e-003
6269	-0.40143	0.	0.13595	9.9169e-002
6270	-0.44896	0.	0.12259	0.13308
6271	-0.43817	0.	0.16512	7.6736e-002
6278	0.80458	0.	0.1329	1.7162e-003
6279	0.7066	0.	0.18718	1.9513e-003
6285	-1.2718	0.	0.14778	1.7744e-003
6290	-0.82089	0.	0.67528	1.5387e-003
6291	-0.87013	0.	0.77452	1.0848e-003
6294	-1.986e-002	0.	0.49028	5.4188e-003
6295	5.0749e-003	0.	0.42246	7.5788e-003
6296	-5.2741e-002	0.	0.47369	5.6499e-003
6311	-1.2911	0.	0.96322	2.381e-004
6319	0.30662	0.	0.97953	6.8497e-004
6320	0.40296	0.	0.93427	7.058e-004
6329	-0.70427	0.	0.23059	1.3599e-002
6330	-0.65834	0.	0.26163	1.3941e-002
6338	-0.33997	0.	0.13801	8.2838e-002
6339	-0.27517	0.	0.13975	6.6723e-002
6353	0.17043	0.	0.11101	3.5178e-002
6354	0.1113	0.	8.4105e-002	7.062e-002
6358	0.88562	0.	0.91158	2.1706e-004
6363	0.23656	0.	0.11418	1.9937e-002
6364	0.1975	0.	0.17776	1.9752e-002
6369	2.8974e-002	0.	0.54904	3.7487e-003
6370	-4.6466e-002	0.	0.51693	4.5404e-003
6375	-0.17825	0.	0.92859	3.9807e-004
6381	7.2564e-002	0.	0.40662	8.0405e-003
6382	9.8701e-002	0.	0.37745	9.0482e-003
6387	0.70019	0.	0.31273	1.6935e-003
6391	0.47864	0.	0.53108	1.8788e-003
6392	0.52397	0.	0.64471	1.2627e-003
6395	-0.69818	0.	0.27326	1.0975e-002
6399	0.21607	0.	0.25883	1.2204e-002
6403	-0.18294	0.	0.68899	1.6237e-003
6404	-0.1641	0.	0.56933	3.2566e-003
6408	-0.48104	0.	0.3322	1.4619e-002
6412	0.8028	0.	0.39884	1.2414e-003
6419	-0.35821	0.	0.22795	3.208e-002
6427	0.18382	0.	0.97049	7.0623e-004
6430	0.88775	0.	0.50138	8.3192e-004
6441	9.0628e-002	0.	0.61895	2.6455e-003
6445	-0.64819	0.	0.34851	9.5315e-003
6449	-0.62417	0.	0.91907	8.3455e-004
6452	1.1694e-003	0.	0.10609	0.16214
6453	5.068e-002	0.	8.9125e-002	0.13148
6454	2.833e-002	0.	8.0192e-002	0.18635
6460	-0.23382	0.	0.17277	5.0832e-002
6466	-0.40361	0.	0.65417	2.1397e-003
6480	-0.38161	0.	0.88542	6.9026e-004
6486	-0.41555	0.	0.20819	4.138e-002
6501	2.7957e-002	0.	0.3027	1.6583e-002
6502	7.0217e-002	0.	0.30852	1.5094e-002
6506	0.58798	0.	0.8936	5.3443e-004
6515	-0.20151	0.	0.81342	8.3336e-004
6536	0.54325	0.	0.77708	7.9559e-004
6545	2.0161e-002	0.	0.36289	1.1447e-002
6546	6.2422e-002	0.	0.3687	9.7105e-003
6553	-0.59994	0.	6.2997e-002	8.8247e-002
6559	0.48757	0.	0.8621	7.1281e-004
6577	-0.11661	0.	0.50611	4.5328e-003
6585	4.6299e-002	0.	0.33372	1.2292e-002
6589	6.0795e-002	0.	7.1878e-002	0.15413
10703	-0.52112	0.	6.0999e-002	0.20096
10704	-0.5122	0.	5.1057e-002	0.25114
10709	-0.53212	0.	4.336e-002	0.19685
