Node Number	X Location (m)	Y Location (m)	Z Location (m)	Total Magnetic Flux Density (T)
13	-0.24	0.	3.e-002	0.98077
14	-0.21818	0.	3.e-002	1.4654
15	-0.19636	0.	3.e-002	1.9849
16	-0.17455	0.	3.e-002	2.3186
17	-0.15273	0.	3.e-002	2.4456
18	-0.13091	0.	3.e-002	2.501
19	-0.10909	0.	3.e-002	2.4985
20	-8.7273e-002	0.	3.e-002	2.4449
21	-6.5455e-002	0.	3.e-002	2.291
22	-4.3636e-002	0.	3.e-002	2.0886
23	0.	0.	3.e-002	0.99296
24	-2.1818e-002	0.	3.e-002	1.4135
95	-2.1818e-002	0.	-3.e-002	1.3931
96	0.	0.	-3.e-002	0.9023
97	-4.3636e-002	0.	-3.e-002	1.9783
98	-6.5455e-002	0.	-3.e-002	2.3077
99	-8.7273e-002	0.	-3.e-002	2.4607
100	-0.10909	0.	-3.e-002	2.5201
101	-0.13091	0.	-3.e-002	2.5068
102	-0.15273	0.	-3.e-002	2.4464
103	-0.17455	0.	-3.e-002	2.3199
104	-0.19636	0.	-3.e-002	2.0297
105	-0.21818	0.	-3.e-002	1.4035
106	-0.24	0.	-3.e-002	0.91886
462	0.	0.	0.	0.80855
463	-0.24	0.	0.	0.8158
916	-3.8218e-002	0.	-2.4947e-019	1.823
917	-7.6364e-002	0.	0.	2.3789
918	-0.12	0.	0.	2.4955
919	-0.16933	0.	0.	2.3438
920	-0.20727	0.	0.	1.7359
2128	-0.22909	0.	3.e-002	1.2073
2130	-0.24	0.	1.5e-002	0.8608
2137	-0.20727	0.	3.e-002	1.721
2139	-0.22909	0.	1.5e-002	1.1273
2140	-0.21273	0.	1.5e-002	1.5905
2143	-0.18545	0.	3.e-002	2.1512
2145	-0.18285	0.	1.5e-002	2.1616
2146	-0.20182	0.	1.5e-002	1.8582
2149	-0.16364	0.	3.e-002	2.3816
2151	-0.17194	0.	1.5e-002	2.3302
2154	-0.14182	0.	3.e-002	2.4732
2156	-0.13636	0.	1.5e-002	2.4704
2157	-0.16103	0.	1.5e-002	2.3945
2160	-0.12	0.	3.e-002	2.4997
2162	-0.12545	0.	1.5e-002	2.4983
2165	-9.8182e-002	0.	3.e-002	2.4716
2167	-0.11455	0.	1.5e-002	2.497
2170	-7.6364e-002	0.	3.e-002	2.3678
2172	-8.1818e-002	0.	1.5e-002	2.4118
2173	-0.10364	0.	1.5e-002	2.4701
2176	-5.4545e-002	0.	3.e-002	2.1885
2178	-5.1836e-002	0.	1.5e-002	2.0561
2179	-7.0909e-002	0.	1.5e-002	2.3343
2182	-3.2727e-002	0.	3.e-002	1.7457
2184	-4.0927e-002	0.	1.5e-002	1.9533
2186	-1.0909e-002	0.	3.e-002	1.1893
2188	0.	0.	1.5e-002	0.86422
2195	-1.0909e-002	0.	1.5e-002	1.0972
2196	-3.0018e-002	0.	1.5e-002	1.6073
2588	-1.0909e-002	0.	-3.e-002	1.1275
2589	-3.2727e-002	0.	-3.e-002	1.6835
2591	-1.0909e-002	0.	-1.5e-002	1.0901
2592	-3.0018e-002	0.	-1.5e-002	1.5951
2598	0.	0.	-1.5e-002	0.81856
2606	-5.4545e-002	0.	-3.e-002	2.141
2608	-4.0927e-002	0.	-1.5e-002	1.8951
2611	-7.6364e-002	0.	-3.e-002	2.3838
2613	-5.1836e-002	0.	-1.5e-002	2.0631
2614	-7.0909e-002	0.	-1.5e-002	2.3427
2617	-9.8182e-002	0.	-3.e-002	2.4903
2619	-8.1818e-002	0.	-1.5e-002	2.4197
2620	-0.10364	0.	-1.5e-002	2.478
2624	-0.12	0.	-3.e-002	2.5134
2626	-0.11455	0.	-1.5e-002	2.5078
2628	-0.14182	0.	-3.e-002	2.4765
2630	-0.12545	0.	-1.5e-002	2.5011
2633	-0.16364	0.	-3.e-002	2.3828
2635	-0.13636	0.	-1.5e-002	2.4709
2636	-0.16103	0.	-1.5e-002	2.3951
2639	-0.18545	0.	-3.e-002	2.1742
2641	-0.17194	0.	-1.5e-002	2.3313
2644	-0.20727	0.	-3.e-002	1.7121
2646	-0.18285	0.	-1.5e-002	2.1846
2647	-0.20182	0.	-1.5e-002	1.8802
2650	-0.22909	0.	-3.e-002	1.1433
2652	-0.22909	0.	-1.5e-002	1.1002
2653	-0.21273	0.	-1.5e-002	1.5582
2659	-0.24	0.	-1.5e-002	0.83348
4868	-1.9109e-002	0.	-1.2473e-019	1.3113
4876	-0.22364	0.	0.	1.2718
7906	-5.7291e-002	0.	-1.2473e-019	2.0996
7912	-9.8182e-002	0.	0.	2.4372
7918	-0.14467	0.	0.	2.4196
7924	-0.1883	0.	0.	2.039
1	0.	0.	4.5e-002	0.43874
2	-2.1818e-002	0.	4.5e-002	0.3483
3	-4.3636e-002	0.	4.5e-002	0.22485
4	-6.5455e-002	0.	4.5e-002	0.13754
5	-8.7273e-002	0.	4.5e-002	7.0619e-002
6	-0.10909	0.	4.5e-002	3.2504e-002
7	-0.13091	0.	4.5e-002	3.2263e-002
8	-0.15273	0.	4.5e-002	7.057e-002
9	-0.17455	0.	4.5e-002	0.13738
10	-0.19636	0.	4.5e-002	0.2228
11	-0.21818	0.	4.5e-002	0.33941
12	-0.24	0.	4.5e-002	0.42581
13	-0.24	0.	3.e-002	0.42581
14	-0.21818	0.	3.e-002	0.33941
15	-0.19636	0.	3.e-002	0.2228
16	-0.17455	0.	3.e-002	0.13738
17	-0.15273	0.	3.e-002	7.057e-002
18	-0.13091	0.	3.e-002	3.2263e-002
19	-0.10909	0.	3.e-002	3.2504e-002
20	-8.7273e-002	0.	3.e-002	7.0619e-002
21	-6.5455e-002	0.	3.e-002	0.13754
22	-4.3636e-002	0.	3.e-002	0.22485
23	0.	0.	3.e-002	0.43874
24	-2.1818e-002	0.	3.e-002	0.3483
95	-2.1818e-002	0.	-3.e-002	0.34647
96	0.	0.	-3.e-002	0.43636
97	-4.3636e-002	0.	-3.e-002	0.22269
98	-6.5455e-002	0.	-3.e-002	0.13742
99	-8.7273e-002	0.	-3.e-002	7.1823e-002
100	-0.10909	0.	-3.e-002	3.2975e-002
101	-0.13091	0.	-3.e-002	3.2341e-002
102	-0.15273	0.	-3.e-002	6.9853e-002
103	-0.17455	0.	-3.e-002	0.13643
104	-0.19636	0.	-3.e-002	0.22156
105	-0.21818	0.	-3.e-002	0.34449
106	-0.24	0.	-3.e-002	0.43376
199	-0.21818	0.	-4.5e-002	0.34449
200	-0.24	0.	-4.5e-002	0.43376
201	-0.19636	0.	-4.5e-002	0.22156
202	-0.17455	0.	-4.5e-002	0.13643
203	-0.15273	0.	-4.5e-002	6.9853e-002
204	-0.13091	0.	-4.5e-002	3.2341e-002
205	-0.10909	0.	-4.5e-002	3.2975e-002
206	-8.7273e-002	0.	-4.5e-002	7.1823e-002
207	-6.5455e-002	0.	-4.5e-002	0.13742
208	-4.3636e-002	0.	-4.5e-002	0.22269
209	-2.1818e-002	0.	-4.5e-002	0.34647
210	0.	0.	-4.5e-002	0.43636
2052	-1.0909e-002	0.	4.5e-002	0.39236
2053	0.	0.	3.75e-002	0.43874
2059	-3.2727e-002	0.	4.5e-002	0.28334
2060	-2.1818e-002	0.	3.75e-002	0.3483
2067	-5.4545e-002	0.	4.5e-002	0.1806
2068	-4.3636e-002	0.	3.75e-002	0.22485
2073	-7.6364e-002	0.	4.5e-002	0.10348
2074	-6.5455e-002	0.	3.75e-002	0.13754
2079	-9.8182e-002	0.	4.5e-002	5.0558e-002
2080	-8.7273e-002	0.	3.75e-002	7.0619e-002
2087	-0.12	0.	4.5e-002	2.8956e-002
2088	-0.10909	0.	3.75e-002	3.2504e-002
2093	-0.14182	0.	4.5e-002	5.0401e-002
2094	-0.13091	0.	3.75e-002	3.2263e-002
2101	-0.16364	0.	4.5e-002	0.1034
2102	-0.15273	0.	3.75e-002	7.057e-002
2106	-0.18545	0.	4.5e-002	0.17955
2107	-0.17455	0.	3.75e-002	0.13738
2112	-0.20727	0.	4.5e-002	0.27765
2113	-0.19636	0.	3.75e-002	0.2228
2117	-0.22909	0.	4.5e-002	0.38129
2118	-0.21818	0.	3.75e-002	0.33941
2123	-0.24	0.	3.75e-002	0.42581
2128	-0.22909	0.	3.e-002	0.38129
2137	-0.20727	0.	3.e-002	0.27765
2143	-0.18545	0.	3.e-002	0.17955
2149	-0.16364	0.	3.e-002	0.1034
2154	-0.14182	0.	3.e-002	5.0401e-002
2160	-0.12	0.	3.e-002	2.8956e-002
2165	-9.8182e-002	0.	3.e-002	5.0558e-002
2170	-7.6364e-002	0.	3.e-002	0.10348
2176	-5.4545e-002	0.	3.e-002	0.1806
2182	-3.2727e-002	0.	3.e-002	0.28334
2186	-1.0909e-002	0.	3.e-002	0.39236
2588	-1.0909e-002	0.	-3.e-002	0.39033
2589	-3.2727e-002	0.	-3.e-002	0.2814
2590	-2.1818e-002	0.	-3.75e-002	0.34647
2597	0.	0.	-3.75e-002	0.43636
2606	-5.4545e-002	0.	-3.e-002	0.17946
2607	-4.3636e-002	0.	-3.75e-002	0.22269
2611	-7.6364e-002	0.	-3.e-002	0.10413
2612	-6.5455e-002	0.	-3.75e-002	0.13742
2617	-9.8182e-002	0.	-3.e-002	5.1303e-002
2618	-8.7273e-002	0.	-3.75e-002	7.1823e-002
2624	-0.12	0.	-3.e-002	2.9238e-002
2625	-0.10909	0.	-3.75e-002	3.2975e-002
2628	-0.14182	0.	-3.e-002	5.0071e-002
2629	-0.13091	0.	-3.75e-002	3.2341e-002
2633	-0.16364	0.	-3.e-002	0.10258
2634	-0.15273	0.	-3.75e-002	6.9853e-002
2639	-0.18545	0.	-3.e-002	0.17839
2640	-0.17455	0.	-3.75e-002	0.13643
2644	-0.20727	0.	-3.e-002	0.27983
2645	-0.19636	0.	-3.75e-002	0.22156
2650	-0.22909	0.	-3.e-002	0.38801
2651	-0.21818	0.	-3.75e-002	0.34449
2658	-0.24	0.	-3.75e-002	0.43376
3268	-0.22909	0.	-4.5e-002	0.38801
3269	-0.20727	0.	-4.5e-002	0.27983
3279	-0.18545	0.	-4.5e-002	0.17839
3282	-0.16364	0.	-4.5e-002	0.10258
3285	-0.14182	0.	-4.5e-002	5.0071e-002
3291	-0.12	0.	-4.5e-002	2.9238e-002
3295	-9.8182e-002	0.	-4.5e-002	5.1303e-002
3298	-7.6364e-002	0.	-4.5e-002	0.10413
3303	-5.4545e-002	0.	-4.5e-002	0.17946
3309	-3.2727e-002	0.	-4.5e-002	0.2814
3312	-1.0909e-002	0.	-4.5e-002	0.39033
96	0.	0.	-3.e-002	0.3323
106	-0.24	0.	-3.e-002	0.35691
199	-0.21818	0.	-4.5e-002	0.20215
200	-0.24	0.	-4.5e-002	0.23796
201	-0.19636	0.	-4.5e-002	0.18353
202	-0.17455	0.	-4.5e-002	0.12862
203	-0.15273	0.	-4.5e-002	0.10107
204	-0.13091	0.	-4.5e-002	8.8357e-002
205	-0.10909	0.	-4.5e-002	9.3148e-002
206	-8.7273e-002	0.	-4.5e-002	0.10312
207	-6.5455e-002	0.	-4.5e-002	0.12405
208	-4.3636e-002	0.	-4.5e-002	0.17006
209	-2.1818e-002	0.	-4.5e-002	0.20737
210	0.	0.	-4.5e-002	0.25565
283	1.	0.	-9.5e-002	2.6598e-004
284	1.	0.	-0.19	2.4704e-004
285	1.	0.	-0.285	2.1379e-004
286	1.	0.	-0.38	1.7816e-004
287	1.	0.	-0.475	1.5665e-004
288	1.	0.	-0.57	1.2007e-004
289	1.	0.	-0.665	8.5963e-005
290	1.	0.	-0.76	6.6247e-005
291	1.	0.	-0.855	3.9571e-005
292	1.	0.	-0.95	1.7195e-005
303	0.90667	0.	-1.045	1.7033e-005
304	0.81333	0.	-1.045	4.0064e-005
305	0.72	0.	-1.045	5.8596e-005
306	0.62667	0.	-1.045	7.1454e-005
307	0.53333	0.	-1.045	8.621e-005
308	0.44	0.	-1.045	1.0263e-004
309	0.34667	0.	-1.045	1.0848e-004
310	0.25333	0.	-1.045	1.0403e-004
311	0.16	0.	-1.045	9.6733e-005
312	6.6667e-002	0.	-1.045	7.0127e-005
313	-2.6667e-002	0.	-1.045	3.9256e-005
314	-0.12	0.	-1.045	1.627e-005
315	-0.21333	0.	-1.045	4.5507e-005
316	-0.30667	0.	-1.045	7.2109e-005
317	-0.4	0.	-1.045	9.1734e-005
318	-0.49333	0.	-1.045	1.0237e-004
319	-0.58667	0.	-1.045	1.0534e-004
320	-0.68	0.	-1.045	9.74e-005
321	-0.77333	0.	-1.045	8.8184e-005
322	-0.86667	0.	-1.045	6.6566e-005
323	-0.96	0.	-1.045	5.5153e-005
324	-1.0533	0.	-1.045	3.8091e-005
325	-1.1467	0.	-1.045	1.8984e-005
331	-1.24	0.	-0.95	1.8957e-005
332	-1.24	0.	-0.855	3.765e-005
333	-1.24	0.	-0.76	6.9165e-005
334	-1.24	0.	-0.665	8.7103e-005
335	-1.24	0.	-0.57	1.1914e-004
336	-1.24	0.	-0.475	1.5795e-004
337	-1.24	0.	-0.38	1.8157e-004
338	-1.24	0.	-0.285	2.1189e-004
339	-1.24	0.	-0.19	2.4171e-004
340	-1.24	0.	-9.5e-002	2.6732e-004
346	9.0909e-002	0.	0.	4.2456e-002
347	0.18182	0.	0.	1.0727e-002
348	0.27273	0.	0.	4.1969e-003
349	0.36364	0.	0.	2.6003e-003
350	0.45455	0.	0.	1.4887e-003
351	0.54545	0.	0.	8.5542e-004
352	0.63636	0.	0.	5.6701e-004
353	0.72727	0.	0.	4.4565e-004
354	0.81818	0.	0.	3.3743e-004
355	0.90909	0.	0.	2.7843e-004
356	-1.1491	0.	0.	2.7919e-004
357	-1.0582	0.	0.	3.3745e-004
358	-0.96727	0.	0.	4.7459e-004
359	-0.87636	0.	0.	6.14e-004
360	-0.78545	0.	0.	8.9348e-004
361	-0.69455	0.	0.	1.508e-003
362	-0.60364	0.	0.	2.4993e-003
363	-0.51273	0.	0.	4.7258e-003
364	-0.42182	0.	0.	1.4572e-002
365	-0.33091	0.	0.	4.7415e-002
462	0.	0.	0.	0.52508
463	-0.24	0.	0.	0.52911
468	1.	0.	-1.045	1.0638e-005
469	1.	0.	0.	2.6949e-004
470	-1.24	0.	-1.045	1.0312e-005
471	-1.24	0.	0.	2.6772e-004
476	4.5455e-002	0.	0.	0.19177
477	-0.28545	0.	0.	0.1761
653	0.12954	0.	-0.55552	5.5555e-004
654	-0.34641	0.	-0.51913	7.7407e-004
655	2.9468e-003	0.	-0.29083	3.9388e-003
656	-0.30564	0.	-0.28676	4.5826e-003
657	-0.80333	0.	-0.51	3.6315e-004
658	0.56333	0.	-0.51	3.2061e-004
659	-7.7424e-002	0.	-0.17	1.7018e-002
660	-0.2672	0.	-0.15393	2.1226e-002
661	-0.55333	0.	-0.4025	9.5503e-004
662	0.25505	0.	-0.26372	2.7452e-003
663	-0.19498	0.	-0.39807	1.6943e-003
664	-0.11601	0.	-0.55542	5.2756e-004
665	-0.48694	0.	-0.79945	1.8032e-004
666	0.23667	0.	-0.795	1.7052e-004
667	-0.18335	0.	-0.80256	1.3363e-004
668	0.64699	0.	-0.79914	1.0982e-004
669	-0.8622	0.	-0.80229	1.1255e-004
670	-0.12415	0.	-0.288	3.8156e-003
671	0.58968	0.	-0.37065	4.7418e-004
672	-0.89798	0.	-0.17698	4.5115e-004
673	-0.11189	0.	-0.1347	2.8803e-002
674	0.26252	0.	-0.53808	5.4818e-004
675	-7.7489e-002	0.	-0.71828	2.1727e-004
676	-0.6004	0.	-0.26833	1.3181e-003
677	-0.37628	0.	-0.19566	6.5133e-003
678	-0.14211	0.	-9.6505e-002	4.8346e-002
679	0.35669	0.	-0.69787	2.4879e-004
680	-0.60327	0.	-0.73188	1.8628e-004
681	0.46586	0.	-0.43671	5.8019e-004
682	-1.0873	0.	-0.40851	2.1867e-004
683	-7.0121e-002	0.	-0.46995	9.7652e-004
684	0.1637	0.	-0.22607	4.3071e-003
685	0.85444	0.	-0.55	1.4626e-004
686	-5.4582e-002	0.	-9.2222e-002	6.123e-002
687	-0.16375	0.	-0.14222	2.6337e-002
688	0.47223	0.	-0.28776	8.2167e-004
689	8.3737e-002	0.	-0.46167	9.9175e-004
690	-1.0016	0.	-0.5966	1.3203e-004
691	0.81563	0.	-0.24718	2.8091e-004
692	7.6478e-003	0.	-0.9151	7.5372e-005
693	-5.303e-004	0.	-0.1075	5.9188e-002
694	-0.27772	0.	-0.69043	2.8326e-004
695	9.1082e-002	0.	-0.17919	1.0467e-002
696	-0.19097	0.	-9.3611e-002	6.8645e-002
697	-0.26565	0.	-0.10018	5.3434e-002
698	-0.43628	0.	-0.36222	1.6547e-003
699	-0.14733	0.	-0.21861	8.0179e-003
700	-0.35083	0.	-0.42129	1.4094e-003
701	0.11788	0.	-0.74869	2.1577e-004
702	-0.62326	0.	-0.88488	1.2579e-004
703	0.3774	0.	-0.87461	1.3163e-004
704	-0.85798	0.	-0.34	4.2537e-004
705	-1.103	0.	-0.80092	5.544e-005
706	0.83045	0.	-0.79397	6.8429e-005
707	0.42016	0.	-0.14988	1.4094e-003
708	-0.32167	0.	-0.795	1.8493e-004
709	-0.75652	0.	-0.21917	8.9944e-004
710	0.62145	0.	-0.13844	5.7816e-004
711	-1.1019	0.	-0.26442	2.5547e-004
712	-0.69683	0.	-0.39103	6.6814e-004
713	-0.56176	0.	-0.53456	5.3622e-004
714	0.13825	0.	-0.37484	1.6159e-003
715	-0.22533	0.	-0.25681	6.029e-003
716	-0.23188	0.	-0.54114	6.0506e-004
717	3.3333e-003	0.	-0.545	6.7691e-004
718	-0.39443	0.	-0.686	2.9301e-004
719	0.26589	0.	-0.38962	1.0381e-003
720	0.20006	0.	-0.66006	3.4056e-004
721	-9.3279e-002	0.	-9.7816e-002	5.1704e-002
722	-3.5577e-002	0.	-0.2225	8.939e-003
723	-0.73361	0.	-0.73875	1.8234e-004
724	0.49114	0.	-0.75123	1.642e-004
725	0.71371	0.	-0.44595	2.4816e-004
726	0.40184	0.	-0.55545	3.8745e-004
727	-4.1414e-002	0.	-0.37833	2.0169e-003
728	0.74806	0.	-0.66375	1.2397e-004
729	-0.57524	0.	-0.12743	2.4576e-003
730	-0.49002	0.	-0.21876	3.1599e-003
731	-0.36186	0.	-9.7884e-002	1.8996e-002
732	-0.22198	0.	-0.32306	2.8673e-003
733	0.35776	0.	-0.27932	1.4443e-003
734	-0.44991	0.	-0.47071	9.6081e-004
735	-0.9429	0.	-0.48217	2.1787e-004
736	-0.2675	0.	-0.92	8.9965e-005
737	-0.20807	0.	-0.18811	1.3006e-002
738	4.7496e-002	0.	-0.66381	3.4702e-004
739	-0.86536	0.	-0.95176	7.5108e-005
740	0.62794	0.	-0.95566	7.3534e-005
741	0.87906	0.	-0.13012	2.8314e-004
742	-0.86381	0.	-0.63504	1.8212e-004
743	0.6025	0.	-0.64375	1.9886e-004
744	8.048e-002	0.	-0.26667	3.9193e-003
745	-0.45715	0.	-0.10781	6.6737e-003
746	0.11013	0.	-0.84573	1.3338e-004
747	-0.13064	0.	-0.93565	3.8337e-005
748	-0.12856	0.	-0.17347	1.4056e-002
749	-6.1886e-002	0.	-0.12523	3.6154e-002
750	-0.40172	0.	-0.93562	1.0101e-004
751	-0.64409	0.	-0.62796	3.0762e-004
752	0.87139	0.	-0.38837	2.0106e-004
753	8.6092e-002	0.	-8.6458e-002	2.597e-002
754	3.5e-002	0.	-6.178e-002	9.1287e-002
755	-0.21781	0.	-0.12674	3.6546e-002
756	0.19125	0.	-0.92381	1.1406e-004
757	-0.20393	0.	-0.61737	3.6033e-004
758	4.0997e-002	0.	-0.36417	1.9188e-003
759	-0.68639	0.	-0.53062	4.0903e-004
760	-1.1333	0.	-0.66235	9.4125e-005
761	0.32329	0.	-0.13896	2.472e-003
762	-0.99211	0.	-0.35049	2.8825e-004
763	0.73062	0.	-0.89746	5.73e-005
764	-0.98038	0.	-0.87245	6.213e-005
765	0.89446	0.	-0.66616	8.9535e-005
766	-0.27276	0.	-4.7569e-002	0.15438
767	0.1791	0.	-0.46485	1.0735e-003
768	-0.1129	0.	-0.39917	1.5669e-003
769	-0.28009	0.	-0.37177	2.0659e-003
770	-0.26105	0.	-0.45409	1.1453e-003
771	2.8236e-003	0.	-0.44863	1.1228e-003
772	-4.4768e-002	0.	-0.62144	3.7869e-004
773	-0.18	0.	-0.70125	2.4227e-004
774	-0.43199	0.	-0.57827	4.2763e-004
775	-6.6515e-002	0.	-0.295	4.1472e-003
776	-9.3552e-002	0.	-0.22556	7.6314e-003
777	0.85558	0.	-0.94486	2.9204e-005
778	-1.0984	0.	-0.94461	3.3493e-005
779	-1.1311	0.	-0.11252	2.8018e-004
780	-0.11135	0.	-6.6847e-002	7.5418e-002
781	0.68593	0.	-0.5556	1.7737e-004
782	0.3565	0.	-0.46819	6.1587e-004
783	-0.17185	0.	-6.9306e-002	0.10066
784	3.971e-002	0.	-0.21833	8.3916e-003
785	0.74449	0.	-0.11689	3.9579e-004
786	-0.28745	0.	-0.22069	9.1253e-003
787	-0.23084	0.	-7.597e-002	0.12682
788	-0.14383	0.	-6.8836e-002	7.8793e-002
789	-0.703	0.	-8.6895e-002	1.2448e-003
790	0.48087	0.	-0.63208	2.7294e-004
791	0.2844	0.	-0.92432	1.1838e-004
792	-0.99063	0.	-0.72579	1.0561e-004
793	-0.52275	0.	-0.65173	3.2207e-004
794	-2.3933e-003	0.	-7.135e-002	0.14424
795	0.16328	0.	-0.12615	8.2678e-003
796	4.0372e-002	0.	-0.14021	2.4471e-002
797	-0.50864	0.	-0.3118	1.7642e-003
798	-0.40479	0.	-0.27576	3.0474e-003
799	-7.68e-002	0.	-0.82464	1.0654e-004
800	1.2249e-002	0.	-0.78438	1.5943e-004
801	-0.20187	0.	-6.6049e-002	0.1331
802	-0.84904	0.	-8.5e-002	6.3115e-004
803	-0.1621	0.	-0.47317	1.0559e-003
804	-3.8359e-002	0.	-6.5833e-002	0.12532
805	0.10294	0.	-0.94036	9.3669e-005
806	-7.4915e-002	0.	-6.8687e-002	9.2381e-002
807	-0.30504	0.	-7.4966e-002	4.3821e-002
808	-1.0127	0.	-0.14187	3.6682e-004
809	-1.1042	0.	-0.52802	1.4518e-004
810	-0.52275	0.	-0.93328	1.1532e-004
811	0.71348	0.	-0.3025	3.4286e-004
812	0.51889	0.	-0.1467	1.0396e-003
813	-0.31667	0.	-0.6075	4.3814e-004
814	-9.6902e-002	0.	-0.34179	2.5064e-003
815	-0.15228	0.	-0.34057	2.9247e-003
816	0.22621	0.	-0.17145	4.047e-003
817	-0.32707	0.	-0.16194	1.5246e-002
818	-0.36054	0.	-0.33301	2.3351e-003
819	-0.75324	0.	-0.6003	2.5245e-004
820	0.57295	0.	-0.25219	6.2612e-004
821	0.51947	0.	-0.91177	1.0324e-004
822	-0.74961	0.	-0.9008	1.0546e-004
823	-3.4875e-002	0.	-0.15658	1.9605e-002
824	-0.17394	0.	-0.28407	4.6626e-003
825	0.1793	0.	-0.30208	2.4782e-003
826	-1.1672	0.	-0.35417	1.955e-004
2597	0.	0.	-3.75e-002	0.28636
2598	0.	0.	-1.5e-002	0.41553
2599	2.2727e-002	0.	-1.5e-002	0.25566
2600	1.75e-002	0.	-4.589e-002	0.21099
2658	-0.24	0.	-3.75e-002	0.28805
2659	-0.24	0.	-1.5e-002	0.43493
2660	-0.26273	0.	-1.5e-002	0.26271
2661	-0.25638	0.	-3.8784e-002	0.25459
3268	-0.22909	0.	-4.5e-002	0.2104
3269	-0.20727	0.	-4.5e-002	0.18922
3270	-0.22451	0.	-6.0485e-002	0.16382
3271	-0.21002	0.	-5.5524e-002	0.1658
3275	-0.25638	0.	-4.6284e-002	0.19345
3276	-0.23542	0.	-6.0485e-002	0.17889
3279	-0.18545	0.	-4.5e-002	0.15387
3280	-0.18411	0.	-5.7153e-002	0.1403
3281	-0.19912	0.	-5.5524e-002	0.15771
3282	-0.16364	0.	-4.5e-002	0.11397
3283	-0.1732	0.	-5.7153e-002	0.11458
3285	-0.14182	0.	-4.5e-002	9.3806e-002
3286	-0.16229	0.	-5.7153e-002	9.99e-002
3287	-0.14828	0.	-5.6918e-002	8.9485e-002
3291	-0.12	0.	-4.5e-002	8.8478e-002
3292	-0.12113	0.	-5.5924e-002	8.0679e-002
3293	-0.13737	0.	-5.6918e-002	8.3513e-002
3295	-9.8182e-002	0.	-4.5e-002	9.7205e-002
3296	-0.11022	0.	-5.5924e-002	8.4168e-002
3298	-7.6364e-002	0.	-4.5e-002	0.11166
3299	-9.931e-002	0.	-5.5924e-002	8.7762e-002
3300	-8.1094e-002	0.	-5.6843e-002	9.7393e-002
3303	-5.4545e-002	0.	-4.5e-002	0.14616
3304	-5.1907e-002	0.	-5.5417e-002	0.12322
3305	-7.0185e-002	0.	-5.6843e-002	0.10756
3309	-3.2727e-002	0.	-4.5e-002	0.18541
3310	-4.0997e-002	0.	-5.5417e-002	0.1475
3312	-1.0909e-002	0.	-4.5e-002	0.22319
3313	-1.2106e-002	0.	-5.8175e-002	0.17477
3314	-3.0088e-002	0.	-5.5417e-002	0.16471
3318	1.75e-002	0.	-5.339e-002	0.1724
3319	-1.1967e-003	0.	-5.8175e-002	0.19734
3808	1.	0.	-0.1425	2.5646e-004
3810	0.95455	0.	-4.75e-002	2.722e-004
3811	1.	0.	-4.75e-002	2.6772e-004
3812	0.93953	0.	-0.11256	2.7448e-004
3816	1.	0.	-0.2375	2.3037e-004
3817	0.90781	0.	-0.21859	2.6341e-004
3818	0.93953	0.	-0.16006	2.6508e-004
3822	1.	0.	-0.3325	1.9595e-004
3823	0.90781	0.	-0.26609	2.4709e-004
3824	0.9357	0.	-0.33669	2.0682e-004
3830	1.	0.	-0.4275	1.6736e-004
3831	0.9357	0.	-0.38419	1.8903e-004
3833	1.	0.	-0.5225	1.3832e-004
3834	0.92722	0.	-0.5125	1.5018e-004
3835	0.9357	0.	-0.43169	1.7855e-004
3838	1.	0.	-0.6175	1.03e-004
3839	0.92722	0.	-0.56	1.3227e-004
3840	0.94723	0.	-0.61808	1.0453e-004
3847	1.	0.	-0.7125	7.602e-005
3848	0.94723	0.	-0.66558	8.7449e-005
3850	1.	0.	-0.8075	5.2684e-005
3851	0.91523	0.	-0.77699	6.5874e-005
3852	0.94723	0.	-0.71308	7.7844e-005
3856	1.	0.	-0.9025	2.8201e-005
3857	0.91523	0.	-0.82449	5.3673e-005
3858	0.92779	0.	-0.89993	3.3344e-005
3863	0.95333	0.	-0.9975	1.6676e-005
3864	1.	0.	-0.9975	1.3782e-005
3865	0.92779	0.	-0.94743	2.3026e-005
3934	0.86	0.	-1.045	2.8478e-005
3935	0.95333	0.	-1.045	1.3646e-005
3936	0.88112	0.	-0.99493	2.3011e-005
3939	0.76667	0.	-1.045	4.9189e-005
3940	0.77198	0.	-0.97123	4.8619e-005
3941	0.83446	0.	-0.99493	3.4118e-005
3945	0.67333	0.	-1.045	6.4997e-005
3946	0.67397	0.	-1.0003	6.6012e-005
3947	0.72531	0.	-0.97123	5.7496e-005
3949	0.58	0.	-1.045	7.8831e-005
3950	0.62731	0.	-1.0003	7.2329e-005
3954	0.48667	0.	-1.045	9.4399e-005
3955	0.58064	0.	-1.0003	7.9671e-005
3956	0.5264	0.	-0.97839	9.462e-005
3960	0.39333	0.	-1.045	1.0553e-004
3961	0.4087	0.	-0.95981	1.1711e-004
3962	0.47973	0.	-0.97839	1.027e-004
3964	0.3	0.	-1.045	1.062e-004
3965	0.36203	0.	-0.95981	1.1998e-004
3966	0.31553	0.	-0.98466	1.1337e-004
3970	0.20667	0.	-1.045	1.0035e-004
3971	0.22229	0.	-0.98441	1.0892e-004
3972	0.26887	0.	-0.98466	1.112e-004
3976	0.11333	0.	-1.045	8.3292e-005
3977	0.17563	0.	-0.98441	1.0536e-004
3978	0.13147	0.	-0.99268	9.484e-005
3981	2.e-002	0.	-1.045	5.4218e-005
3982	3.7157e-002	0.	-0.98005	7.0775e-005
3983	8.4805e-002	0.	-0.99268	8.1854e-005
3987	-7.3333e-002	0.	-1.045	2.2193e-005
3988	-9.5095e-003	0.	-0.98005	5.7074e-005
3989	-7.8656e-002	0.	-0.99032	3.2376e-005
3994	-0.16667	0.	-1.045	2.9192e-005
3995	-0.12532	0.	-0.99032	2.7086e-005
3997	-0.26	0.	-1.045	5.8246e-005
3998	-0.24042	0.	-0.9825	6.7557e-005
3999	-0.17199	0.	-0.99032	3.6477e-005
4004	-0.35333	0.	-1.045	8.1831e-005
4005	-0.28708	0.	-0.9825	7.9122e-005
4006	-0.35419	0.	-0.99031	8.6552e-005
4010	-0.44667	0.	-1.045	9.7026e-005
4011	-0.40086	0.	-0.99031	9.6195e-005
4013	-0.54	0.	-1.045	1.0382e-004
4014	-0.44753	0.	-0.99031	1.0137e-004
4015	-0.50804	0.	-0.98914	1.0882e-004
4019	-0.63333	0.	-1.045	1.0133e-004
4020	-0.60496	0.	-0.96494	1.1545e-004
4021	-0.55471	0.	-0.98914	1.1021e-004
4026	-0.72667	0.	-1.045	9.2784e-005
4027	-0.65163	0.	-0.96494	1.1158e-004
4028	-0.7148	0.	-0.9729	1.0111e-004
4032	-0.82	0.	-1.045	7.7367e-005
4033	-0.81935	0.	-0.99838	8.1563e-005
4034	-0.76147	0.	-0.9729	9.6604e-005
4037	-0.91333	0.	-1.045	6.0815e-005
4038	-0.86602	0.	-0.99838	7.0748e-005
4042	-1.0067	0.	-1.045	4.6586e-005
4043	-0.91268	0.	-0.99838	6.5122e-005
4044	-0.97019	0.	-0.95873	5.778e-005
4046	-1.1	0.	-1.045	2.8171e-005
4047	-1.0169	0.	-0.95873	4.9697e-005
4048	-1.0758	0.	-0.99481	3.5351e-005
4052	-1.1933	0.	-0.9975	1.8463e-005
4053	-1.1933	0.	-1.045	1.4575e-005
4054	-1.1225	0.	-0.99481	2.6235e-005
4083	-1.24	0.	-0.9025	2.8165e-005
4084	-1.24	0.	-0.9975	1.4526e-005
4085	-1.1692	0.	-0.94731	2.5515e-005
4088	-1.24	0.	-0.8075	5.3384e-005
4089	-1.1715	0.	-0.82796	4.6265e-005
4090	-1.1692	0.	-0.89981	3.3494e-005
4094	-1.24	0.	-0.7125	7.7965e-005
4095	-1.1715	0.	-0.78046	6.1704e-005
4096	-1.1866	0.	-0.71118	8.1606e-005
4100	-1.24	0.	-0.6175	1.031e-004
4101	-1.1866	0.	-0.66368	9.0202e-005
4103	-1.24	0.	-0.5225	1.3852e-004
4104	-1.1866	0.	-0.61618	1.0628e-004
4105	-1.1721	0.	-0.54901	1.3145e-004
4110	-1.24	0.	-0.4275	1.6964e-004
4111	-1.1636	0.	-0.44175	1.8759e-004
4112	-1.1721	0.	-0.50151	1.5047e-004
4113	-1.2036	0.	-0.41458	1.7672e-004
4117	-1.24	0.	-0.3325	1.9672e-004
4118	-1.2036	0.	-0.36708	1.8841e-004
4120	-1.24	0.	-0.2375	2.2679e-004
4121	-1.1709	0.	-0.27471	2.334e-004
4122	-1.2036	0.	-0.31958	2.0361e-004
4126	-1.24	0.	-0.1425	2.5445e-004
4127	-1.1709	0.	-0.22721	2.4823e-004
4128	-1.1856	0.	-0.15126	2.6094e-004
4134	-1.1945	0.	-4.75e-002	2.7325e-004
4135	-1.24	0.	-4.75e-002	2.675e-004
4136	-1.1856	0.	-0.10376	2.7369e-004
4173	0.13636	0.	0.	2.6591e-002
4174	6.8182e-002	0.	0.	0.1171
4177	8.8501e-002	0.	-4.3229e-002	3.3093e-002
4178	6.2955e-002	0.	-3.089e-002	6.3809e-002
4185	0.22727	0.	0.	7.4297e-003
4188	0.13396	0.	-4.3229e-002	1.7809e-002
4189	0.17255	0.	-6.3075e-002	9.1412e-003
4197	0.31818	0.	0.	3.3894e-003
4200	0.29801	0.	-6.9479e-002	3.3045e-003
4201	0.21801	0.	-6.3075e-002	5.9885e-003
4202	0.24947	0.	-8.5727e-002	3.9711e-003
4207	0.40909	0.	0.	2.0435e-003
4210	0.3919	0.	-7.494e-002	1.9864e-003
4211	0.34346	0.	-6.9479e-002	2.4973e-003
4217	0.5	0.	0.	1.172e-003
4219	0.43735	0.	-7.494e-002	1.4327e-003
4220	0.48672	0.	-7.3351e-002	1.2578e-003
4225	0.59091	0.	0.	7.1091e-004
4228	0.58345	0.	-6.9221e-002	7.1584e-004
4229	0.53217	0.	-7.3351e-002	9.4287e-004
4234	0.68182	0.	0.	5.0607e-004
4237	0.62891	0.	-6.9221e-002	5.7115e-004
4238	0.69043	0.	-5.8446e-002	4.8098e-004
4242	0.77273	0.	0.	3.9126e-004
4244	0.73588	0.	-5.8446e-002	4.1957e-004
4246	0.86364	0.	0.	3.0779e-004
4249	0.84862	0.	-6.5062e-002	3.1016e-004
4250	0.78134	0.	-5.8446e-002	3.6627e-004
4257	0.95455	0.	0.	2.7396e-004
4259	0.89407	0.	-6.5062e-002	2.8068e-004
4261	-1.1036	0.	0.	3.082e-004
4263	-1.1945	0.	0.	2.7345e-004
4265	-1.1401	0.	-5.6262e-002	2.7959e-004
4268	-1.0127	0.	0.	4.0583e-004
4271	-1.0947	0.	-5.6262e-002	3.0873e-004
4272	-1.0354	0.	-7.0937e-002	3.5147e-004
4278	-0.92182	0.	0.	5.4404e-004
4280	-0.90816	0.	-4.25e-002	5.5204e-004
4281	-0.98997	0.	-7.0937e-002	4.1993e-004
4283	-0.83091	0.	0.	7.5349e-004
4286	-0.8627	0.	-4.25e-002	6.2139e-004
4290	-0.74	0.	0.	1.2006e-003
4293	-0.74422	0.	-4.3447e-002	1.0671e-003
4294	-0.81725	0.	-4.25e-002	7.6159e-004
4300	-0.64909	0.	0.	2.0019e-003
4302	-0.69877	0.	-4.3447e-002	1.3723e-003
4307	-0.55818	0.	0.	3.6119e-003
4310	-0.58944	0.	-6.3715e-002	2.4483e-003
4311	-0.65332	0.	-4.3447e-002	1.8699e-003
4318	-0.46727	0.	0.	9.6408e-003
4321	-0.54398	0.	-6.3715e-002	3.5613e-003
4322	-0.48494	0.	-5.3904e-002	5.599e-003
4327	-0.37636	0.	0.	3.0981e-002
4330	-0.39184	0.	-4.8942e-002	1.6401e-002
4331	-0.43949	0.	-5.3904e-002	1.0525e-002
4338	-0.30818	0.	0.	0.11175
4341	-0.34639	0.	-4.8942e-002	3.2754e-002
4342	-0.30183	0.	-2.3784e-002	9.8564e-002
4343	-0.31797	0.	-3.7483e-002	4.4153e-002
4866	2.2727e-002	0.	0.	0.35817
4874	-0.26273	0.	0.	0.35231
4884	4.0227e-002	0.	-3.089e-002	0.13489
4895	-0.27911	0.	-2.3784e-002	0.15948
5988	0.19603	0.	-0.5468	5.3701e-004
5989	0.10664	0.	-0.50859	7.7339e-004
5990	6.6437e-002	0.	-0.55026	5.8541e-004
5991	0.1648	0.	-0.60779	4.4572e-004
5992	8.8519e-002	0.	-0.60966	4.4508e-004
5993	0.15432	0.	-0.51019	8.0233e-004
5997	-0.34862	0.	-0.47021	1.0915e-003
5998	-0.28914	0.	-0.53014	6.5334e-004
5999	-0.39816	0.	-0.49492	8.572e-004
6000	-0.30373	0.	-0.48661	9.4364e-004
6001	-0.3892	0.	-0.5487	5.9973e-004
6002	-0.33154	0.	-0.56332	5.9649e-004
6008	-1.6315e-002	0.	-0.25667	6.4374e-003
6009	-1.9234e-002	0.	-0.33458	2.9416e-003
6010	4.1713e-002	0.	-0.27875	3.7932e-003
6011	2.1972e-002	0.	-0.3275	2.9234e-003
6012	-3.1784e-002	0.	-0.29292	3.9388e-003
6013	2.1328e-002	0.	-0.25458	6.0395e-003
6017	-0.34096	0.	-0.24121	5.2279e-003
6018	-0.26549	0.	-0.27178	5.1791e-003
6019	-0.26381	0.	-0.30491	3.5858e-003
6020	-0.29287	0.	-0.32926	3.3095e-003
6021	-0.29654	0.	-0.25373	6.852e-003
6022	-0.35522	0.	-0.28126	3.7378e-003
6023	-0.33309	0.	-0.30989	3.4515e-003
6028	-0.83066	0.	-0.425	3.8943e-004
6029	-0.75008	0.	-0.45051	5.1555e-004
6030	-0.87312	0.	-0.49609	2.8842e-004
6031	-0.83357	0.	-0.57252	2.7253e-004
6032	-0.74486	0.	-0.52031	3.8346e-004
6033	-0.77829	0.	-0.55515	3.0602e-004
6038	0.57651	0.	-0.44032	3.9656e-004
6039	0.5146	0.	-0.47335	4.5024e-004
6040	0.63852	0.	-0.47798	2.817e-004
6041	0.48259	0.	-0.53272	3.4925e-004
6042	0.58292	0.	-0.57687	2.5916e-004
6043	0.62463	0.	-0.5328	2.4839e-004
6044	0.5221	0.	-0.57104	2.9406e-004
6049	-9.4657e-002	0.	-0.15235	2.2425e-002
6050	-5.6501e-002	0.	-0.19625	1.2794e-002
6051	-0.10299	0.	-0.17174	1.4865e-002
6052	-6.9655e-002	0.	-0.14762	2.6368e-002
6053	-8.5488e-002	0.	-0.19778	1.2279e-002
6054	-5.615e-002	0.	-0.16329	1.7692e-002
6057	-0.26643	0.	-0.12705	3.7007e-002
6058	-0.23764	0.	-0.17102	1.6323e-002
6059	-0.24251	0.	-0.14033	2.8401e-002
6060	-0.27733	0.	-0.18731	1.5121e-002
6061	-0.29714	0.	-0.15793	1.7923e-002
6066	-0.57687	0.	-0.33542	1.1193e-003
6067	-0.49481	0.	-0.38236	1.2965e-003
6068	-0.62508	0.	-0.39676	8.044e-004
6069	-0.55755	0.	-0.46853	7.4118e-004
6070	-0.50162	0.	-0.43661	9.3817e-004
6071	-0.61986	0.	-0.46656	6.8183e-004
6072	-0.53099	0.	-0.35715	1.3585e-003
6076	0.20937	0.	-0.24489	3.5201e-003
6077	0.26047	0.	-0.32667	1.8736e-003
6078	0.3064	0.	-0.27152	2.0862e-003
6079	0.28917	0.	-0.20134	2.5325e-003
6080	0.24063	0.	-0.21758	3.3754e-003
6081	0.21717	0.	-0.2829	2.5614e-003
6085	-0.20848	0.	-0.36057	2.261e-003
6086	-0.15394	0.	-0.39862	1.5462e-003
6087	-0.23754	0.	-0.38492	1.7883e-003
6088	-0.22801	0.	-0.42608	1.396e-003
6089	-0.17854	0.	-0.43562	1.3712e-003
6090	-0.17363	0.	-0.36932	2.2952e-003
6093	-9.3066e-002	0.	-0.51268	7.3757e-004
6094	-0.17395	0.	-0.54828	5.4323e-004
6095	-5.6338e-002	0.	-0.55021	5.6702e-004
6096	-0.15997	0.	-0.58639	4.387e-004
6097	-8.0389e-002	0.	-0.58843	4.3976e-004
6098	-0.13906	0.	-0.51429	7.8088e-004
6102	-0.54511	0.	-0.76566	1.8211e-004
6103	-0.5551	0.	-0.84216	1.5242e-004
6104	-0.4043	0.	-0.79722	1.7878e-004
6105	-0.44069	0.	-0.74272	2.3486e-004
6106	-0.44433	0.	-0.86753	1.4041e-004
6107	-0.50484	0.	-0.72559	2.5083e-004
6108	-0.50484	0.	-0.86636	1.4775e-004
6114	0.29668	0.	-0.74644	2.0675e-004
6115	0.17727	0.	-0.77185	1.9073e-004
6116	0.30703	0.	-0.83481	1.5031e-004
6117	0.21836	0.	-0.72753	2.5539e-004
6118	0.1734	0.	-0.82036	1.5066e-004
6119	0.21396	0.	-0.85941	1.4227e-004
6120	0.26053	0.	-0.85966	1.4435e-004
6124	-0.13042	0.	-0.76042	1.6631e-004
6125	-0.23053	0.	-0.7465	2.0363e-004
6126	-0.25251	0.	-0.79878	1.4859e-004
6127	-0.22543	0.	-0.86128	1.0655e-004
6128	-0.157	0.	-0.86911	8.5502e-005
6129	-0.18168	0.	-0.75191	1.8792e-004
6130	-0.13008	0.	-0.8136	1.1445e-004
6135	0.73872	0.	-0.79655	8.7333e-005
6136	0.56906	0.	-0.77518	1.3666e-004
6137	0.69752	0.	-0.73144	1.1439e-004
6138	0.63747	0.	-0.8774	9.0783e-005
6139	0.62475	0.	-0.72144	1.5414e-004
6140	0.68881	0.	-0.8483	8.342e-005
6141	0.58323	0.	-0.85545	1.0507e-004
6148	-0.79791	0.	-0.77052	1.4733e-004
6149	-0.86378	0.	-0.87702	9.2894e-005
6150	-0.86301	0.	-0.71867	1.4651e-004
6151	-0.92129	0.	-0.83737	8.7326e-005
6152	-0.92642	0.	-0.76404	1.0777e-004
6153	-0.8059	0.	-0.85154	1.082e-004
6157	-0.13574	0.	-0.25331	5.7492e-003
6158	-9.5331e-002	0.	-0.2915	3.8632e-003
6159	-0.10885	0.	-0.25678	5.6403e-003
6160	-0.11052	0.	-0.3149	3.1537e-003
6161	-0.13821	0.	-0.31429	3.312e-003
6162	-0.14904	0.	-0.28604	4.0684e-003
6166	0.52777	0.	-0.40368	5.2487e-004
6167	0.53095	0.	-0.3292	6.4733e-004
6168	0.65169	0.	-0.4083	3.602e-004
6169	0.65158	0.	-0.33657	4.0314e-004
6170	0.58131	0.	-0.31142	5.456e-004
6174	-0.87798	0.	-0.25849	4.3595e-004
6175	-0.82725	0.	-0.19807	6.739e-004
6176	-0.94505	0.	-0.26373	3.6947e-004
6177	-0.87351	0.	-0.13099	5.3864e-004
6178	-0.95532	0.	-0.15943	4.0753e-004
6181	-0.127	0.	-0.1156	3.7483e-002
6182	-0.13782	0.	-0.13846	2.5411e-002
6183	-0.10258	0.	-0.11626	3.976e-002
6184	-0.12023	0.	-0.15409	2.1364e-002
6185	-8.6887e-002	0.	-0.12997	3.0525e-002
6189	0.30961	0.	-0.61798	3.9817e-004
6190	0.26421	0.	-0.46385	7.8969e-004
6191	0.23129	0.	-0.59907	4.4013e-004
6192	0.33218	0.	-0.54676	4.6353e-004
6193	0.22081	0.	-0.50147	8.0876e-004
6194	0.30951	0.	-0.50313	5.7357e-004
6197	-1.4996e-002	0.	-0.69104	2.7084e-004
6198	-6.1128e-002	0.	-0.66986	2.9771e-004
6199	-0.12874	0.	-0.70976	2.184e-004
6200	-7.7144e-002	0.	-0.77146	1.6187e-004
6201	-3.262e-002	0.	-0.75133	1.8576e-004
6204	-0.67846	0.	-0.24375	1.0927e-003
6205	-0.64862	0.	-0.32968	9.9231e-004
6206	-0.58782	0.	-0.19788	1.8569e-003
6207	-0.54521	0.	-0.24354	2.2378e-003
6208	-0.55452	0.	-0.29006	1.526e-003
6212	-0.43315	0.	-0.20721	4.8113e-003
6213	-0.36907	0.	-0.14677	1.2552e-002
6214	-0.41672	0.	-0.15173	6.3498e-003
6215	-0.33187	0.	-0.20818	7.421e-003
6216	-0.39054	0.	-0.23571	4.7386e-003
6217	-0.35168	0.	-0.1788	1.0869e-002
6222	-0.15293	0.	-0.11936	3.6946e-002
6223	-0.16654	0.	-9.5058e-002	5.4853e-002
6224	-0.11769	0.	-9.716e-002	4.5887e-002
6225	-0.12673	0.	-8.1676e-002	6.0169e-002
6226	-0.15698	0.	-8.2905e-002	7.3101e-002
6227	-0.14297	0.	-8.267e-002	6.3538e-002
6232	0.36705	0.	-0.78624	1.8979e-004
6233	0.27838	0.	-0.67897	2.9082e-004
6234	0.42392	0.	-0.72455	2.0586e-004
6235	0.37927	0.	-0.62666	3.1634e-004
6236	0.41878	0.	-0.66498	2.5838e-004
6241	-0.61327	0.	-0.80838	1.5591e-004
6242	-0.66844	0.	-0.73531	1.8297e-004
6243	-0.62368	0.	-0.67992	2.4559e-004
6244	-0.56301	0.	-0.6918	2.5372e-004
6249	0.46904	0.	-0.36223	6.9449e-004
6250	0.43385	0.	-0.49608	4.7948e-004
6251	0.41181	0.	-0.35802	1.0102e-003
6252	0.41118	0.	-0.45245	5.948e-004
6255	-1.0946	0.	-0.33646	2.365e-004
6256	-1.0151	0.	-0.44534	2.1608e-004
6257	-1.0397	0.	-0.3795	2.5321e-004
6258	-1.0957	0.	-0.46826	1.818e-004
6259	-1.1272	0.	-0.38134	2.0626e-004
6265	-3.3394e-002	0.	-0.50747	8.1856e-004
6266	-5.5768e-002	0.	-0.42414	1.4816e-003
6267	-9.1513e-002	0.	-0.43456	1.2618e-003
6268	-3.3649e-002	0.	-0.45929	1.0081e-003
6269	-0.11611	0.	-0.47156	9.4314e-004
6272	0.12739	0.	-0.20263	7.3588e-003
6273	0.12209	0.	-0.24637	3.933e-003
6274	0.16349	0.	-0.17611	6.2234e-003
6275	0.19496	0.	-0.19876	4.1194e-003
6276	0.1715	0.	-0.26407	3.3627e-003
6280	0.78408	0.	-0.49798	1.9652e-004
6281	0.80125	0.	-0.60688	1.34e-004
6282	0.86292	0.	-0.46919	1.7319e-004
6283	0.87445	0.	-0.60808	1.1779e-004
6284	0.77019	0.	-0.5528	1.5999e-004
6288	-2.7556e-002	0.	-9.9861e-002	5.8162e-002
6289	-7.3931e-002	0.	-9.5019e-002	5.4074e-002
6290	-5.8234e-002	0.	-0.10873	4.8444e-002
6291	-4.6471e-002	0.	-7.9028e-002	9.2994e-002
6292	-6.4749e-002	0.	-8.0454e-002	7.5383e-002
6296	-0.17736	0.	-0.11792	4.6673e-002
6297	-0.18591	0.	-0.16517	1.9438e-002
6298	-0.14616	0.	-0.15785	1.929e-002
6299	-0.19078	0.	-0.13448	3.0184e-002
6305	0.44619	0.	-0.21882	1.108e-003
6306	0.41499	0.	-0.28354	1.1291e-003
6307	0.49556	0.	-0.21723	9.1805e-004
6308	0.52259	0.	-0.26997	7.2129e-004
6312	0.11099	0.	-0.41825	1.2864e-003
6313	4.3535e-002	0.	-0.50333	7.9688e-004
6314	6.2367e-002	0.	-0.41292	1.4522e-003
6315	0.13142	0.	-0.46326	1.0137e-003
6316	4.3281e-002	0.	-0.45515	1.0429e-003
6320	-0.97227	0.	-0.53939	1.7495e-004
6321	-0.93273	0.	-0.61582	1.553e-004
6322	-1.0675	0.	-0.62948	1.1224e-004
6323	-0.99614	0.	-0.6612	1.1816e-004
6324	-1.0529	0.	-0.56231	1.3791e-004
6328	0.84734	0.	-0.18865	2.8153e-004
6329	0.84351	0.	-0.31777	2.4086e-004
6330	0.78006	0.	-0.18203	3.3817e-004
6331	0.76456	0.	-0.27484	3.1062e-004
6336	5.8889e-002	0.	-0.88041	1.0337e-004
6337	-6.1498e-002	0.	-0.92537	5.0979e-005
6338	-3.4576e-002	0.	-0.86987	8.6909e-005
6339	9.9484e-003	0.	-0.84974	1.1673e-004
6340	5.5296e-002	0.	-0.92773	8.2822e-005
6344	-3.1208e-002	0.	-0.11637	4.4712e-002
6345	1.7235e-002	0.	-8.464e-002	7.0967e-002
6346	-1.4618e-003	0.	-8.9425e-002	0.10159
6347	1.9921e-002	0.	-0.12385	4.1626e-002
6348	-1.9444e-002	0.	-8.6667e-002	9.0634e-002
6349	-1.7703e-002	0.	-0.13204	3.8547e-002
6354	-0.29969	0.	-0.74272	2.3181e-004
6355	-0.33607	0.	-0.68822	2.8074e-004
6356	-0.24082	0.	-0.6539	3.1502e-004
6357	-0.22886	0.	-0.69584	2.5471e-004
6358	-0.29719	0.	-0.64897	3.599e-004
6362	8.5781e-002	0.	-0.22293	7.077e-003
6363	8.8587e-002	0.	-0.13283	1.776e-002
6364	6.5396e-002	0.	-0.19876	9.1423e-003
6365	0.12718	0.	-0.15267	9.1024e-003
6366	6.5727e-002	0.	-0.1597	1.7419e-002
6370	-0.20439	0.	-0.11017	5.2443e-002
6371	-0.18141	0.	-8.1458e-002	8.367e-002
6372	-0.21091	0.	-8.4791e-002	9.4497e-002
6373	-0.19642	0.	-7.983e-002	0.10079
6378	-0.24173	0.	-0.11346	4.2571e-002
6379	-0.26921	0.	-7.3874e-002	0.10201
6380	-0.24825	0.	-8.8075e-002	8.9311e-002
6381	-0.28534	0.	-8.7572e-002	4.748e-002
6382	-0.29636	0.	-0.13106	3.4311e-002
6387	-0.39355	0.	-0.39175	1.4913e-003
6388	-0.4431	0.	-0.41647	1.3033e-003
6389	-0.47246	0.	-0.33701	1.6898e-003
6390	-0.42053	0.	-0.31899	2.3507e-003
6391	-0.39841	0.	-0.34761	1.979e-003
6395	-0.18633	0.	-0.23771	6.8387e-003
6396	-0.1777	0.	-0.20336	1.0205e-002
6397	-0.13795	0.	-0.19604	1.0768e-002
6398	-0.12044	0.	-0.22208	7.095e-003
6399	-0.16063	0.	-0.25134	6.3374e-003
6403	-0.40037	0.	-0.446	1.1729e-003
6404	-0.31546	0.	-0.39653	1.7338e-003
6405	-0.30594	0.	-0.43769	1.2536e-003
6406	-0.35568	0.	-0.37715	1.8628e-003
6410	0.15897	0.	-0.70438	2.7459e-004
6411	8.2688e-002	0.	-0.70625	2.7995e-004
6412	0.114	0.	-0.79721	1.7449e-004
6413	6.5064e-002	0.	-0.76654	1.8277e-004
6418	-0.67844	0.	-0.81181	1.5246e-004
6419	-0.573	0.	-0.90908	1.2006e-004
6420	-0.68643	0.	-0.89284	1.154e-004
6424	0.43427	0.	-0.81292	1.4634e-004
6425	0.3309	0.	-0.89946	1.2473e-004
6426	0.44843	0.	-0.89319	1.1726e-004
6431	-0.80725	0.	-0.27958	6.6148e-004
6432	-0.77741	0.	-0.36551	5.3977e-004
6433	-0.90044	0.	-0.41109	3.2143e-004
6434	-0.92505	0.	-0.34524	3.5569e-004
6439	-1.1181	0.	-0.73164	7.4363e-005
6440	-1.0417	0.	-0.83669	5.684e-005
6441	-1.1007	0.	-0.87277	4.3332e-005
6442	-1.0468	0.	-0.76336	7.9995e-005
6447	0.78925	0.	-0.72886	9.6199e-005
6448	0.78054	0.	-0.84572	6.0739e-005
6449	0.86246	0.	-0.73006	7.7815e-005
6450	0.84302	0.	-0.86942	4.8434e-005
6456	0.38896	0.	-0.2146	1.3975e-003
6457	0.37172	0.	-0.14442	1.9382e-003
6458	0.46952	0.	-0.14829	1.2225e-003
6461	-0.35805	0.	-0.7405	2.3808e-004
6462	-0.29458	0.	-0.8575	1.3723e-004
6463	-0.36169	0.	-0.86531	1.4156e-004
6468	-0.72667	0.	-0.3051	7.6601e-004
6469	-0.66588	0.	-0.1733	1.6779e-003
6470	-0.72976	0.	-0.15303	1.0632e-003
6471	-0.80278	0.	-0.15208	7.5686e-004
6478	0.68297	0.	-0.12767	4.8678e-004
6479	0.66747	0.	-0.22047	4.5867e-004
6480	0.57017	0.	-0.14257	8.0803e-004
6481	0.5972	0.	-0.19532	5.9706e-004
6487	-1.047	0.	-0.30745	2.7042e-004
6488	-1.1165	0.	-0.18847	2.6741e-004
6489	-1.0573	0.	-0.20315	3.1109e-004
6490	-1.1345	0.	-0.30929	2.2544e-004
6494	-0.69161	0.	-0.46083	5.3561e-004
6498	-0.50584	0.	-0.50264	7.4561e-004
6499	-0.60293	0.	-0.58126	4.2092e-004
6500	-0.62408	0.	-0.53259	4.681e-004
6501	-0.49687	0.	-0.55641	4.7373e-004
6502	-0.54225	0.	-0.59314	4.2724e-004
6507	0.20207	0.	-0.38223	1.307e-003
6508	0.10937	0.	-0.32075	2.7647e-003
6509	8.9624e-002	0.	-0.3695	1.7198e-003
6510	0.15868	0.	-0.41985	1.3418e-003
6511	0.15877	0.	-0.33846	2.0297e-003
6514	-0.22366	0.	-0.28993	4.4409e-003
6515	-0.2167	0.	-0.22246	9.5159e-003
6516	-0.25639	0.	-0.23875	7.3628e-003
6517	-0.19963	0.	-0.27044	5.2392e-003
6520	-0.21791	0.	-0.57926	4.7882e-004
6521	-0.24646	0.	-0.49762	8.6713e-004
6522	-0.19699	0.	-0.50715	8.2568e-004
6523	-0.27427	0.	-0.57432	5.1634e-004
6527	2.5415e-002	0.	-0.6044	5.0683e-004
6528	3.0785e-003	0.	-0.49682	8.9141e-004
6529	-2.0717e-002	0.	-0.58322	5.2536e-004
6533	-0.41321	0.	-0.63213	3.5892e-004
6534	-0.45859	0.	-0.66886	3.0271e-004
6535	-0.35555	0.	-0.64675	3.6112e-004
6538	0.31183	0.	-0.33447	1.205e-003
6539	0.2225	0.	-0.42724	1.0449e-003
6540	0.3112	0.	-0.4289	8.244e-004
6541	0.2226	0.	-0.34585	1.7567e-003
6547	0.12378	0.	-0.66194	3.3148e-004
6554	-7.7582e-002	0.	-0.11153	4.3172e-002
6555	-0.10231	0.	-8.2332e-002	6.2697e-002
6556	-8.4097e-002	0.	-8.3252e-002	7.1728e-002
6562	-5.1046e-002	0.	-0.25875	6.4251e-003
6563	-6.4565e-002	0.	-0.22403	7.9881e-003
6564	2.0663e-003	0.	-0.22042	8.4167e-003
6565	-3.5226e-002	0.	-0.18954	1.4229e-002
6569	-0.79871	0.	-0.6869	1.8022e-004
6570	-0.68885	0.	-0.68336	2.4496e-004
6571	-0.74343	0.	-0.66952	2.1674e-004
6572	-0.74161	0.	-0.81977	1.4344e-004
6577	0.54682	0.	-0.69749	1.8013e-004
6578	0.48601	0.	-0.69166	2.1822e-004
6579	0.5053	0.	-0.8315	1.3316e-004
6583	0.79255	0.	-0.41716	2.2197e-004
6584	0.69982	0.	-0.50078	2.1197e-004
6585	0.7136	0.	-0.37423	2.9427e-004
6591	0.37917	0.	-0.51182	5.0139e-004
6592	0.44136	0.	-0.59377	3.3006e-004
6596	-2.0833e-004	0.	-0.37125	1.9173e-003
6597	-7.7159e-002	0.	-0.38875	1.7241e-003
6598	-1.9295e-002	0.	-0.41348	1.5574e-003
6599	-5.3965e-002	0.	-0.33667	3.0765e-003
6600	-6.9158e-002	0.	-0.36006	2.1977e-003
6604	0.67528	0.	-0.65375	1.5956e-004
6605	0.82126	0.	-0.66495	1.0521e-004
6606	0.71699	0.	-0.60967	1.506e-004
6610	-0.53263	0.	-0.17309	2.7405e-003
6611	-0.51619	0.	-0.11762	4.5572e-003
6612	-0.63912	0.	-0.10716	1.841e-003
6616	-0.47359	0.	-0.16328	4.8592e-003
6617	-0.49933	0.	-0.26528	2.4484e-003
6618	-0.44741	0.	-0.24726	3.0065e-003
6623	-0.40951	0.	-0.10285	1.281e-002
6624	-0.33345	0.	-8.6425e-002	3.1327e-002
6625	-0.34447	0.	-0.12991	1.6584e-002
6629	-0.25103	0.	-0.34741	2.4277e-003
6630	-0.18713	0.	-0.33182	2.8132e-003
6631	-0.19796	0.	-0.30356	3.7293e-003
6636	0.34052	0.	-0.20914	1.9366e-003
6637	0.35713	0.	-0.37376	1.0178e-003
6643	-0.44095	0.	-0.52449	6.916e-004
6647	-0.90336	0.	-0.55861	1.9792e-004
6648	-0.96751	0.	-0.41633	2.5157e-004
6649	-1.0236	0.	-0.5051	1.8051e-004
6654	-0.19907	0.	-0.92782	5.9063e-005
6655	-0.33461	0.	-0.92781	9.3467e-005
6660	-0.16832	0.	-0.18079	1.2008e-002
6661	-0.21294	0.	-0.15742	2.4626e-002
6662	-0.24776	0.	-0.2044	1.0792e-002
6666	1.3642e-003	0.	-0.64262	3.5175e-004
6667	2.9872e-002	0.	-0.72409	2.5147e-004
6671	-0.92287	0.	-0.91211	6.7743e-005
6672	-0.80749	0.	-0.92628	9.0262e-005
6678	0.67928	0.	-0.92656	6.5186e-005
6679	0.57371	0.	-0.93371	8.8357e-005
6683	0.81177	0.	-0.12351	3.3922e-004
6687	-0.92722	0.	-0.68042	1.4372e-004
6688	-0.80853	0.	-0.61767	2.1658e-004
6692	0.64422	0.	-0.59967	1.863e-004
6693	0.54169	0.	-0.63792	2.3534e-004
6698	6.0739e-002	0.	-0.31542	2.8669e-003
6699	6.0095e-002	0.	-0.2425	6.1497e-003
6700	0.12989	0.	-0.28437	3.1604e-003
6709	0.15069	0.	-0.88477	1.2278e-004
6710	6.1189e-002	0.	-0.81505	1.4157e-004
6711	0.10654	0.	-0.89305	1.1334e-004
6715	-0.10372	0.	-0.88015	7.1497e-005
6719	-0.11106	0.	-0.19951	1.0636e-002
6725	-4.8381e-002	0.	-0.14091	2.7683e-002
6729	-0.46223	0.	-0.93445	1.0799e-004
6733	-0.66524	0.	-0.57929	3.5751e-004
6734	-0.58342	0.	-0.63985	3.1049e-004
6735	-0.69867	0.	-0.61413	2.7894e-004
6739	0.79244	0.	-0.34544	2.7148e-004
6744	6.0546e-002	0.	-7.4119e-002	5.8549e-002
6745	0.12469	0.	-0.1063	1.7116e-002
6746	6.3232e-002	0.	-0.11333	2.4045e-002
6751	1.6303e-002	0.	-6.6565e-002	0.11296
6752	3.7686e-002	0.	-0.10099	5.6736e-002
6759	-0.22433	0.	-0.10135	8.0658e-002
6764	0.23783	0.	-0.92407	1.161e-004
6765	0.1471	0.	-0.93209	1.0364e-004
6767	-0.12435	0.	-0.61941	3.3993e-004
6768	-0.19197	0.	-0.65931	3.0104e-004
6769	-0.2603	0.	-0.61244	3.8439e-004
6772	2.1911e-002	0.	-0.4064	1.5142e-003
6776	-0.71981	0.	-0.56546	3.3061e-004
6779	-1.062	0.	-0.69407	9.7236e-005
6780	-1.1188	0.	-0.59519	1.1962e-004
6784	0.27475	0.	-0.15521	3.2278e-003
6788	-1.0024	0.	-0.24618	3.2531e-004
6791	0.7931	0.	-0.92116	4.2951e-005
6795	-1.0394	0.	-0.90853	4.7792e-005
6796	-0.9855	0.	-0.79912	8.3118e-005
6804	-0.2518	0.	-6.177e-002	0.13138
6805	-0.2889	0.	-6.1267e-002	9.9094e-002
6816	-0.1375	0.	-0.43617	1.271e-003
6817	-0.1049	0.	-0.37048	2.0352e-003
6818	-0.13259	0.	-0.36987	2.198e-003
6823	-0.27057	0.	-0.41293	1.5934e-003
6824	-0.32032	0.	-0.35239	2.1691e-003
6828	-0.21157	0.	-0.46363	1.0653e-003
6834	-0.11238	0.	-0.66134	2.9153e-004
6843	-0.47737	0.	-0.615	3.734e-004
6844	-0.37433	0.	-0.59289	4.1993e-004
6848	-8.0034e-002	0.	-0.26028	5.8779e-003
6849	-8.1709e-002	0.	-0.3184	3.2782e-003
6864	-1.0719	0.	-0.1272	3.2317e-004
6869	-0.12759	0.	-6.7842e-002	7.5418e-002
6870	-9.3132e-002	0.	-6.7767e-002	8.1033e-002
6878	-0.15784	0.	-6.9071e-002	8.7213e-002
6879	-0.18686	0.	-6.7677e-002	0.11491
6885	4.0041e-002	0.	-0.17927	1.6202e-002
6886	2.4171e-003	0.	-0.18746	1.3854e-002
6890	0.72899	0.	-0.2097	3.6663e-004
6896	-0.30726	0.	-0.19132	1.1749e-002
6900	-0.21635	0.	-7.101e-002	0.12614
6909	-0.77602	0.	-8.5947e-002	9.378e-004
6923	-2.0376e-002	0.	-6.8592e-002	0.1305
6928	0.19475	0.	-0.1488	6.1432e-003
6934	2.7485e-003	0.	-0.1484	2.0769e-002
6942	-0.45671	0.	-0.29378	2.3836e-003
6947	-0.38266	0.	-0.30439	2.6659e-003
6952	-3.2275e-002	0.	-0.80451	1.3064e-004
6965	-0.93085	0.	-0.11344	4.9894e-004
6974	-5.6637e-002	0.	-6.726e-002	0.10518
6986	-0.31605	0.	-0.11845	2.9168e-002
7002	0.64322	0.	-0.27734	4.8409e-004
7007	0.54592	0.	-0.19944	8.3017e-004
7015	-0.12459	0.	-0.34118	2.6279e-003
7018	-0.16311	0.	-0.31232	3.7762e-003
1	0.	0.	4.5e-002	0.2372
2	-2.1818e-002	0.	4.5e-002	0.19659
3	-4.3636e-002	0.	4.5e-002	0.16423
4	-6.5455e-002	0.	4.5e-002	0.13255
5	-8.7273e-002	0.	4.5e-002	9.2992e-002
6	-0.10909	0.	4.5e-002	8.6466e-002
7	-0.13091	0.	4.5e-002	8.5604e-002
8	-0.15273	0.	4.5e-002	0.10015
9	-0.17455	0.	4.5e-002	0.13417
10	-0.19636	0.	4.5e-002	0.17886
11	-0.21818	0.	4.5e-002	0.18846
12	-0.24	0.	4.5e-002	0.26074
13	-0.24	0.	3.e-002	0.35146
23	0.	0.	3.e-002	0.35549
346	9.0909e-002	0.	0.	4.3763e-002
347	0.18182	0.	0.	1.0841e-002
348	0.27273	0.	0.	4.0793e-003
349	0.36364	0.	0.	2.1933e-003
350	0.45455	0.	0.	1.5956e-003
351	0.54545	0.	0.	8.9228e-004
352	0.63636	0.	0.	6.0846e-004
353	0.72727	0.	0.	4.4622e-004
354	0.81818	0.	0.	3.5095e-004
355	0.90909	0.	0.	2.8252e-004
356	-1.1491	0.	0.	2.8629e-004
357	-1.0582	0.	0.	3.3982e-004
358	-0.96727	0.	0.	4.4068e-004
359	-0.87636	0.	0.	5.4483e-004
360	-0.78545	0.	0.	1.0421e-003
361	-0.69455	0.	0.	1.5625e-003
362	-0.60364	0.	0.	2.682e-003
363	-0.51273	0.	0.	4.9999e-003
364	-0.42182	0.	0.	1.499e-002
365	-0.33091	0.	0.	4.538e-002
409	-1.24	0.	9.5e-002	2.6616e-004
410	-1.24	0.	0.19	2.4111e-004
411	-1.24	0.	0.285	2.087e-004
412	-1.24	0.	0.38	1.8004e-004
413	-1.24	0.	0.475	1.5532e-004
414	-1.24	0.	0.57	1.1515e-004
415	-1.24	0.	0.665	9.0035e-005
416	-1.24	0.	0.76	6.7262e-005
417	-1.24	0.	0.855	3.6331e-005
418	-1.24	0.	0.95	2.0232e-005
424	-1.1467	0.	1.045	1.921e-005
425	-1.0533	0.	1.045	3.9808e-005
426	-0.96	0.	1.045	5.4088e-005
427	-0.86667	0.	1.045	7.2887e-005
428	-0.77333	0.	1.045	8.809e-005
429	-0.68	0.	1.045	1.0156e-004
430	-0.58667	0.	1.045	1.048e-004
431	-0.49333	0.	1.045	1.0214e-004
432	-0.4	0.	1.045	8.8439e-005
433	-0.30667	0.	1.045	6.9772e-005
434	-0.21333	0.	1.045	4.4912e-005
435	-0.12	0.	1.045	1.5327e-005
436	-2.6667e-002	0.	1.045	3.3956e-005
437	6.6667e-002	0.	1.045	7.7024e-005
438	0.16	0.	1.045	9.3634e-005
439	0.25333	0.	1.045	1.0629e-004
440	0.34667	0.	1.045	1.0381e-004
441	0.44	0.	1.045	9.6137e-005
442	0.53333	0.	1.045	8.7624e-005
443	0.62667	0.	1.045	7.0394e-005
444	0.72	0.	1.045	5.2795e-005
445	0.81333	0.	1.045	3.9536e-005
446	0.90667	0.	1.045	1.845e-005
452	1.	0.	0.95	2.1343e-005
453	1.	0.	0.855	4.1338e-005
454	1.	0.	0.76	6.5759e-005
455	1.	0.	0.665	9.5639e-005
456	1.	0.	0.57	1.1921e-004
457	1.	0.	0.475	1.596e-004
458	1.	0.	0.38	1.9031e-004
459	1.	0.	0.285	2.1497e-004
460	1.	0.	0.19	2.4406e-004
461	1.	0.	9.5e-002	2.7073e-004
462	0.	0.	0.	0.51964
463	-0.24	0.	0.	0.52161
469	1.	0.	0.	2.7069e-004
471	-1.24	0.	0.	2.6762e-004
474	-1.24	0.	1.045	9.6062e-006
475	1.	0.	1.045	9.4924e-006
476	4.5455e-002	0.	0.	0.18013
477	-0.28545	0.	0.	0.18951
478	0.12667	0.	0.545	6.3394e-004
479	-0.36667	0.	0.545	5.8716e-004
480	-2.1212e-003	0.	0.295	3.6786e-003
481	-0.31354	0.	0.28733	3.6535e-003
482	-0.79668	0.	0.48982	3.5371e-004
483	0.56333	0.	0.51	3.3631e-004
484	-6.8626e-002	0.	0.17	1.8174e-002
485	-1.0882e-002	0.	0.18322	1.4101e-002
486	-0.27167	0.	0.17	1.725e-002
487	-0.55559	0.	0.38355	1.0387e-003
488	0.24515	0.	0.2725	2.6207e-003
489	-0.17391	0.	0.41913	1.4038e-003
490	-0.10599	0.	0.55015	6.0647e-004
491	-0.47667	0.	0.795	1.8975e-004
492	0.23667	0.	0.795	1.7011e-004
493	-5.6646e-002	0.	0.80256	1.254e-004
494	0.64167	0.	0.7775	1.1316e-004
495	-0.86303	0.	0.7732	1.2898e-004
496	-0.13091	0.	0.295	3.9217e-003
497	0.59645	0.	0.33529	4.6063e-004
498	-0.85798	0.	0.34	4.2642e-004
499	-0.14217	0.	8.6667e-002	5.7426e-002
500	0.39812	0.	0.52852	4.9463e-004
501	-0.16315	0.	0.71792	2.1354e-004
502	-0.6004	0.	0.26833	1.3502e-003
503	-0.47942	0.	0.21187	3.6416e-003
504	-0.68197	0.	0.60181	3.0871e-004
505	-0.20692	0.	0.17	1.8461e-002
506	-4.4084e-002	0.	0.36672	2.3298e-003
507	9.2535e-002	0.	0.22591	6.8157e-003
508	4.6481e-002	0.	0.15724	1.8741e-002
509	0.70889	0.	0.53	1.9421e-004
510	-0.94889	0.	0.53	1.909e-004
511	-0.23098	0.	8.0864e-002	9.7075e-002
512	-6.448e-002	0.	0.11431	4.3322e-002
513	0.37924	0.	0.27682	1.3194e-003
514	2.9494e-002	0.	0.37989	1.8426e-003
515	-0.63491	0.	0.81906	1.5048e-004
516	0.50667	0.	0.78333	1.328e-004
517	-2.6312e-002	0.	8.5405e-002	8.8958e-002
518	-1.049	0.	0.265	2.8866e-004
519	0.80899	0.	0.265	2.9415e-004
520	-0.23274	0.	0.89555	8.1027e-005
521	2.6667e-002	0.	0.67	2.8648e-004
522	-0.53056	0.	0.575	4.3365e-004
523	0.18171	0.	0.41814	1.1849e-003
524	-0.43628	0.	0.36222	1.528e-003
525	-0.35843	0.	0.74847	1.951e-004
526	-0.35017	0.	0.42319	1.2939e-003
527	0.46399	0.	0.13577	1.1869e-003
528	-1.0854	0.	0.75741	7.3543e-005
529	0.85269	0.	0.72238	9.0396e-005
530	-0.37491	0.	0.1971	7.2527e-003
531	0.32722	0.	0.65833	2.6873e-004
532	2.7003e-002	0.	9.8056e-002	5.528e-002
533	8.1667e-002	0.	0.795	1.5529e-004
534	-0.69293	0.	0.13417	1.2497e-003
535	-3.9596e-002	0.	0.46167	1.0756e-003
536	-0.84796	0.	0.17122	6.1968e-004
537	0.62717	0.	0.17	6.4273e-004
538	0.25657	0.	0.53354	5.6078e-004
539	0.14278	0.	0.30634	2.6813e-003
540	-0.1098	0.	0.12833	3.0866e-002
541	-0.69974	0.	0.35964	6.8894e-004
542	-0.26636	0.	0.56138	6.2588e-004
543	-9.8535e-002	0.	8.6667e-002	5.4672e-002
544	-0.14217	0.	0.17	1.5875e-002
545	0.16318	0.	0.65866	3.3512e-004
546	-3.9773e-002	0.	0.2325	7.9588e-003
547	0.20633	0.	0.12403	6.8188e-003
548	0.85152	0.	0.93494	3.7242e-005
549	-1.0657	0.	0.92495	4.1613e-005
550	-0.17455	0.	0.12833	3.5233e-002
551	-0.43123	0.	0.65097	3.2261e-004
552	-0.16891	0.	0.2325	8.3727e-003
553	0.45201	0.	0.38998	6.587e-004
554	-0.18432	0.	8.2225e-002	8.7789e-002
555	0.313	0.	0.41427	9.5412e-004
556	-0.68925	0.	0.93808	1.0602e-004
557	0.44048	0.	0.93107	1.0689e-004
558	-0.21712	0.	0.295	3.9437e-003
559	8.5579e-003	0.	0.55969	4.8386e-004
560	-0.35468	0.	9.2194e-002	1.8332e-002
561	-0.30162	0.	6.4888e-002	5.4053e-002
562	-0.54723	0.	0.11778	2.5264e-003
563	-1.108	0.	0.51375	1.4425e-004
564	0.86834	0.	0.51328	1.4989e-004
565	-0.46	0.	0.47375	8.328e-004
566	2.75e-002	0.	0.92	6.9769e-005
567	0.46222	0.	0.6525	2.211e-004
568	0.32185	0.	0.13485	2.5476e-003
569	-0.28744	0.	0.66221	3.0496e-004
570	0.57518	0.	0.91318	9.2789e-005
571	0.8796	0.	0.13195	2.7536e-004
572	-1.1196	0.	0.13193	2.83e-004
573	-0.55055	0.	0.92661	1.2542e-004
574	0.37167	0.	0.78917	1.5601e-004
575	0.77145	0.	0.40396	2.3293e-004
576	-1.0115	0.	0.40396	2.1659e-004
577	-0.83133	0.	0.63302	1.9678e-004
578	0.6025	0.	0.64375	1.9346e-004
579	-0.10434	0.	0.2325	7.7619e-003
580	-0.73263	0.	0.72826	1.8081e-004
581	-0.28646	0.	0.35126	2.1926e-003
582	-0.34504	0.	0.84879	1.2361e-004
583	-0.10784	0.	0.93651	4.5237e-005
584	-0.62096	0.	0.48214	5.429e-004
585	-0.90611	0.	0.9178	7.2616e-005
586	0.17839	0.	0.92974	1.1359e-004
587	0.47928	0.	0.27299	8.1585e-004
588	-0.7702	0.	0.26253	7.3744e-004
589	8.3737e-002	0.	0.46167	1.003e-003
590	-0.45165	0.	0.10958	6.7977e-003
591	-0.22022	0.	0.22693	8.1619e-003
592	0.16308	0.	0.23833	5.208e-003
593	0.11634	0.	0.154	1.2873e-002
594	-0.57883	0.	0.6909	2.2984e-004
595	-0.10357	0.	0.40403	1.5638e-003
596	-0.19957	0.	0.61571	4.0788e-004
597	-6.e-002	0.	0.70125	2.248e-004
598	-1.7071e-002	0.	0.12833	3.3206e-002
599	-6.6515e-002	0.	0.295	3.9469e-003
600	-0.15765	0.	0.3575	2.3412e-003
601	-6.4746e-002	0.	7.5002e-002	8.5487e-002
602	-1.134	0.	0.37425	1.9724e-004
603	0.89404	0.	0.37425	2.0734e-004
604	-0.97952	0.	0.12913	4.023e-004
605	0.7418	0.	0.12929	4.3362e-004
606	2.4575e-002	0.	0.22805	7.7288e-003
607	0.3125	0.	0.91708	1.2252e-004
608	-0.78708	0.	0.84729	1.0633e-004
609	-0.28947	0.	0.22404	8.5915e-003
610	0.71167	0.	0.6825	1.2645e-004
611	-0.95167	0.	0.6825	1.3241e-004
612	0.71289	0.	0.93543	6.082e-005
613	-0.24941	0.	0.42369	1.4095e-003
614	-0.24466	0.	0.13209	3.009e-002
615	-1.0454	0.	0.61972	1.193e-004
616	0.80759	0.	0.61536	1.308e-004
617	-0.12339	0.	0.46767	9.4619e-004
618	-0.32599	0.	0.95697	8.1348e-005
619	0.91932	0.	0.64002	9.2614e-005
620	-1.1578	0.	0.64463	9.672e-005
621	7.0623e-002	0.	0.10573	2.8155e-002
622	6.5669e-002	0.	0.30073	3.6865e-003
623	-0.49752	0.	0.30267	1.8599e-003
624	0.11898	0.	7.2753e-002	2.6495e-002
625	-0.40479	0.	0.27576	3.4124e-003
626	3.6229e-002	0.	4.9028e-002	0.11562
627	-0.11656	0.	0.6407	3.2191e-004
628	-1.1718	0.	0.84586	4.523e-005
629	0.90517	0.	0.83189	4.7745e-005
630	-0.16167	0.	0.82826	1.1453e-004
631	-0.25337	0.	0.78517	1.5078e-004
632	-0.19301	0.	0.504	8.4251e-004
633	-0.15836	0.	6.5833e-002	9.7342e-002
634	-0.11472	0.	6.5833e-002	7.2418e-002
635	0.10652	0.	0.38266	1.8157e-003
636	-0.81222	0.	0.95457	8.6716e-005
637	-0.90343	0.	0.435	2.876e-004
638	0.67004	0.	0.41811	2.829e-004
639	0.77927	0.	0.81411	7.5099e-005
640	-0.43194	0.	0.93042	1.0703e-004
641	-0.28617	0.	0.11273	3.3423e-002
642	-0.31566	0.	0.16105	1.3989e-002
643	-0.2637	0.	5.6548e-002	0.14633
644	0.70265	0.	0.28694	3.5738e-004
645	-0.95348	0.	0.3025	3.3366e-004
646	-9.8302e-002	0.	0.34436	2.3786e-003
647	-0.97431	0.	0.81146	7.7023e-005
648	0.91031	0.	0.24355	2.32e-004
649	-1.1503	0.	0.24355	2.3866e-004
650	-0.36129	0.	0.3327	2.1933e-003
651	9.0706e-003	0.	6.8556e-002	0.14769
652	-0.2169	0.	0.36771	2.0265e-003
2052	-1.0909e-002	0.	4.5e-002	0.20865
2053	0.	0.	3.75e-002	0.28521
2055	1.8114e-002	0.	4.7014e-002	0.17338
2056	4.5353e-003	0.	5.6778e-002	0.19162
2059	-3.2727e-002	0.	4.5e-002	0.17664
2062	-2.4065e-002	0.	6.5203e-002	0.1422
2063	-6.3738e-003	0.	5.6778e-002	0.16933
2067	-5.4545e-002	0.	4.5e-002	0.1472
2070	-3.4974e-002	0.	6.5203e-002	0.12581
2071	-5.4191e-002	0.	6.0001e-002	0.12369
2073	-7.6364e-002	0.	4.5e-002	0.11129
2076	-6.51e-002	0.	6.0001e-002	0.10896
2079	-9.8182e-002	0.	4.5e-002	8.8416e-002
2082	-9.2904e-002	0.	6.5833e-002	7.3605e-002
2083	-7.6009e-002	0.	6.0001e-002	8.8247e-002
2084	-0.101	0.	5.5417e-002	8.0774e-002
2087	-0.12	0.	4.5e-002	8.504e-002
2090	-0.11191	0.	5.5417e-002	7.9354e-002
2093	-0.14182	0.	4.5e-002	9.2034e-002
2096	-0.13654	0.	6.5833e-002	7.1213e-002
2097	-0.14463	0.	5.5417e-002	8.938e-002
2098	-0.12282	0.	5.5417e-002	7.858e-002
2101	-0.16364	0.	4.5e-002	0.11471
2104	-0.15554	0.	5.5417e-002	9.8432e-002
2106	-0.18545	0.	4.5e-002	0.15565
2109	-0.17943	0.	6.3612e-002	0.11075
2110	-0.16645	0.	5.5417e-002	0.11482
2112	-0.20727	0.	4.5e-002	0.18201
2115	-0.19034	0.	6.3612e-002	0.13321
2117	-0.22909	0.	4.5e-002	0.2065
2120	-0.22458	0.	6.2932e-002	0.14169
2121	-0.20125	0.	6.3612e-002	0.13658
2123	-0.24	0.	3.75e-002	0.29783
2125	-0.23549	0.	6.2932e-002	0.17254
2126	-0.25185	0.	5.0774e-002	0.20289
2130	-0.24	0.	1.5e-002	0.42588
2131	-0.26273	0.	1.5e-002	0.26705
2132	-0.25185	0.	4.3274e-002	0.24619
2188	0.	0.	1.5e-002	0.4296
2189	2.2727e-002	0.	1.5e-002	0.26438
2190	1.8114e-002	0.	3.9514e-002	0.23495
4173	0.13636	0.	0.	2.7296e-002
4174	6.8182e-002	0.	0.	0.11191
4175	0.10494	0.	3.6376e-002	3.4481e-002
4176	6.3569e-002	0.	2.4514e-002	7.7132e-002
4185	0.22727	0.	0.	7.4515e-003
4186	0.19407	0.	6.2016e-002	8.6265e-003
4187	0.1504	0.	3.6376e-002	1.8324e-002
4197	0.31818	0.	0.	3.1346e-003
4198	0.23953	0.	6.2016e-002	5.3281e-003
4199	0.29729	0.	6.7427e-002	3.2744e-003
4207	0.40909	0.	0.	1.8944e-003
4208	0.41382	0.	6.7887e-002	1.6819e-003
4209	0.34274	0.	6.7427e-002	2.3276e-003
4217	0.5	0.	0.	1.2435e-003
4218	0.45927	0.	6.7887e-002	1.3827e-003
4225	0.59091	0.	0.	7.5016e-004
4226	0.50472	0.	6.7887e-002	1.0349e-003
4227	0.58631	0.	8.5e-002	7.6342e-004
4234	0.68182	0.	0.	5.2717e-004
4235	0.63177	0.	8.5e-002	6.2059e-004
4236	0.68908	0.	6.4646e-002	5.2041e-004
4242	0.77273	0.	0.	3.9837e-004
4243	0.73454	0.	6.4646e-002	4.3876e-004
4246	0.86364	0.	0.	3.1659e-004
4247	0.84889	0.	6.5977e-002	3.1306e-004
4248	0.77999	0.	6.4646e-002	3.9168e-004
4256	0.95455	0.	4.75e-002	2.7662e-004
4257	0.95455	0.	0.	2.766e-004
4258	0.89434	0.	6.5977e-002	2.7876e-004
4261	-1.1036	0.	0.	3.1298e-004
4262	-1.1945	0.	4.75e-002	2.762e-004
4263	-1.1945	0.	0.	2.7694e-004
4264	-1.1344	0.	6.5963e-002	2.8447e-004
4268	-1.0127	0.	0.	3.9011e-004
4269	-1.0889	0.	6.5963e-002	3.1122e-004
4270	-1.0188	0.	6.4566e-002	3.7039e-004
4278	-0.92182	0.	0.	4.9235e-004
4279	-0.97339	0.	6.4566e-002	4.2032e-004
4283	-0.83091	0.	0.	7.9297e-004
4284	-0.86216	0.	8.561e-002	5.795e-004
4285	-0.92794	0.	6.4566e-002	4.7304e-004
4290	-0.74	0.	0.	1.3006e-003
4291	-0.73919	0.	6.7083e-002	1.141e-003
4292	-0.81671	0.	8.561e-002	8.2928e-004
4300	-0.64909	0.	0.	2.1193e-003
4301	-0.69374	0.	6.7083e-002	1.3931e-003
4307	-0.55818	0.	0.	3.8408e-003
4308	-0.64828	0.	6.7083e-002	1.9563e-003
4309	-0.57543	0.	5.8889e-002	2.5698e-003
4318	-0.46727	0.	0.	9.9897e-003
4319	-0.52998	0.	5.8889e-002	3.724e-003
4320	-0.48219	0.	5.4792e-002	5.805e-003
4327	-0.37636	0.	0.	3.0182e-002
4328	-0.38825	0.	4.6097e-002	1.6074e-002
4329	-0.43674	0.	5.4792e-002	1.0787e-002
4338	-0.30818	0.	0.	0.11739
4339	-0.34279	0.	4.6097e-002	3.1014e-002
4340	-0.31626	0.	3.2444e-002	4.8635e-002
4587	-1.24	0.	0.1425	2.5362e-004
4588	-1.24	0.	4.75e-002	2.6682e-004
4589	-1.1798	0.	0.11346	2.7447e-004
4594	-1.24	0.	0.2375	2.249e-004
4595	-1.1798	0.	0.16096	2.6203e-004
4596	-1.1952	0.	0.21678	2.3978e-004
4600	-1.24	0.	0.3325	1.9436e-004
4601	-1.187	0.	0.32962	2.0265e-004
4602	-1.1952	0.	0.26428	2.2358e-004
4605	-1.24	0.	0.4275	1.6763e-004
4606	-1.187	0.	0.37712	1.8841e-004
4608	-1.24	0.	0.5225	1.3519e-004
4609	-1.174	0.	0.49438	1.4938e-004
4610	-1.187	0.	0.42462	1.7622e-004
4614	-1.24	0.	0.6175	1.0255e-004
4615	-1.174	0.	0.54188	1.2954e-004
4616	-1.1989	0.	0.60732	1.0584e-004
4620	-1.24	0.	0.7125	7.8571e-005
4621	-1.1989	0.	0.65482	9.3136e-005
4623	-1.24	0.	0.8075	5.1774e-005
4624	-1.1627	0.	0.75871	6.9242e-005
4625	-1.1989	0.	0.70232	8.1961e-005
4626	-1.2059	0.	0.80293	5.6078e-005
4630	-1.24	0.	0.9025	2.8027e-005
4631	-1.2059	0.	0.85043	4.0732e-005
4637	-1.1933	0.	0.9975	1.9004e-005
4638	-1.24	0.	0.9975	1.4826e-005
4639	-1.1529	0.	0.93747	3.0073e-005
4640	-1.2059	0.	0.89793	3.2615e-005
4670	-1.1	0.	1.045	2.9232e-005
4671	-1.1933	0.	1.045	1.4262e-005
4672	-1.1062	0.	0.98497	3.0405e-005
4675	-1.0067	0.	1.045	4.6932e-005
4676	-1.0595	0.	0.98497	4.0154e-005
4679	-0.91333	0.	1.045	6.3477e-005
4680	-1.0129	0.	0.98497	4.6991e-005
4681	-0.93305	0.	0.9814	6.31e-005
4683	-0.82	0.	1.045	8.0462e-005
4684	-0.88639	0.	0.9814	7.2393e-005
4685	-0.83944	0.	0.99979	7.9772e-005
4689	-0.72667	0.	1.045	9.4799e-005
4690	-0.73129	0.	0.99154	9.7039e-005
4691	-0.79277	0.	0.99979	8.7302e-005
4695	-0.63333	0.	1.045	1.0316e-004
4696	-0.68462	0.	0.99154	1.037e-004
4698	-0.54	0.	1.045	1.0344e-004
4699	-0.63796	0.	0.99154	1.0525e-004
4700	-0.56861	0.	0.9858	1.1509e-004
4704	-0.44667	0.	1.045	9.5255e-005
4705	-0.52194	0.	0.9858	1.1375e-004
4706	-0.46264	0.	0.98771	1.0441e-004
4710	-0.35333	0.	1.045	7.9038e-005
4711	-0.363	0.	1.001	8.4663e-005
4712	-0.41597	0.	0.98771	9.7671e-005
4714	-0.26	0.	1.045	5.6806e-005
4715	-0.31633	0.	1.001	7.552e-005
4719	-0.16667	0.	1.045	2.3858e-005
4720	-0.22304	0.	0.97027	6.2068e-005
4721	-0.16059	0.	0.99076	3.714e-005
4722	-0.26966	0.	1.001	6.2781e-005
4727	-7.3333e-002	0.	1.045	2.3349e-005
4728	-0.11392	0.	0.99076	2.9937e-005
4730	2.e-002	0.	1.045	5.5111e-005
4731	4.1667e-004	0.	0.9825	5.1788e-005
4732	-6.7252e-002	0.	0.99076	3.4352e-005
4735	0.11333	0.	1.045	8.5179e-005
4736	4.7083e-002	0.	0.9825	7.2188e-005
4737	0.12253	0.	0.98737	9.5301e-005
4741	0.20667	0.	1.045	9.9949e-005
4742	0.1692	0.	0.98737	1.034e-004
4744	0.3	0.	1.045	1.0498e-004
4745	0.21586	0.	0.98737	1.0966e-004
4746	0.28292	0.	0.98104	1.1437e-004
4751	0.39333	0.	1.045	9.9964e-005
4752	0.39357	0.	0.98803	1.0522e-004
4753	0.32958	0.	0.98104	1.1316e-004
4757	0.48667	0.	1.045	9.1869e-005
4758	0.44024	0.	0.98803	1.0144e-004
4762	0.58	0.	1.045	7.8916e-005
4763	0.48691	0.	0.98803	9.7206e-005
4764	0.55426	0.	0.97909	8.9965e-005
4766	0.67333	0.	1.045	6.1587e-005
4767	0.60093	0.	0.97909	8.1568e-005
4768	0.66978	0.	0.99022	6.5378e-005
4773	0.76667	0.	1.045	4.6095e-005
4774	0.71644	0.	0.99022	5.656e-005
4776	0.86	0.	1.045	2.8767e-005
4777	0.83242	0.	0.98997	3.7664e-005
4778	0.76311	0.	0.99022	5.0144e-005
4783	0.95333	0.	0.9975	1.9151e-005
4784	0.95333	0.	1.045	1.3862e-005
4785	0.87909	0.	0.98997	2.7799e-005
4813	1.	0.	0.9025	3.1209e-005
4814	1.	0.	0.9975	1.5282e-005
4815	0.92576	0.	0.94247	2.8674e-005
4816	0.95258	0.	0.89095	3.4543e-005
4819	1.	0.	0.8075	5.3523e-005
4820	0.95258	0.	0.84345	4.4357e-005
4825	1.	0.	0.7125	8.0615e-005
4826	0.92635	0.	0.74119	7.7233e-005
4827	0.95966	0.	0.70001	7.9168e-005
4828	0.95258	0.	0.79595	5.6382e-005
4831	1.	0.	0.6175	1.0741e-004
4832	0.95966	0.	0.65251	9.4042e-005
4837	1.	0.	0.5225	1.3935e-004
4838	0.93417	0.	0.54164	1.342e-004
4839	0.95966	0.	0.60501	1.0581e-004
4842	1.	0.	0.4275	1.749e-004
4843	0.93417	0.	0.49414	1.5406e-004
4844	0.94702	0.	0.42462	1.8332e-004
4849	1.	0.	0.3325	2.0262e-004
4850	0.94702	0.	0.37712	1.984e-004
4852	1.	0.	0.2375	2.2951e-004
4853	0.94702	0.	0.32962	2.1054e-004
4854	0.95516	0.	0.26428	2.2343e-004
4857	1.	0.	0.1425	2.5738e-004
4858	0.9398	0.	0.16098	2.5964e-004
4859	0.95516	0.	0.21678	2.3794e-004
4862	1.	0.	4.75e-002	2.7069e-004
4863	0.9398	0.	0.11348	2.7294e-004
4866	2.2727e-002	0.	0.	0.34963
4874	-0.26273	0.	0.	0.35495
4883	4.0842e-002	0.	2.4514e-002	0.14339
4893	-0.29353	0.	3.2444e-002	0.12023
4894	-0.27458	0.	2.8274e-002	0.15908
4904	7.6667e-002	0.	0.6075	4.4463e-004
4905	0.15419	0.	0.48157	8.9958e-004
4906	0.19162	0.	0.53927	5.896e-004
4907	0.14492	0.	0.60183	4.845e-004
4908	6.7612e-002	0.	0.55234	5.2614e-004
4909	0.1052	0.	0.50333	8.1119e-004
4914	-0.44861	0.	0.56	4.9817e-004
4915	-0.35842	0.	0.48409	9.395e-004
4916	-0.31651	0.	0.55319	5.9213e-004
4917	-0.39895	0.	0.59798	4.5319e-004
4918	-0.41333	0.	0.50937	6.9438e-004
4919	-0.32705	0.	0.6036	4.3855e-004
4925	-2.3103e-002	0.	0.33086	2.9183e-003
4926	1.3686e-002	0.	0.33744	2.7604e-003
4927	-2.0947e-002	0.	0.26375	5.8025e-003
4928	-3.4318e-002	0.	0.295	3.6214e-003
4929	1.1227e-002	0.	0.26152	5.6279e-003
4930	3.1774e-002	0.	0.29786	3.622e-003
4935	-0.34423	0.	0.24222	5.2792e-003
4936	-0.26533	0.	0.29116	3.6388e-003
4937	-0.3	0.	0.31929	2.8776e-003
4938	-0.30151	0.	0.25568	6.12e-003
4939	-0.35917	0.	0.28155	3.4537e-003
4940	-0.33742	0.	0.31001	2.9206e-003
4946	-0.82733	0.	0.41491	3.8542e-004
4947	-0.73933	0.	0.54582	3.2677e-004
4948	-0.87279	0.	0.50991	2.7029e-004
4949	-0.74821	0.	0.42473	5.2082e-004
4950	-0.81401	0.	0.56142	2.7486e-004
4951	-0.70882	0.	0.48598	4.4503e-004
4952	-0.85006	0.	0.46241	3.1824e-004
4958	0.57989	0.	0.42264	3.9533e-004
4959	0.48073	0.	0.51926	4.1096e-004
4960	0.63611	0.	0.52	2.6433e-004
4961	0.50767	0.	0.44999	4.9747e-004
4962	0.51278	0.	0.58125	2.749e-004
4963	0.58292	0.	0.57687	2.6453e-004
4964	0.61668	0.	0.46405	3.069e-004
4968	-3.9754e-002	0.	0.17661	1.5696e-002
4969	-6.6553e-002	0.	0.14215	3.0672e-002
4970	-8.9212e-002	0.	0.14917	2.3619e-002
4971	-0.1054	0.	0.17	1.5292e-002
4972	-5.4199e-002	0.	0.20125	1.2971e-002
4973	-8.6484e-002	0.	0.20125	1.2795e-002
4974	-4.2848e-002	0.	0.14917	2.4345e-002
4979	1.7799e-002	0.	0.17023	1.5514e-002
4980	-2.5328e-002	0.	0.20786	1.0974e-002
4981	-1.3977e-002	0.	0.15578	2.3534e-002
4982	6.8464e-003	0.	0.20564	1.0802e-002
4986	-0.23929	0.	0.17	1.7066e-002
4987	-0.24594	0.	0.19847	1.2359e-002
4988	-0.28057	0.	0.19702	1.2915e-002
4989	-0.25817	0.	0.15104	2.3589e-002
4990	-0.27892	0.	0.14137	2.5054e-002
4991	-0.29366	0.	0.16553	1.5445e-002
4995	-0.578	0.	0.32594	1.1774e-003
4996	-0.49593	0.	0.37289	1.269e-003
4997	-0.62766	0.	0.37159	8.5426e-004
4998	-0.50779	0.	0.42865	9.2023e-004
4999	-0.58828	0.	0.43284	7.9071e-004
5000	-0.52656	0.	0.34311	1.4491e-003
5005	0.31219	0.	0.27466	1.962e-003
5006	0.21343	0.	0.34532	1.8533e-003
5007	0.19397	0.	0.28942	2.5675e-003
5008	0.22574	0.	0.19827	4.6436e-003
5009	0.27907	0.	0.34339	1.7826e-003
5010	0.2835	0.	0.20368	2.4967e-003
5011	0.20412	0.	0.25542	3.8993e-003
5016	-0.13874	0.	0.41158	1.4365e-003
5017	-0.16578	0.	0.38832	1.8696e-003
5018	-0.21166	0.	0.42141	1.3497e-003
5019	-0.14865	0.	0.4434	1.1696e-003
5020	-0.18346	0.	0.46157	1.1181e-003
5021	-0.19541	0.	0.39342	1.6774e-003
5025	-7.2791e-002	0.	0.50591	8.2096e-004
5026	-4.8714e-002	0.	0.55492	5.2265e-004
5027	-0.15278	0.	0.58293	4.8956e-004
5028	-0.11469	0.	0.50891	7.7253e-004
5029	-0.11128	0.	0.59542	4.6411e-004
5030	-0.1495	0.	0.52708	6.9411e-004
5035	-0.55579	0.	0.80703	1.6837e-004
5036	-0.41755	0.	0.77173	1.9028e-004
5037	-0.45395	0.	0.72298	2.5616e-004
5038	-0.51361	0.	0.8608	1.572e-004
5039	-0.41085	0.	0.8219	1.5512e-004
5040	-0.52775	0.	0.74295	2.0789e-004
5041	-0.45431	0.	0.86271	1.4839e-004
5045	0.28194	0.	0.72667	2.1742e-004
5046	0.15917	0.	0.795	1.5811e-004
5047	0.19992	0.	0.72683	2.5221e-004
5048	0.30417	0.	0.79208	1.6224e-004
5049	0.20753	0.	0.86237	1.4176e-004
5050	0.27458	0.	0.85604	1.4604e-004
5053	-0.1099	0.	0.76024	1.6202e-004
5054	1.251e-002	0.	0.79878	1.3347e-004
5055	-1.4573e-002	0.	0.86128	9.2524e-005
5056	-8.2241e-002	0.	0.86954	8.4735e-005
5057	-5.8323e-002	0.	0.75191	1.7508e-004
5058	-0.10916	0.	0.81541	1.1345e-004
5063	0.57417	0.	0.78042	1.2248e-004
5064	0.60843	0.	0.84534	1.0161e-004
5065	0.62208	0.	0.71062	1.5312e-004
5066	0.67667	0.	0.73	1.1864e-004
5067	0.67728	0.	0.85647	8.6562e-005
5068	0.71047	0.	0.7958	9.3723e-005
5072	-0.84718	0.	0.70311	1.6268e-004
5073	-0.79783	0.	0.75073	1.5411e-004
5074	-0.88457	0.	0.8455	1.0016e-004
5075	-0.82506	0.	0.81024	1.1672e-004
5076	-0.90735	0.	0.72785	1.296e-004
5077	-0.91867	0.	0.79233	1.0286e-004
5083	-0.14991	0.	0.26375	5.9997e-003
5084	-0.17402	0.	0.295	3.6646e-003
5085	-0.11763	0.	0.26375	5.708e-003
5086	-9.8712e-002	0.	0.295	3.7594e-003
5087	-0.14428	0.	0.32625	3.1139e-003
5088	-0.11461	0.	0.31968	3.1153e-003
5092	0.61181	0.	0.25264	5.4655e-004
5093	0.52423	0.	0.36264	5.5466e-004
5094	0.53786	0.	0.30414	6.3782e-004
5095	0.63324	0.	0.3767	3.714e-004
5096	0.64955	0.	0.31112	4.0729e-004
5102	-0.85297	0.	0.25561	5.1674e-004
5103	-0.77886	0.	0.34982	5.5438e-004
5104	-0.81409	0.	0.30126	5.8169e-004
5105	-0.88071	0.	0.3875	3.5684e-004
5106	-0.90573	0.	0.32125	3.7849e-004
5110	-0.12598	0.	0.1075	4.3246e-002
5111	-0.12035	0.	8.6667e-002	5.2894e-002
5112	-0.15836	0.	0.1075	4.526e-002
5113	-0.16325	0.	8.4446e-002	6.9265e-002
5114	-0.15027	0.	7.625e-002	7.6851e-002
5115	-0.12845	0.	7.625e-002	6.3662e-002
5120	0.36267	0.	0.59343	3.7785e-004
5121	0.32734	0.	0.53103	5.2068e-004
5122	0.42506	0.	0.45925	5.708e-004
5123	0.35556	0.	0.4714	7.2427e-004
5124	0.43017	0.	0.59051	3.578e-004
5130	-0.22529	0.	0.69006	2.4772e-004
5131	-0.18136	0.	0.66682	3.096e-004
5132	-0.11157	0.	0.70958	2.0898e-004
5133	-0.13986	0.	0.67931	2.6258e-004
5134	-0.16241	0.	0.77309	1.6399e-004
5135	-0.20826	0.	0.75155	1.7672e-004
5140	-0.53991	0.	0.2401	2.4943e-003
5141	-0.64667	0.	0.20125	1.2673e-003
5142	-0.65007	0.	0.31399	1.0194e-003
5143	-0.57382	0.	0.19306	1.9153e-003
5144	-0.6853	0.	0.26543	1.0373e-003
5145	-0.54896	0.	0.2855	1.5793e-003
5149	-0.42716	0.	0.20449	5.3987e-003
5150	-0.51332	0.	0.16483	3.0279e-003
5151	-0.46554	0.	0.16073	5.1543e-003
5152	-0.48847	0.	0.25727	2.7243e-003
5153	-0.4421	0.	0.24382	3.459e-003
5157	-0.60626	0.	0.58841	3.6853e-004
5158	-0.75665	0.	0.61741	2.5062e-004
5159	-0.7073	0.	0.66504	2.4473e-004
5160	-0.65147	0.	0.54197	4.2546e-004
5161	-0.6304	0.	0.64635	2.6699e-004
5166	-0.17455	0.	0.17	1.6018e-002
5167	-0.19073	0.	0.14917	2.6701e-002
5168	-0.18792	0.	0.20125	1.3222e-002
5169	-0.21357	0.	0.19847	1.3298e-002
5170	-0.22579	0.	0.15104	2.3759e-002
5174	-7.2953e-003	0.	0.3733	2.0174e-003
5175	-4.184e-002	0.	0.41419	1.7024e-003
5176	-7.3826e-002	0.	0.38537	1.9167e-003
5177	-5.53e-002	0.	0.33086	3.1306e-003
5178	-7.1193e-002	0.	0.35554	2.2984e-003
5182	6.9508e-002	0.	0.19157	1.2772e-002
5183	0.11766	0.	0.26612	4.7423e-003
5184	0.12781	0.	0.23212	5.9756e-003
5185	0.10444	0.	0.18995	9.6023e-003
5186	5.8555e-002	0.	0.22698	7.155e-003
5187	7.9102e-002	0.	0.26332	5.1804e-003
5190	3.6742e-002	0.	0.12765	3.698e-002
5191	8.141e-002	0.	0.15562	1.5433e-002
5192	1.4705e-002	0.	0.14279	2.5338e-002
5193	3.5528e-002	0.	0.19264	1.3045e-002
5194	5.8552e-002	0.	0.13148	2.2977e-002
5200	0.78861	0.	0.52164	1.6957e-004
5201	0.74017	0.	0.46698	2.1238e-004
5202	0.65569	0.	0.58687	1.9192e-004
5203	0.71028	0.	0.60625	1.601e-004
5204	0.75824	0.	0.57268	1.6213e-004
5205	0.68946	0.	0.47405	2.3829e-004
5209	-1.0285	0.	0.52188	1.6504e-004
5210	-0.98017	0.	0.46698	2.025e-004
5211	-0.89011	0.	0.58151	1.9142e-004
5212	-0.95028	0.	0.60625	1.6129e-004
5213	-0.99717	0.	0.57486	1.5501e-004
5214	-0.92616	0.	0.4825	2.3921e-004
5218	-0.20276	0.	0.1046	6.2637e-002
5219	-0.20765	0.	8.1544e-002	8.88e-002
5220	-0.23782	0.	0.10648	6.3439e-002
5221	-0.25857	0.	9.6798e-002	6.4195e-002
5222	-0.24734	0.	6.8706e-002	0.11459
5230	-4.5396e-002	0.	9.9858e-002	6.4316e-002
5231	-8.7139e-002	0.	0.12132	3.4797e-002
5232	-8.1508e-002	0.	0.10049	4.7679e-002
5233	-4.0775e-002	0.	0.12132	3.6968e-002
5234	-6.4613e-002	0.	9.4656e-002	6.4401e-002
5239	0.42162	0.	0.2063	1.2134e-003
5240	0.41562	0.	0.3334	9.8817e-004
5241	0.34612	0.	0.34555	1.1194e-003
5242	0.35054	0.	0.20584	1.9099e-003
5243	0.42926	0.	0.27491	1.0644e-003
5248	-5.051e-003	0.	0.42078	1.4116e-003
5249	5.6616e-002	0.	0.42078	1.4228e-003
5250	4.7582e-002	0.	0.34031	2.7298e-003
5251	6.8009e-002	0.	0.38127	1.8018e-003
5255	-0.66208	0.	0.87857	1.2822e-004
5256	-0.59273	0.	0.87283	1.3759e-004
5257	-0.68377	0.	0.77366	1.6471e-004
5258	-0.60687	0.	0.75498	1.9009e-004
5259	-0.711	0.	0.83317	1.2796e-004
5263	0.47357	0.	0.8572	1.1901e-004
5264	0.48444	0.	0.71792	1.7684e-004
5265	0.54093	0.	0.84826	1.125e-004
5266	0.43917	0.	0.78625	1.4304e-004
5267	0.55458	0.	0.71354	1.616e-004
5271	3.4544e-004	0.	9.173e-002	6.9276e-002
5272	-2.1692e-002	0.	0.10687	6.1074e-002
5273	-4.5529e-002	0.	8.0204e-002	8.4325e-002
5274	-8.6209e-003	0.	7.6981e-002	0.11426
5279	-1.0843	0.	0.19846	2.8494e-004
5280	-1.0302	0.	0.33448	2.5178e-004
5281	-1.0915	0.	0.31962	2.4279e-004
5282	-1.0143	0.	0.19707	3.4514e-004
5283	-1.0012	0.	0.28375	3.1039e-004
5284	-1.0997	0.	0.25428	2.6314e-004
5290	0.84429	0.	0.19848	2.8349e-004
5291	0.79022	0.	0.33448	2.6247e-004
5292	0.85151	0.	0.31962	2.5063e-004
5293	0.77539	0.	0.19715	3.6328e-004
5294	0.75582	0.	0.27597	3.2495e-004
5295	0.85965	0.	0.25428	2.6216e-004
5300	-0.28889	0.	0.87217	1.0066e-004
5301	-0.17029	0.	0.91603	5.7976e-005
5302	-0.27936	0.	0.92626	7.7914e-005
5303	-0.1972	0.	0.8619	9.5351e-005
5304	-0.24306	0.	0.84036	1.159e-004
5309	5.4167e-002	0.	0.7325	2.2012e-004
5310	9.4924e-002	0.	0.66433	2.9953e-004
5311	1.7612e-002	0.	0.61484	3.8441e-004
5312	-1.6667e-002	0.	0.68562	2.489e-004
5313	-4.4949e-002	0.	0.65535	2.8715e-004
5318	-0.48089	0.	0.61298	3.749e-004
5319	-0.49528	0.	0.52437	6.332e-004
5320	-0.57576	0.	0.52857	4.8193e-004
5321	-0.55469	0.	0.63295	3.3166e-004
5324	0.21914	0.	0.47584	8.7273e-004
5325	0.16224	0.	0.36224	1.9324e-003
5326	0.24735	0.	0.41621	1.0551e-003
5327	0.13272	0.	0.4399	1.0487e-003
5328	0.14411	0.	0.4004	1.4893e-003
5332	-0.39322	0.	0.3927	1.3848e-003
5333	-0.44814	0.	0.41798	1.1799e-003
5334	-0.4669	0.	0.33245	1.6771e-003
5335	-0.42053	0.	0.31899	2.4615e-003
5336	-0.39878	0.	0.34746	1.8481e-003
5340	-0.39483	0.	0.69972	2.5581e-004
5341	-0.32294	0.	0.70534	2.4817e-004
5342	-0.35174	0.	0.79863	1.5933e-004
5343	-0.3059	0.	0.76682	1.7016e-004
5347	-0.30826	0.	0.49228	9.2979e-004
5348	-0.40508	0.	0.44847	1.0498e-003
5349	-0.31831	0.	0.38723	1.733e-003
5350	-0.29979	0.	0.42344	1.3109e-003
5351	-0.35573	0.	0.37794	1.7374e-003
5356	0.54558	0.	0.15289	9.1477e-004
5357	0.39292	0.	0.13531	1.861e-003
5358	0.47164	0.	0.20438	9.8566e-004
5364	-1.0756	0.	0.84118	5.609e-005
5365	-1.0185	0.	0.71996	1.0254e-004
5366	-1.0654	0.	0.68856	9.641e-005
5367	-1.1216	0.	0.70102	8.4124e-005
5368	-1.1286	0.	0.80163	5.9088e-005
5369	-1.0298	0.	0.78443	7.4167e-005
5373	0.78218	0.	0.70244	1.0784e-004
5374	0.83014	0.	0.66887	1.1058e-004
5375	0.886	0.	0.6812	9.0513e-005
5376	0.87893	0.	0.77714	6.9035e-005
5377	0.81598	0.	0.76825	8.1869e-005
5381	-0.36479	0.	0.14465	1.2604e-002
5382	-0.41328	0.	0.15334	6.6955e-003
5383	-0.33219	0.	0.21057	7.6987e-003
5384	-0.38985	0.	0.23643	5.3246e-003
5385	-0.34528	0.	0.17908	1.0593e-002
5389	0.29189	0.	0.59594	4.1464e-004
5390	0.2452	0.	0.6585	2.9668e-004
5391	0.39472	0.	0.65542	2.4289e-004
5392	0.34944	0.	0.72375	2.1209e-004
5398	4.9663e-003	0.	0.11319	4.2659e-002
5399	4.8813e-002	0.	0.10189	4.1248e-002
5400	3.1616e-002	0.	7.3542e-002	8.2765e-002
5401	1.8037e-002	0.	8.3306e-002	0.10146
5406	0.12242	0.	0.72683	2.4164e-004
5407	5.4583e-002	0.	0.8575	1.1251e-004
5408	0.13003	0.	0.86237	1.3175e-004
5409	1.0833e-002	0.	0.74812	1.8077e-004
5414	-0.77045	0.	0.15269	9.3427e-004
5415	-0.62008	0.	0.12597	1.8827e-003
5416	-0.73157	0.	0.19835	9.8798e-004
5420	-1.5519e-002	0.	0.51068	7.7832e-004
5421	2.2071e-002	0.	0.46167	1.0011e-003
5422	-7.1582e-002	0.	0.43285	1.3004e-003
5423	-8.1494e-002	0.	0.46467	9.5684e-004
5427	-0.80908	0.	0.21687	6.7256e-004
5428	-0.91374	0.	0.15018	5.1035e-004
5429	-0.90072	0.	0.23686	4.7566e-004
5434	0.55322	0.	0.2215	7.1887e-004
5435	0.68449	0.	0.14965	5.3662e-004
5436	0.66491	0.	0.22847	4.9932e-004
5442	0.20987	0.	0.5961	4.4172e-004
5443	0.28478	0.	0.47391	7.4888e-004
5446	0.15293	0.	0.27234	3.8991e-003
5447	0.10423	0.	0.30354	3.1608e-003
5448	0.12465	0.	0.3445	2.2335e-003
5454	-0.10417	0.	0.1075	4.2461e-002
5455	-0.12598	0.	0.14917	2.3052e-002
5456	-0.14217	0.	0.12833	3.e-002
5461	-0.66035	0.	0.42089	6.0775e-004
5462	-0.73497	0.	0.31108	7.0662e-004
5466	-0.2769	0.	0.61179	4.6529e-004
5467	-0.23296	0.	0.58854	5.0783e-004
5468	-0.25788	0.	0.49253	1.0175e-003
5469	-0.22968	0.	0.53269	7.2423e-004
5473	-8.1641e-002	0.	8.0834e-002	6.8376e-002
5474	-0.10663	0.	7.625e-002	6.2948e-002
5479	-0.15836	0.	0.14917	2.4822e-002
5480	-0.15554	0.	0.20125	1.1937e-002
5481	-0.12326	0.	0.20125	1.1419e-002
5489	-7.2058e-002	0.	0.2325	7.4854e-003
5490	-5.3144e-002	0.	0.26375	5.8041e-003
5491	-7.5987e-003	0.	0.23027	7.5912e-003
5495	0.26409	0.	0.12944	4.6765e-003
5496	0.18471	0.	0.18118	5.7611e-003
5497	0.16133	0.	0.13902	9.7131e-003
5498	0.16265	0.	9.8393e-002	1.6656e-002
5503	0.7822	0.	0.93519	4.8461e-005
5504	0.87834	0.	0.88342	4.149e-005
5505	0.81539	0.	0.87452	5.6123e-005
5510	-0.98592	0.	0.92138	5.6835e-005
5511	-1.1188	0.	0.8854	4.0935e-005
5512	-1.02	0.	0.8682	5.9193e-005
5518	-0.17943	0.	0.10528	6.1304e-002
5519	-0.20961	0.	0.13021	3.0992e-002
5524	-0.35933	0.	0.65659	3.0128e-004
5525	-0.50503	0.	0.67093	2.7402e-004
5529	-0.19302	0.	0.26375	6.107e-003
5530	-0.13663	0.	0.2325	7.2202e-003
5531	-0.19457	0.	0.22972	8.0453e-003
5536	0.3825	0.	0.40213	7.9779e-004
5537	0.46564	0.	0.33149	7.3345e-004
5540	-0.17134	0.	7.4029e-002	9.0879e-002
5548	-0.6199	0.	0.93234	1.155e-004
5549	-0.73817	0.	0.89268	1.0568e-004
5550	-0.75073	0.	0.94633	9.6324e-005
5555	0.50783	0.	0.92213	9.9739e-005
5556	0.40607	0.	0.86012	1.3143e-004
5557	0.37649	0.	0.92408	1.1451e-004
5562	-0.25179	0.	0.32313	3.0498e-003
5563	-0.21867	0.	0.26097	6.0254e-003
5564	-0.18739	0.	0.32625	3.0401e-003
5565	-0.2533	0.	0.25952	5.9904e-003
5566	-0.21701	0.	0.33136	2.971e-003
5570	4.6148e-002	0.	0.51068	7.291e-004
5571	-5.4003e-002	0.	0.60019	3.887e-004
5576	-0.32815	0.	7.8541e-002	3.6153e-002
5577	-0.40316	0.	0.10089	1.2496e-002
5578	-0.32042	0.	0.10246	2.5175e-002
5579	-0.33517	0.	0.12662	1.5608e-002
5586	-0.29389	0.	8.881e-002	4.198e-002
5587	-0.28266	0.	6.0718e-002	9.9447e-002
5591	-0.49944	0.	0.11368	4.6606e-003
5597	-1.0597	0.	0.45885	1.8001e-004
5598	-1.121	0.	0.444	1.7054e-004
5599	-1.0767	0.	0.56673	1.3043e-004
5600	-1.1329	0.	0.57919	1.2048e-004
5604	0.81989	0.	0.45862	1.9101e-004
5605	0.88119	0.	0.44376	1.7837e-004
5606	0.83796	0.	0.56432	1.3962e-004
5607	0.89383	0.	0.57665	1.212e-004
5612	-0.54048	0.	0.47794	6.7829e-004
5616	-4.0168e-002	0.	0.92826	5.1561e-005
5617	0.10295	0.	0.92487	9.0259e-005
5622	0.41694	0.	0.72083	1.8611e-004
5623	0.53236	0.	0.64812	2.0591e-004
5632	-0.2435	0.	0.63896	3.483e-004
5633	-0.2704	0.	0.72369	2.275e-004
5638	0.64403	0.	0.92431	7.667e-005
5643	0.8107	0.	0.13062	3.5425e-004
5644	0.89495	0.	0.18775	2.5363e-004
5651	-1.0496	0.	0.13053	3.4237e-004
5652	-1.135	0.	0.18774	2.608e-004
5655	-0.49125	0.	0.92851	1.159e-004
5661	0.34208	0.	0.85312	1.3916e-004
5665	0.83274	0.	0.3891	2.1859e-004
5666	0.72074	0.	0.41103	2.5734e-004
5667	0.73705	0.	0.34545	2.9508e-004
5672	-1.0727	0.	0.3891	2.0554e-004
5673	-0.95744	0.	0.41948	2.5059e-004
5674	-0.98247	0.	0.35323	2.7511e-004
5679	-0.78198	0.	0.68064	1.8691e-004
5680	-0.8915	0.	0.65776	1.6392e-004
5683	0.65708	0.	0.66312	1.5921e-004
5688	-8.5429e-002	0.	0.26375	5.8404e-003
5693	-0.65573	0.	0.70958	2.039e-004
5694	-0.75986	0.	0.78778	1.4353e-004
5698	-0.26793	0.	0.38748	1.7836e-003
5699	-0.32387	0.	0.34198	2.1547e-003
5700	-0.25168	0.	0.35949	2.0603e-003
5703	-0.33551	0.	0.90288	1.0198e-004
5704	-0.2992	0.	0.81698	1.3488e-004
5705	-0.38849	0.	0.88961	1.1418e-004
5709	-0.13475	0.	0.88238	7.8606e-005
5717	-0.8466	0.	0.88255	8.9469e-005
5718	-0.85916	0.	0.93619	7.9427e-005
5719	-0.94021	0.	0.86463	7.3766e-005
5724	0.24545	0.	0.92341	1.1748e-004
5736	9.5131e-002	0.	0.42216	1.3916e-003
5745	-0.25485	0.	0.22548	8.1671e-003
5749	0.13971	0.	0.19617	8.9841e-003
5754	9.348e-002	0.	0.12986	2.0503e-002
5755	0.11766	0.	0.11338	1.9396e-002
5762	-0.13061	0.	0.38077	1.8691e-003
5763	-0.11348	0.	0.43585	1.2407e-003
5764	-0.10093	0.	0.3742	1.9698e-003
5768	-0.15807	0.	0.6282	3.5009e-004
5769	-0.19629	0.	0.55986	6.25e-004
5774	-8.8282e-002	0.	0.67097	2.7187e-004
5783	-8.2408e-002	0.	0.31968	3.1313e-003
5787	-0.12798	0.	0.35093	2.28e-003
5788	-0.18728	0.	0.36261	2.1547e-003
5798	-1.1422	0.	0.3089	2.1787e-004
5803	0.90217	0.	0.3089	2.1935e-004
5808	-0.9665	0.	0.21582	3.6557e-004
5814	0.72222	0.	0.20812	3.9221e-004
5820	4.5122e-002	0.	0.26439	5.7073e-003
5828	-0.79965	0.	0.90093	9.6294e-005
5832	-0.30257	0.	0.19254	1.1117e-002
5837	0.75963	0.	0.64893	1.277e-004
5838	0.74547	0.	0.7483	1.0066e-004
5840	-0.99855	0.	0.65111	1.2522e-004
5841	-0.96299	0.	0.74698	1.0443e-004
5844	0.74608	0.	0.87477	6.664e-005
5848	-0.22121	0.	0.46385	1.1073e-003
5849	-0.23315	0.	0.3957	1.7134e-003
5854	-0.26542	0.	0.12241	3.0819e-002
5858	-1.1016	0.	0.63217	1.0681e-004
5863	0.86345	0.	0.62769	1.1077e-004
5867	-0.1582	0.	0.48584	8.7772e-004
5871	-0.37897	0.	0.9437	9.4086e-005
5880	9.48e-002	0.	8.924e-002	2.6773e-002
5881	5.3426e-002	0.	7.7377e-002	7.159e-002
5885	8.6097e-002	0.	0.3417	2.7511e-003
5888	-0.45116	0.	0.28922	2.6319e-003
5892	7.7603e-002	0.	6.089e-002	7.0891e-002
5896	-0.38304	0.	0.30423	2.7447e-003
5901	2.265e-002	0.	5.8792e-002	0.12629
5914	0.84222	0.	0.823	6.0492e-005
5917	-0.20752	0.	0.80672	1.2933e-004
5936	-0.92846	0.	0.36875	3.0833e-004
5940	0.68634	0.	0.35252	3.19e-004
5951	-0.30091	0.	0.13689	2.3692e-002
5952	-0.27493	0.	8.464e-002	8.9204e-002
