Node Number	X Location (m)	Y Location (m)	Z Location (m)	Total Magnetic Flux Density (T)
95	-0.4	0.	5.e-002	0.82967
96	-0.375	0.	5.e-002	1.167
97	-0.35	0.	5.e-002	1.5774
98	-0.3	0.	5.e-002	1.9864
99	-0.25	0.	5.e-002	2.212
100	-0.2	0.	5.e-002	2.3333
101	-0.15	0.	5.e-002	2.2775
102	-0.1	0.	5.e-002	1.8764
103	-5.e-002	0.	5.e-002	1.5104
104	0.	0.	5.e-002	0.84586
105	-2.5e-002	0.	5.e-002	1.1168
169	-2.5e-002	0.	-5.e-002	1.1244
170	0.	0.	-5.e-002	0.84947
171	-5.e-002	0.	-5.e-002	1.5346
172	-0.1	0.	-5.e-002	1.9012
173	-0.15	0.	-5.e-002	2.2587
174	-0.2	0.	-5.e-002	2.3287
175	-0.25	0.	-5.e-002	2.245
176	-0.3	0.	-5.e-002	1.9677
177	-0.35	0.	-5.e-002	1.5353
178	-0.375	0.	-5.e-002	1.2112
179	-0.4	0.	-5.e-002	0.93373
541	0.	0.	0.	0.71815
542	-0.4	0.	0.	0.72818
970	-5.e-002	0.	0.	1.5074
971	-0.35	0.	0.	1.5236
972	-0.125	0.	0.	2.1527
973	-0.225	0.	0.	2.3211
2530	-0.3875	0.	5.e-002	0.97795
2532	-0.4	0.	2.5e-002	0.73387
2537	-0.3625	0.	5.e-002	1.3696
2539	-0.3875	0.	2.5e-002	0.93542
2540	-0.3625	0.	2.5e-002	1.3285
2544	-0.325	0.	5.e-002	1.7768
2546	-0.35	0.	2.5e-002	1.5429
2548	-0.275	0.	5.e-002	2.0991
2550	-0.3	0.	0.	1.9747
2551	-0.325	0.	2.5e-002	1.7538
2553	-0.225	0.	5.e-002	2.2722
2555	-0.275	0.	0.	2.0883
2556	-0.2375	0.	2.5e-002	2.2662
2558	-0.175	0.	5.e-002	2.3054
2560	-0.1625	0.	2.5e-002	2.2429
2561	-0.2125	0.	2.5e-002	2.3272
2564	-0.125	0.	5.e-002	2.0758
2566	-0.1375	0.	2.5e-002	2.2149
2568	-7.5e-002	0.	5.e-002	1.6909
2570	-7.5e-002	0.	2.5e-002	1.691
2571	-0.1125	0.	2.5e-002	2.0129
2574	-3.75e-002	0.	5.e-002	1.3086
2576	-5.e-002	0.	2.5e-002	1.5044
2579	-1.25e-002	0.	5.e-002	0.96719
2581	0.	0.	2.5e-002	0.73924
2585	-1.25e-002	0.	2.5e-002	0.9016
2586	-3.75e-002	0.	2.5e-002	1.2946
2873	-1.25e-002	0.	-5.e-002	0.97264
2874	-3.75e-002	0.	-5.e-002	1.3251
2875	-1.25e-002	0.	-2.5e-002	0.90275
2876	-3.75e-002	0.	-2.5e-002	1.295
2882	0.	0.	-2.5e-002	0.73686
2886	-7.5e-002	0.	-5.e-002	1.7157
2887	-5.e-002	0.	-2.5e-002	1.5137
2890	-0.125	0.	-5.e-002	2.0792
2891	-7.5e-002	0.	-2.5e-002	1.7019
2892	-0.1125	0.	-2.5e-002	2.0256
2894	-0.175	0.	-5.e-002	2.2936
2895	-0.1375	0.	-2.5e-002	2.2055
2897	-0.225	0.	-5.e-002	2.2866
2898	-0.1625	0.	-2.5e-002	2.2406
2899	-0.2125	0.	-2.5e-002	2.3249
2901	-0.275	0.	-5.e-002	2.1063
2902	-0.2375	0.	-2.5e-002	2.2829
2904	-0.325	0.	-5.e-002	1.7473
2905	-0.325	0.	-2.5e-002	1.7444
2906	-0.2625	0.	-2.5e-002	2.1439
2910	-0.3625	0.	-5.e-002	1.3698
2911	-0.35	0.	-2.5e-002	1.5228
2914	-0.3875	0.	-5.e-002	1.0615
2915	-0.3875	0.	-2.5e-002	0.94954
2916	-0.3625	0.	-2.5e-002	1.3494
2921	-0.4	0.	-2.5e-002	0.786
5171	-2.5e-002	0.	0.	1.1082
5181	-0.375	0.	0.	1.1213
8000	-8.75e-002	0.	0.	1.8296
8015	-0.175	0.	0.	2.2367
64	-0.375	0.	-6.25e-002	0.35124
65	-0.35	0.	-6.25e-002	0.24663
66	-0.3	0.	-6.25e-002	0.15956
67	-0.25	0.	-6.25e-002	8.6881e-002
68	-0.2	0.	-6.25e-002	5.1552e-002
69	-0.15	0.	-6.25e-002	8.6795e-002
70	-0.1	0.	-6.25e-002	0.15645
71	-5.e-002	0.	-6.25e-002	0.2472
72	-2.5e-002	0.	-6.25e-002	0.3556
73	-2.5e-002	0.	6.25e-002	0.356
74	-5.e-002	0.	6.25e-002	0.24928
75	-0.1	0.	6.25e-002	0.15953
76	-0.15	0.	6.25e-002	8.6599e-002
77	-0.2	0.	6.25e-002	5.1568e-002
78	-0.25	0.	6.25e-002	8.7292e-002
79	-0.3	0.	6.25e-002	0.15859
80	-0.35	0.	6.25e-002	0.24721
81	-0.375	0.	6.25e-002	0.35298
82	0.	0.	6.25e-002	0.42555
83	0.	0.	7.5e-002	0.31977
84	-2.5e-002	0.	7.5e-002	0.28835
85	-5.e-002	0.	7.5e-002	0.22545
86	-0.1	0.	7.5e-002	0.1537
87	-0.15	0.	7.5e-002	9.9392e-002
88	-0.2	0.	7.5e-002	7.8352e-002
89	-0.25	0.	7.5e-002	0.10021
90	-0.3	0.	7.5e-002	0.15301
91	-0.35	0.	7.5e-002	0.2234
92	-0.375	0.	7.5e-002	0.28635
93	-0.4	0.	6.25e-002	0.42056
94	-0.4	0.	7.5e-002	0.31566
95	-0.4	0.	5.e-002	0.52628
96	-0.375	0.	5.e-002	0.42039
97	-0.35	0.	5.e-002	0.27222
98	-0.3	0.	5.e-002	0.16907
99	-0.25	0.	5.e-002	8.1528e-002
100	-0.2	0.	5.e-002	2.4787e-002
101	-0.15	0.	5.e-002	8.1001e-002
102	-0.1	0.	5.e-002	0.17014
103	-5.e-002	0.	5.e-002	0.27432
104	0.	0.	5.e-002	0.53175
105	-2.5e-002	0.	5.e-002	0.42424
169	-2.5e-002	0.	-5.e-002	0.42362
170	0.	0.	-5.e-002	0.53006
171	-5.e-002	0.	-5.e-002	0.27213
172	-0.1	0.	-5.e-002	0.16765
173	-0.15	0.	-5.e-002	8.0938e-002
174	-0.2	0.	-5.e-002	2.4775e-002
175	-0.25	0.	-5.e-002	8.1405e-002
176	-0.3	0.	-5.e-002	0.17006
177	-0.35	0.	-5.e-002	0.27194
178	-0.375	0.	-5.e-002	0.42035
179	-0.4	0.	-5.e-002	0.52909
273	-0.375	0.	-7.5e-002	0.28285
274	-0.4	0.	-7.5e-002	0.31397
275	-0.35	0.	-7.5e-002	0.22259
276	-0.3	0.	-7.5e-002	0.15395
277	-0.25	0.	-7.5e-002	9.9533e-002
278	-0.2	0.	-7.5e-002	7.8329e-002
279	-0.15	0.	-7.5e-002	9.9973e-002
280	-0.1	0.	-7.5e-002	0.15023
281	-5.e-002	0.	-7.5e-002	0.22351
282	-2.5e-002	0.	-7.5e-002	0.28803
283	0.	0.	-7.5e-002	0.31663
293	-0.4	0.	-6.25e-002	0.42121
297	0.	0.	-6.25e-002	0.42326
2401	-0.3625	0.	-6.25e-002	0.29665
2402	-0.375	0.	-5.625e-002	0.38573
2403	-0.375	0.	-6.875e-002	0.31692
2404	-0.3875	0.	-6.25e-002	0.38525
2405	-0.325	0.	-6.25e-002	0.20256
2406	-0.35	0.	-5.625e-002	0.25915
2407	-0.35	0.	-6.875e-002	0.23442
2408	-0.275	0.	-6.25e-002	0.12169
2409	-0.3	0.	-5.625e-002	0.16425
2410	-0.3	0.	-6.875e-002	0.1561
2411	-0.225	0.	-6.25e-002	6.2142e-002
2412	-0.25	0.	-5.625e-002	8.3114e-002
2413	-0.25	0.	-6.875e-002	9.2455e-002
2414	-0.175	0.	-6.25e-002	6.242e-002
2415	-0.2	0.	-5.625e-002	3.8163e-002
2416	-0.2	0.	-6.875e-002	6.4941e-002
2417	-0.125	0.	-6.25e-002	0.12004
2418	-0.15	0.	-5.625e-002	8.2809e-002
2419	-0.15	0.	-6.875e-002	9.2624e-002
2420	-7.5e-002	0.	-6.25e-002	0.20121
2421	-0.1	0.	-5.625e-002	0.16148
2422	-0.1	0.	-6.875e-002	0.15267
2423	-3.75e-002	0.	-6.25e-002	0.29926
2424	-5.e-002	0.	-5.625e-002	0.25953
2425	-5.e-002	0.	-6.875e-002	0.23517
2426	-2.5e-002	0.	-5.625e-002	0.38957
2427	-2.5e-002	0.	-6.875e-002	0.32174
2428	-1.25e-002	0.	-6.25e-002	0.38851
2429	-3.75e-002	0.	6.25e-002	0.30048
2430	-1.25e-002	0.	6.25e-002	0.38985
2431	-2.5e-002	0.	6.875e-002	0.32208
2432	-2.5e-002	0.	5.625e-002	0.39007
2433	-7.5e-002	0.	6.25e-002	0.20384
2434	-5.e-002	0.	6.875e-002	0.23719
2435	-5.e-002	0.	5.625e-002	0.26167
2436	-0.125	0.	6.25e-002	0.12147
2437	-0.1	0.	6.875e-002	0.15597
2438	-0.1	0.	5.625e-002	0.16429
2439	-0.175	0.	6.25e-002	6.2031e-002
2440	-0.15	0.	6.875e-002	9.2244e-002
2441	-0.15	0.	5.625e-002	8.2766e-002
2442	-0.225	0.	6.25e-002	6.2566e-002
2443	-0.2	0.	6.875e-002	6.496e-002
2444	-0.2	0.	5.625e-002	3.8177e-002
2445	-0.275	0.	6.25e-002	0.1214
2446	-0.25	0.	6.875e-002	9.3005e-002
2447	-0.25	0.	5.625e-002	8.3379e-002
2448	-0.325	0.	6.25e-002	0.20232
2449	-0.3	0.	6.875e-002	0.15514
2450	-0.3	0.	5.625e-002	0.16326
2451	-0.3625	0.	6.25e-002	0.29801
2452	-0.35	0.	6.875e-002	0.23513
2453	-0.35	0.	5.625e-002	0.25958
2454	-0.375	0.	6.875e-002	0.31954
2455	-0.3875	0.	6.25e-002	0.38589
2456	-0.375	0.	5.625e-002	0.38661
2457	0.	0.	6.875e-002	0.37258
2458	0.	0.	5.625e-002	0.47862
2461	-1.25e-002	0.	7.5e-002	0.30325
2467	-3.75e-002	0.	7.5e-002	0.25459
2472	-7.5e-002	0.	7.5e-002	0.18808
2478	-0.125	0.	7.5e-002	0.124
2484	-0.175	0.	7.5e-002	8.377e-002
2491	-0.225	0.	7.5e-002	8.4235e-002
2496	-0.275	0.	7.5e-002	0.12419
2502	-0.325	0.	7.5e-002	0.18666
2508	-0.3625	0.	7.5e-002	0.25276
2514	-0.3875	0.	7.5e-002	0.30032
2519	-0.4	0.	6.875e-002	0.36796
2520	-0.4	0.	5.625e-002	0.47335
2530	-0.3875	0.	5.e-002	0.47233
2537	-0.3625	0.	5.e-002	0.34439
2544	-0.325	0.	5.e-002	0.22057
2548	-0.275	0.	5.e-002	0.12483
2553	-0.225	0.	5.e-002	4.6387e-002
2558	-0.175	0.	5.e-002	4.5713e-002
2564	-0.125	0.	5.e-002	0.1251
2568	-7.5e-002	0.	5.e-002	0.22216
2574	-3.75e-002	0.	5.e-002	0.34739
2579	-1.25e-002	0.	5.e-002	0.47702
2873	-1.25e-002	0.	-5.e-002	0.47593
2874	-3.75e-002	0.	-5.e-002	0.34609
2880	0.	0.	-5.625e-002	0.47664
2886	-7.5e-002	0.	-5.e-002	0.21981
2890	-0.125	0.	-5.e-002	0.12382
2894	-0.175	0.	-5.e-002	4.6041e-002
2897	-0.225	0.	-5.e-002	4.5983e-002
2901	-0.275	0.	-5.e-002	0.12527
2904	-0.325	0.	-5.e-002	0.22094
2910	-0.3625	0.	-5.e-002	0.34408
2914	-0.3875	0.	-5.e-002	0.47365
2920	-0.4	0.	-5.625e-002	0.4751
3550	-0.3875	0.	-7.5e-002	0.2976
3551	-0.3625	0.	-7.5e-002	0.25036
3555	-0.4	0.	-6.875e-002	0.36748
3559	-0.325	0.	-7.5e-002	0.18682
3563	-0.275	0.	-7.5e-002	0.1243
3567	-0.225	0.	-7.5e-002	8.3775e-002
3570	-0.175	0.	-7.5e-002	8.4278e-002
3575	-0.125	0.	-7.5e-002	0.12264
3581	-7.5e-002	0.	-7.5e-002	0.18524
3586	-3.75e-002	0.	-7.5e-002	0.25336
3589	-1.25e-002	0.	-7.5e-002	0.30142
3595	0.	0.	-6.875e-002	0.36991
170	0.	0.	-5.e-002	0.32988
179	-0.4	0.	-5.e-002	0.35918
273	-0.375	0.	-7.5e-002	0.22374
274	-0.4	0.	-7.5e-002	0.25226
275	-0.35	0.	-7.5e-002	0.15912
276	-0.3	0.	-7.5e-002	0.13547
277	-0.25	0.	-7.5e-002	0.10064
278	-0.2	0.	-7.5e-002	7.87e-002
279	-0.15	0.	-7.5e-002	8.3243e-002
280	-0.1	0.	-7.5e-002	0.11565
281	-5.e-002	0.	-7.5e-002	0.2056
282	-2.5e-002	0.	-7.5e-002	0.19686
283	0.	0.	-7.5e-002	0.20825
293	-0.4	0.	-6.25e-002	0.37348
297	0.	0.	-6.25e-002	0.29108
364	1.	0.	-9.7727e-002	9.1391e-004
365	1.	0.	-0.19545	8.253e-004
366	1.	0.	-0.29318	7.8883e-004
367	1.	0.	-0.39091	6.5344e-004
368	1.	0.	-0.48864	5.2249e-004
369	1.	0.	-0.58636	4.2301e-004
370	1.	0.	-0.68409	3.3268e-004
371	1.	0.	-0.78182	2.1816e-004
372	1.	0.	-0.87955	1.3969e-004
373	1.	0.	-0.97727	7.9994e-005
384	0.9	0.	-1.075	7.1261e-005
385	0.8	0.	-1.075	1.3397e-004
386	0.7	0.	-1.075	2.0625e-004
387	0.6	0.	-1.075	2.7428e-004
388	0.5	0.	-1.075	3.3384e-004
389	0.4	0.	-1.075	3.7663e-004
390	0.3	0.	-1.075	4.2115e-004
391	0.2	0.	-1.075	3.8627e-004
392	0.1	0.	-1.075	3.7494e-004
393	-2.2204e-016	0.	-1.075	2.7433e-004
394	-0.1	0.	-1.075	1.3115e-004
395	-0.2	0.	-1.075	9.1493e-005
396	-0.3	0.	-1.075	1.5724e-004
397	-0.4	0.	-1.075	2.7311e-004
398	-0.5	0.	-1.075	3.5909e-004
399	-0.6	0.	-1.075	3.9728e-004
400	-0.7	0.	-1.075	3.9833e-004
401	-0.8	0.	-1.075	3.578e-004
402	-0.9	0.	-1.075	3.3673e-004
403	-1.	0.	-1.075	2.6296e-004
404	-1.1	0.	-1.075	2.2138e-004
405	-1.2	0.	-1.075	1.4227e-004
406	-1.3	0.	-1.075	6.0633e-005
412	-1.4	0.	-0.97727	5.9945e-005
413	-1.4	0.	-0.87955	1.6016e-004
414	-1.4	0.	-0.78182	2.1947e-004
415	-1.4	0.	-0.68409	3.3555e-004
416	-1.4	0.	-0.58636	4.2302e-004
417	-1.4	0.	-0.48864	5.1699e-004
418	-1.4	0.	-0.39091	6.4728e-004
419	-1.4	0.	-0.29318	7.4286e-004
420	-1.4	0.	-0.19545	8.3502e-004
421	-1.4	0.	-9.7727e-002	9.0311e-004
427	0.1	0.	0.	0.11632
428	0.2	0.	0.	2.5925e-002
429	0.3	0.	0.	1.4793e-002
430	0.4	0.	0.	6.1148e-003
431	0.5	0.	0.	3.6213e-003
432	0.6	0.	0.	2.0009e-003
433	0.7	0.	0.	1.6143e-003
434	0.8	0.	0.	1.1522e-003
435	0.9	0.	0.	9.6621e-004
436	-1.3	0.	0.	9.4961e-004
437	-1.2	0.	0.	1.1575e-003
438	-1.1	0.	0.	1.5228e-003
439	-1.	0.	0.	2.0175e-003
440	-0.9	0.	0.	3.5314e-003
441	-0.8	0.	0.	5.2636e-003
442	-0.7	0.	0.	1.1009e-002
443	-0.6	0.	0.	2.6982e-002
444	-0.5	0.	0.	8.7749e-002
541	0.	0.	0.	0.40333
542	-0.4	0.	0.	0.39858
547	1.	0.	-1.075	3.7117e-005
548	1.	0.	0.	9.207e-004
549	-1.4	0.	-1.075	3.5049e-005
550	-1.4	0.	0.	9.122e-004
724	0.1638	0.	-0.56272	2.1973e-003
725	-0.55	0.	-0.575	1.9217e-003
726	-0.46465	0.	-0.33477	9.3674e-003
727	8.6505e-002	0.	-0.32787	9.6978e-003
728	-0.975	0.	-0.48295	1.2102e-003
729	0.58879	0.	-0.49773	1.0148e-003
730	-0.24517	0.	-0.45615	3.9528e-003
731	-0.18939	0.	-0.76903	5.4353e-004
732	-0.15057	0.	-0.25827	1.8362e-002
733	4.3262e-002	0.	-0.19381	3.4755e-002
734	-0.44908	0.	-0.18306	3.1714e-002
735	0.33558	0.	-0.39273	3.2923e-003
736	-0.73102	0.	-0.41415	3.0446e-003
737	0.48534	0.	-0.79679	5.3632e-004
738	-0.90853	0.	-0.79126	5.1329e-004
739	2.0833e-002	0.	-0.53333	2.7319e-003
740	-0.46248	0.	-0.925	4.3902e-004
741	0.14728	0.	-0.79278	6.9788e-004
742	-0.27033	0.	-0.27303	1.7239e-002
743	-4.2361e-002	0.	-0.44306	4.6348e-003
744	-1.2403	0.	-0.73413	3.1859e-004
745	0.67945	0.	-0.76415	3.8483e-004
746	-0.42292	0.	-0.6375	1.5289e-003
747	-0.29272	0.	-0.22129	2.9542e-002
748	0.61667	0.	-0.32197	1.649e-003
749	-1.0255	0.	-0.16359	1.636e-003
750	-0.74167	0.	-0.8221	5.9678e-004
751	0.23786	0.	-0.12344	1.287e-002
752	-0.55363	0.	-0.19274	1.813e-002
753	-0.78378	0.	-0.67982	9.1338e-004
754	-0.21016	0.	-0.54582	2.2129e-003
755	0.37276	0.	-0.51989	1.7677e-003
756	-0.32165	0.	-0.16233	5.2583e-002
757	-0.82147	0.	-0.3308	3.0814e-003
758	0.85799	0.	-0.53344	4.9715e-004
759	0.38755	0.	-0.11758	5.5987e-003
760	-7.4908e-002	0.	-0.28108	1.7153e-002
761	-6.7188e-002	0.	-0.14734	6.4216e-002
762	-1.2723	0.	-0.42232	6.4912e-004
763	-0.45764	0.	-0.42917	4.5117e-003
764	-0.36631	0.	-0.11556	0.12261
765	0.79447	0.	-0.27885	1.0278e-003
766	-0.4784	0.	-0.77091	8.4706e-004
767	-0.33437	0.	-0.75208	7.0672e-004
768	-0.37882	0.	-0.35755	7.4998e-003
769	0.2109	0.	-0.93314	4.7112e-004
770	-0.173	0.	-0.37347	7.4213e-003
771	-0.69746	0.	-0.30302	5.2003e-003
772	0.29035	0.	-0.25144	6.3617e-003
773	0.31042	0.	-0.76032	8.0195e-004
774	-9.2951e-002	0.	-0.9556	2.3003e-004
775	-6.0407e-002	0.	-0.65917	1.4815e-003
776	-0.41539	0.	-0.1243	8.7091e-002
777	1.875e-002	0.	-0.1375	7.5583e-002
778	-0.19026	0.	-0.1487	5.1986e-002
779	-0.33021	0.	-0.54375	2.4655e-003
780	-1.1646	0.	-0.89536	2.1969e-004
781	0.17203	0.	-0.23436	1.2429e-002
782	-0.2355	0.	-0.93531	2.0034e-004
783	0.86249	0.	-0.83198	2.1355e-004
784	-0.10666	0.	-0.20818	2.9885e-002
785	0.12542	0.	-0.44468	4.258e-003
786	-0.62259	0.	-0.40247	4.4659e-003
787	0.1161	0.	-0.12207	3.7427e-002
788	3.4243e-002	0.	-7.8456e-002	0.14271
789	-1.0566	0.	-0.77053	3.7848e-004
790	-1.1021	0.	-0.59934	5.8882e-004
791	-0.84092	0.	-0.13738	3.9736e-003
792	0.54797	0.	-0.14331	2.6876e-003
793	0.43802	0.	-0.27841	3.3982e-003
794	-1.2655	0.	-0.12927	9.8703e-004
795	0.36647	0.	-0.92578	4.4856e-004
796	-1.0365	0.	-0.33024	1.3543e-003
797	0.7375	0.	-0.43693	7.9072e-004
798	-0.86031	0.	-0.56439	1.1699e-003
799	0.20712	0.	-0.35446	5.8372e-003
800	0.6176	0.	-0.92933	2.9713e-004
801	-0.58205	0.	-0.85147	5.5247e-004
802	6.1931e-002	0.	-0.93282	3.8255e-004
803	-0.75282	0.	-0.54709	1.6738e-003
804	0.55186	0.	-0.64156	7.3992e-004
805	0.69792	0.	-0.59214	6.5557e-004
806	-0.625	0.	-0.10833	1.465e-002
807	-0.52855	0.	-0.10936	3.9301e-002
808	-0.47021	0.	-0.10178	6.9027e-002
809	-0.42234	0.	-8.0573e-002	0.16971
810	-0.92245	0.	-0.92708	3.627e-004
811	-0.27448	0.	-0.65313	1.2463e-003
812	-0.14416	0.	-0.45428	3.9336e-003
813	-0.10694	0.	-0.54722	2.1478e-003
814	-0.25376	0.	-0.16817	4.8879e-002
815	-2.8129e-002	0.	-0.20521	3.392e-002
816	-0.27725	0.	-0.36379	7.8478e-003
817	0.24864	0.	-0.48196	2.6118e-003
818	-0.40668	0.	-0.27416	1.705e-002
819	7.7083e-002	0.	-0.6375	1.5452e-003
820	1.7969e-002	0.	-0.26337	2.042e-002
821	-8.3319e-003	0.	-0.34615	9.8534e-003
822	-1.1167	0.	-0.45227	8.5383e-004
823	0.45	0.	-0.44347	1.6746e-003
824	-1.2679	0.	-0.56473	4.6594e-004
825	-0.34722	0.	-0.45	3.9865e-003
826	-0.74028	0.	-0.11781	6.7748e-003
827	-0.12809	0.	-0.14742	5.456e-002
828	-0.84583	0.	-0.45291	1.695e-003
829	0.21105	0.	-0.66585	1.2705e-003
830	-0.44469	0.	-0.51888	2.8145e-003
831	-0.54445	0.	-0.47615	3.4177e-003
832	-0.62642	0.	-0.73036	8.871e-004
833	0.70744	0.	-0.12894	1.4331e-003
834	0.49442	0.	-0.95913	3.5662e-004
835	0.41891	0.	-0.65258	1.003e-003
836	-0.95694	0.	-0.66509	6.9849e-004
837	-0.21681	0.	-0.22465	2.4073e-002
838	-0.36201	0.	-0.22286	3.2626e-002
839	-0.17187	0.	-0.63429	1.256e-003
840	0.8798	0.	-0.95756	1.3405e-004
841	0.8893	0.	-0.40679	6.6037e-004
842	-0.79395	0.	-0.97168	4.0935e-004
843	-1.1638	0.	-0.34757	9.7352e-004
844	0.86883	0.	-0.68111	3.4858e-004
845	-0.21488	0.	-0.30661	1.2383e-002
846	-9.6906e-002	0.	-0.36876	7.672e-003
847	0.87708	0.	-0.16241	9.5845e-004
848	-1.2867	0.	-0.9547	9.7015e-005
849	1.2302e-002	0.	-0.82704	6.5475e-004
850	-4.375e-002	0.	-0.10972	0.13181
851	-1.2855	0.	-0.28982	8.2186e-004
852	-0.65951	0.	-0.9545	4.6741e-004
853	-0.33585	0.	-0.28073	1.5228e-002
854	-0.38286	0.	-0.16258	5.529e-002
855	-0.34561	0.	-0.94819	2.9583e-004
856	-0.65733	0.	-0.62592	1.3335e-003
857	0.75656	0.	-0.93884	1.917e-004
858	0.30469	0.	-0.59832	1.3768e-003
859	-0.79132	0.	-0.22895	4.332e-003
860	4.1123e-002	0.	-0.41305	5.1936e-003
861	-1.151	0.	-0.23045	1.1326e-003
862	-0.9252	0.	-0.37042	1.905e-003
863	8.7173e-002	0.	-0.22829	1.7634e-002
864	-0.92168	0.	-0.23773	2.364e-003
865	-0.66241	0.	-0.20619	8.219e-003
866	-1.2911	0.	-0.84303	1.8963e-004
867	-0.3834	0.	-0.8476	5.1679e-004
868	-0.29615	0.	-0.84182	4.0973e-004
869	-0.23349	0.	-0.11966	7.6581e-002
870	-0.575	0.	-0.29058	9.3965e-003
871	-0.64065	0.	-0.52767	2.1739e-003
872	-1.0542	0.	-0.91117	3.1062e-004
873	0.47877	0.	-0.5503	1.2084e-003
874	-0.55951	0.	-0.97257	4.2123e-004
875	-0.48981	0.	-0.25506	1.441e-002
876	4.9521e-004	0.	-9.8317e-002	0.15717
877	-0.53325	0.	-0.38385	6.4612e-003
878	-0.27688	0.	-0.12159	8.8837e-002
879	-0.54108	0.	-0.66299	1.2847e-003
880	-0.92237	0.	-9.1691e-002	2.9864e-003
881	-1.1217	0.	-9.1454e-002	1.4815e-003
882	-0.32146	0.	-0.11469	9.2495e-002
883	-0.14014	0.	-0.31587	1.0511e-002
884	-0.16005	0.	-0.20138	2.7595e-002
885	-0.39779	0.	-9.5015e-002	0.17133
1395	-0.4433	0.	-2.7645e-002	0.2476
1396	-0.45459	0.	-4.8815e-002	0.13753
1397	-0.41371	0.	-6.2219e-002	0.29351
2880	0.	0.	-5.625e-002	0.30697
2881	5.e-002	0.	-2.5e-002	0.22228
2882	0.	0.	-2.5e-002	0.36247
2883	1.7122e-002	0.	-6.4228e-002	0.23303
2920	-0.4	0.	-5.625e-002	0.36419
2921	-0.4	0.	-2.5e-002	0.36882
2922	-0.42165	0.	-3.8823e-002	0.30079
2923	-0.40685	0.	-5.6109e-002	0.32419
3550	-0.3875	0.	-7.5e-002	0.23296
3551	-0.3625	0.	-7.5e-002	0.18966
3552	-0.37065	0.	-9.528e-002	0.17254
3553	-0.3864	0.	-8.5008e-002	0.19668
3555	-0.4	0.	-6.875e-002	0.30768
3556	-0.41117	0.	-7.7787e-002	0.21027
3557	-0.3989	0.	-8.5008e-002	0.21016
3558	-0.40685	0.	-6.8609e-002	0.2686
3559	-0.325	0.	-7.5e-002	0.14591
3560	-0.35815	0.	-9.528e-002	0.14048
3561	-0.33573	0.	-9.4846e-002	0.12526
3563	-0.275	0.	-7.5e-002	0.11547
3564	-0.28844	0.	-9.8293e-002	0.11148
3565	-0.31073	0.	-9.4846e-002	0.11389
3567	-0.225	0.	-7.5e-002	8.5505e-002
3568	-0.24174	0.	-9.733e-002	8.8033e-002
3569	-0.26344	0.	-9.8293e-002	9.4246e-002
3570	-0.175	0.	-7.5e-002	7.8721e-002
3571	-0.19513	0.	-0.11185	6.5291e-002
3572	-0.21674	0.	-9.733e-002	7.6135e-002
3575	-0.125	0.	-7.5e-002	9.6693e-002
3576	-0.17013	0.	-0.11185	6.6397e-002
3577	-0.13904	0.	-0.11121	6.8571e-002
3581	-7.5e-002	0.	-7.5e-002	0.15858
3582	-8.3594e-002	0.	-0.11117	8.9583e-002
3583	-0.11404	0.	-0.11121	8.4346e-002
3584	-7.1875e-002	0.	-9.2361e-002	0.12244
3586	-3.75e-002	0.	-7.5e-002	0.20037
3587	-4.6875e-002	0.	-9.2361e-002	0.16852
3589	-1.25e-002	0.	-7.5e-002	0.19818
3590	-3.4375e-002	0.	-9.2361e-002	0.16354
3591	-1.2252e-002	0.	-8.6658e-002	0.17422
3595	0.	0.	-6.875e-002	0.2438
3596	1.7122e-002	0.	-7.6728e-002	0.17245
3597	2.476e-004	0.	-8.6658e-002	0.18263
3666	-0.40685	0.	-6.2359e-002	0.33348
3680	1.7122e-002	0.	-7.0478e-002	0.2168
4112	1.	0.	-0.14659	8.6946e-004
4114	0.95	0.	-4.8864e-002	9.4003e-004
4115	1.	0.	-4.8864e-002	9.1721e-004
4116	0.93854	0.	-0.13007	9.3586e-004
4119	1.	0.	-0.24432	8.0693e-004
4120	0.93854	0.	-0.17893	8.9181e-004
4124	1.	0.	-0.34205	7.211e-004
4125	0.89723	0.	-0.28601	9.0486e-004
4126	0.94465	0.	-0.34999	7.2414e-004
4127	0.93854	0.	-0.22779	8.736e-004
4130	1.	0.	-0.43977	5.8769e-004
4131	0.94465	0.	-0.39885	6.5627e-004
4134	1.	0.	-0.5375	4.7275e-004
4135	0.92899	0.	-0.51104	5.0885e-004
4136	0.94465	0.	-0.44771	5.9136e-004
4140	1.	0.	-0.63523	3.7784e-004
4141	0.92899	0.	-0.5599	4.5921e-004
4142	0.93442	0.	-0.63374	3.8303e-004
4144	1.	0.	-0.73295	2.7528e-004
4145	0.93442	0.	-0.6826	3.3834e-004
4148	1.	0.	-0.83068	1.7885e-004
4149	0.93125	0.	-0.8069	2.1277e-004
4150	0.93442	0.	-0.73147	2.8243e-004
4155	1.	0.	-0.92841	1.0898e-004
4156	0.93125	0.	-0.85576	1.7499e-004
4157	0.9399	0.	-0.91855	1.3243e-004
4162	0.95	0.	-1.0261	7.2524e-005
4163	1.	0.	-1.0261	5.8119e-005
4164	0.9399	0.	-0.96742	1.0623e-004
4233	0.85	0.	-1.075	1.0216e-004
4234	0.95	0.	-1.075	5.3572e-005
4235	0.8899	0.	-1.0163	1.0143e-004
4238	0.75	0.	-1.075	1.6988e-004
4239	0.8399	0.	-1.0163	1.295e-004
4240	0.77828	0.	-1.0069	1.6196e-004
4244	0.65	0.	-1.075	2.4018e-004
4245	0.6588	0.	-1.0022	2.5085e-004
4246	0.72828	0.	-1.0069	1.9647e-004
4248	0.55	0.	-1.075	3.0399e-004
4249	0.6088	0.	-1.0022	2.8404e-004
4250	0.54721	0.	-1.0171	3.1542e-004
4253	0.45	0.	-1.075	3.5523e-004
4254	0.49721	0.	-1.0171	3.4503e-004
4257	0.35	0.	-1.075	3.9875e-004
4258	0.38324	0.	-1.0004	4.1242e-004
4259	0.44721	0.	-1.0171	3.6634e-004
4261	0.25	0.	-1.075	4.0352e-004
4262	0.25545	0.	-1.0041	4.4585e-004
4263	0.33324	0.	-1.0004	4.3439e-004
4268	0.15	0.	-1.075	3.8049e-004
4269	0.20545	0.	-1.0041	4.2868e-004
4273	5.e-002	0.	-1.075	3.2353e-004
4274	0.15545	0.	-1.0041	4.2291e-004
4275	8.0965e-002	0.	-1.0039	3.7755e-004
4278	-5.e-002	0.	-1.075	2.0002e-004
4279	-4.6476e-002	0.	-1.0153	2.4626e-004
4280	3.0965e-002	0.	-1.0039	3.2838e-004
4284	-0.15	0.	-1.075	1.0374e-004
4285	-9.6476e-002	0.	-1.0153	1.8038e-004
4289	-0.25	0.	-1.075	9.8407e-005
4290	-0.14648	0.	-1.0153	1.5384e-004
4291	-0.21775	0.	-1.0052	1.3827e-004
4294	-0.35	0.	-1.075	2.1372e-004
4295	-0.26775	0.	-1.0052	1.6792e-004
4296	-0.3228	0.	-1.0116	2.2593e-004
4300	-0.45	0.	-1.075	3.1564e-004
4301	-0.43124	0.	-1.	3.5577e-004
4302	-0.3728	0.	-1.0116	2.7896e-004
4307	-0.55	0.	-1.075	3.778e-004
4308	-0.48124	0.	-1.	3.9726e-004
4309	-0.52976	0.	-1.0238	3.9005e-004
4312	-0.65	0.	-1.075	3.9775e-004
4313	-0.62975	0.	-1.0148	4.323e-004
4314	-0.57976	0.	-1.0238	4.0881e-004
4318	-0.75	0.	-1.075	3.7801e-004
4319	-0.74697	0.	-1.0233	4.0362e-004
4320	-0.67975	0.	-1.0148	4.3287e-004
4324	-0.85	0.	-1.075	3.4723e-004
4325	-0.79697	0.	-1.0233	3.8346e-004
4328	-0.95	0.	-1.075	2.9961e-004
4329	-0.91122	0.	-1.001	3.4871e-004
4330	-0.84697	0.	-1.0233	3.7297e-004
4332	-1.05	0.	-1.075	2.4191e-004
4333	-0.96122	0.	-1.001	3.1263e-004
4334	-1.0271	0.	-0.99309	2.8436e-004
4339	-1.15	0.	-1.075	1.8155e-004
4340	-1.1323	0.	-0.98518	2.1784e-004
4341	-1.0771	0.	-0.99309	2.6507e-004
4344	-1.25	0.	-1.075	1.0123e-004
4345	-1.1823	0.	-0.98518	1.801e-004
4346	-1.2434	0.	-1.0148	1.1719e-004
4351	-1.35	0.	-1.0261	5.732e-005
4352	-1.35	0.	-1.075	4.7393e-005
4353	-1.2934	0.	-1.0148	7.8135e-005
4384	-1.4	0.	-0.92841	1.0964e-004
4385	-1.4	0.	-1.0261	4.6836e-005
4386	-1.3434	0.	-0.96599	7.7281e-005
4388	-1.4	0.	-0.83068	1.8973e-004
4389	-1.3434	0.	-0.91712	1.2404e-004
4390	-1.3456	0.	-0.86129	1.7326e-004
4394	-1.4	0.	-0.73295	2.772e-004
4395	-1.3202	0.	-0.75797	2.6744e-004
4396	-1.3456	0.	-0.81243	2.0238e-004
4399	-1.4	0.	-0.63523	3.7912e-004
4400	-1.3202	0.	-0.70911	3.237e-004
4401	-1.3339	0.	-0.62441	4.0013e-004
4405	-1.4	0.	-0.5375	4.6998e-004
4406	-1.3339	0.	-0.57555	4.4285e-004
4408	-1.4	0.	-0.43977	5.8198e-004
4409	-1.3362	0.	-0.45548	5.8213e-004
4410	-1.3339	0.	-0.52668	4.8962e-004
4415	-1.4	0.	-0.34205	6.9503e-004
4416	-1.3362	0.	-0.40662	6.462e-004
4417	-1.3428	0.	-0.34037	7.3422e-004
4419	-1.4	0.	-0.24432	7.8891e-004
4420	-1.3428	0.	-0.2915	7.8171e-004
4423	-1.4	0.	-0.14659	8.6903e-004
4424	-1.3327	0.	-0.16236	9.1082e-004
4425	-1.3428	0.	-0.24264	8.2745e-004
4428	-1.35	0.	-4.8864e-002	9.2631e-004
4429	-1.4	0.	-4.8864e-002	9.0757e-004
4430	-1.3327	0.	-0.1135	9.4479e-004
4477	0.15	0.	0.	7.0987e-002
4478	5.e-002	0.	0.	0.25953
4481	0.10805	0.	-6.1035e-002	7.5663e-002
4482	6.7122e-002	0.	-3.9228e-002	0.12462
4491	0.25	0.	0.	2.0282e-002
4494	0.21893	0.	-6.1721e-002	1.9188e-002
4495	0.15805	0.	-6.1035e-002	3.0493e-002
4498	0.35	0.	0.	1.0446e-002
4502	0.26893	0.	-6.1721e-002	1.3487e-002
4503	0.34378	0.	-5.879e-002	1.0127e-002
4510	0.45	0.	0.	4.8605e-003
4512	0.39378	0.	-5.879e-002	5.7914e-003
4515	0.55	0.	0.	2.8111e-003
4518	0.44378	0.	-5.879e-002	4.584e-003
4519	0.52399	0.	-7.1653e-002	3.1458e-003
4523	0.65	0.	0.	1.8067e-003
4527	0.57399	0.	-7.1653e-002	2.337e-003
4528	0.65372	0.	-6.447e-002	1.7161e-003
4532	0.75	0.	0.	1.3829e-003
4534	0.70372	0.	-6.447e-002	1.5205e-003
4539	0.85	0.	0.	1.0588e-003
4542	0.75372	0.	-6.447e-002	1.2915e-003
4543	0.83854	0.	-8.1203e-002	1.0552e-003
4550	0.95	0.	0.	9.4343e-004
4552	0.88854	0.	-8.1203e-002	9.6178e-004
4556	-1.25	0.	0.	1.0532e-003
4558	-1.35	0.	0.	9.3089e-004
4560	-1.2827	0.	-6.4636e-002	9.6774e-004
4564	-1.15	0.	0.	1.3395e-003
4567	-1.2327	0.	-6.4636e-002	1.0718e-003
4568	-1.1608	0.	-4.5727e-002	1.3185e-003
4576	-1.05	0.	0.	1.7686e-003
4578	-1.1108	0.	-4.5727e-002	1.4999e-003
4580	-0.95	0.	0.	2.7713e-003
4584	-1.0128	0.	-8.1796e-002	1.8201e-003
4585	-0.96119	0.	-4.5846e-002	2.4992e-003
4586	-1.0608	0.	-4.5727e-002	1.7492e-003
4591	-0.85	0.	0.	4.3936e-003
4594	-0.91119	0.	-4.5846e-002	3.2495e-003
4600	-0.75	0.	0.	8.1356e-003
4602	-0.82046	0.	-6.8692e-002	4.5864e-003
4603	-0.77014	0.	-5.8903e-002	5.975e-003
4604	-0.86119	0.	-4.5846e-002	4.1228e-003
4608	-0.65	0.	0.	1.8958e-002
4612	-0.6625	0.	-5.4167e-002	1.2596e-002
4613	-0.72014	0.	-5.8903e-002	8.8272e-003
4618	-0.55	0.	0.	5.7314e-002
4621	-0.6125	0.	-5.4167e-002	2.0603e-002
4622	-0.56428	0.	-5.4678e-002	3.2532e-002
4630	-0.45	0.	0.	0.24302
4633	-0.51428	0.	-5.4678e-002	6.2203e-002
4636	-0.47165	0.	-1.3823e-002	0.16682
4637	-0.47729	0.	-2.4407e-002	0.11
5182	-0.42165	0.	-1.3823e-002	0.32163
6217	9.2318e-002	0.	-0.54803	2.4043e-003
6218	0.14461	0.	-0.5037	3.227e-003
6219	0.20622	0.	-0.52234	2.3818e-003
6220	0.12044	0.	-0.60011	1.8338e-003
6221	0.18743	0.	-0.61428	1.7322e-003
6222	0.23424	0.	-0.58052	1.7746e-003
6227	-0.48646	0.	-0.60625	1.7017e-003
6228	-0.49735	0.	-0.54694	2.3455e-003
6229	-0.54722	0.	-0.52557	2.6651e-003
6230	-0.60366	0.	-0.60046	1.6195e-003
6231	-0.59532	0.	-0.55133	2.0289e-003
6232	-0.54554	0.	-0.619	1.6022e-003
6235	-0.46115	0.	-0.38197	6.9041e-003
6236	-0.42174	0.	-0.34616	8.1637e-003
6237	-0.43567	0.	-0.30446	1.3164e-002
6238	-0.51983	0.	-0.31267	9.168e-003
6239	-0.47723	0.	-0.29491	1.1864e-002
6240	-0.49895	0.	-0.35931	7.8913e-003
6244	0.12927	0.	-0.28111	1.0635e-002
6245	0.10596	0.	-0.38627	6.9766e-003
6246	0.14681	0.	-0.34116	7.6358e-003
6247	5.2237e-002	0.	-0.29562	1.5052e-002
6248	3.9086e-002	0.	-0.33701	9.5714e-003
6249	6.3814e-002	0.	-0.37046	7.3874e-003
6250	8.6839e-002	0.	-0.27808	1.3544e-002
6254	-1.0385	0.	-0.54115	8.9921e-004
6255	-1.0058	0.	-0.4066	1.2729e-003
6256	-0.91766	0.	-0.52367	1.1779e-003
6257	-1.0458	0.	-0.46761	1.0229e-003
6258	-0.91042	0.	-0.46793	1.4494e-003
6259	-0.96597	0.	-0.57402	9.4949e-004
6260	-0.9501	0.	-0.42669	1.5553e-003
6264	0.60273	0.	-0.40985	1.3171e-003
6265	0.66314	0.	-0.46733	8.9133e-004
6266	0.57032	0.	-0.56964	8.7379e-004
6267	0.64335	0.	-0.54493	8.3357e-004
6268	0.51939	0.	-0.4706	1.3443e-003
6269	0.53378	0.	-0.52401	1.108e-003
6273	-0.22766	0.	-0.50098	3.0734e-003
6274	-0.20908	0.	-0.41481	5.6591e-003
6275	-0.28769	0.	-0.49995	3.1582e-003
6276	-0.19466	0.	-0.45521	3.7821e-003
6277	-0.26121	0.	-0.40997	5.8247e-003
6278	-0.29619	0.	-0.45308	3.7208e-003
6282	-0.26188	0.	-0.76056	5.7197e-004
6283	-0.14117	0.	-0.86231	3.6572e-004
6284	-0.1249	0.	-0.7141	9.7702e-004
6285	-0.21245	0.	-0.85217	3.6061e-004
6286	-0.23193	0.	-0.71108	8.5414e-004
6287	-0.18063	0.	-0.70166	8.9954e-004
6288	-8.8544e-002	0.	-0.79804	5.5622e-004
6289	-0.24277	0.	-0.80542	4.4391e-004
6296	-0.11274	0.	-0.26968	1.713e-002
6297	-0.12862	0.	-0.23323	2.3711e-002
6298	-0.18369	0.	-0.24146	2.0162e-002
6299	-0.18273	0.	-0.28244	1.4767e-002
6300	-0.14536	0.	-0.28707	1.4434e-002
6301	-0.15531	0.	-0.22982	2.2896e-002
6306	3.1006e-002	0.	-0.16565	5.5126e-002
6307	7.968e-002	0.	-0.15794	3.466e-002
6308	7.5662e-003	0.	-0.19951	3.3542e-002
6309	3.0615e-002	0.	-0.22859	2.7324e-002
6310	6.5217e-002	0.	-0.21105	2.6188e-002
6314	-0.50136	0.	-0.1879	2.459e-002
6315	-0.43223	0.	-0.15368	5.9399e-002
6316	-0.48881	0.	-0.14621	3.3538e-002
6317	-0.45964	0.	-0.14242	4.9632e-002
6318	-0.42788	0.	-0.22861	2.3796e-002
6319	-0.40554	0.	-0.20296	3.0698e-002
6320	-0.41597	0.	-0.17282	4.2867e-002
6321	-0.46944	0.	-0.21906	2.2997e-002
6326	0.35417	0.	-0.45631	2.5276e-003
6327	0.31296	0.	-0.32208	4.7923e-003
6328	0.3868	0.	-0.33557	3.2979e-003
6329	0.27135	0.	-0.37359	4.5482e-003
6330	0.29211	0.	-0.43734	2.9192e-003
6331	0.39279	0.	-0.4181	2.4771e-003
6336	-0.77624	0.	-0.37248	3.0353e-003
6337	-0.71424	0.	-0.35859	4.1129e-003
6338	-0.6768	0.	-0.40831	3.7343e-003
6339	-0.74192	0.	-0.48062	2.3518e-003
6340	-0.78843	0.	-0.43353	2.3645e-003
6341	-0.68583	0.	-0.47091	2.5632e-003
6347	0.5824	0.	-0.78047	4.5374e-004
6348	0.39788	0.	-0.77856	6.6564e-004
6349	0.42591	0.	-0.86128	4.8898e-004
6350	0.55147	0.	-0.86306	4.1669e-004
6351	0.5186	0.	-0.71918	6.3233e-004
6352	0.48988	0.	-0.87796	4.4397e-004
6353	0.45213	0.	-0.72468	7.6886e-004
6358	-0.8251	0.	-0.80668	5.5134e-004
6359	-0.84615	0.	-0.73554	7.1289e-004
6360	-0.98256	0.	-0.7809	4.4259e-004
6361	-0.91549	0.	-0.85917	4.3604e-004
6362	-0.93274	0.	-0.72818	6.0206e-004
6363	-0.98135	0.	-0.85122	4.1189e-004
6367	-1.0764e-002	0.	-0.48819	3.6517e-003
6368	-1.9787e-002	0.	-0.59625	2.0635e-003
6369	7.3129e-002	0.	-0.48901	3.3971e-003
6370	-4.3056e-002	0.	-0.54028	2.3026e-003
6371	4.8958e-002	0.	-0.58542	2.1362e-003
6372	3.0978e-002	0.	-0.47319	3.9438e-003
6375	-0.47044	0.	-0.84796	6.4291e-004
6376	-0.52226	0.	-0.88824	4.9347e-004
6377	-0.40404	0.	-0.93659	3.6304e-004
6378	-0.42294	0.	-0.8863	4.7275e-004
6379	-0.51099	0.	-0.94879	4.2861e-004
6382	0.17909	0.	-0.86296	5.8275e-004
6383	0.22885	0.	-0.77655	7.3963e-004
6384	0.10461	0.	-0.8628	5.3973e-004
6385	0.11218	0.	-0.71514	1.1175e-003
6386	0.17917	0.	-0.72932	9.7933e-004
6387	7.9791e-002	0.	-0.80991	6.5823e-004
6393	-0.28153	0.	-0.24716	2.3196e-002
6394	-0.27379	0.	-0.31841	1.2542e-002
6395	-0.24357	0.	-0.24884	2.0345e-002
6396	-0.2426	0.	-0.28982	1.4489e-002
6397	-0.30309	0.	-0.27688	1.5837e-002
6402	-9.3262e-002	0.	-0.44867	4.1382e-003
6403	-7.4653e-002	0.	-0.49514	3.3291e-003
6404	-2.5346e-002	0.	-0.3946	7.1675e-003
6405	-6.9633e-002	0.	-0.40591	6.1331e-003
6406	-6.1885e-004	0.	-0.42805	4.786e-003
6410	-1.2025	0.	-0.81474	2.5905e-004
6411	-1.1485	0.	-0.75233	3.3911e-004
6412	-1.1712	0.	-0.66673	4.513e-004
6413	-1.2541	0.	-0.64943	3.9082e-004
6414	-1.2657	0.	-0.78858	2.5396e-004
6420	0.77097	0.	-0.79807	2.9553e-004
6421	0.64852	0.	-0.84674	3.3509e-004
6422	0.61565	0.	-0.70286	5.6181e-004
6423	0.68868	0.	-0.67815	5.1709e-004
6424	0.77414	0.	-0.72263	3.5538e-004
6425	0.718	0.	-0.85149	2.8676e-004
6429	-0.45066	0.	-0.70421	1.1871e-003
6430	-0.37865	0.	-0.69479	1.0918e-003
6431	-0.37656	0.	-0.59063	1.9149e-003
6432	-0.3487	0.	-0.64531	1.3172e-003
6433	-0.43381	0.	-0.57819	2.171e-003
6434	-0.482	0.	-0.65025	1.3921e-003
6439	-0.30719	0.	-0.19181	4.0556e-002
6440	-0.27324	0.	-0.19473	3.8922e-002
6441	-0.25477	0.	-0.22297	2.5546e-002
6442	-0.32737	0.	-0.22207	3.0061e-002
6443	-0.31429	0.	-0.25101	2.2301e-002
6447	0.70557	0.	-0.30041	1.3303e-003
6448	0.58232	0.	-0.23264	2.1506e-003
6449	0.52734	0.	-0.30019	2.5171e-003
6450	0.67708	0.	-0.37945	1.2193e-003
6451	0.53333	0.	-0.38272	1.6378e-003
6452	0.66206	0.	-0.22545	1.5169e-003
6458	-1.031	0.	-0.24692	1.484e-003
6459	-1.0883	0.	-0.19702	1.3843e-003
6460	-0.97361	0.	-0.20066	1.9901e-003
6461	-0.97396	0.	-0.12764	2.3088e-003
6462	-1.0736	0.	-0.12752	1.5551e-003
6466	-0.76272	0.	-0.75096	7.5282e-004
6467	-0.66186	0.	-0.83678	5.6939e-004
6468	-0.83206	0.	-0.87459	4.7959e-004
6469	-0.68404	0.	-0.77623	7.3977e-004
6470	-0.76781	0.	-0.89689	5.0244e-004
6471	-0.70059	0.	-0.8883	5.3019e-004
6476	0.3127	0.	-0.12051	9.1937e-003
6477	0.2641	0.	-0.18744	9.5317e-003
6478	0.20494	0.	-0.1789	1.2299e-002
6479	0.17698	0.	-0.12276	2.5004e-002
6484	-0.58932	0.	-0.15054	1.6024e-002
6485	-0.54109	0.	-0.15105	2.8356e-002
6486	-0.60802	0.	-0.19946	1.3117e-002
6487	-0.56432	0.	-0.24166	1.3693e-002
6488	-0.52172	0.	-0.2239	1.5767e-002
6493	-0.82204	0.	-0.62211	1.0353e-003
6494	-0.7683	0.	-0.61346	1.2925e-003
6495	-0.7051	0.	-0.70509	8.8922e-004
6496	-0.87036	0.	-0.67246	7.9701e-004
6497	-0.72055	0.	-0.65287	1.1168e-003
6501	-0.27018	0.	-0.54478	2.2602e-003
6502	-0.24232	0.	-0.59947	1.6853e-003
6503	-0.17716	0.	-0.50005	3.0122e-003
6504	-0.15855	0.	-0.54652	2.1048e-003
6505	-0.19101	0.	-0.59006	1.7272e-003
6508	0.3107	0.	-0.50092	2.1766e-003
6509	0.41138	0.	-0.48168	1.7102e-003
6510	0.39584	0.	-0.58623	1.384e-003
6511	0.33873	0.	-0.5591	1.5596e-003
6512	0.42577	0.	-0.53509	1.4855e-003
6516	-0.34398	0.	-0.13894	8.6678e-002
6517	-0.2877	0.	-0.16525	4.8643e-002
6518	-0.34183	0.	-0.19259	4.2424e-002
6519	-0.35225	0.	-0.16246	5.2621e-002
6520	-0.29926	0.	-0.14196	6.9738e-002
6521	-0.32155	0.	-0.13851	7.2513e-002
6525	-0.75946	0.	-0.31691	4.1272e-003
6526	-0.83365	0.	-0.39186	2.3824e-003
6527	-0.80639	0.	-0.27987	3.6954e-003
6528	-0.87333	0.	-0.35061	2.4895e-003
6529	-0.87158	0.	-0.28427	2.6968e-003
6533	0.79774	0.	-0.48519	6.4093e-004
6534	0.77795	0.	-0.56279	5.6526e-004
6535	0.87364	0.	-0.47012	5.7804e-004
6536	0.86341	0.	-0.60728	4.2216e-004
6539	0.33895	0.	-0.18451	5.8218e-003
6540	0.46776	0.	-0.13044	4.141e-003
6541	0.41279	0.	-0.198	4.436e-003
6546	-9.0784e-002	0.	-0.24463	2.3454e-002
6547	-5.1518e-002	0.	-0.24315	2.5068e-002
6548	-2.8469e-002	0.	-0.27222	1.809e-002
6549	-4.162e-002	0.	-0.31362	1.3443e-002
6550	-8.5907e-002	0.	-0.32492	1.2306e-002
6551	-0.10752	0.	-0.29848	1.335e-002
6556	-2.4219e-002	0.	-0.14242	6.6789e-002
6557	-8.6924e-002	0.	-0.17776	4.6582e-002
6558	-4.7658e-002	0.	-0.17628	4.8699e-002
6559	-9.7636e-002	0.	-0.14738	5.79e-002
6560	-5.5469e-002	0.	-0.12853	9.7806e-002
6564	-1.1945	0.	-0.4373	7.4638e-004
6565	-1.2701	0.	-0.49353	5.5727e-004
6566	-1.2181	0.	-0.38495	8.0984e-004
6567	-1.2789	0.	-0.35607	7.3467e-004
6572	-0.41823	0.	-0.39336	5.9445e-003
6573	-0.40243	0.	-0.43958	4.1265e-003
6574	-0.45117	0.	-0.47402	3.6488e-003
6575	-0.50104	0.	-0.45266	3.9407e-003
6576	-0.49545	0.	-0.40651	5.3961e-003
6580	-0.39085	0.	-0.11993	0.102
6581	-0.37459	0.	-0.13907	8.8745e-002
6582	-0.34388	0.	-0.11513	0.10605
6583	-0.38205	0.	-0.10529	0.14542
6588	0.76598	0.	-0.35789	9.0454e-004
6589	0.75096	0.	-0.20389	1.2279e-003
6590	0.84188	0.	-0.34282	8.4285e-004
6591	0.83578	0.	-0.22063	9.8856e-004
6598	-0.40639	0.	-0.7615	7.4856e-004
6599	-0.53023	0.	-0.81119	6.9514e-004
6600	-0.55241	0.	-0.75064	8.5409e-004
6601	-0.4309	0.	-0.80926	6.7681e-004
6602	-0.50974	0.	-0.71695	1.0603e-003
6606	-0.30443	0.	-0.7026	9.7292e-004
6607	-0.35889	0.	-0.79984	6.0541e-004
6608	-0.31526	0.	-0.79695	5.5771e-004
6612	-0.32804	0.	-0.36067	7.3751e-003
6613	-0.39275	0.	-0.31585	1.2127e-002
6614	-0.36302	0.	-0.40378	5.7175e-003
6615	-0.35734	0.	-0.31914	1.1338e-002
6621	0.26066	0.	-0.84673	6.3388e-004
6622	0.28869	0.	-0.92946	4.5839e-004
6623	0.13642	0.	-0.93298	4.2467e-004
6626	-0.15858	0.	-0.41387	5.592e-003
6627	-0.22513	0.	-0.36863	7.3507e-003
6628	-0.19394	0.	-0.34004	9.8861e-003
6629	-0.13495	0.	-0.37111	7.0591e-003
6630	-0.15657	0.	-0.34467	8.7345e-003
6635	-0.66002	0.	-0.35275	4.7674e-003
6636	-0.74439	0.	-0.26598	4.7095e-003
6637	-0.67993	0.	-0.25461	6.6814e-003
6638	-0.63623	0.	-0.2968	7.2548e-003
6641	0.23119	0.	-0.2429	9.3286e-003
6642	0.36418	0.	-0.26493	4.8694e-003
6643	0.24874	0.	-0.30295	5.9708e-003
6645	0.33845	0.	-0.84305	6.2517e-004
6646	0.26073	0.	-0.71309	1.0337e-003
6647	0.36466	0.	-0.70645	8.9231e-004
6648	0.30755	0.	-0.67932	1.0869e-003
6652	-0.16423	0.	-0.94545	1.7245e-004
6653	-1.551e-002	0.	-0.94421	2.9911e-004
6654	-4.0324e-002	0.	-0.89132	4.4229e-004
6658	-8.3676e-002	0.	-0.60319	1.7995e-003
6659	8.3382e-003	0.	-0.64833	1.476e-003
6660	-0.11614	0.	-0.64673	1.3065e-003
6661	-2.4052e-002	0.	-0.7431	1.0651e-003
6664	-0.4428	0.	-0.11304	7.658e-002
6665	-0.41886	0.	-0.10244	0.12767
6666	-0.39913	0.	-0.14344	7.0266e-002
6667	-0.40659	0.	-0.10966	0.12875
6671	6.7424e-002	0.	-0.12979	5.3932e-002
6672	2.6497e-002	0.	-0.10798	0.10592
6673	-4.6896e-003	0.	-0.17136	5.405e-002
6674	-1.25e-002	0.	-0.12361	0.10097
6675	9.6226e-003	0.	-0.11791	0.11629
6681	-0.22201	0.	-0.15843	4.7693e-002
6682	-0.15917	0.	-0.14806	5.1028e-002
6683	-0.20353	0.	-0.18668	3.7678e-002
6684	-0.21187	0.	-0.13418	6.2536e-002
6685	-0.17515	0.	-0.17504	3.9652e-002
6691	-0.30234	0.	-0.59844	1.8552e-003
6692	-0.33872	0.	-0.49688	3.1807e-003
6693	-0.38745	0.	-0.53132	2.5044e-003
6698	-1.1106	0.	-0.83295	2.9874e-004
6699	-1.2257	0.	-0.92503	1.5758e-004
6700	-1.2278	0.	-0.8692	1.9858e-004
6701	-1.1094	0.	-0.90327	2.645e-004
6706	0.14407	0.	-0.17821	2.4791e-002
6707	0.18958	0.	-0.29441	9.0993e-003
6708	0.1296	0.	-0.23133	1.4885e-002
6713	-0.29055	0.	-0.94175	2.3897e-004
6714	-0.26582	0.	-0.88856	3.0371e-004
6719	0.87114	0.	-0.89477	1.7268e-004
6720	0.86566	0.	-0.75655	2.8006e-004
6721	0.80952	0.	-0.88541	1.9526e-004
6725	-6.7395e-002	0.	-0.2067	3.0664e-002
6726	-0.11737	0.	-0.1778	4.211e-002
6727	-0.13335	0.	-0.20478	2.7648e-002
6731	0.16627	0.	-0.39957	4.9693e-003
6732	0.18703	0.	-0.46332	3.4126e-003
6733	8.3274e-002	0.	-0.42887	4.6782e-003
6737	-0.58352	0.	-0.43931	3.8933e-003
6738	-0.59879	0.	-0.34652	6.923e-003
6739	-0.63162	0.	-0.46507	3.3097e-003
6740	-0.57792	0.	-0.39316	5.4445e-003
6744	7.5171e-002	0.	-0.10026	8.9865e-002
6745	0.10164	0.	-0.17518	2.6722e-002
6754	1.7369e-002	0.	-8.8386e-002	0.14642
6760	-1.0793	0.	-0.68494	4.7981e-004
6761	-1.0068	0.	-0.71781	5.3812e-004
6762	-1.0554	0.	-0.84085	3.4217e-004
6765	-1.1094	0.	-0.5258	7.1726e-004
6766	-1.185	0.	-0.58203	5.1752e-004
6767	-1.0295	0.	-0.63222	6.3811e-004
6771	-0.7906	0.	-0.12759	5.3689e-003
6772	-0.81612	0.	-0.18316	4.1186e-003
6773	-0.8813	0.	-0.18755	3.1604e-003
6774	-0.88164	0.	-0.11454	3.4671e-003
6777	0.493	0.	-0.21086	2.9789e-003
6778	0.62771	0.	-0.13612	2.0579e-003
6783	0.44401	0.	-0.36094	2.5265e-003
6787	-1.2755	0.	-0.20955	9.0404e-004
6788	-1.2083	0.	-0.17986	1.0552e-003
6789	-1.1936	0.	-0.11036	1.234e-003
6793	0.43045	0.	-0.94245	4.0256e-004
6797	-1.0766	0.	-0.39126	1.1038e-003
6798	-1.1002	0.	-0.33891	1.1608e-003
6799	-1.0938	0.	-0.28034	1.2354e-003
6800	-0.98087	0.	-0.35033	1.6253e-003
6801	-0.97911	0.	-0.28398	1.8581e-003
6805	0.71771	0.	-0.51454	7.1959e-004
6806	0.8134	0.	-0.42186	7.1771e-004
6810	-0.80656	0.	-0.55574	1.4186e-003
6811	-0.85307	0.	-0.50865	1.4282e-003
6812	-0.90863	0.	-0.61474	9.3353e-004
6817	0.22788	0.	-0.41821	4.2176e-003
6821	0.55601	0.	-0.94423	3.2542e-004
6822	0.68708	0.	-0.93409	2.4362e-004
6829	-0.60423	0.	-0.79092	7.1843e-004
6830	-0.62078	0.	-0.90299	5.093e-004
6831	-0.57078	0.	-0.91202	4.8681e-004
6835	3.7117e-002	0.	-0.87993	5.0826e-004
6839	-0.79932	0.	-0.5	1.6662e-003
6840	-0.70507	0.	-0.58651	1.4864e-003
6841	-0.69673	0.	-0.53738	1.9128e-003
6845	0.62489	0.	-0.61685	6.8998e-004
6846	0.48538	0.	-0.64707	8.6778e-004
6847	0.51531	0.	-0.59593	9.7321e-004
6853	0.78338	0.	-0.63663	4.9763e-004
6858	-0.57678	0.	-0.10884	2.6953e-002
6859	-0.68264	0.	-0.11307	1.0691e-002
6860	-0.6437	0.	-0.15726	1.1363e-002
6864	-0.49938	0.	-0.10557	5.3573e-002
6865	-0.49157	0.	-7.9086e-002	8.8382e-002
6869	-0.44627	0.	-9.1175e-002	0.11902
6870	-0.4624	0.	-7.5296e-002	0.10221
6875	-0.41007	0.	-8.7794e-002	0.16713
6876	-0.43846	0.	-6.4694e-002	0.14939
6877	-0.41802	0.	-7.1396e-002	0.23042
6881	-0.8582	0.	-0.94938	3.8505e-004
6882	-0.98831	0.	-0.91913	3.3514e-004
6887	-0.22318	0.	-0.64371	1.1842e-003
6892	-0.12555	0.	-0.50075	3.0363e-003
6893	-0.12053	0.	-0.41152	5.7199e-003
6897	-0.13941	0.	-0.59076	1.6785e-003
6902	-0.23528	0.	-0.19641	3.5924e-002
6903	-0.24363	0.	-0.14392	6.246e-002
6904	-0.26532	0.	-0.14488	6.842e-002
6909	-5.0803e-003	0.	-0.23429	2.71e-002
6915	-0.31224	0.	-0.40689	5.8259e-003
6916	-0.24607	0.	-0.3352	9.8751e-003
6917	-0.30655	0.	-0.32226	1.1315e-002
6920	0.27666	0.	-0.54014	1.994e-003
6923	-0.38435	0.	-0.24851	2.4777e-002
6924	-0.37127	0.	-0.27744	1.5674e-002
6925	-0.44825	0.	-0.26461	1.5548e-002
6929	0.14407	0.	-0.65168	1.3814e-003
6930	4.4693e-002	0.	-0.73227	1.0908e-003
6936	4.8184e-003	0.	-0.30476	1.4931e-002
6937	5.2571e-002	0.	-0.24583	1.8767e-002
6941	-5.2619e-002	0.	-0.35745	8.5155e-003
6942	1.6396e-002	0.	-0.3796	7.5052e-003
6946	-1.1923	0.	-0.5085	6.5749e-004
6947	-1.1402	0.	-0.39992	9.1217e-004
6952	0.46438	0.	-0.49688	1.4382e-003
6960	-0.39596	0.	-0.48444	3.3631e-003
6964	-0.7658	0.	-0.17338	5.514e-003
6965	-0.70134	0.	-0.162	7.3708e-003
6971	-0.14407	0.	-0.1744	4.0314e-002
6976	-0.88552	0.	-0.41166	1.7878e-003
6980	0.25787	0.	-0.63209	1.3106e-003
6982	-0.49457	0.	-0.49751	3.0533e-003
6986	-0.59255	0.	-0.50191	2.7884e-003
6987	-0.53885	0.	-0.43	4.9274e-003
6991	-0.64187	0.	-0.67814	1.1081e-003
6992	-0.58375	0.	-0.69668	1.0826e-003
6998	0.79226	0.	-0.14567	1.1953e-003
7005	0.3618	0.	-0.62545	1.1857e-003
7006	0.44884	0.	-0.60144	1.1001e-003
7014	-0.21585	0.	-0.26563	1.8208e-002
7015	-0.18843	0.	-0.21302	2.5137e-002
7018	-0.34893	0.	-0.25179	2.3636e-002
7019	-0.37244	0.	-0.19272	4.3629e-002
7027	0.81818	0.	-0.9482	1.6099e-004
7036	-0.72673	0.	-0.96309	4.3812e-004
7042	-1.2247	0.	-0.3187	8.9243e-004
7043	-1.1574	0.	-0.28901	1.052e-003
7052	-0.17751	0.	-0.31124	1.0993e-002
7055	-0.11852	0.	-0.34231	9.0153e-003
7063	-1.2889	0.	-0.89887	1.4207e-004
7071	-2.1627e-002	0.	-0.10402	0.13894
7077	-1.2183	0.	-0.26013	9.7527e-004
7082	-0.60951	0.	-0.96354	4.4346e-004
7093	-0.3645	0.	-0.89789	4.0619e-004
7094	-0.32088	0.	-0.895	3.4732e-004
7098	-0.64899	0.	-0.5768	1.7514e-003
7099	-0.5992	0.	-0.64446	1.2995e-003
7109	-0.8565	0.	-0.23334	3.3404e-003
7110	-0.72686	0.	-0.21757	6.2592e-003
7117	-1.1363	0.	-0.16095	1.3032e-003
7121	-0.92344	0.	-0.30407	2.123e-003
7126	-0.92203	0.	-0.16471	2.6491e-003
7131	-0.6187	0.	-0.24838	8.6389e-003
7140	-0.33978	0.	-0.84471	4.5512e-004
7146	-0.25519	0.	-0.12062	8.0866e-002
7149	-0.5324	0.	-0.27282	1.1779e-002
7150	-0.55413	0.	-0.33721	7.8571e-003
7175	-0.29917	0.	-0.11814	8.9616e-002
10369	-0.44894	0.	-3.823e-002	0.19155
10370	-0.4285	0.	-4.4932e-002	0.26229
10374	-0.43415	0.	-5.5517e-002	0.21345
82	0.	0.	6.25e-002	0.30292
83	0.	0.	7.5e-002	0.19923
84	-2.5e-002	0.	7.5e-002	0.20652
85	-5.e-002	0.	7.5e-002	0.16945
86	-0.1	0.	7.5e-002	0.12508
87	-0.15	0.	7.5e-002	8.4368e-002
88	-0.2	0.	7.5e-002	7.8592e-002
89	-0.25	0.	7.5e-002	8.9021e-002
90	-0.3	0.	7.5e-002	0.11818
91	-0.35	0.	7.5e-002	0.16208
92	-0.375	0.	7.5e-002	0.20261
93	-0.4	0.	6.25e-002	0.31419
94	-0.4	0.	7.5e-002	0.22147
95	-0.4	0.	5.e-002	0.3838
104	0.	0.	5.e-002	0.43698
427	0.1	0.	0.	0.11903
428	0.2	0.	0.	3.2401e-002
429	0.3	0.	0.	1.3043e-002
430	0.4	0.	0.	6.0853e-003
431	0.5	0.	0.	3.2911e-003
432	0.6	0.	0.	2.139e-003
433	0.7	0.	0.	1.7535e-003
434	0.8	0.	0.	1.2081e-003
435	0.9	0.	0.	9.682e-004
436	-1.3	0.	0.	9.3932e-004
437	-1.2	0.	0.	1.1253e-003
438	-1.1	0.	0.	1.5031e-003
439	-1.	0.	0.	1.9845e-003
440	-0.9	0.	0.	3.3723e-003
441	-0.8	0.	0.	5.9577e-003
442	-0.7	0.	0.	1.0911e-002
443	-0.6	0.	0.	2.5603e-002
444	-0.5	0.	0.	0.1024
488	-1.4	0.	9.7727e-002	8.8916e-004
489	-1.4	0.	0.19545	8.5898e-004
490	-1.4	0.	0.29318	7.5912e-004
491	-1.4	0.	0.39091	6.0117e-004
492	-1.4	0.	0.48864	5.1885e-004
493	-1.4	0.	0.58636	4.0597e-004
494	-1.4	0.	0.68409	3.0142e-004
495	-1.4	0.	0.78182	2.2601e-004
496	-1.4	0.	0.87955	1.3773e-004
497	-1.4	0.	0.97727	6.3916e-005
503	-1.3	0.	1.075	5.7011e-005
504	-1.2	0.	1.075	1.3919e-004
505	-1.1	0.	1.075	2.0956e-004
506	-1.	0.	1.075	2.8368e-004
507	-0.9	0.	1.075	3.49e-004
508	-0.8	0.	1.075	3.9233e-004
509	-0.7	0.	1.075	3.9216e-004
510	-0.6	0.	1.075	4.0294e-004
511	-0.5	0.	1.075	3.4507e-004
512	-0.4	0.	1.075	2.6809e-004
513	-0.3	0.	1.075	1.6432e-004
514	-0.2	0.	1.075	7.3726e-005
515	-0.1	0.	1.075	1.4033e-004
516	0.	0.	1.075	2.7876e-004
517	0.1	0.	1.075	3.5822e-004
518	0.2	0.	1.075	3.9229e-004
519	0.3	0.	1.075	4.0461e-004
520	0.4	0.	1.075	3.8967e-004
521	0.5	0.	1.075	3.297e-004
522	0.6	0.	1.075	2.6468e-004
523	0.7	0.	1.075	2.0502e-004
524	0.8	0.	1.075	1.3876e-004
525	0.9	0.	1.075	7.9014e-005
531	1.	0.	0.97727	7.935e-005
532	1.	0.	0.87955	1.3592e-004
533	1.	0.	0.78182	2.3704e-004
534	1.	0.	0.68409	3.3583e-004
535	1.	0.	0.58636	4.1594e-004
536	1.	0.	0.48864	5.4373e-004
537	1.	0.	0.39091	6.4183e-004
538	1.	0.	0.29318	7.3817e-004
539	1.	0.	0.19545	8.4299e-004
540	1.	0.	9.7727e-002	9.091e-004
541	0.	0.	0.	0.38316
542	-0.4	0.	0.	0.38827
548	1.	0.	0.	9.2076e-004
550	-1.4	0.	0.	9.1524e-004
553	-1.4	0.	1.075	3.4757e-005
554	1.	0.	1.075	3.7988e-005
555	0.15	0.	0.575	2.0331e-003
556	-0.56233	0.	0.5627	1.8721e-003
557	-0.48472	0.	0.33699	9.196e-003
558	8.1836e-002	0.	0.33823	8.5337e-003
559	-0.975	0.	0.48295	1.1895e-003
560	0.58363	0.	0.46543	1.1809e-003
561	-0.24755	0.	0.46067	4.1227e-003
562	-0.15749	0.	0.78347	6.1987e-004
563	-0.17491	0.	0.25442	1.6876e-002
564	1.5758e-002	0.	0.2064	3.3596e-002
565	0.33437	0.	0.39363	3.1874e-003
566	-0.73438	0.	0.39363	2.8865e-003
567	-0.87999	0.	0.79679	5.3445e-004
568	1.9406e-002	0.	0.51627	3.1157e-003
569	-0.50252	0.	0.72682	1.0009e-003
570	0.11667	0.	0.90833	4.5637e-004
571	-0.10264	0.	0.3651	7.9e-003
572	-0.38016	0.	0.29503	1.2556e-002
573	-0.42046	0.	0.64316	1.3481e-003
574	-1.0792	0.	0.76458	4.0443e-004
575	0.82917	0.	0.71572	3.6159e-004
576	0.61667	0.	0.32197	1.5901e-003
577	-1.0167	0.	0.32197	1.6497e-003
578	0.1759	0.	0.21027	1.5044e-002
579	-0.57613	0.	0.21058	1.4307e-002
580	5.2778e-002	0.	0.65833	1.4122e-003
581	-0.25625	0.	0.1375	6.1331e-002
582	-0.17502	0.	0.66121	1.1166e-003
583	-0.76064	0.	0.53173	1.7369e-003
584	0.41782	0.	0.6668	9.1913e-004
585	-0.44853	0.	0.54666	2.3191e-003
586	-1.258	0.	0.53344	5.113e-004
587	-0.79002	0.	0.1196	6.078e-003
588	0.375	0.	0.13466	5.7926e-003
589	0.27327	0.	0.81415	5.9493e-004
590	0.78561	0.	0.50306	6.318e-004
591	-0.73508	0.	0.75306	8.3063e-004
592	-6.0502e-002	0.	0.22264	2.5788e-002
593	-3.902e-002	0.	0.16577	5.6681e-002
594	-0.40328	0.	0.96751	2.9797e-004
595	-0.10023	0.	0.50324	3.0665e-003
596	-1.2083	0.	0.25871	9.7093e-004
597	0.80833	0.	0.25871	9.921e-004
598	-0.28516	0.	0.30234	1.1642e-002
599	-0.4193	0.	0.14225	7.0671e-002
600	2.6447e-002	0.	0.12896	7.1609e-002
601	-0.34688	0.	0.16875	5.9879e-002
602	-0.15937	0.	0.16875	4.4009e-002
603	-0.33499	0.	0.54422	2.3143e-003
604	-0.3342	0.	0.42364	5.1408e-003
605	0.76458	0.	0.89536	2.0287e-004
606	-0.54224	0.	0.95041	4.2557e-004
607	-2.3785e-002	0.	0.86881	4.5574e-004
608	-1.2625	0.	0.83207	1.8953e-004
609	0.12199	0.	0.44696	4.1702e-003
610	-0.5125	0.	0.45	3.9874e-003
611	-0.6	0.	0.36449	5.6835e-003
612	0.2	0.	0.36449	5.3032e-003
613	0.67723	0.	0.75546	4.0262e-004
614	0.2875	0.	0.24957	7.1223e-003
615	0.45208	0.	0.28577	3.3496e-003
616	-0.6875	0.	0.24957	6.0495e-003
617	-0.85208	0.	0.28577	2.9437e-003
618	-0.76039	0.	0.89944	4.9751e-004
619	-0.15131	0.	0.93457	2.2089e-004
620	-4.257e-002	0.	0.42879	4.9446e-003
621	0.29149	0.	0.6038	1.3029e-003
622	-0.27281	0.	0.72776	7.8915e-004
623	-0.18819	0.	0.31806	9.5735e-003
624	-7.6572e-002	0.	0.60021	1.7615e-003
625	-1.1375	0.	0.43693	7.8758e-004
626	-0.92604	0.	0.14289	2.6815e-003
627	0.52604	0.	0.14289	2.7318e-003
628	0.3375	0.	0.92808	4.7585e-004
629	-1.0161	0.	0.92942	3.0207e-004
630	-0.2125	0.	0.2	2.964e-002
631	-0.95162	0.	0.64248	8.4962e-004
632	-1.0979	0.	0.59214	6.2619e-004
633	-0.19838	0.	0.55178	2.0918e-003
634	0.49945	0.	0.94036	3.5661e-004
635	-2.875e-002	0.	0.11589	0.11144
636	0.37917	0.	0.52898	1.5757e-003
637	0.26406	0.	0.15862	1.084e-002
638	-0.6679	0.	0.14184	1.1598e-002
639	-0.25814	0.	0.37314	7.0536e-003
640	-0.27969	0.	0.18438	4.1827e-002
641	0.6657	0.	0.18777	1.5868e-003
642	-1.0657	0.	0.18777	1.4676e-003
643	-5.1344e-002	0.	0.72226	9.1046e-004
644	-0.64216	0.	0.4753	2.581e-003
645	0.2375	0.	0.48949	2.4205e-003
646	-1.9992e-002	0.	0.34987	9.3067e-003
647	8.4722e-002	0.	0.78333	7.0591e-004
648	-0.85	0.	0.44347	1.932e-003
649	0.45	0.	0.44347	1.6967e-003
650	-0.31553	0.	0.23183	2.5582e-002
651	0.74054	0.	0.60433	5.9297e-004
652	-0.82352	0.	0.65683	9.4157e-004
653	-0.36706	0.	0.11705	0.11077
654	-0.89193	0.	0.95943	3.8159e-004
655	-0.24107	0.	0.83962	4.0764e-004
656	0.19167	0.	0.71112	9.8671e-004
657	0.62306	0.	0.59614	7.5624e-004
658	-0.17874	0.	0.40059	5.6301e-003
659	9.5702e-002	0.	0.16952	3.1993e-002
660	-0.49594	0.	0.17204	3.0309e-002
661	-0.61867	0.	0.67806	1.1764e-003
662	-0.34072	0.	0.84026	4.9653e-004
663	-0.50803	0.	8.5143e-002	4.9859e-002
664	-0.42981	0.	6.4838e-002	0.18621
665	0.10798	0.	8.4955e-002	6.3373e-002
666	3.0622e-002	0.	6.3776e-002	0.20265
667	0.87	0.	0.11574	9.944e-004
668	-1.27	0.	0.11574	9.7065e-004
669	-1.2798	0.	0.95757	9.7836e-005
670	-1.289	0.	0.40526	6.9594e-004
671	-4.5697e-002	0.	0.98511	2.2164e-004
672	-1.2688	0.	0.68118	3.4766e-004
673	8.2832e-004	0.	0.27444	1.7044e-002
674	-0.31664	0.	0.12628	8.0489e-002
675	-0.38395	0.	0.21473	2.717e-002
676	3.2134e-002	0.	0.41602	5.3379e-003
677	-0.41198	0.	0.37535	6.0962e-003
678	0.88672	0.	0.9547	1.2717e-004
679	-9.6699e-002	0.	0.28692	1.481e-002
680	-7.6042e-002	0.	0.12708	8.5575e-002
681	0.72227	0.	0.40902	9.7825e-004
682	-0.41129	0.	0.4657	3.8192e-003
683	-0.33115	0.	0.351	8.3275e-003
684	-0.10024	0.	0.17758	4.1937e-002
685	-0.13724	0.	0.21823	2.4971e-002
686	0.50417	0.	0.56847	1.1586e-003
687	-0.27604	0.	0.9449	1.884e-004
688	-1.1563	0.	0.93894	2.0041e-004
689	-0.72643	0.	0.63531	1.2865e-003
690	0.89051	0.	0.57035	4.5821e-004
691	0.23047	0.	0.93738	4.6361e-004
692	0.8851	0.	0.41746	6.6329e-004
693	-0.26449	0.	0.62246	1.4014e-003
694	0.38023	0.	0.78913	6.023e-004
695	0.87371	0.	0.83467	1.9395e-004
696	-0.60908	0.	0.83267	7.0976e-004
697	-0.11489	0.	0.42954	4.6752e-003
698	0.16101	0.	0.28506	8.2984e-003
699	-0.5607	0.	0.28638	9.6543e-003
700	0.65417	0.	0.91117	3.011e-004
701	-0.46432	0.	0.84153	5.7571e-004
702	-0.87869	0.	0.55037	1.2395e-003
703	-0.20307	0.	0.14462	5.1666e-002
704	-0.1175	0.	0.13945	6.8099e-002
705	-0.45625	0.	0.2625	1.735e-002
706	7.9524e-002	0.	0.25124	1.6803e-002
707	2.8347e-003	0.	9.6448e-002	0.13862
708	-0.40102	0.	9.7496e-002	0.16079
709	0.17936	0.	0.83086	5.7654e-004
710	-0.17292	0.	0.47083	3.7016e-003
711	0.68965	0.	0.51415	7.8474e-004
712	-0.66925	0.	0.98119	4.2554e-004
713	-0.38806	0.	0.73149	9.0369e-004
714	0.55208	0.	0.69706	7.2995e-004
715	0.19035	0.	0.10673	2.3461e-002
716	-0.59077	0.	0.10445	2.0323e-002
717	0.58799	0.	0.82458	4.7118e-004
718	-0.5105	0.	0.63148	1.4828e-003
719	-0.24037	0.	0.24826	1.9731e-002
720	0.314	0.	0.71443	9.1054e-004
721	5.8333e-002	0.	0.99167	3.4569e-004
722	-1.1439	0.	0.11488	1.4066e-003
723	0.74388	0.	0.11488	1.4428e-003
2457	0.	0.	6.875e-002	0.24268
2458	0.	0.	5.625e-002	0.36853
2460	1.5311e-002	0.	6.3138e-002	0.25221
2461	-1.25e-002	0.	7.5e-002	0.20041
2463	1.5311e-002	0.	6.9388e-002	0.19371
2464	1.4173e-003	0.	8.5724e-002	0.16863
2467	-3.75e-002	0.	7.5e-002	0.18644
2469	-2.6875e-002	0.	9.5443e-002	0.15868
2470	-1.1083e-002	0.	8.5724e-002	0.17156
2472	-7.5e-002	0.	7.5e-002	0.14534
2474	-3.9375e-002	0.	9.5443e-002	0.14013
2475	-6.3021e-002	0.	0.10104	0.12676
2478	-0.125	0.	7.5e-002	0.10224
2480	-8.8021e-002	0.	0.10104	0.10513
2481	-0.10875	0.	0.10722	9.5798e-002
2484	-0.175	0.	7.5e-002	7.8296e-002
2486	-0.15469	0.	0.12188	6.409e-002
2487	-0.17654	0.	0.10981	6.5273e-002
2488	-0.13375	0.	0.10722	7.5861e-002
2491	-0.225	0.	7.5e-002	8.1289e-002
2493	-0.20154	0.	0.10981	6.5118e-002
2496	-0.275	0.	7.5e-002	0.10116
2498	-0.25313	0.	0.10625	7.5113e-002
2499	-0.22654	0.	0.10981	6.8588e-002
2502	-0.325	0.	7.5e-002	0.13803
2504	-0.27813	0.	0.10625	8.8355e-002
2505	-0.30832	0.	0.10064	9.9073e-002
2508	-0.3625	0.	7.5e-002	0.18095
2510	-0.35853	0.	9.6026e-002	0.13592
2511	-0.33332	0.	0.10064	0.12047
2514	-0.3875	0.	7.5e-002	0.20797
2516	-0.37103	0.	9.6026e-002	0.15646
2517	-0.38801	0.	8.6248e-002	0.18001
2519	-0.4	0.	6.875e-002	0.26309
2520	-0.4	0.	5.625e-002	0.34681
2522	-0.4149	0.	6.3669e-002	0.24995
2526	-0.4149	0.	6.9919e-002	0.199
2527	-0.40051	0.	8.6248e-002	0.1908
2532	-0.4	0.	2.5e-002	0.38022
2533	-0.4149	0.	5.7419e-002	0.28425
2581	0.	0.	2.5e-002	0.40323
2582	1.5311e-002	0.	5.6888e-002	0.31813
4477	0.15	0.	0.	7.56e-002
4478	5.e-002	0.	0.	0.25089
4479	0.10399	0.	4.2477e-002	8.8378e-002
4480	6.5311e-002	0.	3.1888e-002	0.15511
4491	0.25	0.	0.	2.2648e-002
4492	0.15399	0.	4.2477e-002	4.6082e-002
4493	0.19517	0.	5.3367e-002	2.7473e-002
4498	0.35	0.	0.	9.5277e-003
4499	0.3375	0.	6.733e-002	9.4066e-003
4500	0.28203	0.	7.9311e-002	1.1754e-002
4501	0.24517	0.	5.3367e-002	1.8069e-002
4510	0.45	0.	0.	4.6842e-003
4511	0.3875	0.	6.733e-002	5.8829e-003
4515	0.55	0.	0.	2.7128e-003
4516	0.4375	0.	6.733e-002	4.522e-003
4517	0.51302	0.	7.1443e-002	2.9952e-003
4523	0.65	0.	0.	1.9447e-003
4524	0.56302	0.	7.1443e-002	2.4161e-003
4525	0.63285	0.	9.3885e-002	1.8565e-003
4526	0.67194	0.	5.7439e-002	1.79e-003
4532	0.75	0.	0.	1.4808e-003
4533	0.72194	0.	5.7439e-002	1.5969e-003
4539	0.85	0.	0.	1.0879e-003
4540	0.835	0.	5.7871e-002	1.101e-003
4541	0.77194	0.	5.7439e-002	1.3246e-003
4549	0.95	0.	4.8864e-002	9.3864e-004
4550	0.95	0.	0.	9.4446e-004
4551	0.885	0.	5.7871e-002	9.8086e-004
4556	-1.25	0.	0.	1.0317e-003
4557	-1.35	0.	4.8864e-002	9.1419e-004
4558	-1.35	0.	0.	9.2727e-004
4559	-1.285	0.	5.7871e-002	9.5434e-004
4564	-1.15	0.	0.	1.3133e-003
4565	-1.235	0.	5.7871e-002	1.0475e-003
4566	-1.1719	0.	5.7439e-002	1.265e-003
4576	-1.05	0.	0.	1.7423e-003
4577	-1.1219	0.	5.7439e-002	1.4518e-003
4580	-0.95	0.	0.	2.6754e-003
4581	-0.96302	0.	7.1443e-002	2.3194e-003
4582	-1.0329	0.	9.3885e-002	1.7201e-003
4583	-1.0719	0.	5.7439e-002	1.6951e-003
4591	-0.85	0.	0.	4.6567e-003
4592	-0.84501	0.	5.98e-002	4.7163e-003
4593	-0.91302	0.	7.1443e-002	3.0145e-003
4600	-0.75	0.	0.	8.4122e-003
4601	-0.79501	0.	5.98e-002	5.9702e-003
4608	-0.65	0.	0.	1.8249e-002
4609	-0.74501	0.	5.98e-002	8.4786e-003
4610	-0.68395	0.	7.0919e-002	1.099e-002
4611	-0.64538	0.	5.2227e-002	1.5389e-002
4618	-0.55	0.	0.	6.3958e-002
4619	-0.55401	0.	4.2572e-002	3.6733e-002
4620	-0.59538	0.	5.2227e-002	2.2574e-002
4630	-0.45	0.	0.	0.24519
4631	-0.50401	0.	4.2572e-002	7.467e-002
4632	-0.4649	0.	3.2419e-002	0.13905
4890	-1.4	0.	0.14659	8.7393e-004
4891	-1.4	0.	4.8864e-002	9.0211e-004
4892	-1.335	0.	0.10674	9.2957e-004
4896	-1.4	0.	0.24432	8.0901e-004
4897	-1.3042	0.	0.22708	9.1218e-004
4898	-1.335	0.	0.1556	9.1475e-004
4902	-1.4	0.	0.34205	6.8014e-004
4903	-1.3042	0.	0.27595	8.6301e-004
4904	-1.3445	0.	0.34922	7.2624e-004
4908	-1.4	0.	0.43977	5.5994e-004
4909	-1.3445	0.	0.39808	6.4756e-004
4914	-1.4	0.	0.5375	4.624e-004
4915	-1.329	0.	0.51104	5.128e-004
4916	-1.3445	0.	0.44695	6.0688e-004
4920	-1.4	0.	0.63523	3.5368e-004
4921	-1.329	0.	0.5599	4.5693e-004
4922	-1.3344	0.	0.63377	3.7426e-004
4926	-1.4	0.	0.73295	2.6319e-004
4927	-1.3344	0.	0.68263	3.2246e-004
4929	-1.4	0.	0.83068	1.8187e-004
4930	-1.3312	0.	0.80694	2.0572e-004
4931	-1.3344	0.	0.7315	2.8648e-004
4935	-1.4	0.	0.92841	1.0042e-004
4936	-1.3312	0.	0.85581	1.6207e-004
4937	-1.3399	0.	0.91856	1.1382e-004
4940	-1.35	0.	1.0261	5.7552e-005
4941	-1.4	0.	1.0261	4.8701e-005
4942	-1.3399	0.	0.96742	7.9784e-005
4968	-1.25	0.	1.075	9.7726e-005
4969	-1.35	0.	1.075	4.5437e-005
4970	-1.2899	0.	1.0163	7.6674e-005
4972	-1.15	0.	1.075	1.7401e-004
4973	-1.2399	0.	1.0163	1.1524e-004
4974	-1.1781	0.	1.007	1.6915e-004
4978	-1.05	0.	1.075	2.4658e-004
4979	-1.0581	0.	1.0022	2.5501e-004
4980	-1.1281	0.	1.007	2.0254e-004
4982	-0.95	0.	1.075	3.1618e-004
4983	-1.0081	0.	1.0022	2.9161e-004
4984	-0.94597	0.	1.0172	3.3258e-004
4988	-0.85	0.	1.075	3.7064e-004
4989	-0.89597	0.	1.0172	3.6486e-004
4993	-0.75	0.	1.075	3.9213e-004
4994	-0.7802	0.	0.98722	4.4458e-004
4995	-0.84597	0.	1.0172	3.8625e-004
4996	-0.73463	0.	1.0281	4.0881e-004
4999	-0.65	0.	1.075	3.9742e-004
5000	-0.68463	0.	1.0281	4.0883e-004
5003	-0.55	0.	1.075	3.7386e-004
5004	-0.57112	0.	1.0127	4.1371e-004
5005	-0.63463	0.	1.0281	4.1413e-004
5009	-0.45	0.	1.075	3.0636e-004
5010	-0.45164	0.	1.0213	3.1878e-004
5011	-0.52112	0.	1.0127	3.8517e-004
5013	-0.35	0.	1.075	2.1162e-004
5014	-0.40164	0.	1.0213	2.8181e-004
5017	-0.25	0.	1.075	1.0581e-004
5018	-0.35164	0.	1.0213	2.2959e-004
5019	-0.28802	0.	1.0099	1.719e-004
5023	-0.15	0.	1.075	9.2657e-005
5024	-0.17565	0.	1.0048	1.4587e-004
5025	-0.23802	0.	1.0099	1.2648e-004
5027	-5.e-002	0.	1.075	2.0874e-004
5028	-0.12565	0.	1.0048	1.6747e-004
5029	-7.2849e-002	0.	1.0301	1.8084e-004
5032	5.e-002	0.	1.075	3.1743e-004
5033	-2.2849e-002	0.	1.0301	2.4905e-004
5034	2.9167e-002	0.	1.0333	3.1212e-004
5038	0.15	0.	1.075	3.7522e-004
5039	7.9167e-002	0.	1.0333	3.5103e-004
5041	0.25	0.	1.075	3.9834e-004
5042	0.15833	0.	0.99167	4.2199e-004
5043	0.21523	0.	1.0062	4.2795e-004
5044	0.12917	0.	1.0333	3.6765e-004
5048	0.35	0.	1.075	3.9694e-004
5049	0.31875	0.	1.0015	4.3979e-004
5050	0.26523	0.	1.0062	4.3399e-004
5054	0.45	0.	1.075	3.5965e-004
5055	0.36875	0.	1.0015	4.3272e-004
5056	0.44973	0.	1.0077	3.7241e-004
5061	0.55	0.	1.075	2.9708e-004
5062	0.49973	0.	1.0077	3.4257e-004
5064	0.65	0.	1.075	2.3463e-004
5065	0.54973	0.	1.0077	3.105e-004
5066	0.62708	0.	0.99309	2.7997e-004
5071	0.75	0.	1.075	1.7184e-004
5072	0.73229	0.	0.98518	2.0062e-004
5073	0.67708	0.	0.99309	2.5184e-004
5077	0.85	0.	1.075	1.081e-004
5078	0.78229	0.	0.98518	1.6882e-004
5079	0.84336	0.	1.0148	1.2768e-004
5084	0.95	0.	1.0261	7.45e-005
5085	0.95	0.	1.075	5.8089e-005
5086	0.89336	0.	1.0148	1.0188e-004
5115	1.	0.	0.92841	1.0755e-004
5116	1.	0.	1.0261	5.7442e-005
5117	0.94336	0.	0.96599	1.0155e-004
5121	1.	0.	0.83068	1.8637e-004
5122	0.94336	0.	0.91712	1.2829e-004
5123	0.93686	0.	0.85711	1.6346e-004
5126	1.	0.	0.73295	2.8627e-004
5127	0.91458	0.	0.74877	2.9635e-004
5128	0.93686	0.	0.80824	2.1303e-004
5134	1.	0.	0.63523	3.7561e-004
5135	0.91458	0.	0.69991	3.4324e-004
5136	0.94525	0.	0.62722	3.9672e-004
5139	1.	0.	0.5375	4.7982e-004
5140	0.94525	0.	0.57836	4.3586e-004
5143	1.	0.	0.43977	5.9267e-004
5144	0.94525	0.	0.52949	4.9965e-004
5145	0.94255	0.	0.45305	6.031e-004
5149	1.	0.	0.34205	6.8998e-004
5150	0.94255	0.	0.40419	6.5154e-004
5152	1.	0.	0.24432	7.9057e-004
5153	0.90417	0.	0.27595	8.6257e-004
5154	0.94255	0.	0.35532	6.997e-004
5158	1.	0.	0.14659	8.758e-004
5159	0.90417	0.	0.22708	9.1441e-004
5160	0.935	0.	0.1556	9.186e-004
5165	1.	0.	4.8864e-002	9.149e-004
5166	0.935	0.	0.10674	9.5136e-004
5169	1.5311e-002	0.	3.1888e-002	0.28576
5179	-0.4149	0.	3.2419e-002	0.27953
5191	8.4703e-002	0.	0.54564	2.5287e-003
5192	0.10139	0.	0.61667	1.6893e-003
5193	0.136	0.	0.51098	3.1008e-003
5194	0.22075	0.	0.5894	1.6539e-003
5195	0.19375	0.	0.53224	2.2031e-003
5196	0.17083	0.	0.64306	1.5084e-003
5200	-0.50543	0.	0.55468	2.0742e-003
5201	-0.53741	0.	0.50635	2.9293e-003
5202	-0.60224	0.	0.519	2.2045e-003
5203	-0.5905	0.	0.62038	1.5239e-003
5204	-0.64438	0.	0.59901	1.5668e-003
5205	-0.53641	0.	0.59709	1.6684e-003
5210	-0.43244	0.	0.31601	1.0674e-002
5211	-0.49861	0.	0.3935	6.5853e-003
5212	-0.54236	0.	0.35074	7.3344e-003
5213	-0.44835	0.	0.35617	7.487e-003
5214	-0.52271	0.	0.31169	9.2991e-003
5215	-0.47048	0.	0.29975	1.3249e-002
5220	0.10191	0.	0.39259	6.3513e-003
5221	0.14092	0.	0.35136	6.8297e-003
5222	3.0922e-002	0.	0.34405	8.7392e-003
5223	4.1332e-002	0.	0.30634	1.2704e-002
5224	5.6985e-002	0.	0.37713	6.8712e-003
5225	0.12142	0.	0.31165	8.2736e-003
5226	8.068e-002	0.	0.29473	1.259e-002
5230	-0.99583	0.	0.40246	1.407e-003
5231	-1.0562	0.	0.45994	9.7894e-004
5232	-0.96331	0.	0.56272	1.0158e-003
5233	-1.0365	0.	0.53755	9.0754e-004
5234	-0.9125	0.	0.46321	1.5574e-003
5235	-0.92684	0.	0.51666	1.2074e-003
5239	0.60015	0.	0.3937	1.3783e-003
5240	0.51682	0.	0.45445	1.4368e-003
5241	0.60335	0.	0.53078	9.6786e-004
5242	0.65295	0.	0.43723	1.0741e-003
5243	0.5439	0.	0.51695	1.1615e-003
5244	0.63664	0.	0.48979	9.8197e-004
5247	-0.29127	0.	0.50244	3.1489e-003
5248	-0.29088	0.	0.44215	4.4727e-003
5249	-0.22296	0.	0.50622	3.0827e-003
5250	-0.25285	0.	0.41691	5.5856e-003
5251	-0.21314	0.	0.43063	4.7142e-003
5252	-0.21023	0.	0.46575	3.7546e-003
5257	-0.16625	0.	0.72234	8.6817e-004
5258	-9.0636e-002	0.	0.82614	5.1317e-004
5259	-0.1544	0.	0.85902	4.193e-004
5260	-0.21515	0.	0.75562	6.7415e-004
5261	-0.10442	0.	0.75287	7.396e-004
5262	-0.19928	0.	0.81155	4.9919e-004
5266	-0.18155	0.	0.28624	1.3209e-002
5267	-0.1937	0.	0.22721	2.3048e-002
5268	-0.1358	0.	0.27067	1.5092e-002
5269	-0.15607	0.	0.23632	2.0518e-002
5270	-0.20764	0.	0.25134	1.7637e-002
5274	-2.2372e-002	0.	0.21452	2.8742e-002
5275	-1.1631e-002	0.	0.18608	4.4831e-002
5276	2.1103e-002	0.	0.16768	5.2064e-002
5277	5.573e-002	0.	0.18796	3.1906e-002
5278	8.2934e-003	0.	0.24042	2.5094e-002
5279	4.7641e-002	0.	0.22882	2.5094e-002
5284	0.26719	0.	0.37906	4.2227e-003
5285	0.31094	0.	0.3216	5.1355e-003
5286	0.39323	0.	0.3397	3.2181e-003
5287	0.35677	0.	0.4613	2.3776e-003
5288	0.28594	0.	0.44156	2.7732e-003
5289	0.39219	0.	0.41855	2.4321e-003
5293	-0.74751	0.	0.46268	2.3022e-003
5294	-0.66719	0.	0.37906	4.2571e-003
5295	-0.71094	0.	0.3216	4.444e-003
5296	-0.79323	0.	0.3397	2.8713e-003
5297	-0.68827	0.	0.43446	2.688e-003
5298	-0.79219	0.	0.41855	2.4067e-003
5301	-0.97961	0.	0.78069	4.6386e-004
5302	-0.80753	0.	0.77492	6.8032e-004
5303	-0.82019	0.	0.84811	5.1168e-004
5304	-0.94807	0.	0.8631	4.1808e-004
5305	-0.9158	0.	0.71963	6.8526e-004
5306	-0.85175	0.	0.72681	7.3763e-004
5307	-0.88596	0.	0.87811	4.5549e-004
5312	3.6092e-002	0.	0.5873	2.2639e-003
5313	-4.0413e-002	0.	0.50976	2.9506e-003
5314	7.0698e-002	0.	0.48162	3.5637e-003
5315	-1.1582e-002	0.	0.47253	4.0054e-003
5316	-2.8583e-002	0.	0.55824	2.3988e-003
5317	2.577e-002	0.	0.46615	4.2127e-003
5321	-0.46149	0.	0.68499	1.1663e-003
5322	-0.56059	0.	0.70244	1.0776e-003
5323	-0.5558	0.	0.77974	8.5111e-004
5324	-0.48342	0.	0.78417	7.8748e-004
5325	-0.44529	0.	0.72915	9.295e-004
5326	-0.50651	0.	0.67915	1.2416e-003
5329	4.6441e-002	0.	0.88857	4.4265e-004
5330	0.10069	0.	0.84583	5.8017e-004
5331	0.17357	0.	0.92286	4.5743e-004
5332	0.14801	0.	0.8696	5.1505e-004
5333	8.75e-002	0.	0.95	4.0085e-004
5338	-7.2603e-002	0.	0.39694	6.3844e-003
5339	-0.14542	0.	0.34158	8.2884e-003
5340	-6.1314e-002	0.	0.35749	8.3571e-003
5341	-0.14069	0.	0.38285	6.5521e-003
5342	-9.9668e-002	0.	0.32601	1.1348e-002
5343	-0.10877	0.	0.39732	6.2544e-003
5348	-0.33266	0.	0.29869	1.164e-002
5349	-0.34785	0.	0.26343	1.8906e-002
5350	-0.38206	0.	0.25488	1.9752e-002
5351	-0.39607	0.	0.33519	9.325e-003
5352	-0.35566	0.	0.32302	1.0315e-002
5353	-0.41821	0.	0.27877	1.447e-002
5357	-0.43449	0.	0.59491	1.8255e-003
5358	-0.37773	0.	0.59369	1.8096e-003
5359	-0.34247	0.	0.63281	1.3114e-003
5360	-0.40426	0.	0.68733	1.1204e-003
5361	-0.46548	0.	0.63732	1.402e-003
5366	-1.1709	0.	0.79832	2.9324e-004
5367	-1.0477	0.	0.847	3.4732e-004
5368	-1.0154	0.	0.70353	6.2691e-004
5369	-1.0886	0.	0.67836	5.1267e-004
5370	-1.174	0.	0.72288	3.6341e-004
5371	-1.1178	0.	0.85176	3.0073e-004
5378	0.7532	0.	0.73559	3.7733e-004
5379	0.78485	0.	0.66002	4.7661e-004
5380	0.85984	0.	0.64304	4.0597e-004
5381	0.85144	0.	0.77519	2.7776e-004
5387	0.7125	0.	0.29034	1.2801e-003
5388	0.53438	0.	0.30387	2.4603e-003
5389	0.57135	0.	0.23243	2.1492e-003
5390	0.64118	0.	0.25487	1.5749e-003
5391	0.53333	0.	0.38272	1.6233e-003
5392	0.66947	0.	0.36549	1.2836e-003
5395	-1.1125	0.	0.29034	1.2999e-003
5396	-0.93437	0.	0.30387	2.29e-003
5397	-1.0771	0.	0.37945	1.2181e-003
5398	-0.97135	0.	0.23243	2.157e-003
5399	-1.0412	0.	0.25487	1.5486e-003
5400	-0.93333	0.	0.38272	1.7545e-003
5406	0.2317	0.	0.22992	1.1073e-002
5407	0.21998	0.	0.18445	1.2753e-002
5408	0.1358	0.	0.1899	2.3466e-002
5409	0.16846	0.	0.24767	1.155e-002
5410	0.12771	0.	0.23076	1.5593e-002
5411	0.18312	0.	0.1585	1.8868e-002
5416	-0.63182	0.	0.23008	1.0152e-002
5417	-0.62202	0.	0.17621	1.2779e-002
5418	-0.53604	0.	0.19131	2.2247e-002
5419	-0.56841	0.	0.24848	1.1859e-002
5420	-0.51619	0.	0.23654	1.5358e-002
5421	-0.58345	0.	0.15752	1.6974e-002
5425	-1.1897e-002	0.	0.62927	1.5612e-003
5426	7.1685e-004	0.	0.6903	1.1379e-003
5427	6.875e-002	0.	0.72083	1.0587e-003
5428	0.12222	0.	0.68472	1.1853e-003
5431	-0.23438	0.	0.16875	4.4337e-002
5432	-0.26797	0.	0.16094	5.1364e-002
5433	-0.28645	0.	0.13189	6.8822e-002
5434	-0.22966	0.	0.14106	5.4504e-002
5438	-0.22391	0.	0.69449	9.134e-004
5439	-0.1258	0.	0.63071	1.381e-003
5440	-0.1867	0.	0.60649	1.592e-003
5441	-0.11318	0.	0.69174	9.7755e-004
5442	-0.21976	0.	0.64183	1.1908e-003
5446	-0.7014	0.	0.50351	2.1492e-003
5447	-0.80532	0.	0.4876	1.8196e-003
5448	-0.79208	0.	0.59428	1.3392e-003
5449	-0.74353	0.	0.58352	1.5024e-003
5450	-0.81966	0.	0.54105	1.481e-003
5455	0.35465	0.	0.6353	1.1074e-003
5456	0.39849	0.	0.59789	1.247e-003
5457	0.46099	0.	0.61763	1.0325e-003
5458	0.39902	0.	0.72796	7.5862e-004
5459	0.48495	0.	0.68193	8.2138e-004
5460	0.36591	0.	0.69061	9.1103e-004
5463	-0.39176	0.	0.54544	2.2406e-003
5464	-0.48051	0.	0.49833	3.1263e-003
5465	-0.42991	0.	0.50618	3.0592e-003
5466	-0.47951	0.	0.58907	1.8995e-003
5470	-1.1977	0.	0.48519	6.4768e-004
5471	-1.178	0.	0.56279	5.5862e-004
5472	-1.2735	0.	0.46935	6.0246e-004
5473	-1.2634	0.	0.60731	4.2925e-004
5477	-0.73876	0.	0.18459	5.8833e-003
5478	-0.82105	0.	0.20269	4.4483e-003
5479	-0.85803	0.	0.13124	4.3766e-003
5480	-0.72896	0.	0.13072	8.7346e-003
5485	0.33125	0.	0.19212	6.2516e-003
5486	0.41354	0.	0.21022	4.5072e-003
5487	0.45052	0.	0.13877	4.2621e-003
5488	0.31953	0.	0.14664	8.2538e-003
5493	0.30539	0.	0.87111	5.3516e-004
5494	0.23247	0.	0.76263	7.8886e-004
5495	0.25187	0.	0.87577	5.289e-004
5496	0.32675	0.	0.80164	5.9482e-004
5497	0.22631	0.	0.82251	5.8426e-004
5498	0.29364	0.	0.76429	7.49e-004
5502	0.76308	0.	0.5537	6.0747e-004
5503	0.75394	0.	0.45604	8.0354e-004
5504	0.83806	0.	0.53671	5.4382e-004
5505	0.83536	0.	0.46026	6.4412e-004
5506	0.73763	0.	0.50861	7.0384e-004
5510	-0.74774	0.	0.82625	6.6336e-004
5511	-0.7793	0.	0.70494	8.8028e-004
5512	-0.67687	0.	0.71556	9.9895e-004
5513	-0.73076	0.	0.69418	1.0585e-003
5514	-0.67208	0.	0.79287	7.6265e-004
5518	-4.9761e-002	0.	0.1942	4.0906e-002
5519	-2.9837e-002	0.	0.24854	2.1279e-002
5520	-7.8601e-002	0.	0.25478	2.0032e-002
5521	-8.0369e-002	0.	0.20011	3.3748e-002
5522	-9.8871e-002	0.	0.22044	2.4409e-002
5526	-6.2864e-003	0.	0.14736	6.181e-002
5527	-3.3885e-002	0.	0.14083	8.4041e-002
5528	-5.7531e-002	0.	0.14642	7.0237e-002
5529	-6.9628e-002	0.	0.17167	4.8138e-002
5533	-0.47276	0.	0.95896	3.5987e-004
5534	-0.372	0.	0.90389	3.8989e-004
5535	-0.33966	0.	0.9562	2.2968e-004
5536	-0.4338	0.	0.90452	4.3676e-004
5541	-7.1401e-002	0.	0.46601	3.9381e-003
5542	-8.8402e-002	0.	0.55172	2.3993e-003
5543	-0.1493	0.	0.52751	2.4634e-003
5544	-0.10756	0.	0.46639	3.8692e-003
5545	-0.13657	0.	0.48704	3.3441e-003
5550	-1.1729	0.	0.34782	8.733e-004
5551	-1.137	0.	0.22324	1.2188e-003
5552	-1.2392	0.	0.18723	9.6843e-004
5553	-1.2487	0.	0.33198	8.3328e-004
5554	-1.1761	0.	0.18679	1.1871e-003
5558	0.73702	0.	0.22324	1.2895e-003
5559	0.83917	0.	0.18723	9.8992e-004
5560	0.7653	0.	0.33386	9.7609e-004
5561	0.84672	0.	0.33809	8.274e-004
5562	0.77611	0.	0.18679	1.2149e-003
5568	-0.23667	0.	0.3102	9.8631e-003
5569	-0.27165	0.	0.33774	9.2445e-003
5570	-0.30034	0.	0.26709	1.8459e-002
5571	-0.30815	0.	0.32667	9.9179e-003
5572	-0.26276	0.	0.2753	1.5506e-002
5576	-0.38309	0.	0.1555	6.3008e-002
5577	-0.39318	0.	0.12965	8.9313e-002
5578	-0.45762	0.	0.15715	5.0107e-002
5579	-0.46366	0.	0.1137	5.6693e-002
5580	-0.42456	0.	0.10355	0.12444
5581	-0.40163	0.	0.17849	4.8291e-002
5582	-0.41016	0.	0.11987	0.1157
5589	-1.1516e-003	0.	0.12242	8.8698e-002
5590	6.1074e-002	0.	0.14924	5.1657e-002
5591	6.7213e-002	0.	0.10696	6.5329e-002
5592	2.8534e-002	0.	9.637e-002	0.13414
5593	1.4641e-002	0.	0.11271	0.10478
5598	-0.31328	0.	0.17656	4.9253e-002
5599	-0.3312	0.	0.20029	4.2257e-002
5600	-0.35697	0.	0.1429	8.5008e-002
5601	-0.33176	0.	0.14751	6.9799e-002
5602	-0.36541	0.	0.19174	4.3374e-002
5606	-0.18594	0.	0.18438	3.555e-002
5607	-0.12981	0.	0.17317	4.1475e-002
5608	-0.14831	0.	0.19349	3.4407e-002
5609	-0.18122	0.	0.15668	4.6454e-002
5610	-0.13844	0.	0.1541	5.549e-002
5614	-0.3346	0.	0.48393	3.7239e-003
5615	-0.26668	0.	0.548	2.0697e-003
5616	-0.37314	0.	0.50496	3.0219e-003
5617	-0.29974	0.	0.58334	1.8394e-003
5623	-0.29617	0.	0.39839	5.9364e-003
5624	-0.37309	0.	0.39949	5.522e-003
5625	-0.37275	0.	0.44467	4.4426e-003
5626	-0.33268	0.	0.38732	6.729e-003
5630	0.72091	0.	0.82541	3.0208e-004
5631	0.82565	0.	0.92503	1.6373e-004
5632	0.81915	0.	0.86501	1.9364e-004
5633	0.70938	0.	0.90327	2.512e-004
5639	-0.57566	0.	0.89154	5.671e-004
5640	-0.50328	0.	0.89597	4.9771e-004
5641	-0.60574	0.	0.9658	4.2439e-004
5645	-8.7546e-002	0.	0.90169	3.3076e-004
5646	-3.7565e-002	0.	0.79554	6.8253e-004
5647	3.0469e-002	0.	0.82607	5.715e-004
5648	-3.4741e-002	0.	0.92696	3.3488e-004
5649	1.7274e-002	0.	0.93024	3.87e-004
5654	-1.2711	0.	0.89482	1.4265e-004
5655	-1.2657	0.	0.75662	2.6758e-004
5656	-1.2094	0.	0.8855	1.8762e-004
5660	0.161	0.	0.40572	4.6687e-003
5661	0.17975	0.	0.46822	3.2702e-003
5662	7.7063e-002	0.	0.43149	4.7102e-003
5667	-0.55625	0.	0.40724	4.7213e-003
5668	-0.57733	0.	0.46265	3.2468e-003
5669	-0.46224	0.	0.41267	4.9782e-003
5670	-0.4619	0.	0.45785	3.8151e-003
5676	-0.64375	0.	0.30703	5.7331e-003
5677	-0.62108	0.	0.41989	4.1236e-003
5678	-0.58035	0.	0.32543	7.6685e-003
5682	0.24375	0.	0.30703	6.0913e-003
5683	0.21875	0.	0.42699	3.8587e-003
5684	0.18051	0.	0.32478	6.7943e-003
5688	0.70888	0.	0.67989	4.9521e-004
5689	0.65014	0.	0.6758	5.7906e-004
5690	0.77547	0.	0.79506	2.9535e-004
5691	0.6657	0.	0.83332	3.4797e-004
5692	0.61466	0.	0.72626	5.6509e-004
5693	0.63261	0.	0.79002	4.3255e-004
5697	0.36979	0.	0.26767	5.2205e-003
5698	0.27578	0.	0.2041	8.9113e-003
5699	0.22426	0.	0.26732	7.5737e-003
5704	0.48906	0.	0.21433	2.999e-003
5705	0.45104	0.	0.36462	2.5133e-003
5712	-0.76979	0.	0.26767	4.4847e-003
5713	-0.6777	0.	0.19571	8.7934e-003
5714	-0.6241	0.	0.26798	7.6668e-003
5720	-0.88906	0.	0.21433	2.7793e-003
5721	-0.85104	0.	0.36462	2.4178e-003
5724	-0.82616	0.	0.92943	4.3943e-004
5725	-0.68474	0.	0.86606	6.01e-004
5726	-0.71482	0.	0.94031	4.6072e-004
5730	-0.19619	0.	0.8871	2.9925e-004
5731	-9.8502e-002	0.	0.95984	2.05e-004
5732	-0.21367	0.	0.93974	1.8378e-004
5737	-3.1281e-002	0.	0.38933	7.0711e-003
5738	-5.2178e-003	0.	0.4224	5.0446e-003
5739	-7.8732e-002	0.	0.42916	4.6985e-003
5744	0.33533	0.	0.56639	1.4309e-003
5745	0.2645	0.	0.54664	1.8607e-003
5746	0.24158	0.	0.65746	1.1268e-003
5747	0.30275	0.	0.65912	1.106e-003
5750	-0.25694	0.	0.78369	5.9764e-004
5751	-0.30676	0.	0.78401	6.2765e-004
5752	-0.26865	0.	0.67511	1.0945e-003
5753	-0.33043	0.	0.72963	8.2125e-004
5758	-0.22317	0.	0.3456	8.1085e-003
5759	-0.18346	0.	0.35932	7.5848e-003
5760	-0.14245	0.	0.30249	1.1449e-002
5761	-0.21428	0.	0.28316	1.4337e-002
5765	-0.13747	0.	0.57599	1.7597e-003
5766	-6.3958e-002	0.	0.66124	1.3354e-003
5771	-1.1177	0.	0.51454	7.0227e-004
5772	-1.2133	0.	0.42109	7.3567e-004
5777	-0.99587	0.	0.16533	2.0735e-003
5780	0.59587	0.	0.16533	2.1572e-003
5786	0.41848	0.	0.93422	4.1573e-004
5787	0.28398	0.	0.93273	4.6866e-004
5788	0.35886	0.	0.8586	5.3724e-004
5792	-0.95404	0.	0.94443	3.4084e-004
5793	-1.0862	0.	0.93418	2.5046e-004
5798	-0.24609	0.	0.19219	3.3823e-002
5799	-0.17487	0.	0.20911	2.5745e-002
5800	-0.20779	0.	0.17231	4.0637e-002
5801	-0.22644	0.	0.22413	2.4481e-002
5804	-1.0248	0.	0.61731	7.331e-004
5805	-0.88757	0.	0.64965	8.9006e-004
5806	-0.91515	0.	0.59642	1.0441e-003
5810	-1.1834	0.	0.63666	4.8139e-004
5815	-0.23143	0.	0.58712	1.7115e-003
5816	-0.18565	0.	0.5113	2.8653e-003
5822	0.43984	0.	0.86474	4.792e-004
5823	0.57681	0.	0.92576	3.2676e-004
5824	0.54372	0.	0.88247	4.1081e-004
5829	-5.2396e-002	0.	0.12148	9.6971e-002
5830	-1.2958e-002	0.	0.10617	0.1232
5835	0.30833	0.	0.50923	1.9896e-003
5836	0.41458	0.	0.48622	1.618e-003
5837	0.44167	0.	0.54872	1.3625e-003
5841	0.22721	0.	0.13268	1.7143e-002
5844	-0.62933	0.	0.12315	1.595e-002
5848	-0.21844	0.	0.38687	6.0744e-003
5849	-0.29464	0.	0.36207	7.4113e-003
5853	-0.29761	0.	0.2081	3.3566e-002
5854	-0.29817	0.	0.15533	6.0518e-002
5855	-0.26003	0.	0.21632	3.0235e-002
5859	0.70479	0.	0.15132	1.5111e-003
5863	-1.1048	0.	0.15132	1.4343e-003
5867	1.6689e-002	0.	0.7528	7.8775e-004
5872	-0.6843	0.	0.5553	1.9336e-003
5879	-9.5817e-003	0.	0.31216	1.3137e-002
5880	6.0713e-003	0.	0.38295	7.305e-003
5881	-5.8346e-002	0.	0.3184	1.182e-002
5886	0.13819	0.	0.74722	8.3857e-004
5887	0.13204	0.	0.8071	6.3563e-004
5891	-0.86434	0.	0.49692	1.5844e-003
5895	0.47708	0.	0.50597	1.4247e-003
5899	-0.34974	0.	0.22328	2.5565e-002
5900	-0.27795	0.	0.24005	2.1691e-002
5904	0.6818	0.	0.60023	6.7312e-004
5905	0.81552	0.	0.58734	5.1595e-004
5906	0.71509	0.	0.55924	6.8876e-004
5910	-0.77498	0.	0.64607	1.1079e-003
5911	-0.85111	0.	0.6036	1.0849e-003
5916	-0.34185	0.	0.12167	9.3968e-002
5917	-0.38404	0.	0.10727	0.13357
5925	-0.29089	0.	0.83994	4.3507e-004
5926	-0.25855	0.	0.89226	2.9576e-004
5930	0.18551	0.	0.77099	7.8105e-004
5931	0.25283	0.	0.71277	9.3571e-004
5938	0.56361	0.	0.5823	9.5449e-004
5939	0.65635	0.	0.55514	7.6791e-004
5940	0.58757	0.	0.6466	7.3906e-004
5943	-0.14681	0.	0.41507	5.0931e-003
5944	-0.17583	0.	0.43571	4.6646e-003
5949	0.10184	0.	0.12724	4.7038e-002
5950	8.7613e-002	0.	0.21038	2.4192e-002
5951	0.14302	0.	0.13813	2.6728e-002
5956	-0.50198	0.	0.12859	3.9177e-002
5957	-0.43994	0.	0.19339	2.7348e-002
5958	-0.47609	0.	0.21727	2.3521e-002
5959	-0.54335	0.	0.13825	2.4366e-002
5964	-0.67255	0.	0.65669	1.2246e-003
5965	-0.61387	0.	0.75537	9.4218e-004
5966	-0.56458	0.	0.65477	1.3193e-003
5970	-0.30838	0.	0.89258	3.3959e-004
5971	-0.40252	0.	0.84089	5.2609e-004
5972	-0.36439	0.	0.78588	6.9984e-004
5977	-0.46892	0.	7.4991e-002	0.11781
5978	-0.5494	0.	9.4799e-002	3.5003e-002
5984	-0.41541	0.	8.1167e-002	0.16688
5992	6.9301e-002	0.	7.4365e-002	0.133
5993	0.14916	0.	9.5845e-002	4.3213e-002
6001	1.6728e-002	0.	8.0112e-002	0.16221
6007	0.80694	0.	0.11531	1.2183e-003
6013	-1.2069	0.	0.11531	1.1883e-003
6017	-1.218	0.	0.94825	1.4764e-004
6026	6.3179e-003	0.	0.98839	2.8203e-004
6034	-4.7936e-002	0.	0.28068	1.5292e-002
6035	4.0176e-002	0.	0.26284	1.6446e-002
6042	-0.4201	0.	0.23862	2.2036e-002
6048	-0.41164	0.	0.42052	4.9471e-003
6049	-0.37157	0.	0.36317	7.1325e-003
6051	0.88021	0.	0.89468	1.599e-004
6055	-0.11697	0.	0.25258	1.978e-002
6059	-8.8139e-002	0.	0.15233	6.3654e-002
6060	-9.677e-002	0.	0.13327	7.5627e-002
6065	0.80369	0.	0.41324	8.1078e-004
6066	0.70596	0.	0.46159	8.7967e-004
6078	-0.11874	0.	0.19791	3.2875e-002
6079	-0.10887	0.	0.15852	5.4648e-002
6088	0.52812	0.	0.63277	9.4394e-004
6101	0.88781	0.	0.49391	5.604e-004
6107	0.20491	0.	0.88412	5.1979e-004
6115	-0.32628	0.	0.67697	1.1295e-003
6119	0.46616	0.	0.7431	6.5726e-004
6120	0.48411	0.	0.80685	5.346e-004
6121	0.34711	0.	0.75178	7.561e-004
6129	-0.5367	0.	0.8371	6.3598e-004
6130	-0.63917	0.	0.90693	5.6718e-004
6136	-0.1439	0.	0.45019	4.1536e-003
6138	0.12027	0.	0.26815	1.251e-002
6140	-0.50847	0.	0.27444	1.3439e-002
6144	0.62108	0.	0.86788	3.8608e-004
6148	-0.42619	0.	0.78651	7.291e-004
6184	0.57004	0.	0.76082	5.9897e-004
