Node Number	X Location (m)	Y Location (m)	Z Location (m)	Total Magnetic Flux Density (T)
95	-0.32	0.	4.e-002	0.89277
96	-0.3	0.	4.e-002	1.2077
97	-0.28	0.	4.e-002	1.6631
98	-0.24	0.	4.e-002	2.1228
99	-0.2	0.	4.e-002	2.3587
100	-0.16	0.	4.e-002	2.4295
101	-0.12	0.	4.e-002	2.3753
102	-8.e-002	0.	4.e-002	2.0704
103	-4.e-002	0.	4.e-002	1.766
104	0.	0.	4.e-002	0.91606
105	-2.e-002	0.	4.e-002	1.1689
169	-2.e-002	0.	-4.e-002	1.2153
170	0.	0.	-4.e-002	0.90774
171	-4.e-002	0.	-4.e-002	1.6857
172	-8.e-002	0.	-4.e-002	2.1128
173	-0.12	0.	-4.e-002	2.3747
174	-0.16	0.	-4.e-002	2.4289
175	-0.2	0.	-4.e-002	2.3526
176	-0.24	0.	-4.e-002	2.0987
177	-0.28	0.	-4.e-002	1.6905
178	-0.3	0.	-4.e-002	1.2853
179	-0.32	0.	-4.e-002	0.93864
543	0.	0.	0.	0.75846
544	-0.32	0.	0.	0.7899
1009	-4.e-002	0.	0.	1.6761
1010	-0.28	0.	0.	1.5374
1011	-0.11728	0.	8.1836e-019	2.3746
1012	-0.18695	0.	0.	2.4183
2555	-0.31	0.	4.e-002	1.0317
2557	-0.32	0.	2.e-002	0.78337
2562	-0.29	0.	4.e-002	1.43
2564	-0.31	0.	2.e-002	0.97984
2565	-0.29	0.	2.e-002	1.3525
2569	-0.26	0.	4.e-002	1.8886
2571	-0.28	0.	2.e-002	1.5945
2574	-0.22	0.	4.e-002	2.2406
2576	-0.24	0.	0.	2.1087
2577	-0.26	0.	2.e-002	1.8296
2578	-0.21348	0.	2.e-002	2.27
2582	-0.18	0.	4.e-002	2.3939
2584	-0.19348	0.	2.e-002	2.3884
2586	-0.14	0.	4.e-002	2.4022
2588	-0.13864	0.	2.e-002	2.402
2589	-0.17348	0.	2.e-002	2.4239
2592	-0.1	0.	4.e-002	2.2222
2594	-0.11864	0.	2.e-002	2.3747
2597	-6.e-002	0.	4.e-002	1.9161
2599	-6.e-002	0.	2.e-002	1.8726
2600	-9.8642e-002	0.	2.e-002	2.2209
2604	-3.e-002	0.	4.e-002	1.4591
2606	-4.e-002	0.	2.e-002	1.7168
2608	-1.e-002	0.	4.e-002	1.0274
2610	0.	0.	2.e-002	0.78341
2617	-1.e-002	0.	2.e-002	0.9417
2618	-3.e-002	0.	2.e-002	1.4009
2923	-1.e-002	0.	-4.e-002	1.0465
2924	-3.e-002	0.	-4.e-002	1.4455
2925	-1.e-002	0.	-2.e-002	0.96928
2926	-3.e-002	0.	-2.e-002	1.4208
2931	0.	0.	-2.e-002	0.7869
2934	-6.e-002	0.	-4.e-002	1.8951
2935	-4.e-002	0.	-2.e-002	1.6717
2938	-0.1	0.	-4.e-002	2.2434
2939	-6.e-002	0.	-2.e-002	1.8922
2940	-9.8642e-002	0.	-2.e-002	2.2427
2944	-0.14	0.	-4.e-002	2.4016
2945	-0.11864	0.	-2.e-002	2.3745
2948	-0.18	0.	-4.e-002	2.3905
2949	-0.13864	0.	-2.e-002	2.4017
2950	-0.17348	0.	-2.e-002	2.4236
2953	-0.22	0.	-4.e-002	2.2254
2954	-0.19348	0.	-2.e-002	2.3853
2956	-0.26	0.	-4.e-002	1.8909
2957	-0.26	0.	-2.e-002	1.8172
2958	-0.21348	0.	-2.e-002	2.2578
2962	-0.29	0.	-4.e-002	1.4843
2963	-0.28	0.	-2.e-002	1.6075
2966	-0.31	0.	-4.e-002	1.0932
2967	-0.31	0.	-2.e-002	1.0234
2968	-0.29	0.	-2.e-002	1.3937
2974	-0.32	0.	-2.e-002	0.81656
5221	-2.e-002	0.	0.	1.2114
5230	-0.3	0.	0.	1.1593
8288	-7.8642e-002	0.	4.0918e-019	2.0247
8304	-0.15212	0.	4.0918e-019	2.3964
64	-0.3	0.	-5.e-002	0.37859
65	-0.28	0.	-5.e-002	0.26086
66	-0.24	0.	-5.e-002	0.16162
67	-0.2	0.	-5.e-002	7.8897e-002
68	-0.16	0.	-5.e-002	4.169e-002
69	-0.12	0.	-5.e-002	7.9826e-002
70	-8.e-002	0.	-5.e-002	0.15964
71	-4.e-002	0.	-5.e-002	0.25968
72	-2.e-002	0.	-5.e-002	0.38126
73	-2.e-002	0.	5.e-002	0.38012
74	-4.e-002	0.	5.e-002	0.26248
75	-8.e-002	0.	5.e-002	0.1633
76	-0.12	0.	5.e-002	8.1096e-002
77	-0.16	0.	5.e-002	4.1391e-002
78	-0.2	0.	5.e-002	7.9039e-002
79	-0.24	0.	5.e-002	0.16155
80	-0.28	0.	5.e-002	0.25927
81	-0.3	0.	5.e-002	0.37624
82	0.	0.	5.e-002	0.45547
83	0.	0.	6.e-002	0.34005
84	-2.e-002	0.	6.e-002	0.30768
85	-4.e-002	0.	6.e-002	0.23807
86	-8.e-002	0.	6.e-002	0.15938
87	-0.12	0.	6.e-002	9.8785e-002
88	-0.16	0.	6.e-002	7.347e-002
89	-0.2	0.	6.e-002	9.6892e-002
90	-0.24	0.	6.e-002	0.15772
91	-0.28	0.	6.e-002	0.23372
92	-0.3	0.	6.e-002	0.30395
93	-0.32	0.	5.e-002	0.45212
94	-0.32	0.	6.e-002	0.33905
95	-0.32	0.	4.e-002	0.56599
96	-0.3	0.	4.e-002	0.44937
97	-0.28	0.	4.e-002	0.28635
98	-0.24	0.	4.e-002	0.1712
99	-0.2	0.	4.e-002	7.0308e-002
100	-0.16	0.	4.e-002	9.3388e-003
101	-0.12	0.	4.e-002	7.2348e-002
102	-8.e-002	0.	4.e-002	0.17293
103	-4.e-002	0.	4.e-002	0.28837
104	0.	0.	4.e-002	0.57148
105	-2.e-002	0.	4.e-002	0.45334
169	-2.e-002	0.	-4.e-002	0.45494
170	0.	0.	-4.e-002	0.57349
171	-4.e-002	0.	-4.e-002	0.28664
172	-8.e-002	0.	-4.e-002	0.16951
173	-0.12	0.	-4.e-002	7.0663e-002
174	-0.16	0.	-4.e-002	9.5053e-003
175	-0.2	0.	-4.e-002	6.9967e-002
176	-0.24	0.	-4.e-002	0.17104
177	-0.28	0.	-4.e-002	0.28745
178	-0.3	0.	-4.e-002	0.45173
179	-0.32	0.	-4.e-002	0.56891
273	-0.3	0.	-6.e-002	0.30624
274	-0.32	0.	-6.e-002	0.34089
275	-0.28	0.	-6.e-002	0.23577
276	-0.24	0.	-6.e-002	0.15793
277	-0.2	0.	-6.e-002	9.6904e-002
278	-0.16	0.	-6.e-002	7.3893e-002
279	-0.12	0.	-6.e-002	9.8132e-002
280	-8.e-002	0.	-6.e-002	0.15568
281	-4.e-002	0.	-6.e-002	0.23418
282	-2.e-002	0.	-6.e-002	0.30814
283	0.	0.	-6.e-002	0.34413
293	-0.32	0.	-5.e-002	0.45456
297	0.	0.	-5.e-002	0.45864
2428	-0.29	0.	-5.e-002	0.3173
2429	-0.3	0.	-4.5e-002	0.41509
2430	-0.3	0.	-5.5e-002	0.34229
2431	-0.31	0.	-5.e-002	0.41559
2432	-0.26	0.	-5.e-002	0.21057
2433	-0.28	0.	-4.5e-002	0.27399
2434	-0.28	0.	-5.5e-002	0.2481
2435	-0.22	0.	-5.e-002	0.11885
2436	-0.24	0.	-4.5e-002	0.16566
2437	-0.24	0.	-5.5e-002	0.15902
2438	-0.18	0.	-5.e-002	5.4362e-002
2439	-0.2	0.	-4.5e-002	7.3011e-002
2440	-0.2	0.	-5.5e-002	8.7052e-002
2441	-0.14	0.	-5.e-002	5.5388e-002
2442	-0.16	0.	-4.5e-002	2.5591e-002
2443	-0.16	0.	-5.5e-002	5.7791e-002
2444	-0.1	0.	-5.e-002	0.1183
2445	-0.12	0.	-4.5e-002	7.3809e-002
2446	-0.12	0.	-5.5e-002	8.8126e-002
2447	-6.e-002	0.	-5.e-002	0.20891
2448	-8.e-002	0.	-4.5e-002	0.16389
2449	-8.e-002	0.	-5.5e-002	0.15688
2450	-3.e-002	0.	-5.e-002	0.31802
2451	-4.e-002	0.	-4.5e-002	0.273
2452	-4.e-002	0.	-5.5e-002	0.24671
2453	-2.e-002	0.	-4.5e-002	0.41805
2454	-2.e-002	0.	-5.5e-002	0.3446
2455	-1.e-002	0.	-5.e-002	0.41898
2456	-3.e-002	0.	5.e-002	0.31882
2457	-1.e-002	0.	5.e-002	0.41677
2458	-2.e-002	0.	5.5e-002	0.34377
2459	-2.e-002	0.	4.5e-002	0.41666
2460	-6.e-002	0.	5.e-002	0.21222
2461	-4.e-002	0.	5.5e-002	0.25006
2462	-4.e-002	0.	4.5e-002	0.27527
2463	-0.1	0.	5.e-002	0.12086
2464	-8.e-002	0.	5.5e-002	0.16058
2465	-8.e-002	0.	4.5e-002	0.16745
2466	-0.14	0.	5.e-002	5.569e-002
2467	-0.12	0.	5.5e-002	8.9093e-002
2468	-0.12	0.	4.5e-002	7.5336e-002
2469	-0.18	0.	5.e-002	5.4217e-002
2470	-0.16	0.	5.5e-002	5.743e-002
2471	-0.16	0.	4.5e-002	2.5355e-002
2472	-0.22	0.	5.e-002	0.11892
2473	-0.2	0.	5.5e-002	8.7109e-002
2474	-0.2	0.	4.5e-002	7.325e-002
2475	-0.26	0.	5.e-002	0.20974
2476	-0.24	0.	5.5e-002	0.15887
2477	-0.24	0.	4.5e-002	0.1657
2478	-0.29	0.	5.e-002	0.31533
2479	-0.28	0.	5.5e-002	0.24627
2480	-0.28	0.	4.5e-002	0.27264
2481	-0.3	0.	5.5e-002	0.33995
2482	-0.31	0.	5.e-002	0.41322
2483	-0.3	0.	4.5e-002	0.41272
2484	0.	0.	5.5e-002	0.39765
2485	0.	0.	4.5e-002	0.51343
2490	-1.e-002	0.	6.e-002	0.32297
2496	-3.e-002	0.	6.e-002	0.27023
2502	-6.e-002	0.	6.e-002	0.19693
2507	-0.1	0.	6.e-002	0.12668
2512	-0.14	0.	6.e-002	8.1804e-002
2518	-0.18	0.	6.e-002	8.0648e-002
2524	-0.22	0.	6.e-002	0.12484
2529	-0.26	0.	6.e-002	0.19394
2534	-0.29	0.	6.e-002	0.26627
2539	-0.31	0.	6.e-002	0.32072
2544	-0.32	0.	5.5e-002	0.39544
2545	-0.32	0.	4.5e-002	0.50899
2555	-0.31	0.	4.e-002	0.50661
2562	-0.29	0.	4.e-002	0.36573
2569	-0.26	0.	4.e-002	0.2287
2574	-0.22	0.	4.e-002	0.1206
2582	-0.18	0.	4.e-002	3.618e-002
2586	-0.14	0.	4.e-002	3.8023e-002
2592	-0.1	0.	4.e-002	0.12248
2597	-6.e-002	0.	4.e-002	0.23057
2604	-3.e-002	0.	4.e-002	0.36868
2608	-1.e-002	0.	4.e-002	0.51132
2923	-1.e-002	0.	-4.e-002	0.51321
2924	-3.e-002	0.	-4.e-002	0.36875
2930	0.	0.	-4.5e-002	0.51604
2934	-6.e-002	0.	-4.e-002	0.22799
2938	-0.1	0.	-4.e-002	0.11991
2944	-0.14	0.	-4.e-002	3.719e-002
2948	-0.18	0.	-4.e-002	3.6126e-002
2953	-0.22	0.	-4.e-002	0.12034
2956	-0.26	0.	-4.e-002	0.22917
2962	-0.29	0.	-4.e-002	0.36746
2966	-0.31	0.	-4.e-002	0.50925
2973	-0.32	0.	-4.5e-002	0.51168
3610	-0.31	0.	-6.e-002	0.32273
3611	-0.29	0.	-6.e-002	0.26841
3617	-0.32	0.	-5.5e-002	0.3976
3623	-0.26	0.	-6.e-002	0.19507
3627	-0.22	0.	-6.e-002	0.12489
3632	-0.18	0.	-6.e-002	8.0915e-002
3637	-0.14	0.	-6.e-002	8.1942e-002
3641	-0.1	0.	-6.e-002	0.12441
3646	-6.e-002	0.	-6.e-002	0.19296
3652	-3.e-002	0.	-6.e-002	0.2684
3657	-1.e-002	0.	-6.e-002	0.32524
3662	0.	0.	-5.5e-002	0.40133
170	0.	0.	-4.e-002	0.46543
179	-0.32	0.	-4.e-002	0.41671
273	-0.3	0.	-6.e-002	0.21949
274	-0.32	0.	-6.e-002	0.23561
275	-0.28	0.	-6.e-002	0.17095
276	-0.24	0.	-6.e-002	0.12363
277	-0.2	0.	-6.e-002	9.7301e-002
278	-0.16	0.	-6.e-002	7.7549e-002
279	-0.12	0.	-6.e-002	8.8937e-002
280	-8.e-002	0.	-6.e-002	0.12035
281	-4.e-002	0.	-6.e-002	0.18473
282	-2.e-002	0.	-6.e-002	0.22128
283	0.	0.	-6.e-002	0.21411
293	-0.32	0.	-5.e-002	0.35177
297	0.	0.	-5.e-002	0.32713
364	1.	0.	-9.6364e-002	5.4323e-004
365	1.	0.	-0.19273	4.925e-004
366	1.	0.	-0.28909	4.4474e-004
367	1.	0.	-0.38545	3.9459e-004
368	1.	0.	-0.48182	2.9739e-004
369	1.	0.	-0.57818	2.4343e-004
370	1.	0.	-0.67455	1.8143e-004
371	1.	0.	-0.77091	1.3314e-004
372	1.	0.	-0.86727	7.7377e-005
373	1.	0.	-0.96364	3.3484e-005
384	0.90333	0.	-1.06	4.0107e-005
385	0.80667	0.	-1.06	7.9692e-005
386	0.71	0.	-1.06	1.1761e-004
387	0.61333	0.	-1.06	1.4744e-004
388	0.51667	0.	-1.06	1.8779e-004
389	0.42	0.	-1.06	2.2207e-004
390	0.32333	0.	-1.06	2.2626e-004
391	0.22667	0.	-1.06	2.2061e-004
392	0.13	0.	-1.06	2.0558e-004
393	3.3333e-002	0.	-1.06	1.4917e-004
394	-6.3333e-002	0.	-1.06	9.1497e-005
395	-0.16	0.	-1.06	3.1631e-005
396	-0.25667	0.	-1.06	8.5537e-005
397	-0.35333	0.	-1.06	1.453e-004
398	-0.45	0.	-1.06	2.0417e-004
399	-0.54667	0.	-1.06	2.2847e-004
400	-0.64333	0.	-1.06	2.303e-004
401	-0.74	0.	-1.06	2.1369e-004
402	-0.83667	0.	-1.06	1.8721e-004
403	-0.93333	0.	-1.06	1.4355e-004
404	-1.03	0.	-1.06	1.1253e-004
405	-1.1267	0.	-1.06	8.3962e-005
406	-1.2233	0.	-1.06	3.4329e-005
412	-1.32	0.	-0.96364	3.5535e-005
413	-1.32	0.	-0.86727	9.5724e-005
414	-1.32	0.	-0.77091	1.3767e-004
415	-1.32	0.	-0.67455	1.7029e-004
416	-1.32	0.	-0.57818	2.6036e-004
417	-1.32	0.	-0.48182	3.2741e-004
418	-1.32	0.	-0.38545	3.8314e-004
419	-1.32	0.	-0.28909	4.4551e-004
420	-1.32	0.	-0.19273	5.0136e-004
421	-1.32	0.	-9.6364e-002	5.3971e-004
427	9.0909e-002	0.	0.	8.548e-002
428	0.18182	0.	0.	2.1706e-002
429	0.27273	0.	0.	8.6519e-003
430	0.36364	0.	0.	5.1894e-003
431	0.45455	0.	0.	2.7999e-003
432	0.54545	0.	0.	1.8604e-003
433	0.63636	0.	0.	1.2024e-003
434	0.72727	0.	0.	8.9187e-004
435	0.81818	0.	0.	7.1741e-004
436	0.90909	0.	0.	5.8957e-004
437	-1.2291	0.	0.	5.8338e-004
438	-1.1382	0.	0.	7.2488e-004
439	-1.0473	0.	0.	9.0881e-004
440	-0.95636	0.	0.	1.1521e-003
441	-0.86545	0.	0.	1.7269e-003
442	-0.77455	0.	0.	2.7968e-003
443	-0.68364	0.	0.	4.9298e-003
444	-0.59273	0.	0.	1.037e-002
445	-0.50182	0.	0.	1.9076e-002
446	-0.41091	0.	0.	7.5199e-002
543	0.	0.	0.	0.42463
544	-0.32	0.	0.	0.44079
549	1.	0.	-1.06	2.1791e-005
550	1.	0.	0.	5.4796e-004
551	-1.32	0.	-1.06	2.0004e-005
552	-1.32	0.	0.	5.4593e-004
737	7.3333e-002	0.	-0.40208	3.5909e-003
738	-0.38086	0.	-0.39517	3.2143e-003
739	-0.85094	0.	-0.46701	8.34e-004
740	0.54208	0.	-0.50551	7.0681e-004
741	-0.3704	0.	-0.23059	1.4245e-002
742	4.4097e-002	0.	-0.23801	1.299e-002
743	-0.27778	0.	-0.72667	4.696e-004
744	0.15111	0.	-0.72667	5.4192e-004
745	-0.13483	0.	-0.29968	7.8907e-003
746	-0.57817	0.	-0.59096	8.5235e-004
747	-0.21303	0.	-0.50417	1.7622e-003
748	0.63345	0.	-0.78399	2.3158e-004
749	-0.93045	0.	-0.78666	2.5053e-004
750	-0.55441	0.	-0.20777	6.8581e-003
751	0.22897	0.	-0.20919	7.9749e-003
752	-0.18337	0.	-0.18538	2.5445e-002
753	0.31555	0.	-0.42962	1.8663e-003
754	3.0926e-002	0.	-0.65722	7.1565e-004
755	0.59406	0.	-0.31428	9.2834e-004
756	-1.0168	0.	-0.14633	9.0088e-004
757	2.5185e-002	0.	-0.17111	3.3142e-002
758	-0.33016	0.	-0.12232	6.2733e-002
759	-0.68777	0.	-0.18508	3.1225e-003
760	-0.55838	0.	-0.4697	1.6499e-003
761	-0.66171	0.	-0.94561	2.5357e-004
762	0.31925	0.	-0.74065	4.5465e-004
763	-0.5791	0.	-0.83777	3.3874e-004
764	-4.9015e-002	0.	-0.16703	3.1514e-002
765	0.47299	0.	-0.24228	1.9118e-003
766	-1.1914	0.	-0.42557	4.2802e-004
767	-0.33866	0.	-0.50154	1.5351e-003
768	0.69185	0.	-0.51657	4.7731e-004
769	-1.4836e-002	0.	-0.42676	2.8009e-003
770	-0.2218	0.	-0.34533	4.9275e-003
771	-4.0329e-003	0.	-0.77138	4.33e-004
772	-0.81852	0.	-0.71732	3.6505e-004
773	0.23214	0.	-0.50813	1.4668e-003
774	-1.0736	0.	-0.5996	3.563e-004
775	-0.41647	0.	-0.15636	2.3467e-002
776	-0.2536	0.	-0.15028	3.9686e-002
777	-0.12385	0.	-0.71724	4.975e-004
778	-4.8932e-002	0.	-0.57343	1.1171e-003
779	-0.22526	0.	-0.87682	1.9975e-004
780	-0.18474	0.	-0.42331	2.8068e-003
781	-3.5373e-002	0.	-0.12047	6.9591e-002
782	1.2593e-002	0.	-0.11556	6.5888e-002
783	9.6655e-002	0.	-0.15421	2.2501e-002
784	-0.76635	0.	-0.32515	1.7219e-003
785	0.82958	0.	-0.74058	1.8573e-004
786	-1.1695	0.	-0.82441	1.1301e-004
787	-0.46136	0.	-0.67617	6.6173e-004
788	-5.0102e-002	0.	-0.27305	1.0095e-002
789	-0.28478	0.	-0.20718	2.1265e-002
790	0.42324	0.	-0.61391	7.1887e-004
791	-9.1591e-002	0.	-0.22453	1.6333e-002
792	4.601e-002	0.	-0.51912	1.5997e-003
793	-0.54899	0.	-0.33318	3.7651e-003
794	0.18143	0.	-0.93222	2.4082e-004
795	-0.36655	0.	-0.91364	2.1157e-004
796	-0.9309	0.	-0.31486	9.3176e-004
797	-0.1616	0.	-0.11916	5.026e-002
798	0.17199	0.	-0.28597	5.3603e-003
799	-0.72707	0.	-0.54597	8.5943e-004
800	0.37242	0.	-0.88041	2.7671e-004
801	-0.21541	0.	-0.25206	1.3215e-002
802	-0.27954	0.	-0.43016	2.7292e-003
803	0.76767	0.	-0.90721	1.2183e-004
804	0.59424	0.	-0.164	1.3288e-003
805	-0.45855	0.	-0.2579	7.9624e-003
806	0.26313	0.	-0.31811	3.1557e-003
807	-1.1809	0.	-0.15033	5.7398e-004
808	0.33619	0.	-0.2225	4.0685e-003
809	0.86064	0.	-0.43964	3.7272e-004
810	-9.4321e-002	0.	-0.12019	6.4543e-002
811	0.4663	0.	-0.75747	3.9574e-004
812	-0.84708	0.	-0.16446	1.8305e-003
813	-0.29185	0.	-0.28222	9.8712e-003
814	-0.68309	0.	-0.78269	3.9308e-004
815	-0.32963	0.	-0.62957	8.54e-004
816	-7.6218e-002	0.	-0.36082	4.7736e-003
817	0.50584	0.	-0.90703	2.2135e-004
818	0.57555	0.	-0.64233	4.0669e-004
819	-0.97469	0.	-0.44774	5.6827e-004
820	-1.5054e-003	0.	-0.3331	5.9536e-003
821	-0.46204	0.	-0.55533	1.2513e-003
822	-0.90825	0.	-0.92751	1.8893e-004
823	-0.65573	0.	-0.39716	1.8209e-003
824	-1.4142e-002	0.	-0.92169	1.8983e-004
825	0.40063	0.	-0.11953	3.5771e-003
826	0.26444	0.	-0.62182	7.9509e-004
827	-0.12441	0.	-0.50248	1.7631e-003
828	-0.21065	0.	-0.14368	3.9177e-002
829	0.87278	0.	-0.13541	5.8469e-004
830	0.72057	0.	-9.0137e-002	8.8656e-004
831	-0.1194	0.	-0.17205	3.0918e-002
832	0.12747	0.	-0.59997	1.0285e-003
833	0.15988	0.	-0.36226	3.5408e-003
834	0.72778	0.	-0.3658	5.633e-004
835	-1.0758	0.	-0.25484	6.5909e-004
836	-0.37667	0.	-0.31	6.9395e-003
837	-0.22119	0.	-0.66717	5.4828e-004
838	-0.11591	0.	-0.83223	2.2151e-004
839	-0.56967	0.	-0.72423	5.5349e-004
840	-1.21	0.	-0.67174	1.9852e-004
841	0.87003	0.	-0.58426	2.7473e-004
842	-0.95187	0.	-0.65897	3.6328e-004
843	0.42222	0.	-0.46265	1.0876e-003
844	0.38698	0.	-0.34936	1.7599e-003
845	0.62479	0.	-0.94484	1.6516e-004
846	-0.28033	0.	-9.842e-002	9.8618e-002
847	-0.69793	0.	-0.66434	5.8257e-004
848	-0.64558	0.	-0.29111	2.806e-003
849	-1.0232	0.	-0.8521	1.7521e-004
850	-0.47494	0.	-0.81144	3.8345e-004
851	-0.80647	0.	-0.84736	2.6461e-004
852	-1.195	0.	-0.94935	5.6317e-005
853	0.70812	0.	-0.65852	3.1989e-004
854	-0.29959	0.	-0.14907	4.6234e-002
855	0.14515	0.	-0.45272	2.0221e-003
856	-0.83815	0.	-0.60154	5.2698e-004
857	-0.47697	0.	-0.43152	2.3155e-003
858	0.25968	0.	-8.9103e-002	9.0727e-003
859	-0.58204	0.	-8.9809e-002	7.3699e-003
860	-0.20725	0.	-0.7742	3.414e-004
861	0.8862	0.	-0.94475	6.5954e-005
862	-0.37414	0.	-0.76279	4.1696e-004
863	-0.14941	0.	-0.5973	1.0083e-003
864	-1.2	0.	-0.29591	4.6226e-004
865	0.33152	0.	-0.52723	1.0213e-003
866	9.4198e-002	0.	-0.84241	2.9109e-004
867	-0.30378	0.	-0.35129	4.9056e-003
868	-0.34909	0.	-0.16717	2.9408e-002
869	-0.49883	0.	-0.95402	2.4597e-004
870	-0.7308	0.	-0.44866	1.2806e-003
871	7.9299e-002	0.	-0.95897	1.9818e-004
872	0.89057	0.	-0.30175	4.8818e-004
873	-1.0599	0.	-0.73207	2.0337e-004
874	0.5058	0.	-0.3836	1.047e-003
875	5.39e-002	0.	-0.12587	3.9893e-002
876	1.1009e-002	0.	-8.0723e-002	0.13654
877	-0.37298	0.	-0.12732	4.3009e-002
878	-0.35438	0.	-0.10055	7.139e-002
879	-0.34583	0.	-6.6514e-002	0.13138
880	0.13184	0.	-0.22556	1.1038e-002
881	-0.7391	0.	-7.5362e-002	3.3271e-003
882	0.14896	0.	-7.8056e-002	2.7067e-002
883	8.1937e-002	0.	-8.4042e-002	5.6128e-002
884	-0.46896	0.	-7.8056e-002	2.4795e-002
885	-0.40066	0.	-8.8425e-002	5.3003e-002
886	-0.25657	0.	-0.98682	9.287e-005
887	9.2589e-002	0.	-0.30911	6.2832e-003
888	-0.45301	0.	-0.35074	4.1821e-003
889	-1.0699	0.	-0.3702	5.6035e-004
890	0.69808	0.	-0.23627	8.3583e-004
891	-0.31486	0.	-8.2533e-002	0.15204
892	0.61834	0.	-0.42356	7.1307e-004
893	-0.15142	0.	-0.22741	1.6289e-002
894	-0.79622	0.	-0.96304	2.139e-004
895	-1.1923	0.	-0.53787	3.2682e-004
896	-2.6682e-002	0.	-8.8935e-002	0.13358
897	0.89669	0.	-0.84614	1.0349e-004
898	-1.1174	0.	-6.2959e-002	7.0228e-004
899	-0.22421	0.	-9.8194e-002	7.5159e-002
900	0.29597	0.	-0.96528	2.4367e-004
901	0.22759	0.	-0.40749	2.4768e-003
902	-0.28727	0.	-0.81017	3.2697e-004
903	-0.10182	0.	-0.43066	2.8144e-003
904	-5.0456e-002	0.	-0.48986	1.8544e-003
905	0.24037	0.	-0.83594	3.1112e-004
906	-0.1174	0.	-0.94377	8.8797e-005
907	-0.14469	0.	-0.3743	3.967e-003
908	0.51387	0.	-8.096e-002	1.8793e-003
909	-0.24118	0.	-0.57889	9.6156e-004
910	-0.94427	0.	-6.3823e-002	1.1948e-003
911	-0.49466	0.	-0.14505	1.4238e-002
912	0.17702	0.	-0.14794	1.5448e-002
913	-0.22961	0.	-0.18784	2.3078e-002
914	-0.95881	0.	-0.5441	5.1278e-004
915	-0.64751	0.	-0.49775	1.1777e-003
916	-4.625e-002	0.	-0.67458	6.8002e-004
917	-1.0558	0.	-0.96019	1.1663e-004
918	-1.2995e-002	0.	-0.20454	2.1519e-002
919	-1.0657	0.	-0.48559	4.7784e-004
920	3.7561e-002	0.	-9.1268e-002	7.7401e-002
921	2.8366e-002	0.	-5.0148e-002	0.20884
1413	-0.35395	0.	-2.473e-002	0.23117
1414	-0.37119	0.	-4.3215e-002	0.11872
1415	-0.33883	0.	-4.7409e-002	0.26329
2930	0.	0.	-4.5e-002	0.39467
2931	0.	0.	-2.e-002	0.43799
2932	1.4183e-002	0.	-4.5074e-002	0.3355
2973	-0.32	0.	-4.5e-002	0.37879
2974	-0.32	0.	-2.e-002	0.42231
2975	-0.33698	0.	-3.2365e-002	0.32291
2976	-0.32941	0.	-4.3705e-002	0.33571
3610	-0.31	0.	-6.e-002	0.2241
3611	-0.29	0.	-6.e-002	0.19301
3612	-0.29017	0.	-7.921e-002	0.15782
3613	-0.30743	0.	-7.1266e-002	0.18537
3617	-0.32	0.	-5.5e-002	0.28741
3618	-0.33292	0.	-6.3257e-002	0.18234
3619	-0.31743	0.	-7.1266e-002	0.19275
3620	-0.32941	0.	-5.3705e-002	0.24325
3623	-0.26	0.	-6.e-002	0.14513
3624	-0.28017	0.	-7.921e-002	0.13463
3627	-0.22	0.	-6.e-002	0.10839
3628	-0.26017	0.	-7.921e-002	0.10927
3629	-0.23211	0.	-7.9097e-002	9.8941e-002
3632	-0.18	0.	-6.e-002	8.4652e-002
3633	-0.1808	0.	-8.9578e-002	7.2222e-002
3634	-0.21211	0.	-7.9097e-002	8.5815e-002
3637	-0.14	0.	-6.e-002	8.0115e-002
3638	-0.1608	0.	-8.9578e-002	6.3857e-002
3641	-0.1	0.	-6.e-002	0.1017
3642	-0.1408	0.	-8.9578e-002	6.6518e-002
3643	-0.10716	0.	-9.0093e-002	7.6163e-002
3646	-6.e-002	0.	-6.e-002	0.15031
3647	-5.7687e-002	0.	-9.0235e-002	9.4005e-002
3648	-8.716e-002	0.	-9.0093e-002	9.1813e-002
3649	-5.3341e-002	0.	-7.4468e-002	0.12286
3652	-3.e-002	0.	-6.e-002	0.20205
3653	-3.3341e-002	0.	-7.4468e-002	0.15828
3657	-1.e-002	0.	-6.e-002	0.21516
3658	-2.3341e-002	0.	-7.4468e-002	0.17727
3662	0.	0.	-5.5e-002	0.26053
3663	5.5046e-003	0.	-7.0362e-002	0.175
3664	-1.3341e-002	0.	-7.4468e-002	0.17155
3665	1.4183e-002	0.	-5.5074e-002	0.20075
3726	-0.32941	0.	-4.8705e-002	0.30709
3741	1.4183e-002	0.	-5.0074e-002	0.26716
4164	1.	0.	-0.14455	5.1784e-004
4166	0.95455	0.	-4.8182e-002	5.6634e-004
4167	1.	0.	-4.8182e-002	5.4555e-004
4168	0.93639	0.	-0.11589	5.6356e-004
4171	1.	0.	-0.24091	4.6861e-004
4172	0.93639	0.	-0.16407	5.3835e-004
4173	0.94529	0.	-0.24724	4.8961e-004
4176	1.	0.	-0.33727	4.1949e-004
4177	0.94529	0.	-0.29542	4.6587e-004
4179	1.	0.	-0.43364	3.4591e-004
4180	0.93032	0.	-0.41255	3.824e-004
4181	0.94529	0.	-0.3436	4.4128e-004
4185	1.	0.	-0.53	2.7041e-004
4186	0.93032	0.	-0.46073	3.3438e-004
4187	0.93501	0.	-0.53304	2.8439e-004
4191	1.	0.	-0.62636	2.1241e-004
4192	0.93501	0.	-0.58122	2.5755e-004
4194	1.	0.	-0.72273	1.5727e-004
4195	0.91479	0.	-0.70756	1.808e-004
4196	0.93501	0.	-0.6294	2.2696e-004
4200	1.	0.	-0.81909	1.0524e-004
4201	0.91479	0.	-0.75574	1.5733e-004
4202	0.94834	0.	-0.80853	1.1765e-004
4206	1.	0.	-0.91545	5.4919e-005
4207	0.9431	0.	-0.90601	6.9272e-005
4208	0.94834	0.	-0.85671	9.0068e-005
4212	0.95167	0.	-1.0118	3.5137e-005
4213	1.	0.	-1.0118	2.7247e-005
4214	0.9431	0.	-0.95419	4.9441e-005
4280	0.855	0.	-1.06	5.968e-005
4281	0.95167	0.	-1.06	3.0607e-005
4282	0.89477	0.	-1.0024	5.2104e-005
4286	0.75833	0.	-1.06	9.8512e-005
4287	0.78717	0.	-0.9836	1.0002e-004
4288	0.84643	0.	-1.0024	7.0257e-005
4292	0.66167	0.	-1.06	1.3249e-004
4293	0.73883	0.	-0.9836	1.1783e-004
4294	0.6674	0.	-1.0024	1.4137e-004
4298	0.565	0.	-1.06	1.6757e-004
4299	0.61906	0.	-1.0024	1.5626e-004
4303	0.46833	0.	-1.06	2.0488e-004
4304	0.51126	0.	-0.98351	2.0395e-004
4305	0.57073	0.	-1.0024	1.7627e-004
4309	0.37167	0.	-1.06	2.2406e-004
4310	0.39621	0.	-0.9702	2.4921e-004
4311	0.46292	0.	-0.98351	2.2061e-004
4312	0.35799	0.	-1.0126	2.3271e-004
4316	0.275	0.	-1.06	2.2334e-004
4317	0.30965	0.	-1.0126	2.3494e-004
4322	0.17833	0.	-1.06	2.1303e-004
4323	0.20405	0.	-0.99611	2.3059e-004
4324	0.26132	0.	-1.0126	2.3208e-004
4328	8.1667e-002	0.	-1.06	1.7691e-004
4329	0.15571	0.	-0.99611	2.2316e-004
4330	0.10465	0.	-1.0095	2.0091e-004
4333	-1.5e-002	0.	-1.06	1.1871e-004
4334	9.5959e-003	0.	-0.99085	1.6589e-004
4335	5.6316e-002	0.	-1.0095	1.7353e-004
4339	-0.11167	0.	-1.06	5.0892e-005
4340	-3.8737e-002	0.	-0.99085	1.4056e-004
4341	-9.0366e-002	0.	-1.0019	8.41e-005
4345	-0.20833	0.	-1.06	5.4579e-005
4346	-0.20828	0.	-1.0234	6.0879e-005
4347	-0.1387	0.	-1.0019	5.7691e-005
4349	-0.305	0.	-1.06	1.1526e-004
4350	-0.25662	0.	-1.0234	8.7771e-005
4354	-0.40167	0.	-1.06	1.7429e-004
4355	-0.35994	0.	-0.98682	1.7771e-004
4356	-0.30495	0.	-1.0234	1.1608e-004
4360	-0.49833	0.	-1.06	2.1622e-004
4361	-0.40828	0.	-0.98682	2.0507e-004
4362	-0.47441	0.	-1.007	2.2504e-004
4364	-0.595	0.	-1.06	2.2932e-004
4365	-0.60419	0.	-1.0028	2.408e-004
4366	-0.52275	0.	-1.007	2.3698e-004
4370	-0.69167	0.	-1.06	2.2192e-004
4371	-0.65252	0.	-1.0028	2.4187e-004
4376	-0.78833	0.	-1.06	2.0043e-004
4377	-0.70086	0.	-1.0028	2.336e-004
4378	-0.76811	0.	-1.0115	2.137e-004
4382	-0.885	0.	-1.06	1.6534e-004
4383	-0.87246	0.	-0.99376	1.8743e-004
4384	-0.81644	0.	-1.0115	2.0047e-004
4386	-0.98167	0.	-1.06	1.2802e-004
4387	-0.92079	0.	-0.99376	1.6595e-004
4388	-0.99456	0.	-1.0101	1.2943e-004
4393	-1.0783	0.	-1.06	9.7885e-005
4394	-1.0429	0.	-1.0101	1.1414e-004
4396	-1.175	0.	-1.06	5.8958e-005
4397	-1.1608	0.	-1.0047	6.8769e-005
4398	-1.0912	0.	-1.0101	1.0028e-004
4403	-1.2717	0.	-1.0118	3.3543e-005
4404	-1.2717	0.	-1.06	2.6893e-005
4405	-1.2092	0.	-1.0047	4.5031e-005
4435	-1.32	0.	-0.91545	6.5184e-005
4436	-1.32	0.	-1.0118	2.7534e-005
4437	-1.2575	0.	-0.95649	4.5305e-005
4439	-1.32	0.	-0.81909	1.1664e-004
4440	-1.2448	0.	-0.84584	1.0312e-004
4441	-1.2575	0.	-0.90831	7.2875e-005
4445	-1.32	0.	-0.72273	1.5392e-004
4446	-1.2448	0.	-0.79766	1.2319e-004
4447	-1.265	0.	-0.72133	1.6769e-004
4450	-1.32	0.	-0.62636	2.1527e-004
4451	-1.265	0.	-0.67314	1.8351e-004
4455	-1.32	0.	-0.53	2.938e-004
4456	-1.265	0.	-0.62496	2.2867e-004
4457	-1.2562	0.	-0.55803	2.9236e-004
4462	-1.32	0.	-0.43364	3.5521e-004
4463	-1.2557	0.	-0.45369	3.7643e-004
4464	-1.2562	0.	-0.50984	3.2496e-004
4468	-1.32	0.	-0.33727	4.1428e-004
4469	-1.2557	0.	-0.40551	4.0355e-004
4470	-1.26	0.	-0.34068	4.2255e-004
4473	-1.32	0.	-0.24091	4.7342e-004
4474	-1.26	0.	-0.2925	4.5358e-004
4477	-1.32	0.	-0.14455	5.205e-004
4478	-1.2505	0.	-0.17153	5.3741e-004
4479	-1.26	0.	-0.24432	4.8134e-004
4482	-1.2745	0.	-4.8182e-002	5.6154e-004
4483	-1.32	0.	-4.8182e-002	5.4277e-004
4484	-1.2505	0.	-0.12335	5.5646e-004
4531	0.13636	0.	0.	5.3531e-002
4532	4.5455e-002	0.	0.	0.25488
4536	0.11993	0.	-3.9028e-002	5.5883e-002
4537	8.6423e-002	0.	-4.2021e-002	6.8615e-002
4538	5.9638e-002	0.	-2.5074e-002	0.14412
4546	0.22727	0.	0.	1.5153e-002
4549	0.22075	0.	-4.4552e-002	1.5321e-002
4550	0.16539	0.	-3.9028e-002	2.4091e-002
4557	0.31818	0.	0.	6.904e-003
4560	0.2662	0.	-4.4552e-002	8.7527e-003
4564	0.40909	0.	0.	3.9901e-003
4566	0.38213	0.	-5.9764e-002	4.3487e-003
4567	0.31166	0.	-4.4552e-002	7.0764e-003
4570	0.5	0.	0.	2.3284e-003
4573	0.42759	0.	-5.9764e-002	3.1644e-003
4574	0.48421	0.	-4.048e-002	2.338e-003
4580	0.59091	0.	0.	1.5304e-003
4583	0.52966	0.	-4.048e-002	1.8647e-003
4587	0.68182	0.	0.	1.0466e-003
4589	0.6153	0.	-8.2001e-002	1.2568e-003
4590	0.67847	0.	-4.5068e-002	1.0441e-003
4591	0.57512	0.	-4.048e-002	1.5396e-003
4596	0.77273	0.	0.	8.0429e-004
4599	0.72392	0.	-4.5068e-002	8.8775e-004
4601	0.86364	0.	0.	6.5345e-004
4604	0.84548	0.	-6.7704e-002	6.5076e-004
4605	0.76938	0.	-4.5068e-002	8.0129e-004
4611	0.95455	0.	0.	5.6861e-004
4613	0.89094	0.	-6.7704e-002	5.8674e-004
4618	-1.1836	0.	0.	6.5402e-004
4620	-1.2745	0.	0.	5.6462e-004
4622	-1.205	0.	-7.5166e-002	5.7817e-004
4623	-1.1732	0.	-3.148e-002	6.4258e-004
4627	-1.0927	0.	0.	8.1648e-004
4630	-1.1278	0.	-3.148e-002	7.1328e-004
4635	-1.0018	0.	0.	1.0299e-003
4638	-1.032	0.	-7.3163e-002	9.0129e-004
4639	-1.0823	0.	-3.148e-002	8.0518e-004
4640	-0.99577	0.	-3.1912e-002	1.0514e-003
4642	-0.91091	0.	0.	1.4379e-003
4644	-0.95032	0.	-3.1912e-002	1.1728e-003
4649	-0.82	0.	0.	2.2572e-003
4652	-0.85627	0.	-8.223e-002	1.7676e-003
4653	-0.80228	0.	-3.7681e-002	2.5238e-003
4654	-0.90486	0.	-3.1912e-002	1.4605e-003
4659	-0.72909	0.	0.	3.8594e-003
4661	-0.75682	0.	-3.7681e-002	3.0419e-003
4663	-0.63818	0.	0.	7.6369e-003
4667	-0.63284	0.	-4.4904e-002	6.0844e-003
4668	-0.71137	0.	-3.7681e-002	4.1192e-003
4672	-0.54727	0.	0.	1.4695e-002
4675	-0.58739	0.	-4.4904e-002	8.7505e-003
4681	-0.45636	0.	0.	4.713e-002
4685	-0.54193	0.	-4.4904e-002	1.3168e-002
4686	-0.48539	0.	-3.9028e-002	2.1688e-002
4691	-0.36545	0.	0.	0.25795
4695	-0.43993	0.	-3.9028e-002	4.9651e-002
4696	-0.40578	0.	-4.4212e-002	6.1813e-002
4700	-0.38243	0.	-1.2365e-002	0.15282
4701	-0.39105	0.	-2.1607e-002	9.5556e-002
5219	1.4183e-002	0.	-2.5074e-002	0.31245
5231	-0.33698	0.	-1.2365e-002	0.3347
6338	2.9249e-002	0.	-0.41442	3.0963e-003
6339	5.9672e-002	0.	-0.4606	2.5589e-003
6340	3.5914e-002	0.	-0.36759	4.7271e-003
6341	0.11661	0.	-0.38217	3.5188e-003
6342	0.10924	0.	-0.4274	2.7934e-003
6343	8.2961e-002	0.	-0.3556	4.9262e-003
6347	-0.35976	0.	-0.44836	2.35e-003
6348	-0.3302	0.	-0.41266	2.8758e-003
6349	-0.37876	0.	-0.35259	5.0702e-003
6350	-0.42891	0.	-0.41334	2.7453e-003
6351	-0.34232	0.	-0.37323	3.9688e-003
6352	-0.41693	0.	-0.37296	3.6476e-003
6356	-0.80864	0.	-0.39608	1.2772e-003
6357	-0.89092	0.	-0.39093	8.7026e-004
6358	-0.78901	0.	-0.50649	8.3703e-004
6359	-0.91282	0.	-0.45738	6.9592e-004
6360	-0.84454	0.	-0.53427	6.7839e-004
6361	-0.79087	0.	-0.45783	1.0534e-003
6362	-0.90487	0.	-0.50555	6.7249e-004
6368	0.61697	0.	-0.51104	5.8979e-004
6369	0.48266	0.	-0.55971	7.0594e-004
6370	0.55882	0.	-0.57392	5.5575e-004
6371	0.48215	0.	-0.48408	8.9488e-004
6372	0.52394	0.	-0.44456	8.7554e-004
6373	0.58021	0.	-0.46454	7.0617e-004
6377	-0.39344	0.	-0.19347	1.8431e-002
6378	-0.32759	0.	-0.21888	1.7185e-002
6379	-0.41447	0.	-0.24424	1.0994e-002
6380	-0.33113	0.	-0.25641	1.1472e-002
6381	-0.37354	0.	-0.27029	1.054e-002
6382	-0.35974	0.	-0.19888	2.1822e-002
6387	3.4641e-002	0.	-0.20456	2.3046e-002
6388	7.0376e-002	0.	-0.19611	1.7079e-002
6389	-3.0025e-003	0.	-0.25553	1.1079e-002
6390	2.1296e-002	0.	-0.28556	9.2584e-003
6391	8.7966e-002	0.	-0.23178	1.1754e-002
6392	6.8343e-002	0.	-0.27356	9.6317e-003
6393	1.5551e-002	0.	-0.22128	1.7161e-002
6398	-0.3037	0.	-0.67812	6.5774e-004
6399	-0.24949	0.	-0.69692	5.0174e-004
6400	-0.24251	0.	-0.75043	3.966e-004
6401	-0.32596	0.	-0.74473	4.3613e-004
6402	-0.28252	0.	-0.76842	3.9824e-004
6405	9.1019e-002	0.	-0.69194	6.1506e-004
6406	0.23518	0.	-0.73366	4.9162e-004
6407	7.3539e-002	0.	-0.74902	4.6935e-004
6408	0.20777	0.	-0.67425	6.6042e-004
6409	0.13929	0.	-0.66332	7.85e-004
6410	0.12265	0.	-0.78454	4.1566e-004
6411	0.19574	0.	-0.7813	4.2548e-004
6417	-0.17832	0.	-0.32251	6.1763e-003
6418	-9.2466e-002	0.	-0.28636	8.1936e-003
6419	-0.11321	0.	-0.2621	1.1683e-002
6420	-0.17512	0.	-0.27587	1.0074e-002
6421	-0.10552	0.	-0.33025	6.1649e-003
6422	-0.14313	0.	-0.26354	1.2087e-002
6423	-0.13976	0.	-0.33699	5.9288e-003
6428	-0.56828	0.	-0.53033	1.2479e-003
6429	-0.51976	0.	-0.63357	7.4458e-004
6430	-0.65262	0.	-0.56847	8.4012e-004
6431	-0.5201	0.	-0.57315	1.045e-003
6432	-0.57392	0.	-0.6576	7.0243e-004
6433	-0.63805	0.	-0.62765	7.1341e-004
6434	-0.61284	0.	-0.54436	1.0046e-003
6439	-0.27584	0.	-0.50286	1.5366e-003
6440	-0.19889	0.	-0.46374	2.2715e-003
6441	-0.24628	0.	-0.46716	2.1679e-003
6442	-0.16872	0.	-0.50333	1.682e-003
6443	-0.18122	0.	-0.55073	1.3697e-003
6444	-0.2271	0.	-0.54153	1.3565e-003
6448	0.73151	0.	-0.76228	2.0277e-004
6449	0.70056	0.	-0.8456	1.7664e-004
6450	0.54987	0.	-0.77073	3.115e-004
6451	0.56965	0.	-0.84551	2.2347e-004
6452	0.6045	0.	-0.71316	3.1909e-004
6453	0.62912	0.	-0.86441	1.9476e-004
6454	0.67079	0.	-0.72125	2.7345e-004
6459	-0.87449	0.	-0.75199	3.0748e-004
6460	-0.91935	0.	-0.85709	2.1786e-004
6461	-0.94116	0.	-0.72282	3.0537e-004
6462	-0.97684	0.	-0.81938	2.1275e-004
6463	-0.86846	0.	-0.81701	2.5586e-004
6464	-0.9952	0.	-0.75936	2.2344e-004
6467	-0.62109	0.	-0.19643	4.9432e-003
6468	-0.5517	0.	-0.27048	5.2377e-003
6469	-0.50648	0.	-0.23283	7.3005e-003
6470	-0.6	0.	-0.24944	4.8276e-003
6471	-0.56823	0.	-0.14879	6.9258e-003
6472	-0.52453	0.	-0.17641	1.0544e-002
6477	0.20048	0.	-0.24758	6.5447e-003
6478	0.24605	0.	-0.26365	5.5403e-003
6479	0.28258	0.	-0.21584	5.9997e-003
6480	0.24433	0.	-0.14915	8.2856e-003
6481	0.1804	0.	-0.21737	9.3572e-003
6482	0.203	0.	-0.17856	1.1707e-002
6489	-0.17248	0.	-0.15227	3.7673e-002
6490	-0.19939	0.	-0.21872	1.9246e-002
6491	-0.19701	0.	-0.16453	3.1779e-002
6492	-0.15139	0.	-0.17872	2.6212e-002
6493	-0.1674	0.	-0.2064	2.0491e-002
6494	-0.20649	0.	-0.18661	2.3767e-002
6498	0.27385	0.	-0.46887	1.6512e-003
6499	0.28934	0.	-0.37386	2.5089e-003
6500	0.36889	0.	-0.44614	1.4735e-003
6501	0.35126	0.	-0.38949	1.801e-003
6502	0.32354	0.	-0.47842	1.4403e-003
6503	0.27157	0.	-0.41855	2.1618e-003
6507	1.3447e-002	0.	-0.7143	5.7283e-004
6508	-9.0029e-003	0.	-0.61533	8.9699e-004
6509	3.8468e-002	0.	-0.58817	1.1567e-003
6510	7.9199e-002	0.	-0.6286	8.5746e-004
6511	-7.662e-003	0.	-0.6659	6.7975e-004
6514	0.53352	0.	-0.27828	1.42e-003
6515	0.59415	0.	-0.23914	1.1235e-003
6516	0.66092	0.	-0.34004	7.4539e-004
6517	0.54993	0.	-0.34894	9.8179e-004
6518	0.64607	0.	-0.27527	8.774e-004
6519	0.6062	0.	-0.36892	8.1853e-004
6523	-0.97384	0.	-0.23059	9.0813e-004
6524	-1.0989	0.	-0.14833	7.3645e-004
6525	-0.93193	0.	-0.15539	1.3635e-003
6526	-1.0463	0.	-0.20058	7.7949e-004
6527	-1.0671	0.	-0.10464	7.9959e-004
6528	-0.98053	0.	-0.10507	1.0453e-003
6533	-1.1915e-002	0.	-0.16907	3.1159e-002
6534	-5.0941e-003	0.	-0.14579	5.0643e-002
6535	1.8889e-002	0.	-0.14333	4.9491e-002
6536	6.092e-002	0.	-0.16266	2.7056e-002
6537	3.9542e-002	0.	-0.14849	3.6005e-002
6538	6.0953e-003	0.	-0.18783	2.7022e-002
6542	-0.30525	0.	-0.11037	7.8924e-002
6543	-0.31488	0.	-0.1357	5.3821e-002
6544	-0.33962	0.	-0.14475	4.6049e-002
6545	-0.35157	0.	-0.12482	5.2449e-002
6546	-0.34227	0.	-0.11144	6.6484e-002
6547	-0.32251	0.	-0.10243	0.10737
6552	-0.72706	0.	-0.25512	2.4112e-003
6553	-0.76742	0.	-0.17477	2.4618e-003
6554	-0.66667	0.	-0.2381	2.9165e-003
6555	-0.63491	0.	-0.13745	5.2275e-003
6556	-0.71343	0.	-0.13022	3.1778e-003
6560	-0.55369	0.	-0.40144	2.6988e-003
6561	-0.51021	0.	-0.51251	1.4253e-003
6562	-0.60706	0.	-0.43343	1.714e-003
6563	-0.51768	0.	-0.45061	1.9721e-003
6564	-0.60295	0.	-0.48372	1.4097e-003
6569	-0.62041	0.	-0.89169	2.9536e-004
6570	-0.6724	0.	-0.86415	3.2281e-004
6571	-0.73409	0.	-0.89649	2.5751e-004
6572	-0.58027	0.	-0.94982	2.4887e-004
6573	-0.72897	0.	-0.95432	2.3356e-004
6576	0.37125	0.	-0.67728	5.7859e-004
6577	0.34584	0.	-0.81053	3.6563e-004
6578	0.39278	0.	-0.74906	4.2269e-004
6579	0.29185	0.	-0.68124	6.2477e-004
6580	0.27981	0.	-0.78829	3.8118e-004
6584	-0.63109	0.	-0.81023	3.6351e-004
6585	-0.57439	0.	-0.781	4.4536e-004
6586	-0.52702	0.	-0.8246	3.6007e-004
6587	-0.53896	0.	-0.8959	2.9227e-004
6591	-4.2194e-002	0.	-0.14375	5.0353e-002
6592	-7.0303e-002	0.	-0.19578	2.346e-002
6593	-7.1668e-002	0.	-0.14361	4.7361e-002
6594	-8.4207e-002	0.	-0.16954	2.9536e-002
6595	-3.1005e-002	0.	-0.18579	2.6337e-002
6599	0.53361	0.	-0.20314	1.6115e-003
6600	0.40459	0.	-0.23239	2.9855e-003
6601	0.43681	0.	-0.1809	2.7332e-003
6602	0.42998	0.	-0.29582	1.8084e-003
6603	0.4894	0.	-0.31294	1.4726e-003
6604	0.49343	0.	-0.16162	1.864e-003
6608	-1.1957	0.	-0.36074	4.4389e-004
6609	-1.1307	0.	-0.39789	4.9358e-004
6610	-1.1918	0.	-0.48172	3.7723e-004
6611	-1.1286	0.	-0.45558	4.498e-004
6615	-0.3091	0.	-0.46585	2.1221e-003
6616	-0.33414	0.	-0.56556	1.1923e-003
6617	-0.40035	0.	-0.52843	1.3696e-003
6618	-0.40782	0.	-0.46653	1.8565e-003
6619	-0.28992	0.	-0.54022	1.2017e-003
6623	0.77625	0.	-0.4781	4.1753e-004
6624	0.6337	0.	-0.57945	4.3699e-004
6625	0.70982	0.	-0.44118	5.1713e-004
6626	0.78094	0.	-0.55041	3.7236e-004
6627	0.69999	0.	-0.58754	3.9806e-004
6628	0.6551	0.	-0.47006	5.9485e-004
6633	1.5587e-002	0.	-0.47294	2.1949e-003
6634	-4.5527e-002	0.	-0.39379	3.7538e-003
6635	-8.1707e-003	0.	-0.37993	4.3542e-003
6636	-5.8327e-002	0.	-0.42871	2.7473e-003
6637	-3.2646e-002	0.	-0.45831	2.3053e-003
6641	-0.20327	0.	-0.38432	3.8169e-003
6642	-0.21861	0.	-0.2987	9.0669e-003
6643	-0.25067	0.	-0.38774	3.7492e-003
6644	-0.25683	0.	-0.31378	7.0864e-003
6645	-0.26279	0.	-0.34831	4.7616e-003
6646	-0.18325	0.	-0.35981	4.2733e-003
6650	-6.394e-002	0.	-0.74431	4.4731e-004
6651	-9.0872e-003	0.	-0.84654	3.1095e-004
6652	-5.9974e-002	0.	-0.80181	3.1872e-004
6653	4.5082e-002	0.	-0.8069	3.5396e-004
6654	-2.5141e-002	0.	-0.72298	5.4953e-004
6659	-0.7508	0.	-0.75	3.7517e-004
6660	-0.88519	0.	-0.68815	3.6087e-004
6661	-0.75823	0.	-0.69083	4.7274e-004
6662	-0.8125	0.	-0.78234	3.138e-004
6663	-0.82833	0.	-0.65943	4.4425e-004
6668	0.24829	0.	-0.56498	1.1296e-003
6669	0.17981	0.	-0.55405	1.2162e-003
6670	0.18865	0.	-0.48042	1.7366e-003
6671	0.28183	0.	-0.51768	1.2415e-003
6672	0.22987	0.	-0.45781	1.9685e-003
6676	-1.1418	0.	-0.63567	2.7447e-004
6677	-1.0127	0.	-0.62929	3.5718e-004
6678	-1.0667	0.	-0.66583	2.7956e-004
6679	-1.1329	0.	-0.56874	3.381e-004
6680	-1.0162	0.	-0.57185	4.3392e-004
6681	-1.0696	0.	-0.54259	4.1625e-004
6686	-0.43751	0.	-0.20713	1.5682e-002
6687	-0.38278	0.	-0.16177	2.5694e-002
6688	-0.39472	0.	-0.14184	3.3132e-002
6689	-0.44271	0.	-0.11721	2.3177e-002
6690	-0.40857	0.	-0.12239	3.7898e-002
6691	-0.45557	0.	-0.1507	1.8707e-002
6695	-0.26919	0.	-0.17873	3.0404e-002
6696	-0.23213	0.	-0.14698	3.8824e-002
6697	-0.26697	0.	-0.12435	6.8682e-002
6698	-0.2766	0.	-0.14968	4.2228e-002
6699	-0.23891	0.	-0.12424	5.6847e-002
6700	-0.2416	0.	-0.16906	3.099e-002
6704	-0.17252	0.	-0.69221	4.9869e-004
6705	-0.11988	0.	-0.77473	3.5929e-004
6706	-0.16555	0.	-0.74572	4.0564e-004
6707	-0.13663	0.	-0.65727	7.4757e-004
6708	-8.5049e-002	0.	-0.69591	5.8456e-004
6712	-1.4607e-003	0.	-0.54628	1.3189e-003
6713	-8.667e-002	0.	-0.53796	1.4307e-003
6714	-9.9173e-002	0.	-0.58536	1.0258e-003
6715	-4.9694e-002	0.	-0.53165	1.4848e-003
6716	-4.7591e-002	0.	-0.62401	8.9812e-004
6720	-0.29591	0.	-0.89523	1.9354e-004
6721	-0.17059	0.	-0.85453	1.9406e-004
6722	-0.21625	0.	-0.82551	2.6928e-004
6723	-0.24091	0.	-0.93182	1.4362e-004
6724	-0.25626	0.	-0.8435	2.614e-004
6725	-0.17133	0.	-0.91029	1.3612e-004
6731	-0.23214	0.	-0.42673	2.5708e-003
6732	-0.15458	0.	-0.46289	2.2443e-003
6733	-0.14328	0.	-0.42698	2.7026e-003
6734	-0.16472	0.	-0.3988	3.3652e-003
6738	-1.139e-002	0.	-0.11801	6.6234e-002
6739	-6.4847e-002	0.	-0.12033	6.4727e-002
6740	-3.1028e-002	0.	-0.1047	0.10106
6745	3.3246e-002	0.	-0.12071	5.2434e-002
6746	1.1801e-002	0.	-9.8139e-002	0.10062
6747	-7.0448e-003	0.	-0.10225	9.9223e-002
6748	2.5077e-002	0.	-0.10341	6.9991e-002
6752	7.5278e-002	0.	-0.14004	3.1121e-002
6753	0.11425	0.	-0.18988	1.6726e-002
6754	0.12281	0.	-0.11613	2.3796e-002
6755	8.9296e-002	0.	-0.11913	3.8957e-002
6756	0.13684	0.	-0.15107	1.8844e-002
6760	-0.84862	0.	-0.32001	1.3158e-003
6761	-0.80672	0.	-0.24481	1.7369e-003
6762	-0.71104	0.	-0.36115	1.7517e-003
6763	-0.70597	0.	-0.30813	2.257e-003
6764	-0.74858	0.	-0.38691	1.4908e-003
6768	0.79862	0.	-0.82389	1.4891e-004
6769	0.8498	0.	-0.66242	2.2962e-004
6770	0.76885	0.	-0.69955	2.5123e-004
6771	0.86313	0.	-0.79336	1.4439e-004
6777	-1.1897	0.	-0.74808	1.5474e-004
6778	-1.0964	0.	-0.83826	1.4032e-004
6779	-1.1823	0.	-0.88688	8.387e-005
6780	-1.1147	0.	-0.77824	1.5767e-004
6781	-1.1127	0.	-0.8923	1.0806e-004
6785	-0.39549	0.	-0.65287	7.4552e-004
6786	-0.4617	0.	-0.61575	9.5451e-004
6787	-0.51551	0.	-0.7002	6.0025e-004
6788	-0.46815	0.	-0.7438	5.2243e-004
6789	-0.41775	0.	-0.71948	5.3581e-004
6793	-7.0846e-002	0.	-0.24879	1.3086e-002
6794	-6.316e-002	0.	-0.31694	7.317e-003
6795	-2.5804e-002	0.	-0.30308	8.0117e-003
6796	-3.1548e-002	0.	-0.2388	1.5587e-002
6800	-0.25009	0.	-0.22962	1.6338e-002
6801	-0.28831	0.	-0.2447	1.5545e-002
6802	-0.29219	0.	-0.17813	3.3553e-002
6803	-0.31693	0.	-0.18717	2.463e-002
6804	-0.25719	0.	-0.19751	2.1577e-002
6808	0.44477	0.	-0.68569	5.5631e-004
6809	0.4994	0.	-0.62812	5.6125e-004
6810	0.34384	0.	-0.61787	7.4471e-004
6811	0.42273	0.	-0.53828	9.0061e-004
6812	0.37738	0.	-0.57057	8.6812e-004
6818	-0.1055	0.	-0.19829	2.3465e-002
6819	-0.12151	0.	-0.22597	1.5555e-002
6820	-5.2293e-002	0.	-0.21454	1.7969e-002
6826	8.6741e-002	0.	-0.55955	1.3005e-003
6827	9.5582e-002	0.	-0.48592	1.7404e-003
6828	-2.2227e-003	0.	-0.50449	1.6891e-003
6832	-0.50377	0.	-0.29554	5.8636e-003
6833	-0.60236	0.	-0.36517	2.787e-003
6834	-0.59729	0.	-0.31215	3.2551e-003
6835	-0.51298	0.	-0.38235	2.9896e-003
6836	-0.501	0.	-0.34196	3.9351e-003
6841	0.13781	0.	-0.88731	2.6452e-004
6842	0.13036	0.	-0.94559	2.1862e-004
6843	0.2387	0.	-0.94875	2.4191e-004
6844	0.2109	0.	-0.88408	2.7584e-004
6846	-0.42075	0.	-0.86254	2.9639e-004
6847	-0.37034	0.	-0.83821	3.1383e-004
6848	-0.43269	0.	-0.93383	2.2626e-004
6849	-0.31156	0.	-0.95023	1.5098e-004
6850	-0.32691	0.	-0.8619	2.6307e-004
6855	-0.88899	0.	-0.23966	1.3776e-003
6856	-0.95279	0.	-0.3813	7.4841e-004
6857	-1.0033	0.	-0.28485	7.916e-004
6858	-1.0004	0.	-0.34253	7.4532e-004
6863	-0.12796	0.	-0.11967	5.2252e-002
6864	-0.18612	0.	-0.13142	4.291e-002
6865	-0.1405	0.	-0.1456	3.9145e-002
6866	-0.1929	0.	-0.10868	5.9738e-002
6871	0.21756	0.	-0.30204	4.2414e-003
6872	0.16593	0.	-0.32412	4.4204e-003
6873	0.15191	0.	-0.25577	8.1984e-003
6874	0.13229	0.	-0.29754	5.6886e-003
6878	-0.7125	0.	-0.60515	7.1851e-004
6879	-0.78261	0.	-0.57376	6.9146e-004
6880	-0.72894	0.	-0.49732	1.0671e-003
6881	-0.68729	0.	-0.52186	1.0174e-003
6885	0.41936	0.	-0.81894	3.3437e-004
6886	0.43913	0.	-0.89372	2.4854e-004
6887	0.3342	0.	-0.92284	2.5948e-004
6888	0.3064	0.	-0.85817	2.9247e-004
6893	-0.25363	0.	-0.26714	1.1117e-002
6894	-0.18342	0.	-0.23974	1.4134e-002
6895	-0.22251	0.	-0.21995	1.8055e-002
6899	-0.29166	0.	-0.39072	3.8147e-003
6904	0.69623	0.	-0.92602	1.4137e-004
6905	0.82693	0.	-0.92598	9.3011e-005
6906	0.83218	0.	-0.87668	1.072e-004
6910	0.6574	0.	-0.12707	1.1033e-003
6911	0.64616	0.	-0.20014	1.0822e-003
6912	0.55406	0.	-0.12248	1.5994e-003
6916	-0.41761	0.	-0.28395	7.2157e-003
6917	-0.45578	0.	-0.30432	6.018e-003
6918	-0.4766	0.	-0.20147	1.0898e-002
6922	0.29966	0.	-0.2703	3.5494e-003
6923	0.21151	0.	-0.34018	3.2751e-003
6924	0.32505	0.	-0.33374	2.4515e-003
6925	0.24536	0.	-0.3628	2.7903e-003
6930	-1.1284	0.	-0.20259	6.1435e-004
6931	-1.1905	0.	-0.22312	5.1803e-004
6932	-1.1492	0.	-0.10665	6.3792e-004
6937	0.36841	0.	-0.17101	3.7784e-003
6938	0.36158	0.	-0.28593	2.8984e-003
6939	0.29793	0.	-0.1558	6.5065e-003
6943	0.79421	0.	-0.40272	4.6662e-004
6944	0.86533	0.	-0.51195	3.2341e-004
6945	0.87561	0.	-0.37069	4.297e-004
6950	-0.10686	0.	-0.14612	4.7227e-002
6955	0.48607	0.	-0.83225	3.0824e-004
6956	0.52092	0.	-0.6999	3.9734e-004
6961	-0.79309	0.	-0.11991	2.5747e-003
6962	-0.89568	0.	-0.11414	1.5005e-003
6967	-0.33426	0.	-0.29611	8.2217e-003
6968	-0.29781	0.	-0.31675	7.3761e-003
6973	-0.62638	0.	-0.75346	4.7216e-004
6974	-0.69051	0.	-0.72351	4.8641e-004
6975	-0.74478	0.	-0.81503	3.2815e-004
6982	-0.39583	0.	-0.59245	1.0211e-003
6983	-0.27541	0.	-0.64837	6.7445e-004
6984	-0.35188	0.	-0.69618	6.3431e-004
6985	-0.2854	0.	-0.60423	8.8645e-004
6989	-3.8862e-002	0.	-0.34696	5.2019e-003
6990	-8.9018e-002	0.	-0.39574	3.7853e-003
6991	-0.11046	0.	-0.36756	4.2527e-003
6995	0.56532	0.	-0.92593	1.9314e-004
6999	0.64184	0.	-0.65042	3.6094e-004
7003	-1.0223	0.	-0.40897	5.6175e-004
7004	-0.96675	0.	-0.49592	5.388e-004
7005	-1.0202	0.	-0.46667	5.229e-004
7007	4.5542e-002	0.	-0.32111	5.9833e-003
7011	-0.4695	0.	-0.49342	1.7766e-003
7015	-0.96574	0.	-0.88981	1.7997e-004
7016	-0.85736	0.	-0.88744	2.2674e-004
7017	-0.85224	0.	-0.94528	2.0111e-004
7018	-0.98202	0.	-0.94385	1.5263e-004
7023	-0.65066	0.	-0.34414	2.3081e-003
7024	-0.69327	0.	-0.42291	1.5494e-003
7025	-0.65162	0.	-0.44745	1.4942e-003
7028	-6.5028e-002	0.	-0.87696	1.9649e-004
7029	4.0028e-002	0.	-0.88205	2.3753e-004
7030	3.2579e-002	0.	-0.94033	1.9108e-004
7031	-6.577e-002	0.	-0.93273	1.3267e-004
7034	0.33015	0.	-0.10432	6.3249e-003
7035	0.45725	0.	-0.10024	2.7179e-003
7040	0.19596	0.	-0.6109	8.9716e-004
7041	0.29798	0.	-0.57453	9.0253e-004
7044	-0.13691	0.	-0.54989	1.3717e-003
7045	-0.11311	0.	-0.46657	2.2809e-003
7046	-8.7432e-002	0.	-0.49617	1.7879e-003
7048	-0.21743	0.	-0.12094	5.7135e-002
7049	-0.22013	0.	-0.16576	3.1119e-002
7053	0.79667	0.	-0.11277	7.3554e-004
7054	0.88168	0.	-0.21858	5.3621e-004
7055	0.78543	0.	-0.18584	7.0692e-004
7061	0.70933	0.	-0.1632	8.5813e-004
7065	-0.13541	0.	-0.19973	2.3247e-002
7069	0.13631	0.	-0.52635	1.5129e-003
7074	0.15252	0.	-0.40749	2.7762e-003
7075	0.12624	0.	-0.33569	4.891e-003
7076	0.19374	0.	-0.38487	2.998e-003
7080	0.80918	0.	-0.33377	5.2078e-004
7081	0.71293	0.	-0.30103	6.9788e-004
7082	0.67306	0.	-0.39468	6.3483e-004
7087	-1.1379	0.	-0.27538	5.5935e-004
7088	-1.0729	0.	-0.31252	6.0872e-004
7092	-0.34022	0.	-0.33064	5.711e-003
7093	-0.41484	0.	-0.33037	5.5282e-003
7097	-0.21422	0.	-0.72068	4.4443e-004
7098	-0.1853	0.	-0.63223	7.6689e-004
7099	-0.23119	0.	-0.62303	7.5317e-004
7104	-0.16158	0.	-0.80321	2.6952e-004
7105	-0.11666	0.	-0.888	1.5509e-004
7110	-0.6338	0.	-0.69428	5.6262e-004
7111	-0.52231	0.	-0.76784	4.6453e-004
7114	-1.135	0.	-0.7019	1.9703e-004
7115	-1.2011	0.	-0.60481	2.6266e-004
7119	0.78908	0.	-0.62139	2.9207e-004
7125	-0.89501	0.	-0.63026	4.447e-004
7126	-1.0059	0.	-0.69552	2.8259e-004
7127	-0.95534	0.	-0.60154	4.3679e-004
7130	0.4046	0.	-0.40601	1.4206e-003
7131	0.37687	0.	-0.49494	1.0447e-003
7132	0.46401	0.	-0.42313	1.0585e-003
7135	0.44639	0.	-0.36648	1.3994e-003
7144	-0.28996	0.	-0.12375	7.2326e-002
7145	-0.2976	0.	-9.0476e-002	0.12294
7146	-0.25227	0.	-9.8307e-002	8.3624e-002
7151	-0.76804	0.	-0.63294	5.4797e-004
7158	-1.0416	0.	-0.79208	1.8705e-004
7159	-1.0395	0.	-0.90615	1.4498e-004
7164	-0.42454	0.	-0.78711	3.9614e-004
7165	-0.48688	0.	-0.88273	3.1411e-004
7168	-0.80135	0.	-0.9052	2.3864e-004
7172	-1.1254	0.	-0.95477	8.4927e-005
7178	-0.32434	0.	-0.15812	3.7541e-002
7183	0.18637	0.	-0.4301	2.2263e-003
7187	-0.89848	0.	-0.57282	5.1616e-004
7191	-0.46499	0.	-0.39113	3.2449e-003
7194	0.20432	0.	-8.358e-002	1.805e-002
7195	0.21835	0.	-0.11852	1.1986e-002
7200	-0.66057	0.	-8.2585e-002	5.333e-003
7201	-0.5255	0.	-8.3932e-002	1.6069e-002
7202	-0.53835	0.	-0.11743	1.0604e-002
7207	-0.24726	0.	-0.79218	3.2562e-004
7210	0.89144	0.	-0.89545	8.3556e-005
7215	-0.3307	0.	-0.78648	3.6695e-004
7220	-0.1953	0.	-0.5881	9.5528e-004
7221	-9.7832e-002	0.	-0.63594	8.1962e-004
7225	-1.135	0.	-0.33306	5.0736e-004
7233	8.6748e-002	0.	-0.90069	2.446e-004
7234	0.16728	0.	-0.83917	2.9858e-004
7241	-0.36103	0.	-0.14724	3.5756e-002
7249	-0.68916	0.	-0.4732	1.2204e-003
7255	0.79433	0.	-0.26901	6.6039e-004
7266	0.56207	0.	-0.40358	8.7906e-004
7270	6.7918e-002	0.	-0.10496	4.6916e-002
7271	4.573e-002	0.	-0.10857	5.847e-002
7275	-7.8364e-003	0.	-8.4829e-002	0.13174
7276	2.4285e-002	0.	-8.5995e-002	0.1063
7277	1.9688e-002	0.	-6.5436e-002	0.16696
7283	-0.36368	0.	-0.11393	5.7168e-002
7284	-0.38682	0.	-0.10787	4.6846e-002
7290	-0.35011	0.	-8.3532e-002	0.10107
7291	-0.37752	0.	-9.4488e-002	6.0739e-002
7292	-0.33462	0.	-9.1542e-002	0.11067
7296	-0.37325	0.	-7.747e-002	9.1464e-002
7297	-0.33035	0.	-7.4523e-002	0.13821
7298	-0.35851	0.	-5.4865e-002	0.12158
7299	-0.34233	0.	-5.6962e-002	0.19624
7304	0.11221	0.	-0.26734	8.4487e-003
7305	0.15443	0.	-0.18675	1.3001e-002
7312	0.11545	0.	-8.1049e-002	4.1241e-002
7313	0.16299	0.	-0.113	2.0988e-002
7317	5.9749e-002	0.	-8.7655e-002	6.6093e-002
7318	5.5152e-002	0.	-6.7095e-002	0.13244
7324	-0.43481	0.	-8.324e-002	3.8575e-002
7325	-0.48181	0.	-0.11155	1.93e-002
7329	-0.38592	0.	-6.582e-002	8.551e-002
7334	-0.18698	0.	-0.96529	7.6309e-005
7344	-1.0678	0.	-0.42789	5.1777e-004
7361	-1.129	0.	-0.51173	4.0087e-004
7381	0.26817	0.	-0.90061	2.7725e-004
7388	-7.6136e-002	0.	-0.46026	2.329e-003
7389	-0.12326	0.	-0.40248	3.3469e-003
7419	-1.0123	0.	-0.51484	4.926e-004
7434	3.2964e-002	0.	-7.0708e-002	0.1414
10547	-0.36257	0.	-3.3972e-002	0.17418
10548	-0.34639	0.	-3.607e-002	0.24089
10551	-0.35501	0.	-4.5312e-002	0.18964
82	0.	0.	5.e-002	0.33798
83	0.	0.	6.e-002	0.25177
84	-2.e-002	0.	6.e-002	0.21726
85	-4.e-002	0.	6.e-002	0.18694
86	-8.e-002	0.	6.e-002	0.12945
87	-0.12	0.	6.e-002	9.5469e-002
88	-0.16	0.	6.e-002	7.9512e-002
89	-0.2	0.	6.e-002	9.6516e-002
90	-0.24	0.	6.e-002	0.12207
91	-0.28	0.	6.e-002	0.17932
92	-0.3	0.	6.e-002	0.20468
93	-0.32	0.	5.e-002	0.36682
94	-0.32	0.	6.e-002	0.21587
95	-0.32	0.	4.e-002	0.42217
104	0.	0.	4.e-002	0.36834
427	9.0909e-002	0.	0.	7.1474e-002
428	0.18182	0.	0.	2.5614e-002
429	0.27273	0.	0.	7.9383e-003
430	0.36364	0.	0.	5.0538e-003
431	0.45455	0.	0.	2.8317e-003
432	0.54545	0.	0.	1.6844e-003
433	0.63636	0.	0.	1.3053e-003
434	0.72727	0.	0.	9.5964e-004
435	0.81818	0.	0.	6.8167e-004
436	0.90909	0.	0.	5.7402e-004
437	-1.2291	0.	0.	5.6502e-004
438	-1.1382	0.	0.	6.7722e-004
439	-1.0473	0.	0.	9.2572e-004
440	-0.95636	0.	0.	1.2557e-003
441	-0.86545	0.	0.	1.8271e-003
442	-0.77455	0.	0.	2.5325e-003
443	-0.68364	0.	0.	3.824e-003
444	-0.59273	0.	0.	8.1081e-003
445	-0.50182	0.	0.	2.3389e-002
446	-0.41091	0.	0.	7.8737e-002
490	-1.32	0.	9.6364e-002	5.2861e-004
491	-1.32	0.	0.19273	4.9134e-004
492	-1.32	0.	0.28909	4.4061e-004
493	-1.32	0.	0.38545	3.7938e-004
494	-1.32	0.	0.48182	3.1731e-004
495	-1.32	0.	0.57818	2.4356e-004
496	-1.32	0.	0.67455	1.7611e-004
497	-1.32	0.	0.77091	1.2953e-004
498	-1.32	0.	0.86727	7.9541e-005
499	-1.32	0.	0.96364	3.8199e-005
505	-1.2233	0.	1.06	3.3254e-005
506	-1.1267	0.	1.06	8.2136e-005
507	-1.03	0.	1.06	1.1898e-004
508	-0.93333	0.	1.06	1.4576e-004
509	-0.83667	0.	1.06	1.8921e-004
510	-0.74	0.	1.06	2.1619e-004
511	-0.64333	0.	1.06	2.2091e-004
512	-0.54667	0.	1.06	2.2087e-004
513	-0.45	0.	1.06	1.892e-004
514	-0.35333	0.	1.06	1.4472e-004
515	-0.25667	0.	1.06	8.5763e-005
516	-0.16	0.	1.06	4.6157e-005
517	-6.3333e-002	0.	1.06	9.9996e-005
518	3.3333e-002	0.	1.06	1.5551e-004
519	0.13	0.	1.06	1.979e-004
520	0.22667	0.	1.06	2.2885e-004
521	0.32333	0.	1.06	2.1834e-004
522	0.42	0.	1.06	2.15e-004
523	0.51667	0.	1.06	1.8678e-004
524	0.61333	0.	1.06	1.4538e-004
525	0.71	0.	1.06	1.2347e-004
526	0.80667	0.	1.06	7.9841e-005
527	0.90333	0.	1.06	4.4816e-005
533	1.	0.	0.96364	4.4613e-005
534	1.	0.	0.86727	9.0436e-005
535	1.	0.	0.77091	1.2576e-004
536	1.	0.	0.67455	1.9993e-004
537	1.	0.	0.57818	2.5757e-004
538	1.	0.	0.48182	3.1887e-004
539	1.	0.	0.38545	3.9302e-004
540	1.	0.	0.28909	4.4973e-004
541	1.	0.	0.19273	5.1114e-004
542	1.	0.	9.6364e-002	5.4692e-004
543	0.	0.	0.	0.4226
544	-0.32	0.	0.	0.43159
550	1.	0.	0.	5.4818e-004
552	-1.32	0.	0.	5.4841e-004
555	-1.32	0.	1.06	2.1074e-005
556	1.	0.	1.06	2.1562e-005
557	0.16165	0.	0.74212	4.9668e-004
558	-0.47111	0.	0.72667	4.9636e-004
559	-0.39588	0.	0.40292	3.2522e-003
560	6.5302e-002	0.	0.40346	2.9727e-003
561	-0.3613	0.	0.23527	1.4895e-002
562	2.5703e-002	0.	0.22765	1.6418e-002
563	-0.88127	0.	0.58954	4.7673e-004
564	0.57556	0.	0.60424	4.6851e-004
565	-0.12154	0.	0.57261	1.1701e-003
566	-0.16429	0.	0.22601	1.5012e-002
567	-0.65424	0.	0.48425	1.1855e-003
568	0.32513	0.	0.51649	1.1194e-003
569	0.65141	0.	0.30212	9.0931e-004
570	-0.97141	0.	0.30212	8.3225e-004
571	-0.14111	0.	0.39333	3.5245e-003
572	-0.18312	0.	0.80211	2.9459e-004
573	-0.50167	0.	0.36273	3.7742e-003
574	0.18097	0.	0.34898	3.8558e-003
575	0.3389	0.	0.32571	2.2465e-003
576	-0.81483	0.	0.32232	1.4563e-003
577	-0.33739	0.	0.16672	3.0036e-002
578	1.7767e-002	0.	0.11639	6.4812e-002
579	-0.10247	0.	0.18963	2.1049e-002
580	-0.23852	0.	0.61556	1.0022e-003
581	-0.21214	0.	0.36206	4.8718e-003
582	-0.55745	0.	0.24829	5.6979e-003
583	-0.618	0.	0.71623	5.5088e-004
584	0.43867	0.	0.63396	5.6106e-004
585	0.68501	0.	0.90301	1.5373e-004
586	-0.98519	0.	0.90808	1.5725e-004
587	-0.73679	0.	0.75993	3.9565e-004
588	-0.23148	0.	0.51411	1.5674e-003
589	-0.44593	0.	0.61556	9.9105e-004
590	8.4745e-002	0.	0.50242	1.6618e-003
591	-0.20552	0.	0.10255	6.6362e-002
592	0.24237	0.	0.12091	1.1117e-002
593	0.86987	0.	0.51127	3.4949e-004
594	-1.0261	0.	0.58625	3.4855e-004
595	0.39716	0.	0.78337	3.562e-004
596	-2.5533e-002	0.	0.29305	9.0534e-003
597	-0.285	0.	0.19976	2.1575e-002
598	0.74961	0.	0.70018	2.5254e-004
599	-1.3843e-002	0.	0.77951	3.6747e-004
600	-0.29205	0.	0.13245	5.051e-002
601	0.13828	0.	0.10925	2.3608e-002
602	8.4989e-002	0.	9.8822e-002	4.8231e-002
603	0.36671	0.	0.12105	4.4033e-003
604	-7.7633e-002	0.	0.13812	5.3022e-002
605	-0.14816	0.	0.11816	5.4548e-002
606	0.4598	0.	0.4947	8.3385e-004
607	3.8929e-002	0.	7.9508e-002	9.7729e-002
608	-0.34039	0.	0.11333	7.4277e-002
609	0.15057	0.	0.28068	6.5384e-003
610	-2.3333e-002	0.	0.47667	1.969e-003
611	-0.40043	0.	0.87488	2.7657e-004
612	-0.46018	0.	0.2098	1.2529e-002
613	-0.54241	0.	0.84819	3.2162e-004
614	-0.74828	0.	0.17439	2.5965e-003
615	-1.1342	0.	0.26669	5.8793e-004
616	0.81255	0.	0.26595	5.5152e-004
617	0.17165	0.	0.89418	2.63e-004
618	-1.1526	0.	0.83949	1.2136e-004
619	-0.1462	0.	0.30395	7.783e-003
620	0.48399	0.	0.3319	1.5063e-003
621	-0.34412	0.	0.7558	5.128e-004
622	-1.0209	0.	0.75603	2.1779e-004
623	-0.16265	0.	0.69182	5.5064e-004
624	-0.60637	0.	0.35617	2.5443e-003
625	-0.28811	0.	0.2719	9.751e-003
626	-0.46334	0.	0.47902	1.8437e-003
627	-0.35196	0.	0.50605	1.7092e-003
628	-0.28736	0.	0.41406	2.9876e-003
629	0.23833	0.	0.61273	8.0364e-004
630	-8.5669e-003	0.	0.17412	3.1505e-002
631	-1.0749	0.	0.42105	4.9866e-004
632	0.8497	0.	0.90244	9.3441e-005
633	-0.93714	0.	0.13981	1.1007e-003
634	0.61948	0.	0.14861	1.1579e-003
635	-1.4368e-002	0.	0.37426	4.2402e-003
636	1.4259e-002	0.	0.93496	1.9382e-004
637	-0.18917	0.	0.1656	3.1425e-002
638	-0.76531	0.	0.90605	2.5744e-004
639	-0.93348	0.	0.45318	7.0229e-004
640	-0.78952	0.	0.47598	9.9046e-004
641	0.61348	0.	0.45318	7.0557e-004
642	0.62037	0.	0.75616	2.8503e-004
643	-0.74267	0.	0.61448	6.5818e-004
644	-1.1821	0.	0.686	1.9759e-004
645	0.29504	0.	0.22111	4.9176e-003
646	0.46438	0.	0.93897	2.1982e-004
647	0.75497	0.	0.41237	5.233e-004
648	-0.22173	0.	0.20815	1.7519e-002
649	-0.67659	0.	0.26573	2.9841e-003
650	-0.42465	0.	0.2999	6.5986e-003
651	-0.39317	0.	0.16101	3.1754e-002
652	0.71704	0.	0.56343	3.4353e-004
653	-0.53207	0.	0.12091	1.2764e-002
654	-1.1785	0.	0.52263	3.2069e-004
655	0.2026	0.	0.51474	1.4591e-003
656	-0.87752	0.	0.81692	2.5369e-004
657	-0.54345	0.	0.54193	1.0724e-003
658	0.11171	0.	0.62008	9.2918e-004
659	-0.20521	0.	0.93178	1.3877e-004
660	0.27414	0.	0.75502	4.4538e-004
661	6.0412e-002	0.	0.29945	7.1369e-003
662	-0.22342	0.	0.27764	1.0111e-002
663	0.32494	0.	0.93132	2.5281e-004
664	-0.64065	0.	0.14104	5.1137e-003
665	-0.34222	0.	0.61556	9.6953e-004
666	-0.13167	0.	0.47667	2.1007e-003
667	0.75672	0.	0.11648	6.9203e-004
668	-1.0769	0.	0.11585	7.6669e-004
669	-8.2004e-002	0.	0.34918	5.6964e-003
670	7.9097e-002	0.	0.82042	3.3385e-004
671	-5.3657e-002	0.	0.23072	1.8115e-002
672	-0.34056	0.	0.33778	5.7787e-003
673	6.1383e-002	0.	0.16274	2.7428e-002
674	-0.20254	0.	0.43772	2.5654e-003
675	-0.70883	0.	0.36429	1.8366e-003
676	-9.1181e-002	0.	0.86208	2.0811e-004
677	0.25878	0.	0.41364	2.1822e-003
678	-0.24174	0.	0.15305	4.339e-002
679	-0.62299	0.	0.95813	2.4482e-004
680	0.89724	0.	0.39347	4.0533e-004
681	-0.2578	0.	0.72226	4.5402e-004
682	0.88078	0.	0.7636	1.3861e-004
683	7.414e-004	0.	0.57613	1.0493e-003
684	-7.8497e-002	0.	0.41402	3.5177e-003
685	1.8654e-002	0.	5.9082e-002	0.21155
686	-1.2082	0.	0.15822	5.64e-004
687	0.88824	0.	0.15822	5.5576e-004
688	-0.46026	0.	0.12781	2.1613e-002
689	0.5374	0.	0.8521	2.4715e-004
690	-0.66248	0.	0.83656	3.3537e-004
691	-7.0694e-002	0.	0.66417	6.1476e-004
692	-0.29586	0.	9.2407e-002	0.10032
693	-0.25959	0.	0.10104	0.1023
694	0.50286	0.	0.73237	3.7526e-004
695	-0.54956	0.	0.44052	1.8176e-003
696	-1.2246	0.	0.39445	3.9002e-004
697	-1.188	0.	0.94975	5.8972e-005
698	0.23599	0.	0.29722	3.8851e-003
699	-0.27032	0.	0.33268	5.9455e-003
700	0.3362	0.	0.62889	6.6002e-004
701	-3.4709e-002	0.	0.13145	5.3432e-002
702	-0.28442	0.	0.83731	2.5183e-004
703	-0.14453	0.	0.16973	3.0174e-002
704	0.15144	0.	0.42341	2.7292e-003
705	-8.2602e-002	0.	0.28641	1.0353e-002
706	-0.41176	0.	7.8333e-002	4.9806e-002
707	-0.36403	0.	6.7847e-002	0.10917
708	-0.10995	0.	0.96661	7.6015e-005
709	-0.34026	0.	4.5798e-002	0.2577
710	-0.47944	0.	0.97667	2.1903e-004
711	0.48598	0.	0.16117	1.9514e-003
712	0.86972	0.	0.63288	2.3263e-004
713	-0.32648	0.	8.2577e-002	0.1485
714	-2.1688e-002	0.	9.09e-002	0.11695
715	5.3752e-003	0.	8.3088e-002	0.1553
716	-0.53875	0.	0.63892	7.8225e-004
717	0.39391	0.	0.23749	2.5437e-003
718	-0.80734	0.	8.0581e-002	2.4074e-003
719	0.75171	0.	0.80555	1.8679e-004
720	-0.86058	0.	0.21834	1.4268e-003
721	-0.10048	0.	0.10333	8.1218e-002
722	-5.8559e-002	0.	9.447e-002	0.11108
723	-0.10425	0.	0.77422	3.3846e-004
724	0.19504	0.	0.20513	9.5143e-003
725	-0.3102	0.	0.93047	1.7894e-004
726	0.59093	0.	0.98404	1.7679e-004
727	6.918e-002	0.	0.73308	5.624e-004
728	-0.85633	0.	0.96851	1.9158e-004
729	0.78241	0.	0.987	9.2721e-005
730	-0.92355	0.	0.6936	3.0901e-004
731	0.38195	0.	0.41558	1.3355e-003
732	0.10798	0.	0.20161	1.3888e-002
733	-5.6602e-002	0.	0.17552	2.9625e-002
734	-1.0559	0.	0.98404	1.1176e-004
735	0.12171	0.	0.3477	4.2875e-003
736	5.8257e-002	0.	3.995e-002	0.16355
2484	0.	0.	5.5e-002	0.29125
2485	0.	0.	4.5e-002	0.34904
2487	9.3272e-003	0.	5.4541e-002	0.27468
2490	-1.e-002	0.	6.e-002	0.22954
2492	9.3272e-003	0.	5.9541e-002	0.22953
2493	2.6876e-003	0.	7.1544e-002	0.20254
2496	-3.e-002	0.	6.e-002	0.20029
2498	-2.0844e-002	0.	7.545e-002	0.16682
2499	-7.3124e-003	0.	7.1544e-002	0.18519
2502	-6.e-002	0.	6.e-002	0.15514
2504	-3.0844e-002	0.	7.545e-002	0.15152
2505	-4.9279e-002	0.	7.7235e-002	0.14812
2507	-0.1	0.	6.e-002	0.11081
2509	-9.0241e-002	0.	8.1665e-002	0.10491
2510	-6.9279e-002	0.	7.7235e-002	0.11978
2512	-0.14	0.	6.e-002	8.4153e-002
2514	-0.13408	0.	8.9081e-002	7.326e-002
2515	-0.11024	0.	8.1665e-002	8.8017e-002
2518	-0.18	0.	6.e-002	8.5055e-002
2520	-0.18276	0.	8.1275e-002	7.0383e-002
2521	-0.15408	0.	8.9081e-002	6.6938e-002
2524	-0.22	0.	6.e-002	0.10745
2526	-0.20276	0.	8.1275e-002	8.1413e-002
2529	-0.26	0.	6.e-002	0.14716
2531	-0.22276	0.	8.1275e-002	9.2837e-002
2532	-0.24979	0.	8.0521e-002	0.11165
2534	-0.29	0.	6.e-002	0.1903
2536	-0.28793	0.	7.6204e-002	0.13946
2537	-0.26979	0.	8.0521e-002	0.13969
2539	-0.31	0.	6.e-002	0.2062
2541	-0.29793	0.	7.6204e-002	0.15226
2542	-0.31324	0.	7.1288e-002	0.17479
2544	-0.32	0.	5.5e-002	0.28491
2545	-0.32	0.	4.5e-002	0.39367
2547	-0.33013	0.	4.7899e-002	0.31183
2550	-0.34201	0.	6.3924e-002	0.16117
2551	-0.33013	0.	5.2899e-002	0.22959
2552	-0.32324	0.	7.1288e-002	0.18188
2557	-0.32	0.	2.e-002	0.42133
2558	-0.33013	0.	4.2899e-002	0.33963
2610	0.	0.	2.e-002	0.38922
2611	9.3272e-003	0.	4.9541e-002	0.28592
2612	2.9128e-002	0.	3.9975e-002	0.26563
4531	0.13636	0.	0.	4.8537e-002
4532	4.5455e-002	0.	0.	0.24699
4533	0.11459	0.	5.4627e-002	4.6819e-002
4534	8.7949e-002	0.	4.9411e-002	5.6824e-002
4535	7.4583e-002	0.	1.9975e-002	0.11648
4546	0.22727	0.	0.	1.675e-002
4547	0.2121	0.	6.0455e-002	1.827e-002
4548	0.16005	0.	5.4627e-002	2.4196e-002
4557	0.31818	0.	0.	6.4921e-003
4558	0.25755	0.	6.0455e-002	9.398e-003
4559	0.31972	0.	6.0527e-002	6.1448e-003
4564	0.40909	0.	0.	3.9377e-003
4565	0.36518	0.	6.0527e-002	4.7045e-003
4570	0.5	0.	0.	2.2549e-003
4571	0.41063	0.	6.0527e-002	3.6052e-003
4572	0.47026	0.	8.0585e-002	2.3763e-003
4580	0.59091	0.	0.	1.4946e-003
4581	0.58247	0.	7.4304e-002	1.4164e-003
4582	0.51572	0.	8.0585e-002	1.7984e-003
4587	0.68182	0.	0.	1.1313e-003
4588	0.62792	0.	7.4304e-002	1.2255e-003
4596	0.77273	0.	0.	8.205e-004
4597	0.67338	0.	7.4304e-002	1.0542e-003
4598	0.742	0.	5.8239e-002	8.2482e-004
4601	0.86364	0.	0.	6.2773e-004
4602	0.78745	0.	5.8239e-002	6.861e-004
4603	0.85321	0.	7.911e-002	6.1861e-004
4610	0.95455	0.	4.8182e-002	5.6045e-004
4611	0.95455	0.	0.	5.611e-004
4612	0.89867	0.	7.911e-002	5.6469e-004
4618	-1.1836	0.	0.	6.2082e-004
4619	-1.2745	0.	4.8182e-002	5.4679e-004
4620	-1.2745	0.	0.	5.567e-004
4621	-1.2187	0.	7.911e-002	5.6407e-004
4627	-1.0927	0.	0.	8.0097e-004
4628	-1.1075	0.	5.7926e-002	7.2077e-004
4629	-1.1732	0.	7.911e-002	6.2039e-004
4635	-1.0018	0.	0.	1.0887e-003
4636	-0.99221	0.	6.9905e-002	1.0107e-003
4637	-1.0621	0.	5.7926e-002	8.456e-004
4642	-0.91091	0.	0.	1.5411e-003
4643	-0.94675	0.	6.9905e-002	1.1755e-003
4649	-0.82	0.	0.	2.1777e-003
4650	-0.9013	0.	6.9905e-002	1.4599e-003
4651	-0.8364	0.	4.029e-002	2.1132e-003
4659	-0.72909	0.	0.	3.1732e-003
4660	-0.79094	0.	4.029e-002	2.462e-003
4663	-0.63818	0.	0.	5.9556e-003
4664	-0.71596	0.	8.7197e-002	3.1796e-003
4665	-0.66214	0.	7.0518e-002	4.3965e-003
4666	-0.74549	0.	4.029e-002	3.1149e-003
4672	-0.54727	0.	0.	1.5709e-002
4673	-0.5624	0.	6.0455e-002	1.0286e-002
4674	-0.61669	0.	7.0518e-002	6.5282e-003
4681	-0.45636	0.	0.	5.09e-002
4682	-0.51694	0.	6.0455e-002	1.7871e-002
4683	-0.48104	0.	6.3905e-002	2.1755e-002
4684	-0.45679	0.	3.9166e-002	3.5865e-002
4691	-0.36545	0.	0.	0.25511
4692	-0.41134	0.	3.9166e-002	6.3301e-002
4693	-0.38747	0.	3.3924e-002	8.9698e-002
4694	-0.37558	0.	2.2899e-002	0.16593
4940	-1.32	0.	0.14455	5.0984e-004
4941	-1.32	0.	4.8182e-002	5.3845e-004
4942	-1.2641	0.	0.12729	5.4606e-004
4946	-1.32	0.	0.24091	4.6591e-004
4947	-1.2271	0.	0.22971	5.3753e-004
4948	-1.2641	0.	0.17547	5.2758e-004
4951	-1.32	0.	0.33727	4.0994e-004
4952	-1.2271	0.	0.27789	5.129e-004
4953	-1.2723	0.	0.34177	4.1508e-004
4957	-1.32	0.	0.43364	3.4818e-004
4958	-1.2723	0.	0.38995	3.8428e-004
4960	-1.32	0.	0.53	2.8034e-004
4961	-1.2493	0.	0.50222	3.1681e-004
4962	-1.2723	0.	0.43814	3.5362e-004
4966	-1.32	0.	0.62636	2.0979e-004
4967	-1.251	0.	0.63209	2.1875e-004
4968	-1.2493	0.	0.5504	2.8085e-004
4973	-1.32	0.	0.72273	1.5257e-004
4974	-1.251	0.	0.68027	1.8533e-004
4976	-1.32	0.	0.81909	1.0453e-004
4977	-1.2363	0.	0.8052	1.2249e-004
4978	-1.251	0.	0.72845	1.6318e-004
4982	-1.32	0.	0.91545	5.8611e-005
4983	-1.2363	0.	0.85338	9.8321e-005
4984	-1.254	0.	0.90851	6.6509e-005
4987	-1.2717	0.	1.0118	3.4075e-005
4988	-1.32	0.	1.0118	2.9361e-005
4989	-1.254	0.	0.95669	4.7787e-005
5017	-1.175	0.	1.06	5.7438e-005
5018	-1.2717	0.	1.06	2.6817e-005
5019	-1.2056	0.	1.0049	4.5802e-005
5021	-1.0783	0.	1.06	1.0034e-004
5022	-1.1573	0.	1.0049	6.8861e-005
5023	-1.0913	0.	1.022	9.6945e-005
5027	-0.98167	0.	1.06	1.3234e-004
5028	-1.043	0.	1.022	1.1506e-004
5031	-0.885	0.	1.06	1.6737e-004
5032	-0.95926	0.	0.98404	1.4999e-004
5033	-0.89483	0.	1.0143	1.6863e-004
5034	-0.99463	0.	1.022	1.2849e-004
5038	-0.78833	0.	1.06	2.0269e-004
5039	-0.8465	0.	1.0143	1.9005e-004
5042	-0.69167	0.	1.06	2.1852e-004
5043	-0.75265	0.	0.98303	2.3624e-004
5044	-0.6815	0.	1.0091	2.3046e-004
5045	-0.79817	0.	1.0143	2.0341e-004
5047	-0.595	0.	1.06	2.2082e-004
5048	-0.63316	0.	1.0091	2.3285e-004
5051	-0.49833	0.	1.06	2.0502e-004
5052	-0.58483	0.	1.0091	2.3278e-004
5053	-0.51306	0.	1.0183	2.1968e-004
5057	-0.40167	0.	1.06	1.6665e-004
5058	-0.46472	0.	1.0183	2.0394e-004
5060	-0.305	0.	1.06	1.1335e-004
5061	-0.41639	0.	1.0183	1.8182e-004
5062	-0.33177	0.	0.99524	1.5967e-004
5066	-0.20833	0.	1.06	6.1533e-005
5067	-0.23094	0.	0.99589	1.0386e-004
5068	-0.28343	0.	0.99524	1.323e-004
5072	-0.11167	0.	1.06	5.8924e-005
5073	-0.1826	0.	0.99589	9.2047e-005
5074	-0.13497	0.	1.0133	5.7971e-005
5077	-1.5e-002	0.	1.06	1.2676e-004
5078	-2.4537e-002	0.	0.99748	1.4687e-004
5079	-8.664e-002	0.	1.0133	8.1806e-005
5084	8.1667e-002	0.	1.06	1.7656e-004
5085	2.3796e-002	0.	0.99748	1.7273e-004
5089	0.17833	0.	1.06	2.1318e-004
5090	0.15082	0.	0.97709	2.3031e-004
5091	7.2129e-002	0.	0.99748	1.9239e-004
5094	0.275	0.	1.06	2.2347e-004
5095	0.19916	0.	0.97709	2.4558e-004
5096	0.2758	0.	0.99566	2.4062e-004
5100	0.37167	0.	1.06	2.1659e-004
5101	0.32414	0.	0.99566	2.3552e-004
5104	0.46833	0.	1.06	2.0088e-004
5105	0.44219	0.	0.99949	2.1726e-004
5106	0.37247	0.	0.99566	2.3386e-004
5110	0.565	0.	1.06	1.6606e-004
5111	0.49052	0.	0.99949	2.0315e-004
5112	0.5538	0.	1.022	1.8143e-004
5114	0.66167	0.	1.06	1.3431e-004
5115	0.60213	0.	1.022	1.6091e-004
5120	0.75833	0.	1.06	1.0163e-004
5121	0.6975	0.	0.9815	1.3755e-004
5122	0.65046	0.	1.022	1.5013e-004
5123	0.74621	0.	1.0235	1.0771e-004
5126	0.855	0.	1.06	6.1411e-005
5127	0.79454	0.	1.0235	8.5861e-005
5131	0.95167	0.	1.0118	4.2917e-005
5132	0.95167	0.	1.06	3.2911e-005
5133	0.87652	0.	0.98122	6.8153e-005
5134	0.84287	0.	1.0235	6.856e-005
5164	1.	0.	0.91545	6.7078e-005
5165	1.	0.	1.0118	3.2775e-005
5166	0.92485	0.	0.93304	6.8695e-005
5170	1.	0.	0.81909	1.0805e-004
5171	0.92485	0.	0.88485	8.9583e-005
5172	0.94039	0.	0.81543	1.1412e-004
5174	1.	0.	0.72273	1.6283e-004
5175	0.94039	0.	0.76725	1.3128e-004
5178	1.	0.	0.62636	2.2869e-004
5179	0.94039	0.	0.71907	1.6818e-004
5180	0.93486	0.	0.65371	2.1533e-004
5186	1.	0.	0.53	2.8812e-004
5187	0.93493	0.	0.54472	3.0242e-004
5188	0.93486	0.	0.60553	2.4357e-004
5191	1.	0.	0.43364	3.559e-004
5192	0.93493	0.	0.49654	3.3212e-004
5193	0.94862	0.	0.43764	3.6195e-004
5199	1.	0.	0.33727	4.2134e-004
5200	0.94862	0.	0.38946	3.9877e-004
5202	1.	0.	0.24091	4.8041e-004
5203	0.90628	0.	0.27752	4.995e-004
5204	0.94862	0.	0.34128	4.2722e-004
5208	1.	0.	0.14455	5.2887e-004
5209	0.90628	0.	0.22934	5.2985e-004
5210	0.94412	0.	0.17547	5.3344e-004
5214	1.	0.	4.8182e-002	5.4752e-004
5215	0.94412	0.	0.12729	5.5126e-004
5218	2.9128e-002	0.	1.9975e-002	0.29115
5228	-0.33013	0.	2.2899e-002	0.33978
5244	0.16665	0.	0.81815	3.7972e-004
5245	0.19999	0.	0.67742	6.4187e-004
5246	0.13668	0.	0.6811	7.1255e-004
5247	0.21789	0.	0.74857	4.6894e-004
5248	0.12037	0.	0.78127	4.1318e-004
5249	0.11541	0.	0.7376	5.2515e-004
5253	-0.54456	0.	0.72145	5.1744e-004
5254	-0.45852	0.	0.67111	7.4359e-004
5255	-0.43577	0.	0.80077	3.8541e-004
5256	-0.50676	0.	0.78743	4.0793e-004
5257	-0.40762	0.	0.74123	4.9862e-004
5258	-0.50493	0.	0.68279	6.3396e-004
5262	-0.44877	0.	0.38282	3.4212e-003
5263	-0.42961	0.	0.44097	2.5443e-003
5264	-0.37392	0.	0.45449	2.4568e-003
5265	-0.34162	0.	0.40849	3.0253e-003
5266	-0.41027	0.	0.35141	4.8726e-003
5267	-0.36822	0.	0.37035	4.5086e-003
5272	7.5023e-002	0.	0.45294	2.3146e-003
5273	2.0984e-002	0.	0.44007	2.3693e-003
5274	2.5467e-002	0.	0.38886	3.5491e-003
5275	6.2857e-002	0.	0.35146	5.0383e-003
5276	0.10837	0.	0.41344	2.8267e-003
5277	9.3506e-002	0.	0.37558	3.596e-003
5281	-0.34934	0.	0.20099	2.246e-002
5282	-0.32315	0.	0.21751	1.7843e-002
5283	-0.41074	0.	0.22253	1.3351e-002
5284	-0.3247	0.	0.25358	1.1949e-002
5285	-0.39297	0.	0.26758	1.0735e-002
5286	-0.37723	0.	0.19814	2.2866e-002
5287	-0.35093	0.	0.28652	1.0231e-002
5291	8.4853e-005	0.	0.26035	1.2519e-002
5292	8.568e-003	0.	0.20089	2.3917e-002
5293	4.3058e-002	0.	0.26355	1.1776e-002
5294	-1.3977e-002	0.	0.22918	1.6646e-002
5295	4.3543e-002	0.	0.1952	2.1506e-002
5296	6.6841e-002	0.	0.21463	1.4733e-002
5300	-0.80903	0.	0.67474	4.274e-004
5301	-0.95371	0.	0.58789	4.0927e-004
5302	-0.90738	0.	0.52136	5.8558e-004
5303	-0.8354	0.	0.53276	7.336e-004
5304	-0.81197	0.	0.60201	5.6108e-004
5305	-0.90241	0.	0.64157	3.9265e-004
5310	0.50711	0.	0.6191	5.0991e-004
5311	0.66258	0.	0.65221	3.5933e-004
5312	0.51768	0.	0.54947	6.5095e-004
5313	0.59452	0.	0.52871	5.8455e-004
5314	0.59796	0.	0.6802	3.7596e-004
5315	0.6463	0.	0.58384	4.0157e-004
5316	0.53921	0.	0.6683	4.1887e-004
5321	-0.18003	0.	0.59408	1.0309e-003
5322	-0.17651	0.	0.54336	1.3011e-003
5323	-7.2437e-002	0.	0.52464	1.5006e-003
5324	-0.1421	0.	0.63222	8.554e-004
5325	-0.1266	0.	0.52464	1.6352e-003
5326	-6.0399e-002	0.	0.57437	1.0384e-003
5327	-9.6117e-002	0.	0.61839	8.8069e-004
5332	-0.13338	0.	0.20782	1.7171e-002
5333	-0.15524	0.	0.26498	1.1397e-002
5334	-0.17673	0.	0.1958	2.2637e-002
5335	-0.19301	0.	0.21708	1.5214e-002
5336	-0.19385	0.	0.25182	1.2146e-002
5337	-0.15441	0.	0.19787	2.2426e-002
5338	-0.12345	0.	0.25621	1.2054e-002
5341	-0.6303	0.	0.42021	1.8621e-003
5342	-0.72188	0.	0.48012	1.0792e-003
5343	-0.69845	0.	0.54937	9.2137e-004
5344	-0.59885	0.	0.51309	1.1179e-003
5345	-0.68153	0.	0.42427	1.4926e-003
5346	-0.6019	0.	0.46239	1.4956e-003
5351	0.3819	0.	0.57523	8.4006e-004
5352	0.39246	0.	0.50559	9.6819e-004
5353	0.28173	0.	0.56461	9.5525e-004
5354	0.26387	0.	0.51561	1.2804e-003
5355	0.29195	0.	0.46506	1.6507e-003
5356	0.33066	0.	0.57269	8.8883e-004
5357	0.35354	0.	0.46603	1.2216e-003
5361	0.73198	0.	0.28404	7.2499e-004
5362	0.5677	0.	0.31701	1.1996e-003
5363	0.63545	0.	0.22536	1.0256e-003
5364	0.63245	0.	0.37765	8.0203e-004
5365	0.70319	0.	0.35725	7.1595e-004
5366	0.70407	0.	0.2093	7.8873e-004
5367	0.5687	0.	0.23165	1.4279e-003
5372	-0.89312	0.	0.31222	1.1375e-003
5373	-1.0528	0.	0.2844	7.0739e-004
5374	-1.0232	0.	0.36159	6.6529e-004
5375	-0.95428	0.	0.22097	9.5994e-004
5376	-0.95245	0.	0.37765	7.6042e-004
5377	-1.0242	0.	0.20899	7.9228e-004
5378	-0.916	0.	0.26023	1.1289e-003
5382	-0.17663	0.	0.37769	4.0015e-003
5383	-0.14366	0.	0.34864	5.6465e-003
5384	-0.13639	0.	0.435	2.812e-003
5385	-0.11156	0.	0.37126	4.5053e-003
5386	-0.17183	0.	0.41553	2.9292e-003
5387	-0.1098	0.	0.40368	3.4565e-003
5392	-0.17288	0.	0.74696	4.2261e-004
5393	-0.19416	0.	0.86694	2.1601e-004
5394	-0.13715	0.	0.8321	2.4398e-004
5395	-0.22046	0.	0.76219	3.6439e-004
5396	-0.23377	0.	0.81971	2.6078e-004
5397	-0.14368	0.	0.78816	3.1365e-004
5399	-0.52956	0.	0.30551	4.6385e-003
5400	-0.55402	0.	0.35945	3.1351e-003
5401	-0.4825	0.	0.42088	2.7708e-003
5402	-0.46316	0.	0.33131	5.1723e-003
5403	-0.52561	0.	0.40163	2.795e-003
5408	0.16577	0.	0.31483	5.197e-003
5409	0.21988	0.	0.38131	3.0155e-003
5410	0.20848	0.	0.3231	3.8448e-003
5411	0.16621	0.	0.38619	3.2744e-003
5412	0.15134	0.	0.34834	4.0478e-003
5416	0.41144	0.	0.32881	1.8667e-003
5417	0.31697	0.	0.27341	3.5603e-003
5418	0.29884	0.	0.36968	2.1924e-003
5419	0.28745	0.	0.31147	3.0583e-003
5420	0.36641	0.	0.2816	2.362e-003
5421	0.36043	0.	0.37064	1.7887e-003
5426	-0.78156	0.	0.24836	2.0128e-003
5427	-0.87416	0.	0.38775	1.079e-003
5428	-0.80218	0.	0.39915	1.2125e-003
5429	-0.74571	0.	0.29403	2.2199e-003
5430	-0.76183	0.	0.34331	1.6375e-003
5431	-0.83771	0.	0.27033	1.4338e-003
5434	-0.3112	0.	0.18324	2.5227e-002
5435	-0.31472	0.	0.14959	3.9995e-002
5436	-0.33889	0.	0.14002	5.1859e-002
5437	-0.36528	0.	0.16386	3.023e-002
5442	5.1378e-002	0.	0.10761	5.4811e-002
5443	2.8348e-002	0.	9.7949e-002	7.9681e-002
5444	4.5998e-003	0.	0.14526	4.7278e-002
5445	3.9575e-002	0.	0.13957	4.6046e-002
5446	-8.4713e-003	0.	0.12392	5.7052e-002
5447	-1.9606e-003	0.	0.10365	8.947e-002
5448	1.1571e-002	0.	9.9739e-002	0.11002
5453	-9.0051e-002	0.	0.16387	3.6806e-002
5454	-7.8063e-002	0.	0.21017	1.9348e-002
5455	-0.1235	0.	0.17968	2.5182e-002
5456	-9.2535e-002	0.	0.23802	1.5699e-002
5457	-7.9535e-002	0.	0.18257	2.5006e-002
5460	-0.235	0.	0.56483	1.2847e-003
5461	-0.20059	0.	0.65369	7.6141e-004
5462	-0.29037	0.	0.61556	9.6284e-004
5463	-0.24816	0.	0.66891	7.2789e-004
5467	-0.17917	0.	0.333	6.1305e-003
5468	-0.24975	0.	0.38806	3.8434e-003
5469	-0.21778	0.	0.31985	7.4834e-003
5470	-0.20734	0.	0.39989	3.7169e-003
5471	-0.24123	0.	0.34737	5.3185e-003
5475	-0.50881	0.	0.22904	9.0693e-003
5476	-0.58191	0.	0.30223	4.1091e-003
5477	-0.61702	0.	0.25701	4.3196e-003
5478	-0.49105	0.	0.27409	5.9053e-003
5479	-0.54476	0.	0.1846	9.0933e-003
5480	-0.59905	0.	0.19466	5.2964e-003
5484	-0.6774	0.	0.73808	4.7098e-004
5485	-0.58021	0.	0.78221	4.3488e-004
5486	-0.68033	0.	0.66535	5.9756e-004
5487	-0.64024	0.	0.77639	4.4304e-004
5488	-0.57837	0.	0.67758	6.6635e-004
5492	0.41791	0.	0.70867	4.5703e-004
5493	0.44924	0.	0.56433	6.9336e-004
5494	0.47076	0.	0.68317	4.6795e-004
5495	0.38743	0.	0.63143	6.091e-004
5500	0.76735	0.	0.90272	1.207e-004
5501	0.65269	0.	0.82958	2.1894e-004
5502	0.6112	0.	0.87755	2.0025e-004
5503	0.71836	0.	0.85428	1.6842e-004
5504	0.63797	0.	0.94352	1.6412e-004
5505	0.73371	0.	0.945	1.2314e-004
5509	-1.0689	0.	0.87379	1.3607e-004
5510	-1.003	0.	0.83206	1.8499e-004
5511	-0.93135	0.	0.8625	2.0545e-004
5512	-0.92076	0.	0.93829	1.7319e-004
5513	-1.0206	0.	0.94606	1.3411e-004
5517	-0.75105	0.	0.83299	3.2623e-004
5518	-0.73973	0.	0.68721	5.2614e-004
5519	-0.80715	0.	0.78843	3.2401e-004
5520	-0.69964	0.	0.79824	3.6423e-004
5521	-0.83017	0.	0.72676	3.4718e-004
5527	-0.29172	0.	0.51008	1.557e-003
5528	-0.25942	0.	0.46408	2.2299e-003
5529	-0.28685	0.	0.56483	1.2395e-003
5530	-0.18157	0.	0.49539	1.7348e-003
5531	-0.21701	0.	0.47591	2.065e-003
5534	-0.39503	0.	0.68568	7.4278e-004
5535	-0.45463	0.	0.54729	1.4135e-003
5536	-0.39894	0.	0.5608	1.3402e-003
5537	-0.49469	0.	0.57874	1.0151e-003
5538	-0.39407	0.	0.61556	9.5647e-004
5539	-0.49234	0.	0.62724	8.8024e-004
5543	3.0706e-002	0.	0.48954	1.7615e-003
5544	0.14367	0.	0.50858	1.5267e-003
5545	9.8228e-002	0.	0.56125	1.2954e-003
5546	4.2743e-002	0.	0.53927	1.3319e-003
5547	0.11809	0.	0.46291	2.1625e-003
5551	-0.17684	0.	0.11036	5.742e-002
5552	-0.19734	0.	0.13408	4.883e-002
5553	-0.22363	0.	0.1278	5.3606e-002
5554	-0.23255	0.	0.1018	8.1268e-002
5559	0.19032	0.	0.11508	1.7322e-002
5560	0.30454	0.	0.12098	7.7418e-003
5561	0.26871	0.	0.17101	7.9636e-003
5562	0.21871	0.	0.16302	1.0029e-002
5567	0.81242	0.	0.46182	4.3601e-004
5568	0.79345	0.	0.53735	3.4336e-004
5569	0.88355	0.	0.45237	3.7614e-004
5570	0.8698	0.	0.57207	2.9086e-004
5575	-1.0235	0.	0.67114	2.8215e-004
5576	-1.0505	0.	0.50365	4.205e-004
5577	-0.97981	0.	0.51972	5.2528e-004
5578	-1.1041	0.	0.63613	2.7148e-004
5579	-1.1023	0.	0.55444	3.3109e-004
5580	-0.97485	0.	0.63992	3.2461e-004
5584	0.43077	0.	0.86117	2.8764e-004
5585	0.33565	0.	0.76919	3.9773e-004
5586	0.36105	0.	0.85734	3.0296e-004
5587	0.46728	0.	0.81773	3.0132e-004
5588	0.45001	0.	0.75787	3.6369e-004
5589	0.36668	0.	0.70613	5.0805e-004
5594	-1.9951e-002	0.	0.33366	6.6337e-003
5595	1.744e-002	0.	0.29625	7.931e-003
5596	-5.3769e-002	0.	0.32112	7.1125e-003
5597	-3.9595e-002	0.	0.26188	1.3547e-002
5598	-5.4067e-002	0.	0.28973	9.4633e-003
5603	-0.28853	0.	0.16611	3.591e-002
5604	-0.28656	0.	0.23583	1.5652e-002
5605	-0.25336	0.	0.20395	1.8942e-002
5606	-0.26337	0.	0.1764	3.234e-002
5610	0.68499	0.	0.72817	2.6571e-004
5611	0.73332	0.	0.63181	2.9724e-004
5612	0.81519	0.	0.73189	1.935e-004
5613	0.80967	0.	0.66653	2.3886e-004
5614	0.75066	0.	0.75286	2.1913e-004
5617	2.0794e-004	0.	0.85723	2.7792e-004
5618	3.2627e-002	0.	0.79996	3.4423e-004
5619	-5.2512e-002	0.	0.8208	2.8413e-004
5620	-4.2269e-002	0.	0.72184	4.8713e-004
5621	-5.9047e-002	0.	0.77686	3.3944e-004
5622	2.7669e-002	0.	0.7563	4.5884e-004
5628	-0.31622	0.	0.12289	6.0685e-002
5629	-0.26689	0.	0.14275	4.609e-002
5630	-0.29396	0.	0.11243	7.5289e-002
5631	-0.27582	0.	0.11675	7.5704e-002
5635	0.11163	0.	0.10404	3.5673e-002
5636	9.9829e-002	0.	0.136	2.4274e-002
5637	0.16666	0.	0.15719	1.6379e-002
5638	0.12313	0.	0.15543	1.8052e-002
5643	6.1959e-002	0.	8.9165e-002	7.2897e-002
5644	7.3186e-002	0.	0.13078	3.7198e-002
5645	7.1623e-002	0.	6.9386e-002	0.10463
5650	0.33088	0.	0.17108	4.5681e-003
5651	0.42635	0.	0.14111	3.1759e-003
5652	0.38031	0.	0.17927	3.4368e-003
5656	-5.6171e-002	0.	0.13479	5.2371e-002
5657	-0.11108	0.	0.15392	3.9784e-002
5658	-8.9058e-002	0.	0.12072	6.6733e-002
5659	-6.8096e-002	0.	0.11629	8.1863e-002
5660	-6.7117e-002	0.	0.15682	4.1235e-002
5665	-0.16866	0.	0.14188	4.1584e-002
5666	-0.14634	0.	0.14394	4.2158e-002
5667	-0.12432	0.	0.11075	6.494e-002
5671	0.4719	0.	0.4133	1.1625e-003
5672	0.53664	0.	0.47394	7.6404e-004
5673	0.42088	0.	0.45514	1.084e-003
5678	2.8792e-002	0.	6.9295e-002	0.15455
5679	2.2152e-002	0.	8.1298e-002	0.12368
5680	4.8593e-002	0.	5.9729e-002	0.12738
5685	-0.36678	0.	0.13717	5.2834e-002
5686	-0.31813	0.	0.10287	8.5956e-002
5687	-0.37608	0.	9.583e-002	5.8689e-002
5688	-0.35221	0.	9.0588e-002	8.9718e-002
5689	-0.33344	0.	9.7952e-002	0.11136
5694	0.10549	0.	0.29007	6.7571e-003
5695	0.19328	0.	0.28895	5.1826e-003
5696	0.1728	0.	0.24291	7.8918e-003
5697	0.12927	0.	0.24115	1.0187e-002
5698	0.13614	0.	0.31419	5.3792e-003
5702	-1.8851e-002	0.	0.42547	3.0872e-003
5703	-7.75e-002	0.	0.47667	1.9482e-003
5704	-1.1296e-002	0.	0.5264	1.507e-003
5705	-5.0915e-002	0.	0.44534	2.724e-003
5709	-0.47142	0.	0.86153	2.9589e-004
5710	-0.37227	0.	0.81534	3.9351e-004
5711	-0.34242	0.	0.85609	2.5541e-004
5712	-0.43993	0.	0.92577	2.4575e-004
5713	-0.35531	0.	0.90267	2.2744e-004
5717	-0.44242	0.	0.25485	9.4245e-003
5718	-0.42668	0.	0.1854	2.2138e-002
5719	-0.49612	0.	0.16535	1.2133e-002
5720	-0.46022	0.	0.1688	1.6831e-002
5725	-0.5827	0.	0.90316	2.8277e-004
5726	-0.60245	0.	0.84237	3.2691e-004
5727	-0.51093	0.	0.91243	2.7026e-004
5732	-0.71243	0.	0.22006	2.7637e-003
5733	-0.69447	0.	0.15771	3.852e-003
5734	-0.77781	0.	0.12749	2.4845e-003
5735	-0.80443	0.	0.19637	2.0113e-003
5739	-1.1045	0.	0.34387	5.4135e-004
5740	-1.1055	0.	0.19127	6.7655e-004
5741	-1.1712	0.	0.21245	5.7421e-004
5742	-1.1794	0.	0.33057	4.8857e-004
5746	0.78376	0.	0.33916	5.3501e-004
5747	0.78464	0.	0.19122	6.2096e-004
5748	0.85489	0.	0.32971	4.7818e-004
5749	0.8504	0.	0.21209	5.5178e-004
5753	9.2953e-002	0.	0.91457	2.252e-004
5754	0.22289	0.	0.8246	3.5328e-004
5755	0.24829	0.	0.91275	2.5677e-004
5756	0.12537	0.	0.8573	2.9615e-004
5762	-1.0867	0.	0.79776	1.6937e-004
5763	-1.1673	0.	0.76275	1.5782e-004
5764	-1.1703	0.	0.89462	8.9928e-005
5765	-1.1043	0.	0.91177	1.1157e-004
5770	-0.18481	0.	0.29079	8.6526e-003
5771	-0.1141	0.	0.32657	6.4957e-003
5772	-0.1144	0.	0.29518	8.6073e-003
5778	0.54874	0.	0.39254	1.1058e-003
5779	0.48498	0.	0.24654	1.7004e-003
5780	0.43895	0.	0.2847	2.0211e-003
5781	0.43297	0.	0.37374	1.4041e-003
5785	-0.34317	0.	0.68568	7.4009e-004
5786	-0.30096	0.	0.73903	4.6878e-004
5787	-0.31427	0.	0.79656	3.7686e-004
5791	-1.1015	0.	0.72102	2.0358e-004
5792	-0.94921	0.	0.78648	2.3196e-004
5793	-0.97222	0.	0.72482	2.6273e-004
5797	-0.21023	0.	0.70704	4.8899e-004
5798	-0.11667	0.	0.67799	5.5905e-004
5799	-0.13345	0.	0.73302	4.4049e-004
5803	-0.64148	0.	0.31095	2.7163e-003
5804	-0.6576	0.	0.36023	2.1792e-003
5805	-0.57796	0.	0.39835	2.1574e-003
5809	-0.25492	0.	0.24002	1.3361e-002
5810	-0.25576	0.	0.27477	9.4346e-003
5811	-0.31433	0.	0.30484	7.7335e-003
5812	-0.27921	0.	0.30229	7.7822e-003
5817	-0.40765	0.	0.49254	1.7409e-003
5818	-0.5034	0.	0.51048	1.4503e-003
5819	-0.50645	0.	0.45977	1.8096e-003
5824	-0.31966	0.	0.46005	2.3374e-003
5825	-0.34709	0.	0.5608	1.3336e-003
5829	-0.31396	0.	0.37592	4.3118e-003
5830	-0.24495	0.	0.42589	2.6926e-003
5831	-0.27884	0.	0.37337	4.4637e-003
5835	0.22047	0.	0.56373	1.1312e-003
5836	0.17502	0.	0.61641	8.4952e-004
5837	0.25623	0.	0.68387	6.2309e-004
5838	0.28727	0.	0.62081	7.3005e-004
5843	-3.1112e-002	0.	0.20242	2.4319e-002
5844	2.6408e-002	0.	0.16843	2.8459e-002
5845	-2.1638e-002	0.	0.15279	4.2389e-002
5846	-3.2584e-002	0.	0.17482	2.9939e-002
5851	-1.0042	0.	0.43712	5.9524e-004
5852	-1.1267	0.	0.47184	4.0953e-004
5853	-1.1498	0.	0.40775	4.4088e-004
5858	0.86524	0.	0.83302	1.1491e-004
5859	0.8007	0.	0.85399	1.3973e-004
5860	0.81606	0.	0.94472	8.9901e-005
5865	-1.007	0.	0.12783	9.3304e-004
5866	-0.87224	0.	0.1102	1.7539e-003
5867	-0.89886	0.	0.17907	1.2546e-003
5873	0.6881	0.	0.13254	9.239e-004
5874	0.55273	0.	0.15489	1.5517e-003
5879	2.3022e-002	0.	0.33686	5.4961e-003
5880	-4.8186e-002	0.	0.36172	4.8638e-003
5881	-4.6432e-002	0.	0.39414	3.7741e-003
5887	4.6678e-002	0.	0.87769	2.6356e-004
5888	-3.8461e-002	0.	0.89852	1.9124e-004
5889	-4.7844e-002	0.	0.95078	1.28e-004
5894	-0.20545	0.	0.18688	2.4302e-002
5895	-0.21545	0.	0.15933	3.6041e-002
5896	-0.16685	0.	0.16767	2.8733e-002
5901	-0.82141	0.	0.86149	2.5413e-004
5902	-0.69415	0.	0.93209	2.5023e-004
5903	-0.71389	0.	0.8713	2.9615e-004
5904	-0.81082	0.	0.93728	2.245e-004
5909	-0.8615	0.	0.46458	8.407e-004
5914	-0.76609	0.	0.54523	8.1518e-004
5915	-0.74917	0.	0.42014	1.4127e-003
5919	0.68423	0.	0.43278	6.0784e-004
5920	0.66526	0.	0.50831	5.2383e-004
5924	0.57888	0.	0.80413	2.6455e-004
5925	0.56161	0.	0.74426	3.2965e-004
5926	0.68604	0.	0.78085	2.3512e-004
5931	-0.64306	0.	0.5782	8.5991e-004
5932	-0.64071	0.	0.6267	7.0943e-004
5936	-1.1803	0.	0.60431	2.5901e-004
5941	0.26552	0.	0.25916	4.3236e-003
5942	0.34448	0.	0.2293	3.7255e-003
5943	0.24504	0.	0.21312	7.1754e-003
5949	0.39466	0.	0.93515	2.3596e-004
5950	0.50089	0.	0.89554	2.3235e-004
5951	0.52765	0.	0.96151	1.9825e-004
5954	0.736	0.	0.4879	4.3165e-004
5955	0.8261	0.	0.40292	4.6078e-004
5959	-0.22257	0.	0.24289	1.373e-002
5960	-0.23173	0.	0.1806	3.0166e-002
5964	-0.65862	0.	0.20338	4.0306e-003
5965	-0.69271	0.	0.31501	2.4018e-003
5969	-0.38261	0.	0.31884	6.0526e-003
5973	-0.42672	0.	0.14441	2.6209e-002
5974	-0.40247	0.	0.11967	3.9604e-002
5979	0.79338	0.	0.59816	2.8632e-004
5985	-0.58636	0.	0.13097	8.9326e-003
5986	-0.49616	0.	0.12436	1.7084e-002
5992	-1.2016	0.	0.45854	3.5356e-004
5996	0.15716	0.	0.56741	1.1719e-003
5997	0.23069	0.	0.46419	1.8062e-003
5998	0.17702	0.	0.46907	2.0929e-003
6004	-0.86693	0.	0.89272	2.2139e-004
6005	-0.90053	0.	0.75526	2.7975e-004
6009	-0.5465	0.	0.49123	1.4432e-003
6010	-0.5411	0.	0.59043	9.2576e-004
6013	5.6227e-002	0.	0.59811	9.6935e-004
6014	9.0446e-002	0.	0.67658	7.4263e-004
6019	-0.14819	0.	0.89693	1.6449e-004
6020	-0.24482	0.	0.88454	1.9093e-004
6021	-0.15758	0.	0.94919	1.0346e-004
6022	-0.2577	0.	0.93112	1.4479e-004
6026	0.29954	0.	0.84317	3.4898e-004
6027	0.30517	0.	0.69195	5.4746e-004
6033	8.4196e-002	0.	0.25053	1.027e-002
6034	9.1061e-002	0.	0.32358	5.7024e-003
6038	-0.24687	0.	0.30516	7.9023e-003
6049	-0.30001	0.	0.66891	7.0056e-004
6054	-0.1671	0.	0.45719	2.2285e-003
6055	-0.10508	0.	0.44534	2.7714e-003
6058	0.82248	0.	0.13735	6.2327e-004
6066	-1.1426	0.	0.13704	6.6501e-004
6069	-8.025e-002	0.	0.3816	4.6048e-003
6070	-8.2303e-002	0.	0.3178	8.0149e-003
6072	7.4139e-002	0.	0.77675	4.4797e-004
6076	-6.8129e-002	0.	0.25856	1.4093e-002
6077	-5.5129e-002	0.	0.20312	2.3866e-002
6081	-0.30544	0.	0.33523	5.7127e-003
6085	8.4681e-002	0.	0.18218	2.0629e-002
6099	-0.10056	0.	0.91435	1.4189e-004
6100	-9.7716e-002	0.	0.81815	2.7168e-004
6104	0.24738	0.	0.35543	3.0268e-003
6105	0.20511	0.	0.41852	2.4273e-003
6106	0.32036	0.	0.41461	1.7522e-003
6109	-0.25066	0.	0.12704	7.2715e-002
6113	-0.64274	0.	0.89734	2.8983e-004
6114	-0.55122	0.	0.9674	2.313e-004
6123	-0.27111	0.	0.77979	3.5215e-004
6127	0.87525	0.	0.69824	1.8555e-004
6128	0.81624	0.	0.78457	1.5891e-004
6134	-3.4977e-002	0.	0.62015	8.1798e-004
6135	3.4961e-002	0.	0.65461	8.0169e-004
6142	1.2015e-002	0.	7.1085e-002	0.17876
6143	3.8456e-002	0.	4.9516e-002	0.18286
6155	-0.43601	0.	0.10307	3.5646e-002
6160	0.52013	0.	0.79223	3.1072e-004
6161	0.56416	0.	0.91807	2.1139e-004
6167	-8.7473e-002	0.	0.71919	4.7189e-004
6168	-7.5711e-004	0.	0.69862	5.6293e-004
6172	-0.27773	0.	9.6724e-002	9.9233e-002
6173	-0.31117	0.	8.7492e-002	0.12204
6190	-1.1219	0.	0.96689	8.3543e-005
6194	0.21551	0.	0.25118	6.6825e-003
6202	-2.8198e-002	0.	0.11118	8.4939e-002
6203	-4.6634e-002	0.	0.11296	8.1821e-002
6204	-4.5655e-002	0.	0.15348	4.1158e-002
6207	-0.29731	0.	0.88389	2.1096e-004
6211	-0.1225	0.	0.13653	5.4828e-002
6217	0.13658	0.	0.38555	3.5069e-003
6224	-0.3879	0.	7.309e-002	7.892e-002
6230	-0.35214	0.	5.6823e-002	0.18247
6231	-0.34525	0.	7.5212e-002	0.1265
6244	-0.39482	0.	0.95357	1.9569e-004
6248	0.43995	0.	0.19933	2.2319e-003
6257	-8.1563e-003	0.	8.6994e-002	0.13425
6258	-4.0123e-002	0.	9.2685e-002	0.11198
6272	-0.83396	0.	0.14946	1.9006e-003
6284	-7.9521e-002	0.	9.89e-002	9.4591e-002
6293	0.15151	0.	0.20337	1.1615e-002
