1.28750000     0.84040000     0.72041000     0.82718000     0.78550000     0.74563000     0.73312000     0.76271000     0.69573000     0.66246000     0.62535000
0.66779000     0.01149200     0.01882600     0.03911000     0.04068400     0.09677100     0.08077900     0.07859200     0.10902000     0.10234000     0.10666000
0.00001241     0.00255160     0.00732630     0.00890790     0.01027200     0.01609800     0.02121000     0.01984200     0.02541800     0.03362700     0.03743300
0.00001312     0.00096716     0.00201830     0.00301310     0.00412550     0.00698100     0.00859240     0.00653450     0.01450700     0.01259400     0.01582200
0.00001553     0.00046761     0.00100880     0.00145460     0.00256520     0.00346130     0.00516670     0.00437820     0.00606610     0.00707590     0.00738470
0.00002011     0.00023459     0.00053162     0.00089412     0.00148120     0.00195540     0.00277830     0.00275410     0.00360630     0.00373930     0.00519280
0.00002997     0.00015710     0.00031093     0.00057426     0.00084954     0.00135810     0.00185450     0.00185760     0.00199440     0.00256170     0.00290410
0.00004925     0.00010355     0.00020621     0.00039120     0.00056604     0.00085059     0.00119850     0.00127190     0.00161090     0.00210420     0.00240390
0.00007292     0.00007376     0.00015716     0.00029590     0.00044563     0.00063742     0.00089167     0.00092447     0.00114930     0.00138960     0.00168610
0.00015307     0.00005600     0.00011613     0.00022068     0.00033656     0.00051877     0.00071577     0.00078563     0.00096609     0.00118080     0.00141470
0.00037205     0.00004566     0.00009724     0.00017830     0.00027840     0.00041260     0.00058892     0.40995000     0.38046000     0.39704000     0.36306000
0.00110860     0.56325000     0.54620000     0.47715000     0.50734000     0.43411000     0.39277000     0.00072990     0.00092070     0.00113990     0.00133030
0.00609740     0.00004376     0.00009303     0.00016931     0.00026949     0.00039421     0.00054796     0.04921700     0.06722100     0.06798200     0.07204500
0.02311300     0.03797900     0.10534000     0.14316000     0.18528000     0.05643500     0.05099400     0.24427000     0.24474000     0.24969000     0.23486000
0.20623000     0.16012000     0.01307600     0.02400900     0.02547800     0.26544000     0.23677000     0.01318800     0.01996300     0.02311000     0.02662700
0.43701000     0.00702170     0.06208200     0.09113400     0.11298000     0.01154000     0.01490100     0.00545640     0.01028700     0.00983470     0.01160300
0.00001277     0.02473600     0.00467230     0.00596050     0.00719850     0.00522110     0.00687950     0.00356620     0.00483620     0.00540760     0.00628880
0.00001432     0.00175940     0.00151350     0.00223380     0.00334540     0.00270830     0.00397250     0.00230590     0.00280040     0.00315050     0.00404850
0.00001782     0.00071739     0.00077019     0.00117430     0.00202320     0.00165670     0.00231640     0.00156470     0.00180270     0.00233300     0.00265400
0.00002504     0.00035110     0.00042128     0.00073419     0.00116540     0.00110440     0.00152650     0.00109820     0.00138010     0.00174690     0.00204500
0.00003961     0.00019584     0.00025857     0.00048273     0.00070779     0.00074401     0.00104510     0.00085505     0.00105770     0.00128520     0.00155040
0.00006108     0.00013032     0.00018168     0.00034355     0.00050584     0.00057810     0.00080372     0.00075776     0.00094340     0.00116040     0.00137250
0.00011300     0.00008865     0.00013665     0.00025829     0.00039110     0.00046569     0.00065235     0.08180200     0.11658000     0.09244400     0.09966700
0.00026256     0.00006488     0.00010669     0.00019949     0.00030748     0.00040341     0.00056844     0.02011900     0.03216100     0.02907600     0.03400900
0.00074034     0.00005083     0.00009514     0.00017381     0.00027395     0.09738800     0.06896900     0.00833080     0.01262200     0.01227800     0.01378200
0.00360300     0.00004471     0.32577000     0.31015000     0.34631000     0.01580500     0.02464800     0.00437690     0.00604120     0.00632030     0.00813180
0.01460500     0.36169000     0.02831100     0.02864700     0.04277600     0.00642110     0.00784490     0.00292180     0.00326180     0.00401040     0.00478630
0.11467000     0.09905200     0.00627820     0.00933720     0.01055000     0.00326950     0.00503070     0.00181990     0.00213310     0.00257300     0.00289000
0.58901000     0.01293100     0.00203380     0.00305170     0.00402830     0.00198610     0.00277930     0.00125900     0.00174880     0.00187570     0.00223220
0.00001238     0.00323420     0.00094751     0.00159020     0.00217650     0.00123380     0.00167830     0.00093766     0.00120570     0.00143700     0.00169130
0.00001351     0.00107710     0.00049119     0.00095256     0.00158480     0.00087909     0.00130030     0.00078594     0.00096805     0.00121760     0.00144000
0.00001566     0.00044104     0.00030059     0.00057055     0.00088741     0.00063208     0.00095853     0.40976000     0.36650000     0.33146000     0.38300000
0.00002183     0.00021073     0.00020911     0.00038988     0.00060747     0.00048874     0.00068092     0.00073445     0.00092075     0.00113780     0.00135450
0.00002852     0.00014832     0.00015390     0.00027144     0.00044620     0.00041113     0.00057400     0.05096100     0.07436800     0.06076000     0.06683800
0.00005239     0.00010288     0.00011820     0.00020542     0.00035012     0.43796000     0.40167000     0.24578000     0.24154000     0.21195000     0.24133000
0.00007830     0.00008038     0.00009519     0.00017843     0.00028251     0.00039039     0.00054818     0.01422500     0.02239200     0.02067700     0.02389500
0.00016513     0.00005875     0.48253000     0.51122000     0.50001000     0.05659600     0.04680800     0.00635380     0.00933170     0.00929940     0.01095700
0.00032964     0.00004614     0.00009184     0.00016995     0.00027069     0.26767000     0.23532000     0.00364930     0.00465150     0.00516540     0.00645900
0.00133720     0.57802000     0.13783000     0.14839000     0.17419000     0.01111300     0.01624600     0.00237090     0.00269740     0.00329170     0.00383810
0.00540550     0.00004367     0.01729500     0.01899200     0.02666300     0.00484530     0.00643780     0.00153940     0.00194090     0.00222430     0.00256110
0.02044900     0.04356800     0.08306800     0.08851600     0.10848000     0.00262780     0.00390500     0.00109830     0.00147720     0.00165630     0.00196180
0.21067000     0.20087000     0.00415600     0.00619450     0.00728930     0.00161000     0.00222880     0.00086180     0.00108690     0.00132730     0.00156560
0.39984000     0.00808270     0.00149060     0.00232090     0.00310240     0.00105650     0.00148930     0.00076020     0.00094440     0.00117770     0.00139720
0.00001295     0.02825000     0.00071935     0.00127140     0.00188070     0.00075558     0.00112940     NaN     NaN     NaN     NaN
0.00001459     0.00215560     0.00039589     0.00076156     0.00123610     0.00056041     0.00081973     NaN     NaN     NaN     NaN
0.00001875     0.00075905     0.00025485     0.00048022     0.00074744     0.00044993     0.00062746     NaN     NaN     NaN     NaN
0.00002517     0.00032589     0.00018151     0.00033066     0.00052684     0.00040076     0.00056109     NaN     NaN     NaN     NaN
0.00004045     0.00017953     0.00013605     0.00023843     0.00039816     NaN     NaN     NaN     NaN     NaN     NaN
0.00006535     0.00012560     0.00010669     0.00019193     0.00031632     NaN     NaN     NaN     NaN     NaN     NaN
0.00012171     0.00009163     0.00009351     0.00017419     0.00027660     NaN     NaN     NaN     NaN     NaN     NaN
0.00024738     0.00006957     0.31018000     0.32980000     0.33710000     NaN     NaN     NaN     NaN     NaN     NaN
0.00083342     0.00005244     NaN     NaN     NaN     NaN     NaN     NaN     NaN     NaN     NaN
0.00337130     0.00004490     NaN     NaN     NaN     NaN     NaN     NaN     NaN     NaN     NaN
0.01292700     0.38944000     NaN     NaN     NaN     NaN     NaN     NaN     NaN     NaN     NaN
0.11556000     0.12222000     NaN     NaN     NaN     NaN     NaN     NaN     NaN     NaN     NaN
