Node Number	X Location (m)	Y Location (m)	Z Location (m)	Directional Magnetic Flux Density (T)
13	-0.28	0.	3.5e-002	0.21064
14	-0.25455	0.	3.5e-002	0.38153
15	-0.22909	0.	3.5e-002	0.63686
16	-0.20364	0.	3.5e-002	0.72393
17	-0.17818	0.	3.5e-002	0.80307
18	-0.15273	0.	3.5e-002	0.93403
19	-0.12727	0.	3.5e-002	0.86341
20	-0.10182	0.	3.5e-002	0.81166
21	-7.6364e-002	0.	3.5e-002	0.71489
22	-5.0909e-002	0.	3.5e-002	0.62737
23	0.	0.	3.5e-002	0.22824
24	-2.5455e-002	0.	3.5e-002	0.3902
95	-2.5455e-002	0.	-3.5e-002	0.38896
96	0.	0.	-3.5e-002	0.22544
97	-5.0909e-002	0.	-3.5e-002	0.62673
98	-7.6364e-002	0.	-3.5e-002	0.71261
99	-0.10182	0.	-3.5e-002	0.80772
100	-0.12727	0.	-3.5e-002	0.82531
101	-0.15273	0.	-3.5e-002	0.85713
102	-0.17818	0.	-3.5e-002	0.81261
103	-0.20364	0.	-3.5e-002	0.72702
104	-0.22909	0.	-3.5e-002	0.65059
105	-0.25455	0.	-3.5e-002	0.39075
106	-0.28	0.	-3.5e-002	0.22942
462	0.	0.	0.	0.2419
463	-0.28	0.	0.	0.23766
909	-3.8182e-002	0.	0.	0.55728
910	-8.9091e-002	0.	0.	0.78252
911	-0.14664	0.	6.0377e-019	0.84343
912	-0.19091	0.	0.	0.76448
913	-0.23541	0.	-4.9893e-019	0.58521
2100	-0.26727	0.	3.5e-002	0.29608
2103	-0.28	0.	1.75e-002	0.22415
2108	-0.24182	0.	3.5e-002	0.50919
2110	-0.26727	0.	1.75e-002	0.30959
2111	-0.24498	0.	1.75e-002	0.48337
2114	-0.21636	0.	3.5e-002	0.68039
2116	-0.23225	0.	1.75e-002	0.61103
2118	-0.19091	0.	3.5e-002	0.7635
2120	-0.19727	0.	1.75e-002	0.74421
2121	-0.21952	0.	1.75e-002	0.65457
2125	-0.16545	0.	3.5e-002	0.86855
2127	-0.16241	0.	1.75e-002	0.82325
2128	-0.18455	0.	1.75e-002	0.78378
2130	-0.14	0.	3.5e-002	0.89872
2132	-0.14969	0.	1.75e-002	0.88873
2133	-0.11455	0.	3.5e-002	0.83753
2135	-0.10818	0.	1.75e-002	0.82297
2136	-0.13696	0.	1.75e-002	0.85342
2138	-8.9091e-002	0.	3.5e-002	0.76327
2140	-9.5455e-002	0.	1.75e-002	0.79709
2142	-6.3636e-002	0.	3.5e-002	0.67113
2144	-5.7273e-002	0.	1.75e-002	0.63608
2145	-8.2727e-002	0.	1.75e-002	0.7487
2147	-3.8182e-002	0.	3.5e-002	0.50878
2149	-4.4545e-002	0.	1.75e-002	0.59232
2151	-1.2727e-002	0.	3.5e-002	0.30922
2154	0.	0.	1.75e-002	0.23507
2160	-1.2727e-002	0.	1.75e-002	0.31605
2161	-3.1818e-002	0.	1.75e-002	0.47374
2568	-1.2727e-002	0.	-3.5e-002	0.3072
2569	-3.8182e-002	0.	-3.5e-002	0.50785
2571	-1.2727e-002	0.	-1.75e-002	0.31543
2572	-3.1818e-002	0.	-1.75e-002	0.47312
2578	0.	0.	-1.75e-002	0.23367
2583	-6.3636e-002	0.	-3.5e-002	0.66967
2585	-4.4545e-002	0.	-1.75e-002	0.592
2587	-8.9091e-002	0.	-3.5e-002	0.76016
2589	-5.7273e-002	0.	-1.75e-002	0.63494
2590	-8.2727e-002	0.	-1.75e-002	0.74756
2592	-0.11455	0.	-3.5e-002	0.81652
2594	-9.5455e-002	0.	-1.75e-002	0.79512
2596	-0.14	0.	-3.5e-002	0.84122
2598	-0.10818	0.	-1.75e-002	0.80392
2599	-0.13696	0.	-1.75e-002	0.83437
2601	-0.16545	0.	-3.5e-002	0.83487
2603	-0.14969	0.	-1.75e-002	0.85028
2605	-0.19091	0.	-3.5e-002	0.76981
2607	-0.16241	0.	-1.75e-002	0.82802
2608	-0.18455	0.	-1.75e-002	0.78854
2611	-0.21636	0.	-3.5e-002	0.68881
2613	-0.19727	0.	-1.75e-002	0.74575
2614	-0.21952	0.	-1.75e-002	0.65611
2618	-0.24182	0.	-3.5e-002	0.52067
2620	-0.23225	0.	-1.75e-002	0.6179
2622	-0.26727	0.	-3.5e-002	0.31008
2624	-0.26727	0.	-1.75e-002	0.3142
2625	-0.24498	0.	-1.75e-002	0.48798
2631	-0.28	0.	-1.75e-002	0.23354
4810	-1.9091e-002	0.	0.	0.39959
4818	-0.25771	0.	-2.4947e-019	0.41143
7773	-6.3636e-002	0.	0.	0.6699
7779	-0.11787	0.	3.0189e-019	0.81297
7786	-0.16878	0.	3.0189e-019	0.80395
7793	-0.21316	0.	-2.4947e-019	0.67484
1	0.	0.	5.25e-002	2.7178e-002
2	-2.5455e-002	0.	5.25e-002	4.9606e-003
3	-5.0909e-002	0.	5.25e-002	-1.832e-002
4	-7.6364e-002	0.	5.25e-002	-2.0045e-002
5	-0.10182	0.	5.25e-002	-2.095e-002
6	-0.12727	0.	5.25e-002	-2.1422e-002
7	-0.15273	0.	5.25e-002	-2.1386e-002
8	-0.17818	0.	5.25e-002	-2.0762e-002
9	-0.20364	0.	5.25e-002	-1.9796e-002
10	-0.22909	0.	5.25e-002	-1.8564e-002
11	-0.25455	0.	5.25e-002	4.9775e-003
12	-0.28	0.	5.25e-002	2.7892e-002
13	-0.28	0.	3.5e-002	2.7892e-002
14	-0.25455	0.	3.5e-002	4.9775e-003
15	-0.22909	0.	3.5e-002	-1.8564e-002
16	-0.20364	0.	3.5e-002	-1.9796e-002
17	-0.17818	0.	3.5e-002	-2.0762e-002
18	-0.15273	0.	3.5e-002	-2.1386e-002
19	-0.12727	0.	3.5e-002	-2.1422e-002
20	-0.10182	0.	3.5e-002	-2.095e-002
21	-7.6364e-002	0.	3.5e-002	-2.0045e-002
22	-5.0909e-002	0.	3.5e-002	-1.832e-002
23	0.	0.	3.5e-002	2.7178e-002
24	-2.5455e-002	0.	3.5e-002	4.9606e-003
95	-2.5455e-002	0.	-3.5e-002	4.7354e-003
96	0.	0.	-3.5e-002	2.7239e-002
97	-5.0909e-002	0.	-3.5e-002	-1.8386e-002
98	-7.6364e-002	0.	-3.5e-002	-2.0063e-002
99	-0.10182	0.	-3.5e-002	-2.1033e-002
100	-0.12727	0.	-3.5e-002	-2.1126e-002
101	-0.15273	0.	-3.5e-002	-2.1425e-002
102	-0.17818	0.	-3.5e-002	-2.1118e-002
103	-0.20364	0.	-3.5e-002	-1.9865e-002
104	-0.22909	0.	-3.5e-002	-1.828e-002
105	-0.25455	0.	-3.5e-002	4.3117e-003
106	-0.28	0.	-3.5e-002	2.6148e-002
199	-0.25455	0.	-5.25e-002	4.3117e-003
200	-0.28	0.	-5.25e-002	2.6148e-002
201	-0.22909	0.	-5.25e-002	-1.828e-002
202	-0.20364	0.	-5.25e-002	-1.9865e-002
203	-0.17818	0.	-5.25e-002	-2.1118e-002
204	-0.15273	0.	-5.25e-002	-2.1425e-002
205	-0.12727	0.	-5.25e-002	-2.1126e-002
206	-0.10182	0.	-5.25e-002	-2.1033e-002
207	-7.6364e-002	0.	-5.25e-002	-2.0063e-002
208	-5.0909e-002	0.	-5.25e-002	-1.8386e-002
209	-2.5455e-002	0.	-5.25e-002	4.7354e-003
210	0.	0.	-5.25e-002	2.7239e-002
2024	-1.2727e-002	0.	5.25e-002	1.6069e-002
2025	0.	0.	4.375e-002	2.7178e-002
2032	-3.8182e-002	0.	5.25e-002	-6.6797e-003
2033	-2.5455e-002	0.	4.375e-002	4.9606e-003
2039	-6.3636e-002	0.	5.25e-002	-1.9182e-002
2040	-5.0909e-002	0.	4.375e-002	-1.832e-002
2044	-8.9091e-002	0.	5.25e-002	-2.0497e-002
2045	-7.6364e-002	0.	4.375e-002	-2.0045e-002
2052	-0.11455	0.	5.25e-002	-2.1186e-002
2053	-0.10182	0.	4.375e-002	-2.095e-002
2058	-0.14	0.	5.25e-002	-2.1404e-002
2059	-0.12727	0.	4.375e-002	-2.1422e-002
2064	-0.16545	0.	5.25e-002	-2.1074e-002
2065	-0.15273	0.	4.375e-002	-2.1386e-002
2071	-0.19091	0.	5.25e-002	-2.0279e-002
2072	-0.17818	0.	4.375e-002	-2.0762e-002
2077	-0.21636	0.	5.25e-002	-1.918e-002
2078	-0.20364	0.	4.375e-002	-1.9796e-002
2082	-0.24182	0.	5.25e-002	-6.793e-003
2083	-0.22909	0.	4.375e-002	-1.8564e-002
2088	-0.26727	0.	5.25e-002	1.6434e-002
2089	-0.25455	0.	4.375e-002	4.9775e-003
2093	-0.28	0.	4.375e-002	2.7892e-002
2100	-0.26727	0.	3.5e-002	1.6434e-002
2108	-0.24182	0.	3.5e-002	-6.793e-003
2114	-0.21636	0.	3.5e-002	-1.918e-002
2118	-0.19091	0.	3.5e-002	-2.0279e-002
2125	-0.16545	0.	3.5e-002	-2.1074e-002
2130	-0.14	0.	3.5e-002	-2.1404e-002
2133	-0.11455	0.	3.5e-002	-2.1186e-002
2138	-8.9091e-002	0.	3.5e-002	-2.0497e-002
2142	-6.3636e-002	0.	3.5e-002	-1.9182e-002
2147	-3.8182e-002	0.	3.5e-002	-6.6797e-003
2151	-1.2727e-002	0.	3.5e-002	1.6069e-002
2568	-1.2727e-002	0.	-3.5e-002	1.5987e-002
2569	-3.8182e-002	0.	-3.5e-002	-6.8253e-003
2570	-2.5455e-002	0.	-4.375e-002	4.7354e-003
2576	0.	0.	-4.375e-002	2.7239e-002
2583	-6.3636e-002	0.	-3.5e-002	-1.9224e-002
2584	-5.0909e-002	0.	-4.375e-002	-1.8386e-002
2587	-8.9091e-002	0.	-3.5e-002	-2.0548e-002
2588	-7.6364e-002	0.	-4.375e-002	-2.0063e-002
2592	-0.11455	0.	-3.5e-002	-2.108e-002
2593	-0.10182	0.	-4.375e-002	-2.1033e-002
2596	-0.14	0.	-3.5e-002	-2.1275e-002
2597	-0.12727	0.	-4.375e-002	-2.1126e-002
2601	-0.16545	0.	-3.5e-002	-2.1271e-002
2602	-0.15273	0.	-4.375e-002	-2.1425e-002
2605	-0.19091	0.	-3.5e-002	-2.0492e-002
2606	-0.17818	0.	-4.375e-002	-2.1118e-002
2611	-0.21636	0.	-3.5e-002	-1.9072e-002
2612	-0.20364	0.	-4.375e-002	-1.9865e-002
2618	-0.24182	0.	-3.5e-002	-6.9841e-003
2619	-0.22909	0.	-4.375e-002	-1.828e-002
2622	-0.26727	0.	-3.5e-002	1.523e-002
2623	-0.25455	0.	-4.375e-002	4.3117e-003
2629	-0.28	0.	-4.375e-002	2.6148e-002
3239	-0.26727	0.	-5.25e-002	1.523e-002
3240	-0.24182	0.	-5.25e-002	-6.9841e-003
3249	-0.21636	0.	-5.25e-002	-1.9072e-002
3254	-0.19091	0.	-5.25e-002	-2.0492e-002
3261	-0.16545	0.	-5.25e-002	-2.1271e-002
3265	-0.14	0.	-5.25e-002	-2.1275e-002
3270	-0.11455	0.	-5.25e-002	-2.108e-002
3274	-8.9091e-002	0.	-5.25e-002	-2.0548e-002
3278	-6.3636e-002	0.	-5.25e-002	-1.9224e-002
3282	-3.8182e-002	0.	-5.25e-002	-6.8253e-003
3285	-1.2727e-002	0.	-5.25e-002	1.5987e-002
96	0.	0.	-3.5e-002	8.4226e-002
106	-0.28	0.	-3.5e-002	8.1778e-002
199	-0.25455	0.	-5.25e-002	-1.0052e-002
200	-0.28	0.	-5.25e-002	3.4361e-002
201	-0.22909	0.	-5.25e-002	-2.0926e-002
202	-0.20364	0.	-5.25e-002	-2.6611e-002
203	-0.17818	0.	-5.25e-002	-3.0539e-002
204	-0.15273	0.	-5.25e-002	-3.1032e-002
205	-0.12727	0.	-5.25e-002	-3.2122e-002
206	-0.10182	0.	-5.25e-002	-3.082e-002
207	-7.6364e-002	0.	-5.25e-002	-2.721e-002
208	-5.0909e-002	0.	-5.25e-002	-2.5482e-002
209	-2.5455e-002	0.	-5.25e-002	-9.321e-003
210	0.	0.	-5.25e-002	2.5997e-002
283	1.	0.	-9.5682e-002	1.2904e-004
284	1.	0.	-0.19136	1.1688e-004
285	1.	0.	-0.28705	1.0401e-004
286	1.	0.	-0.38273	8.759e-005
287	1.	0.	-0.47841	7.3044e-005
288	1.	0.	-0.57409	5.289e-005
289	1.	0.	-0.66977	4.1503e-005
290	1.	0.	-0.76545	2.9442e-005
291	1.	0.	-0.86114	1.8742e-005
292	1.	0.	-0.95682	8.8417e-006
303	0.905	0.	-1.0525	3.5593e-006
304	0.81	0.	-1.0525	4.4854e-006
305	0.715	0.	-1.0525	4.6984e-006
306	0.62	0.	-1.0525	5.032e-006
307	0.525	0.	-1.0525	4.5704e-006
308	0.43	0.	-1.0525	3.0904e-006
309	0.335	0.	-1.0525	3.922e-007
310	0.24	0.	-1.0525	-2.2327e-006
311	0.145	0.	-1.0525	-3.3291e-006
312	5.e-002	0.	-1.0525	-6.2917e-006
313	-4.5e-002	0.	-1.0525	-1.1352e-005
314	-0.14	0.	-1.0525	-6.7081e-006
315	-0.235	0.	-1.0525	-1.0724e-005
316	-0.33	0.	-1.0525	-7.5102e-006
317	-0.425	0.	-1.0525	-4.6051e-006
318	-0.52	0.	-1.0525	-1.9358e-006
319	-0.615	0.	-1.0525	-6.1284e-008
320	-0.71	0.	-1.0525	2.0306e-006
321	-0.805	0.	-1.0525	2.7025e-006
322	-0.9	0.	-1.0525	4.0227e-006
323	-0.995	0.	-1.0525	3.7747e-006
324	-1.09	0.	-1.0525	5.2791e-006
325	-1.185	0.	-1.0525	4.4362e-006
331	-1.28	0.	-0.95682	8.7786e-006
332	-1.28	0.	-0.86114	1.872e-005
333	-1.28	0.	-0.76545	3.1031e-005
334	-1.28	0.	-0.66977	4.4487e-005
335	-1.28	0.	-0.57409	5.5937e-005
336	-1.28	0.	-0.47841	8.0357e-005
337	-1.28	0.	-0.38273	9.0329e-005
338	-1.28	0.	-0.28705	1.0424e-004
339	-1.28	0.	-0.19136	1.1944e-004
340	-1.28	0.	-9.5682e-002	1.2781e-004
346	9.0909e-002	0.	0.	3.1506e-002
347	0.18182	0.	0.	5.295e-003
348	0.27273	0.	0.	2.3009e-003
349	0.36364	0.	0.	1.1431e-003
350	0.45455	0.	0.	6.462e-004
351	0.54545	0.	0.	4.4904e-004
352	0.63636	0.	0.	2.8134e-004
353	0.72727	0.	0.	2.1087e-004
354	0.81818	0.	0.	1.7164e-004
355	0.90909	0.	0.	1.3653e-004
356	-1.1891	0.	0.	1.3492e-004
357	-1.0982	0.	0.	1.6343e-004
358	-1.0073	0.	0.	2.0978e-004
359	-0.91636	0.	0.	3.0045e-004
360	-0.82545	0.	0.	4.3881e-004
361	-0.73455	0.	0.	6.5024e-004
362	-0.64364	0.	0.	1.078e-003
363	-0.55273	0.	0.	2.2347e-003
364	-0.46182	0.	0.	5.6774e-003
365	-0.37091	0.	0.	3.1901e-002
462	0.	0.	0.	0.14029
463	-0.28	0.	0.	0.13669
468	1.	0.	-1.0525	3.6006e-006
469	1.	0.	0.	1.3044e-004
470	-1.28	0.	-1.0525	3.6447e-006
471	-1.28	0.	0.	1.2963e-004
654	0.14587	0.	-0.55393	-4.6983e-005
655	-0.4011	0.	-0.5425	-7.1806e-005
656	-0.2746	0.	-0.29651	-9.2661e-004
657	6.e-002	0.	-0.3025	-2.1834e-004
658	-0.81953	0.	-0.50459	1.0231e-004
659	0.57578	0.	-0.50109	1.0702e-004
660	-0.17781	0.	-0.17552	-6.5809e-003
661	0.27879	0.	-0.4031	1.7592e-004
662	-4.6614e-002	0.	-0.42316	-4.9677e-004
663	-0.1091	0.	-0.72512	-9.2601e-005
664	-0.5311	0.	-0.28004	7.2286e-004
665	-0.37896	0.	-0.1673	2.507e-003
666	3.2908e-002	0.	-0.16542	8.4655e-004
667	-0.49751	0.	-0.7942	-8.0107e-006
668	0.2275	0.	-0.8025	-1.0174e-005
669	-0.1192	0.	-0.30076	-1.8763e-003
670	0.64398	0.	-0.80239	2.6192e-005
671	-0.93375	0.	-0.80024	2.8042e-005
672	0.61576	0.	-0.34364	1.8183e-004
673	-0.95152	0.	-0.17182	2.0741e-004
674	-0.21697	0.	-0.13206	-7.223e-003
675	-0.10047	0.	-8.6965e-002	-2.1115e-002
676	-0.67449	0.	-0.52389	1.05e-004
677	-0.28768	0.	-0.53642	-1.9958e-004
678	-0.65595	0.	-0.2534	5.3638e-004
679	-4.0909e-002	0.	-0.1775	-3.5339e-003
680	0.40834	0.	-0.14784	7.1791e-004
681	0.27259	0.	-0.13222	1.313e-003
682	-0.37364	0.	-0.78167	-4.1265e-005
683	0.3549	0.	-0.74144	1.5616e-005
684	-1.125	0.	-0.4153	9.5943e-005
685	-8.3182e-002	0.	-0.53167	-2.7259e-004
686	0.85333	0.	-0.55455	6.3287e-005
687	-0.30909	0.	-0.38583	-3.7389e-004
688	-0.78083	0.	-0.79015	2.4936e-005
689	-0.33924	0.	-0.1181	4.64e-003
690	-1.7974e-002	0.	-0.12355	-2.6916e-003
691	0.82078	0.	-0.25408	1.2675e-004
692	6.0795e-002	0.	-0.77125	-4.4736e-005
693	-0.30205	0.	-0.20547	-5.8784e-004
694	-0.1933	0.	-0.65397	-1.4607e-004
695	-0.46091	0.	-0.41438	9.031e-005
696	0.1677	0.	-0.16027	2.1509e-003
697	0.24391	0.	-0.31669	4.5644e-004
698	0.17636	0.	-0.41944	5.756e-005
699	-0.18957	0.	-0.89215	-4.4019e-005
700	-0.25274	0.	-8.8619e-002	-4.1377e-003
701	0.371	0.	-0.88792	4.6589e-006
702	-0.8909	0.	-0.3648	1.5933e-004
703	-2.502e-002	0.	-0.64436	-1.3098e-004
704	-1.1152	0.	-0.80489	2.5002e-005
705	0.82843	0.	-0.80004	2.5367e-005
706	5.2273e-002	0.	-0.42347	-2.6998e-004
707	-0.60758	0.	-0.40203	2.0422e-004
708	-0.60042	0.	-0.66515	2.3566e-005
709	-0.40046	0.	-0.24381	5.7977e-004
710	0.58061	0.	-0.17182	3.2721e-004
711	-0.11182	0.	-0.1775	-5.9549e-003
712	-0.1667	0.	-0.12143	-1.3902e-002
713	-0.53066	0.	-0.53976	1.4448e-005
714	-1.1381	0.	-0.26993	1.2043e-004
715	0.4739	0.	-0.3917	2.0089e-004
716	0.32417	0.	-0.5579	5.8975e-005
717	-3.3636e-002	0.	-0.3025	-1.3476e-003
718	5.1818e-002	0.	-8.9592e-002	1.0082e-002
719	-7.2727e-002	0.	-0.24	-3.1302e-003
720	-0.23977	0.	-0.76083	-8.0375e-005
721	-0.22228	0.	-0.23061	-2.6616e-003
722	-0.75167	0.	-0.37283	2.1392e-004
723	0.17375	0.	-0.6775	-3.0931e-005
724	-0.4547	0.	-0.66412	-3.2448e-005
725	-0.31434	0.	-0.64202	-1.0604e-004
726	2.7432e-002	0.	-0.92027	-1.675e-005
727	-0.57398	0.	-0.13592	1.3321e-003
728	0.48792	0.	-0.7454	3.264e-005
729	0.7151	0.	-0.44503	1.0082e-004
730	-0.82667	0.	-0.21697	3.1192e-004
731	-0.155	0.	-0.24	-3.7162e-003
732	0.74542	0.	-0.66926	4.9078e-005
733	-0.70131	0.	-0.94183	5.2817e-006
734	-7.5233e-002	0.	-0.13066	-9.3856e-003
735	-0.18689	0.	-0.52125	-3.2283e-004
736	-0.27868	0.	-0.1414	8.5458e-004
737	0.35524	0.	-0.34461	3.3523e-004
738	-0.99093	0.	-0.49356	8.4996e-005
739	-0.39932	0.	-0.91708	-1.7026e-005
740	-0.73708	0.	-0.65898	5.3955e-005
741	-0.85284	0.	-0.92987	1.0154e-005
742	0.62238	0.	-0.96215	7.9094e-006
743	-0.64417	0.	-0.79633	1.7663e-005
744	-5.7568e-002	0.	-9.0588e-002	-1.7873e-002
745	0.74878	0.	-0.12238	1.9207e-004
746	-0.90405	0.	-0.65098	5.3249e-005
747	0.60561	0.	-0.64039	5.7762e-005
748	2.6656e-002	0.	-0.55556	-1.6505e-004
749	-0.99613	0.	-0.94199	1.1454e-005
750	-0.36051	0.	-0.31335	-1.1265e-004
751	0.15606	0.	-0.95025	-8.9802e-006
752	-0.20666	0.	-8.8475e-002	-1.6263e-002
753	-0.6998	0.	-0.12072	7.3649e-004
754	0.87079	0.	-0.39213	9.215e-005
755	0.39975	0.	-0.63471	5.1822e-005
756	-0.35455	0.	-0.46917	-1.5402e-004
757	0.43462	0.	-0.25632	3.8189e-004
758	8.8937e-003	0.	-0.23684	-7.8343e-004
759	0.10337	0.	-0.22025	9.1565e-004
760	0.44501	0.	-0.52524	9.5869e-005
761	-0.51375	0.	-0.9275	-4.5649e-006
762	-0.19283	0.	-0.29617	-1.7094e-003
763	-1.1701	0.	-0.66591	4.5542e-005
764	-0.12266	0.	-0.12783	-1.1639e-002
765	-1.0145	0.	-0.3853	1.266e-004
766	0.1453	0.	-0.30464	3.5139e-004
767	0.72679	0.	-0.90436	1.4337e-005
768	-0.11084	0.	-0.6287	-1.717e-004
769	0.89332	0.	-0.67125	3.9834e-005
770	0.25027	0.	-0.48867	7.3489e-005
771	-9.5664e-002	0.	-0.37489	-8.6458e-004
772	9.3182e-003	0.	-0.36298	-5.4123e-004
773	-1.1709	0.	-0.11345	1.4032e-004
774	0.23524	0.	-0.5878	1.4224e-005
775	0.68503	0.	-0.55658	7.5614e-005
776	-0.28813	0.	-0.95358	-2.4649e-005
777	0.85329	0.	-0.95176	9.1349e-006
778	-1.1544	0.	-0.94302	1.1389e-005
779	-6.364e-002	0.	-0.8359	-4.7203e-005
780	0.88379	0.	-0.16256	1.3393e-004
781	-0.23428	0.	-0.17048	-3.4259e-003
782	-0.31412	0.	-7.1286e-002	2.5378e-002
783	-0.44116	0.	-0.2948	3.6874e-004
784	9.9318e-002	0.	-0.35895	-1.0442e-004
785	0.31436	0.	-0.2407	7.4056e-004
786	-0.12556	0.	-0.46118	-6.1381e-004
787	6.5374e-002	0.	-0.65928	-9.16e-005
788	-0.38904	0.	-7.5477e-002	7.6214e-003
789	-1.0435	0.	-0.70707	4.5337e-005
790	-0.24053	0.	-0.45875	-4.4814e-004
791	-0.16279	0.	-0.34601	-1.1284e-003
792	-0.98303	0.	-0.27856	1.7345e-004
793	-0.4692	0.	-9.6172e-002	2.9252e-003
794	-0.46544	0.	-0.20113	1.1452e-003
795	-1.0227e-002	0.	-8.375e-002	1.953e-003
796	-0.17336	0.	-7.8936e-002	-2.2871e-002
797	-0.22651	0.	-0.36449	-8.3828e-004
798	-0.38513	0.	-0.38692	-3.8933e-005
799	-2.6705e-002	0.	-0.48479	-2.9096e-004
800	-0.88848	0.	-8.5909e-002	2.9981e-004
801	-1.052	0.	-0.14327	1.6724e-004
802	0.27072	0.	-0.9392	-3.7661e-006
803	-0.10773	0.	-0.97438	-1.624e-005
804	0.35456	0.	-0.45187	1.3671e-004
805	-1.143	0.	-0.5323	7.002e-005
806	0.73951	0.	-0.3301	1.4078e-004
807	-1.1553e-002	0.	-0.7286	-8.0955e-005
808	-0.22868	0.	-0.58481	-2.0096e-004
809	0.47591	0.	-6.8163e-002	6.125e-004
810	-0.14133	0.	-8.8958e-002	-2.1896e-002
811	2.5909e-002	0.	-6.2296e-002	3.2333e-002
812	0.16864	0.	-8.1888e-002	4.3562e-003
813	0.20699	0.	-0.22662	1.0683e-003
814	0.28213	0.	-0.66099	1.7201e-005
815	0.50739	0.	-0.60516	7.1265e-005
816	0.51338	0.	-0.91714	1.3894e-005
817	8.6136e-002	0.	-0.48798	-1.3949e-004
818	-0.79201	0.	-8.7758e-002	4.7651e-004
819	-1.2067	0.	-0.35701	9.541e-005
2576	0.	0.	-4.375e-002	5.5112e-002
2577	4.5455e-002	0.	-1.75e-002	5.7866e-002
2578	0.	0.	-1.75e-002	0.11226
2579	1.2955e-002	0.	-4.8648e-002	5.8279e-002
2629	-0.28	0.	-4.375e-002	5.8069e-002
2630	-0.32545	0.	-1.75e-002	5.6839e-002
2631	-0.28	0.	-1.75e-002	0.10924
2632	-0.29706	0.	-5.3143e-002	5.3578e-002
3239	-0.26727	0.	-5.25e-002	1.2155e-002
3240	-0.24182	0.	-5.25e-002	-1.5489e-002
3241	-0.25364	0.	-7.056e-002	-7.0947e-003
3245	-0.26637	0.	-7.056e-002	1.5112e-002
3246	-0.29706	0.	-6.1893e-002	2.987e-002
3249	-0.21636	0.	-5.25e-002	-2.3768e-002
3250	-0.24091	0.	-7.056e-002	-1.2532e-002
3251	-0.21788	0.	-7.0488e-002	-1.8594e-002
3254	-0.19091	0.	-5.25e-002	-2.8575e-002
3255	-0.20515	0.	-7.0488e-002	-2.1437e-002
3256	-0.1885	0.	-6.5718e-002	-2.4741e-002
3261	-0.16545	0.	-5.25e-002	-3.0785e-002
3262	-0.17577	0.	-6.5718e-002	-2.6705e-002
3265	-0.14	0.	-5.25e-002	-3.1577e-002
3266	-0.16304	0.	-6.5718e-002	-2.6951e-002
3267	-0.14703	0.	-7.0729e-002	-2.6464e-002
3270	-0.11455	0.	-5.25e-002	-3.1471e-002
3271	-0.11387	0.	-6.9732e-002	-2.6619e-002
3272	-0.1343	0.	-7.0729e-002	-2.7009e-002
3274	-8.9091e-002	0.	-5.25e-002	-2.9015e-002
3275	-0.10114	0.	-6.9732e-002	-2.5968e-002
3278	-6.3636e-002	0.	-5.25e-002	-2.6346e-002
3279	-8.8416e-002	0.	-6.9732e-002	-2.4163e-002
3280	-6.6966e-002	0.	-7.1544e-002	-2.2542e-002
3282	-3.8182e-002	0.	-5.25e-002	-1.7401e-002
3283	-5.4238e-002	0.	-7.1544e-002	-2.1678e-002
3285	-1.2727e-002	0.	-5.25e-002	8.3382e-003
3286	-4.1511e-002	0.	-7.1544e-002	-1.3597e-002
3287	-1.7841e-002	0.	-6.8125e-002	-3.684e-003
3292	-5.1136e-003	0.	-6.8125e-002	1.3975e-002
3293	1.2955e-002	0.	-5.7398e-002	2.9165e-002
3759	1.	0.	-0.14352	1.2296e-004
3761	0.95455	0.	-4.7841e-002	1.3278e-004
3762	1.	0.	-4.7841e-002	1.2974e-004
3763	0.94189	0.	-0.12912	1.3149e-004
3766	1.	0.	-0.2392	1.1044e-004
3767	0.94189	0.	-0.17696	1.2541e-004
3771	1.	0.	-0.33489	9.5798e-005
3772	0.91039	0.	-0.27056	1.1538e-004
3773	0.93539	0.	-0.33959	9.8078e-005
3774	0.94189	0.	-0.2248	1.1897e-004
3780	1.	0.	-0.43057	8.0317e-005
3781	0.93539	0.	-0.38743	8.987e-005
3783	1.	0.	-0.52625	6.2967e-005
3784	0.92667	0.	-0.51648	6.8165e-005
3785	0.93539	0.	-0.43527	8.2597e-005
3789	1.	0.	-0.62193	4.7196e-005
3790	0.92667	0.	-0.56432	5.8088e-005
3791	0.94666	0.	-0.62267	4.6362e-005
3794	1.	0.	-0.71761	3.5473e-005
3795	0.94666	0.	-0.67051	4.0669e-005
3797	1.	0.	-0.8133	2.4092e-005
3798	0.91421	0.	-0.78275	2.7405e-005
3799	0.94666	0.	-0.71835	3.4638e-005
3803	1.	0.	-0.90898	1.3792e-005
3804	0.91421	0.	-0.83059	2.2054e-005
3805	0.92665	0.	-0.90645	1.3938e-005
3810	0.9525	0.	-1.0047	6.2005e-006
3811	1.	0.	-1.0047	6.2212e-006
3812	0.92665	0.	-0.95429	8.9883e-006
3881	0.8575	0.	-1.0525	4.0223e-006
3882	0.9525	0.	-1.0525	3.58e-006
3883	0.87915	0.	-1.0021	6.3471e-006
3886	0.7625	0.	-1.0525	4.5919e-006
3887	0.7684	0.	-0.97843	9.4113e-006
3888	0.83165	0.	-1.0021	6.8101e-006
3892	0.6675	0.	-1.0525	4.8652e-006
3893	0.66869	0.	-1.0073	6.3039e-006
3894	0.7209	0.	-0.97843	9.5178e-006
3897	0.5725	0.	-1.0525	4.8012e-006
3898	0.62119	0.	-1.0073	6.4707e-006
3902	0.4775	0.	-1.0525	3.8304e-006
3903	0.57369	0.	-1.0073	6.2399e-006
3904	0.51919	0.	-0.98482	9.2323e-006
3909	0.3825	0.	-1.0525	1.7413e-006
3910	0.4005	0.	-0.97021	3.8746e-006
3911	0.47169	0.	-0.98482	8.4923e-006
3914	0.2875	0.	-1.0525	-9.2022e-007
3915	0.353	0.	-0.97021	2.5256e-006
3916	0.30286	0.	-0.99585	-1.687e-006
3920	0.1925	0.	-1.0525	-2.7809e-006
3921	0.19803	0.	-1.0014	-5.6064e-006
3922	0.25536	0.	-0.99585	-2.9994e-006
3926	9.75e-002	0.	-1.0525	-4.8104e-006
3927	0.15053	0.	-1.0014	-6.1547e-006
3929	2.5e-003	0.	-1.0525	-8.8219e-006
3930	3.8716e-002	0.	-0.98639	-1.1521e-005
3931	0.10303	0.	-1.0014	-7.636e-006
3934	-9.25e-002	0.	-1.0525	-9.0301e-006
3935	-8.7841e-003	0.	-0.98639	-1.4051e-005
3936	-7.6364e-002	0.	-1.0134	-1.3796e-005
3940	-0.1875	0.	-1.0525	-8.7162e-006
3941	-0.12386	0.	-1.0134	-1.1474e-005
3943	-0.2825	0.	-1.0525	-9.1172e-006
3944	-0.21228	0.	-0.97233	-2.7372e-005
3945	-0.26157	0.	-1.003	-1.7687e-005
3946	-0.17136	0.	-1.0134	-1.3482e-005
3950	-0.3775	0.	-1.0525	-6.0577e-006
3951	-0.36466	0.	-0.98479	-1.2268e-005
3952	-0.30907	0.	-1.003	-1.608e-005
3957	-0.4725	0.	-1.0525	-3.2705e-006
3958	-0.41216	0.	-0.98479	-1.0816e-005
3959	-0.46937	0.	-0.99	-4.585e-006
3962	-0.5675	0.	-1.0525	-9.9853e-007
3963	-0.51687	0.	-0.99	-3.2503e-006
3967	-0.6625	0.	-1.0525	9.8468e-007
3968	-0.65815	0.	-0.99716	2.6102e-006
3969	-0.56437	0.	-0.99	-2.3131e-006
3973	-0.7575	0.	-1.0525	2.3666e-006
3974	-0.70565	0.	-0.99716	3.6562e-006
3977	-0.8525	0.	-1.0525	3.3626e-006
3978	-0.75315	0.	-0.99716	3.9921e-006
3979	-0.82892	0.	-0.99118	6.4284e-006
3981	-0.9475	0.	-1.0525	3.8987e-006
3982	-0.87642	0.	-0.99118	7.0886e-006
3983	-0.94806	0.	-0.99725	7.7384e-006
3988	-1.0425	0.	-1.0525	4.5269e-006
3989	-0.99556	0.	-0.99725	7.6143e-006
3991	-1.1375	0.	-1.0525	4.8577e-006
3992	-1.0431	0.	-0.99725	8.3666e-006
3993	-1.1222	0.	-0.99776	8.3343e-006
3998	-1.2325	0.	-1.0047	6.6074e-006
3999	-1.2325	0.	-1.0525	4.0404e-006
4000	-1.1697	0.	-0.99776	7.9128e-006
4031	-1.28	0.	-0.90898	1.3749e-005
4032	-1.28	0.	-1.0047	6.2116e-006
4033	-1.2172	0.	-0.94992	1.0084e-005
4037	-1.28	0.	-0.8133	2.4875e-005
4038	-1.1976	0.	-0.83301	2.1861e-005
4039	-1.2172	0.	-0.90208	1.5055e-005
4043	-1.28	0.	-0.71761	3.7759e-005
4044	-1.1976	0.	-0.78517	2.8017e-005
4045	-1.2251	0.	-0.71568	3.8287e-005
4050	-1.28	0.	-0.62193	5.0212e-005
4051	-1.2251	0.	-0.66784	4.5015e-005
4053	-1.28	0.	-0.52625	6.8147e-005
4054	-1.2251	0.	-0.62	5.074e-005
4055	-1.2115	0.	-0.55319	6.2978e-005
4059	-1.28	0.	-0.43057	8.5343e-005
4060	-1.2025	0.	-0.44686	8.815e-005
4061	-1.2115	0.	-0.50535	7.5189e-005
4062	-1.2433	0.	-0.41771	8.7883e-005
4066	-1.28	0.	-0.33489	9.7284e-005
4067	-1.2433	0.	-0.36987	9.2869e-005
4069	-1.28	0.	-0.2392	1.1184e-004
4070	-1.2091	0.	-0.27849	1.1233e-004
4071	-1.2433	0.	-0.32203	9.9825e-005
4075	-1.28	0.	-0.14352	1.2362e-004
4076	-1.2091	0.	-0.23065	1.1994e-004
4077	-1.2255	0.	-0.15241	1.2988e-004
4080	-1.2345	0.	-4.7841e-002	1.3136e-004
4081	-1.28	0.	-4.7841e-002	1.2872e-004
4082	-1.2255	0.	-0.10457	1.3407e-004
4121	0.13636	0.	0.	1.8401e-002
4122	4.5455e-002	0.	0.	8.59e-002
4126	7.1364e-002	0.	-4.4796e-002	2.0794e-002
4127	5.8409e-002	0.	-3.1148e-002	3.1919e-002
4128	0.12977	0.	-4.0944e-002	1.7931e-002
4139	0.22727	0.	0.	3.7979e-003
4142	0.17523	0.	-4.0944e-002	4.8256e-003
4146	0.31818	0.	0.	1.722e-003
4149	0.27266	0.	-6.6112e-002	1.8069e-003
4150	0.22068	0.	-4.0944e-002	3.3286e-003
4157	0.40909	0.	0.	8.9463e-004
4160	0.38599	0.	-7.392e-002	9.3048e-004
4161	0.31812	0.	-6.6112e-002	1.228e-003
4162	0.41977	0.	-3.4081e-002	8.7778e-004
4166	0.5	0.	0.	5.4762e-004
4168	0.46523	0.	-3.4081e-002	6.2935e-004
4171	0.59091	0.	0.	3.6519e-004
4174	0.56303	0.	-8.5909e-002	3.8812e-004
4175	0.51068	0.	-3.4081e-002	5.3077e-004
4178	0.68182	0.	0.	2.4611e-004
4181	0.60848	0.	-8.5909e-002	3.0428e-004
4182	0.69257	0.	-6.119e-002	2.367e-004
4187	0.77273	0.	0.	1.9125e-004
4189	0.73803	0.	-6.119e-002	2.0147e-004
4191	0.86364	0.	0.	1.5408e-004
4194	0.78348	0.	-6.119e-002	1.8185e-004
4195	0.85098	0.	-8.1278e-002	1.5279e-004
4200	0.95455	0.	0.	1.3349e-004
4202	0.89644	0.	-8.1278e-002	1.3523e-004
4206	-1.1436	0.	0.	1.4917e-004
4208	-1.2345	0.	0.	1.3227e-004
4210	-1.18	0.	-5.6726e-002	1.3762e-004
4214	-1.0527	0.	0.	1.866e-004
4217	-1.1346	0.	-5.6726e-002	1.5187e-004
4218	-1.0751	0.	-7.1634e-002	1.6533e-004
4225	-0.96182	0.	0.	2.5511e-004
4227	-0.97939	0.	-8.5909e-002	2.086e-004
4228	-0.94788	0.	-4.2955e-002	2.5479e-004
4229	-1.0296	0.	-7.1634e-002	1.8851e-004
4232	-0.87091	0.	0.	3.6963e-004
4235	-0.90242	0.	-4.2955e-002	3.0013e-004
4239	-0.78	0.	0.	5.4453e-004
4242	-0.85697	0.	-4.2955e-002	3.6931e-004
4243	-0.80873	0.	-4.3879e-002	4.5766e-004
4247	-0.68909	0.	0.	8.6413e-004
4249	-0.71717	0.	-6.036e-002	6.9336e-004
4250	-0.76328	0.	-4.3879e-002	5.6338e-004
4252	-0.59818	0.	0.	1.6563e-003
4256	-0.60881	0.	-6.7961e-002	1.205e-003
4257	-0.67172	0.	-6.036e-002	9.0725e-004
4261	-0.50727	0.	0.	3.956e-003
4264	-0.56335	0.	-6.7961e-002	1.7834e-003
4265	-0.51097	0.	-4.8086e-002	2.5799e-003
4270	-0.41636	0.	0.	1.8789e-002
4273	-0.42543	0.	-3.7739e-002	6.6494e-003
4274	-0.46551	0.	-4.8086e-002	4.3013e-003
4279	-0.32545	0.	0.	8.4298e-002
4282	-0.34251	0.	-3.5643e-002	2.864e-002
4283	-0.37998	0.	-3.7739e-002	1.9761e-002
5894	0.16112	0.	-0.48669	5.2885e-006
5895	0.15981	0.	-0.61572	-3.8957e-005
5896	8.6262e-002	0.	-0.55475	-1.0602e-004
5897	0.19807	0.	-0.5213	1.3253e-005
5898	0.19055	0.	-0.57087	-1.638e-005
5899	0.10562	0.	-0.60661	-6.9291e-005
5900	0.116	0.	-0.52096	-9.3235e-005
5906	-0.34439	0.	-0.53946	-1.3569e-004
5907	-0.431	0.	-0.47844	9.2524e-006
5908	-0.46588	0.	-0.54113	-2.8679e-005
5909	-0.4279	0.	-0.60331	-5.2127e-005
5910	-0.35772	0.	-0.59226	-8.8923e-005
5911	-0.37782	0.	-0.50583	-1.1291e-004
5914	-0.29185	0.	-0.34117	-6.5025e-004
5915	-0.28832	0.	-0.25099	-7.5722e-004
5916	-0.24844	0.	-0.26356	-1.7941e-003
5917	-0.31756	0.	-0.30493	-5.1963e-004
5918	-0.23372	0.	-0.29634	-1.318e-003
5919	-0.25056	0.	-0.3305	-8.8245e-004
5923	1.3182e-002	0.	-0.3025	-7.8297e-004
5924	3.4447e-002	0.	-0.26967	-5.0089e-004
5925	8.1687e-002	0.	-0.26138	3.4865e-004
5926	0.10265	0.	-0.30357	6.6524e-005
5927	3.4659e-002	0.	-0.33274	-3.7979e-004
5928	7.9659e-002	0.	-0.33073	-1.6138e-004
5931	-0.74701	0.	-0.51424	1.0365e-004
5932	-0.85521	0.	-0.43469	1.3082e-004
5933	-0.7856	0.	-0.43871	1.5811e-004
5934	-0.90523	0.	-0.49907	9.3652e-005
5935	-0.77831	0.	-0.58178	7.8132e-005
5936	-0.86179	0.	-0.57778	7.7779e-005
5943	0.59577	0.	-0.42237	1.4443e-004
5944	0.52484	0.	-0.4464	1.5396e-004
5945	0.64544	0.	-0.47306	1.0392e-004
5946	0.5907	0.	-0.57074	8.239e-005
5947	0.5104	0.	-0.51317	1.0144e-004
5948	0.6304	0.	-0.52884	9.1316e-005
5949	0.54159	0.	-0.55313	8.9141e-005
5953	-0.19739	0.	-0.15379	-6.902e-003
5954	-0.14481	0.	-0.17651	-6.2679e-003
5955	-0.17226	0.	-0.14847	-1.0241e-002
5956	-0.20005	0.	-0.20307	-4.6212e-003
5957	-0.16641	0.	-0.20776	-5.1485e-003
5958	-0.15024	0.	-0.15168	-9.1101e-003
5959	-0.20605	0.	-0.173	-5.0034e-003
5963	0.26135	0.	-0.35989	3.1618e-004
5964	0.22758	0.	-0.41127	1.1674e-004
5965	0.31702	0.	-0.37386	2.5557e-004
5966	0.26453	0.	-0.44588	1.2471e-004
5967	0.31668	0.	-0.42748	1.5631e-004
5971	2.8292e-003	0.	-0.42332	-3.8337e-004
5972	-7.1139e-002	0.	-0.39903	-6.8067e-004
5973	-1.8648e-002	0.	-0.39307	-5.19e-004
5974	-8.6086e-002	0.	-0.44217	-5.5529e-004
5975	-3.6659e-002	0.	-0.45398	-3.9386e-004
5980	-0.1512	0.	-0.68954	-1.1933e-004
5981	-0.14933	0.	-0.80864	-6.831e-005
5982	-6.706e-002	0.	-0.68474	-1.1179e-004
5983	-0.17444	0.	-0.74298	-8.6488e-005
5984	-0.10997	0.	-0.67691	-1.3215e-004
5985	-8.6369e-002	0.	-0.78051	-6.9902e-005
5986	-6.0326e-002	0.	-0.72686	-8.6778e-005
5989	-0.59352	0.	-0.26672	6.2962e-004
5990	-0.496	0.	-0.34721	4.0659e-004
5991	-0.56934	0.	-0.34103	4.6354e-004
5992	-0.55254	0.	-0.20798	1.0275e-003
5993	-0.48613	0.	-0.28742	5.458e-004
5994	-0.49827	0.	-0.24059	9.3401e-004
5998	-0.3591	0.	-0.1427	3.5735e-003
5999	-0.3405	0.	-0.18638	9.596e-004
6000	-0.38971	0.	-0.20555	1.5434e-003
6001	-0.384	0.	-0.12139	5.0642e-003
6002	-0.42408	0.	-0.13174	2.7161e-003
6003	-0.4222	0.	-0.18422	1.8261e-003
6009	-4.0007e-003	0.	-0.17146	-1.3437e-003
6010	7.4671e-003	0.	-0.14449	-9.2252e-004
6011	0.1003	0.	-0.16284	1.4988e-003
6012	4.2363e-002	0.	-0.12751	5.4645e-003
6013	2.0901e-002	0.	-0.20113	3.156e-005
6014	6.8141e-002	0.	-0.19284	8.811e-004
6021	-0.43557	0.	-0.78794	-2.4638e-005
6022	-0.54896	0.	-0.72968	7.7776e-006
6023	-0.47611	0.	-0.72916	-2.0229e-005
6024	-0.44841	0.	-0.85564	-1.2518e-005
6025	-0.57084	0.	-0.79527	4.8263e-006
6026	-0.50563	0.	-0.86085	-6.2878e-006
6030	0.2912	0.	-0.77197	2.7214e-006
6031	0.14415	0.	-0.78688	-2.7455e-005
6032	0.29925	0.	-0.84521	-2.7573e-006
6033	0.20063	0.	-0.74	-2.0552e-005
6034	0.19178	0.	-0.87638	-9.5769e-006
6035	0.24911	0.	-0.87085	-6.9699e-006
6036	0.25481	0.	-0.73174	3.5135e-006
6040	-7.642e-002	0.	-0.30163	-1.6119e-003
6041	-9.5966e-002	0.	-0.27038	-2.5032e-003
6042	-0.1371	0.	-0.27038	-2.7962e-003
6043	-0.15602	0.	-0.29847	-1.7928e-003
6044	-0.10743	0.	-0.33783	-1.3704e-003
6045	-0.141	0.	-0.32339	-1.5023e-003
6048	0.7362	0.	-0.80121	2.578e-005
6049	0.56595	0.	-0.77389	2.9416e-005
6050	0.6947	0.	-0.73582	3.7635e-005
6051	0.63318	0.	-0.88227	1.7051e-005
6052	0.6248	0.	-0.72139	4.1977e-005
6053	0.68538	0.	-0.85337	2.0265e-005
6054	0.57868	0.	-0.85976	2.0043e-005
6058	-0.85729	0.	-0.7952	2.6489e-005
6059	-1.0245	0.	-0.80257	2.6522e-005
6060	-0.8933	0.	-0.86505	1.9098e-005
6061	-0.9189	0.	-0.72561	4.0646e-005
6062	-0.96494	0.	-0.87112	1.9748e-005
6063	-0.98861	0.	-0.75365	3.6689e-005
6067	0.59818	0.	-0.25773	2.5452e-004
6068	0.54483	0.	-0.36767	1.9136e-004
6069	0.66543	0.	-0.39433	1.4133e-004
6070	0.52519	0.	-0.29998	2.8186e-004
6071	0.67763	0.	-0.33687	1.6131e-004
6075	-0.88909	0.	-0.1944	2.5967e-004
6076	-0.96727	0.	-0.22519	1.9043e-004
6077	-0.92	0.	-0.12886	2.5361e-004
6078	-1.0017	0.	-0.15754	1.8732e-004
6083	-0.23486	0.	-0.11034	-5.6803e-003
6084	-0.19184	0.	-0.12674	-1.0563e-002
6085	-0.24783	0.	-0.13673	-3.1842e-003
6086	-0.21182	0.	-0.11027	-1.1743e-002
6087	-0.22563	0.	-0.15127	-5.3245e-003
6091	-8.7851e-002	0.	-0.10881	-1.525e-002
6092	-7.9018e-002	0.	-8.8777e-002	-1.9494e-002
6093	-0.11156	0.	-0.1074	-1.6377e-002
6094	-0.1209	0.	-8.7962e-002	-2.1506e-002
6099	-0.64103	0.	-0.46296	1.5461e-004
6100	-0.63745	0.	-0.59452	6.4283e-005
6101	-0.60258	0.	-0.53183	5.9724e-005
6102	-0.71308	0.	-0.44836	1.5946e-004
6103	-0.70579	0.	-0.59143	7.9477e-005
6106	-0.30101	0.	-0.58922	-1.5281e-004
6107	-0.23729	0.	-0.52883	-2.612e-004
6108	-0.32111	0.	-0.50279	-1.768e-004
6109	-0.26411	0.	-0.49758	-3.2386e-004
6110	-0.25818	0.	-0.56061	-2.0027e-004
6114	-0.63176	0.	-0.32771	3.703e-004
6115	-0.70381	0.	-0.31311	3.7515e-004
6116	-0.61496	0.	-0.19466	9.3422e-004
6117	-0.74131	0.	-0.23518	4.2415e-004
6118	-0.67787	0.	-0.18706	6.3643e-004
6125	-2.9441e-002	0.	-0.15053	-3.1128e-003
6126	-7.6364e-002	0.	-0.1775	-4.7444e-003
6127	-5.6818e-002	0.	-0.20875	-3.3321e-003
6128	-5.8071e-002	0.	-0.15408	-6.4598e-003
6129	-1.6008e-002	0.	-0.20717	-2.1587e-003
6133	0.34047	0.	-0.14003	1.0154e-003
6134	0.49447	0.	-0.15983	5.2256e-004
6135	0.42148	0.	-0.20208	5.499e-004
6136	0.36135	0.	-0.19427	7.2923e-004
6137	0.44212	0.	-0.108	6.652e-004
6143	0.22015	0.	-0.14625	1.732e-003
6144	0.29348	0.	-0.18646	1.0268e-003
6145	0.22062	0.	-0.10706	2.8346e-003
6146	0.23979	0.	-0.17942	1.1907e-003
6150	-0.3067	0.	-0.77125	-6.082e-005
6151	-0.41417	0.	-0.7229	-3.6857e-005
6152	-0.34399	0.	-0.71185	-7.3653e-005
6153	-0.38648	0.	-0.84938	-2.9146e-005
6154	-0.33088	0.	-0.86762	-3.2957e-005
6160	0.36295	0.	-0.81468	1.0138e-005
6161	0.42141	0.	-0.74342	2.4128e-005
6162	0.37732	0.	-0.68807	3.3719e-005
6163	0.31851	0.	-0.70121	1.6409e-005
6168	-1.1316	0.	-0.34262	1.0819e-004
6169	-1.058	0.	-0.45443	9.0469e-005
6170	-1.0698	0.	-0.4003	1.1127e-004
6171	-1.134	0.	-0.4738	8.2981e-005
6172	-1.1658	0.	-0.38616	9.5676e-005
6175	-5.4101e-002	0.	-0.58801	-2.0178e-004
6176	-0.13504	0.	-0.52646	-2.9771e-004
6177	-2.8263e-002	0.	-0.54362	-2.1882e-004
6178	-9.7012e-002	0.	-0.58018	-2.2214e-004
6179	-0.10437	0.	-0.49642	-4.432e-004
6180	-5.4943e-002	0.	-0.50823	-2.8177e-004
6184	0.78422	0.	-0.49979	8.2054e-005
6185	0.79937	0.	-0.6119	5.6183e-005
6186	0.86206	0.	-0.47334	7.7718e-005
6187	0.87333	0.	-0.6129	5.156e-005
6188	0.76918	0.	-0.55556	6.9451e-005
6193	-0.3348	0.	-0.34959	-2.4327e-004
6194	-0.33182	0.	-0.4275	-2.6395e-004
6195	-0.27481	0.	-0.42229	-4.1102e-004
6196	-0.2678	0.	-0.37516	-6.0609e-004
6197	-0.34711	0.	-0.38638	-2.0641e-004
6201	-0.74107	0.	-0.86599	1.5109e-005
6202	-0.75896	0.	-0.72456	3.9446e-005
6203	-0.81684	0.	-0.86001	1.7545e-005
6204	-0.7125	0.	-0.79324	2.13e-005
6205	-0.84244	0.	-0.72056	3.9092e-005
6209	-0.32064	0.	-0.16179	2.0261e-003
6210	-0.30896	0.	-0.12975	2.7473e-003
6211	-0.32668	0.	-9.4695e-002	1.5009e-002
6212	-0.36414	0.	-9.679e-002	6.1307e-003
6217	1.6922e-002	0.	-0.10657	3.6954e-003
6218	-4.6603e-002	0.	-0.12711	-6.0386e-003
6219	-3.7771e-002	0.	-0.10707	-1.0282e-002
6220	-1.41e-002	0.	-0.10365	-3.6929e-004
6224	0.78478	0.	-0.18823	1.5941e-004
6225	0.84578	0.	-0.32311	1.0945e-004
6226	0.85229	0.	-0.20832	1.3034e-004
6227	0.78015	0.	-0.29209	1.3377e-004
6232	0.11727	0.	-0.72438	-3.7834e-005
6233	4.4114e-002	0.	-0.84576	-3.0743e-005
6234	0.10843	0.	-0.86075	-2.6858e-005
6235	-1.4221e-003	0.	-0.80357	-4.597e-005
6236	6.3085e-002	0.	-0.71527	-6.8168e-005
6237	2.4621e-002	0.	-0.74993	-6.2846e-005
6242	-0.35125	0.	-0.22464	-4.034e-006
6243	-0.26216	0.	-0.21804	-1.6247e-003
6244	-0.29036	0.	-0.17344	1.3337e-004
6245	-0.33128	0.	-0.25941	-3.5024e-004
6246	-0.26816	0.	-0.18797	-2.0069e-003
6251	-0.21654	0.	-0.7074	-1.1322e-004
6252	-0.25382	0.	-0.648	-1.2605e-004
6253	-0.15207	0.	-0.64133	-1.5888e-004
6254	-0.21099	0.	-0.61939	-1.7351e-004
6258	-0.53424	0.	-0.4082	1.4727e-004
6259	-0.49579	0.	-0.47707	5.2379e-005
6260	-0.40773	0.	-0.44177	-3.1853e-005
6261	-0.45104	0.	-0.35459	2.2953e-004
6262	-0.42302	0.	-0.40065	2.5689e-005
6267	0.10976	0.	-0.12493	6.1167e-003
6268	0.13554	0.	-0.19026	1.5333e-003
6269	0.16817	0.	-0.12108	3.2536e-003
6270	0.18735	0.	-0.19344	1.6096e-003
6274	0.21013	0.	-0.36806	2.57e-004
6275	0.29957	0.	-0.33065	3.9583e-004
6276	0.1946	0.	-0.31066	4.0392e-004
6277	0.27913	0.	-0.27869	5.985e-004
6278	0.22545	0.	-0.27165	7.6238e-004
6284	0.11432	0.	-0.42145	-1.0621e-004
6285	0.16083	0.	-0.36204	2.0448e-004
6286	0.21331	0.	-0.45405	6.5524e-005
6287	0.13784	0.	-0.3892	-2.3429e-005
6288	0.13125	0.	-0.45371	-4.0963e-005
6292	-0.21467	0.	-0.82649	-6.2197e-005
6293	-0.23885	0.	-0.92287	-3.4334e-005
6294	-0.1266	0.	-0.86402	-4.5611e-005
6295	-0.14865	0.	-0.93326	-3.013e-005
6301	-0.26571	0.	-0.11501	-1.6415e-003
6302	-0.2297	0.	-8.8547e-002	-1.02e-002
6303	-0.28343	0.	-7.9953e-002	1.062e-002
6308	0.42946	0.	-0.81666	1.8649e-005
6309	0.32086	0.	-0.91356	4.4638e-007
6310	0.44219	0.	-0.90253	9.2766e-006
6316	-0.82128	0.	-0.36881	1.8663e-004
6317	-0.85878	0.	-0.29089	2.3563e-004
6318	-0.94091	0.	-0.42918	1.2216e-004
6319	-0.95272	0.	-0.37505	1.4296e-004
6320	-0.93696	0.	-0.32168	1.6639e-004
6324	8.1806e-004	0.	-0.59996	-1.4801e-004
6325	-6.7931e-002	0.	-0.63653	-1.5134e-004
6326	2.0177e-002	0.	-0.65182	-1.1129e-004
6327	-1.8286e-002	0.	-0.68648	-1.0597e-004
6331	-1.0557	0.	-0.87344	1.8228e-005
6332	-1.1427	0.	-0.7354	3.5272e-005
6333	-1.1348	0.	-0.87396	1.8196e-005
6334	-1.0793	0.	-0.75598	3.5169e-005
6339	0.78692	0.	-0.73465	3.7223e-005
6340	0.77761	0.	-0.8522	1.9852e-005
6341	0.86088	0.	-0.73565	3.2601e-005
6342	0.84086	0.	-0.8759	1.7251e-005
6345	3.0795e-002	0.	-0.39323	-4.0561e-004
6346	7.5795e-002	0.	-0.39121	-1.872e-004
6347	1.2784e-002	0.	-0.45413	-2.8047e-004
6348	6.9205e-002	0.	-0.45573	-2.0473e-004
6352	-0.56912	0.	-0.47089	1.0934e-004
6353	-0.67962	0.	-0.38743	2.0907e-004
6358	-0.56554	0.	-0.60246	1.9007e-005
6359	-0.52756	0.	-0.66464	-4.441e-006
6360	-0.66875	0.	-0.66206	3.8761e-005
6361	-0.62229	0.	-0.73074	2.0615e-005
6364	-0.38049	0.	-0.27858	2.3356e-004
6365	-0.42081	0.	-0.2693	4.7426e-004
6366	-0.43295	0.	-0.22247	8.6247e-004
6370	0.66469	0.	-0.1471	2.5964e-004
6371	0.50761	0.	-0.21407	3.5455e-004
6372	0.66006	0.	-0.25096	2.34e-004
6373	0.52826	0.	-0.11999	4.6985e-004
6379	-9.2273e-002	0.	-0.20875	-4.5426e-003
6380	-0.13341	0.	-0.20875	-4.8356e-003
6381	-9.3526e-002	0.	-0.15408	-7.6703e-003
6382	-0.11724	0.	-0.15267	-8.7972e-003
6386	-0.18668	0.	-0.10495	-1.5082e-002
6387	-0.14468	0.	-0.12463	-1.2771e-002
6388	-0.17003	0.	-0.10018	-1.8387e-002
6389	-0.15402	0.	-0.10519	-1.7899e-002
6394	-0.49268	0.	-0.60194	-9.e-006
6400	-1.0763	0.	-0.32762	1.2351e-004
6401	-1.1545	0.	-0.19169	1.3038e-004
6402	-1.0606	0.	-0.27425	1.4694e-004
6403	-1.095	0.	-0.2066	1.4383e-004
6404	-1.1724	0.	-0.31347	1.0792e-004
6408	0.41457	0.	-0.36815	2.6806e-004
6409	0.45426	0.	-0.32401	2.9139e-004
6410	0.45945	0.	-0.45847	1.4838e-004
6411	0.41423	0.	-0.42178	1.688e-004
6416	0.36196	0.	-0.5963	5.5398e-005
6417	0.38459	0.	-0.54157	7.7422e-005
6418	0.28722	0.	-0.52328	6.6232e-005
6419	0.2797	0.	-0.57285	3.6599e-005
6420	0.33936	0.	-0.50488	9.7841e-005
6421	0.30315	0.	-0.60944	3.8088e-005
6424	-5.3182e-002	0.	-0.27125	-2.2389e-003
6425	-1.2371e-002	0.	-0.26967	-1.0655e-003
6426	-6.465e-002	0.	-0.33869	-1.1061e-003
6427	-1.2159e-002	0.	-0.33274	-9.4441e-004
6432	2.0795e-002	0.	-8.6671e-002	6.0177e-003
6433	3.8864e-002	0.	-7.5944e-002	2.1208e-002
6434	0.11023	0.	-8.574e-002	7.2193e-003
6442	-0.11386	0.	-0.24	-3.4232e-003
6443	-3.1917e-002	0.	-0.23842	-1.9568e-003
6447	-0.27706	0.	-0.70143	-9.3208e-005
6448	-0.26395	0.	-0.85721	-5.2512e-005
6452	-0.18864	0.	-0.2353	-3.1889e-003
6453	-0.20756	0.	-0.26339	-2.1855e-003
6454	-0.22828	0.	-0.20054	-3.0438e-003
6457	-0.78917	0.	-0.2949	2.6292e-004
6462	0.20449	0.	-0.63265	-8.3537e-006
6463	0.11956	0.	-0.66839	-6.1265e-005
6464	0.22794	0.	-0.66924	-6.8653e-006
6469	-0.38452	0.	-0.65307	-6.9244e-005
6472	-0.27151	0.	-0.61342	-1.535e-004
6476	9.1748e-002	0.	-0.93526	-1.2865e-005
6477	-1.8104e-002	0.	-0.87808	-3.1976e-005
6478	-4.0148e-002	0.	-0.94732	-1.6495e-005
6483	-0.63689	0.	-0.12832	1.0343e-003
6484	-0.52159	0.	-0.11605	2.1286e-003
6485	-0.51971	0.	-0.16853	1.2386e-003
6490	0.54677	0.	-0.69289	4.5201e-005
6491	0.44383	0.	-0.69005	4.2231e-005
6492	0.49765	0.	-0.67528	5.1953e-005
6493	0.50065	0.	-0.83127	2.3267e-005
6497	0.79294	0.	-0.41858	9.6485e-005
6498	0.70006	0.	-0.50081	8.8218e-005
6499	0.7273	0.	-0.38756	1.208e-004
6504	-0.76323	0.	-0.16885	5.242e-004
6505	-0.90485	0.	-0.24777	2.4269e-004
6506	-0.85758	0.	-0.15144	3.0587e-004
6507	-0.80934	0.	-0.15237	3.9422e-004
6512	-0.17392	0.	-0.26809	-2.7128e-003
6517	0.67552	0.	-0.65482	5.342e-005
6518	0.81937	0.	-0.67026	4.4456e-005
6519	0.71522	0.	-0.61292	6.2346e-005
6525	-0.77707	0.	-0.93585	7.718e-006
6526	-0.67274	0.	-0.86908	1.1472e-005
6527	-0.60753	0.	-0.93466	3.584e-007
6532	-6.64e-002	0.	-0.11062	-1.363e-002
6533	-9.8947e-002	0.	-0.12925	-1.0513e-002
6537	-0.14887	0.	-0.57498	-2.4727e-004
6538	-0.15623	0.	-0.49121	-4.6832e-004
6539	-0.21371	0.	-0.49	-3.8549e-004
6540	-0.20779	0.	-0.55303	-2.6189e-004
6546	-0.25648	0.	-0.15594	-1.2857e-003
6547	-0.2964	0.	-0.10634	1.3116e-002
6552	0.39493	0.	-0.30046	3.5856e-004
6553	0.3348	0.	-0.29265	5.3789e-004
6554	0.3549	0.	-0.39824	2.3597e-004
6557	-0.94749	0.	-0.57227	6.9122e-005
6558	-1.0027	0.	-0.43943	1.058e-004
6559	-1.0172	0.	-0.60031	6.5166e-005
6560	-1.067	0.	-0.51293	7.7508e-005
6563	-0.45653	0.	-0.92229	-1.0795e-005
6564	-0.34373	0.	-0.93533	-2.0838e-005
6568	-0.69063	0.	-0.72765	3.5809e-005
6569	-0.82057	0.	-0.65498	5.3602e-005
6572	-0.92448	0.	-0.93593	1.0804e-005
6577	0.67458	0.	-0.93326	1.1123e-005
6578	0.56788	0.	-0.93965	1.0902e-005
6582	-0.57896	0.	-0.86191	6.5492e-006
6588	-3.3898e-002	0.	-8.7169e-002	-7.9602e-003
6595	0.81628	0.	-0.14247	1.63e-004
6596	0.74414	0.	-0.22624	1.6643e-004
6601	-0.97376	0.	-0.67902	4.9293e-005
6604	0.64532	0.	-0.59849	6.6688e-005
6605	0.5565	0.	-0.62277	6.4514e-005
6608	4.6015e-002	0.	-0.60742	-1.2833e-004
6609	-2.4062e-005	0.	-0.52018	-2.28e-004
6610	5.6396e-002	0.	-0.52177	-1.5227e-004
6614	-1.0753	0.	-0.94251	1.1422e-005
6620	-0.40084	0.	-0.30407	1.2805e-004
6621	-0.37282	0.	-0.35013	-7.5791e-005
6626	0.21339	0.	-0.94473	-6.3732e-006
6631	-0.19001	0.	-8.3705e-002	-1.9567e-002
6636	-0.74591	0.	-0.10424	6.065e-004
6641	0.80515	0.	-0.36112	1.1647e-004
6647	0.42238	0.	-0.57997	7.3845e-005
6648	0.34094	0.	-0.64785	3.4511e-005
6649	0.45357	0.	-0.61993	6.1543e-005
6651	-0.29754	0.	-0.46396	-3.0108e-004
6652	-0.36984	0.	-0.42804	-9.6475e-005
6657	0.37449	0.	-0.24851	5.6123e-004
6661	5.6134e-002	0.	-0.22855	6.6109e-005
6665	0.12434	0.	-0.26245	6.3352e-004
6666	0.15518	0.	-0.22343	9.9198e-004
6670	0.39979	0.	-0.48855	1.1629e-004
6671	0.4762	0.	-0.5652	8.3567e-005
6678	-0.17781	0.	-0.32109	-1.4189e-003
6679	-0.20967	0.	-0.33033	-1.2738e-003
6684	-1.1068	0.	-0.68649	4.544e-005
6685	-1.1566	0.	-0.5991	5.7781e-005
6690	-0.13199	0.	-0.1084	-1.6768e-002
6695	-0.99879	0.	-0.33193	1.5003e-004
6700	0.12231	0.	-0.3318	1.2349e-004
6701	0.17615	0.	-0.26563	7.0986e-004
6707	0.79004	0.	-0.92806	1.1736e-005
6712	-0.16976	0.	-0.60676	-1.8633e-004
6722	0.24275	0.	-0.53823	4.3856e-005
6723	0.30241	0.	-0.47027	1.051e-004
6727	-4.3173e-002	0.	-0.36894	-7.0291e-004
6728	-0.11061	0.	-0.41803	-7.392e-004
6729	-0.12923	0.	-0.36045	-9.9649e-004
6733	5.4318e-002	0.	-0.36097	-3.2283e-004
6735	-1.1114	0.	-0.12836	1.5378e-004
6740	0.25868	0.	-0.62439	1.5712e-005
6755	-8.5683e-002	0.	-0.90514	-3.1722e-005
6756	-3.7596e-002	0.	-0.78225	-6.4079e-005
6769	-0.35158	0.	-7.3382e-002	1.65e-002
6778	-0.4533	0.	-0.24796	7.5695e-004
6779	-0.41315	0.	-0.34086	1.649e-004
6786	0.26068	0.	-0.23366	9.0444e-004
6789	-0.18304	0.	-0.45996	-5.3098e-004
6790	-0.14418	0.	-0.4036	-8.711e-004
6791	-0.17603	0.	-0.41283	-7.2605e-004
6792	-7.6131e-002	0.	-0.47299	-4.5239e-004
6797	2.6911e-002	0.	-0.69394	-8.6277e-005
6801	-0.42912	0.	-8.5824e-002	5.2733e-003
6806	-1.0932	0.	-0.61968	5.7678e-005
6811	-0.23352	0.	-0.41162	-6.4321e-004
6815	-0.19465	0.	-0.35525	-9.8334e-004
6817	-1.0175	0.	-0.21091	1.7035e-004
6820	-0.46732	0.	-0.14865	2.0352e-003
6827	7.8409e-003	0.	-7.3023e-002	1.7143e-002
6832	-0.15734	0.	-8.3947e-002	-2.2384e-002
6840	2.9716e-002	0.	-0.48639	-2.1522e-004
6844	-0.84025	0.	-8.6834e-002	3.8816e-004
1	0.	0.	5.25e-002	2.7488e-002
2	-2.5455e-002	0.	5.25e-002	-4.8882e-003
3	-5.0909e-002	0.	5.25e-002	-2.1801e-002
4	-7.6364e-002	0.	5.25e-002	-2.5583e-002
5	-0.10182	0.	5.25e-002	-3.0473e-002
6	-0.12727	0.	5.25e-002	-3.1541e-002
7	-0.15273	0.	5.25e-002	-3.1354e-002
8	-0.17818	0.	5.25e-002	-3.0773e-002
9	-0.20364	0.	5.25e-002	-3.0221e-002
10	-0.22909	0.	5.25e-002	-2.3125e-002
11	-0.25455	0.	5.25e-002	-7.6435e-003
12	-0.28	0.	5.25e-002	2.8834e-002
13	-0.28	0.	3.5e-002	7.5532e-002
23	0.	0.	3.5e-002	8.2261e-002
346	9.0909e-002	0.	0.	3.1709e-002
347	0.18182	0.	0.	5.1979e-003
348	0.27273	0.	0.	2.1174e-003
349	0.36364	0.	0.	1.0797e-003
350	0.45455	0.	0.	6.5635e-004
351	0.54545	0.	0.	4.0797e-004
352	0.63636	0.	0.	2.9076e-004
353	0.72727	0.	0.	2.091e-004
354	0.81818	0.	0.	1.6171e-004
355	0.90909	0.	0.	1.3604e-004
356	-1.1891	0.	0.	1.3528e-004
357	-1.0982	0.	0.	1.6021e-004
358	-1.0073	0.	0.	2.0502e-004
359	-0.91636	0.	0.	2.9433e-004
360	-0.82545	0.	0.	4.1077e-004
361	-0.73455	0.	0.	5.972e-004
362	-0.64364	0.	0.	8.6244e-004
363	-0.55273	0.	0.	2.1473e-003
364	-0.46182	0.	0.	5.8048e-003
365	-0.37091	0.	0.	3.0219e-002
409	-1.28	0.	9.5682e-002	1.2577e-004
410	-1.28	0.	0.19136	1.1826e-004
411	-1.28	0.	0.28705	1.0385e-004
412	-1.28	0.	0.38273	8.9239e-005
413	-1.28	0.	0.47841	7.37e-005
414	-1.28	0.	0.57409	5.5834e-005
415	-1.28	0.	0.66977	4.4406e-005
416	-1.28	0.	0.76545	2.8696e-005
417	-1.28	0.	0.86114	1.7986e-005
418	-1.28	0.	0.95682	9.2221e-006
424	-1.185	0.	1.0525	4.687e-006
425	-1.09	0.	1.0525	4.1634e-006
426	-0.995	0.	1.0525	3.9336e-006
427	-0.9	0.	1.0525	4.2056e-006
428	-0.805	0.	1.0525	3.1525e-006
429	-0.71	0.	1.0525	1.6853e-006
430	-0.615	0.	1.0525	3.1973e-007
431	-0.52	0.	1.0525	-2.5585e-006
432	-0.425	0.	1.0525	-4.077e-006
433	-0.33	0.	1.0525	-7.0778e-006
434	-0.235	0.	1.0525	-1.1138e-005
435	-0.14	0.	1.0525	-9.6388e-006
436	-4.5e-002	0.	1.0525	-5.4244e-006
437	5.e-002	0.	1.0525	-9.5547e-006
438	0.145	0.	1.0525	-3.8826e-006
439	0.24	0.	1.0525	-1.7895e-006
440	0.335	0.	1.0525	7.7638e-007
441	0.43	0.	1.0525	2.7112e-006
442	0.525	0.	1.0525	3.0136e-006
443	0.62	0.	1.0525	6.0145e-006
444	0.715	0.	1.0525	3.9018e-006
445	0.81	0.	1.0525	4.1678e-006
446	0.905	0.	1.0525	4.5046e-006
452	1.	0.	0.95682	8.9507e-006
453	1.	0.	0.86114	2.1796e-005
454	1.	0.	0.76545	3.1086e-005
455	1.	0.	0.66977	4.2371e-005
456	1.	0.	0.57409	5.6543e-005
457	1.	0.	0.47841	7.6041e-005
458	1.	0.	0.38273	9.3121e-005
459	1.	0.	0.28705	1.0355e-004
460	1.	0.	0.19136	1.157e-004
461	1.	0.	9.5682e-002	1.2936e-004
462	0.	0.	0.	0.14153
463	-0.28	0.	0.	0.11849
469	1.	0.	0.	1.2918e-004
471	-1.28	0.	0.	1.3014e-004
474	-1.28	0.	1.0525	3.8211e-006
475	1.	0.	1.0525	3.5469e-006
476	0.10883	0.	0.55178	-8.9535e-005
477	-0.40014	0.	0.56296	-6.8336e-005
478	-0.26626	0.	0.29196	-1.0101e-003
479	7.9869e-002	0.	0.28723	1.0246e-004
480	-0.85855	0.	0.5039	1.0508e-004
481	0.55343	0.	0.49502	1.0889e-004
482	-0.1834	0.	0.16245	-7.1196e-003
483	0.31285	0.	0.38999	2.4053e-004
484	-7.1818e-002	0.	0.4275	-5.9838e-004
485	-0.10591	0.	0.74	-1.0124e-004
486	-0.51488	0.	0.29204	5.0165e-004
487	-0.38619	0.	0.16673	2.9092e-003
488	2.1333e-002	0.	0.17783	-1.033e-004
489	-0.5075	0.	0.8025	-9.6166e-006
490	0.21461	0.	0.8015	-9.3748e-006
491	-0.13571	0.	0.30456	-1.8692e-003
492	0.63035	0.	0.79864	2.9321e-005
493	-0.89952	0.	0.77948	3.142e-005
494	0.58215	0.	0.33378	2.1317e-004
495	-0.85134	0.	0.36674	1.7821e-004
496	-0.24732	0.	8.7258e-002	-1.1634e-002
497	-0.15423	0.	0.12365	-1.3222e-002
498	-0.53074	0.	0.54984	3.2745e-005
499	-0.16907	0.	0.46308	-5.102e-004
500	0.35818	0.	0.27265	4.8944e-004
501	0.14514	0.	0.20154	1.2741e-003
502	-0.23009	0.	0.74372	-9.8764e-005
503	0.44259	0.	0.62226	5.586e-005
504	-0.72917	0.	0.61114	8.5097e-005
505	-0.7521	0.	0.44476	1.5368e-004
506	-9.1344e-002	0.	0.5185	-3.006e-004
507	-8.8182e-002	0.	0.14972	-8.2266e-003
508	0.70667	0.	0.535	7.9277e-005
509	-0.98667	0.	0.535	7.9833e-005
510	-0.75173	0.	0.31787	3.1734e-004
511	-0.35455	0.	0.46917	-1.8202e-004
512	-0.65903	0.	0.81338	1.0223e-005
513	0.48173	0.	0.77687	2.3208e-005
514	-0.33693	0.	0.11779	4.5401e-003
515	-1.1069	0.	0.27715	1.2889e-004
516	0.82686	0.	0.27715	1.2361e-004
517	-0.21049	0.	0.615	-1.887e-004
518	-6.2278e-002	0.	0.25418	-2.0404e-003
519	7.9118e-002	0.	0.77302	-4.3364e-005
520	-0.39273	0.	0.28938	3.1369e-004
521	0.29192	0.	0.59409	3.7611e-005
522	0.19409	0.	0.36842	2.3249e-004
523	-5.7721e-002	0.	0.10801	-1.3058e-002
524	-1.1236	0.	0.76327	2.8599e-005
525	0.8436	0.	0.76326	3.1565e-005
526	0.10649	0.	0.43101	-8.4893e-005
527	-2.2355e-002	0.	0.66216	-1.2156e-004
528	2.0566e-002	0.	0.12146	3.5276e-003
529	-0.70737	0.	0.16059	5.4876e-004
530	0.45673	0.	0.11725	6.224e-004
531	-0.89366	0.	0.12892	3.1417e-004
532	0.59533	0.	0.16114	2.8547e-004
533	-0.32283	0.	0.22649	-1.3341e-004
534	-0.11214	0.	0.21326	-4.2234e-003
535	-5.0436e-002	0.	0.33171	-1.1215e-003
536	-0.42908	0.	0.387	6.3176e-005
537	0.44715	0.	0.37301	2.4789e-004
538	-0.19742	0.	0.115	-1.1982e-002
539	-0.27565	0.	0.89678	-2.9218e-005
540	-0.31989	0.	0.65667	-1.0051e-004
541	-0.55085	0.	0.41165	2.038e-004
542	-0.21472	0.	0.24329	-2.3845e-003
543	-0.12735	0.	8.8324e-002	-2.2363e-002
544	0.17375	0.	0.6775	-3.346e-005
545	-0.45375	0.	0.6775	-3.0151e-005
546	0.82365	0.	0.93241	1.042e-005
547	-1.1031	0.	0.93178	9.0685e-006
548	0.33833	0.	0.70682	2.087e-005
549	0.1029	0.	0.91188	-1.6066e-005
550	0.32302	0.	0.12522	1.0721e-003
551	-0.21582	0.	0.38123	-7.9253e-004
552	-0.37364	0.	0.78167	-3.6649e-005
553	0.42058	0.	0.94247	6.8428e-006
554	-0.71857	0.	0.95963	4.7689e-006
555	-0.59542	0.	0.66824	2.3248e-005
556	0.24992	0.	0.22418	8.1025e-004
557	-0.31728	0.	0.37257	-2.7787e-004
558	-0.62801	0.	0.29846	4.376e-004
559	0.215	0.	0.48074	5.88e-005
560	-1.1481	0.	0.52009	6.684e-005
561	0.86814	0.	0.52009	6.6905e-005
562	1.2147e-002	0.	0.47718	-2.9206e-004
563	8.0602e-002	0.	0.15749	2.4483e-003
564	0.56042	0.	0.92133	1.035e-005
565	-2.898e-002	0.	0.15512	-3.3121e-003
566	0.77309	0.	0.40929	1.0054e-004
567	-1.0531	0.	0.40929	1.0443e-004
568	2.4608e-002	0.	0.36877	-4.9432e-004
569	-0.28887	0.	0.5499	-2.2885e-004
570	0.74485	0.	0.12974	1.8212e-004
571	-1.0266	0.	0.12773	2.0724e-004
572	-0.87068	0.	0.64014	6.7192e-005
573	-0.76146	0.	0.72302	4.0314e-005
574	0.58725	0.	0.65268	5.6113e-005
575	-0.57426	0.	0.93058	-4.6394e-007
576	-0.42944	0.	0.93843	-1.0727e-005
577	0.37978	0.	0.49307	1.1934e-004
578	-0.94118	0.	0.92479	1.1363e-005
579	0.49652	0.	0.25354	3.3318e-004
580	-0.11084	0.	0.63323	-1.7085e-004
581	-0.16974	0.	8.6103e-002	-2.4258e-002
582	0.16061	0.	0.10461	4.4374e-003
583	8.276e-002	0.	0.10024	1.0093e-002
584	3.3096e-002	0.	6.7569e-002	2.0451e-002
585	0.23375	0.	0.9275	-4.0345e-006
586	-0.19545	0.	0.3025	-1.5658e-003
587	-0.15557	0.	0.25563	-2.6838e-003
588	-0.25247	0.	0.46396	-3.5829e-004
589	0.68051	0.	0.9235	1.2183e-005
590	-0.45306	0.	0.47469	2.0132e-006
591	-0.15761	0.	0.82854	-5.4884e-005
592	-0.6403	0.	0.48794	1.1241e-004
593	-6.0455e-002	0.	0.19376	-4.1478e-003
594	-1.1781	0.	0.39085	9.1644e-005
595	0.89814	0.	0.39085	9.2817e-005
596	-3.892e-003	0.	0.56552	-1.8631e-004
597	0.35857	0.	0.8223	6.6089e-006
598	-1.1638	0.	0.16256	1.3602e-004
599	0.88379	0.	0.16256	1.2923e-004
600	-0.47292	0.	0.20903	1.4038e-003
601	-0.82104	0.	0.8542	1.5981e-005
602	-0.31282	0.	7.1161e-002	2.2217e-002
603	-0.28489	0.	0.11796	2.4542e-003
604	-0.59187	0.	0.21842	7.8156e-004
605	0.70875	0.	0.6883	4.1879e-005
606	-0.98875	0.	0.6883	4.1691e-005
607	-0.17984	0.	0.91889	-2.7855e-005
608	6.402e-002	0.	0.66435	-1.0497e-004
609	-0.30411	0.	0.16464	6.1327e-004
610	-1.0836	0.	0.62491	5.5975e-005
611	0.80357	0.	0.6249	5.5484e-005
612	3.8434e-003	0.	0.28163	-9.8876e-004
613	-0.39495	0.	6.5573e-002	9.7599e-003
614	-9.4887e-002	0.	9.5987e-002	-1.8145e-002
615	5.3084e-002	0.	0.22	3.5702e-004
616	0.91715	0.	0.64989	4.5489e-005
617	-1.1971	0.	0.6499	4.3412e-005
618	-0.4692	0.	9.6172e-002	3.2322e-003
619	-0.13546	0.	0.16603	-8.6092e-003
620	0.26743	0.	0.31626	4.2618e-004
621	0.17378	0.	0.29008	4.6503e-004
622	-1.2108	0.	0.85205	1.8473e-005
623	0.93097	0.	0.85216	1.9558e-005
624	-0.18718	0.	0.54061	-2.6593e-004
625	-0.65989	0.	0.39159	2.2999e-004
626	-0.20255	0.	7.8598e-002	-2.4786e-002
627	-5.6397e-003	0.	7.9816e-002	5.6494e-003
628	-0.94213	0.	0.41902	1.2138e-004
629	0.66518	0.	0.42128	1.2358e-004
630	-0.26269	0.	0.20713	-1.6463e-003
631	-0.83716	0.	0.96872	6.8018e-006
632	-2.4623e-002	0.	0.83994	-4.8405e-005
633	-0.76641	0.	8.0294e-002	5.3599e-004
634	-0.16282	0.	0.35243	-1.1461e-003
635	-0.82192	0.	0.22243	3.0484e-004
636	-2.4152e-002	0.	0.96952	-1.3372e-005
637	0.70524	0.	0.29367	1.7163e-004
638	-0.96101	0.	0.28019	2.0191e-004
639	-0.11789	0.	0.12487	-1.1552e-002
640	0.23803	0.	0.12047	1.8183e-003
641	-1.1905e-002	0.	0.74543	-7.4985e-005
642	-1.0111	0.	0.8179	2.1815e-005
643	0.73703	0.	0.82169	2.3498e-005
644	-0.24035	0.	0.14878	-4.1342e-003
645	-1.2155e-002	0.	0.21401	-1.3909e-003
646	-2.0909e-002	0.	0.10806	-5.3151e-003
647	-4.1136e-002	0.	7.6806e-002	-1.4093e-002
648	-0.17058	0.	0.20878	-4.4626e-003
649	-0.21559	0.	0.194	-4.261e-003
650	0.11345	0.	0.34758	6.813e-005
651	-0.11001	0.	0.35267	-1.1236e-003
652	-9.2959e-002	0.	0.30051	-2.0427e-003
653	-0.61685	0.	0.13339	1.1534e-003
2024	-1.2727e-002	0.	5.25e-002	1.13e-002
2025	0.	0.	4.375e-002	5.4875e-002
2027	1.6548e-002	0.	6.0035e-002	2.397e-002
2028	-2.8198e-003	0.	6.6158e-002	1.6569e-002
2032	-3.8182e-002	0.	5.25e-002	-1.3345e-002
2035	-1.5547e-002	0.	6.6158e-002	3.8059e-004
2036	-3.3295e-002	0.	6.4653e-002	-9.4906e-003
2039	-6.3636e-002	0.	5.25e-002	-2.3692e-002
2042	-4.6023e-002	0.	6.4653e-002	-1.7947e-002
2044	-8.9091e-002	0.	5.25e-002	-2.8028e-002
2047	-6.7042e-002	0.	8.0253e-002	-1.9321e-002
2048	-8.5625e-002	0.	7.4244e-002	-2.1864e-002
2049	-5.875e-002	0.	6.4653e-002	-1.9838e-002
2052	-0.11455	0.	5.25e-002	-3.1007e-002
2055	-0.11459	0.	7.0412e-002	-2.6418e-002
2056	-9.8353e-002	0.	7.4244e-002	-2.4309e-002
2058	-0.14	0.	5.25e-002	-3.1447e-002
2061	-0.12731	0.	7.0412e-002	-2.6952e-002
2064	-0.16545	0.	5.25e-002	-3.1063e-002
2067	-0.14004	0.	7.0412e-002	-2.6858e-002
2068	-0.16123	0.	6.9301e-002	-2.7806e-002
2071	-0.19091	0.	5.25e-002	-3.0497e-002
2074	-0.17396	0.	6.9301e-002	-2.7515e-002
2075	-0.19037	0.	6.5549e-002	-2.7779e-002
2077	-0.21636	0.	5.25e-002	-2.6673e-002
2080	-0.20309	0.	6.5549e-002	-2.7503e-002
2082	-0.24182	0.	5.25e-002	-1.5384e-002
2085	-0.23821	0.	6.9879e-002	-1.738e-002
2086	-0.21582	0.	6.5549e-002	-2.3956e-002
2088	-0.26727	0.	5.25e-002	1.0595e-002
2091	-0.25093	0.	6.9879e-002	-9.6387e-003
2093	-0.28	0.	4.375e-002	5.2183e-002
2095	-0.26366	0.	6.9879e-002	8.5998e-003
2096	-0.29641	0.	6.1831e-002	2.5526e-002
2097	-0.28244	0.	8.5228e-002	1.5644e-002
2102	-0.32545	0.	1.75e-002	5.2875e-002
2103	-0.28	0.	1.75e-002	9.7009e-002
2104	-0.29641	0.	5.3081e-002	4.8875e-002
2153	4.5455e-002	0.	1.75e-002	5.6985e-002
2154	0.	0.	1.75e-002	0.1119
2155	1.6548e-002	0.	5.1285e-002	5.1356e-002
4121	0.13636	0.	0.	1.8453e-002
4122	4.5455e-002	0.	0.	8.662e-002
4123	0.12576	0.	5.2304e-002	1.8073e-002
4124	8.6835e-002	0.	5.0121e-002	2.0901e-002
4125	6.2003e-002	0.	3.3785e-002	2.608e-002
4139	0.22727	0.	0.	3.6576e-003
4140	0.17121	0.	5.2304e-002	4.8176e-003
4141	0.20992	0.	6.0234e-002	3.5081e-003
4146	0.31818	0.	0.	1.5985e-003
4147	0.29787	0.	6.2609e-002	1.5947e-003
4148	0.25538	0.	6.0234e-002	1.9678e-003
4157	0.40909	0.	0.	8.6802e-004
4158	0.41018	0.	5.8627e-002	8.5104e-004
4159	0.34333	0.	6.2609e-002	1.0759e-003
4166	0.5	0.	0.	5.3216e-004
4167	0.45564	0.	5.8627e-002	6.3938e-004
4171	0.59091	0.	0.	3.4936e-004
4172	0.50109	0.	5.8627e-002	5.1518e-004
4173	0.57039	0.	8.057e-002	3.4672e-004
4178	0.68182	0.	0.	2.4993e-004
4179	0.61585	0.	8.057e-002	2.8812e-004
4180	0.69061	0.	6.4868e-002	2.3644e-004
4187	0.77273	0.	0.	1.8541e-004
4188	0.73606	0.	6.4868e-002	1.9561e-004
4191	0.86364	0.	0.	1.4887e-004
4192	0.78151	0.	6.4868e-002	1.7192e-004
4193	0.85098	0.	8.1278e-002	1.4547e-004
4199	0.95455	0.	4.7841e-002	1.327e-004
4200	0.95455	0.	0.	1.3261e-004
4201	0.89644	0.	8.1278e-002	1.3263e-004
4206	-1.1436	0.	0.	1.4774e-004
4207	-1.2345	0.	4.7841e-002	1.3053e-004
4208	-1.2345	0.	0.	1.3271e-004
4209	-1.1764	0.	8.1278e-002	1.3565e-004
4214	-1.0527	0.	0.	1.8261e-004
4215	-1.0624	0.	6.3866e-002	1.8372e-004
4216	-1.131	0.	8.1278e-002	1.4812e-004
4225	-0.96182	0.	0.	2.4967e-004
4226	-1.0169	0.	6.3866e-002	2.0613e-004
4232	-0.87091	0.	0.	3.5255e-004
4233	-0.90501	0.	6.4458e-002	3.0425e-004
4234	-0.97147	0.	6.3866e-002	2.5078e-004
4239	-0.78	0.	0.	5.0398e-004
4240	-0.85955	0.	6.4458e-002	3.6247e-004
4241	-0.79593	0.	4.0147e-002	4.7338e-004
4247	-0.68909	0.	0.	7.2982e-004
4248	-0.75048	0.	4.0147e-002	5.6659e-004
4252	-0.59818	0.	0.	1.5049e-003
4253	-0.67551	0.	8.0294e-002	7.056e-004
4254	-0.70503	0.	4.0147e-002	6.9922e-004
4255	-0.63024	0.	6.6694e-002	1.0079e-003
4261	-0.50727	0.	0.	3.976e-003
4262	-0.51097	0.	4.8086e-002	2.6897e-003
4263	-0.58479	0.	6.6694e-002	1.6503e-003
4270	-0.41636	0.	0.	1.8012e-002
4271	-0.42838	0.	3.2786e-002	7.7824e-003
4272	-0.46551	0.	4.8086e-002	4.5185e-003
4279	-0.32545	0.	0.	7.4352e-002
4280	-0.34186	0.	3.5581e-002	2.6218e-002
4281	-0.38293	0.	3.2786e-002	1.9989e-002
4532	-1.28	0.	0.14352	1.2202e-004
4533	-1.28	0.	4.7841e-002	1.2796e-004
4534	-1.2219	0.	0.12912	1.309e-004
4538	-1.28	0.	0.2392	1.1106e-004
4539	-1.1934	0.	0.23426	1.2358e-004
4540	-1.2219	0.	0.17696	1.2714e-004
4542	-1.28	0.	0.33489	9.6547e-005
4543	-1.1934	0.	0.2821	1.1637e-004
4544	-1.2291	0.	0.33895	9.7749e-005
4548	-1.28	0.	0.43057	8.147e-005
4549	-1.2291	0.	0.38679	9.0442e-005
4553	-1.28	0.	0.52625	6.4767e-005
4554	-1.2141	0.	0.49925	7.027e-005
4555	-1.2291	0.	0.43463	8.2672e-005
4559	-1.28	0.	0.62193	5.012e-005
4560	-1.2141	0.	0.54709	6.1337e-005
4561	-1.2386	0.	0.61199	4.9623e-005
4563	-1.28	0.	0.71761	3.6551e-005
4564	-1.2386	0.	0.65984	4.3909e-005
4567	-1.28	0.	0.8133	2.3341e-005
4568	-1.2018	0.	0.76436	2.8648e-005
4569	-1.2386	0.	0.70768	3.6054e-005
4570	-1.2454	0.	0.80875	2.3585e-005
4574	-1.28	0.	0.90898	1.3604e-005
4575	-1.2454	0.	0.85659	1.823e-005
4578	-1.2325	0.	1.0047	6.9545e-006
4579	-1.28	0.	1.0047	6.5216e-006
4580	-1.1916	0.	0.9443	9.1453e-006
4581	-1.2454	0.	0.90443	1.3848e-005
4611	-1.1375	0.	1.0525	4.4252e-006
4612	-1.2325	0.	1.0525	4.254e-006
4613	-1.1441	0.	0.99214	6.8777e-006
4616	-1.0425	0.	1.0525	4.0485e-006
4617	-1.0966	0.	0.99214	6.6159e-006
4620	-0.9475	0.	1.0525	4.0696e-006
4621	-1.0491	0.	0.99214	6.5011e-006
4622	-0.96809	0.	0.98865	7.6483e-006
4624	-0.8525	0.	1.0525	3.6791e-006
4625	-0.92059	0.	0.98865	7.7843e-006
4626	-0.86858	0.	1.0106	5.5037e-006
4630	-0.7575	0.	1.0525	2.4189e-006
4631	-0.76179	0.	1.0061	3.9607e-006
4632	-0.82108	0.	1.0106	4.9771e-006
4636	-0.6625	0.	1.0525	1.0025e-006
4637	-0.71429	0.	1.0061	3.2271e-006
4639	-0.5675	0.	1.0525	-1.1194e-006
4640	-0.66679	0.	1.0061	2.5443e-006
4641	-0.59463	0.	0.99154	-7.2105e-008
4644	-0.4725	0.	1.0525	-3.3178e-006
4645	-0.54713	0.	0.99154	-1.5112e-006
4646	-0.47472	0.	0.99547	-6.6427e-006
4650	-0.3775	0.	1.0525	-5.5774e-006
4651	-0.42722	0.	0.99547	-7.402e-006
4653	-0.2825	0.	1.0525	-9.1077e-006
4654	-0.30283	0.	0.97464	-1.8148e-005
4655	-0.37972	0.	0.99547	-8.9023e-006
4659	-0.1875	0.	1.0525	-1.0388e-005
4660	-0.25533	0.	0.97464	-2.0178e-005
4661	-0.20742	0.	0.98569	-1.9496e-005
4666	-9.25e-002	0.	1.0525	-7.5316e-006
4667	-0.15992	0.	0.98569	-1.8747e-005
4668	-8.2076e-002	0.	1.011	-1.1505e-005
4671	2.5e-003	0.	1.0525	-7.4896e-006
4672	-3.4576e-002	0.	1.011	-9.3981e-006
4675	9.75e-002	0.	1.0525	-6.7186e-006
4676	7.6449e-002	0.	0.98219	-1.281e-005
4677	1.2924e-002	0.	1.011	-1.1463e-005
4681	0.1925	0.	1.0525	-2.836e-006
4682	0.12395	0.	0.98219	-9.9743e-006
4683	0.18937	0.	0.99	-3.9585e-006
4685	0.2875	0.	1.0525	-5.0658e-007
4686	0.23687	0.	0.99	-2.912e-006
4690	0.3825	0.	1.0525	1.7438e-006
4691	0.37779	0.	0.99748	3.8096e-006
4692	0.28438	0.	0.99	-1.6291e-006
4696	0.4775	0.	1.0525	2.8624e-006
4697	0.42529	0.	0.99748	4.777e-006
4701	0.5725	0.	1.0525	4.514e-006
4702	0.47279	0.	0.99748	4.9282e-006
4703	0.54271	0.	0.98691	6.6818e-006
4705	0.6675	0.	1.0525	4.9581e-006
4706	0.59021	0.	0.98691	8.1822e-006
4707	0.65026	0.	0.988	9.099e-006
4712	0.7625	0.	1.0525	4.0348e-006
4713	0.76933	0.	0.99246	7.1607e-006
4714	0.69776	0.	0.988	8.0426e-006
4716	0.8575	0.	1.0525	4.3362e-006
4717	0.81683	0.	0.99246	7.2938e-006
4721	0.9525	0.	1.0047	6.7277e-006
4722	0.9525	0.	1.0525	4.0258e-006
4723	0.86433	0.	0.99246	7.4622e-006
4753	1.	0.	0.90898	1.5373e-005
4754	1.	0.	1.0047	6.2488e-006
4755	0.91183	0.	0.94461	9.6852e-006
4756	0.96549	0.	0.90449	1.4254e-005
4759	1.	0.	0.8133	2.6441e-005
4760	0.96549	0.	0.85665	2.0677e-005
4764	1.	0.	0.71761	3.6729e-005
4765	0.9218	0.	0.76436	3.1325e-005
4766	0.95858	0.	0.70767	3.8288e-005
4767	0.96549	0.	0.80881	2.5322e-005
4770	1.	0.	0.62193	4.9457e-005
4771	0.95858	0.	0.65983	4.393e-005
4777	1.	0.	0.52625	6.6292e-005
4778	0.93407	0.	0.54709	6.1724e-005
4779	0.95858	0.	0.61199	5.1016e-005
4781	1.	0.	0.43057	8.4581e-005
4782	0.93407	0.	0.49925	7.1473e-005
4783	0.94907	0.	0.43463	8.4429e-005
4788	1.	0.	0.33489	9.8337e-005
4789	0.94907	0.	0.38679	9.2969e-005
4793	1.	0.	0.2392	1.0963e-004
4794	0.91343	0.	0.2821	1.1358e-004
4795	0.94907	0.	0.33895	9.8185e-005
4799	1.	0.	0.14352	1.2253e-004
4800	0.91343	0.	0.23426	1.1966e-004
4801	0.94189	0.	0.17696	1.2246e-004
4805	1.	0.	4.7841e-002	1.2927e-004
4806	0.94189	0.	0.12912	1.2929e-004
4835	0.20038	0.	0.57294	-2.5962e-005
4836	0.10766	0.	0.4914	-8.7214e-005
4837	0.14129	0.	0.61464	-6.1498e-005
4838	0.16192	0.	0.51626	-1.5367e-005
4839	6.049e-002	0.	0.51448	-1.908e-004
4840	5.2471e-002	0.	0.55865	-1.3792e-004
4841	8.6427e-002	0.	0.60807	-9.7254e-005
4845	-0.46544	0.	0.5564	-1.7795e-005
4846	-0.37734	0.	0.51606	-1.2518e-004
4847	-0.36001	0.	0.60981	-8.4425e-005
4848	-0.42695	0.	0.62023	-4.9243e-005
4849	-0.34451	0.	0.55643	-1.4859e-004
4850	-0.4266	0.	0.51882	-3.3161e-005
4854	-0.3295	0.	0.29067	-3.4819e-004
4855	-0.29455	0.	0.25923	-5.7175e-004
4856	-0.24049	0.	0.26762	-1.6973e-003
4857	-0.24104	0.	0.33659	-9.0131e-004
4858	-0.29177	0.	0.33226	-6.4398e-004
4859	-0.23086	0.	0.29723	-1.2879e-003
4860	-0.26448	0.	0.24955	-1.3282e-003
4865	0.11251	0.	0.24438	6.8826e-004
4866	5.2239e-002	0.	0.328	-1.9593e-004
4867	4.1856e-002	0.	0.28443	-4.4315e-004
4868	6.6477e-002	0.	0.25361	2.2974e-004
4869	0.12682	0.	0.28865	2.8374e-004
4870	9.666e-002	0.	0.3174	8.5295e-005
4874	-0.85494	0.	0.43532	1.4165e-004
4875	-0.79386	0.	0.55752	9.509e-005
4876	-0.80533	0.	0.47433	1.2938e-004
4877	-0.92261	0.	0.51945	9.2458e-005
4878	-0.86462	0.	0.57202	8.6137e-005
4879	-0.90034	0.	0.46146	1.1323e-004
4882	0.56779	0.	0.4144	1.6103e-004
4883	0.49801	0.	0.55864	8.2377e-005
4884	0.63005	0.	0.51501	9.4085e-005
4885	0.50029	0.	0.43402	1.7839e-004
4886	0.57034	0.	0.57385	8.2503e-005
4887	0.4666	0.	0.49405	1.1412e-004
4888	0.60931	0.	0.45815	1.1624e-004
4894	-0.16882	0.	0.14305	-1.0171e-002
4895	-0.19041	0.	0.13873	-9.5509e-003
4896	-0.15943	0.	0.16424	-7.8644e-003
4897	-0.21188	0.	0.15562	-5.6269e-003
4898	-0.17699	0.	0.18562	-5.7911e-003
4899	-0.1995	0.	0.17823	-5.6903e-003
4903	0.33552	0.	0.33132	3.6498e-004
4904	0.25347	0.	0.3792	2.3651e-004
4905	0.38	0.	0.3815	2.4421e-004
4906	0.26393	0.	0.43536	1.4967e-004
4907	0.34632	0.	0.44153	1.7993e-004
4908	0.29014	0.	0.35312	3.3336e-004
4912	-0.12044	0.	0.44529	-5.5429e-004
4913	-8.1581e-002	0.	0.473	-4.4949e-004
4914	-6.1127e-002	0.	0.37961	-8.5995e-004
4915	-2.9836e-002	0.	0.45234	-4.4522e-004
4916	-2.3605e-002	0.	0.39813	-5.4635e-004
4917	-9.0915e-002	0.	0.39009	-8.61e-004
4922	-0.168	0.	0.74186	-1.e-004
4923	-6.4132e-002	0.	0.70108	-1.114e-004
4924	-0.10838	0.	0.68661	-1.3604e-004
4925	-0.13176	0.	0.78427	-7.8062e-005
4926	-6.5266e-002	0.	0.78997	-7.4823e-005
4927	-5.8907e-002	0.	0.74271	-8.8113e-005
4931	-0.4538	0.	0.29071	4.0767e-004
4932	-0.47198	0.	0.33952	2.8241e-004
4933	-0.53286	0.	0.35184	3.5272e-004
4934	-0.57144	0.	0.29525	4.6962e-004
4935	-0.4939	0.	0.25053	9.5274e-004
4936	-0.55337	0.	0.25523	6.416e-004
4940	-0.36156	0.	0.14226	3.7246e-003
4941	-0.38946	0.	0.22805	1.6114e-003
4942	-0.35451	0.	0.19661	1.3879e-003
4943	-0.42955	0.	0.18788	2.1565e-003
4944	-0.34515	0.	0.16568	1.7612e-003
4945	-0.39057	0.	0.11615	6.3345e-003
4946	-0.4277	0.	0.13145	3.0707e-003
4950	2.0949e-002	0.	0.14965	1.7122e-003
4951	5.0967e-002	0.	0.16766	1.1725e-003
4952	-3.8238e-003	0.	0.16648	-1.7077e-003
4953	3.7208e-002	0.	0.19892	1.2686e-004
4954	4.5887e-003	0.	0.19592	-7.4712e-004
4956	-0.58326	0.	0.80794	3.0299e-007
4957	-0.48063	0.	0.74	-1.9884e-005
4958	-0.44057	0.	0.79208	-2.3133e-005
4959	-0.55146	0.	0.73537	6.8156e-006
4960	-0.54088	0.	0.86654	-5.0403e-006
4961	-0.46847	0.	0.87047	-1.0172e-005
4966	0.14686	0.	0.78726	-2.637e-005
4967	0.19418	0.	0.7395	-2.1417e-005
4968	0.27647	0.	0.75416	5.7474e-006
4969	0.15875	0.	0.85669	-1.272e-005
4970	0.22418	0.	0.8645	-6.7047e-006
4971	0.28659	0.	0.8119	-1.3829e-006
4975	-0.16558	0.	0.30353	-1.7175e-003
4976	-0.14564	0.	0.28009	-2.2765e-003
4977	-0.14926	0.	0.3285	-1.5076e-003
4978	-0.12286	0.	0.32862	-1.4964e-003
4979	-0.11433	0.	0.30253	-1.956e-003
4983	0.55604	0.	0.78775	2.6265e-005
4984	0.59538	0.	0.85998	1.9835e-005
4985	0.6088	0.	0.72566	4.2717e-005
4986	0.65543	0.	0.86107	2.0752e-005
4987	0.66955	0.	0.74347	3.56e-005
4988	0.68369	0.	0.81016	2.6409e-005
4993	-0.8851	0.	0.70981	4.9306e-005
4994	-0.83049	0.	0.75125	3.5867e-005
4995	-0.92035	0.	0.85213	2.1392e-005
4996	-0.86028	0.	0.81684	2.3701e-005
4997	-0.94413	0.	0.73389	3.6556e-005
4998	-0.95532	0.	0.79869	2.6618e-005
5002	0.58874	0.	0.24746	2.4932e-004
5003	0.51465	0.	0.3534	2.3053e-004
5004	0.53933	0.	0.29366	2.7318e-004
5005	0.62366	0.	0.37753	1.6838e-004
5006	0.64369	0.	0.31373	1.924e-004
5010	-0.80172	0.	0.40575	1.6594e-004
5011	-0.80154	0.	0.3423	2.4777e-004
5012	-0.89673	0.	0.39288	1.498e-004
5013	-0.83663	0.	0.29458	2.4152e-004
5014	-0.90617	0.	0.32346	1.9006e-004
5018	-0.22237	0.	0.10113	-1.1808e-002
5019	-0.26611	0.	0.10261	-4.5899e-003
5020	-0.22494	0.	8.2928e-002	-1.821e-002
5021	-0.24384	0.	0.11802	-7.8841e-003
5027	-0.17583	0.	0.11932	-1.2602e-002
5028	-0.14079	0.	0.10599	-1.7793e-002
5029	-0.16198	0.	0.10488	-1.874e-002
5030	-0.14485	0.	0.14484	-1.0916e-002
5031	-0.13606	0.	0.12426	-1.2387e-002
5035	-0.5408	0.	0.48074	1.1827e-004
5036	-0.49224	0.	0.61367	1.2971e-006
5037	-0.56308	0.	0.60904	2.7996e-005
5038	-0.4919	0.	0.51226	1.7379e-005
5039	-0.58552	0.	0.51889	7.2577e-005
5044	-0.13021	0.	0.49079	-4.054e-004
5045	-0.19244	0.	0.42216	-6.5136e-004
5046	-0.21077	0.	0.46352	-4.3425e-004
5047	-0.17812	0.	0.50185	-3.8807e-004
5048	-0.16594	0.	0.40776	-8.2814e-004
5049	-0.13954	0.	0.40788	-8.1691e-004
5054	0.40746	0.	0.19495	5.5592e-004
5055	0.40267	0.	0.32283	3.6866e-004
5056	0.3406	0.	0.19893	7.8075e-004
5057	0.30405	0.	0.24842	6.4984e-004
5058	0.42735	0.	0.2631	4.1131e-004
5059	0.31281	0.	0.29445	4.5781e-004
5063	0.19753	0.	0.21286	1.0422e-003
5064	0.11287	0.	0.17951	1.8612e-003
5065	0.15287	0.	0.15307	2.8557e-003
5066	9.9112e-002	0.	0.21077	8.1554e-004
5067	0.15946	0.	0.24581	8.6955e-004
5068	0.19159	0.	0.161	1.5462e-003
5072	-0.22029	0.	0.67936	-1.4373e-004
5073	-0.25287	0.	0.82025	-6.3991e-005
5074	-0.27499	0.	0.70019	-9.9638e-005
5075	-0.30186	0.	0.76269	-6.7706e-005
5076	-0.17047	0.	0.68847	-1.348e-004
5077	-0.19385	0.	0.78613	-7.6824e-005
5081	0.46216	0.	0.69957	3.9534e-005
5082	0.36725	0.	0.60818	4.6735e-005
5083	0.39046	0.	0.66454	3.8365e-005
5084	0.51492	0.	0.63747	5.5986e-005
5085	0.41118	0.	0.55767	8.7599e-005
5088	-0.74064	0.	0.52795	1.1939e-004
5089	-0.66229	0.	0.63969	5.4173e-005
5090	-0.79993	0.	0.62564	7.6145e-005
5091	-0.74531	0.	0.66708	6.2706e-005
5092	-0.68473	0.	0.54954	9.8753e-005
5096	-0.75192	0.	0.38131	2.3551e-004
5097	-0.6962	0.	0.46635	1.3304e-004
5098	-0.706	0.	0.41818	1.9183e-004
5103	-3.9599e-002	0.	0.49784	-2.9633e-004
5104	-0.10109	0.	0.57586	-2.3572e-004
5105	-4.7618e-002	0.	0.54201	-2.4345e-004
5106	-0.13926	0.	0.52956	-2.8326e-004
5111	-7.2951e-002	0.	0.12886	-1.0642e-002
5112	-0.10016	0.	0.18149	-6.225e-003
5113	-5.8581e-002	0.	0.15242	-5.7693e-003
5114	-7.4318e-002	0.	0.17174	-6.1872e-003
5115	-9.1535e-002	0.	0.12285	-1.3186e-002
5116	-0.11182	0.	0.15788	-8.4179e-003
5117	-0.10303	0.	0.1373	-9.8892e-003
5120	0.7874	0.	0.52755	7.3091e-005
5121	0.73988	0.	0.47214	8.991e-005
5122	0.64696	0.	0.59384	6.7695e-005
5123	0.70771	0.	0.61165	6.0578e-005
5124	0.75512	0.	0.57995	6.7381e-005
5125	0.68592	0.	0.47814	1.0143e-004
5129	-1.0674	0.	0.52755	7.3337e-005
5130	-1.0199	0.	0.47214	9.2131e-005
5131	-0.92868	0.	0.58757	7.3512e-005
5132	-0.98771	0.	0.61165	6.0762e-005
5133	-1.0351	0.	0.57996	6.7904e-005
5134	-0.9644	0.	0.47701	1.0061e-004
5138	-0.72955	0.	0.23923	4.3305e-004
5139	-0.68987	0.	0.30816	3.7747e-004
5140	-0.70581	0.	0.35473	2.7366e-004
5141	-0.78683	0.	0.27015	3.1109e-004
5146	-0.39181	0.	0.42808	-5.9423e-005
5147	-0.33591	0.	0.42087	-2.2995e-004
5148	-0.32171	0.	0.50953	-2.0544e-004
5149	-0.30351	0.	0.46656	-2.7016e-004
5150	-0.4038	0.	0.47193	-9.0004e-005
5153	-0.6888	0.	0.8865	7.4957e-006
5154	-0.62722	0.	0.74081	1.6735e-005
5155	-0.71024	0.	0.7682	2.5268e-005
5156	-0.61664	0.	0.87198	4.8793e-006
5157	-0.74003	0.	0.83379	1.3102e-005
5161	0.41003	0.	0.74184	2.2039e-005
5162	0.45115	0.	0.85967	1.5026e-005
5163	0.52108	0.	0.8491	1.6779e-005
5164	0.53449	0.	0.71478	3.9661e-005
5165	0.42015	0.	0.79958	1.4909e-005
5169	-0.32487	0.	9.4476e-002	1.3379e-002
5170	-0.31091	0.	0.11787	3.4971e-003
5171	-0.32052	0.	0.14121	2.5767e-003
5172	-0.36594	0.	9.1682e-002	7.15e-003
5177	-1.08	0.	0.34322	1.1666e-004
5178	-1.0667	0.	0.20244	1.6807e-004
5179	-1.1425	0.	0.334	1.1027e-004
5180	-1.1353	0.	0.21985	1.3246e-004
5181	-1.0339	0.	0.27867	1.654e-004
5186	0.79998	0.	0.34322	1.1208e-004
5187	0.78586	0.	0.20344	1.5287e-004
5188	0.8625	0.	0.334	1.0821e-004
5189	0.85533	0.	0.21985	1.2642e-004
5190	0.76605	0.	0.28541	1.4762e-004
5195	-0.26519	0.	0.63583	-1.4461e-004
5196	-0.24968	0.	0.58245	-2.0878e-004
5197	-0.16067	0.	0.62411	-1.7977e-004
5198	-0.19884	0.	0.57781	-2.2732e-004
5200	-8.7208e-002	0.	0.23372	-3.1319e-003
5201	-5.6357e-002	0.	0.29295	-1.581e-003
5202	-6.1367e-002	0.	0.22397	-3.0941e-003
5203	-2.9217e-002	0.	0.26791	-1.5146e-003
5204	-3.7217e-002	0.	0.23409	-1.7157e-003
5205	-7.7619e-002	0.	0.27734	-2.0416e-003
5209	0.12643	0.	0.72526	-3.8412e-005
5210	9.1008e-002	0.	0.84245	-2.9715e-005
5211	7.1569e-002	0.	0.71869	-7.4169e-005
5212	2.7247e-002	0.	0.80648	-4.5885e-005
5213	3.3606e-002	0.	0.75923	-5.9175e-005
5217	-0.35778	0.	0.25793	9.014e-005
5218	-0.41091	0.	0.33819	1.8844e-004
5219	-0.355	0.	0.33097	1.7913e-005
5220	-0.43282	0.	0.2492	8.5876e-004
5224	0.23284	0.	0.63579	2.0753e-006
5225	0.31513	0.	0.65045	2.924e-005
5226	0.25346	0.	0.53741	4.8206e-005
5227	0.33585	0.	0.54358	7.8474e-005
5232	0.15029	0.	0.39971	7.38e-005
5233	0.20454	0.	0.42458	1.4565e-004
5234	0.23076	0.	0.34234	3.2934e-004
5235	0.18393	0.	0.32925	3.4876e-004
5236	0.15377	0.	0.358	1.5031e-004
5240	-4.3351e-002	0.	0.13156	-8.1852e-003
5241	-7.6304e-002	0.	0.102	-1.5602e-002
5242	-3.9315e-002	0.	0.10803	-9.1867e-003
5243	-4.9429e-002	0.	9.2406e-002	-1.3576e-002
5246	-1.1133	0.	0.84752	1.8834e-005
5247	-1.0562	0.	0.72578	3.5145e-005
5248	-1.1036	0.	0.69409	4.2287e-005
5249	-1.1604	0.	0.70659	3.6005e-005
5250	-1.1672	0.	0.80766	2.3536e-005
5251	-1.0673	0.	0.79059	2.5207e-005
5256	0.83363	0.	0.84784	2.0992e-005
5257	0.77618	0.	0.72578	3.6722e-005
5258	0.82358	0.	0.69408	4.3524e-005
5259	0.88038	0.	0.70657	3.8527e-005
5260	0.88729	0.	0.80771	2.5561e-005
5261	0.79032	0.	0.79247	2.7531e-005
5265	0.16075	0.	0.45587	-1.3046e-005
5266	5.9319e-002	0.	0.45409	-1.8848e-004
5267	6.555e-002	0.	0.39989	-2.8961e-004
5268	0.10997	0.	0.38929	-8.3816e-006
5274	-6.6599e-002	0.	0.64769	-1.462e-004
5275	-1.3123e-002	0.	0.61384	-1.5393e-004
5276	2.0833e-002	0.	0.66326	-1.1326e-004
5277	-1.713e-002	0.	0.70379	-9.8271e-005
5280	5.0584e-002	0.	0.13948	2.9879e-003
5281	-4.2073e-003	0.	0.13829	1.0777e-004
5282	5.1663e-002	0.	0.11085	6.8104e-003
5283	2.6831e-002	0.	9.4517e-002	1.199e-002
5284	7.4631e-003	0.	0.10064	4.5885e-003
5285	-1.7163e-004	0.	0.11476	-8.9377e-004
5290	-0.66769	0.	0.22952	4.9318e-004
5291	-0.64962	0.	0.1895	6.6516e-004
5292	-0.73689	0.	0.12044	5.4237e-004
5293	-0.76465	0.	0.19151	4.268e-004
5294	-0.66211	0.	0.14699	8.5109e-004
5299	0.52603	0.	0.1392	4.5394e-004
5300	0.38987	0.	0.12124	8.4723e-004
5301	0.47662	0.	0.1854	4.7779e-004
5309	-0.96011	0.	0.12832	2.607e-004
5310	-0.83003	0.	0.1046	4.2508e-004
5311	-0.85779	0.	0.17567	3.095e-004
5312	-0.92733	0.	0.20455	2.5804e-004
5314	0.67009	0.	0.14544	2.338e-004
5315	0.54592	0.	0.20734	3.0932e-004
5316	0.65028	0.	0.2274	2.2855e-004
5320	-0.31347	0.	0.19556	2.3993e-004
5321	-0.29276	0.	0.21681	-8.8984e-004
5326	-0.13385	0.	0.23444	-3.4536e-003
5327	-8.6297e-002	0.	0.20351	-4.1856e-003
5328	-0.1238	0.	0.18965	-6.4163e-003
5329	-0.14136	0.	0.21102	-4.343e-003
5330	-0.10255	0.	0.25688	-3.1331e-003
5333	-1.2914e-002	0.	0.35024	-8.0792e-004
5334	-2.3296e-002	0.	0.30667	-1.0551e-003
5335	-8.0224e-002	0.	0.34219	-1.1226e-003
5336	-7.1697e-002	0.	0.31611	-1.5821e-003
5339	-0.48997	0.	0.39932	1.3349e-004
5340	-0.37318	0.	0.37978	-1.0735e-004
5341	-0.44107	0.	0.43084	3.2595e-005
5345	0.41346	0.	0.43304	1.8361e-004
5346	0.47183	0.	0.31327	2.9053e-004
5352	-0.18358	0.	0.10055	-1.812e-002
5353	-0.19999	0.	9.6799e-002	-1.8384e-002
5354	-0.21889	0.	0.13189	-8.0582e-003
5358	-0.32465	0.	0.83922	-3.2933e-005
5359	-0.35254	0.	0.91761	-1.9973e-005
5360	-0.21663	0.	0.86266	-4.2051e-005
5361	-0.22775	0.	0.90783	-2.8537e-005
5365	-0.38682	0.	0.66708	-6.5332e-005
5366	-0.34676	0.	0.71917	-6.8581e-005
5367	-0.30438	0.	0.60328	-1.6468e-004
5372	-0.58943	0.	0.35506	3.207e-004
5373	-0.50196	0.	0.44317	1.0291e-004
5374	-0.59558	0.	0.44979	1.581e-004
5375	-0.60537	0.	0.40162	2.1689e-004
5379	-0.20509	0.	0.27289	-1.9751e-003
5380	-0.18514	0.	0.24946	-2.5341e-003
5381	-0.2387	0.	0.22521	-2.0154e-003
5382	-0.19265	0.	0.22603	-3.4235e-003
5383	-0.21515	0.	0.21864	-3.3227e-003
5388	-0.14854	0.	8.7214e-002	-2.3311e-002
5389	-0.11112	0.	9.2156e-002	-2.0254e-002
5390	-0.12262	0.	0.1066	-1.6957e-002
5394	0.25604	0.	0.69216	-6.2951e-006
5395	0.11889	0.	0.67093	-6.9217e-005
5401	-0.41369	0.	0.72958	-3.34e-005
5402	-0.52458	0.	0.67287	-3.4514e-006
5405	0.75208	0.	0.92796	1.1302e-005
5406	0.87731	0.	0.89229	1.4989e-005
5407	0.78034	0.	0.87705	1.6959e-005
5413	-1.0221	0.	0.92828	1.0216e-005
5414	-1.157	0.	0.89191	1.3771e-005
5415	-1.0571	0.	0.87484	1.5442e-005
5420	0.34845	0.	0.76456	1.3739e-005
5425	0.16832	0.	0.91969	-1.005e-005
5426	3.9138e-002	0.	0.87591	-3.2235e-005
5427	3.9373e-002	0.	0.9407	-1.4719e-005
5431	0.28647	0.	0.1747	9.4116e-004
5432	0.28052	0.	0.12284	1.4452e-003
5435	-0.26655	0.	0.3769	-5.352e-004
5436	-0.20564	0.	0.34186	-1.1792e-003
5437	-0.23415	0.	0.42259	-5.7541e-004
5438	-0.18932	0.	0.36683	-9.6931e-004
5442	-0.40154	0.	0.86005	-2.3688e-005
5447	0.4905	0.	0.9319	8.5964e-006
5448	0.32716	0.	0.93498	1.4042e-006
5449	0.38957	0.	0.88238	6.7259e-006
5453	-0.64642	0.	0.9451	2.1525e-006
5454	-0.76981	0.	0.90691	1.0375e-005
5455	-0.77786	0.	0.96418	5.7853e-006
5459	-0.67844	0.	0.69563	3.1781e-005
5460	-0.61786	0.	0.57809	6.7828e-005
5466	0.25868	0.	0.27022	6.1822e-004
5467	0.21185	0.	0.25713	6.3764e-004
5468	0.24398	0.	0.17232	1.3143e-003
5472	-0.28488	0.	0.41826	-3.1808e-004
5477	-0.60994	0.	0.25844	6.0958e-004
5478	-0.64395	0.	0.34503	3.3379e-004
5481	0.29739	0.	0.4869	8.9069e-005
5485	-1.1006	0.	0.46469	8.5634e-005
5486	-1.1631	0.	0.45547	7.9242e-005
5487	-1.1158	0.	0.5725	6.1408e-005
5488	-1.1726	0.	0.58499	5.5126e-005
5493	0.82061	0.	0.46469	8.3723e-005
5494	0.88314	0.	0.45547	7.9861e-005
5495	0.83585	0.	0.5725	6.1194e-005
5496	0.89264	0.	0.58499	5.6197e-005
5501	1.8377e-002	0.	0.42297	-3.9319e-004
5502	4.1273e-003	0.	0.52135	-2.3919e-004
5506	0.1206	0.	0.13105	3.4428e-003
5507	8.1681e-002	0.	0.12887	6.2707e-003
5508	6.6843e-002	0.	0.18874	1.4026e-003
5512	0.62047	0.	0.92241	1.1267e-005
5516	-4.4718e-002	0.	0.17444	-3.7299e-003
5517	-2.0568e-002	0.	0.18456	-2.3515e-003
5518	-2.4945e-002	0.	0.13159	-4.3136e-003
5522	0.83562	0.	0.40007	9.6679e-005
5523	0.71914	0.	0.41528	1.1206e-004
5524	0.73916	0.	0.35148	1.3609e-004
5528	-1.1156	0.	0.40007	9.8036e-005
5529	-0.99761	0.	0.41415	1.1291e-004
5530	-1.007	0.	0.34474	1.5317e-004
5535	1.4226e-002	0.	0.3252	-7.4154e-004
5536	6.9029e-002	0.	0.35817	-2.1309e-004
5542	-0.27067	0.	0.50693	-2.9357e-004
5543	-0.23803	0.	0.54525	-2.4739e-004
5547	0.81432	0.	0.14615	1.5568e-004
5548	0.72504	0.	0.2117	1.7688e-004
5555	-1.0952	0.	0.14514	1.7163e-004
5556	-0.99379	0.	0.20396	2.0458e-004
5560	-0.81607	0.	0.68158	5.3753e-005
5561	-0.92972	0.	0.66422	5.4441e-005
5565	-0.79125	0.	0.78861	2.8148e-005
5570	0.648	0.	0.67049	4.8996e-005
5575	-0.50185	0.	0.93451	-5.5954e-006
5588	-0.88111	0.	0.88949	1.3672e-005
5589	-0.88917	0.	0.94676	9.0824e-006
5590	-0.97615	0.	0.87135	1.6589e-005
5596	-5.7367e-002	0.	0.59938	-1.7858e-004
5597	-0.14901	0.	0.58692	-2.1839e-004
5601	-0.18614	0.	8.235e-002	-2.4522e-002
5607	0.12168	0.	0.10243	7.2653e-003
5608	0.19932	0.	0.11254	3.1278e-003
5613	5.7928e-002	0.	8.3906e-002	1.5272e-002
5619	1.3728e-002	0.	7.3693e-002	1.305e-002
5625	0.29616	0.	0.8749	1.2872e-006
5629	-0.17551	0.	0.27906	-2.1248e-003
5630	-0.17914	0.	0.32747	-1.3559e-003
5633	-0.16307	0.	0.2322	-3.5732e-003
5634	-0.12426	0.	0.27807	-2.3632e-003
5638	-0.21983	0.	0.50228	-3.1211e-004
5641	0.70877	0.	0.87259	1.7841e-005
5647	-0.16873	0.	0.87371	-4.1369e-005
5648	-9.1118e-002	0.	0.83424	-5.1644e-005
5653	-0.6501	0.	0.43976	1.712e-004
5657	-3.6305e-002	0.	0.20388	-2.7694e-003
5667	3.0064e-002	0.	0.61494	-1.4564e-004
5681	-0.53239	0.	0.21373	1.0927e-003
5682	-0.47106	0.	0.1526	2.318e-003
5683	-0.54488	0.	0.17121	1.2786e-003
5689	-0.8291	0.	0.91146	1.1391e-005
5694	-0.29885	0.	9.4559e-002	1.2336e-002
5695	-0.35388	0.	6.8367e-002	1.5989e-002
5703	-0.2945	0.	0.1413	1.5337e-003
5704	-0.26262	0.	0.13337	-8.4003e-004
5709	-0.60436	0.	0.1759	9.6749e-004
5714	0.75616	0.	0.6566	4.8681e-005
5715	0.72289	0.	0.75499	3.2688e-005
5719	-1.0362	0.	0.65661	4.8833e-005
5720	-0.99994	0.	0.7531	3.1753e-005
5724	-0.10223	0.	0.87941	-3.813e-005
5725	-0.102	0.	0.9442	-2.0613e-005
5730	2.6058e-002	0.	0.70489	-8.9979e-005
5735	-0.2834	0.	0.18588	-5.165e-004
5736	-0.27223	0.	0.15671	-1.7605e-003
5739	-1.1403	0.	0.63741	4.9693e-005
5743	0.86036	0.	0.63739	5.0487e-005
5747	2.8464e-002	0.	0.25082	-3.1587e-004
5748	-4.156e-003	0.	0.24782	-1.1898e-003
5752	-0.43208	0.	8.0872e-002	6.496e-003
5757	-0.10639	0.	0.11043	-1.4848e-002
5762	2.0464e-002	0.	0.217	-5.1696e-004
5773	-0.54303	0.	0.11478	2.1928e-003
5777	-0.12668	0.	0.14545	-1.0081e-002
5778	-0.15302	0.	0.18741	-6.5359e-003
5782	0.2206	0.	0.30317	4.456e-004
5786	0.14361	0.	0.31883	2.6658e-004
5804	-1.3274e-002	0.	9.3936e-002	1.6714e-004
5805	-2.3388e-002	0.	7.8311e-002	-4.2217e-003
5810	-0.95157	0.	0.3496	1.6165e-004
5814	0.68521	0.	0.35747	1.4761e-004
5816	-0.25152	0.	0.17796	-2.8902e-003
5817	-0.23914	0.	0.20057	-2.9536e-003
5821	-2.4387e-002	0.	0.90473	-3.0888e-005
5822	-1.8264e-002	0.	0.79268	-6.1695e-005
5827	-0.79417	0.	0.15136	4.2041e-004
5831	-0.13641	0.	0.35255	-1.1349e-003
5835	-0.89147	0.	0.25131	2.5338e-004
5860	-0.22797	0.	0.17139	-4.1976e-003
5868	-3.1023e-002	0.	9.2431e-002	-9.704e-003
5875	-0.19309	0.	0.20139	-4.3618e-003
5883	-0.10149	0.	0.32659	-1.5832e-003
