Node Number	X Location (m)	Y Location (m)	Z Location (m)	Directional Magnetic Flux Density (T)
9	-0.12	0.	1.5e-002	0.10641
10	-0.10286	0.	1.5e-002	0.20149
11	-8.5714e-002	0.	1.5e-002	0.30238
12	-6.8571e-002	0.	1.5e-002	0.34409
13	-5.1429e-002	0.	1.5e-002	0.34765
14	-3.4286e-002	0.	1.5e-002	0.31352
15	0.	0.	1.5e-002	0.10773
16	-1.7143e-002	0.	1.5e-002	0.21398
59	-1.7143e-002	0.	-1.5e-002	0.21474
60	0.	0.	-1.5e-002	0.11796
61	-3.4286e-002	0.	-1.5e-002	0.30241
62	-5.1429e-002	0.	-1.5e-002	0.34365
63	-6.8571e-002	0.	-1.5e-002	0.34765
64	-8.5714e-002	0.	-1.5e-002	0.31417
65	-0.10286	0.	-1.5e-002	0.21175
66	-0.12	0.	-1.5e-002	0.10343
385	0.	0.	0.	9.6714e-002
386	-0.12	0.	0.	0.10307
1810	-0.11143	0.	1.5e-002	0.15395
1812	-0.12	0.	7.5e-003	0.10474
1818	-9.4286e-002	0.	1.5e-002	0.25194
1820	-0.10286	0.	0.	0.20662
1821	-0.11143	0.	7.5e-003	0.15228
1826	-7.7143e-002	0.	1.5e-002	0.32323
1828	-8.5714e-002	0.	0.	0.30827
1829	-9.4286e-002	0.	0.	0.25707
1832	-6.e-002	0.	1.5e-002	0.34587
1834	-6.8571e-002	0.	0.	0.34587
1835	-7.7143e-002	0.	0.	0.32913
1838	-4.2857e-002	0.	1.5e-002	0.33058
1840	-5.1429e-002	0.	0.	0.34565
1841	-6.e-002	0.	0.	0.34765
1844	-2.5714e-002	0.	1.5e-002	0.26375
1846	-3.4286e-002	0.	0.	0.30796
1847	-4.2857e-002	0.	0.	0.32859
1850	-8.5714e-003	0.	1.5e-002	0.16085
1852	0.	0.	7.5e-003	0.10222
1858	-1.7143e-002	0.	0.	0.21436
1859	-2.5714e-002	0.	0.	0.2582
1860	-8.5714e-003	0.	7.5e-003	0.15535
2085	-8.5714e-003	0.	-1.5e-002	0.16635
2086	-2.5714e-002	0.	-1.5e-002	0.25857
2088	-8.5714e-003	0.	-7.5e-003	0.15573
2093	0.	0.	-7.5e-003	0.10734
2097	-4.2857e-002	0.	-1.5e-002	0.32303
2101	-6.e-002	0.	-1.5e-002	0.34565
2105	-7.7143e-002	0.	-1.5e-002	0.33091
2109	-9.4286e-002	0.	-1.5e-002	0.26296
2113	-0.11143	0.	-1.5e-002	0.15759
2115	-0.11143	0.	-7.5e-003	0.15741
2121	-0.12	0.	-7.5e-003	0.10325
1	0.	0.	2.25e-002	7.7075e-003
2	-1.7143e-002	0.	2.25e-002	-1.2315e-003
3	-3.4286e-002	0.	2.25e-002	-9.3952e-003
4	-5.1429e-002	0.	2.25e-002	-8.9613e-003
5	-6.8571e-002	0.	2.25e-002	-9.1373e-003
6	-8.5714e-002	0.	2.25e-002	-9.3933e-003
7	-0.10286	0.	2.25e-002	-1.4563e-003
8	-0.12	0.	2.25e-002	6.9021e-003
9	-0.12	0.	1.5e-002	6.9021e-003
10	-0.10286	0.	1.5e-002	-1.4563e-003
11	-8.5714e-002	0.	1.5e-002	-9.3933e-003
12	-6.8571e-002	0.	1.5e-002	-9.1373e-003
13	-5.1429e-002	0.	1.5e-002	-8.9613e-003
14	-3.4286e-002	0.	1.5e-002	-9.3952e-003
15	0.	0.	1.5e-002	7.7075e-003
16	-1.7143e-002	0.	1.5e-002	-1.2315e-003
59	-1.7143e-002	0.	-1.5e-002	-1.3933e-003
60	0.	0.	-1.5e-002	7.3117e-003
61	-3.4286e-002	0.	-1.5e-002	-9.4317e-003
62	-5.1429e-002	0.	-1.5e-002	-9.0439e-003
63	-6.8571e-002	0.	-1.5e-002	-9.0479e-003
64	-8.5714e-002	0.	-1.5e-002	-9.2702e-003
65	-0.10286	0.	-1.5e-002	-1.3441e-003
66	-0.12	0.	-1.5e-002	7.0791e-003
131	-0.10286	0.	-2.25e-002	-1.3441e-003
132	-0.12	0.	-2.25e-002	7.0791e-003
133	-8.5714e-002	0.	-2.25e-002	-9.2702e-003
134	-6.8571e-002	0.	-2.25e-002	-9.0479e-003
135	-5.1429e-002	0.	-2.25e-002	-9.0439e-003
136	-3.4286e-002	0.	-2.25e-002	-9.4317e-003
137	-1.7143e-002	0.	-2.25e-002	-1.3933e-003
138	0.	0.	-2.25e-002	7.3117e-003
1758	-8.5714e-003	0.	2.25e-002	3.238e-003
1759	0.	0.	1.875e-002	7.7075e-003
1765	-2.5714e-002	0.	2.25e-002	-5.3133e-003
1766	-1.7143e-002	0.	1.875e-002	-1.2315e-003
1771	-4.2857e-002	0.	2.25e-002	-9.1782e-003
1772	-3.4286e-002	0.	1.875e-002	-9.3952e-003
1778	-6.e-002	0.	2.25e-002	-9.0493e-003
1779	-5.1429e-002	0.	1.875e-002	-8.9613e-003
1783	-7.7143e-002	0.	2.25e-002	-9.2653e-003
1784	-6.8571e-002	0.	1.875e-002	-9.1373e-003
1790	-9.4286e-002	0.	2.25e-002	-5.4248e-003
1791	-8.5714e-002	0.	1.875e-002	-9.3933e-003
1796	-0.11143	0.	2.25e-002	2.7229e-003
1797	-0.10286	0.	1.875e-002	-1.4563e-003
1803	-0.12	0.	1.875e-002	6.9021e-003
1810	-0.11143	0.	1.5e-002	2.7229e-003
1818	-9.4286e-002	0.	1.5e-002	-5.4248e-003
1826	-7.7143e-002	0.	1.5e-002	-9.2653e-003
1832	-6.e-002	0.	1.5e-002	-9.0493e-003
1838	-4.2857e-002	0.	1.5e-002	-9.1782e-003
1844	-2.5714e-002	0.	1.5e-002	-5.3133e-003
1850	-8.5714e-003	0.	1.5e-002	3.238e-003
2085	-8.5714e-003	0.	-1.5e-002	2.9592e-003
2086	-2.5714e-002	0.	-1.5e-002	-5.4125e-003
2087	-1.7143e-002	0.	-1.875e-002	-1.3933e-003
2092	0.	0.	-1.875e-002	7.3117e-003
2097	-4.2857e-002	0.	-1.5e-002	-9.2378e-003
2098	-3.4286e-002	0.	-1.875e-002	-9.4317e-003
2101	-6.e-002	0.	-1.5e-002	-9.0459e-003
2102	-5.1429e-002	0.	-1.875e-002	-9.0439e-003
2105	-7.7143e-002	0.	-1.5e-002	-9.159e-003
2106	-6.8571e-002	0.	-1.875e-002	-9.0479e-003
2109	-9.4286e-002	0.	-1.5e-002	-5.3071e-003
2110	-8.5714e-002	0.	-1.875e-002	-9.2702e-003
2113	-0.11143	0.	-1.5e-002	2.8675e-003
2114	-0.10286	0.	-1.875e-002	-1.3441e-003
2120	-0.12	0.	-1.875e-002	7.0791e-003
2519	-0.11143	0.	-2.25e-002	2.8675e-003
2520	-9.4286e-002	0.	-2.25e-002	-5.3071e-003
2529	-7.7143e-002	0.	-2.25e-002	-9.159e-003
2533	-6.e-002	0.	-2.25e-002	-9.0459e-003
2537	-4.2857e-002	0.	-2.25e-002	-9.2378e-003
2543	-2.5714e-002	0.	-2.25e-002	-5.4125e-003
2546	-8.5714e-003	0.	-2.25e-002	2.9592e-003
60	0.	0.	-1.5e-002	3.9278e-002
66	-0.12	0.	-1.5e-002	3.5626e-002
131	-0.10286	0.	-2.25e-002	-5.8309e-003
132	-0.12	0.	-2.25e-002	1.2837e-002
133	-8.5714e-002	0.	-2.25e-002	-9.9376e-003
134	-6.8571e-002	0.	-2.25e-002	-1.2098e-002
135	-5.1429e-002	0.	-2.25e-002	-1.2137e-002
136	-3.4286e-002	0.	-2.25e-002	-1.1696e-002
137	-1.7143e-002	0.	-2.25e-002	-6.7698e-003
138	0.	0.	-2.25e-002	1.2458e-002
209	1.	0.	-9.2955e-002	5.1156e-006
210	1.	0.	-0.18591	4.8275e-006
211	1.	0.	-0.27886	4.3247e-006
212	1.	0.	-0.37182	3.6738e-006
213	1.	0.	-0.46477	2.8579e-006
214	1.	0.	-0.55773	2.2841e-006
215	1.	0.	-0.65068	1.6739e-006
216	1.	0.	-0.74364	1.205e-006
217	1.	0.	-0.83659	6.8139e-007
218	1.	0.	-0.92955	3.1e-007
229	0.90783	0.	-1.0225	1.2959e-007
230	0.81565	0.	-1.0225	1.5355e-007
231	0.72348	0.	-1.0225	1.53e-007
232	0.6313	0.	-1.0225	1.4351e-007
233	0.53913	0.	-1.0225	1.2418e-007
234	0.44696	0.	-1.0225	7.2757e-008
235	0.35478	0.	-1.0225	-1.7117e-008
236	0.26261	0.	-1.0225	-1.0418e-007
237	0.17043	0.	-1.0225	-1.9163e-007
238	7.8261e-002	0.	-1.0225	-1.8975e-007
239	-1.3913e-002	0.	-1.0225	-3.9686e-007
240	-0.10609	0.	-1.0225	-2.6803e-007
241	-0.19826	0.	-1.0225	-2.6794e-007
242	-0.29043	0.	-1.0225	-2.4471e-007
243	-0.38261	0.	-1.0225	-1.0526e-007
244	-0.47478	0.	-1.0225	-1.1564e-008
245	-0.56696	0.	-1.0225	6.0148e-008
246	-0.65913	0.	-1.0225	1.2142e-007
247	-0.7513	0.	-1.0225	1.4893e-007
248	-0.84348	0.	-1.0225	1.6464e-007
249	-0.93565	0.	-1.0225	1.99e-007
250	-1.0278	0.	-1.0225	2.2349e-007
256	-1.12	0.	-0.92955	3.8198e-007
257	-1.12	0.	-0.83659	7.0388e-007
258	-1.12	0.	-0.74364	1.1846e-006
259	-1.12	0.	-0.65068	1.703e-006
260	-1.12	0.	-0.55773	2.2595e-006
261	-1.12	0.	-0.46477	2.9604e-006
262	-1.12	0.	-0.37182	3.5938e-006
263	-1.12	0.	-0.27886	4.2298e-006
264	-1.12	0.	-0.18591	4.8465e-006
265	-1.12	0.	-9.2955e-002	5.1757e-006
271	9.0909e-002	0.	0.	1.3499e-003
272	0.18182	0.	0.	3.0336e-004
273	0.27273	0.	0.	1.1539e-004
274	0.36364	0.	0.	5.587e-005
275	0.45455	0.	0.	2.8057e-005
276	0.54545	0.	0.	1.8795e-005
277	0.63636	0.	0.	1.2393e-005
278	0.72727	0.	0.	8.8296e-006
279	0.81818	0.	0.	6.7044e-006
280	0.90909	0.	0.	5.4669e-006
281	-1.0291	0.	0.	5.5333e-006
282	-0.93818	0.	0.	6.3585e-006
283	-0.84727	0.	0.	8.4496e-006
284	-0.75636	0.	0.	1.3269e-005
285	-0.66545	0.	0.	1.8989e-005
286	-0.57455	0.	0.	3.2797e-005
287	-0.48364	0.	0.	5.0651e-005
288	-0.39273	0.	0.	1.366e-004
289	-0.30182	0.	0.	4.121e-004
290	-0.21091	0.	0.	1.5642e-003
385	0.	0.	0.	6.1536e-002
386	-0.12	0.	0.	6.2755e-002
391	1.	0.	-1.0225	1.3647e-007
392	1.	0.	0.	5.2399e-006
393	-1.12	0.	-1.0225	1.4554e-007
394	-1.12	0.	0.	5.2386e-006
399	4.5455e-002	0.	0.	4.4007e-003
400	2.2727e-002	0.	0.	1.7968e-002
401	-0.16545	0.	0.	6.0693e-003
402	-0.14273	0.	0.	2.9647e-002
550	8.5217e-002	0.	-0.5225	-8.0152e-006
551	-1.7391e-002	0.	-0.2725	-8.7122e-005
552	-0.24609	0.	-0.6475	-3.0065e-006
553	0.54852	0.	-0.47513	4.7626e-006
554	-0.69881	0.	-0.56925	2.8789e-006
555	-6.0438e-002	0.	-0.14678	-5.4007e-004
556	-0.15739	0.	-0.3975	-2.0691e-005
557	-0.42022	0.	-0.47682	2.1136e-006
558	0.20502	0.	-0.76082	-9.8457e-007
559	0.19309	0.	-0.28707	1.5707e-005
560	-0.78555	0.	-0.28299	8.5974e-006
561	0.5969	0.	-0.79906	7.9438e-007
562	-9.0725e-002	0.	-0.68917	-3.8937e-006
563	-0.32615	0.	-0.10818	1.3244e-004
564	-0.23881	0.	-7.7575e-002	5.801e-004
565	-0.49228	0.	-0.1646	3.6532e-005
566	0.60416	0.	-0.32909	7.7499e-006
567	-1.5272e-002	0.	-6.7893e-002	-1.422e-003
568	7.8037e-002	0.	-0.16271	4.6794e-005
569	0.20261	0.	-0.50832	-1.8739e-006
570	-0.61637	0.	-0.73055	1.0596e-006
571	-0.92685	0.	-0.76575	1.0414e-006
572	0.41739	0.	-0.39569	6.8979e-006
573	-8.5797e-002	0.	-0.10583	-1.0817e-003
574	0.87137	0.	-0.53862	2.4094e-006
575	-0.12783	0.	-0.31417	-5.0359e-005
576	0.33317	0.	-0.69889	2.9305e-007
577	-0.97546	0.	-0.51191	2.7208e-006
578	-0.38134	0.	-0.35123	8.7569e-006
579	0.37509	0.	-0.25094	2.5126e-005
580	-0.32032	0.	-0.88452	-3.5108e-007
581	-0.63841	0.	-0.30606	1.1906e-005
582	0.75235	0.	-0.28958	5.8109e-006
583	-0.42986	0.	-0.67955	9.3718e-008
584	5.6451e-003	0.	-0.84258	-1.7696e-006
585	-0.16494	0.	-0.19199	-6.0663e-005
586	-0.12406	0.	-0.54333	-9.3321e-006
587	-0.28762	0.	-0.27126	5.9888e-006
588	5.4427e-002	0.	-0.41393	-1.6943e-005
589	-9.3412e-002	0.	-6.9363e-002	-2.2521e-003
590	0.38725	0.	-0.85102	1.574e-007
591	0.85589	0.	-0.79496	8.9529e-007
592	5.201e-002	0.	-0.73284	-2.4073e-006
593	-0.17572	0.	-5.4463e-002	1.6138e-003
594	-0.95169	0.	-0.25196	5.535e-006
595	-0.20818	0.	-0.78169	-1.761e-006
596	7.1219e-002	0.	-8.5493e-002	6.8081e-004
597	-0.84765	0.	-0.90111	4.2914e-007
598	0.30018	0.	-0.33871	1.2854e-005
599	-0.27694	0.	-0.43898	-4.2789e-006
600	-0.56263	0.	-0.90579	2.2102e-007
601	2.1483e-002	0.	-0.1065	-7.8879e-005
602	-0.78242	0.	-0.72227	1.4297e-006
603	0.56558	0.	-0.15395	1.2349e-005
604	0.21685	0.	-0.39669	-3.7979e-007
605	0.1601	0.	-0.63181	-3.0631e-006
606	0.47529	0.	-0.73164	1.059e-006
607	0.22377	0.	-0.10293	1.453e-004
608	0.72585	0.	-0.43273	4.6388e-006
609	0.67945	0.	-0.5954	2.2463e-006
610	-0.60259	0.	-0.17185	2.224e-005
611	-0.69773	0.	-0.87239	4.0859e-007
612	2.8698e-002	0.	-4.4136e-002	3.7479e-003
613	-0.88704	0.	-0.39327	4.268e-006
614	0.37447	0.	-0.54786	1.9064e-006
615	-0.52931	0.	-0.39144	7.7912e-006
616	-2.7536e-003	0.	-0.60583	-6.4325e-006
617	-0.8287	0.	-0.52568	2.924e-006
618	-0.56374	0.	-0.51344	3.4748e-006
619	0.44588	0.	-0.12525	2.5482e-005
620	0.77715	0.	-0.14068	6.8101e-006
621	-0.80622	0.	-0.13903	9.5444e-006
622	8.9692e-002	0.	-0.25621	-1.8304e-005
623	-2.472e-002	0.	-0.48661	-1.4731e-005
624	-0.17855	0.	-0.12535	1.1152e-004
625	-0.10719	0.	-0.23501	-1.1841e-004
626	-0.34514	0.	-0.57686	-1.2335e-006
627	-1.5197e-003	0.	-0.15457	-2.81e-004
628	0.5915	0.	-0.90681	3.1748e-007
629	-5.9335e-002	0.	-6.8221e-002	-4.238e-003
630	0.86292	0.	-0.40227	3.598e-006
631	-1.0019	0.	-0.89468	4.2219e-007
632	-0.32188	0.	-0.73644	-1.1718e-006
633	0.26403	0.	-0.21891	5.0939e-005
634	-0.17517	0.	-0.92063	-6.0944e-007
635	0.13663	0.	-9.4117e-002	3.4269e-004
636	0.2041	0.	-0.90763	-4.6446e-007
637	-4.8731e-002	0.	-0.38227	-3.121e-005
638	0.86805	0.	-0.28011	4.6107e-006
639	0.85346	0.	-0.67194	1.6568e-006
640	-0.3827	0.	-0.21596	4.0276e-005
641	-0.22838	0.	-0.5462	-6.8078e-006
642	-3.348e-002	0.	-0.1083	-1.3649e-003
643	-0.64234	0.	-0.43681	5.9922e-006
644	-0.39913	0.	-0.79108	-3.3698e-007
645	-1.0156	0.	-0.37819	3.5989e-006
646	-0.97408	0.	-9.7096e-002	6.1754e-006
647	0.71043	0.	-0.88093	4.6048e-007
648	0.12653	0.	-0.34961	-9.2579e-006
649	-0.11007	0.	-0.82458	-1.9016e-006
650	0.85626	0.	-0.92709	2.9414e-007
651	-0.5024	0.	-0.26818	1.7095e-005
652	-8.7561e-003	0.	-4.0236e-002	-1.1534e-003
653	-0.88995	0.	-0.62932	1.8683e-006
654	0.51145	0.	-0.60622	1.9511e-006
655	-0.21804	0.	-0.33822	-1.3174e-005
656	0.29775	0.	-0.46285	2.823e-006
657	3.1661e-002	0.	-0.20955	-1.0579e-004
658	-0.23973	0.	-0.17746	6.2458e-005
659	0.1093	0.	-0.8324	-1.1615e-006
660	0.14194	0.	-0.44051	-7.276e-006
661	-4.5133e-002	0.	-0.19464	-2.6163e-004
662	-0.19526	0.	-0.26703	-3.0343e-005
663	0.32601	0.	-0.12094	5.8863e-005
664	-1.0199	0.	-0.65339	1.6406e-006
665	-0.49392	0.	-0.78079	1.6859e-007
666	-0.1312	0.	-8.6963e-002	-1.2235e-004
667	0.88857	0.	-0.11682	5.8094e-006
668	0.16139	0.	-0.18362	7.3889e-005
669	-7.8313e-002	0.	-4.4204e-002	-8.2263e-003
670	7.2999e-002	0.	-0.93673	-4.826e-007
671	-0.10866	0.	-4.3178e-002	-2.3212e-003
672	-3.5321e-002	0.	-4.0806e-002	-7.6642e-003
673	-0.47722	0.	-0.59271	1.1313e-006
674	0.71621	0.	-0.72541	1.166e-006
675	-0.11507	0.	-0.1627	-3.0914e-004
676	-0.13963	0.	-3.3061e-002	9.604e-003
677	0.48848	0.	-0.27652	1.2715e-005
678	-0.76524	0.	-0.40887	5.3107e-006
679	0.275	0.	-0.58981	-6.5446e-007
680	-0.43639	0.	-0.8968	-8.6018e-008
681	0.32493	0.	-0.93676	-4.8386e-008
682	-0.58263	0.	-0.61403	1.3735e-006
683	-0.42865	0.	-9.0511e-002	6.4174e-005
684	0.67598	0.	-0.15261	9.4488e-006
685	-5.1836e-002	0.	-0.92684	-6.38e-007
686	0.5035	0.	-0.88171	3.3072e-007
687	0.2834	0.	-0.84167	-2.5961e-007
688	-5.8129e-002	0.	-4.0973e-002	-9.2451e-003
689	4.4324e-002	0.	-0.32952	-2.766e-005
690	-0.70626	0.	-0.12872	1.4529e-005
691	-0.54506	0.	-7.6515e-002	3.2951e-005
692	-0.11254	0.	-0.46167	-1.5609e-005
693	-1.0356	0.	-0.78477	9.3675e-007
694	0.58988	0.	-0.68439	1.4037e-006
2092	0.	0.	-1.875e-002	2.5868e-002
2093	0.	0.	-7.5e-003	5.0407e-002
2094	1.1364e-002	0.	-7.5e-003	2.8623e-002
2120	-0.12	0.	-1.875e-002	2.4231e-002
2121	-0.12	0.	-7.5e-003	4.9191e-002
2122	-0.13136	0.	-7.5e-003	3.2637e-002
2123	-0.12981	0.	-2.4031e-002	2.2615e-002
2519	-0.11143	0.	-2.25e-002	3.5028e-003
2520	-9.4286e-002	0.	-2.25e-002	-7.8843e-003
2521	-0.10576	0.	-3.2839e-002	-4.0761e-003
2525	-0.11433	0.	-3.2839e-002	5.2577e-003
2526	-0.12981	0.	-2.7781e-002	1.122e-002
2529	-7.7143e-002	0.	-2.25e-002	-1.1018e-002
2530	-8.2014e-002	0.	-3.3352e-002	-9.082e-003
2531	-9.7186e-002	0.	-3.2839e-002	-6.1294e-003
2533	-6.e-002	0.	-2.25e-002	-1.2117e-002
2534	-7.3442e-002	0.	-3.3352e-002	-1.0162e-002
2535	-6.335e-002	0.	-3.1737e-002	-1.0671e-002
2537	-4.2857e-002	0.	-2.25e-002	-1.1916e-002
2538	-4.3375e-002	0.	-3.1653e-002	-9.9006e-003
2539	-5.4779e-002	0.	-3.1737e-002	-1.0691e-002
2543	-2.5714e-002	0.	-2.25e-002	-9.2328e-003
2544	-3.4804e-002	0.	-3.1653e-002	-9.68e-003
2546	-8.5714e-003	0.	-2.25e-002	2.8441e-003
2547	-1.2949e-002	0.	-3.1368e-002	-3.9616e-003
2548	-2.6232e-002	0.	-3.1653e-002	-7.217e-003
2550	1.1364e-002	0.	-1.125e-002	1.5213e-002
2551	1.4349e-002	0.	-3.3318e-002	8.103e-003
2552	-4.378e-003	0.	-3.1368e-002	5.6524e-003
3000	1.	0.	-0.13943	4.9715e-006
3002	0.95455	0.	-4.6477e-002	5.2913e-006
3003	1.	0.	-4.6477e-002	5.1778e-006
3004	0.94429	0.	-0.10489	5.4625e-006
3008	1.	0.	-0.23239	4.5761e-006
3009	0.93403	0.	-0.23301	4.7191e-006
3010	0.94429	0.	-0.15136	5.3184e-006
3013	1.	0.	-0.32534	3.9992e-006
3014	0.93403	0.	-0.27949	4.4677e-006
3018	1.	0.	-0.4183	3.2658e-006
3019	0.93146	0.	-0.38705	3.6359e-006
3020	0.93403	0.	-0.32597	4.1423e-006
3024	1.	0.	-0.51125	2.571e-006
3025	0.93569	0.	-0.5017	2.6336e-006
3026	0.93146	0.	-0.43352	3.228e-006
3028	1.	0.	-0.6042	1.979e-006
3029	0.93569	0.	-0.54818	2.3467e-006
3032	1.	0.	-0.69716	1.4395e-006
3033	0.93569	0.	-0.59465	2.0417e-006
3034	0.92673	0.	-0.66131	1.6654e-006
3038	1.	0.	-0.79011	9.4319e-007
3039	0.92795	0.	-0.7693	1.0501e-006
3040	0.92673	0.	-0.70779	1.4309e-006
3044	1.	0.	-0.88307	4.957e-007
3045	0.92795	0.	-0.81578	7.8834e-007
3046	0.92813	0.	-0.88184	4.8776e-007
3051	0.95391	0.	-0.97602	2.1979e-007
3052	1.	0.	-0.97602	2.2323e-007
3053	0.92813	0.	-0.92832	3.0207e-007
3124	0.86174	0.	-1.0225	1.4157e-007
3125	0.95391	0.	-1.0225	1.3303e-007
3126	0.88204	0.	-0.97479	2.1186e-007
3130	0.76957	0.	-1.0225	1.5328e-007
3131	0.76304	0.	-0.95172	3.0702e-007
3132	0.83596	0.	-0.97479	2.2385e-007
3135	0.67739	0.	-1.0225	1.4826e-007
3136	0.71696	0.	-0.95172	3.0674e-007
3141	0.58522	0.	-1.0225	1.3385e-007
3142	0.6114	0.	-0.96465	2.305e-007
3143	0.67087	0.	-0.95172	3.02e-007
3145	0.49304	0.	-1.0225	9.8467e-008
3146	0.56531	0.	-0.96465	2.2083e-007
3147	0.52132	0.	-0.9521	2.2745e-007
3151	0.40087	0.	-1.0225	2.782e-008
3152	0.4171	0.	-0.93676	1.1508e-007
3153	0.38594	0.	-0.97963	1.2186e-008
3154	0.47523	0.	-0.9521	2.0174e-007
3157	0.3087	0.	-1.0225	-6.0649e-008
3158	0.33986	0.	-0.97963	-3.2751e-008
3162	0.21652	0.	-1.0225	-1.479e-007
3163	0.23335	0.	-0.96506	-2.8432e-007
3164	0.29377	0.	-0.97963	-7.6284e-008
3169	0.12435	0.	-1.0225	-1.9069e-007
3170	0.18727	0.	-0.96506	-3.2804e-007
3171	0.12172	0.	-0.97962	-3.3711e-007
3174	3.2174e-002	0.	-1.0225	-2.9331e-007
3175	7.563e-002	0.	-0.97962	-3.3618e-007
3178	-6.e-002	0.	-1.0225	-3.3244e-007
3179	2.9543e-002	0.	-0.97962	-4.3973e-007
3180	-3.2875e-002	0.	-0.97467	-5.1743e-007
3184	-0.15217	0.	-1.0225	-2.6798e-007
3185	-0.14063	0.	-0.97156	-4.3873e-007
3186	-7.8961e-002	0.	-0.97467	-4.5301e-007
3188	-0.24435	0.	-1.0225	-2.5633e-007
3189	-0.18672	0.	-0.97156	-4.3869e-007
3192	-0.33652	0.	-1.0225	-1.7498e-007
3193	-0.30538	0.	-0.95351	-2.9789e-007
3194	-0.2328	0.	-0.97156	-4.2708e-007
3198	-0.4287	0.	-1.0225	-5.8412e-008
3199	-0.35147	0.	-0.95351	-2.2817e-007
3200	-0.4095	0.	-0.95965	-9.5639e-008
3202	-0.52087	0.	-1.0225	2.4292e-008
3203	-0.5187	0.	-0.96414	1.0473e-007
3204	-0.45559	0.	-0.95965	-4.8791e-008
3208	-0.61304	0.	-1.0225	9.0784e-008
3209	-0.56479	0.	-0.96414	1.4058e-007
3214	-0.70522	0.	-1.0225	1.3517e-007
3215	-0.61088	0.	-0.96414	1.7122e-007
3216	-0.67843	0.	-0.94744	2.65e-007
3220	-0.79739	0.	-1.0225	1.5678e-007
3221	-0.79947	0.	-0.9618	2.8903e-007
3222	-0.72452	0.	-0.94744	2.7876e-007
3224	-0.88957	0.	-1.0225	1.8182e-007
3225	-0.84556	0.	-0.9618	2.9689e-007
3229	-0.98174	0.	-1.0225	2.1125e-007
3230	-0.89165	0.	-0.9618	3.1407e-007
3231	-0.9688	0.	-0.95859	3.106e-007
3236	-1.0739	0.	-0.97602	3.0274e-007
3237	-1.0739	0.	-1.0225	1.8452e-007
3238	-1.0149	0.	-0.95859	3.2284e-007
3266	-1.12	0.	-0.88307	5.4293e-007
3267	-1.12	0.	-0.97602	2.6376e-007
3268	-1.061	0.	-0.91211	4.0209e-007
3272	-1.12	0.	-0.79011	9.4426e-007
3273	-1.061	0.	-0.86564	5.6304e-007
3274	-1.0778	0.	-0.81068	8.2032e-007
3277	-1.12	0.	-0.69716	1.4438e-006
3278	-1.0699	0.	-0.69851	1.4126e-006
3279	-1.0778	0.	-0.7642	1.0607e-006
3284	-1.12	0.	-0.6042	1.9813e-006
3285	-1.0699	0.	-0.65203	1.6718e-006
3287	-1.12	0.	-0.51125	2.6099e-006
3288	-1.0477	0.	-0.53482	2.4902e-006
3289	-1.0699	0.	-0.60556	1.9501e-006
3294	-1.12	0.	-0.4183	3.2771e-006
3295	-1.0477	0.	-0.48834	2.8406e-006
3296	-1.0678	0.	-0.42148	3.2796e-006
3300	-1.12	0.	-0.32534	3.9118e-006
3301	-1.0678	0.	-0.375	3.5963e-006
3303	-1.12	0.	-0.23239	4.5382e-006
3304	-1.0358	0.	-0.26541	4.8824e-006
3305	-1.0678	0.	-0.32853	3.9144e-006
3310	-1.12	0.	-0.13943	5.0111e-006
3311	-1.0358	0.	-0.21894	5.1907e-006
3312	-1.047	0.	-0.1415	5.5109e-006
3317	-1.0745	0.	-4.6477e-002	5.3545e-006
3318	-1.12	0.	-4.6477e-002	5.2072e-006
3319	-1.047	0.	-9.5026e-002	5.6756e-006
3362	0.13636	0.	0.	8.2661e-004
3363	6.8182e-002	0.	0.	2.8753e-003
3366	8.1064e-002	0.	-4.2747e-002	1.0153e-003
3367	5.9804e-002	0.	-2.2068e-002	2.5489e-003
3368	0.11377	0.	-4.7058e-002	8.4627e-004
3375	0.22727	0.	0.	2.0938e-004
3378	0.20279	0.	-5.1466e-002	2.2433e-004
3379	0.15923	0.	-4.7058e-002	3.2303e-004
3386	0.31818	0.	0.	8.563e-005
3389	0.24825	0.	-5.1466e-002	1.3034e-004
3390	0.29937	0.	-6.047e-002	8.7126e-005
3396	0.40909	0.	0.	4.1963e-005
3399	0.40476	0.	-6.2627e-002	4.0676e-005
3400	0.34482	0.	-6.047e-002	5.7366e-005
3407	0.5	0.	0.	2.3426e-005
3411	0.45021	0.	-6.2627e-002	2.6769e-005
3413	0.59091	0.	0.	1.5594e-005
3415	0.55552	0.	-7.6975e-002	1.5572e-005
3416	0.49567	0.	-6.2627e-002	2.2139e-005
3420	0.68182	0.	0.	1.0611e-005
3423	0.60097	0.	-7.6975e-002	1.2371e-005
3424	0.65617	0.	-7.6307e-002	1.0921e-005
3428	0.77273	0.	0.	7.767e-006
3430	0.75221	0.	-7.0341e-002	7.8199e-006
3431	0.70162	0.	-7.6307e-002	9.1392e-006
3435	0.86364	0.	0.	6.0857e-006
3438	0.79766	0.	-7.0341e-002	6.7573e-006
3439	0.85338	0.	-5.8409e-002	6.2569e-006
3444	0.95455	0.	0.	5.3534e-006
3446	0.89883	0.	-5.8409e-002	5.6382e-006
3450	-0.98364	0.	0.	5.9459e-006
3452	-1.0745	0.	0.	5.386e-006
3454	-1.0016	0.	-4.8548e-002	5.8544e-006
3458	-0.89273	0.	0.	7.404e-006
3460	-0.95613	0.	-4.8548e-002	6.267e-006
3464	-0.80182	0.	0.	1.0859e-005
3467	-0.82674	0.	-6.9517e-002	8.997e-006
3468	-0.91068	0.	-4.8548e-002	7.3125e-006
3473	-0.71091	0.	0.	1.6129e-005
3476	-0.78129	0.	-6.9517e-002	1.1407e-005
3477	-0.73131	0.	-6.436e-002	1.3899e-005
3481	-0.62	0.	0.	2.5893e-005
3483	-0.63402	0.	-8.5924e-002	2.0614e-005
3484	-0.68586	0.	-6.436e-002	1.6759e-005
3485	-0.60526	0.	-3.8258e-002	2.597e-005
3491	-0.52909	0.	0.	4.1724e-005
3494	-0.5598	0.	-3.8258e-002	3.2874e-005
3496	-0.43818	0.	0.	9.3625e-005
3499	-0.45614	0.	-4.5256e-002	5.7412e-005
3500	-0.51435	0.	-3.8258e-002	4.1801e-005
3505	-0.34727	0.	0.	2.7435e-004
3508	-0.35944	0.	-5.409e-002	1.3452e-004
3509	-0.41069	0.	-4.5256e-002	1.0039e-004
3515	-0.25636	0.	0.	9.8816e-004
3518	-0.31399	0.	-5.409e-002	2.7227e-004
3519	-0.27032	0.	-3.8788e-002	4.961e-004
3525	-0.18818	0.	0.	3.8168e-003
3528	-0.22486	0.	-3.8788e-002	1.0722e-003
3529	-0.19332	0.	-2.7231e-002	1.589e-003
4035	1.1364e-002	0.	0.	3.9752e-002
4040	-0.13136	0.	0.	4.6201e-002
4049	3.4091e-002	0.	0.	1.1184e-002
4052	3.7076e-002	0.	-2.2068e-002	4.0743e-003
4060	2.5713e-002	0.	-2.2068e-002	1.0858e-002
4068	-0.15409	0.	0.	1.7858e-002
4071	-0.17059	0.	-2.7231e-002	3.8415e-003
4072	-0.15254	0.	-1.6531e-002	7.8367e-003
4078	-0.14118	0.	-1.6531e-002	1.9626e-002
4993	0.14391	0.	-0.51541	-4.9446e-006
4994	6.9822e-002	0.	-0.46822	-1.2479e-005
4995	0.12266	0.	-0.57715	-5.5392e-006
4996	4.1232e-002	0.	-0.56417	-7.2239e-006
4997	3.0248e-002	0.	-0.50455	-1.1373e-005
4998	0.11358	0.	-0.48151	-7.6456e-006
5002	-7.2609e-002	0.	-0.29333	-6.874e-005
5003	3.615e-002	0.	-0.26435	-5.2713e-005
5004	-6.2293e-002	0.	-0.25375	-1.0277e-004
5005	-3.3061e-002	0.	-0.32739	-5.9166e-005
5006	7.135e-003	0.	-0.24102	-9.6456e-005
5007	-3.1262e-002	0.	-0.23357	-1.7438e-004
5008	1.3466e-002	0.	-0.30101	-5.7391e-005
5014	-0.16841	0.	-0.66833	-3.4501e-006
5015	-0.18507	0.	-0.59542	-6.1693e-006
5016	-0.22713	0.	-0.71459	-2.3837e-006
5017	-0.29561	0.	-0.61218	-2.12e-006
5018	-0.28399	0.	-0.69197	-2.0892e-006
5019	-0.23723	0.	-0.59685	-4.9072e-006
5023	0.57634	0.	-0.40211	6.2562e-006
5024	0.48295	0.	-0.43541	5.8302e-006
5025	0.63719	0.	-0.45393	4.7007e-006
5026	0.61398	0.	-0.53526	3.5044e-006
5027	0.46149	0.	-0.5115	3.3345e-006
5028	0.52999	0.	-0.54068	3.3568e-006
5029	0.5185	0.	-0.37583	8.7387e-006
5033	-0.65759	0.	-0.6499	1.9693e-006
5034	-0.74061	0.	-0.64576	2.1543e-006
5035	-0.76375	0.	-0.54747	2.9015e-006
5036	-0.63128	0.	-0.54135	3.1769e-006
5037	-0.67058	0.	-0.50303	4.4356e-006
5038	-0.73203	0.	-0.48906	4.0948e-006
5039	-0.64072	0.	-0.59164	2.1262e-006
5044	-7.3118e-002	0.	-0.12631	-8.1088e-004
5045	-3.0979e-002	0.	-0.15068	-4.1053e-004
5046	-4.6959e-002	0.	-0.12754	-9.5249e-004
5047	-5.2786e-002	0.	-0.17071	-4.0085e-004
5048	-8.7753e-002	0.	-0.15474	-4.246e-004
5052	-0.14261	0.	-0.35583	-3.5525e-005
5053	-0.21716	0.	-0.41824	-1.2485e-005
5054	-0.10306	0.	-0.38989	-2.595e-005
5055	-0.19289	0.	-0.47185	-1.3749e-005
5056	-0.18772	0.	-0.36786	-1.6932e-005
5057	-0.13497	0.	-0.42959	-1.815e-005
5062	-0.40078	0.	-0.41402	5.4352e-006
5063	-0.34858	0.	-0.4579	-1.0826e-006
5064	-0.47476	0.	-0.43413	4.9524e-006
5065	-0.49198	0.	-0.49513	2.7942e-006
5066	-0.38268	0.	-0.52684	4.4006e-007
5067	-0.44872	0.	-0.53476	1.6224e-006
5071	0.2691	0.	-0.72986	-3.4576e-007
5072	0.12852	0.	-0.74683	-1.6959e-006
5073	0.18256	0.	-0.69631	-2.0239e-006
5074	0.20456	0.	-0.83422	-7.2452e-007
5075	0.15716	0.	-0.79661	-1.0731e-006
5076	0.24001	0.	-0.67531	-8.1951e-007
5077	0.24421	0.	-0.80124	-6.2209e-007
5081	0.24664	0.	-0.31289	1.4281e-005
5082	0.20497	0.	-0.34188	7.6638e-006
5083	0.14139	0.	-0.27164	-1.2983e-006
5084	0.22856	0.	-0.25299	3.3323e-005
5085	0.15981	0.	-0.31834	3.2248e-006
5086	0.17724	0.	-0.23535	4.4798e-005
5091	-0.71198	0.	-0.29453	1.0252e-005
5092	-0.86862	0.	-0.26748	7.0662e-006
5093	-0.8363	0.	-0.33813	6.4327e-006
5094	-0.79588	0.	-0.21101	9.0709e-006
5095	-0.77539	0.	-0.34593	6.954e-006
5096	-0.7459	0.	-0.20586	1.1563e-005
5100	0.5361	0.	-0.76535	9.2671e-007
5101	0.5942	0.	-0.85294	5.5593e-007
5102	0.65367	0.	-0.84	6.2743e-007
5103	0.65656	0.	-0.76224	9.802e-007
5104	0.5502	0.	-0.84038	5.6255e-007
5105	0.59339	0.	-0.74173	1.099e-006
5109	-4.254e-002	0.	-0.76587	-2.8317e-006
5110	-0.10739	0.	-0.61625	-6.6129e-006
5111	-1.9357e-002	0.	-0.711	-3.1505e-006
5112	-0.14945	0.	-0.73543	-2.8273e-006
5113	-4.6739e-002	0.	-0.6475	-5.1631e-006
5114	-0.1004	0.	-0.75688	-2.8977e-006
5117	-0.28248	0.	-9.2877e-002	3.5627e-004
5118	-0.35443	0.	-0.16207	8.6357e-005
5119	-0.28294	0.	-0.14282	9.7449e-005
5120	-0.3774	0.	-9.9345e-002	9.8306e-005
5124	-0.20727	0.	-6.6019e-002	1.0969e-003
5125	-0.20868	0.	-0.10146	3.4581e-004
5126	-0.23927	0.	-0.12752	3.2128e-004
5131	-0.54743	0.	-0.16822	2.9386e-005
5132	-0.43749	0.	-0.19028	3.8404e-005
5133	-0.49734	0.	-0.21639	2.6814e-005
5134	-0.46047	0.	-0.12756	5.0353e-005
5135	-0.51867	0.	-0.12056	3.4742e-005
5140	0.67826	0.	-0.30934	6.7804e-006
5141	0.58487	0.	-0.24152	1.0049e-005
5142	0.66501	0.	-0.38091	6.1943e-006
5143	0.54632	0.	-0.30281	1.0232e-005
5144	0.64007	0.	-0.24085	8.5993e-006
5147	3.1056e-003	0.	-8.7195e-002	-7.5045e-004
5148	6.713e-003	0.	-5.6014e-002	1.1629e-003
5149	-3.7303e-002	0.	-6.8057e-002	-2.83e-003
5150	-2.4376e-002	0.	-8.8096e-002	-1.3935e-003
5151	-1.2014e-002	0.	-5.4064e-002	-1.2877e-003
5152	-2.5297e-002	0.	-5.4349e-002	-4.5431e-003
5157	7.4628e-002	0.	-0.1241	3.638e-004
5158	4.976e-002	0.	-0.1346	-1.6043e-005
5159	8.3864e-002	0.	-0.20946	1.4245e-005
5160	3.8259e-002	0.	-0.15864	-1.171e-004
5161	0.10733	0.	-0.12841	1.9474e-004
5162	5.4849e-002	0.	-0.18613	-2.9498e-005
5163	0.11971	0.	-0.17316	6.0342e-005
5169	0.20973	0.	-0.45251	-1.1269e-006
5170	0.18135	0.	-0.57007	-2.4685e-006
5171	0.25018	0.	-0.48559	4.7455e-007
5172	0.17227	0.	-0.47442	-4.575e-006
5173	0.2388	0.	-0.54907	-1.2642e-006
5178	-0.5895	0.	-0.81817	6.4031e-007
5179	-0.69939	0.	-0.72641	1.2447e-006
5180	-0.65705	0.	-0.80147	7.3409e-007
5181	-0.55514	0.	-0.75567	6.1409e-007
5182	-0.5995	0.	-0.67229	1.2166e-006
5186	-0.88725	0.	-0.83343	7.3529e-007
5187	-0.85463	0.	-0.74401	1.2356e-006
5188	-0.9644	0.	-0.83022	7.3181e-007
5189	-0.9084	0.	-0.69753	1.4548e-006
5190	-0.97336	0.	-0.70957	1.341e-006
5191	-0.98123	0.	-0.77526	9.8909e-007
5197	0.39624	0.	-0.32331	1.6012e-005
5198	0.35878	0.	-0.3672	9.8762e-006
5199	0.39593	0.	-0.47177	4.4021e-006
5200	0.35757	0.	-0.42927	4.8605e-006
5201	0.45293	0.	-0.33611	9.8064e-006
5207	-8.9604e-002	0.	-8.7598e-002	-1.6669e-003
5208	-7.2566e-002	0.	-8.7027e-002	-2.6598e-003
5209	-5.9638e-002	0.	-0.10707	-1.2233e-003
5210	-0.1085	0.	-9.6398e-002	-6.0202e-004
5211	-0.10043	0.	-0.13427	-6.9542e-004
5217	0.79861	0.	-0.48568	3.5241e-006
5218	0.77541	0.	-0.56701	2.3278e-006
5219	0.86715	0.	-0.47045	3.0037e-006
5220	0.86242	0.	-0.60528	2.0331e-006
5225	-0.11751	0.	-0.27459	-8.4384e-005
5226	-8.8279e-002	0.	-0.34822	-4.0784e-005
5227	-0.17293	0.	-0.32619	-3.1767e-005
5228	-0.16154	0.	-0.2906	-4.0351e-005
5233	0.36021	0.	-0.77496	2.2523e-007
5234	0.40423	0.	-0.71526	6.7605e-007
5235	0.35382	0.	-0.62338	1.0997e-006
5236	0.42231	0.	-0.65256	1.1221e-006
5237	0.30409	0.	-0.64435	-1.807e-007
5238	0.30829	0.	-0.77028	1.6719e-008
5242	-0.93125	0.	-0.45259	3.4944e-006
5243	-0.90208	0.	-0.5188	2.8224e-006
5244	-0.99555	0.	-0.44505	3.1598e-006
5245	-0.93271	0.	-0.57061	2.2945e-006
5246	-0.99767	0.	-0.58265	2.1807e-006
5251	-0.33448	0.	-0.31125	7.3729e-006
5252	-0.32914	0.	-0.39511	2.239e-006
5253	-0.45532	0.	-0.37134	8.274e-006
5254	-0.38202	0.	-0.28359	2.4516e-005
5255	-0.44187	0.	-0.30971	1.2926e-005
5256	-0.29969	0.	-0.34473	-2.2087e-006
5262	0.33763	0.	-0.29483	1.899e-005
5263	0.41048	0.	-0.1881	2.5304e-005
5264	0.31956	0.	-0.23492	3.8032e-005
5265	0.35055	0.	-0.18594	4.1994e-005
5266	0.43178	0.	-0.26373	1.8921e-005
5270	-0.26425	0.	-0.8331	-1.056e-006
5271	-0.3211	0.	-0.81048	-7.6146e-007
5272	-0.24775	0.	-0.90257	-4.8026e-007
5273	-0.35972	0.	-0.8378	-3.4403e-007
5274	-0.37836	0.	-0.89066	-2.1855e-007
5278	-0.6205	0.	-0.23895	1.7073e-005
5279	-0.58386	0.	-0.34875	9.8487e-006
5280	-0.64037	0.	-0.37143	8.9492e-006
5281	-0.57041	0.	-0.28712	1.4501e-005
5282	-0.70182	0.	-0.35747	8.6085e-006
5283	-0.67233	0.	-0.21739	1.3218e-005
5288	0.7391	0.	-0.36116	5.2249e-006
5289	0.76475	0.	-0.21513	6.3105e-006
5290	0.80764	0.	-0.34593	4.7045e-006
5291	0.8102	0.	-0.28485	5.2108e-006
5292	0.71416	0.	-0.2211	7.6299e-006
5295	-0.3875	0.	-0.6282	-5.6988e-007
5296	-0.37587	0.	-0.70799	-5.3906e-007
5297	-0.41449	0.	-0.73531	-1.2163e-007
5298	-0.46189	0.	-0.73017	1.3115e-007
5299	-0.45354	0.	-0.63613	6.125e-007
5300	-0.50624	0.	-0.64679	7.3362e-007
5304	2.8827e-002	0.	-0.78771	-2.0885e-006
5305	-5.2214e-002	0.	-0.83358	-1.8356e-006
5306	5.7471e-002	0.	-0.83749	-1.4656e-006
5307	3.9322e-002	0.	-0.88965	-1.1261e-006
5308	-2.3095e-002	0.	-0.88471	-1.2038e-006
5312	-0.17174	0.	-0.15867	2.543e-005
5313	-0.13607	0.	-0.2135	-8.9536e-005
5314	-0.20233	0.	-0.18473	8.9741e-007
5315	-0.1801	0.	-0.22951	-4.5503e-005
5316	-0.14	0.	-0.17734	-1.849e-004
5319	-6.3406e-002	0.	-0.57458	-7.8823e-006
5320	-7.4389e-002	0.	-0.51497	-1.2032e-005
5321	-0.17622	0.	-0.54477	-8.0699e-006
5322	-0.1183	0.	-0.5025	-1.2471e-005
5328	-0.33516	0.	-0.24361	2.3132e-005
5329	-0.25283	0.	-0.30474	-3.5927e-006
5330	-0.26367	0.	-0.22436	3.4223e-005
5331	-0.24144	0.	-0.26914	-1.2177e-005
5334	1.4854e-002	0.	-0.45027	-1.5837e-005
5335	2.848e-003	0.	-0.3981	-2.4076e-005
5336	9.048e-002	0.	-0.38177	-1.31e-005
5337	9.8183e-002	0.	-0.42722	-1.2109e-005
5338	4.9376e-002	0.	-0.37172	-2.2301e-005
5343	-7.6373e-002	0.	-6.8792e-002	-3.2451e-003
5344	-0.11231	0.	-7.8163e-002	-1.1872e-003
5345	-8.5862e-002	0.	-5.6784e-002	-5.2392e-003
5346	-0.10104	0.	-5.627e-002	-2.2867e-003
5352	0.43127	0.	-0.79133	6.0822e-007
5353	0.35609	0.	-0.89389	5.4509e-008
5354	0.44538	0.	-0.86636	2.4406e-007
5355	0.33532	0.	-0.84635	-5.1104e-008
5360	0.85468	0.	-0.73345	1.276e-006
5361	0.78316	0.	-0.83795	6.7789e-007
5362	0.85608	0.	-0.86103	5.9472e-007
5363	0.78605	0.	-0.76019	1.0307e-006
5369	0.10605	0.	-0.68232	-2.7352e-006
5370	2.4628e-002	0.	-0.66934	-4.4199e-006
5371	8.0653e-002	0.	-0.78262	-1.7844e-006
5375	-0.17713	0.	-8.9904e-002	8.6265e-004
5376	-0.15346	0.	-7.0713e-002	7.4572e-004
5377	-0.15767	0.	-4.3762e-002	5.6089e-003
5385	-0.91937	0.	-0.32262	4.9015e-006
5386	-0.87895	0.	-0.1955	7.5397e-006
5387	-0.98366	0.	-0.31508	4.5669e-006
5388	-0.96289	0.	-0.17453	5.8552e-006
5393	-0.26503	0.	-0.75906	-1.4664e-006
5394	-0.19168	0.	-0.85116	-1.1852e-006
5395	-0.15913	0.	-0.80314	-1.8313e-006
5399	4.6351e-002	0.	-9.5995e-002	3.0096e-004
5400	4.9958e-002	0.	-6.4815e-002	2.2143e-003
5401	0.10393	0.	-8.9805e-002	5.1175e-004
5407	-0.81503	0.	-0.81169	9.2944e-007
5408	-0.77269	0.	-0.88675	4.1886e-007
5409	-0.92479	0.	-0.8979	4.2567e-007
5413	0.25852	0.	-0.3677	6.2373e-006
5414	0.28211	0.	-0.27881	3.1896e-005
5415	0.29897	0.	-0.40078	7.8387e-006
5419	-0.31104	0.	-0.50792	-2.7562e-006
5420	-0.25266	0.	-0.49259	-5.5433e-006
5421	-0.24749	0.	-0.3886	-8.7266e-006
5427	-0.63018	0.	-0.88909	3.148e-007
5428	-0.52827	0.	-0.84329	1.9481e-007
5429	-0.49951	0.	-0.90129	6.7502e-008
5433	2.5091e-002	0.	-7.5316e-002	1.8345e-003
5434	9.9819e-003	0.	-0.13054	-1.7994e-004
5435	-5.9982e-003	0.	-0.1074	-7.219e-004
5440	-0.74007	0.	-0.79733	9.1916e-007
5441	-0.80556	0.	-0.62398	2.1769e-006
5442	-0.83618	0.	-0.6758	1.649e-006
5446	0.50573	0.	-0.1396	1.8915e-005
5447	0.52703	0.	-0.21524	1.2532e-005
5448	0.62078	0.	-0.15328	1.0899e-005
5452	0.17169	0.	-0.37315	-4.8188e-006
5453	0.2573	0.	-0.42977	1.2216e-006
5454	0.17939	0.	-0.4186	-3.8279e-006
5458	7.8671e-002	0.	-0.61882	-4.7478e-006
5459	0.21755	0.	-0.61081	-1.8588e-006
5463	0.49337	0.	-0.66893	1.5051e-006
5464	0.4894	0.	-0.80667	6.9488e-007
5465	0.53258	0.	-0.70801	1.2314e-006
5471	0.2439	0.	-0.16092	9.8118e-005
5472	0.1802	0.	-9.8524e-002	2.44e-004
5473	0.27489	0.	-0.11194	1.0208e-004
5474	0.19258	0.	-0.14328	1.0959e-004
5478	0.70265	0.	-0.51406	3.4425e-006
5479	0.79439	0.	-0.4175	4.1184e-006
5484	0.76646	0.	-0.63367	1.9515e-006
5485	0.59545	0.	-0.60081	2.0987e-006
5486	0.69783	0.	-0.66041	1.7062e-006
5487	0.63466	0.	-0.63989	1.825e-006
5492	-0.5525	0.	-0.22001	1.9667e-005
5493	-0.65442	0.	-0.15028	1.8384e-005
5494	-0.57382	0.	-0.12418	2.7595e-005
5502	9.971e-003	0.	-4.2186e-002	1.2972e-003
5510	-0.85787	0.	-0.45948	3.596e-006
5511	-0.95134	0.	-0.38573	3.9334e-006
5512	-0.82614	0.	-0.40107	4.7893e-006
5517	0.44296	0.	-0.57704	1.9287e-006
5518	0.33611	0.	-0.50535	2.3647e-006
5519	0.32473	0.	-0.56883	6.2597e-007
5523	-0.54653	0.	-0.45244	5.633e-006
5524	-0.58583	0.	-0.41412	6.8917e-006
5525	-0.51586	0.	-0.32981	1.2443e-005
5529	-1.3737e-002	0.	-0.54622	-1.0582e-005
5533	-0.85932	0.	-0.5775	2.3961e-006
5534	-0.79697	0.	-0.46728	4.1173e-006
5537	-0.60304	0.	-0.47512	4.7335e-006
5538	-0.52048	0.	-0.55308	2.303e-006
5539	-0.57318	0.	-0.56374	2.4242e-006
5544	0.38594	0.	-0.1231	4.2172e-005
5545	0.46718	0.	-0.20089	1.9098e-005
5551	0.8226	0.	-0.2104	5.7104e-006
5552	0.83286	0.	-0.12875	6.3098e-006
5553	0.72656	0.	-0.14665	8.1295e-006
5559	-0.89015	0.	-0.11807	7.8599e-006
5560	-0.75624	0.	-0.13388	1.2037e-005
5565	0.10811	0.	-0.30291	-1.3781e-005
5566	6.0677e-002	0.	-0.23288	-6.2048e-005
5567	0.12554	0.	-0.21991	2.7793e-005
5568	6.7008e-002	0.	-0.29286	-2.2982e-005
5571	-3.6726e-002	0.	-0.43444	-2.297e-005
5572	-6.8631e-002	0.	-0.47414	-1.517e-005
5575	-0.20914	0.	-0.15141	8.6991e-005
5576	-0.15487	0.	-0.10615	-5.4119e-006
5577	-0.14681	0.	-0.14402	-9.8809e-005
5582	-7.6164e-002	0.	-0.21482	-1.9002e-004
5583	-0.15123	0.	-0.25102	-7.4376e-005
5584	-0.11113	0.	-0.19885	-2.1378e-004
5588	-0.33351	0.	-0.65665	-1.2027e-006
5589	-0.28676	0.	-0.56153	-4.0206e-006
5590	-0.41118	0.	-0.58479	-5.1098e-008
5594	-1.75e-002	0.	-0.13144	-8.2296e-004
5595	1.5071e-002	0.	-0.18206	-1.9339e-004
5596	-2.3327e-002	0.	-0.1746	-2.7131e-004
5600	0.65097	0.	-0.89387	3.8898e-007
5601	0.5475	0.	-0.89426	3.241e-007
5606	-4.6407e-002	0.	-8.8261e-002	-2.8014e-003
5607	-6.8824e-002	0.	-5.6213e-002	-6.2321e-003
5608	-4.7328e-002	0.	-5.4514e-002	-5.9511e-003
5609	-5.8732e-002	0.	-5.4597e-002	-6.7415e-003
5615	0.86549	0.	-0.34119	4.1044e-006
5619	-1.0188	0.	-0.83973	6.7947e-007
5623	-0.3605	0.	-0.76376	-7.5441e-007
5627	0.29502	0.	-0.16992	5.4901e-005
5628	0.21271	0.	-0.20127	6.2414e-005
5632	-0.14262	0.	-0.87261	-1.2555e-006
5633	-0.1135	0.	-0.92374	-6.2372e-007
5639	0.14901	0.	-0.13887	2.0829e-004
5641	0.1567	0.	-0.87001	-8.13e-007
5642	0.13855	0.	-0.92218	-4.7353e-007
5643	0.26451	0.	-0.92219	-2.5642e-007
5644	0.24375	0.	-0.87465	-3.6204e-007
5648	-2.2037e-003	0.	-0.35589	-2.9435e-005
5649	-8.0637e-002	0.	-0.42197	-2.3409e-005
5653	0.87831	0.	-0.19847	5.2101e-006
5657	0.78484	0.	-0.69868	1.4114e-006
5661	-0.44255	0.	-0.24207	2.8686e-005
5662	-0.31122	0.	-0.19671	5.1367e-005
5663	-0.40568	0.	-0.15323	5.2225e-005
5667	-0.17046	0.	-0.50394	-1.1208e-005
5675	-0.70379	0.	-0.42284	5.6514e-006
5680	-0.44652	0.	-0.78594	-8.4197e-008
5681	-0.41776	0.	-0.84394	-2.115e-007
5693	0.78335	0.	-0.90401	3.7731e-007
5694	0.71332	0.	-0.80317	8.1325e-007
5699	0.13423	0.	-0.39506	-8.2669e-006
5700	8.5428e-002	0.	-0.33956	-1.8459e-005
5703	-8.0954e-002	0.	-0.87571	-1.2698e-006
5717	-2.2039e-002	0.	-4.0521e-002	-4.4088e-003
5722	-0.95491	0.	-0.64135	1.7544e-006
5726	0.55066	0.	-0.64531	1.6774e-006
5730	-0.20665	0.	-0.30262	-2.1758e-005
5734	0.28638	0.	-0.52633	1.0843e-006
5737	-6.736e-003	0.	-0.20209	-1.8371e-004
5740	-0.2175	0.	-0.22225	1.6058e-005
5747	9.1148e-002	0.	-0.88457	-8.2207e-007
5750	-8.01e-002	0.	-0.17867	-2.8539e-004
5759	-1.0277	0.	-0.71908	1.2887e-006
5763	-0.46516	0.	-0.8388	4.1285e-008
5764	-0.53827	0.	-0.69741	7.7106e-007
5768	-0.11993	0.	-6.507e-002	-1.2218e-003
5769	-0.12313	0.	-0.12483	-2.1574e-004
5770	-0.13541	0.	-6.0012e-002	4.7408e-003
5786	-9.3486e-002	0.	-4.3691e-002	-5.2738e-003
5787	-6.8221e-002	0.	-4.2589e-002	-8.7357e-003
5794	1.0582e-002	0.	-0.93179	-5.603e-007
5800	-0.12414	0.	-3.812e-002	3.6414e-003
5807	-4.6725e-002	0.	-4.089e-002	-8.4546e-003
5813	-0.52992	0.	-0.60337	1.2524e-006
5815	0.65304	0.	-0.7049	1.2849e-006
5844	0.30416	0.	-0.88921	-1.54e-007
5853	-0.48685	0.	-8.3513e-002	4.8562e-005
1	0.	0.	2.25e-002	1.4331e-002
2	-1.7143e-002	0.	2.25e-002	-5.3581e-003
3	-3.4286e-002	0.	2.25e-002	-1.1492e-002
4	-5.1429e-002	0.	2.25e-002	-1.3144e-002
5	-6.8571e-002	0.	2.25e-002	-1.1461e-002
6	-8.5714e-002	0.	2.25e-002	-1.0242e-002
7	-0.10286	0.	2.25e-002	-5.5246e-003
8	-0.12	0.	2.25e-002	1.1811e-002
9	-0.12	0.	1.5e-002	3.8693e-002
15	0.	0.	1.5e-002	3.7638e-002
271	9.0909e-002	0.	0.	1.5197e-003
272	0.18182	0.	0.	3.8413e-004
273	0.27273	0.	0.	1.2844e-004
274	0.36364	0.	0.	5.2706e-005
275	0.45455	0.	0.	2.5206e-005
276	0.54545	0.	0.	1.7747e-005
277	0.63636	0.	0.	1.2314e-005
278	0.72727	0.	0.	9.6216e-006
279	0.81818	0.	0.	7.0335e-006
280	0.90909	0.	0.	5.5246e-006
281	-1.0291	0.	0.	5.4656e-006
282	-0.93818	0.	0.	6.52e-006
283	-0.84727	0.	0.	8.139e-006
284	-0.75636	0.	0.	1.2408e-005
285	-0.66545	0.	0.	1.6691e-005
286	-0.57455	0.	0.	3.0107e-005
287	-0.48364	0.	0.	5.4322e-005
288	-0.39273	0.	0.	1.701e-004
289	-0.30182	0.	0.	4.3465e-004
290	-0.21091	0.	0.	1.5796e-003
333	-1.12	0.	9.2955e-002	5.0507e-006
334	-1.12	0.	0.18591	4.8794e-006
335	-1.12	0.	0.27886	4.167e-006
336	-1.12	0.	0.37182	3.4961e-006
337	-1.12	0.	0.46477	3.0018e-006
338	-1.12	0.	0.55773	2.1669e-006
339	-1.12	0.	0.65068	1.6052e-006
340	-1.12	0.	0.74364	1.2084e-006
341	-1.12	0.	0.83659	7.5614e-007
342	-1.12	0.	0.92955	2.812e-007
348	-1.0278	0.	1.0225	1.5345e-007
349	-0.93565	0.	1.0225	1.1462e-007
350	-0.84348	0.	1.0225	1.8221e-007
351	-0.7513	0.	1.0225	1.3917e-007
352	-0.65913	0.	1.0225	1.164e-007
353	-0.56696	0.	1.0225	8.7102e-008
354	-0.47478	0.	1.0225	3.2206e-009
355	-0.38261	0.	1.0225	-1.2892e-007
356	-0.29043	0.	1.0225	-2.0797e-007
357	-0.19826	0.	1.0225	-3.3056e-007
358	-0.10609	0.	1.0225	-3.5198e-007
359	-1.3913e-002	0.	1.0225	-3.1198e-007
360	7.8261e-002	0.	1.0225	-2.7464e-007
361	0.17043	0.	1.0225	-1.9438e-007
362	0.26261	0.	1.0225	-8.7996e-008
363	0.35478	0.	1.0225	-2.1944e-008
364	0.44696	0.	1.0225	6.8176e-008
365	0.53913	0.	1.0225	1.2388e-007
366	0.6313	0.	1.0225	1.3229e-007
367	0.72348	0.	1.0225	2.0336e-007
368	0.81565	0.	1.0225	2.5071e-007
369	0.90783	0.	1.0225	1.9625e-007
375	1.	0.	0.92955	3.2891e-007
376	1.	0.	0.83659	7.0341e-007
377	1.	0.	0.74364	1.1826e-006
378	1.	0.	0.65068	1.6406e-006
379	1.	0.	0.55773	2.339e-006
380	1.	0.	0.46477	2.8663e-006
381	1.	0.	0.37182	3.4766e-006
382	1.	0.	0.27886	4.3074e-006
383	1.	0.	0.18591	4.817e-006
384	1.	0.	9.2955e-002	5.1602e-006
385	0.	0.	0.	6.3108e-002
386	-0.12	0.	0.	6.7951e-002
392	1.	0.	0.	5.2287e-006
394	-1.12	0.	0.	5.2143e-006
397	-1.12	0.	1.0225	1.2721e-007
398	1.	0.	1.0225	1.3332e-007
399	4.5455e-002	0.	0.	5.0247e-003
400	2.2727e-002	0.	0.	2.2362e-002
401	-0.16545	0.	0.	6.0001e-003
402	-0.14273	0.	0.	2.3147e-002
403	9.8568e-002	0.	0.53298	-6.6964e-006
404	-1.7391e-002	0.	0.2725	-8.1702e-005
405	-0.25674	0.	0.64725	-3.0076e-006
406	0.5315	0.	0.50758	3.76e-006
407	-0.68304	0.	0.55614	3.1945e-006
408	-7.9176e-002	0.	0.14671	-4.9694e-004
409	-0.16723	0.	0.40122	-2.3749e-005
410	-0.42022	0.	0.47682	2.4889e-006
411	0.2366	0.	0.78267	-6.7819e-007
412	0.16818	0.	0.26451	1.5017e-005
413	-0.74447	0.	0.27989	1.023e-005
414	0.67114	0.	0.75283	1.1461e-006
415	5.6184e-002	0.	0.74299	-2.5454e-006
416	-0.31242	0.	0.1161	1.405e-004
417	-0.21855	0.	8.2805e-002	5.1985e-004
418	-0.60357	0.	0.2458	1.4283e-005
419	0.60416	0.	0.32909	7.0106e-006
420	-4.044e-002	0.	0.10088	-1.1685e-003
421	0.38691	0.	0.52143	2.725e-006
422	-0.53631	0.	0.84776	2.5467e-007
423	4.5685e-002	0.	0.16413	-5.2463e-005
424	-0.1029	0.	6.4167e-002	-1.9643e-003
425	0.34746	0.	0.25818	2.4292e-005
426	-0.79051	0.	0.88813	4.4182e-007
427	0.67689	0.	0.52533	3.1246e-006
428	-9.8261e-002	0.	0.23083	-1.3547e-004
429	-0.99318	0.	0.61444	1.8735e-006
430	-0.3327	0.	0.22687	2.9435e-005
431	-0.45676	0.	0.59469	6.1772e-007
432	-2.2733e-002	0.	0.58124	-8.1193e-006
433	-0.15787	0.	0.88262	-1.1222e-006
434	-0.29159	0.	0.7725	-1.1446e-006
435	0.50906	0.	0.76044	8.8503e-007
436	0.75092	0.	0.26607	5.8982e-006
437	0.21833	0.	0.40767	3.8857e-008
438	-0.94258	0.	0.37142	4.0353e-006
439	3.3913e-002	0.	0.3975	-2.0501e-005
440	0.83598	0.	0.71414	1.3911e-006
441	-0.92637	0.	0.22398	5.7409e-006
442	-0.22393	0.	0.23905	1.1728e-005
443	0.52935	0.	0.16455	1.6773e-005
444	0.23858	0.	0.50166	-7.4273e-007
445	9.7087e-003	0.	6.7546e-002	3.1344e-004
446	-0.2888	0.	0.43716	-2.9674e-006
447	0.30507	0.	0.63788	-2.1373e-007
448	-0.61808	0.	0.72226	1.0599e-006
449	-0.21391	0.	0.52241	-7.3917e-006
450	-0.50804	0.	0.37078	8.7407e-006
451	-0.16243	0.	0.16589	-9.1931e-005
452	0.77554	0.	0.87701	6.314e-007
453	-0.73652	0.	0.71159	1.1608e-006
454	-1.0106	0.	0.87884	5.3723e-007
455	4.5064e-002	0.	0.88045	-9.2554e-007
456	0.22614	0.	0.11413	1.1348e-004
457	0.11686	0.	0.10162	3.4621e-004
458	-0.83291	0.	0.47022	3.613e-006
459	0.8856	0.	0.37047	3.6472e-006
460	-0.41662	0.	0.12364	7.0274e-005
461	0.31269	0.	0.12167	5.1913e-005
462	0.46243	0.	0.30648	1.1848e-005
463	-4.3241e-002	0.	6.7377e-002	-3.2019e-003
464	0.84754	0.	0.53636	2.452e-006
465	0.68937	0.	0.11884	9.7617e-006
466	0.86305	0.	0.132	5.8016e-006
467	0.4404	0.	0.90847	1.5929e-007
468	-0.54605	0.	0.50163	3.7018e-006
469	0.18211	0.	0.59166	-2.8605e-006
470	0.44275	0.	0.63307	1.5341e-006
471	0.10405	0.	0.20944	3.3437e-005
472	6.8981e-002	0.	0.30347	-3.322e-005
473	-0.80622	0.	0.13903	9.0515e-006
474	-0.73934	0.	0.40487	5.4866e-006
475	-0.2587	0.	0.32451	-6.3159e-006
476	-0.37958	0.	0.34912	6.2454e-006
477	0.374	0.	0.76961	1.777e-007
478	-0.49912	0.	0.71813	5.9156e-007
479	-0.33315	0.	0.56216	-2.5234e-006
480	-0.40683	0.	0.80779	-2.1553e-007
481	-0.1014	0.	0.49408	-1.3947e-005
482	0.58622	0.	0.64077	1.9322e-006
483	-8.6605e-002	0.	0.32242	-4.8636e-005
484	0.60526	0.	0.90428	3.8659e-007
485	-0.46009	0.	0.2499	2.2464e-005
486	0.18226	0.	0.91277	-4.4101e-007
487	-0.13567	0.	9.4782e-002	-1.5235e-004
488	-0.29101	0.	0.8975	-4.1472e-007
489	-0.37657	0.	0.6897	-3.9486e-007
490	-0.8051	0.	0.59527	2.3214e-006
491	-0.87944	0.	0.80375	7.8107e-007
492	0.33697	0.	0.39928	7.74e-006
493	4.8402e-002	0.	0.10099	2.3862e-004
494	7.8672e-002	0.	0.63674	-4.2821e-006
495	-5.1873e-002	0.	0.78036	-2.0646e-006
496	-0.15566	0.	0.28703	-5.9309e-005
497	-0.17527	0.	0.74106	-2.6274e-006
498	-0.99112	0.	0.49232	2.8058e-006
499	-0.14623	0.	0.60583	-5.9669e-006
500	-2.3107e-002	0.	0.19832	-2.2973e-004
501	-0.66558	0.	0.89052	3.2172e-007
502	0.72031	0.	0.63393	2.0227e-006
503	-0.52736	0.	0.13739	3.4542e-005
504	-0.65872	0.	0.1066	1.9172e-005
505	0.89071	0.	0.9125	3.8436e-007
506	0.72698	0.	0.41519	4.1253e-006
507	0.16414	0.	0.69934	-2.1298e-006
508	4.3478e-003	0.	0.48083	-1.6156e-005
509	0.31014	0.	0.89509	-1.269e-007
510	-5.374e-002	0.	4.0816e-002	-9.6901e-003
511	0.13685	0.	0.80364	-1.2906e-006
512	-7.06e-002	0.	6.0297e-002	-4.7755e-003
513	-1.0179	0.	0.74287	1.1856e-006
514	0.14364	0.	0.3591	-1.7284e-006
515	0.11059	0.	0.43791	-8.4026e-006
516	-0.62082	0.	0.38514	6.8457e-006
517	-0.11432	0.	4.3576e-002	3.0019e-005
518	-2.4203e-002	0.	4.4004e-002	-4.8674e-003
519	5.5813e-002	0.	4.7289e-002	2.0939e-003
520	2.043e-002	0.	2.8624e-002	8.3653e-003
521	-0.13984	0.	2.9284e-002	1.1783e-002
522	0.24907	0.	0.21304	4.7002e-005
523	3.5371e-002	0.	0.2334	-6.809e-005
524	-0.44634	0.	0.92114	-1.426e-007
525	-4.4275e-003	0.	0.68335	-4.6083e-006
526	-0.56546	0.	0.61972	1.4721e-006
527	0.89074	0.	0.25142	4.5436e-006
528	-7.7362e-002	0.	9.0657e-002	-2.0151e-003
529	-8.2125e-002	0.	4.1371e-002	-7.7429e-003
530	-0.97802	0.	0.10694	5.9313e-006
531	-5.9416e-002	0.	0.40598	-2.7444e-005
532	-0.88212	0.	0.67213	1.4061e-006
533	0.24394	0.	0.31696	1.2834e-005
534	-0.91167	0.	0.93852	3.3743e-007
535	0.17329	0.	0.17991	7.3527e-005
536	0.90044	0.	0.81677	8.5243e-007
537	-8.3355e-003	0.	0.13174	-3.649e-004
538	-1.2104e-002	0.	0.34037	-3.8315e-005
539	-1.0241	0.	0.25105	4.6946e-006
540	-0.85387	0.	0.32474	5.5943e-006
541	0.61644	0.	0.43538	4.5782e-006
542	-1.0459	0.	0.38593	3.7348e-006
543	0.53244	0.	0.40049	6.1714e-006
544	0.58286	0.	8.2273e-002	1.6725e-005
545	0.41709	0.	0.14469	2.8556e-005
546	-5.9833e-002	0.	0.90457	-7.6605e-007
547	-1.675e-004	0.	3.9333e-002	-1.3493e-004
548	-0.13347	0.	5.6836e-002	8.2511e-004
549	-0.17441	0.	5.1617e-002	2.2246e-003
1758	-8.5714e-003	0.	2.25e-002	4.4862e-003
1759	0.	0.	1.875e-002	2.5984e-002
1761	1.0215e-002	0.	2.5562e-002	1.1348e-002
1762	-8.3752e-005	0.	3.0917e-002	7.0978e-003
1765	-2.5714e-002	0.	2.25e-002	-8.4249e-003
1768	-2.0673e-002	0.	3.3252e-002	-5.1127e-003
1769	-8.6552e-003	0.	3.0917e-002	-2.7465e-003
1771	-4.2857e-002	0.	2.25e-002	-1.2318e-002
1774	-4.4013e-002	0.	3.1658e-002	-1.0591e-002
1775	-2.9244e-002	0.	3.3252e-002	-8.1795e-003
1778	-6.e-002	0.	2.25e-002	-1.2302e-002
1781	-5.2584e-002	0.	3.1658e-002	-1.1417e-002
1783	-7.7143e-002	0.	2.25e-002	-1.0851e-002
1786	-6.1156e-002	0.	3.1658e-002	-1.0575e-002
1787	-7.5348e-002	0.	3.1935e-002	-9.6018e-003
1790	-9.4286e-002	0.	2.25e-002	-7.8833e-003
1793	-8.392e-002	0.	3.1935e-002	-8.9924e-003
1796	-0.11143	0.	2.25e-002	3.1431e-003
1799	-0.10859	0.	3.3038e-002	-2.7473e-003
1800	-9.2491e-002	0.	3.1935e-002	-6.6338e-003
1803	-0.12	0.	1.875e-002	2.5252e-002
1805	-0.11716	0.	3.3038e-002	5.9204e-003
1806	-0.12992	0.	2.5892e-002	1.1797e-002
1812	-0.12	0.	7.5e-003	5.3322e-002
1813	-0.13136	0.	7.5e-003	3.092e-002
1814	-0.12992	0.	2.2142e-002	2.5238e-002
1852	0.	0.	7.5e-003	5.0373e-002
1853	1.1364e-002	0.	7.5e-003	3.e-002
1854	1.0215e-002	0.	2.1812e-002	2.3002e-002
3362	0.13636	0.	0.	9.5191e-004
3363	6.8182e-002	0.	0.	3.2722e-003
3364	0.10388	0.	5.0812e-002	9.3295e-004
3365	7.3361e-002	0.	2.3644e-002	1.8068e-003
3375	0.22727	0.	0.	2.5629e-004
3376	0.20398	0.	5.7067e-002	2.488e-004
3377	0.14934	0.	5.0812e-002	3.6517e-004
3386	0.31818	0.	0.	9.0575e-005
3387	0.24943	0.	5.7067e-002	1.2096e-004
3388	0.29271	0.	6.0836e-002	9.0179e-005
3396	0.40909	0.	0.	3.8956e-005
3397	0.33816	0.	6.0836e-002	5.2309e-005
3398	0.39036	0.	7.2344e-002	4.0631e-005
3407	0.5	0.	0.	2.1476e-005
3408	0.49195	0.	8.2273e-002	2.099e-005
3409	0.5187	0.	4.1136e-002	2.0966e-005
3410	0.43582	0.	7.2344e-002	2.6881e-005
3413	0.59091	0.	0.	1.503e-005
3414	0.56416	0.	4.1136e-002	1.7236e-005
3420	0.68182	0.	0.	1.0968e-005
3421	0.66287	0.	5.9422e-002	1.1038e-005
3422	0.60961	0.	4.1136e-002	1.4519e-005
3428	0.77273	0.	0.	8.3276e-006
3429	0.70832	0.	5.9422e-002	9.6917e-006
3435	0.86364	0.	0.	6.279e-006
3436	0.75378	0.	5.9422e-002	8.3976e-006
3437	0.84062	0.	6.6e-002	6.4176e-006
3443	0.95455	0.	4.6477e-002	5.3424e-006
3444	0.95455	0.	0.	5.3767e-006
3445	0.88607	0.	6.6e-002	5.6631e-006
3450	-0.98364	0.	0.	5.9928e-006
3451	-1.0745	0.	4.6477e-002	5.2581e-006
3452	-1.0745	0.	0.	5.34e-006
3453	-1.0036	0.	5.3469e-002	5.6984e-006
3458	-0.89273	0.	0.	7.3295e-006
3459	-0.9581	0.	5.3469e-002	6.2256e-006
3464	-0.80182	0.	0.	1.0273e-005
3465	-0.82674	0.	6.9517e-002	8.5952e-006
3466	-0.91265	0.	5.3469e-002	7.0351e-006
3473	-0.71091	0.	0.	1.4549e-005
3474	-0.78129	0.	6.9517e-002	1.073e-005
3475	-0.70754	0.	5.3301e-002	1.579e-005
3481	-0.62	0.	0.	2.3399e-005
3482	-0.66209	0.	5.3301e-002	1.7932e-005
3491	-0.52909	0.	0.	4.2214e-005
3492	-0.55095	0.	6.8696e-002	3.2325e-005
3493	-0.61663	0.	5.3301e-002	2.464e-005
3496	-0.43818	0.	0.	1.1221e-004
3497	-0.45013	0.	6.1818e-002	6.2298e-005
3498	-0.5055	0.	6.8696e-002	4.4432e-005
3505	-0.34727	0.	0.	3.0237e-004
3506	-0.35258	0.	5.8048e-002	1.553e-004
3507	-0.40467	0.	6.1818e-002	1.2019e-004
3515	-0.25636	0.	0.	1.0071e-003
3516	-0.30712	0.	5.8048e-002	2.8758e-004
3517	-0.26018	0.	4.1403e-002	4.7725e-004
3525	-0.18818	0.	0.	3.7899e-003
3526	-0.21473	0.	4.1403e-002	1.0497e-003
3527	-0.19266	0.	2.5808e-002	1.9021e-003
3761	-1.12	0.	0.13943	4.965e-006
3762	-1.12	0.	4.6477e-002	5.1325e-006
3763	-1.049	0.	9.9946e-002	5.491e-006
3767	-1.12	0.	0.23239	4.5232e-006
3768	-1.049	0.	0.14642	5.4054e-006
3769	-1.0721	0.	0.21848	4.787e-006
3772	-1.12	0.	0.32534	3.8316e-006
3773	-1.0721	0.	0.26496	4.4308e-006
3774	-1.083	0.	0.3324	3.9509e-006
3778	-1.12	0.	0.4183	3.249e-006
3779	-1.083	0.	0.37887	3.6155e-006
3781	-1.12	0.	0.51125	2.5844e-006
3782	-1.0556	0.	0.47855	2.9038e-006
3783	-1.083	0.	0.42535	3.3683e-006
3787	-1.12	0.	0.6042	1.8861e-006
3788	-1.0566	0.	0.58609	2.0202e-006
3789	-1.0556	0.	0.52503	2.4864e-006
3792	-1.12	0.	0.69716	1.4068e-006
3793	-1.0566	0.	0.63256	1.7394e-006
3794	-1.069	0.	0.69677	1.3954e-006
3796	-1.12	0.	0.79011	9.8228e-007
3797	-1.069	0.	0.74325	1.197e-006
3800	-1.12	0.	0.88307	5.1867e-007
3801	-1.0653	0.	0.85772	6.4668e-007
3802	-1.069	0.	0.78973	9.7087e-007
3807	-1.0739	0.	0.97602	2.1733e-007
3808	-1.12	0.	0.97602	2.042e-007
3809	-1.0653	0.	0.90419	4.0922e-007
3837	-0.98174	0.	1.0225	1.3404e-007
3838	-1.0739	0.	1.0225	1.4033e-007
3839	-1.0192	0.	0.95067	3.4534e-007
3840	-0.96975	0.	0.98051	2.4544e-007
3844	-0.88957	0.	1.0225	1.4841e-007
3845	-0.92366	0.	0.98051	2.2603e-007
3847	-0.79739	0.	1.0225	1.6069e-007
3848	-0.817	0.	0.95532	3.1201e-007
3849	-0.87758	0.	0.98051	2.5982e-007
3854	-0.70522	0.	1.0225	1.2779e-007
3855	-0.77091	0.	0.95532	2.905e-007
3856	-0.70844	0.	0.95651	2.3045e-007
3858	-0.61304	0.	1.0225	1.0175e-007
3859	-0.66235	0.	0.95651	2.1906e-007
3862	-0.52087	0.	1.0225	4.5161e-008
3863	-0.55164	0.	0.93513	1.7089e-007
3864	-0.61627	0.	0.95651	2.0441e-007
3865	-0.50665	0.	0.97182	-2.7747e-008
3868	-0.4287	0.	1.0225	-6.2849e-008
3869	-0.46056	0.	0.97182	-6.9688e-008
3874	-0.33652	0.	1.0225	-1.6844e-007
3875	-0.33681	0.	0.96	-2.7182e-007
3876	-0.41447	0.	0.97182	-1.3576e-007
3880	-0.24435	0.	1.0225	-2.6926e-007
3881	-0.29072	0.	0.96	-3.1135e-007
3883	-0.15217	0.	1.0225	-3.4127e-007
3884	-0.17806	0.	0.95256	-7.2639e-007
3885	-0.24464	0.	0.96	-3.7264e-007
3890	-6.e-002	0.	1.0225	-3.3198e-007
3891	-0.13198	0.	0.95256	-7.371e-007
3892	-8.296e-002	0.	0.96353	-5.5901e-007
3896	3.2174e-002	0.	1.0225	-2.9331e-007
3897	1.5576e-002	0.	0.95148	-6.1876e-007
3898	-3.6873e-002	0.	0.96353	-5.3901e-007
3900	0.12435	0.	1.0225	-2.3451e-007
3901	6.1663e-002	0.	0.95148	-6.0009e-007
3902	0.13026	0.	0.96764	-3.5783e-007
3906	0.21652	0.	1.0225	-1.4119e-007
3907	0.17635	0.	0.96764	-3.1769e-007
3911	0.3087	0.	1.0225	-5.497e-008
3912	0.22244	0.	0.96764	-2.645e-007
3913	0.28638	0.	0.9588	-1.0745e-007
3915	0.40087	0.	1.0225	2.3116e-008
3916	0.39759	0.	0.96549	6.8672e-008
3917	0.33246	0.	0.9588	-7.4422e-008
3921	0.49304	0.	1.0225	9.6026e-008
3922	0.44368	0.	0.96549	1.1373e-007
3926	0.58522	0.	1.0225	1.2808e-007
3927	0.48976	0.	0.96549	1.4158e-007
3928	0.5722	0.	0.96339	2.5523e-007
3932	0.67739	0.	1.0225	1.6783e-007
3933	0.61828	0.	0.96339	2.5944e-007
3935	0.76957	0.	1.0225	2.2703e-007
3936	0.74951	0.	0.94975	4.1738e-007
3937	0.66437	0.	0.96339	2.9497e-007
3941	0.86174	0.	1.0225	2.2348e-007
3942	0.79559	0.	0.94975	4.4105e-007
3943	0.85318	0.	0.9675	3.1754e-007
3949	0.95391	0.	0.97602	2.6258e-007
3950	0.95391	0.	1.0225	1.6479e-007
3951	0.89927	0.	0.9675	2.9031e-007
3981	1.	0.	0.88307	5.1616e-007
3982	1.	0.	0.97602	2.3111e-007
3983	0.94535	0.	0.92102	3.5664e-007
3986	1.	0.	0.79011	9.4302e-007
3987	0.94535	0.	0.87455	5.4389e-007
3988	0.95022	0.	0.82668	7.7792e-007
3992	1.	0.	0.69716	1.4116e-006
3993	0.91799	0.	0.72889	1.2869e-006
3994	0.95022	0.	0.78021	1.0175e-006
3997	1.	0.	0.6042	1.9898e-006
3998	0.91799	0.	0.68241	1.5158e-006
3999	0.92377	0.	0.59352	2.0463e-006
4005	1.	0.	0.51125	2.6027e-006
4006	0.92377	0.	0.54705	2.3955e-006
4008	1.	0.	0.4183	3.1715e-006
4009	0.9428	0.	0.41762	3.2568e-006
4010	0.92377	0.	0.50057	2.6592e-006
4014	1.	0.	0.32534	3.892e-006
4015	0.9428	0.	0.37114	3.5619e-006
4018	1.	0.	0.23239	4.5622e-006
4019	0.9428	0.	0.32467	3.9773e-006
4020	0.94537	0.	0.26514	4.4255e-006
4024	1.	0.	0.13943	4.9886e-006
4025	0.93153	0.	0.15895	5.3093e-006
4026	0.94537	0.	0.21866	4.6803e-006
4030	1.	0.	4.6477e-002	5.1945e-006
4031	0.93153	0.	0.11248	5.4809e-006
4035	1.1364e-002	0.	0.	4.2735e-002
4040	-0.13136	0.	0.	4.5549e-002
4049	3.4091e-002	0.	0.	1.3693e-002
4050	5.0634e-002	0.	2.3644e-002	3.5593e-003
4051	3.2942e-002	0.	1.4312e-002	6.695e-003
4059	2.1578e-002	0.	1.4312e-002	1.5363e-002
4068	-0.15409	0.	0.	1.4574e-002
4069	-0.15265	0.	1.4642e-002	8.8916e-003
4070	-0.16993	0.	2.5808e-002	4.1123e-003
4077	-0.14128	0.	1.4642e-002	1.7465e-002
4084	3.7917e-002	0.	0.55711	-7.4079e-006
4085	0.16857	0.	0.51732	-3.7196e-006
4086	0.14034	0.	0.56232	-4.7785e-006
4087	8.862e-002	0.	0.58486	-5.4893e-006
4088	5.1458e-002	0.	0.50691	-1.1426e-005
4089	0.10458	0.	0.48545	-7.5495e-006
4093	-5.7826e-002	0.	0.25167	-1.0859e-004
4094	2.5795e-002	0.	0.28799	-5.7461e-005
4095	-5.1998e-002	0.	0.29746	-6.5169e-005
4096	-2.0249e-002	0.	0.23541	-1.5572e-004
4097	8.9899e-003	0.	0.25295	-7.4896e-005
4098	-1.4747e-002	0.	0.30644	-6.0008e-005
4102	-0.27417	0.	0.70988	-2.0761e-006
4103	-0.23533	0.	0.58483	-5.1996e-006
4104	-0.29495	0.	0.60471	-2.7655e-006
4105	-0.31666	0.	0.66848	-1.7012e-006
4106	-0.21601	0.	0.69416	-2.8175e-006
4107	-0.20149	0.	0.62654	-4.4872e-006
4110	0.4592	0.	0.5145	3.2425e-006
4111	0.6042	0.	0.51645	3.4423e-006
4112	0.48713	0.	0.57032	2.647e-006
4113	0.55886	0.	0.57417	2.8461e-006
4114	0.57397	0.	0.47148	4.1691e-006
4115	0.53197	0.	0.45403	4.9657e-006
4120	-0.65056	0.	0.6392	2.1272e-006
4121	-0.70978	0.	0.63386	2.1776e-006
4122	-0.75798	0.	0.51318	3.4037e-006
4123	-0.61455	0.	0.52889	3.4482e-006
4124	-0.71119	0.	0.48051	4.3406e-006
4125	-0.74407	0.	0.5757	2.7579e-006
4126	-0.65193	0.	0.47064	5.0201e-006
4127	-0.62425	0.	0.58793	2.3333e-006
4132	-5.9808e-002	0.	0.1238	-8.3273e-004
4133	-8.8719e-002	0.	0.18877	-3.162e-004
4134	-0.1208	0.	0.1563	-2.9443e-004
4135	-0.10742	0.	0.12075	-3.2464e-004
4136	-5.1142e-002	0.	0.17252	-3.6333e-004
4137	-7.8269e-002	0.	0.11869	-1.256e-003
4138	-4.3756e-002	0.	0.13923	-4.3092e-004
4142	-0.22802	0.	0.41919	-1.3358e-005
4143	-0.19057	0.	0.46182	-1.557e-005
4144	-0.21296	0.	0.36286	-1.5032e-005
4145	-0.13432	0.	0.44765	-1.8848e-005
4146	-0.12692	0.	0.36182	-3.6192e-005
4147	-0.16144	0.	0.34412	-4.1529e-005
4148	-0.11332	0.	0.4036	-2.5596e-005
4153	-0.43849	0.	0.53576	1.5533e-006
4154	-0.35451	0.	0.45699	-2.3923e-007
4155	-0.46413	0.	0.4238	5.6148e-006
4156	-0.48313	0.	0.48923	3.0954e-006
4157	-0.3999	0.	0.41297	4.3672e-006
4158	-0.37668	0.	0.51949	-1.7257e-008
4162	0.27084	0.	0.71028	-4.4596e-007
4163	0.3053	0.	0.77614	-2.5025e-007
4164	0.20943	0.	0.84772	-5.596e-007
4165	0.20037	0.	0.74101	-1.404e-006
4166	0.27337	0.	0.83888	-4.0254e-007
4167	0.18672	0.	0.79316	-9.8441e-007
4171	0.13611	0.	0.23698	2.4227e-005
4172	0.11858	0.	0.28399	-9.1015e-006
4173	0.15591	0.	0.3118	6.6444e-006
4174	0.20863	0.	0.23877	3.101e-005
4175	0.20606	0.	0.29073	1.3926e-005
4176	0.17073	0.	0.22221	4.4272e-005
4181	-0.67402	0.	0.26284	1.2256e-005
4182	-0.77534	0.	0.20946	9.6408e-006
4183	-0.74191	0.	0.34238	7.8584e-006
4184	-0.70159	0.	0.19324	1.4701e-005
4185	-0.68265	0.	0.33251	8.5379e-006
4186	-0.79917	0.	0.30231	7.9122e-006
4191	0.5901	0.	0.75664	1.0156e-006
4192	0.75356	0.	0.73348	1.2686e-006
4193	0.72334	0.	0.81492	8.8874e-007
4194	0.62868	0.	0.6968	1.5391e-006
4195	0.6382	0.	0.82856	7.6633e-007
4196	0.69572	0.	0.69338	1.5844e-006
4201	5.0624e-002	0.	0.81172	-1.7355e-006
4202	6.7428e-002	0.	0.68986	-3.4138e-006
4203	2.1555e-003	0.	0.76167	-2.305e-006
4204	0.11016	0.	0.72116	-2.3376e-006
4205	9.6516e-002	0.	0.77332	-1.918e-006
4206	2.5878e-002	0.	0.71317	-3.5769e-006
4211	-0.26549	0.	9.9451e-002	3.3018e-004
4212	-0.32256	0.	0.17148	8.4969e-005
4213	-0.26818	0.	0.17757	7.6115e-005
4214	-0.36452	0.	0.11987	1.0539e-004
4218	-0.22124	0.	0.16093	2.6579e-004
4219	-0.19049	0.	0.12435	2.1396e-004
4220	-0.17711	0.	8.8794e-002	1.8375e-004
4221	-0.19648	0.	6.7211e-002	1.3722e-003
4229	-0.5558	0.	0.30829	1.1512e-005
4230	-0.53183	0.	0.24785	1.8373e-005
4231	-0.56547	0.	0.1916	2.4413e-005
4232	-0.63114	0.	0.1762	1.6727e-005
4233	-0.6122	0.	0.31547	1.0564e-005
4238	0.67754	0.	0.29758	6.4544e-006
4239	0.56676	0.	0.24682	1.1892e-005
4240	0.5333	0.	0.31778	9.4295e-006
4241	0.64677	0.	0.22397	8.3862e-006
4242	0.66557	0.	0.37214	5.568e-006
4243	0.6103	0.	0.38224	5.7944e-006
4244	0.5683	0.	0.36479	6.591e-006
4248	-1.5366e-002	0.	8.4214e-002	-4.2755e-004
4249	-4.1841e-002	0.	8.413e-002	-2.1852e-003
4250	-5.8901e-002	0.	9.5769e-002	-1.5918e-003
4251	-2.4388e-002	0.	0.11631	-7.6672e-004
4257	0.31274	0.	0.51154	9.9114e-007
4258	0.34599	0.	0.57965	1.2556e-006
4259	0.41483	0.	0.57725	2.1295e-006
4260	0.36194	0.	0.46035	5.2325e-006
4261	0.45968	0.	0.46096	4.4482e-006
4266	-0.5772	0.	0.78501	6.5729e-007
4267	-0.51772	0.	0.78295	4.2312e-007
4268	-0.47157	0.	0.82777	1.9572e-008
4269	-0.60095	0.	0.86914	2.882e-007
4270	-0.49133	0.	0.88445	5.6037e-008
4273	8.1271e-002	0.	0.13288	1.4687e-004
4274	7.4867e-002	0.	0.18679	-9.5127e-006
4275	4.7044e-002	0.	0.13256	9.3077e-005
4276	1.1289e-002	0.	0.18123	-1.411e-004
4277	4.0528e-002	0.	0.19877	-6.0276e-005
4278	1.8675e-002	0.	0.14794	-2.0868e-004
4283	-0.11928	0.	7.9474e-002	-1.0583e-003
4284	-8.6749e-002	0.	6.2232e-002	-3.3699e-003
4285	-0.10861	0.	5.3872e-002	-9.6714e-004
4286	-9.013e-002	0.	7.7412e-002	-1.9897e-003
4287	-9.2512e-002	0.	5.2769e-002	-4.8536e-003
4288	-0.11818	0.	6.0501e-002	-5.6959e-004
4294	0.33007	0.	0.18993	3.8102e-005
4295	0.40495	0.	0.28233	1.807e-005
4296	0.34222	0.	0.32873	1.6016e-005
4297	0.29827	0.	0.23561	3.5647e-005
4298	0.2957	0.	0.28757	1.8563e-005
4299	0.38228	0.	0.20143	2.6424e-005
4304	-0.76352	0.	0.79986	8.013e-007
4305	-0.83497	0.	0.84594	6.1145e-007
4306	-0.72805	0.	0.88933	3.8177e-007
4307	-0.85109	0.	0.91332	3.8963e-007
4312	0.76221	0.	0.53084	2.7883e-006
4313	0.63155	0.	0.58305	2.5284e-006
4314	0.6986	0.	0.57963	2.5737e-006
4315	0.70193	0.	0.47026	3.625e-006
4316	0.64667	0.	0.48035	3.8514e-006
4320	-0.13034	0.	0.19836	-1.137e-004
4321	-9.2433e-002	0.	0.27662	-9.2052e-005
4322	-0.12696	0.	0.25893	-9.7389e-005
4323	-6.0684e-002	0.	0.21458	-1.826e-004
4327	-0.89914	0.	0.60485	2.0974e-006
4328	-0.99215	0.	0.55338	2.3396e-006
4329	-1.0055	0.	0.67865	1.5295e-006
4330	-0.93765	0.	0.64328	1.6398e-006
4335	-0.27831	0.	0.23296	2.0582e-005
4336	-0.37466	0.	0.17525	4.9855e-005
4337	-0.2957	0.	0.27569	1.156e-005
4338	-0.35614	0.	0.288	1.784e-005
4339	-0.3964	0.	0.23839	2.595e-005
4344	-0.5014	0.	0.54816	2.1598e-006
4345	-0.47794	0.	0.65641	6.0464e-007
4346	-0.39496	0.	0.57843	-9.5286e-007
4347	-0.41667	0.	0.6422	1.1143e-007
4348	-0.51111	0.	0.60721	1.0449e-006
4352	-6.2068e-002	0.	0.53766	-1.1033e-005
4353	2.7969e-002	0.	0.60899	-6.2007e-006
4354	-8.4482e-002	0.	0.59353	-7.0431e-006
4355	-9.1925e-003	0.	0.53103	-1.2138e-005
4356	-1.358e-002	0.	0.63229	-6.3638e-006
4360	-0.22473	0.	0.82756	-1.1334e-006
4361	-0.22444	0.	0.89006	-7.6847e-007
4362	-0.10487	0.	0.83149	-1.5934e-006
4363	-0.16657	0.	0.81184	-1.8748e-006
4364	-0.10885	0.	0.89359	-9.4413e-007
4369	-0.34921	0.	0.79014	-6.8004e-007
4370	-0.2913	0.	0.835	-7.7964e-007
4371	-0.33408	0.	0.7311	-7.6971e-007
4372	-0.23343	0.	0.75678	-1.886e-006
4376	0.47473	0.	0.83446	5.2216e-007
4377	0.47591	0.	0.69676	1.2096e-006
4378	0.44153	0.	0.76502	5.3136e-007
4379	0.54764	0.	0.7006	1.4086e-006
4380	0.55716	0.	0.83236	6.3581e-007
4386	0.81826	0.	0.31827	4.7727e-006
4387	0.72015	0.	0.19246	7.83e-006
4388	0.80699	0.	0.19904	5.8499e-006
4389	0.73895	0.	0.34063	5.0117e-006
4390	0.82083	0.	0.25875	5.2209e-006
4396	0.22846	0.	0.45466	-3.5194e-007
4397	0.27765	0.	0.40347	3.8894e-006
4398	0.18099	0.	0.38338	-8.4476e-007
4399	0.16446	0.	0.42279	-4.1819e-006
4400	0.23114	0.	0.36231	6.4366e-006
4405	-0.93447	0.	0.2977	4.8881e-006
4406	-0.88774	0.	0.42082	3.8241e-006
4407	-0.96685	0.	0.43187	3.4206e-006
4408	-0.98335	0.	0.31123	4.3649e-006
4409	-0.89822	0.	0.34808	4.8148e-006
4410	-0.99426	0.	0.37867	3.8851e-006
4413	5.1447e-002	0.	0.35049	-2.686e-005
4414	1.913e-002	0.	0.43917	-1.8328e-005
4415	8.8776e-002	0.	0.3783	-1.1114e-005
4416	7.2254e-002	0.	0.41771	-1.4452e-005
4417	-1.2752e-002	0.	0.40174	-2.3972e-005
4418	1.0905e-002	0.	0.36894	-2.9408e-005
4422	0.80576	0.	0.79557	1.0112e-006
4423	0.84176	0.	0.62525	1.9216e-006
4424	0.77815	0.	0.67403	1.7069e-006
4425	0.86821	0.	0.76546	1.1218e-006
4430	-0.86629	0.	0.18151	7.3962e-006
4431	-0.9522	0.	0.16546	5.8361e-006
4432	-0.97524	0.	0.23751	5.2177e-006
4433	-0.89012	0.	0.27436	5.6676e-006
4438	-0.19318	0.	0.20247	-4.0102e-005
4439	-0.24131	0.	0.28178	2.7059e-006
4440	-0.18979	0.	0.26304	-2.3791e-005
4444	0.49589	0.	0.23551	1.4311e-005
4445	0.60936	0.	0.14169	1.3268e-005
4446	0.55611	0.	0.12341	1.6749e-005
4447	0.47322	0.	0.15462	2.2665e-005
4452	0.27183	0.	0.56977	-4.7823e-007
4453	0.21034	0.	0.54666	-1.8016e-006
4454	0.28777	0.	0.45047	3.4986e-006
4455	0.17459	0.	0.46979	-4.5727e-006
4458	-1.6766e-002	0.	6.7462e-002	-1.4442e-003
4459	2.9055e-002	0.	8.4268e-002	2.7603e-004
4460	-7.2472e-003	0.	5.5775e-002	-2.277e-003
4461	3.2761e-002	0.	5.7418e-002	1.2037e-003
4462	1.5069e-002	0.	4.8085e-002	4.3394e-003
4463	6.8658e-004	0.	9.9641e-002	-2.5733e-005
4464	4.7706e-003	0.	5.344e-002	8.9251e-005
4470	-0.25136	0.	0.47978	-5.1796e-006
4471	-0.27375	0.	0.38083	-4.6416e-006
4472	-0.33419	0.	0.39314	1.639e-006
4473	-0.31098	0.	0.49966	-2.7454e-006
4477	0.24359	0.	0.61477	-1.5371e-006
4478	0.37391	0.	0.63547	6.6018e-007
4479	0.33954	0.	0.70374	-1.8016e-008
4480	0.2346	0.	0.66861	-1.1718e-006
4485	-0.6773	0.	0.71692	1.1103e-006
4486	-0.5586	0.	0.72019	8.2574e-007
4487	-0.64183	0.	0.80639	6.9082e-007
4488	-0.59177	0.	0.67099	1.266e-006
4491	-0.27353	0.	0.54228	-4.9576e-006
4492	-0.15766	0.	0.50824	-1.0669e-005
4493	-0.18007	0.	0.56412	-6.6793e-006
4497	-0.52704	0.	0.43621	6.2213e-006
4498	-0.44381	0.	0.35995	7.4931e-006
4499	-0.48406	0.	0.31034	1.5602e-005
4500	-0.56443	0.	0.37796	7.7932e-006
4505	-0.14905	0.	0.13034	-1.2214e-004
4506	-0.15904	0.	0.22646	-7.562e-005
4511	0.6904	0.	0.89065	5.0899e-007
4512	0.83312	0.	0.89476	5.0788e-007
4513	0.83799	0.	0.84689	7.4191e-007
4517	-0.77081	0.	0.65343	1.7411e-006
4518	-0.80798	0.	0.75767	9.7093e-007
4519	-0.70105	0.	0.80106	7.4126e-007
4520	-0.80932	0.	0.69186	1.2834e-006
4525	-0.94502	0.	0.84129	6.5915e-007
4526	-1.0143	0.	0.81085	8.6141e-007
4527	-0.96114	0.	0.90868	4.3733e-007
4531	0.11366	0.	0.89661	-6.8327e-007
4532	-3.4041e-003	0.	0.8304	-1.4951e-006
4533	9.0957e-002	0.	0.84205	-1.1081e-006
4534	-7.3846e-003	0.	0.89251	-8.4579e-007
4539	0.1715	0.	0.10788	2.2984e-004
4540	0.26941	0.	0.1179	8.2694e-005
4541	0.2376	0.	0.16359	8.0239e-005
4542	0.19971	0.	0.14702	9.3502e-005
4547	0.11045	0.	0.15553	1.8982e-004
4548	8.263e-002	0.	0.10131	2.9241e-004
4549	8.6335e-002	0.	7.4457e-002	1.2201e-003
4550	0.14507	0.	0.14077	2.0987e-004
4556	-0.78613	0.	0.43755	4.5498e-006
4557	-0.819	0.	0.53274	2.9672e-006
4558	-0.91202	0.	0.48127	3.2094e-006
4559	-0.84339	0.	0.39748	4.6036e-006
4563	0.86657	0.	0.45342	3.0496e-006
4564	0.80629	0.	0.39283	3.8863e-006
4565	0.88817	0.	0.31095	4.0954e-006
4572	-0.43835	0.	0.18677	4.6369e-005
4573	-0.47199	0.	0.13051	5.2408e-005
4579	0.28088	0.	0.16736	4.9457e-005
4580	0.36489	0.	0.13318	4.0235e-005
4584	0.3997	0.	0.35288	9.7942e-006
4585	0.49744	0.	0.35348	9.0099e-006
4586	0.43976	0.	0.22558	2.0202e-005
4591	-4.8491e-002	0.	5.4096e-002	-6.446e-003
4592	-5.692e-002	0.	6.3837e-002	-3.9887e-003
4593	-3.3722e-002	0.	5.5691e-002	-4.0346e-003
4594	-6.0301e-002	0.	7.9017e-002	-2.6085e-003
4598	0.78392	0.	0.58515	2.2374e-006
4599	0.78726	0.	0.47578	3.2887e-006
4604	0.77621	0.	0.12542	7.7817e-006
4605	0.63611	0.	0.10056	1.3243e-005
4611	0.8769	0.	0.19171	5.1726e-006
4616	0.4072	0.	0.83904	1.6849e-007
4617	0.52283	0.	0.90638	2.7294e-007
4618	0.37527	0.	0.90178	1.6194e-008
4623	-0.58343	0.	0.44339	5.2738e-006
4624	-0.55576	0.	0.56068	2.587e-006
4627	0.13039	0.	0.6142	-3.5713e-006
4628	0.17312	0.	0.6455	-2.4952e-006
4630	0.40838	0.	0.70134	8.5589e-007
4631	0.51448	0.	0.63692	1.7331e-006
4634	8.6515e-002	0.	0.25646	1.0849e-007
4635	6.971e-002	0.	0.22142	-1.7326e-005
4636	0.13867	0.	0.19468	5.3482e-005
4640	0.10631	0.	0.33128	-1.7474e-005
4641	5.2176e-002	0.	0.26844	-5.0655e-005
4642	2.8439e-002	0.	0.32192	-3.5768e-005
4647	-0.73247	0.	0.12282	1.4112e-005
4648	-0.89212	0.	0.12299	7.4914e-006
4649	-0.83004	0.	0.23189	7.3229e-006
4654	-0.68008	0.	0.39501	6.1661e-006
4655	-0.79661	0.	0.36481	5.5405e-006
4658	-0.31914	0.	0.33682	-3.5237e-008
4659	-0.20718	0.	0.30577	-3.2812e-005
4663	-0.41984	0.	0.29951	1.4355e-005
4666	0.34207	0.	0.83235	2.5397e-008
4671	-0.45297	0.	0.76296	1.8802e-007
4672	-0.43784	0.	0.70391	9.8355e-008
4673	-0.53229	0.	0.66893	1.0318e-006
4676	-0.35486	0.	0.62593	-1.4591e-006
4681	-0.34892	0.	0.85264	-3.1512e-007
4682	-0.3917	0.	0.74874	-3.0519e-007
4683	-0.42658	0.	0.86446	-1.7906e-007
4687	-0.12382	0.	0.54996	-9.9569e-006
4688	-4.8528e-002	0.	0.48745	-1.5051e-005
4689	-8.041e-002	0.	0.45003	-2.0695e-005
4693	0.65326	0.	0.63735	1.9775e-006
4697	-0.12113	0.	0.30472	-5.3973e-005
4698	-7.301e-002	0.	0.3642	-3.804e-005
4699	-4.9354e-002	0.	0.3314	-4.3476e-005
4707	-0.49373	0.	0.19365	2.8503e-005
4712	0.2462	0.	0.90393	-2.8396e-007
4713	0.15956	0.	0.85821	-8.6583e-007
4718	-0.10652	0.	9.2719e-002	-1.0837e-003
4719	-0.13457	0.	7.5809e-002	3.3638e-004
4720	-0.15504	0.	7.32e-002	1.0361e-003
4725	-0.36868	0.	0.90932	-2.7866e-007
4734	-0.89811	0.	0.54379	2.5636e-006
4735	-0.84361	0.	0.6337	1.8637e-006
4740	-0.94867	0.	0.77331	9.8333e-007
4741	-0.88078	0.	0.73794	1.0936e-006
4742	-0.89556	0.	0.87113	5.5925e-007
4746	0.29046	0.	0.35812	1.0287e-005
4747	0.43471	0.	0.39988	6.9557e-006
4752	5.2107e-002	0.	7.4139e-002	1.1663e-003
4753	2.0033e-002	0.	0.11636	-6.3143e-005
4759	0.1214	0.	0.66804	-3.206e-006
4760	3.7122e-002	0.	0.66004	-4.4452e-006
4763	-0.11357	0.	0.76071	-2.346e-006
4764	-2.815e-002	0.	0.73185	-3.3364e-006
4765	-5.5853e-002	0.	0.84246	-1.4153e-006
4771	-0.16075	0.	0.67345	-4.2971e-006
4772	-8.9849e-002	0.	0.71221	-3.6178e-006
4777	-1.0185	0.	0.43913	3.2703e-006
4781	-7.533e-002	0.	0.64459	-5.2876e-006
4785	6.1323e-003	0.	0.21586	-1.4891e-004
4786	-1.5721e-002	0.	0.16503	-2.9732e-004
4799	-0.59304	0.	0.122	2.6857e-005
4807	0.89558	0.	0.86464	6.184e-007
4811	0.67171	0.	0.42528	4.3517e-006
4814	0.15049	0.	0.75149	-1.7102e-006
4819	5.7471e-002	0.	0.45937	-1.2279e-005
4820	-2.7534e-002	0.	0.44341	-2.18e-005
4827	-6.217e-002	0.	5.0556e-002	-7.2328e-003
4828	-3.8972e-002	0.	4.241e-002	-7.2787e-003
4829	-6.7932e-002	0.	4.1093e-002	-8.7165e-003
4836	-7.3981e-002	0.	7.5477e-002	-3.3953e-003
4837	-7.6362e-002	0.	5.0834e-002	-6.2592e-003
4841	-0.95001	0.	0.7075	1.2958e-006
4846	0.12712	0.	0.39851	-5.0655e-006
4847	0.19379	0.	0.33803	5.553e-006
4857	-0.12708	0.	3.643e-002	5.9065e-003
4858	-9.8223e-002	0.	4.2474e-002	-3.8564e-003
4859	-0.1239	0.	5.0206e-002	4.2757e-004
4864	-1.2185e-002	0.	4.1669e-002	-2.5011e-003
4871	3.8121e-002	0.	3.7957e-002	5.2296e-003
4878	1.0131e-002	0.	3.3979e-002	4.1152e-003
4884	-0.13665	0.	4.306e-002	6.304e-003
4885	-0.15713	0.	4.0451e-002	7.0038e-003
4893	0.24651	0.	0.265	2.9918e-005
4894	0.21118	0.	0.19647	6.0265e-005
4922	-1.0011	0.	0.17899	5.3129e-006
4926	-3.576e-002	0.	0.37318	-3.288e-005
4948	-1.035	0.	0.31849	4.2147e-006
4957	0.57444	0.	0.41793	5.3748e-006
4982	-0.15394	0.	5.4227e-002	1.5248e-003
