Node Number	X Location (m)	Y Location (m)	Z Location (m)	Directional Magnetic Flux Density (T)
13	-0.2	0.	2.5e-002	0.16602
14	-0.18182	0.	2.5e-002	0.29927
15	-0.16364	0.	2.5e-002	0.45615
16	-0.14545	0.	2.5e-002	0.53352
17	-0.12727	0.	2.5e-002	0.57896
18	-0.10909	0.	2.5e-002	0.60079
19	-9.0909e-002	0.	2.5e-002	0.5958
20	-7.2727e-002	0.	2.5e-002	0.58087
21	-5.4545e-002	0.	2.5e-002	0.53081
22	-3.6364e-002	0.	2.5e-002	0.46876
23	0.	0.	2.5e-002	0.16876
24	-1.8182e-002	0.	2.5e-002	0.28081
95	-1.8182e-002	0.	-2.5e-002	0.27459
96	0.	0.	-2.5e-002	0.16074
97	-3.6364e-002	0.	-2.5e-002	0.46994
98	-5.4545e-002	0.	-2.5e-002	0.5405
99	-7.2727e-002	0.	-2.5e-002	0.58081
100	-9.0909e-002	0.	-2.5e-002	0.60276
101	-0.10909	0.	-2.5e-002	0.60758
102	-0.12727	0.	-2.5e-002	0.58346
103	-0.14545	0.	-2.5e-002	0.53025
104	-0.16364	0.	-2.5e-002	0.4617
105	-0.18182	0.	-2.5e-002	0.28892
106	-0.2	0.	-2.5e-002	0.17687
457	0.	0.	0.	0.17459
458	-0.2	0.	0.	0.17142
900	-2.7273e-002	0.	0.	0.39145
901	-6.3636e-002	0.	0.	0.55475
902	-0.1074	0.	4.3368e-019	0.59993
903	-0.14411	0.	0.	0.53743
904	-0.17273	0.	0.	0.38921
2073	-0.19091	0.	2.5e-002	0.23265
2075	-0.2	0.	1.25e-002	0.16872
2081	-0.17273	0.	2.5e-002	0.37771
2083	-0.19091	0.	1.25e-002	0.23535
2084	-0.17727	0.	1.25e-002	0.34424
2088	-0.15455	0.	2.5e-002	0.49484
2090	-0.15387	0.	1.25e-002	0.49679
2091	-0.16818	0.	1.25e-002	0.42268
2095	-0.13636	0.	2.5e-002	0.55624
2097	-0.14478	0.	1.25e-002	0.53548
2099	-0.11818	0.	2.5e-002	0.58987
2101	-0.11734	0.	1.25e-002	0.58944
2102	-0.13569	0.	1.25e-002	0.5582
2104	-0.1	0.	2.5e-002	0.59829
2106	-0.10825	0.	1.25e-002	0.60036
2109	-8.1818e-002	0.	2.5e-002	0.58834
2111	-7.7273e-002	0.	1.25e-002	0.57528
2112	-9.9155e-002	0.	1.25e-002	0.59786
2116	-6.3636e-002	0.	2.5e-002	0.55584
2118	-6.8182e-002	0.	1.25e-002	0.56781
2120	-4.5455e-002	0.	2.5e-002	0.49978
2122	-5.9091e-002	0.	1.25e-002	0.54278
2124	-2.7273e-002	0.	2.5e-002	0.37479
2126	-3.1818e-002	0.	1.25e-002	0.4301
2127	-5.e-002	0.	1.25e-002	0.51176
2129	-9.0909e-003	0.	2.5e-002	0.22478
2131	0.	0.	1.25e-002	0.17167
2138	-9.0909e-003	0.	1.25e-002	0.2277
2139	-2.2727e-002	0.	1.25e-002	0.33613
2536	-9.0909e-003	0.	-2.5e-002	0.21766
2537	-2.7273e-002	0.	-2.5e-002	0.37227
2539	-9.0909e-003	0.	-1.25e-002	0.22459
2540	-2.2727e-002	0.	-1.25e-002	0.33302
2545	0.	0.	-1.25e-002	0.16766
2550	-4.5455e-002	0.	-2.5e-002	0.50522
2552	-3.1818e-002	0.	-1.25e-002	0.43069
2553	-5.e-002	0.	-1.25e-002	0.51235
2556	-6.3636e-002	0.	-2.5e-002	0.56065
2558	-5.9091e-002	0.	-1.25e-002	0.54762
2560	-8.1818e-002	0.	-2.5e-002	0.59178
2562	-6.8182e-002	0.	-1.25e-002	0.56778
2564	-0.1	0.	-2.5e-002	0.60517
2566	-7.7273e-002	0.	-1.25e-002	0.57876
2567	-9.9155e-002	0.	-1.25e-002	0.60134
2570	-0.11818	0.	-2.5e-002	0.59552
2572	-0.10825	0.	-1.25e-002	0.60375
2575	-0.13636	0.	-2.5e-002	0.55686
2577	-0.11734	0.	-1.25e-002	0.59169
2578	-0.13569	0.	-1.25e-002	0.56045
2581	-0.15455	0.	-2.5e-002	0.49598
2583	-0.14478	0.	-1.25e-002	0.53384
2586	-0.17273	0.	-2.5e-002	0.37531
2588	-0.15387	0.	-1.25e-002	0.49957
2589	-0.16818	0.	-1.25e-002	0.42546
2591	-0.19091	0.	-2.5e-002	0.2329
2593	-0.19091	0.	-1.25e-002	0.23017
2594	-0.17727	0.	-1.25e-002	0.33907
2598	-0.2	0.	-1.25e-002	0.17415
4727	-1.3636e-002	0.	0.	0.28302
4736	-0.18636	0.	0.	0.28032
7702	-4.5455e-002	0.	0.	0.4731
7708	-8.5518e-002	0.	2.1684e-019	0.57734
7716	-0.12575	0.	2.1684e-019	0.56868
7724	-0.15842	0.	0.	0.46332
1	0.	0.	3.75e-002	1.9159e-002
2	-1.8182e-002	0.	3.75e-002	3.3609e-003
3	-3.6364e-002	0.	3.75e-002	-1.2946e-002
4	-5.4545e-002	0.	3.75e-002	-1.4064e-002
5	-7.2727e-002	0.	3.75e-002	-1.4959e-002
6	-9.0909e-002	0.	3.75e-002	-1.5214e-002
7	-0.10909	0.	3.75e-002	-1.5161e-002
8	-0.12727	0.	3.75e-002	-1.5003e-002
9	-0.14545	0.	3.75e-002	-1.4189e-002
10	-0.16364	0.	3.75e-002	-1.2936e-002
11	-0.18182	0.	3.75e-002	2.614e-003
12	-0.2	0.	3.75e-002	1.759e-002
13	-0.2	0.	2.5e-002	1.759e-002
14	-0.18182	0.	2.5e-002	2.614e-003
15	-0.16364	0.	2.5e-002	-1.2936e-002
16	-0.14545	0.	2.5e-002	-1.4189e-002
17	-0.12727	0.	2.5e-002	-1.5003e-002
18	-0.10909	0.	2.5e-002	-1.5161e-002
19	-9.0909e-002	0.	2.5e-002	-1.5214e-002
20	-7.2727e-002	0.	2.5e-002	-1.4959e-002
21	-5.4545e-002	0.	2.5e-002	-1.4064e-002
22	-3.6364e-002	0.	2.5e-002	-1.2946e-002
23	0.	0.	2.5e-002	1.9159e-002
24	-1.8182e-002	0.	2.5e-002	3.3609e-003
95	-1.8182e-002	0.	-2.5e-002	2.726e-003
96	0.	0.	-2.5e-002	1.8358e-002
97	-3.6364e-002	0.	-2.5e-002	-1.3075e-002
98	-5.4545e-002	0.	-2.5e-002	-1.4052e-002
99	-7.2727e-002	0.	-2.5e-002	-1.4992e-002
100	-9.0909e-002	0.	-2.5e-002	-1.5129e-002
101	-0.10909	0.	-2.5e-002	-1.5168e-002
102	-0.12727	0.	-2.5e-002	-1.4931e-002
103	-0.14545	0.	-2.5e-002	-1.4223e-002
104	-0.16364	0.	-2.5e-002	-1.3069e-002
105	-0.18182	0.	-2.5e-002	3.0647e-003
106	-0.2	0.	-2.5e-002	1.8483e-002
199	-0.18182	0.	-3.75e-002	3.0647e-003
200	-0.2	0.	-3.75e-002	1.8483e-002
201	-0.16364	0.	-3.75e-002	-1.3069e-002
202	-0.14545	0.	-3.75e-002	-1.4223e-002
203	-0.12727	0.	-3.75e-002	-1.4931e-002
204	-0.10909	0.	-3.75e-002	-1.5168e-002
205	-9.0909e-002	0.	-3.75e-002	-1.5129e-002
206	-7.2727e-002	0.	-3.75e-002	-1.4992e-002
207	-5.4545e-002	0.	-3.75e-002	-1.4052e-002
208	-3.6364e-002	0.	-3.75e-002	-1.3075e-002
209	-1.8182e-002	0.	-3.75e-002	2.726e-003
210	0.	0.	-3.75e-002	1.8358e-002
1999	-9.0909e-003	0.	3.75e-002	1.126e-002
2000	0.	0.	3.125e-002	1.9159e-002
2007	-2.7273e-002	0.	3.75e-002	-4.7927e-003
2008	-1.8182e-002	0.	3.125e-002	3.3609e-003
2014	-4.5455e-002	0.	3.75e-002	-1.3505e-002
2015	-3.6364e-002	0.	3.125e-002	-1.2946e-002
2022	-6.3636e-002	0.	3.75e-002	-1.4511e-002
2023	-5.4545e-002	0.	3.125e-002	-1.4064e-002
2027	-8.1818e-002	0.	3.75e-002	-1.5086e-002
2028	-7.2727e-002	0.	3.125e-002	-1.4959e-002
2033	-0.1	0.	3.75e-002	-1.5188e-002
2034	-9.0909e-002	0.	3.125e-002	-1.5214e-002
2038	-0.11818	0.	3.75e-002	-1.5082e-002
2039	-0.10909	0.	3.125e-002	-1.5161e-002
2045	-0.13636	0.	3.75e-002	-1.4596e-002
2046	-0.12727	0.	3.125e-002	-1.5003e-002
2050	-0.15455	0.	3.75e-002	-1.3563e-002
2051	-0.14545	0.	3.125e-002	-1.4189e-002
2055	-0.17273	0.	3.75e-002	-5.1611e-003
2056	-0.16364	0.	3.125e-002	-1.2936e-002
2060	-0.19091	0.	3.75e-002	1.0102e-002
2061	-0.18182	0.	3.125e-002	2.614e-003
2066	-0.2	0.	3.125e-002	1.759e-002
2073	-0.19091	0.	2.5e-002	1.0102e-002
2081	-0.17273	0.	2.5e-002	-5.1611e-003
2088	-0.15455	0.	2.5e-002	-1.3563e-002
2095	-0.13636	0.	2.5e-002	-1.4596e-002
2099	-0.11818	0.	2.5e-002	-1.5082e-002
2104	-0.1	0.	2.5e-002	-1.5188e-002
2109	-8.1818e-002	0.	2.5e-002	-1.5086e-002
2116	-6.3636e-002	0.	2.5e-002	-1.4511e-002
2120	-4.5455e-002	0.	2.5e-002	-1.3505e-002
2124	-2.7273e-002	0.	2.5e-002	-4.7927e-003
2129	-9.0909e-003	0.	2.5e-002	1.126e-002
2536	-9.0909e-003	0.	-2.5e-002	1.0542e-002
2537	-2.7273e-002	0.	-2.5e-002	-5.1743e-003
2538	-1.8182e-002	0.	-3.125e-002	2.726e-003
2544	0.	0.	-3.125e-002	1.8358e-002
2550	-4.5455e-002	0.	-2.5e-002	-1.3563e-002
2551	-3.6364e-002	0.	-3.125e-002	-1.3075e-002
2556	-6.3636e-002	0.	-2.5e-002	-1.4522e-002
2557	-5.4545e-002	0.	-3.125e-002	-1.4052e-002
2560	-8.1818e-002	0.	-2.5e-002	-1.5061e-002
2561	-7.2727e-002	0.	-3.125e-002	-1.4992e-002
2564	-0.1	0.	-2.5e-002	-1.5149e-002
2565	-9.0909e-002	0.	-3.125e-002	-1.5129e-002
2570	-0.11818	0.	-2.5e-002	-1.505e-002
2571	-0.10909	0.	-3.125e-002	-1.5168e-002
2575	-0.13636	0.	-2.5e-002	-1.4577e-002
2576	-0.12727	0.	-3.125e-002	-1.4931e-002
2581	-0.15455	0.	-2.5e-002	-1.3646e-002
2582	-0.14545	0.	-3.125e-002	-1.4223e-002
2586	-0.17273	0.	-2.5e-002	-5.002e-003
2587	-0.16364	0.	-3.125e-002	-1.3069e-002
2591	-0.19091	0.	-2.5e-002	1.0774e-002
2592	-0.18182	0.	-3.125e-002	3.0647e-003
2597	-0.2	0.	-3.125e-002	1.8483e-002
3188	-0.19091	0.	-3.75e-002	1.0774e-002
3189	-0.17273	0.	-3.75e-002	-5.002e-003
3201	-0.15455	0.	-3.75e-002	-1.3646e-002
3205	-0.13636	0.	-3.75e-002	-1.4577e-002
3208	-0.11818	0.	-3.75e-002	-1.505e-002
3216	-0.1	0.	-3.75e-002	-1.5149e-002
3220	-8.1818e-002	0.	-3.75e-002	-1.5061e-002
3225	-6.3636e-002	0.	-3.75e-002	-1.4522e-002
3229	-4.5455e-002	0.	-3.75e-002	-1.3563e-002
3233	-2.7273e-002	0.	-3.75e-002	-5.1743e-003
3237	-9.0909e-003	0.	-3.75e-002	1.0542e-002
96	0.	0.	-2.5e-002	6.1674e-002
106	-0.2	0.	-2.5e-002	6.2937e-002
199	-0.18182	0.	-3.75e-002	-3.0836e-003
200	-0.2	0.	-3.75e-002	2.2465e-002
201	-0.16364	0.	-3.75e-002	-1.3253e-002
202	-0.14545	0.	-3.75e-002	-2.1496e-002
203	-0.12727	0.	-3.75e-002	-2.0563e-002
204	-0.10909	0.	-3.75e-002	-2.2852e-002
205	-9.0909e-002	0.	-3.75e-002	-2.2425e-002
206	-7.2727e-002	0.	-3.75e-002	-2.2128e-002
207	-5.4545e-002	0.	-3.75e-002	-2.0255e-002
208	-3.6364e-002	0.	-3.75e-002	-1.2614e-002
209	-1.8182e-002	0.	-3.75e-002	-6.4826e-003
210	0.	0.	-3.75e-002	2.0779e-002
281	1.	0.	-9.4318e-002	3.754e-005
282	1.	0.	-0.18864	3.4444e-005
283	1.	0.	-0.28295	2.9694e-005
284	1.	0.	-0.37727	2.5501e-005
285	1.	0.	-0.47159	2.2018e-005
286	1.	0.	-0.56591	1.5159e-005
287	1.	0.	-0.66023	1.1454e-005
288	1.	0.	-0.75455	8.6029e-006
289	1.	0.	-0.84886	5.1133e-006
290	1.	0.	-0.94318	2.3536e-006
301	0.90435	0.	-1.0375	1.4289e-006
302	0.8087	0.	-1.0375	1.1884e-006
303	0.71304	0.	-1.0375	1.1739e-006
304	0.61739	0.	-1.0375	1.0591e-006
305	0.52174	0.	-1.0375	8.6959e-007
306	0.42609	0.	-1.0375	6.2645e-007
307	0.33043	0.	-1.0375	-1.2962e-007
308	0.23478	0.	-1.0375	-1.093e-006
309	0.13913	0.	-1.0375	-1.2989e-006
310	4.3478e-002	0.	-1.0375	-2.2267e-006
311	-5.2174e-002	0.	-1.0375	-2.6369e-006
312	-0.14783	0.	-1.0375	-2.4486e-006
313	-0.24348	0.	-1.0375	-2.4657e-006
314	-0.33913	0.	-1.0375	-1.7078e-006
315	-0.43478	0.	-1.0375	-5.3665e-007
316	-0.53043	0.	-1.0375	4.7818e-008
317	-0.62609	0.	-1.0375	8.7743e-007
318	-0.72174	0.	-1.0375	1.1259e-006
319	-0.81739	0.	-1.0375	7.8267e-007
320	-0.91304	0.	-1.0375	1.2823e-006
321	-1.0087	0.	-1.0375	1.4284e-006
322	-1.1043	0.	-1.0375	1.3566e-006
328	-1.2	0.	-0.94318	2.2427e-006
329	-1.2	0.	-0.84886	5.3867e-006
330	-1.2	0.	-0.75455	8.6364e-006
331	-1.2	0.	-0.66023	1.224e-005
332	-1.2	0.	-0.56591	1.5656e-005
333	-1.2	0.	-0.47159	2.1088e-005
334	-1.2	0.	-0.37727	2.5615e-005
335	-1.2	0.	-0.28295	2.9942e-005
336	-1.2	0.	-0.18864	3.4087e-005
337	-1.2	0.	-9.4318e-002	3.6882e-005
343	9.0909e-002	0.	0.	8.503e-003
344	0.18182	0.	0.	1.961e-003
345	0.27273	0.	0.	6.6637e-004
346	0.36364	0.	0.	3.2235e-004
347	0.45455	0.	0.	1.9831e-004
348	0.54545	0.	0.	1.2743e-004
349	0.63636	0.	0.	8.6843e-005
350	0.72727	0.	0.	6.5703e-005
351	0.81818	0.	0.	4.9009e-005
352	0.90909	0.	0.	3.9603e-005
353	-1.1091	0.	0.	4.0026e-005
354	-1.0182	0.	0.	4.6384e-005
355	-0.92727	0.	0.	6.5457e-005
356	-0.83636	0.	0.	8.2294e-005
357	-0.74545	0.	0.	1.1948e-004
358	-0.65455	0.	0.	1.8921e-004
359	-0.56364	0.	0.	3.5342e-004
360	-0.47273	0.	0.	7.2676e-004
361	-0.38182	0.	0.	2.0346e-003
362	-0.29091	0.	0.	6.2304e-003
457	0.	0.	0.	0.1007
458	-0.2	0.	0.	0.10059
463	1.	0.	-1.0375	1.0012e-006
464	1.	0.	0.	3.7608e-005
465	-1.2	0.	-1.0375	9.2929e-007
466	-1.2	0.	0.	3.7406e-005
471	4.5455e-002	0.	0.	3.0591e-002
472	-0.24545	0.	0.	3.2356e-002
645	7.8261e-002	0.	-0.37083	-9.5386e-005
646	-6.6966e-002	0.	-0.20082	-1.6396e-003
647	-0.18551	0.	-0.48194	-1.0866e-004
648	-0.19713	0.	-0.26359	-4.6541e-004
649	-0.68518	0.	-0.513	2.7817e-005
650	0.53913	0.	-0.46837	3.1463e-005
651	0.13895	0.	-0.69688	-1.6406e-005
652	-0.46073	0.	-0.39684	5.144e-005
653	-0.31014	0.	-0.75972	-1.1393e-005
654	-0.18848	0.	-0.14734	-1.2887e-003
655	-2.7281e-002	0.	-0.1142	-2.7255e-003
656	0.63471	0.	-0.77042	7.0186e-006
657	-0.78845	0.	-0.26897	7.453e-005
658	-0.31135	0.	-0.29429	-4.5566e-005
659	0.3125	0.	-0.41033	5.7971e-005
660	-0.96425	0.	-0.64252	1.4324e-005
661	4.4021e-002	0.	-0.27763	-2.3027e-004
662	-0.16538	0.	-0.74175	-2.7311e-005
663	-7.1607e-002	0.	-0.56903	-6.0991e-005
664	-0.66295	0.	-0.67226	9.7966e-006
665	0.58435	0.	-0.34653	5.0078e-005
666	0.34709	0.	-0.71035	5.195e-006
667	0.20878	0.	-0.10643	9.2587e-004
668	0.13213	0.	-5.757e-002	3.327e-003
669	-0.14033	0.	-7.1211e-002	-1.2876e-002
670	-0.11288	0.	-0.12183	-5.2359e-003
671	0.69275	0.	-0.50088	2.6703e-005
672	-0.10966	0.	-0.41713	-1.9274e-004
673	-0.4054	0.	-0.5014	-6.1524e-006
674	0.34482	0.	-0.27366	1.4728e-004
675	-0.50206	0.	-0.26899	1.9622e-004
676	0.10829	0.	-0.46703	-4.1702e-005
677	0.80092	0.	-0.25044	3.9834e-005
678	-0.89472	0.	-0.83091	5.8327e-006
679	-8.8307e-002	0.	-0.32217	-4.4657e-004
680	-1.0086	0.	-0.34157	3.2443e-005
681	-0.20334	0.	-9.0652e-002	2.2659e-004
682	4.5963e-003	0.	-0.1975	-4.9769e-004
683	-0.49519	0.	-0.71835	9.9917e-007
684	7.4535e-002	0.	-5.7072e-002	6.5358e-003
685	-0.31557	0.	-0.13496	1.4384e-003
686	-0.24783	0.	-0.62083	-3.448e-005
687	-7.7577e-002	0.	-0.92007	-5.5793e-006
688	-9.2571e-002	0.	-7.7623e-002	-1.2406e-002
689	-0.84888	0.	-0.42177	3.7383e-005
690	0.80286	0.	-0.81062	5.9001e-006
691	-0.5879	0.	-0.39257	6.081e-005
692	0.24475	0.	-0.5703	2.4617e-007
693	-0.24422	0.	-0.38855	-1.1634e-004
694	-1.7141e-002	0.	-0.7167	-2.9427e-005
695	-0.64629	0.	-0.27743	9.9485e-005
696	0.17691	0.	-0.92481	-2.865e-006
697	-1.2186e-002	0.	-6.6768e-002	-1.1273e-003
698	0.42609	0.	-0.5944	1.6554e-005
699	0.54002	0.	-0.11479	1.2378e-004
700	-0.52448	0.	-0.902	-4.0586e-007
701	0.37851	0.	-0.85884	1.6238e-006
702	0.87057	0.	-0.57514	1.6263e-005
703	-0.13281	0.	-0.18979	-1.8653e-003
704	-0.19903	0.	-0.88935	-8.3248e-006
705	5.2191e-002	0.	-0.61795	-3.8196e-005
706	3.5523e-002	0.	-0.14065	4.0885e-004
707	8.409e-002	0.	-0.20671	1.3634e-004
708	-0.53264	0.	-0.51063	2.4704e-005
709	-0.97477	0.	-0.12042	5.3886e-005
710	0.82365	0.	-0.4155	2.7005e-005
711	-2.657e-003	0.	-0.44954	-1.34e-004
712	-0.72005	0.	-0.86041	3.5596e-006
713	-1.0365	0.	-0.81609	6.0254e-006
714	0.46957	0.	-0.73668	7.8938e-006
715	-0.96787	0.	-0.50083	2.4785e-005
716	-0.36018	0.	-0.9182	-3.1943e-006
717	-0.39069	0.	-0.20602	4.7717e-004
718	0.44576	0.	-0.3577	6.6726e-005
719	0.18624	0.	-0.38019	6.1725e-007
720	0.35674	0.	-0.1212	2.9903e-004
721	-0.37085	0.	-0.63276	-1.1753e-005
722	-0.48816	0.	-0.1365	4.2487e-004
723	0.5166	0.	-0.89991	2.6274e-006
724	-5.3894e-002	0.	-7.8395e-002	-9.4041e-003
725	0.58261	0.	-0.61065	1.5341e-005
726	-0.249	0.	-0.19742	-6.6151e-005
727	-0.10341	0.	-0.24769	-9.0503e-004
728	-0.1689	0.	-0.34336	-2.6894e-004
729	-0.69599	0.	-0.13079	1.5061e-004
730	0.69023	0.	-0.90764	3.1819e-006
731	0.65305	0.	-0.22191	6.1033e-005
732	-0.2883	0.	-0.50869	-6.1093e-005
733	-9.3006e-002	0.	-0.15842	-3.0581e-003
734	-3.5024e-003	0.	-0.34074	-2.4738e-004
735	-0.1553	0.	-0.1054	-4.862e-003
736	-0.81957	0.	-0.58158	1.6974e-005
737	-0.71408	0.	-0.38733	5.7958e-005
738	-8.3154e-002	0.	-9.8071e-002	-7.4446e-003
739	0.87494	0.	-0.12208	4.0972e-005
740	0.73623	0.	-0.66675	1.3349e-005
741	9.5723e-002	0.	-0.8168	-9.0882e-006
742	-3.5595e-002	0.	-0.26443	-6.5697e-004
743	-0.83827	0.	-0.11847	7.9232e-005
744	0.25725	0.	-0.21974	3.2751e-004
745	-0.34986	0.	-0.40032	-8.0436e-006
746	-0.83456	0.	-0.72348	1.009e-005
747	-0.11304	0.	-0.64861	-4.3686e-005
748	-1.1025	0.	-0.57104	1.6085e-005
749	4.5441e-002	0.	-0.93701	-3.3015e-006
750	-0.23267	0.	-5.1781e-002	1.3587e-002
751	-0.24366	0.	-0.11833	1.4687e-003
752	0.84945	0.	-0.93947	2.4398e-006
753	-0.14928	0.	-0.56528	-7.1635e-005
754	0.69678	0.	-0.35856	3.9743e-005
755	-0.17115	0.	-6.58e-002	-8.291e-003
756	-1.0878	0.	-0.42835	2.5148e-005
757	-1.0726	0.	-0.91698	3.3703e-006
758	-1.0891	0.	-0.10938	3.9026e-005
759	-0.40294	0.	-0.31329	1.1334e-004
760	2.6147e-002	0.	-4.6989e-002	1.8052e-002
761	0.41515	0.	-0.47383	3.2919e-005
762	0.33109	0.	-0.52305	1.705e-005
763	-0.5339	0.	-0.61886	6.3089e-006
764	-0.39828	0.	-8.7807e-002	9.6745e-004
765	-0.18604	0.	-0.20353	-9.8067e-004
766	0.90652	0.	-0.73056	8.6248e-006
767	0.14263	0.	-0.5821	-2.0816e-005
768	-4.5436e-002	0.	-0.15783	-2.1525e-003
769	-0.28271	0.	-7.3576e-002	4.8471e-003
770	-0.19941	0.	-6.0778e-002	5.7118e-003
771	2.5e-002	0.	-0.52593	-6.8164e-005
772	-0.23146	0.	-0.31198	-2.1758e-004
773	-0.4196	0.	-0.8087	-4.7851e-006
774	0.1624	0.	-0.20597	4.9915e-004
775	0.25975	0.	-0.3141	1.0948e-004
776	-0.13633	0.	-0.1435	-3.4294e-003
777	0.91182	0.	-0.34923	2.7702e-005
778	-0.14075	0.	-0.28452	-6.3782e-004
779	0.31472	0.	-0.61361	6.6624e-006
780	-0.15039	0.	-5.2669e-002	-1.7779e-002
781	-7.8649e-002	0.	-5.7603e-002	-1.8534e-002
782	0.11327	0.	-0.28556	1.0059e-005
783	0.7181	0.	-0.10371	6.212e-005
784	0.21304	0.	-0.47855	-2.9089e-006
785	0.10459	0.	-0.12435	1.6429e-003
786	-7.8942e-002	0.	-0.12978	-4.3714e-003
787	-8.3681e-002	0.	-0.49897	-1.0517e-004
788	-0.11673	0.	-7.2236e-002	-1.4164e-002
789	-1.062	0.	-0.22534	4.0535e-005
790	0.2393	0.	-0.66295	-3.5042e-006
791	-4.5129e-002	0.	-5.7948e-002	-1.4801e-002
792	3.4087e-002	0.	-8.8889e-002	2.7504e-003
793	0.9116	0.	-0.23201	3.3568e-005
794	0.52834	0.	-0.25362	9.5451e-005
795	-1.1003	0.	-0.72489	9.7518e-006
796	-0.96282	0.	-0.74849	8.678e-006
797	0.30251	0.	-0.94303	-3.7893e-007
798	-9.422e-002	0.	-0.82056	-1.5941e-005
799	-0.83898	0.	-0.95378	2.3919e-006
800	-0.96114	0.	-0.92746	3.5651e-006
801	-0.92016	0.	-0.24942	4.8906e-005
802	0.24129	0.	-0.79706	-3.3855e-006
803	-0.10314	0.	-5.679e-002	-1.7852e-002
804	-0.57948	0.	-7.6891e-002	3.1934e-004
805	-0.5857	0.	-0.17928	1.9254e-004
806	-0.12113	0.	-9.366e-002	-8.6747e-003
807	-0.33291	0.	-5.8359e-002	2.5475e-003
2544	0.	0.	-3.125e-002	4.1226e-002
2545	0.	0.	-1.25e-002	8.1185e-002
2546	2.2727e-002	0.	-1.25e-002	4.6132e-002
2547	1.3074e-002	0.	-3.5995e-002	3.9863e-002
2597	-0.2	0.	-3.125e-002	4.2701e-002
2598	-0.2	0.	-1.25e-002	8.1765e-002
2599	-0.22273	0.	-1.25e-002	4.7646e-002
2600	-0.21634	0.	-3.839e-002	3.8262e-002
3188	-0.19091	0.	-3.75e-002	9.6908e-003
3189	-0.17273	0.	-3.75e-002	-8.1685e-003
3190	-0.17648	0.	-5.165e-002	-5.6873e-003
3191	-0.19061	0.	-4.9139e-002	1.3141e-003
3196	-0.21634	0.	-4.464e-002	1.8026e-002
3197	-0.1997	0.	-4.9139e-002	1.4088e-002
3201	-0.15455	0.	-3.75e-002	-1.7375e-002
3202	-0.16739	0.	-5.165e-002	-1.0772e-002
3203	-0.15701	0.	-4.5085e-002	-1.5516e-002
3205	-0.13636	0.	-3.75e-002	-2.103e-002
3206	-0.14792	0.	-4.5085e-002	-1.9638e-002
3208	-0.11818	0.	-3.75e-002	-2.1708e-002
3209	-0.1338	0.	-5.4356e-002	-1.6719e-002
3210	-0.13883	0.	-4.5085e-002	-1.9171e-002
3211	-0.122	0.	-5.4868e-002	-1.7364e-002
3212	-0.11521	0.	-4.7145e-002	-1.9208e-002
3216	-0.1	0.	-3.75e-002	-2.2639e-002
3217	-0.10612	0.	-4.7145e-002	-2.0352e-002
3220	-8.1818e-002	0.	-3.75e-002	-2.2276e-002
3221	-8.4779e-002	0.	-4.7551e-002	-2.0479e-002
3222	-9.7026e-002	0.	-4.7145e-002	-2.0138e-002
3225	-6.3636e-002	0.	-3.75e-002	-2.1192e-002
3226	-7.5688e-002	0.	-4.7551e-002	-2.0331e-002
3229	-4.5455e-002	0.	-3.75e-002	-1.6435e-002
3230	-6.6597e-002	0.	-4.7551e-002	-1.9395e-002
3231	-4.9837e-002	0.	-4.7724e-002	-1.7528e-002
3233	-2.7273e-002	0.	-3.75e-002	-9.5484e-003
3234	-2.4275e-002	0.	-5.2134e-002	-6.8707e-003
3235	-4.0746e-002	0.	-4.7724e-002	-1.3707e-002
3237	-9.0909e-003	0.	-3.75e-002	7.1479e-003
3238	-1.5184e-002	0.	-5.2134e-002	-3.805e-003
3241	-6.0931e-003	0.	-5.2134e-002	9.8256e-003
3242	1.3074e-002	0.	-4.2245e-002	1.9415e-002
3694	1.	0.	-0.14148	3.5992e-005
3696	0.95455	0.	-4.7159e-002	3.8571e-005
3697	1.	0.	-4.7159e-002	3.7574e-005
3698	0.93747	0.	-0.1082	3.9256e-005
3702	1.	0.	-0.2358	3.2069e-005
3703	0.93747	0.	-0.15536	3.7708e-005
3704	0.9558	0.	-0.21033	3.4006e-005
3708	1.	0.	-0.33011	2.7598e-005
3709	0.95591	0.	-0.31609	2.8698e-005
3710	0.9558	0.	-0.25748	3.1631e-005
3714	1.	0.	-0.42443	2.376e-005
3715	0.95591	0.	-0.36325	2.6602e-005
3717	1.	0.	-0.51875	1.8588e-005
3718	0.93528	0.	-0.52337	1.9141e-005
3719	0.91182	0.	-0.44354	2.4512e-005
3720	0.95591	0.	-0.41041	2.486e-005
3724	1.	0.	-0.61307	1.3306e-005
3725	0.93528	0.	-0.57053	1.5711e-005
3729	1.	0.	-0.70739	1.0029e-005
3730	0.93528	0.	-0.61769	1.3859e-005
3731	0.95326	0.	-0.6954	1.004e-005
3733	1.	0.	-0.8017	6.8581e-006
3734	0.95326	0.	-0.74255	8.6138e-006
3737	1.	0.	-0.89602	3.7335e-006
3738	0.90143	0.	-0.82974	5.5067e-006
3739	0.92472	0.	-0.89417	3.7766e-006
3740	0.95326	0.	-0.78971	6.8691e-006
3745	0.95217	0.	-0.99034	1.8913e-006
3746	1.	0.	-0.99034	1.6774e-006
3747	0.92472	0.	-0.94133	2.3967e-006
3814	0.85652	0.	-1.0375	1.3087e-006
3815	0.95217	0.	-1.0375	1.2151e-006
3816	0.8769	0.	-0.98849	1.9344e-006
3820	0.76087	0.	-1.0375	1.1812e-006
3821	0.74946	0.	-0.97257	2.1852e-006
3822	0.82907	0.	-0.98849	1.8141e-006
3825	0.66522	0.	-1.0375	1.1165e-006
3826	0.70164	0.	-0.97257	2.1779e-006
3831	0.56957	0.	-1.0375	9.6436e-007
3832	0.567	0.	-0.96871	1.8432e-006
3833	0.65381	0.	-0.97257	2.1205e-006
3835	0.47391	0.	-1.0375	7.4802e-007
3836	0.51917	0.	-0.96871	1.7485e-006
3841	0.37826	0.	-1.0375	2.4841e-007
3842	0.4023	0.	-0.94817	1.1251e-006
3843	0.47134	0.	-0.96871	1.6269e-006
3844	0.3643	0.	-0.99026	1.2376e-007
3847	0.28261	0.	-1.0375	-6.1132e-007
3848	0.31647	0.	-0.99026	-2.5428e-007
3851	0.18696	0.	-1.0375	-1.1959e-006
3852	0.20585	0.	-0.98115	-1.979e-006
3853	0.26865	0.	-0.99026	-7.3598e-007
3857	9.1304e-002	0.	-1.0375	-1.7628e-006
3858	0.15802	0.	-0.98115	-2.082e-006
3859	9.2286e-002	0.	-0.98725	-2.3002e-006
3861	-4.3478e-003	0.	-1.0375	-2.4318e-006
3862	4.446e-002	0.	-0.98725	-2.7641e-006
3866	-0.1	0.	-1.0375	-2.5427e-006
3867	-6.4876e-002	0.	-0.97878	-4.1081e-006
3868	-3.3665e-003	0.	-0.98725	-2.9692e-006
3872	-0.19565	0.	-1.0375	-2.4572e-006
3873	-0.1127	0.	-0.97878	-4.014e-006
3874	-0.17343	0.	-0.96343	-5.3867e-006
3876	-0.2913	0.	-1.0375	-2.0868e-006
3877	-0.22126	0.	-0.96343	-5.3953e-006
3878	-0.30183	0.	-0.97785	-2.83e-006
3882	-0.38696	0.	-1.0375	-1.1222e-006
3883	-0.34965	0.	-0.97785	-2.451e-006
3887	-0.48261	0.	-1.0375	-2.4442e-007
3888	-0.47963	0.	-0.96975	-4.7126e-007
3889	-0.39748	0.	-0.97785	-1.8655e-006
3891	-0.57826	0.	-1.0375	4.6262e-007
3892	-0.52746	0.	-0.96975	-1.7902e-007
3896	-0.67391	0.	-1.0375	1.0017e-006
3897	-0.57528	0.	-0.96975	2.3579e-007
3898	-0.67307	0.	-0.94896	2.2185e-006
3903	-0.76957	0.	-1.0375	9.5429e-007
3904	-0.72089	0.	-0.94896	2.3427e-006
3905	-0.78036	0.	-0.99564	1.7589e-006
3909	-0.86522	0.	-1.0375	1.0325e-006
3910	-0.82818	0.	-0.99564	1.5873e-006
3912	-0.96087	0.	-1.0375	1.3554e-006
3913	-0.87601	0.	-0.99564	1.8371e-006
3914	-0.93709	0.	-0.98248	2.4237e-006
3919	-1.0565	0.	-1.0375	1.3925e-006
3920	-1.0407	0.	-0.97724	2.3993e-006
3921	-0.98492	0.	-0.98248	2.4968e-006
3926	-1.1522	0.	-0.99034	1.7996e-006
3927	-1.1522	0.	-1.0375	1.1429e-006
3928	-1.0885	0.	-0.97724	2.3634e-006
3956	-1.2	0.	-0.89602	3.8147e-006
3957	-1.2	0.	-0.99034	1.586e-006
3958	-1.1363	0.	-0.93008	2.8065e-006
3961	-1.2	0.	-0.8017	7.0115e-006
3962	-1.1183	0.	-0.83248	5.706e-006
3963	-1.1363	0.	-0.88292	4.3785e-006
3964	-1.1502	0.	-0.78688	7.5692e-006
3969	-1.2	0.	-0.70739	1.0438e-005
3970	-1.1502	0.	-0.73972	9.1941e-006
3974	-1.2	0.	-0.61307	1.3948e-005
3975	-1.1513	0.	-0.61563	1.4163e-005
3976	-1.1502	0.	-0.69256	1.0996e-005
3978	-1.2	0.	-0.51875	1.8372e-005
3979	-1.1513	0.	-0.56847	1.5871e-005
3982	-1.2	0.	-0.42443	2.3351e-005
3983	-1.1513	0.	-0.52131	1.8587e-005
3984	-1.1439	0.	-0.44997	2.3118e-005
3988	-1.2	0.	-0.33011	2.7779e-005
3989	-1.1439	0.	-0.40281	2.5381e-005
3991	-1.2	0.	-0.2358	3.2015e-005
3992	-1.1043	0.	-0.31226	3.1193e-005
3993	-1.1439	0.	-0.35565	2.7545e-005
3994	-1.131	0.	-0.25415	3.5239e-005
3998	-1.2	0.	-0.14148	3.5484e-005
3999	-1.1445	0.	-0.14901	3.6556e-005
4000	-1.131	0.	-0.20699	3.7311e-005
4005	-1.1545	0.	-4.7159e-002	3.8454e-005
4006	-1.2	0.	-4.7159e-002	3.7144e-005
4007	-1.1445	0.	-0.10185	3.7954e-005
4051	0.13636	0.	0.	5.232e-003
4052	6.8182e-002	0.	0.	1.9547e-002
4055	0.11152	0.	-2.8785e-002	5.915e-003
4056	8.2722e-002	0.	-2.8536e-002	7.5194e-003
4063	0.22727	0.	0.	1.3137e-003
4067	0.1953	0.	-5.3217e-002	1.4435e-003
4068	0.15697	0.	-2.8785e-002	2.644e-003
4073	0.31818	0.	0.	4.9436e-004
4076	0.24075	0.	-5.3217e-002	7.9612e-004
4077	0.31473	0.	-6.0598e-002	4.827e-004
4082	0.40909	0.	0.	2.6033e-004
4084	0.36019	0.	-6.0598e-002	3.1069e-004
4092	0.5	0.	0.	1.6287e-004
4096	0.49729	0.	-5.7397e-002	1.6105e-004
4097	0.40564	0.	-6.0598e-002	2.4867e-004
4101	0.59091	0.	0.	1.0714e-004
4103	0.54274	0.	-5.7397e-002	1.2561e-004
4106	0.68182	0.	0.	7.6273e-005
4109	0.58819	0.	-5.7397e-002	1.0531e-004
4110	0.67723	0.	-5.1853e-002	7.4482e-005
4112	0.77273	0.	0.	5.7356e-005
4115	0.72269	0.	-5.1853e-002	6.3911e-005
4119	0.86364	0.	0.	4.4306e-005
4121	0.84656	0.	-6.1041e-002	4.4991e-005
4122	0.76814	0.	-5.1853e-002	5.5565e-005
4127	0.95455	0.	0.	3.8605e-005
4129	0.89201	0.	-6.1041e-002	4.0287e-005
4132	-1.0636	0.	0.	4.3205e-005
4134	-1.1545	0.	0.	3.8716e-005
4136	-1.0991	0.	-5.4692e-002	3.9526e-005
4141	-0.97273	0.	0.	5.5921e-005
4143	-0.99648	0.	-6.0212e-002	5.0135e-005
4144	-1.0536	0.	-5.4692e-002	4.2705e-005
4148	-0.88182	0.	0.	7.3875e-005
4151	-0.95102	0.	-6.0212e-002	5.9671e-005
4152	-0.88277	0.	-5.9234e-002	7.2345e-005
4157	-0.79091	0.	0.	1.0089e-004
4160	-0.83732	0.	-5.9234e-002	8.0763e-005
4162	-0.7	0.	0.	1.5435e-004
4164	-0.72072	0.	-6.5397e-002	1.3505e-004
4165	-0.79186	0.	-5.9234e-002	9.9358e-005
4169	-0.60909	0.	0.	2.7132e-004
4172	-0.67527	0.	-6.5397e-002	1.6991e-004
4173	-0.61701	0.	-3.8445e-002	2.5428e-004
4176	-0.51818	0.	0.	5.4009e-004
4179	-0.57156	0.	-3.8445e-002	3.3638e-004
4187	-0.42727	0.	0.	1.3807e-003
4190	-0.48044	0.	-6.8248e-002	5.7582e-004
4191	-0.4355	0.	-4.3903e-002	8.4711e-004
4192	-0.5261	0.	-3.8445e-002	5.2305e-004
4198	-0.33636	0.	0.	4.1325e-003
4201	-0.39005	0.	-4.3903e-002	1.501e-003
4202	-0.35736	0.	-2.9179e-002	2.291e-003
4206	-0.26818	0.	0.	1.9293e-002
4209	-0.28681	0.	-3.6788e-002	5.5387e-003
4210	-0.31191	0.	-2.9179e-002	4.3889e-003
4725	2.2727e-002	0.	0.	6.5643e-002
4734	-0.22273	0.	0.	6.6474e-002
4749	5.9995e-002	0.	-2.8536e-002	1.8563e-002
4750	3.5801e-002	0.	-2.3495e-002	2.4321e-002
4759	-0.23906	0.	-2.589e-002	2.2972e-002
4760	-0.26408	0.	-3.6788e-002	1.8601e-002
5808	6.1141e-002	0.	-0.32423	-1.6283e-004
5809	9.3277e-002	0.	-0.41893	-6.8544e-005
5810	3.7802e-002	0.	-0.41019	-1.1469e-004
5811	0.13225	0.	-0.37551	-4.7384e-005
5812	3.7379e-002	0.	-0.35579	-1.7138e-004
5813	9.5767e-002	0.	-0.3282	-4.2663e-005
5818	-3.1185e-002	0.	-0.19916	-1.0687e-003
5819	-9.9887e-002	0.	-0.19531	-1.7525e-003
5820	-8.5188e-002	0.	-0.22426	-1.2723e-003
5821	-7.9986e-002	0.	-0.17962	-2.3489e-003
5822	-5.1281e-002	0.	-0.23262	-1.1483e-003
5823	-5.6201e-002	0.	-0.17933	-1.8961e-003
5829	-0.14758	0.	-0.44954	-1.507e-004
5830	-0.21667	0.	-0.55139	-7.1569e-005
5831	-0.21487	0.	-0.43525	-1.125e-004
5832	-0.1772	0.	-0.41265	-1.888e-004
5833	-0.23691	0.	-0.49532	-8.4875e-005
5834	-0.16739	0.	-0.52361	-9.0146e-005
5835	-0.13459	0.	-0.49046	-1.0692e-004
5840	-0.22307	0.	-0.2305	-2.6578e-004
5841	-0.18302	0.	-0.30348	-3.6717e-004
5842	-0.19159	0.	-0.23356	-7.2304e-004
5843	-0.2143	0.	-0.28779	-3.4149e-004
5844	-0.16894	0.	-0.27405	-5.5161e-004
5848	-0.67407	0.	-0.59263	1.8807e-005
5849	-0.76703	0.	-0.46739	3.26e-005
5850	-0.63654	0.	-0.45279	4.4314e-005
5851	-0.60891	0.	-0.51182	2.6261e-005
5852	-0.75238	0.	-0.54729	2.2396e-005
5853	-0.69963	0.	-0.45017	4.2888e-005
5854	-0.60954	0.	-0.56593	1.7063e-005
5858	0.56174	0.	-0.40745	4.077e-005
5859	0.61594	0.	-0.48463	2.9083e-005
5860	0.48261	0.	-0.53138	2.4008e-005
5861	0.49245	0.	-0.41303	4.9095e-005
5862	0.56087	0.	-0.53951	2.3402e-005
5863	0.47714	0.	-0.4711	3.2191e-005
5868	6.0906e-002	0.	-0.70679	-2.2916e-005
5869	9.5572e-002	0.	-0.65742	-2.7301e-005
5870	0.11734	0.	-0.75684	-1.2747e-005
5871	0.14079	0.	-0.63949	-1.8611e-005
5872	0.18912	0.	-0.67992	-9.9549e-006
5873	0.19012	0.	-0.74697	-9.8956e-006
5878	-0.43307	0.	-0.44912	2.2644e-005
5879	-0.48139	0.	-0.33291	1.2383e-004
5880	-0.52431	0.	-0.39471	5.6125e-005
5881	-0.49668	0.	-0.45374	3.8072e-005
5882	-0.4053	0.	-0.39858	2.1698e-005
5883	-0.43183	0.	-0.35507	8.239e-005
5888	-0.23776	0.	-0.75074	-1.9352e-005
5889	-0.27899	0.	-0.69028	-2.2937e-005
5890	-0.25459	0.	-0.82454	-9.8587e-006
5891	-0.33516	0.	-0.83896	-7.2935e-006
5892	-0.3405	0.	-0.69624	-1.1573e-005
5893	-0.36487	0.	-0.78421	-8.0888e-006
5898	-0.19591	0.	-0.119	-5.3106e-004
5899	-0.16064	0.	-0.16857	-1.577e-003
5900	-0.21874	0.	-0.17238	-6.7743e-004
5901	-0.17189	0.	-0.12637	-3.0754e-003
5902	-0.21607	0.	-0.13284	8.9987e-005
5903	-0.18726	0.	-0.17544	-1.1347e-003
5904	-0.1624	0.	-0.14542	-2.359e-003
5909	-1.9734e-002	0.	-9.0485e-002	-1.9264e-003
5910	4.121e-003	0.	-0.12743	-1.1583e-003
5911	-4.0588e-002	0.	-9.6299e-002	-6.0648e-003
5912	-5.5218e-002	0.	-0.10614	-5.085e-003
5913	-3.6358e-002	0.	-0.13602	-2.439e-003
5914	-5.3112e-002	0.	-0.12199	-3.5485e-003
5915	3.403e-003	0.	-0.10155	1.2436e-005
5920	0.71879	0.	-0.79052	6.4593e-006
5921	0.55214	0.	-0.75355	7.4562e-006
5922	0.57566	0.	-0.83517	4.823e-006
5923	0.60866	0.	-0.69054	1.118e-005
5924	0.66247	0.	-0.83903	5.1003e-006
5925	0.68547	0.	-0.71858	1.0184e-005
5929	-0.81867	0.	-0.34537	5.5956e-005
5930	-0.71737	0.	-0.2732	8.7007e-005
5931	-0.74222	0.	-0.19988	1.1257e-004
5932	-0.75126	0.	-0.32815	6.6244e-005
5933	-0.81336	0.	-0.19372	7.6881e-005
5934	-0.85431	0.	-0.2592	6.1718e-005
5939	-0.27779	0.	-0.34142	-8.0951e-005
5940	-0.35102	0.	-0.25016	2.158e-004
5941	-0.28017	0.	-0.24586	-5.5858e-005
5942	-0.33061	0.	-0.34731	-2.6805e-005
5943	-0.35714	0.	-0.30379	3.3887e-005
5944	-0.2714	0.	-0.30314	-1.3158e-004
5948	0.32866	0.	-0.342	1.0262e-004
5949	0.37913	0.	-0.38401	6.2349e-005
5950	0.24937	0.	-0.39526	2.9294e-005
5951	0.36383	0.	-0.44208	4.5445e-005
5952	0.3218	0.	-0.46669	3.7511e-005
5953	0.28613	0.	-0.36221	8.3724e-005
5954	0.26277	0.	-0.44444	2.7531e-005
5960	-0.96606	0.	-0.57167	1.9555e-005
5961	-0.89191	0.	-0.61205	1.5649e-005
5962	-0.8994	0.	-0.683	1.2207e-005
5963	-1.0334	0.	-0.60678	1.5205e-005
5964	-1.0323	0.	-0.6837	1.2038e-005
5965	-0.96353	0.	-0.6955	1.1501e-005
5970	2.4308e-002	0.	-0.23757	-3.6398e-004
5971	6.4055e-002	0.	-0.24217	-4.6967e-005
5972	2.0259e-002	0.	-0.30919	-2.3882e-004
5973	4.2129e-003	0.	-0.27103	-4.4362e-004
5974	7.8647e-002	0.	-0.2816	-1.1011e-004
5976	-0.2066	0.	-0.68129	-3.0896e-005
5977	-9.1259e-002	0.	-0.72922	-2.8369e-005
5978	-0.18221	0.	-0.81555	-1.7818e-005
5979	-0.13921	0.	-0.69518	-3.5498e-005
5980	-0.1298	0.	-0.78116	-2.1626e-005
5984	-4.4374e-002	0.	-0.64286	-4.5209e-005
5985	-9.7078e-003	0.	-0.59349	-4.9593e-005
5986	-9.2325e-002	0.	-0.60882	-5.2338e-005
5987	-0.11044	0.	-0.56715	-6.6313e-005
5988	-2.3304e-002	0.	-0.54748	-6.4577e-005
5989	-7.7644e-002	0.	-0.534	-8.3082e-005
5994	-0.57907	0.	-0.69531	5.3979e-006
5995	-0.6915	0.	-0.76634	6.6781e-006
5996	-0.74126	0.	-0.62692	1.3385e-005
5997	-0.74876	0.	-0.69787	9.9435e-006
5998	-0.59843	0.	-0.64556	8.0528e-006
6002	0.63855	0.	-0.4237	3.839e-005
6003	0.51506	0.	-0.35211	5.8402e-005
6004	0.6187	0.	-0.28422	5.5556e-005
6005	0.64056	0.	-0.35254	4.4911e-005
6006	0.55635	0.	-0.30007	7.2765e-005
6012	0.38659	0.	-0.65237	1.0874e-005
6013	0.3628	0.	-0.7846	3.4094e-006
6014	0.40833	0.	-0.72352	6.5444e-006
6015	0.3309	0.	-0.66198	5.9287e-006
6016	0.29319	0.	-0.68665	8.4539e-007
6017	0.29419	0.	-0.75371	9.0474e-007
6021	0.17045	0.	-8.2002e-002	2.1264e-003
6022	0.28276	0.	-0.11381	6.1245e-004
6023	0.23301	0.	-0.16308	6.2669e-004
6024	0.18559	0.	-0.1562	7.1251e-004
6025	0.15668	0.	-0.11539	1.2844e-003
6030	0.10333	0.	-5.7321e-002	4.9314e-003
6031	0.11836	0.	-9.0959e-002	2.485e-003
6036	-0.14781	0.	-8.8306e-002	-8.8688e-003
6037	-0.15574	0.	-6.8505e-002	-1.0583e-002
6038	-0.14536	0.	-6.194e-002	-1.5327e-002
6039	-0.12853	0.	-7.1724e-002	-1.352e-002
6040	-0.13073	0.	-8.2435e-002	-1.0775e-002
6046	-0.10294	0.	-0.14013	-4.147e-003
6047	-0.13409	0.	-0.11362	-5.049e-003
6048	-9.8015e-002	0.	-0.10995	-6.3403e-003
6049	-0.1246	0.	-0.13267	-4.3326e-003
6050	-9.5909e-002	0.	-0.1258	-4.8037e-003
6051	-0.117	0.	-0.10774	-6.9553e-003
6055	0.78166	0.	-0.53801	2.1483e-005
6056	0.7582	0.	-0.45819	2.6854e-005
6057	0.63768	0.	-0.55577	2.1022e-005
6058	0.71449	0.	-0.58381	2.0026e-005
6059	0.69477	0.	-0.42972	3.3223e-005
6063	-9.8984e-002	0.	-0.36965	-3.1966e-004
6064	-5.6159e-002	0.	-0.43333	-1.6337e-004
6065	-0.13928	0.	-0.38025	-2.3084e-004
6066	-5.6582e-002	0.	-0.37894	-2.2006e-004
6067	-9.6671e-002	0.	-0.45805	-1.4896e-004
6071	-0.46902	0.	-0.50602	9.2757e-006
6072	-0.38813	0.	-0.56708	-8.9526e-006
6073	-0.34685	0.	-0.50504	-3.3623e-005
6074	-0.37763	0.	-0.45086	-7.098e-006
6075	-0.46965	0.	-0.56013	7.8296e-008
6079	0.39529	0.	-0.31568	1.07e-004
6080	0.35078	0.	-0.19743	2.2316e-004
6081	0.30104	0.	-0.2467	2.3739e-004
6082	0.30229	0.	-0.29388	1.2838e-004
6083	0.43658	0.	-0.26364	1.2136e-004
6087	-0.54498	0.	-0.33078	1.2852e-004
6088	-0.57417	0.	-0.27321	1.4785e-004
6089	-0.44637	0.	-0.2375	3.367e-004
6090	-0.49511	0.	-0.20274	3.1055e-004
6091	-0.4525	0.	-0.29114	1.5478e-004
6092	-0.54388	0.	-0.22413	1.9438e-004
6097	5.2818e-002	0.	-0.45828	-8.7849e-005
6098	0.14727	0.	-0.42361	-2.0542e-005
6099	0.12546	0.	-0.52456	-3.1259e-005
6100	6.6647e-002	0.	-0.49648	-5.4933e-005
6101	0.16067	0.	-0.47279	-2.2305e-005
6105	0.81229	0.	-0.33297	3.3419e-005
6106	0.72699	0.	-0.23618	5.0433e-005
6107	0.83793	0.	-0.18626	4.0403e-005
6108	0.74885	0.	-0.3045	3.9789e-005
6109	0.85637	0.	-0.29983	3.3768e-005
6110	0.75951	0.	-0.17707	5.0977e-005
6111	0.85626	0.	-0.24123	3.6701e-005
6116	-0.80738	0.	-0.84566	4.6961e-006
6117	-0.96563	0.	-0.8235	5.929e-006
6118	-0.86464	0.	-0.7772	7.9616e-006
6119	-0.92877	0.	-0.7897	7.2553e-006
6120	-0.86685	0.	-0.89234	4.1123e-006
6121	-0.92793	0.	-0.87918	4.6989e-006
6125	-9.5858e-002	0.	-0.28493	-6.758e-004
6126	-0.1286	0.	-0.33277	-3.5775e-004
6127	-4.5905e-002	0.	-0.33146	-3.4697e-004
6128	-6.1951e-002	0.	-0.2933	-5.5177e-004
6129	-0.11453	0.	-0.30335	-5.4219e-004
6134	-0.92873	0.	-0.38167	3.4913e-005
6135	-0.98822	0.	-0.4212	2.8614e-005
6136	-1.0482	0.	-0.38496	2.8796e-005
6137	-1.0353	0.	-0.28346	3.6489e-005
6138	-0.96437	0.	-0.2955	4.0675e-005
6142	-0.17932	0.	-9.8026e-002	-2.3177e-003
6143	-0.21801	0.	-7.1216e-002	6.907e-003
6144	-0.2235	0.	-0.10449	8.4764e-004
6145	-0.18725	0.	-7.8226e-002	-4.0322e-003
6146	-0.20137	0.	-7.5715e-002	2.9692e-003
6152	2.006e-002	0.	-0.16908	-4.4419e-005
6153	4.4343e-002	0.	-0.20211	-1.8068e-004
6154	-1.5499e-002	0.	-0.23097	-5.7733e-004
6155	-2.042e-002	0.	-0.17767	-1.3251e-003
6161	-0.50983	0.	-0.81018	2.9665e-007
6162	-0.60762	0.	-0.78938	2.2794e-006
6163	-0.43302	0.	-0.67555	-5.3768e-006
6164	-0.51455	0.	-0.66861	3.6541e-006
6165	-0.45739	0.	-0.76353	-1.8929e-006
6170	5.0341e-002	0.	-5.2031e-002	1.2294e-002
6171	8.9564e-002	0.	-9.0709e-002	4.0893e-003
6172	5.4311e-002	0.	-7.298e-002	4.6431e-003
6178	-0.35313	0.	-0.17049	9.5779e-004
6179	-0.28228	0.	-0.16619	6.8613e-004
6180	-0.27962	0.	-0.12664	1.4535e-003
6181	-0.35692	0.	-0.11138	1.2029e-003
6182	-0.29914	0.	-0.10427	3.1427e-003
6183	-0.32424	0.	-9.666e-002	1.9929e-003
6187	-0.30934	0.	-0.62679	-2.3117e-005
6188	-0.26807	0.	-0.56476	-4.7787e-005
6189	-0.18043	0.	-0.63472	-3.9083e-005
6190	-0.19855	0.	-0.59306	-5.3058e-005
6195	-0.13831	0.	-0.90471	-6.9521e-006
6196	9.0729e-003	0.	-0.86843	-7.3338e-006
6197	-1.6068e-002	0.	-0.92854	-4.4404e-006
6198	-8.5899e-002	0.	-0.87031	-1.076e-005
6202	-7.3232e-002	0.	-7.8009e-002	-1.0905e-002
6203	-8.7862e-002	0.	-8.7847e-002	-9.9251e-003
6204	-8.561e-002	0.	-6.7613e-002	-1.547e-002
6205	-0.10465	0.	-7.493e-002	-1.3285e-002
6206	-9.7857e-002	0.	-6.7207e-002	-1.5129e-002
6207	-0.10685	0.	-8.5642e-002	-1.054e-002
6212	-0.90837	0.	-0.4613	3.1084e-005
6213	-0.83422	0.	-0.50168	2.7179e-005
6214	-0.78148	0.	-0.40455	4.7671e-005
6215	-0.88452	0.	-0.3356	4.3145e-005
6219	0.74654	0.	-0.85913	4.541e-006
6220	0.76954	0.	-0.73868	9.6245e-006
6221	0.82615	0.	-0.87504	4.17e-006
6222	0.85469	0.	-0.77059	7.2624e-006
6228	-0.61709	0.	-0.335	8.0148e-005
6229	-0.56027	0.	-0.4516	4.2757e-005
6230	-0.65099	0.	-0.38995	5.9384e-005
6234	0.28792	0.	-0.54668	8.6483e-006
6235	0.19369	0.	-0.5762	-1.0285e-005
6236	0.27974	0.	-0.59196	3.4543e-006
6237	0.2289	0.	-0.52443	-1.3314e-006
6238	0.24202	0.	-0.61663	-1.629e-006
6242	-0.20656	0.	-0.36596	-1.9264e-004
6243	-0.26626	0.	-0.44862	-8.8715e-005
6244	-0.29704	0.	-0.39443	-6.219e-005
6245	-0.23784	0.	-0.35027	-1.6696e-004
6249	1.7525e-002	0.	-0.66732	-3.3811e-005
6250	3.9291e-002	0.	-0.76675	-1.9258e-005
6251	-6.5092e-002	0.	-0.68265	-3.6556e-005
6252	-5.5681e-002	0.	-0.76863	-2.2684e-005
6256	-0.67114	0.	-0.20411	1.2505e-004
6257	-0.68018	0.	-0.33238	7.8722e-005
6258	-0.616	0.	-0.22835	1.4601e-004
6262	0.13632	0.	-0.8708	-5.9766e-006
6263	0.11118	0.	-0.93091	-3.0833e-006
6264	0.23971	0.	-0.93392	-1.622e-006
6265	0.2091	0.	-0.86094	-3.1253e-006
6269	-3.304e-002	0.	-7.2582e-002	-5.2657e-003
6270	6.9805e-003	0.	-5.6879e-002	8.4624e-003
6271	-2.8657e-002	0.	-6.2358e-002	-7.964e-003
6272	1.0951e-002	0.	-7.7829e-002	8.1152e-004
6278	0.44783	0.	-0.66554	1.2224e-005
6279	0.50435	0.	-0.60253	1.5948e-005
6280	0.42062	0.	-0.53411	2.4737e-005
6281	0.37859	0.	-0.55873	1.6802e-005
6282	0.3704	0.	-0.604	1.1608e-005
6286	0.44838	0.	-0.11799	2.1141e-004
6287	0.59654	0.	-0.16835	9.2409e-005
6288	0.62906	0.	-0.10925	9.2952e-005
6289	0.53418	0.	-0.18421	1.0962e-004
6294	-0.62226	0.	-0.88121	1.5768e-006
6295	-0.44233	0.	-0.9101	-1.8001e-006
6296	-0.47204	0.	-0.85535	-2.5955e-006
6300	0.42404	0.	-0.79776	4.7588e-006
6301	0.44755	0.	-0.87938	2.1256e-006
6302	0.34051	0.	-0.90093	6.2242e-007
6303	0.3099	0.	-0.82795	-8.8086e-007
6308	0.84711	0.	-0.49532	2.1634e-005
6309	0.8034	0.	-0.62094	1.4806e-005
6310	0.88855	0.	-0.65285	1.2444e-005
6318	-0.11811	0.	-0.21874	-1.3852e-003
6319	-0.11291	0.	-0.17411	-2.4617e-003
6320	-0.15942	0.	-0.19666	-1.423e-003
6321	-0.13457	0.	-0.16665	-2.6473e-003
6325	-0.27961	0.	-0.90378	-5.7596e-006
6326	-0.14663	0.	-0.85496	-1.2133e-005
6331	9.7412e-002	0.	-0.60003	-2.9506e-005
6332	3.8596e-002	0.	-0.57194	-5.318e-005
6334	5.9807e-002	0.	-0.17368	2.7259e-004
6335	-4.9562e-003	0.	-0.14924	-8.7182e-004
6336	7.0057e-002	0.	-0.1325	1.0259e-003
6337	3.4805e-002	0.	-0.11477	1.5796e-003
6341	0.12325	0.	-0.20634	3.1774e-004
6342	9.8682e-002	0.	-0.24613	7.3198e-005
6343	9.4341e-002	0.	-0.16553	8.8964e-004
6348	-0.53327	0.	-0.56475	1.5506e-005
6352	-0.90652	0.	-0.11945	6.6559e-005
6353	-1.0319	0.	-0.1149	4.6456e-005
6354	-1.0184	0.	-0.17288	4.721e-005
6355	-0.94747	0.	-0.18492	5.1396e-005
6360	0.76021	0.	-0.38703	3.3374e-005
6361	0.86774	0.	-0.38236	2.7354e-005
6367	-3.0797e-003	0.	-0.39514	-1.9069e-004
6368	1.1171e-002	0.	-0.48773	-1.0108e-004
6369	-4.3169e-002	0.	-0.47425	-1.1958e-004
6373	-0.7773	0.	-0.79195	6.825e-006
6374	-0.77951	0.	-0.9071	2.9757e-006
6378	-1.0546	0.	-0.86654	4.6978e-006
6379	-1.0684	0.	-0.77049	7.8886e-006
6380	-0.99968	0.	-0.78229	7.3517e-006
6381	-0.99884	0.	-0.87177	4.7952e-006
6385	0.49308	0.	-0.8183	5.2606e-006
6386	0.52609	0.	-0.67367	1.1618e-005
6390	-0.89372	0.	-0.5412	2.0879e-005
6391	-1.0352	0.	-0.53593	2.0435e-005
6392	-1.0279	0.	-0.46459	2.4966e-005
6396	-0.38989	0.	-0.86345	-3.9897e-006
6400	-0.43942	0.	-0.17126	4.5102e-004
6401	-0.31984	0.	-0.20172	2.0551e-004
6402	-0.39681	0.	-0.25965	2.9526e-004
6403	-0.39448	0.	-0.14691	7.2231e-004
6408	0.43046	0.	-0.41576	4.9823e-005
6409	0.48705	0.	-0.30566	8.1089e-005
6412	0.223	0.	-0.34714	5.5046e-005
6413	0.14976	0.	-0.33287	5.3382e-006
6414	0.19964	0.	-0.42937	-1.1458e-006
6418	0.30699	0.	-0.17047	3.1327e-004
6419	0.44254	0.	-0.18741	1.9724e-004
6423	-0.32958	0.	-0.57072	-3.6423e-005
6424	-0.45238	0.	-0.62581	-2.7219e-006
6425	-0.39523	0.	-0.72073	-8.2689e-006
6429	-0.44322	0.	-0.11215	6.9616e-004
6430	-0.53382	0.	-0.10669	3.721e-004
6431	-0.53693	0.	-0.15789	3.087e-004
6435	0.60342	0.	-0.90378	2.9047e-006
6440	-6.8524e-002	0.	-8.8233e-002	-8.4243e-003
6441	-6.6272e-002	0.	-6.7999e-002	-1.3969e-002
6442	-4.9511e-002	0.	-6.8171e-002	-1.2102e-002
6448	0.65942	0.	-0.6387	1.4345e-005
6453	-0.24633	0.	-0.15787	7.0126e-004
6454	-0.21752	0.	-0.20047	-5.2341e-004
6455	-0.24023	0.	-0.2547	-1.4187e-004
6460	-6.9502e-002	0.	-0.25606	-7.81e-004
6461	-0.14472	0.	-0.22561	-9.4285e-004
6462	-0.12208	0.	-0.2661	-7.7142e-004
6465	-0.20018	0.	-0.32767	-2.4326e-004
6466	-0.15483	0.	-0.31394	-4.5338e-004
6471	-0.76713	0.	-0.12463	1.1492e-004
6472	-0.63774	0.	-0.10384	2.3498e-004
6473	-0.64085	0.	-0.15504	1.7157e-004
6478	0.76984	0.	-0.92356	2.8109e-006
6483	0.67491	0.	-0.29024	5.0388e-005
6484	0.68557	0.	-0.16281	6.1577e-005
6485	0.5907	0.	-0.23776	7.8242e-005
6488	-0.31908	0.	-0.4545	-3.4569e-005
6494	-6.9221e-002	0.	-0.15813	-2.6053e-003
6495	-0.11467	0.	-0.15096	-3.2437e-003
6496	-8.5974e-002	0.	-0.1441	-3.7148e-003
6499	-1.9549e-002	0.	-0.30258	-4.5217e-004
6503	-0.16323	0.	-8.56e-002	-6.5765e-003
6504	-0.14582	0.	-0.12445	-4.1457e-003
6505	-0.13821	0.	-9.953e-002	-6.7684e-003
6511	-0.82706	0.	-0.65253	1.3532e-005
6518	-8.1048e-002	0.	-0.11392	-5.908e-003
6519	-0.10214	0.	-9.5865e-002	-8.0596e-003
6523	0.79652	0.	-0.11289	5.1546e-005
6524	0.89327	0.	-0.17705	3.727e-005
6528	0.82138	0.	-0.69865	1.0987e-005
6533	7.0582e-002	0.	-0.8769	-6.1948e-006
6534	7.513e-004	0.	-0.81868	-1.2515e-005
6535	0.16851	0.	-0.80693	-6.2368e-006
6543	-0.87922	0.	-0.18395	6.4069e-005
6548	0.20982	0.	-0.21285	4.1333e-004
6549	0.2585	0.	-0.26692	2.1849e-004
6554	-0.3764	0.	-0.35681	5.2648e-005
6558	-0.89869	0.	-0.73598	9.3842e-006
6562	-0.13116	0.	-0.60694	-5.766e-005
6565	-1.0952	0.	-0.49969	2.0617e-005
6566	-1.1014	0.	-0.64796	1.2919e-005
6573	-0.23817	0.	-8.5054e-002	7.5281e-003
6574	-0.25769	0.	-6.2679e-002	9.2173e-003
6575	-0.21604	0.	-5.6279e-002	9.6496e-003
6583	-0.26319	0.	-9.5952e-002	3.1579e-003
6590	-0.11648	0.	-0.53212	-8.8404e-005
6594	-0.18528	0.	-6.3289e-002	-1.2896e-003
6595	-0.16077	0.	-5.9234e-002	-1.3035e-002
6603	-1.0169	0.	-0.92222	3.4677e-006
6607	-1.0755	0.	-0.16736	3.9781e-005
6613	3.0117e-002	0.	-6.7939e-002	1.0401e-002
6619	0.37312	0.	-0.49844	2.4985e-005
6622	0.32291	0.	-0.56833	1.1856e-005
6623	0.27207	0.	-0.5008	7.0708e-006
6630	-0.3656	0.	-7.3083e-002	1.7575e-003
6635	-0.16339	0.	-0.24403	-8.0924e-004
6644	8.3816e-002	0.	-0.55401	-4.449e-005
6645	0.17784	0.	-0.53033	-1.1862e-005
6646	0.19096	0.	-0.62253	-1.216e-005
6649	-6.2189e-002	0.	-0.14381	-3.2619e-003
6654	-0.30781	0.	-6.5968e-002	3.6973e-003
6663	-2.934e-002	0.	-0.51245	-8.6668e-005
6672	0.21108	0.	-0.26004	3.0431e-004
6673	0.13784	0.	-0.24577	2.546e-004
6674	0.1335	0.	-0.16516	1.071e-003
6679	0.18651	0.	-0.29983	5.9767e-005
6687	0.91171	0.	-0.29062	3.0635e-005
6694	0.27701	0.	-0.63828	1.5791e-006
6699	-6.1889e-002	0.	-5.7775e-002	-1.6667e-002
6700	-9.0896e-002	0.	-5.7196e-002	-1.8193e-002
6717	6.9339e-002	0.	-0.10662	2.1966e-003
6727	-0.10994	0.	-6.4513e-002	-1.6008e-002
6728	-0.11893	0.	-8.2948e-002	-1.1419e-002
6731	-0.99108	0.	-0.23738	4.4721e-005
6735	0.24029	0.	-0.73001	-3.4448e-006
6757	-1.0316	0.	-0.73669	9.2149e-006
6763	0.2719	0.	-0.87005	-1.8822e-006
6773	-0.90006	0.	-0.94062	2.9785e-006
6790	-0.58259	0.	-0.12808	2.5594e-004
1	0.	0.	3.75e-002	2.1354e-002
2	-1.8182e-002	0.	3.75e-002	-4.3895e-003
3	-3.6364e-002	0.	3.75e-002	-1.5624e-002
4	-5.4545e-002	0.	3.75e-002	-2.1781e-002
5	-7.2727e-002	0.	3.75e-002	-2.2604e-002
6	-9.0909e-002	0.	3.75e-002	-2.3614e-002
7	-0.10909	0.	3.75e-002	-2.2256e-002
8	-0.12727	0.	3.75e-002	-2.3023e-002
9	-0.14545	0.	3.75e-002	-2.0547e-002
10	-0.16364	0.	3.75e-002	-1.5606e-002
11	-0.18182	0.	3.75e-002	-6.9146e-003
12	-0.2	0.	3.75e-002	1.749e-002
13	-0.2	0.	2.5e-002	6.7166e-002
23	0.	0.	2.5e-002	6.6469e-002
343	9.0909e-002	0.	0.	6.2417e-003
344	0.18182	0.	0.	2.0554e-003
345	0.27273	0.	0.	6.7487e-004
346	0.36364	0.	0.	3.5229e-004
347	0.45455	0.	0.	2.1123e-004
348	0.54545	0.	0.	1.2661e-004
349	0.63636	0.	0.	8.6551e-005
350	0.72727	0.	0.	6.0276e-005
351	0.81818	0.	0.	4.5623e-005
352	0.90909	0.	0.	3.9632e-005
353	-1.1091	0.	0.	3.9192e-005
354	-1.0182	0.	0.	4.5287e-005
355	-0.92727	0.	0.	6.0426e-005
356	-0.83636	0.	0.	8.5311e-005
357	-0.74545	0.	0.	1.2677e-004
358	-0.65455	0.	0.	1.767e-004
359	-0.56364	0.	0.	2.8253e-004
360	-0.47273	0.	0.	6.8694e-004
361	-0.38182	0.	0.	2.2149e-003
362	-0.29091	0.	0.	9.5401e-003
405	-1.2	0.	9.4318e-002	3.6284e-005
406	-1.2	0.	0.18864	3.4726e-005
407	-1.2	0.	0.28295	2.9845e-005
408	-1.2	0.	0.37727	2.4822e-005
409	-1.2	0.	0.47159	2.0633e-005
410	-1.2	0.	0.56591	1.582e-005
411	-1.2	0.	0.66023	1.2308e-005
412	-1.2	0.	0.75455	8.1637e-006
413	-1.2	0.	0.84886	5.3314e-006
414	-1.2	0.	0.94318	2.4874e-006
420	-1.1043	0.	1.0375	1.0685e-006
421	-1.0087	0.	1.0375	1.1655e-006
422	-0.91304	0.	1.0375	1.0989e-006
423	-0.81739	0.	1.0375	1.1333e-006
424	-0.72174	0.	1.0375	8.1417e-007
425	-0.62609	0.	1.0375	6.7354e-007
426	-0.53043	0.	1.0375	-1.1745e-007
427	-0.43478	0.	1.0375	-8.7831e-007
428	-0.33913	0.	1.0375	-1.8222e-006
429	-0.24348	0.	1.0375	-3.0712e-006
430	-0.14783	0.	1.0375	-2.5542e-006
431	-5.2174e-002	0.	1.0375	-2.7626e-006
432	4.3478e-002	0.	1.0375	-2.346e-006
433	0.13913	0.	1.0375	-1.8805e-006
434	0.23478	0.	1.0375	-5.438e-007
435	0.33043	0.	1.0375	-6.5637e-008
436	0.42609	0.	1.0375	3.9183e-007
437	0.52174	0.	1.0375	1.1616e-006
438	0.61739	0.	1.0375	7.2603e-007
439	0.71304	0.	1.0375	1.2903e-006
440	0.8087	0.	1.0375	8.6271e-007
441	0.90435	0.	1.0375	1.1024e-006
447	1.	0.	0.94318	2.5369e-006
448	1.	0.	0.84886	5.7097e-006
449	1.	0.	0.75455	8.2172e-006
450	1.	0.	0.66023	1.2221e-005
451	1.	0.	0.56591	1.6201e-005
452	1.	0.	0.47159	2.1305e-005
453	1.	0.	0.37727	2.6105e-005
454	1.	0.	0.28295	3.1101e-005
455	1.	0.	0.18864	3.5614e-005
456	1.	0.	9.4318e-002	3.7509e-005
457	0.	0.	0.	0.10781
458	-0.2	0.	0.	0.10791
464	1.	0.	0.	3.7748e-005
466	-1.2	0.	0.	3.7189e-005
469	-1.2	0.	1.0375	1.0182e-006
470	1.	0.	1.0375	1.1241e-006
471	4.5455e-002	0.	0.	3.1663e-002
472	-0.24545	0.	0.	3.8182e-002
473	0.18555	0.	0.69833	-8.7972e-006
474	-0.36581	0.	0.7051	-9.0357e-006
475	-0.27826	0.	0.37083	-1.1427e-004
476	7.4363e-002	0.	0.38148	-1.0752e-004
477	-0.18635	0.	0.19524	-7.2241e-004
478	3.913e-002	0.	0.20417	-8.9125e-005
479	0.57826	0.	0.58788	2.0835e-005
480	-0.13824	0.	0.52901	-8.6457e-005
481	0.32108	0.	0.4605	3.0138e-005
482	-0.53321	0.	0.47097	2.9917e-005
483	-0.13388	0.	0.12083	-4.8772e-003
484	0.65277	0.	0.29394	5.0667e-005
485	-0.85277	0.	0.29394	5.4124e-005
486	-9.5652e-002	0.	0.7875	-1.7359e-005
487	-0.20278	0.	0.13229	-6.0918e-004
488	-0.10266	0.	0.27093	-5.6824e-004
489	6.8058e-003	0.	9.3221e-002	4.9965e-005
490	-0.5741	0.	0.3378	9.1054e-005
491	0.37036	0.	0.31957	1.084e-004
492	0.13515	0.	0.23851	2.099e-004
493	-0.35693	0.	0.14769	8.8039e-004
494	-0.30548	0.	8.332e-002	2.9416e-003
495	0.43768	0.	0.62664	1.2005e-005
496	-0.50548	0.	0.68401	1.3348e-006
497	-6.4482e-002	0.	0.14758	-3.2456e-003
498	0.68727	0.	0.88273	3.8547e-006
499	-0.86812	0.	0.88763	2.8592e-006
500	-0.11448	0.	0.44041	-1.7252e-004
501	-0.62077	0.	0.73948	5.9449e-006
502	8.6891e-002	0.	0.48534	-5.4412e-005
503	-0.32916	0.	0.60707	-2.1561e-005
504	0.87061	0.	0.49951	1.8773e-005
505	-0.93757	0.	0.55644	1.9298e-005
506	0.40193	0.	0.76359	4.055e-006
507	7.8915e-002	0.	0.67059	-2.2986e-005
508	-7.2878e-002	0.	0.10466	-6.4077e-003
509	0.75164	0.	0.684	1.2613e-005
510	0.46074	0.	0.1417	1.6502e-004
511	-0.62798	0.	0.13229	1.9708e-004
512	0.30372	0.	0.20121	3.0426e-004
513	-0.49898	0.	0.12405	4.3874e-004
514	-0.42782	0.	0.21808	3.0876e-004
515	-0.33041	0.	0.21676	3.1209e-004
516	8.7984e-002	0.	0.1599	9.1855e-004
517	0.23988	0.	0.37647	4.7051e-005
518	-0.13501	0.	8.5202e-002	-8.5793e-003
519	-0.28236	0.	0.9002	-4.5849e-006
520	8.7424e-002	0.	0.88573	-6.6825e-006
521	-0.22424	0.	0.69215	-2.604e-005
522	-0.18762	0.	0.31528	-3.1268e-004
523	-0.44855	0.	0.80381	-2.4883e-006
524	0.45963	0.	0.47075	3.7019e-005
525	-0.66951	0.	0.43627	4.2707e-005
526	-1.0299	0.	0.25199	3.8876e-005
527	0.83495	0.	0.26071	3.9146e-005
528	-8.4603e-002	0.	7.7853e-002	-1.1462e-002
529	-1.7845e-002	0.	0.32509	-3.6395e-004
530	-0.39684	0.	0.41608	1.281e-005
531	-1.0341	0.	0.82109	6.0087e-006
532	-3.224e-002	0.	0.50651	-8.922e-005
533	-5.1515e-002	0.	7.4537e-002	-1.0088e-002
534	-0.90596	0.	0.73749	8.7848e-006
535	0.26508	0.	0.8053	-1.967e-006
536	0.85098	0.	0.8828	4.1409e-006
537	-1.0924	0.	0.46986	2.0897e-005
538	0.25458	0.	0.58261	-1.7354e-006
539	0.2128	0.	0.20529	4.3066e-004
540	-0.10361	0.	0.3586	-3.4091e-004
541	-0.19665	0.	7.5518e-002	5.9071e-004
542	-0.63548	0.	0.87745	2.1358e-006
543	-0.22225	0.	0.46131	-1.0436e-004
544	0.62319	0.	0.73775	8.356e-006
545	-0.12409	0.	0.16905	-2.6741e-003
546	-1.0615	0.	0.68617	1.0776e-005
547	-0.89002	0.	0.14697	6.6218e-005
548	0.69002	0.	0.14697	6.8676e-005
549	0.61551	0.	0.44091	3.4293e-005
550	-0.61715	0.	0.58327	1.5216e-005
551	0.51134	0.	0.32762	6.9648e-005
552	-0.71156	0.	0.30676	7.3794e-005
553	-1.3373e-002	0.	0.4125	-1.6635e-004
554	-0.35304	0.	0.29445	6.9708e-005
555	0.44632	0.	0.91331	1.8205e-006
556	0.75609	0.	0.40215	3.0527e-005
557	-0.26828	0.	0.1635	5.2564e-004
558	0.71884	0.	0.54912	1.9812e-005
559	-2.6744e-002	0.	0.18731	-1.0626e-003
560	5.8696e-002	0.	0.2875	-1.4764e-004
561	-0.4617	0.	0.30701	1.0546e-004
562	0.20191	0.	0.4906	9.2384e-007
563	-0.76123	0.	0.79713	6.0266e-006
564	-2.164e-002	0.	0.24593	-6.0918e-004
565	-0.14975	0.	0.93138	-5.5639e-006
566	-0.41731	0.	0.53535	-7.0633e-006
567	-7.9609e-002	0.	0.2074	-1.5654e-003
568	-0.76655	0.	0.53077	2.5038e-005
569	-0.95609	0.	0.37857	3.1127e-005
570	-0.25314	0.	0.25918	-1.8585e-004
571	-0.23478	0.	0.56528	-5.6663e-005
572	7.8986e-002	0.	0.75972	-1.43e-005
573	-0.11042	0.	7.4066e-002	-1.3582e-002
574	9.2928e-002	0.	7.4927e-002	3.9895e-003
575	3.9515e-002	0.	7.1707e-002	5.3742e-003
576	0.85595	0.	0.10148	4.4243e-005
577	-1.0561	0.	0.10159	4.4595e-005
578	0.32216	0.	0.67768	2.484e-006
579	-1.9735e-002	0.	0.70096	-2.9592e-005
580	-0.20373	0.	0.8132	-1.3957e-005
581	-3.2799e-002	0.	0.1044	-3.233e-003
582	-2.2497e-002	0.	6.9907e-002	-6.2912e-003
583	-0.51353	0.	0.9293	-2.5074e-007
584	-0.10827	0.	9.7685e-002	-8.1547e-003
585	-7.7699e-002	0.	0.59634	-5.2546e-005
586	0.89755	0.	0.38526	2.5742e-005
587	-2.3004e-002	0.	0.90625	-6.3153e-006
588	-0.74693	0.	0.20914	1.0208e-004
589	0.55534	0.	0.22686	9.5714e-005
590	0.14979	0.	0.41501	-5.6489e-006
591	0.88176	0.	0.74682	8.8781e-006
592	0.23894	0.	0.10535	9.0287e-004
593	0.32259	0.	0.94287	9.4921e-008
594	0.15296	0.	0.13018	1.2182e-003
595	0.35232	0.	9.8845e-002	3.4086e-004
596	0.5504	0.	0.11343	1.1974e-004
597	-0.75022	0.	8.14e-002	1.2467e-004
598	0.1366	0.	0.58807	-2.7643e-005
599	0.53743	0.	0.83129	5.165e-006
600	-0.5505	0.	0.81428	1.2189e-006
601	-1.0911	0.	0.58724	1.4865e-005
602	-1.0811	0.	0.35207	2.8773e-005
603	-0.18568	0.	0.3874	-2.2179e-004
604	0.50656	0.	0.71424	1.0928e-005
605	-1.086	0.	0.93277	3.0505e-006
606	0.14592	0.	0.34115	1.9772e-005
607	5.1246e-003	0.	5.8237e-002	5.6382e-003
608	-0.53648	0.	0.23063	1.9872e-004
609	-0.41001	0.	6.1806e-002	1.2174e-003
610	-0.10072	0.	0.12796	-4.7759e-003
611	-0.16326	0.	0.14348	-2.3966e-003
612	-5.1397e-003	0.	0.1425	-9.8329e-004
613	0.87065	0.	0.61856	1.4502e-005
614	4.5569e-002	0.	0.12235	1.1202e-003
615	-0.12596	0.	5.5102e-002	-1.8992e-002
616	-0.17738	0.	0.25494	-7.5504e-004
617	-0.24126	0.	0.10138	2.2717e-003
618	-0.42594	0.	0.62088	-1.6033e-006
619	-0.15924	0.	6.0007e-002	-1.2323e-002
620	-0.3985	0.	0.91334	-2.7355e-006
621	-9.5205e-002	0.	5.394e-002	-1.9828e-002
622	0.75369	0.	0.78727	8.2085e-006
623	-0.23257	0.	4.9537e-002	1.4133e-002
624	0.19998	0.	0.91483	-2.1459e-006
625	-0.85846	0.	0.42738	3.7132e-005
626	-0.35865	0.	0.81445	-9.5877e-006
627	0.59493	0.	0.96256	1.78e-006
628	-0.74076	0.	0.94699	2.0209e-006
629	-0.16562	0.	0.1027	-4.1475e-003
630	-0.31821	0.	0.51634	-3.5313e-005
631	0.78457	0.	0.96584	2.2147e-006
632	-6.2121e-002	0.	5.6019e-002	-1.8484e-002
633	-0.81632	0.	0.65464	1.501e-005
634	0.19794	0.	0.28981	1.3416e-004
635	-0.97516	0.	0.92548	3.3439e-006
636	0.3667	0.	0.56069	1.9202e-005
637	6.4633e-004	0.	0.80727	-1.3472e-005
638	0.16253	0.	0.80433	-6.1619e-006
639	-0.16344	0.	0.61042	-5.2885e-005
640	-0.62944	0.	0.24499	1.2535e-004
641	0.41413	0.	0.23968	1.4976e-004
642	2.8789e-002	0.	0.5913	-5.0144e-005
643	2.5105e-002	0.	3.9588e-002	2.3826e-002
644	5.8782e-002	0.	3.7244e-002	1.1869e-002
1999	-9.0909e-003	0.	3.75e-002	8.4822e-003
2000	0.	0.	3.125e-002	4.3911e-002
2002	2.5623e-003	0.	4.7869e-002	1.3496e-002
2003	1.2553e-002	0.	3.8544e-002	2.259e-002
2007	-2.7273e-002	0.	3.75e-002	-1.0007e-002
2010	-2.0339e-002	0.	5.3704e-002	-5.3403e-003
2011	-6.5286e-003	0.	4.7869e-002	6.2439e-004
2014	-4.5455e-002	0.	3.75e-002	-1.8703e-002
2017	-4.3939e-002	0.	5.6019e-002	-1.2856e-002
2018	-2.943e-002	0.	5.3704e-002	-1.0958e-002
2019	-4.9242e-002	0.	4.6759e-002	-1.7054e-002
2022	-6.3636e-002	0.	3.75e-002	-2.2192e-002
2025	-5.8333e-002	0.	4.6759e-002	-2.0132e-002
2027	-8.1818e-002	0.	3.75e-002	-2.3109e-002
2030	-8.3966e-002	0.	4.572e-002	-2.1216e-002
2031	-6.7424e-002	0.	4.6759e-002	-2.0544e-002
2033	-0.1	0.	3.75e-002	-2.2935e-002
2036	-9.3057e-002	0.	4.572e-002	-2.1721e-002
2038	-0.11818	0.	3.75e-002	-2.2639e-002
2041	-0.11752	0.	4.6301e-002	-2.0624e-002
2042	-0.10215	0.	4.572e-002	-2.1042e-002
2045	-0.13636	0.	3.75e-002	-2.1785e-002
2048	-0.12661	0.	4.6301e-002	-2.1007e-002
2050	-0.15455	0.	3.75e-002	-1.8076e-002
2053	-0.13571	0.	4.6301e-002	-1.9769e-002
2054	-0.15235	0.	4.8754e-002	-1.6435e-002
2055	-0.17273	0.	3.75e-002	-1.126e-002
2058	-0.16144	0.	4.8754e-002	-1.3965e-002
2060	-0.19091	0.	3.75e-002	5.2875e-003
2063	-0.18924	0.	5.6509e-002	-3.162e-003
2064	-0.17053	0.	4.8754e-002	-9.6189e-003
2066	-0.2	0.	3.125e-002	4.2328e-002
2068	-0.19833	0.	5.6509e-002	9.0401e-003
2069	-0.21628	0.	4.3519e-002	1.5811e-002
2075	-0.2	0.	1.25e-002	8.7538e-002
2076	-0.22273	0.	1.25e-002	5.2674e-002
2077	-0.21628	0.	3.7269e-002	4.0649e-002
2131	0.	0.	1.25e-002	8.7142e-002
2132	2.2727e-002	0.	1.25e-002	4.9066e-002
2133	1.2553e-002	0.	3.2294e-002	4.5148e-002
4051	0.13636	0.	0.	4.1486e-003
4052	6.8182e-002	0.	0.	1.8953e-002
4053	9.1919e-002	0.	3.7463e-002	5.1156e-003
4054	7.4846e-002	0.	1.8622e-002	9.0553e-003
4063	0.22727	0.	0.	1.3651e-003
4064	0.13737	0.	3.7463e-002	3.0225e-003
4065	0.21038	0.	5.2675e-002	1.4791e-003
4066	0.16739	0.	6.5091e-002	1.6368e-003
4073	0.31818	0.	0.	5.1358e-004
4074	0.25583	0.	5.2675e-002	7.8887e-004
4075	0.31253	0.	4.9423e-002	5.0787e-004
4082	0.40909	0.	0.	2.8176e-004
4083	0.35798	0.	4.9423e-002	3.4657e-004
4092	0.5	0.	0.	1.6892e-004
4093	0.45764	0.	7.0849e-002	1.8812e-004
4094	0.40343	0.	4.9423e-002	2.7604e-004
4095	0.50247	0.	5.6716e-002	1.6549e-004
4101	0.59091	0.	0.	1.0658e-004
4102	0.54792	0.	5.6716e-002	1.2318e-004
4106	0.68182	0.	0.	7.3413e-005
4107	0.66319	0.	7.3485e-002	7.7614e-005
4108	0.59338	0.	5.6716e-002	1.0315e-004
4112	0.77273	0.	0.	5.2949e-005
4113	0.70865	0.	7.3485e-002	6.4476e-005
4114	0.79161	0.	5.0738e-002	5.2259e-005
4119	0.86364	0.	0.	4.2627e-005
4120	0.83706	0.	5.0738e-002	4.4933e-005
4126	0.95455	0.	4.7159e-002	3.857e-005
4127	0.95455	0.	0.	3.869e-005
4128	0.88252	0.	5.0738e-002	4.1937e-005
4132	-1.0636	0.	0.	4.224e-005
4133	-1.1545	0.	4.7159e-002	3.7738e-005
4134	-1.1545	0.	0.	3.8191e-005
4135	-1.0826	0.	5.0794e-002	4.1894e-005
4141	-0.97273	0.	0.	5.2857e-005
4142	-1.0371	0.	5.0794e-002	4.4941e-005
4148	-0.88182	0.	0.	7.2868e-005
4149	-0.90865	0.	7.3485e-002	6.3322e-005
4150	-0.99166	0.	5.0794e-002	5.2511e-005
4157	-0.79091	0.	0.	1.0604e-004
4158	-0.86319	0.	7.3485e-002	7.5764e-005
4159	-0.79329	0.	4.07e-002	1.0499e-004
4162	-0.7	0.	0.	1.5174e-004
4163	-0.74784	0.	4.07e-002	1.2572e-004
4169	-0.60909	0.	0.	2.2962e-004
4170	-0.64126	0.	6.6143e-002	1.8689e-004
4171	-0.70238	0.	4.07e-002	1.5068e-004
4176	-0.51818	0.	0.	4.8473e-004
4177	-0.59581	0.	6.6143e-002	2.3981e-004
4178	-0.53131	0.	6.2027e-002	3.6063e-004
4187	-0.42727	0.	0.	1.4509e-003
4188	-0.48586	0.	6.2027e-002	5.6284e-004
4189	-0.44137	0.	3.0903e-002	9.5216e-004
4198	-0.33636	0.	0.	5.8775e-003
4199	-0.34365	0.	4.166e-002	2.5782e-003
4200	-0.39592	0.	3.0903e-002	1.7161e-003
4206	-0.26818	0.	0.	2.3861e-002
4207	-0.2982	0.	4.166e-002	6.2408e-003
4208	-0.26174	0.	2.4769e-002	1.1836e-002
4440	-1.2	0.	0.14148	3.5505e-005
4441	-1.2	0.	4.7159e-002	3.6737e-005
4442	-1.128	0.	9.7953e-002	4.044e-005
4446	-1.2	0.	0.2358	3.2285e-005
4447	-1.115	0.	0.22031	3.6801e-005
4448	-1.128	0.	0.14511	3.966e-005
4452	-1.2	0.	0.33011	2.7333e-005
4453	-1.115	0.	0.26747	3.436e-005
4454	-1.1406	0.	0.31751	2.9309e-005
4458	-1.2	0.	0.42443	2.2727e-005
4459	-1.1462	0.	0.42357	2.286e-005
4460	-1.1406	0.	0.36467	2.6798e-005
4462	-1.2	0.	0.51875	1.8226e-005
4463	-1.1462	0.	0.47072	2.0765e-005
4466	-1.2	0.	0.61307	1.4064e-005
4467	-1.1462	0.	0.51788	1.8359e-005
4468	-1.1456	0.	0.57657	1.5343e-005
4472	-1.2	0.	0.70739	1.0236e-005
4473	-1.1307	0.	0.6732	1.1542e-005
4474	-1.1456	0.	0.62373	1.3587e-005
4476	-1.2	0.	0.8017	6.7476e-006
4477	-1.117	0.	0.78782	7.0862e-006
4478	-1.1307	0.	0.72036	9.4698e-006
4482	-1.2	0.	0.89602	3.9094e-006
4483	-1.117	0.	0.83497	5.6701e-006
4484	-1.143	0.	0.89081	4.191e-006
4489	-1.1522	0.	0.99034	1.7779e-006
4490	-1.2	0.	0.99034	1.7528e-006
4491	-1.143	0.	0.93797	2.7689e-006
4521	-1.0565	0.	1.0375	1.117e-006
4522	-1.1522	0.	1.0375	1.0433e-006
4523	-1.0952	0.	0.98513	2.0595e-006
4528	-0.96087	0.	1.0375	1.1322e-006
4529	-1.0473	0.	0.98513	2.108e-006
4530	-0.99193	0.	0.98149	2.2547e-006
4534	-0.86522	0.	1.0375	1.1161e-006
4535	-0.89058	0.	0.96256	1.9791e-006
4536	-0.9441	0.	0.98149	2.2214e-006
4541	-0.76957	0.	1.0375	9.7373e-007
4542	-0.84275	0.	0.96256	1.9963e-006
4543	-0.77908	0.	0.99225	1.5771e-006
4545	-0.67391	0.	1.0375	7.4386e-007
4546	-0.73125	0.	0.99225	1.4175e-006
4551	-0.57826	0.	1.0375	2.7804e-007
4552	-0.63078	0.	0.95747	1.4047e-006
4553	-0.56981	0.	0.9834	2.114e-007
4554	-0.68342	0.	0.99225	1.3472e-006
4557	-0.48261	0.	1.0375	-4.9788e-007
4558	-0.52198	0.	0.9834	-1.841e-007
4561	-0.38696	0.	1.0375	-1.3502e-006
4562	-0.47416	0.	0.9834	-5.6452e-007
4563	-0.41664	0.	0.97542	-1.8069e-006
4567	-0.2913	0.	1.0375	-2.4467e-006
4568	-0.31074	0.	0.96885	-3.2035e-006
4569	-0.36881	0.	0.97542	-2.2788e-006
4572	-0.19565	0.	1.0375	-2.8127e-006
4573	-0.26292	0.	0.96885	-3.828e-006
4574	-0.19661	0.	0.98444	-4.3175e-006
4578	-0.1	0.	1.0375	-2.6584e-006
4579	-0.14879	0.	0.98444	-4.059e-006
4583	-4.3478e-003	0.	1.0375	-2.5543e-006
4584	-0.10096	0.	0.98444	-4.1632e-006
4585	-3.7589e-002	0.	0.97188	-4.539e-006
4588	9.1304e-002	0.	1.0375	-2.1132e-006
4589	6.5451e-002	0.	0.96162	-4.5142e-006
4590	1.0237e-002	0.	0.97188	-4.3307e-006
4594	0.18696	0.	1.0375	-1.2121e-006
4595	0.11328	0.	0.96162	-4.2815e-006
4596	0.16955	0.	0.97617	-2.0132e-006
4600	0.28261	0.	1.0375	-3.0472e-007
4601	0.27869	0.	0.99019	-2.2444e-007
4602	0.21738	0.	0.97617	-1.3448e-006
4604	0.37826	0.	1.0375	1.6309e-007
4605	0.32651	0.	0.99019	1.4642e-008
4609	0.47391	0.	1.0375	7.7671e-007
4610	0.4362	0.	0.9754	1.1062e-006
4611	0.37434	0.	0.99019	2.4337e-007
4615	0.56957	0.	1.0375	9.4381e-007
4616	0.48403	0.	0.9754	1.4911e-006
4617	0.55833	0.	1.	1.4708e-006
4622	0.66522	0.	1.0375	1.0082e-006
4623	0.60616	0.	1.	1.253e-006
4625	0.76087	0.	1.0375	1.0765e-006
4626	0.70015	0.	0.96012	2.5725e-006
4627	0.65399	0.	1.	1.5352e-006
4628	0.7488	0.	1.0017	1.7525e-006
4632	0.85652	0.	1.0375	9.8258e-007
4633	0.79663	0.	1.0017	1.5387e-006
4638	0.95217	0.	0.99034	1.8197e-006
4639	0.95217	0.	1.0375	1.1133e-006
4640	0.87766	0.	0.96015	2.6217e-006
4641	0.84446	0.	1.0017	1.6586e-006
4669	1.	0.	0.89602	4.1233e-006
4670	1.	0.	0.99034	1.8305e-006
4671	0.92549	0.	0.91299	3.3389e-006
4675	1.	0.	0.8017	6.9635e-006
4676	0.92549	0.	0.86583	4.9253e-006
4677	0.94088	0.	0.79784	7.2939e-006
4681	1.	0.	0.70739	1.0219e-005
4682	0.94088	0.	0.75068	8.5476e-006
4684	1.	0.	0.61307	1.4211e-005
4685	0.94088	0.	0.70352	1.0549e-005
4686	0.93533	0.	0.63939	1.3361e-005
4692	1.	0.	0.51875	1.8753e-005
4693	0.9353	0.	0.53271	1.7487e-005
4694	0.93533	0.	0.59223	1.5352e-005
4697	1.	0.	0.42443	2.3705e-005
4698	0.9353	0.	0.48555	2.0039e-005
4699	0.94878	0.	0.42843	2.3524e-005
4704	1.	0.	0.33011	2.8603e-005
4705	0.94878	0.	0.38127	2.5924e-005
4707	1.	0.	0.2358	3.3358e-005
4708	0.91748	0.	0.27183	3.5123e-005
4709	0.94878	0.	0.33411	2.8421e-005
4714	1.	0.	0.14148	3.6562e-005
4715	0.91748	0.	0.22468	3.738e-005
4716	0.92797	0.	0.14506	3.9929e-005
4720	1.	0.	4.7159e-002	3.7629e-005
4721	0.92797	0.	9.7897e-002	4.0876e-005
4725	2.2727e-002	0.	0.	6.9739e-002
4734	-0.22273	0.	0.	7.3046e-002
4747	3.528e-002	0.	1.9794e-002	2.7745e-002
4748	5.2118e-002	0.	1.8622e-002	2.1766e-002
4758	-0.23901	0.	2.4769e-002	2.6157e-002
4770	0.13223	0.	0.68446	-1.5892e-005
4771	0.22531	0.	0.75181	-5.3821e-006
4772	0.22007	0.	0.64047	-5.2663e-006
4773	0.13227	0.	0.72903	-1.1549e-005
4774	0.25386	0.	0.688	-3.1566e-006
4775	0.16108	0.	0.6432	-1.822e-005
4776	0.17404	0.	0.75133	-7.4796e-006
4780	-0.43565	0.	0.69456	-3.8505e-006
4781	-0.34749	0.	0.65609	-1.5298e-005
4782	-0.29502	0.	0.69862	-1.7538e-005
4783	-0.40718	0.	0.75445	-5.762e-006
4784	-0.39588	0.	0.66299	-5.3195e-006
4785	-0.36223	0.	0.75978	-9.3117e-006
4790	-0.23294	0.	0.34306	-2.1348e-004
4791	-0.33755	0.	0.39346	-5.0731e-005
4792	-0.25026	0.	0.41607	-1.0931e-004
4793	-0.31565	0.	0.33264	-2.2282e-005
4794	-0.2657	0.	0.315	-1.5006e-004
4795	-0.23197	0.	0.37911	-1.6803e-004
4796	-0.29823	0.	0.44359	-7.4792e-005
4799	8.0627e-002	0.	0.43341	-8.0964e-005
4800	2.8259e-002	0.	0.35329	-2.3573e-004
4801	3.0495e-002	0.	0.39699	-1.3693e-004
4802	6.6529e-002	0.	0.33449	-1.2758e-004
4803	0.11208	0.	0.39824	-5.6583e-005
4804	0.11014	0.	0.36131	-4.3872e-005
4808	-0.19457	0.	0.16377	-6.6579e-004
4809	-0.15522	0.	0.18214	-1.6982e-003
4810	-0.22732	0.	0.17937	-9.8387e-005
4811	-0.21974	0.	0.22721	-4.5413e-004
4812	-0.17481	0.	0.16936	-1.5595e-003
4813	-0.18187	0.	0.22509	-7.3872e-004
4818	8.7141e-002	0.	0.22134	6.0388e-005
4819	6.3557e-002	0.	0.18203	4.1471e-004
4820	6.1934e-003	0.	0.19574	-5.7584e-004
4821	4.8913e-002	0.	0.24583	-1.1838e-004
4822	8.745e-003	0.	0.22505	-3.4915e-004
4823	1.6995e-002	0.	0.17333	-5.3621e-004
4824	4.235e-002	0.	0.16326	5.1553e-004
4828	0.50797	0.	0.60726	1.642e-005
4829	0.66495	0.	0.63594	1.6724e-005
4830	0.51895	0.	0.52931	2.8927e-005
4831	0.60072	0.	0.66282	1.4596e-005
4832	0.59689	0.	0.51439	2.7564e-005
4833	0.64855	0.	0.5685	2.0324e-005
4834	0.54241	0.	0.65106	1.5882e-005
4839	-0.12636	0.	0.48471	-1.2949e-004
4840	-8.5239e-002	0.	0.51776	-8.7838e-005
4841	-0.18025	0.	0.49516	-9.5408e-005
4842	-0.18651	0.	0.54715	-7.156e-005
4843	-0.10797	0.	0.56268	-6.9501e-005
4844	-0.15084	0.	0.56972	-6.9671e-005
4847	0.34572	0.	0.39004	6.927e-005
4848	0.28048	0.	0.41849	3.8595e-005
4849	0.39036	0.	0.46563	3.3578e-005
4850	0.28783	0.	0.52156	1.4201e-005
4851	0.2615	0.	0.47555	1.5531e-005
4852	0.34389	0.	0.5106	2.467e-005
4857	-0.55365	0.	0.40438	6.0486e-005
4858	-0.60136	0.	0.45362	3.6312e-005
4859	-0.46503	0.	0.44352	2.1363e-005
4860	-0.57518	0.	0.52712	2.2566e-005
4861	-0.49745	0.	0.38899	6.769e-005
4862	-0.47526	0.	0.50316	1.1427e-005
4863	-0.47958	0.	0.54592	1.4157e-005
4868	-0.13444	0.	0.10302	-6.7283e-003
4869	-0.12899	0.	0.14494	-3.7756e-003
4870	-0.12107	0.	0.10926	-6.516e-003
4871	-0.1173	0.	0.1244	-4.8266e-003
4872	-0.14857	0.	0.13216	-3.6369e-003
4873	-0.14975	0.	0.11177	-4.5124e-003
4875	0.74386	0.	0.27733	4.4907e-005
4876	0.67139	0.	0.22045	5.9672e-005
4877	0.63414	0.	0.36742	4.248e-005
4878	0.58205	0.	0.31078	6.0158e-005
4879	0.70443	0.	0.34804	4.0597e-005
4880	0.60405	0.	0.2604	7.3191e-005
4885	-0.94135	0.	0.27297	4.65e-005
4886	-0.87139	0.	0.22045	6.0171e-005
4887	-0.78216	0.	0.30035	6.3959e-005
4888	-0.90443	0.	0.33625	4.2626e-005
4889	-0.79985	0.	0.25154	7.8102e-005
4890	-0.85561	0.	0.36066	4.5628e-005
4894	-0.15994	0.	0.73982	-2.1699e-005
4895	-0.1227	0.	0.85944	-1.1461e-005
4896	-5.7694e-002	0.	0.74423	-2.3475e-005
4897	-0.14969	0.	0.80035	-1.5658e-005
4898	-5.9328e-002	0.	0.84688	-1.1837e-005
4899	-4.7503e-002	0.	0.79738	-1.5416e-005
4900	-0.12955	0.	0.69896	-3.5122e-005
4905	-0.19972	0.	0.10391	-9.2337e-006
4906	-0.23553	0.	0.14789	-4.1769e-005
4907	-0.18302	0.	0.13789	-1.5029e-003
4908	-0.22202	0.	0.11684	8.3128e-004
4909	-0.1842	0.	0.1175	-2.3784e-003
4913	-0.14514	0.	0.29311	-4.4046e-004
4914	-6.025e-002	0.	0.29801	-4.6609e-004
4915	-0.10313	0.	0.31477	-4.5457e-004
4916	-6.2148e-002	0.	0.25843	-5.8871e-004
4917	-9.1132e-002	0.	0.23916	-1.0668e-003
4918	-0.14002	0.	0.26294	-6.6164e-004
4921	2.316e-002	0.	8.2464e-002	2.7121e-003
4922	-1.2997e-002	0.	9.8809e-002	-1.5915e-003
4923	-7.8455e-003	0.	8.1564e-002	-3.1206e-003
4924	5.9652e-003	0.	7.5729e-002	2.8441e-003
4925	8.3302e-004	0.	0.11786	-4.6666e-004
4926	2.6187e-002	0.	0.10778	5.8508e-004
4929	-0.6218	0.	0.38704	6.6881e-005
4930	-0.64283	0.	0.32228	8.2424e-005
4931	-0.5179	0.	0.32241	9.8258e-005
4932	-0.55529	0.	0.28422	1.4489e-004
4933	-0.60177	0.	0.29139	1.082e-004
4938	0.33704	0.	0.26039	2.0633e-004
4939	0.30512	0.	0.34802	7.7727e-005
4940	0.41499	0.	0.39516	7.2711e-005
4941	0.44085	0.	0.3236	8.9026e-005
4942	0.28415	0.	0.30469	1.2128e-004
4943	0.39224	0.	0.27962	1.2908e-004
4949	0.11157	0.	0.19921	5.6423e-004
4950	0.17398	0.	0.2219	3.2028e-004
4951	9.6924e-002	0.	0.26301	3.1132e-005
4952	0.14406	0.	0.18435	7.1404e-004
4953	0.14054	0.	0.28983	1.1484e-004
4954	0.16654	0.	0.26416	1.7203e-004
4959	-0.33121	0.	0.11551	1.911e-003
4960	-0.42796	0.	0.13587	6.5956e-004
4961	-0.39238	0.	0.18288	5.9457e-004
4962	-0.34367	0.	0.18222	5.9624e-004
4963	-0.31261	0.	0.15559	7.0301e-004
4964	-0.38347	0.	0.10475	1.0489e-003
4970	-0.28688	0.	0.12341	1.7336e-003
4971	-0.35775	0.	7.2563e-002	2.0795e-003
4972	-0.27337	0.	9.2351e-002	2.6067e-003
4973	-0.26902	0.	6.6429e-002	8.5371e-003
4978	0.41981	0.	0.69512	8.0299e-006
4979	0.44866	0.	0.5487	2.4512e-005
4980	0.37992	0.	0.65216	7.2444e-006
4981	0.47212	0.	0.67044	1.1467e-005
4982	0.40219	0.	0.59367	1.5604e-005
4987	-0.56313	0.	0.71174	3.6398e-006
4988	-0.47702	0.	0.74391	-5.7675e-007
4989	-0.56132	0.	0.63364	8.2753e-006
4990	-0.52799	0.	0.74915	1.2769e-006
4991	-0.46571	0.	0.65245	-1.3423e-007
4995	-6.868e-002	0.	0.12612	-4.8266e-003
4996	-9.4288e-002	0.	0.15832	-2.9598e-003
4997	-4.5613e-002	0.	0.16745	-2.1541e-003
4998	-7.2045e-002	0.	0.17749	-2.4055e-003
4999	-4.8641e-002	0.	0.12599	-3.2393e-003
5000	-8.2601e-002	0.	0.13777	-4.0107e-003
5001	-3.4811e-002	0.	0.14504	-2.1144e-003
5007	0.76912	0.	0.88277	3.9978e-006
5008	0.65523	0.	0.81024	6.1053e-006
5009	0.61235	0.	0.85701	4.5098e-006
5010	0.72048	0.	0.835	6.0316e-006
5011	0.6411	0.	0.92265	2.8174e-006
5012	0.73592	0.	0.92429	3.0347e-006
5016	-0.88704	0.	0.81256	5.822e-006
5017	-0.81467	0.	0.84238	4.4429e-006
5018	-0.80444	0.	0.91731	2.4401e-006
5019	-0.92164	0.	0.90655	3.1016e-006
5023	-7.336e-002	0.	0.47346	-1.3087e-004
5024	-0.10904	0.	0.3995	-2.5672e-004
5025	-0.16837	0.	0.45086	-1.3844e-004
5026	-6.3926e-002	0.	0.42645	-1.6943e-004
5027	-0.15008	0.	0.4139	-1.9716e-004
5032	-0.62813	0.	0.80846	4.0403e-006
5033	-0.61896	0.	0.66137	1.058e-005
5034	-0.691	0.	0.76831	5.9857e-006
5035	-0.58564	0.	0.77688	3.5819e-006
5036	-0.71855	0.	0.69706	1.0477e-005
5040	2.7326e-002	0.	0.49593	-7.1816e-005
5041	3.6759e-002	0.	0.44892	-1.1038e-004
5042	0.1444	0.	0.48797	-2.6744e-005
5043	0.11834	0.	0.45018	-3.003e-005
5044	0.11175	0.	0.53671	-4.1027e-005
5045	5.784e-002	0.	0.53832	-5.2278e-005
5049	-0.2767	0.	0.64961	-2.38e-005
5050	-0.37324	0.	0.57121	-1.4312e-005
5051	-0.28197	0.	0.58618	-3.9112e-005
5052	-0.37755	0.	0.61398	-1.1582e-005
5053	-0.32368	0.	0.56171	-2.8437e-005
5056	0.81335	0.	0.45083	2.465e-005
5057	0.79472	0.	0.52431	1.9292e-005
5058	0.88408	0.	0.44238	2.2257e-005
5059	0.87063	0.	0.55903	1.6637e-005
5063	-0.92176	0.	0.64697	1.4041e-005
5064	-1.015	0.	0.51315	2.0098e-005
5065	-0.99951	0.	0.62131	1.5037e-005
5066	-0.85206	0.	0.54361	2.2168e-005
5067	-0.94683	0.	0.46751	2.5212e-005
5068	-1.0143	0.	0.57184	1.7081e-005
5069	-0.89802	0.	0.49191	2.8215e-005
5070	-0.87695	0.	0.60554	1.7154e-005
5075	0.3335	0.	0.78445	1.044e-006
5076	0.42412	0.	0.83845	2.9378e-006
5077	0.36205	0.	0.72064	3.2695e-006
5078	0.36226	0.	0.85323	2.075e-006
5079	0.46968	0.	0.79744	4.61e-006
5080	0.45425	0.	0.73892	7.4917e-006
5085	7.895e-002	0.	0.71515	-1.8643e-005
5086	2.959e-002	0.	0.68578	-2.6289e-005
5087	0.10776	0.	0.62933	-2.5315e-005
5088	5.3852e-002	0.	0.63094	-3.6565e-005
5090	-7.8741e-002	0.	9.1258e-002	-8.935e-003
5091	-6.2197e-002	0.	8.96e-002	-8.248e-003
5092	-5.2838e-002	0.	0.10453	-4.8203e-003
5093	-9.0573e-002	0.	0.10117	-7.2812e-003
5094	-8.6799e-002	0.	0.11631	-5.5918e-003
5097	0.68742	0.	0.71087	1.0484e-005
5098	0.73524	0.	0.61656	1.6213e-005
5099	0.8167	0.	0.71541	1.0746e-005
5100	0.81115	0.	0.65128	1.3558e-005
5101	0.75266	0.	0.73564	1.0411e-005
5104	0.50804	0.	0.18428	1.3036e-004
5105	0.40653	0.	0.12027	2.5294e-004
5106	0.50557	0.	0.12756	1.4238e-004
5107	0.43744	0.	0.19069	1.5739e-004
5113	-0.56348	0.	0.12817	3.1791e-004
5114	-0.68746	0.	0.17071	1.4958e-004
5115	-0.6891	0.	0.10684	1.6087e-004
5116	-0.58223	0.	0.18146	1.979e-004
5117	-0.62871	0.	0.18864	1.6122e-004
5121	0.25826	0.	0.20325	3.6746e-004
5122	0.27133	0.	0.15328	6.0356e-004
5123	0.32802	0.	0.15003	3.2256e-004
5124	0.25083	0.	0.24551	2.1921e-004
5125	0.35893	0.	0.22044	2.2701e-004
5129	-0.4634	0.	0.17107	3.7375e-004
5130	-0.51773	0.	0.17734	3.1873e-004
5131	-0.4545	0.	9.293e-002	8.2806e-004
5137	-0.37911	0.	0.21742	3.1042e-004
5138	-0.39043	0.	0.25627	1.8923e-004
5139	-0.44476	0.	0.26254	2.0711e-004
5140	-0.48215	0.	0.22436	2.5374e-004
5143	-0.34172	0.	0.25561	1.909e-004
5144	-0.29934	0.	0.19013	4.1886e-004
5145	-0.29177	0.	0.23797	6.3117e-005
5149	9.0456e-002	0.	0.11741	2.454e-003
5150	0.12047	0.	0.14504	1.0684e-003
5151	6.6776e-002	0.	0.14112	1.0194e-003
5155	0.22089	0.	0.43353	2.3988e-005
5156	0.19483	0.	0.39574	2.0701e-005
5157	0.1929	0.	0.35881	3.3412e-005
5158	0.21891	0.	0.33314	9.0607e-005
5160	-0.12272	0.	7.9634e-002	-1.1081e-002
5161	-0.12164	0.	9.1444e-002	-8.367e-003
5162	-0.13048	0.	7.0152e-002	-1.3785e-002
5163	-0.14712	0.	7.2605e-002	-1.0451e-002
5164	-0.15031	0.	9.3952e-002	-6.3634e-003
5168	-0.21605	0.	0.91579	-5.0744e-006
5169	-0.24304	0.	0.8567	-9.2708e-006
5170	-0.34043	0.	0.90677	-3.6602e-006
5171	-0.32051	0.	0.85733	-7.0863e-006
5176	8.3205e-002	0.	0.82273	-1.0491e-005
5177	3.221e-002	0.	0.89599	-6.4989e-006
5178	0.1437	0.	0.90028	-4.4142e-006
5179	4.4035e-002	0.	0.8465	-1.0077e-005
5180	0.12498	0.	0.84503	-6.4222e-006
5183	-0.22951	0.	0.62871	-4.1352e-005
5184	-0.21398	0.	0.75267	-1.9998e-005
5185	-0.29145	0.	0.7533	-1.7814e-005
5186	-0.19384	0.	0.65128	-3.9462e-005
5191	-0.14561	0.	0.33694	-3.268e-004
5192	-0.22038	0.	0.28723	-2.4927e-004
5193	-0.18665	0.	0.35134	-2.6724e-004
5194	-0.1825	0.	0.28511	-5.3386e-004
5196	-0.48104	0.	0.86655	-1.3695e-006
5197	-0.49953	0.	0.80904	-6.3468e-007
5198	-0.42352	0.	0.85857	-2.6119e-006
5199	-0.4036	0.	0.80913	-6.038e-006
5203	0.53757	0.	0.45583	3.5656e-005
5204	0.48548	0.	0.39919	5.3334e-005
5205	0.41316	0.	0.51572	2.8111e-005
5209	-0.64333	0.	0.50977	2.8961e-005
5210	-0.69054	0.	0.37151	5.8251e-005
5211	-0.71803	0.	0.48352	3.3872e-005
5212	-0.76398	0.	0.43183	3.9919e-005
5216	-0.95998	0.	0.19948	5.2547e-005
5217	-0.99301	0.	0.31528	3.5001e-005
5218	-1.043	0.	0.17679	4.1735e-005
5219	-1.0555	0.	0.30203	3.3825e-005
5225	0.76249	0.	0.20384	5.3911e-005
5226	0.79552	0.	0.33143	3.4836e-005
5227	0.84545	0.	0.18109	4.1694e-005
5228	0.86625	0.	0.32299	3.2444e-005
5233	-6.8059e-002	0.	7.6195e-002	-1.0775e-002
5234	-9.7513e-002	0.	7.5959e-002	-1.2522e-002
5235	-9.6435e-002	0.	8.7769e-002	-9.8085e-003
5236	-8.9904e-002	0.	6.5896e-002	-1.5645e-002
5237	-7.3362e-002	0.	6.6936e-002	-1.4973e-002
5243	-6.0726e-002	0.	0.34185	-3.5243e-004
5244	-1.5609e-002	0.	0.3688	-2.6515e-004
5245	2.0425e-002	0.	0.3063	-2.5579e-004
5246	-1.9743e-002	0.	0.28551	-4.8656e-004
5250	-0.37494	0.	0.35527	4.1259e-005
5251	-0.42927	0.	0.36155	5.9136e-005
5252	-0.40708	0.	0.47571	2.8733e-006
5253	-0.35752	0.	0.46621	-1.1251e-005
5257	-0.97001	0.	0.77929	7.3968e-006
5258	-1.0478	0.	0.75363	8.3923e-006
5259	-1.06	0.	0.87693	4.5296e-006
5260	-1.0046	0.	0.87328	4.6763e-006
5262	-2.2806e-002	0.	0.45951	-1.2778e-004
5263	-5.4969e-002	0.	0.55143	-7.0883e-005
5264	-1.7255e-003	0.	0.54891	-6.9682e-005
5268	-4.2157e-002	0.	8.9467e-002	-6.6606e-003
5269	-3.7006e-002	0.	7.2222e-002	-8.1897e-003
5270	-5.6818e-002	0.	6.5278e-002	-1.4286e-002
5275	-0.9837	0.	0.71183	9.7804e-006
5276	-0.83359	0.	0.76731	7.4057e-006
5277	-0.86114	0.	0.69606	1.1897e-005
5278	-0.94056	0.	0.83148	6.0644e-006
5283	0.29362	0.	0.74149	2.5847e-007
5284	0.29383	0.	0.87409	-9.3606e-007
5285	0.23253	0.	0.86007	-2.0565e-006
5286	0.2138	0.	0.80482	-4.0645e-006
5290	0.86637	0.	0.81481	6.5095e-006
5291	0.80233	0.	0.83504	6.1747e-006
5292	0.81777	0.	0.92432	3.1778e-006
5296	-1.0243	0.	0.42421	2.6012e-005
5297	-1.0918	0.	0.52855	1.7881e-005
5298	-1.0868	0.	0.41096	2.4835e-005
5303	0.22825	0.	0.53661	-4.0576e-007
5304	0.28837	0.	0.63015	3.7431e-007
5305	0.19559	0.	0.58534	-1.4689e-005
5306	0.31064	0.	0.57165	8.7335e-006
5310	0.22587	0.	0.15532	6.6676e-004
5311	0.18288	0.	0.16773	8.2442e-004
5312	0.20537	0.	0.24755	2.8241e-004
5316	-5.849e-002	0.	0.38555	-2.5363e-004
5317	-0.14464	0.	0.373	-2.8135e-004
5321	-0.21896	0.	8.845e-002	1.4312e-003
5322	-0.17795	0.	6.7763e-002	-5.8663e-003
5323	-0.21461	0.	6.2527e-002	7.3616e-003
5324	-0.18114	0.	8.911e-002	-1.7784e-003
5330	-0.69836	0.	0.83729	4.0812e-006
5331	-0.57451	0.	0.90337	9.4254e-007
5332	-0.59299	0.	0.84586	1.6774e-006
5333	-0.68812	0.	0.91222	2.0784e-006
5337	-0.22852	0.	0.5133	-8.0511e-005
5338	-0.20397	0.	0.42435	-1.6308e-004
5339	-0.27023	0.	0.48883	-6.9836e-005
5344	0.58031	0.	0.78452	6.7605e-006
5345	0.56488	0.	0.72599	9.6422e-006
5346	0.68844	0.	0.76251	8.2822e-006
5351	-0.10185	0.	0.18822	-2.1197e-003
5352	-0.11241	0.	0.14851	-3.725e-003
5353	-0.14368	0.	0.15627	-2.5354e-003
5354	-0.15074	0.	0.21199	-1.7145e-003
5358	-1.0763	0.	0.63671	1.282e-005
5364	-0.97304	0.	0.12428	5.5406e-005
5365	-0.81848	0.	0.17806	8.4149e-005
5366	-0.82012	0.	0.11418	9.5442e-005
5371	0.77298	0.	0.12422	5.6459e-005
5372	0.62268	0.	0.18692	8.2195e-005
5373	0.62021	0.	0.1302	9.421e-005
5379	0.56342	0.	0.38427	5.1971e-005
5380	0.6858	0.	0.42153	3.241e-005
5381	0.66718	0.	0.49501	2.7053e-005
5385	-0.69185	0.	0.55702	2.0127e-005
5386	-0.52155	0.	0.60208	6.8063e-006
5387	-0.71674	0.	0.61895	1.5113e-005
5393	0.53334	0.	0.27724	8.2681e-005
5394	0.46273	0.	0.28365	1.097e-004
5399	-0.72925	0.	0.25795	8.7938e-005
5400	-0.78501	0.	0.36707	5.5463e-005
5401	-0.6705	0.	0.27587	9.9574e-005
5407	-0.40737	0.	0.30073	8.7585e-005
5408	-0.30309	0.	0.27682	-5.8072e-005
5412	0.38445	0.	0.92809	9.5773e-007
5413	0.49187	0.	0.8723	3.4928e-006
5414	0.52062	0.	0.93793	1.8003e-006
5417	0.73747	0.	0.47563	2.517e-005
5418	0.82682	0.	0.39371	2.8134e-005
5423	-0.26071	0.	0.21134	1.6989e-004
5424	-0.25477	0.	0.13244	1.3987e-003
5428	0.79475	0.	0.58384	1.7157e-005
5434	-2.4192e-002	0.	0.21662	-8.3587e-004
5435	-5.3176e-002	0.	0.19735	-1.314e-003
5436	-1.5942e-002	0.	0.16491	-1.0229e-003
5442	1.8528e-002	0.	0.26671	-3.7841e-004
5443	0.10231	0.	0.31432	-6.3932e-005
5448	-0.49909	0.	0.26882	1.5209e-004
5453	0.17585	0.	0.4528	-2.3625e-006
5454	0.16926	0.	0.53933	-1.336e-005
5458	-0.751	0.	0.87206	4.0238e-006
5459	-0.78877	0.	0.72589	1.0518e-005
5463	-5.0625e-002	0.	0.22666	-1.0873e-003
5466	-0.17674	0.	0.87229	-9.7603e-006
5467	-8.6375e-002	0.	0.91882	-5.9396e-006
5471	-0.42163	0.	0.57811	-4.3333e-006
5472	-0.36776	0.	0.52584	-2.1188e-005
5477	-0.1285	0.	0.23117	-1.1602e-003
5482	-0.81251	0.	0.47908	3.1085e-005
5483	-0.79144	0.	0.59271	2.0024e-005
5487	-1.0186	0.	0.36532	2.995e-005
5488	-0.90728	0.	0.40297	3.4129e-005
5492	-0.21526	0.	0.25706	-4.7044e-004
5497	-0.27649	0.	0.54081	-4.5988e-005
5498	-0.19911	0.	0.58785	-5.4774e-005
5501	2.9625e-002	0.	0.73034	-2.1946e-005
5502	3.9816e-002	0.	0.78349	-1.3886e-005
5503	0.12076	0.	0.78203	-1.0231e-005
5507	-0.10934	0.	8.5876e-002	-1.0868e-002
5508	-0.11819	0.	6.4584e-002	-1.6287e-002
5509	-0.10281	0.	6.4003e-002	-1.6705e-002
5513	6.6222e-002	0.	7.3317e-002	4.6819e-003
5514	0.12295	0.	0.10255	2.6039e-003
5515	6.9248e-002	0.	9.8636e-002	2.5549e-003
5516	7.5855e-002	0.	5.6086e-002	7.9292e-003
5523	2.232e-002	0.	6.4972e-002	5.5062e-003
5524	4.2542e-002	0.	9.7026e-002	3.2472e-003
5525	3.231e-002	0.	5.5647e-002	1.46e-002
5526	4.9149e-002	0.	5.4476e-002	8.6215e-003
5543	0.34443	0.	0.61918	1.0843e-005
5547	-4.8717e-002	0.	0.64865	-4.1069e-005
5548	-9.5443e-003	0.	0.75412	-2.1532e-005
5549	-9.1587e-002	0.	0.65569	-4.1238e-005
5550	4.5269e-003	0.	0.64613	-3.9868e-005
5555	-0.28119	0.	0.81383	-1.1772e-005
5560	-2.7648e-002	0.	8.7153e-002	-4.7621e-003
5561	-1.8969e-002	0.	0.12345	-2.1081e-003
5566	-8.6861e-003	0.	6.4072e-002	-3.2646e-004
5573	-0.53202	0.	0.87179	4.8409e-007
5574	-0.45601	0.	0.92132	-1.4931e-006
5580	-0.10449	0.	0.11282	-6.4653e-003
5585	-0.12057	0.	0.60338	-5.2715e-005
5586	-2.4455e-002	0.	0.59382	-5.1345e-005
5592	-1.1179e-002	0.	0.85676	-9.8939e-006
5597	-0.74858	0.	0.14527	1.1337e-004
5598	-0.68819	0.	0.22706	1.1372e-004
5603	0.55287	0.	0.17015	1.0773e-004
5604	0.48473	0.	0.23327	1.2274e-004
5608	0.14786	0.	0.37808	7.0617e-006
5611	0.8762	0.	0.68269	1.169e-005
5612	0.81772	0.	0.76705	8.5433e-006
5618	0.19595	0.	0.11777	1.0605e-003
5619	0.29563	0.	0.1021	6.2186e-004
5624	0.26128	0.	0.92885	-1.0255e-006
5632	0.38323	0.	0.16926	2.4531e-004
5643	8.2695e-002	0.	0.58969	-3.8893e-005
5647	0.522	0.	0.77276	8.0467e-006
5648	0.56618	0.	0.89693	3.4725e-006
5663	-1.0306	0.	0.92912	3.1972e-006
5667	0.17193	0.	0.31548	7.6967e-005
5671	1.5115e-002	0.	4.8913e-002	1.4732e-002
5675	-0.58296	0.	0.23781	1.6204e-004
5686	-0.16444	0.	0.12309	-3.2721e-003
5691	2.0214e-002	0.	0.13242	6.8451e-005
5702	-0.1426	0.	5.7555e-002	-1.5657e-002
5703	-0.11058	0.	5.4521e-002	-1.941e-002
5712	-0.23691	0.	7.546e-002	8.2021e-003
5719	-0.16243	0.	8.1355e-002	-8.2354e-003
5726	-0.37858	0.	0.8639	-6.1616e-006
5730	-7.8663e-002	0.	5.4979e-002	-1.9156e-002
5742	0.18126	0.	0.85958	-4.1539e-006
5799	4.1944e-002	0.	3.8416e-002	1.7848e-002
