Node Number	X Location (m)	Y Location (m)	Z Location (m)	Directional Magnetic Flux Density (T)
95	-0.4	0.	5.e-002	0.31672
96	-0.375	0.	5.e-002	0.57014
97	-0.35	0.	5.e-002	0.79546
98	-0.3	0.	5.e-002	1.0136
99	-0.25	0.	5.e-002	1.1299
100	-0.2	0.	5.e-002	1.2032
101	-0.15	0.	5.e-002	1.1779
102	-0.1	0.	5.e-002	0.96922
103	-5.e-002	0.	5.e-002	0.76885
104	0.	0.	5.e-002	0.33367
105	-2.5e-002	0.	5.e-002	0.54133
169	-2.5e-002	0.	-5.e-002	0.55029
170	0.	0.	-5.e-002	0.34217
171	-5.e-002	0.	-5.e-002	0.78275
172	-0.1	0.	-5.e-002	0.97924
173	-0.15	0.	-5.e-002	1.1726
174	-0.2	0.	-5.e-002	1.2116
175	-0.25	0.	-5.e-002	1.1756
176	-0.3	0.	-5.e-002	1.0203
177	-0.35	0.	-5.e-002	0.78425
178	-0.375	0.	-5.e-002	0.59488
179	-0.4	0.	-5.e-002	0.39436
541	0.	0.	0.	0.36152
542	-0.4	0.	0.	0.36517
970	-5.e-002	0.	0.	0.77816
971	-0.35	0.	0.	0.78567
972	-0.125	0.	0.	1.1167
973	-0.225	0.	0.	1.2072
2530	-0.3875	0.	5.e-002	0.44343
2532	-0.4	0.	2.5e-002	0.34094
2537	-0.3625	0.	5.e-002	0.6828
2539	-0.3875	0.	2.5e-002	0.46766
2540	-0.3625	0.	2.5e-002	0.67791
2544	-0.325	0.	5.e-002	0.90452
2546	-0.35	0.	2.5e-002	0.79057
2548	-0.275	0.	5.e-002	1.0717
2550	-0.3	0.	0.	1.0169
2551	-0.325	0.	2.5e-002	0.89963
2553	-0.225	0.	5.e-002	1.1666
2555	-0.275	0.	0.	1.0751
2556	-0.2375	0.	2.5e-002	1.1686
2558	-0.175	0.	5.e-002	1.1906
2560	-0.1625	0.	2.5e-002	1.16
2561	-0.2125	0.	2.5e-002	1.2052
2564	-0.125	0.	5.e-002	1.0736
2566	-0.1375	0.	2.5e-002	1.1473
2568	-7.5e-002	0.	5.e-002	0.86904
2570	-7.5e-002	0.	2.5e-002	0.87369
2571	-0.1125	0.	2.5e-002	1.043
2574	-3.75e-002	0.	5.e-002	0.65509
2576	-5.e-002	0.	2.5e-002	0.77351
2579	-1.25e-002	0.	5.e-002	0.4375
2581	0.	0.	2.5e-002	0.3476
2585	-1.25e-002	0.	2.5e-002	0.45142
2586	-3.75e-002	0.	2.5e-002	0.65974
2873	-1.25e-002	0.	-5.e-002	0.44623
2874	-3.75e-002	0.	-5.e-002	0.66652
2875	-1.25e-002	0.	-2.5e-002	0.45591
2876	-3.75e-002	0.	-2.5e-002	0.66422
2882	0.	0.	-2.5e-002	0.35185
2886	-7.5e-002	0.	-5.e-002	0.88099
2887	-5.e-002	0.	-2.5e-002	0.78045
2890	-0.125	0.	-5.e-002	1.0759
2891	-7.5e-002	0.	-2.5e-002	0.8787
2892	-0.1125	0.	-2.5e-002	1.048
2894	-0.175	0.	-5.e-002	1.1921
2895	-0.1375	0.	-2.5e-002	1.1447
2897	-0.225	0.	-5.e-002	1.1936
2898	-0.1625	0.	-2.5e-002	1.1641
2899	-0.2125	0.	-2.5e-002	1.2094
2901	-0.275	0.	-5.e-002	1.0979
2902	-0.2375	0.	-2.5e-002	1.1914
2904	-0.325	0.	-5.e-002	0.90226
2905	-0.325	0.	-2.5e-002	0.90297
2906	-0.2625	0.	-2.5e-002	1.1138
2910	-0.3625	0.	-5.e-002	0.68956
2911	-0.35	0.	-2.5e-002	0.78496
2914	-0.3875	0.	-5.e-002	0.49462
2915	-0.3875	0.	-2.5e-002	0.48002
2916	-0.3625	0.	-2.5e-002	0.69027
2921	-0.4	0.	-2.5e-002	0.37977
5171	-2.5e-002	0.	0.	0.56984
5181	-0.375	0.	0.	0.57542
8000	-8.75e-002	0.	0.	0.94742
8015	-0.175	0.	0.	1.162
64	-0.375	0.	-6.25e-002	1.8257e-002
65	-0.35	0.	-6.25e-002	-1.914e-002
66	-0.3	0.	-6.25e-002	-2.4365e-002
67	-0.25	0.	-6.25e-002	-2.6991e-002
68	-0.2	0.	-6.25e-002	-2.7595e-002
69	-0.15	0.	-6.25e-002	-2.7352e-002
70	-0.1	0.	-6.25e-002	-2.4241e-002
71	-5.e-002	0.	-6.25e-002	-1.8287e-002
72	-2.5e-002	0.	-6.25e-002	1.8127e-002
73	-2.5e-002	0.	6.25e-002	1.8073e-002
74	-5.e-002	0.	6.25e-002	-1.8596e-002
75	-0.1	0.	6.25e-002	-2.4132e-002
76	-0.15	0.	6.25e-002	-2.7026e-002
77	-0.2	0.	6.25e-002	-2.7601e-002
78	-0.25	0.	6.25e-002	-2.7179e-002
79	-0.3	0.	6.25e-002	-2.4335e-002
80	-0.35	0.	6.25e-002	-1.8648e-002
81	-0.375	0.	6.25e-002	1.7007e-002
82	0.	0.	6.25e-002	5.1529e-002
83	0.	0.	7.5e-002	3.2147e-002
84	-2.5e-002	0.	7.5e-002	7.3487e-003
85	-5.e-002	0.	7.5e-002	-2.5597e-002
86	-0.1	0.	7.5e-002	-3.6556e-002
87	-0.15	0.	7.5e-002	-4.0321e-002
88	-0.2	0.	7.5e-002	-4.1269e-002
89	-0.25	0.	7.5e-002	-4.0538e-002
90	-0.3	0.	7.5e-002	-3.6874e-002
91	-0.35	0.	7.5e-002	-2.5529e-002
92	-0.375	0.	7.5e-002	5.4279e-003
93	-0.4	0.	6.25e-002	4.9395e-002
94	-0.4	0.	7.5e-002	2.7978e-002
95	-0.4	0.	5.e-002	7.0812e-002
96	-0.375	0.	5.e-002	2.8587e-002
97	-0.35	0.	5.e-002	-1.1767e-002
98	-0.3	0.	5.e-002	-1.1796e-002
99	-0.25	0.	5.e-002	-1.382e-002
100	-0.2	0.	5.e-002	-1.3933e-002
101	-0.15	0.	5.e-002	-1.3732e-002
102	-0.1	0.	5.e-002	-1.1709e-002
103	-5.e-002	0.	5.e-002	-1.1596e-002
104	0.	0.	5.e-002	7.0912e-002
105	-2.5e-002	0.	5.e-002	2.8798e-002
169	-2.5e-002	0.	-5.e-002	2.7975e-002
170	0.	0.	-5.e-002	6.8532e-002
171	-5.e-002	0.	-5.e-002	-1.1207e-002
172	-0.1	0.	-5.e-002	-1.1805e-002
173	-0.15	0.	-5.e-002	-1.3877e-002
174	-0.2	0.	-5.e-002	-1.3929e-002
175	-0.25	0.	-5.e-002	-1.3723e-002
176	-0.3	0.	-5.e-002	-1.1798e-002
177	-0.35	0.	-5.e-002	-1.2101e-002
178	-0.375	0.	-5.e-002	2.9827e-002
179	-0.4	0.	-5.e-002	7.3826e-002
273	-0.375	0.	-7.5e-002	6.6872e-003
274	-0.4	0.	-7.5e-002	3.121e-002
275	-0.35	0.	-7.5e-002	-2.618e-002
276	-0.3	0.	-7.5e-002	-3.6932e-002
277	-0.25	0.	-7.5e-002	-4.0259e-002
278	-0.2	0.	-7.5e-002	-4.1261e-002
279	-0.15	0.	-7.5e-002	-4.0827e-002
280	-0.1	0.	-7.5e-002	-3.6677e-002
281	-5.e-002	0.	-7.5e-002	-2.5368e-002
282	-2.5e-002	0.	-7.5e-002	8.2788e-003
283	0.	0.	-7.5e-002	3.425e-002
293	-0.4	0.	-6.25e-002	5.2518e-002
297	0.	0.	-6.25e-002	5.1391e-002
2401	-0.3625	0.	-6.25e-002	-4.4156e-004
2402	-0.375	0.	-5.625e-002	2.4042e-002
2403	-0.375	0.	-6.875e-002	1.2472e-002
2404	-0.3875	0.	-6.25e-002	3.5388e-002
2405	-0.325	0.	-6.25e-002	-2.1753e-002
2406	-0.35	0.	-5.625e-002	-1.5621e-002
2407	-0.35	0.	-6.875e-002	-2.266e-002
2408	-0.275	0.	-6.25e-002	-2.5678e-002
2409	-0.3	0.	-5.625e-002	-1.8081e-002
2410	-0.3	0.	-6.875e-002	-3.0649e-002
2411	-0.225	0.	-6.25e-002	-2.7293e-002
2412	-0.25	0.	-5.625e-002	-2.0357e-002
2413	-0.25	0.	-6.875e-002	-3.3625e-002
2414	-0.175	0.	-6.25e-002	-2.7474e-002
2415	-0.2	0.	-5.625e-002	-2.0762e-002
2416	-0.2	0.	-6.875e-002	-3.4428e-002
2417	-0.125	0.	-6.25e-002	-2.5797e-002
2418	-0.15	0.	-5.625e-002	-2.0615e-002
2419	-0.15	0.	-6.875e-002	-3.409e-002
2420	-7.5e-002	0.	-6.25e-002	-2.1264e-002
2421	-0.1	0.	-5.625e-002	-1.8023e-002
2422	-0.1	0.	-6.875e-002	-3.0459e-002
2423	-3.75e-002	0.	-6.25e-002	-8.0268e-005
2424	-5.e-002	0.	-5.625e-002	-1.4747e-002
2425	-5.e-002	0.	-6.875e-002	-2.1828e-002
2426	-2.5e-002	0.	-5.625e-002	2.3051e-002
2427	-2.5e-002	0.	-6.875e-002	1.3203e-002
2428	-1.25e-002	0.	-6.25e-002	3.4759e-002
2429	-3.75e-002	0.	6.25e-002	-2.614e-004
2430	-1.25e-002	0.	6.25e-002	3.4801e-002
2431	-2.5e-002	0.	6.875e-002	1.2711e-002
2432	-2.5e-002	0.	5.625e-002	2.3436e-002
2433	-7.5e-002	0.	6.25e-002	-2.1364e-002
2434	-5.e-002	0.	6.875e-002	-2.2096e-002
2435	-5.e-002	0.	5.625e-002	-1.5096e-002
2436	-0.125	0.	6.25e-002	-2.5579e-002
2437	-0.1	0.	6.875e-002	-3.0344e-002
2438	-0.1	0.	5.625e-002	-1.792e-002
2439	-0.175	0.	6.25e-002	-2.7314e-002
2440	-0.15	0.	6.875e-002	-3.3673e-002
2441	-0.15	0.	5.625e-002	-2.0379e-002
2442	-0.225	0.	6.25e-002	-2.739e-002
2443	-0.2	0.	6.875e-002	-3.4435e-002
2444	-0.2	0.	5.625e-002	-2.0767e-002
2445	-0.275	0.	6.25e-002	-2.5757e-002
2446	-0.25	0.	6.875e-002	-3.3858e-002
2447	-0.25	0.	5.625e-002	-2.0499e-002
2448	-0.325	0.	6.25e-002	-2.1492e-002
2449	-0.3	0.	6.875e-002	-3.0604e-002
2450	-0.3	0.	5.625e-002	-1.8065e-002
2451	-0.3625	0.	6.25e-002	-8.2034e-004
2452	-0.35	0.	6.875e-002	-2.2088e-002
2453	-0.35	0.	5.625e-002	-1.5208e-002
2454	-0.375	0.	6.875e-002	1.1218e-002
2455	-0.3875	0.	6.25e-002	3.3201e-002
2456	-0.375	0.	5.625e-002	2.2797e-002
2457	0.	0.	6.875e-002	4.1838e-002
2458	0.	0.	5.625e-002	6.122e-002
2461	-1.25e-002	0.	7.5e-002	1.9748e-002
2467	-3.75e-002	0.	7.5e-002	-9.124e-003
2472	-7.5e-002	0.	7.5e-002	-3.1076e-002
2478	-0.125	0.	7.5e-002	-3.8438e-002
2484	-0.175	0.	7.5e-002	-4.0795e-002
2491	-0.225	0.	7.5e-002	-4.0903e-002
2496	-0.275	0.	7.5e-002	-3.8706e-002
2502	-0.325	0.	7.5e-002	-3.1201e-002
2508	-0.3625	0.	7.5e-002	-1.005e-002
2514	-0.3875	0.	7.5e-002	1.6703e-002
2519	-0.4	0.	6.875e-002	3.8686e-002
2520	-0.4	0.	5.625e-002	6.0103e-002
2530	-0.3875	0.	5.e-002	4.9699e-002
2537	-0.3625	0.	5.e-002	8.4098e-003
2544	-0.325	0.	5.e-002	-1.1782e-002
2548	-0.275	0.	5.e-002	-1.2808e-002
2553	-0.225	0.	5.e-002	-1.3876e-002
2558	-0.175	0.	5.e-002	-1.3832e-002
2564	-0.125	0.	5.e-002	-1.272e-002
2568	-7.5e-002	0.	5.e-002	-1.1652e-002
2574	-3.75e-002	0.	5.e-002	8.6012e-003
2579	-1.25e-002	0.	5.e-002	4.9855e-002
2873	-1.25e-002	0.	-5.e-002	4.8253e-002
2874	-3.75e-002	0.	-5.e-002	8.3839e-003
2880	0.	0.	-5.625e-002	5.9961e-002
2886	-7.5e-002	0.	-5.e-002	-1.1506e-002
2890	-0.125	0.	-5.e-002	-1.2841e-002
2894	-0.175	0.	-5.e-002	-1.3903e-002
2897	-0.225	0.	-5.e-002	-1.3826e-002
2901	-0.275	0.	-5.e-002	-1.276e-002
2904	-0.325	0.	-5.e-002	-1.1949e-002
2910	-0.3625	0.	-5.e-002	8.8632e-003
2914	-0.3875	0.	-5.e-002	5.1827e-002
2920	-0.4	0.	-5.625e-002	6.3172e-002
3550	-0.3875	0.	-7.5e-002	1.8948e-002
3551	-0.3625	0.	-7.5e-002	-9.7463e-003
3555	-0.4	0.	-6.875e-002	4.1864e-002
3559	-0.325	0.	-7.5e-002	-3.1556e-002
3563	-0.275	0.	-7.5e-002	-3.8596e-002
3567	-0.225	0.	-7.5e-002	-4.076e-002
3570	-0.175	0.	-7.5e-002	-4.1044e-002
3575	-0.125	0.	-7.5e-002	-3.8752e-002
3581	-7.5e-002	0.	-7.5e-002	-3.1023e-002
3586	-3.75e-002	0.	-7.5e-002	-8.5444e-003
3589	-1.25e-002	0.	-7.5e-002	2.1264e-002
3595	0.	0.	-6.875e-002	4.282e-002
170	0.	0.	-5.e-002	0.14884
179	-0.4	0.	-5.e-002	0.15197
273	-0.375	0.	-7.5e-002	-4.2298e-003
274	-0.4	0.	-7.5e-002	4.792e-002
275	-0.35	0.	-7.5e-002	-2.4576e-002
276	-0.3	0.	-7.5e-002	-3.8346e-002
277	-0.25	0.	-7.5e-002	-4.4095e-002
278	-0.2	0.	-7.5e-002	-4.1036e-002
279	-0.15	0.	-7.5e-002	-3.7567e-002
280	-0.1	0.	-7.5e-002	-3.2492e-002
281	-5.e-002	0.	-7.5e-002	-2.7507e-002
282	-2.5e-002	0.	-7.5e-002	-8.8433e-003
283	0.	0.	-7.5e-002	3.4691e-002
293	-0.4	0.	-6.25e-002	0.13144
297	0.	0.	-6.25e-002	0.10435
364	1.	0.	-9.7727e-002	4.7387e-004
365	1.	0.	-0.19545	4.2735e-004
366	1.	0.	-0.29318	4.073e-004
367	1.	0.	-0.39091	3.3786e-004
368	1.	0.	-0.48864	2.683e-004
369	1.	0.	-0.58636	2.1721e-004
370	1.	0.	-0.68409	1.7062e-004
371	1.	0.	-0.78182	1.1054e-004
372	1.	0.	-0.87955	6.9709e-005
373	1.	0.	-0.97727	3.5648e-005
384	0.9	0.	-1.075	1.6334e-005
385	0.8	0.	-1.075	1.808e-005
386	0.7	0.	-1.075	1.6673e-005
387	0.6	0.	-1.075	1.4659e-005
388	0.5	0.	-1.075	1.0532e-005
389	0.4	0.	-1.075	9.8697e-006
390	0.3	0.	-1.075	2.5833e-006
391	0.2	0.	-1.075	-9.8148e-006
392	0.1	0.	-1.075	-1.9272e-005
393	-2.2204e-016	0.	-1.075	-3.7419e-005
394	-0.1	0.	-1.075	-3.9188e-005
395	-0.2	0.	-1.075	-4.4804e-005
396	-0.3	0.	-1.075	-3.5325e-005
397	-0.4	0.	-1.075	-2.9044e-005
398	-0.5	0.	-1.075	-1.9719e-005
399	-0.6	0.	-1.075	-5.4534e-006
400	-0.7	0.	-1.075	1.6781e-006
401	-0.8	0.	-1.075	7.0638e-006
402	-0.9	0.	-1.075	1.1451e-005
403	-1.	0.	-1.075	1.9659e-005
404	-1.1	0.	-1.075	2.6755e-005
405	-1.2	0.	-1.075	2.5114e-005
406	-1.3	0.	-1.075	1.479e-005
412	-1.4	0.	-0.97727	2.7983e-005
413	-1.4	0.	-0.87955	8.0302e-005
414	-1.4	0.	-0.78182	1.1003e-004
415	-1.4	0.	-0.68409	1.7137e-004
416	-1.4	0.	-0.58636	2.1792e-004
417	-1.4	0.	-0.48864	2.6635e-004
418	-1.4	0.	-0.39091	3.3485e-004
419	-1.4	0.	-0.29318	3.8478e-004
420	-1.4	0.	-0.19545	4.3284e-004
421	-1.4	0.	-9.7727e-002	4.6827e-004
427	0.1	0.	0.	5.6495e-002
428	0.2	0.	0.	1.3179e-002
429	0.3	0.	0.	7.5226e-003
430	0.4	0.	0.	3.146e-003
431	0.5	0.	0.	1.8705e-003
432	0.6	0.	0.	1.0345e-003
433	0.7	0.	0.	8.356e-004
434	0.8	0.	0.	5.9618e-004
435	0.9	0.	0.	5.0113e-004
436	-1.3	0.	0.	4.9256e-004
437	-1.2	0.	0.	5.9909e-004
438	-1.1	0.	0.	7.8989e-004
439	-1.	0.	0.	1.0423e-003
440	-0.9	0.	0.	1.8156e-003
441	-0.8	0.	0.	2.7051e-003
442	-0.7	0.	0.	5.6709e-003
443	-0.6	0.	0.	1.3547e-002
444	-0.5	0.	0.	4.4936e-002
541	0.	0.	0.	0.19707
542	-0.4	0.	0.	0.20068
547	1.	0.	-1.075	1.3458e-005
548	1.	0.	0.	4.7759e-004
549	-1.4	0.	-1.075	1.2708e-005
550	-1.4	0.	0.	4.7318e-004
724	0.1638	0.	-0.56272	2.8547e-005
725	-0.55	0.	-0.575	-7.4701e-005
726	-0.46465	0.	-0.33477	2.0129e-004
727	8.6505e-002	0.	-0.32787	2.2118e-004
728	-0.975	0.	-0.48295	4.6646e-004
729	0.58879	0.	-0.49773	3.7366e-004
730	-0.24517	0.	-0.45615	-2.0081e-003
731	-0.18939	0.	-0.76903	-2.7914e-004
732	-0.15057	0.	-0.25827	-8.4713e-003
733	4.3262e-002	0.	-0.19381	4.892e-003
734	-0.44908	0.	-0.18306	5.3422e-003
735	0.33558	0.	-0.39273	9.5894e-004
736	-0.73102	0.	-0.41415	8.6136e-004
737	0.48534	0.	-0.79679	9.2774e-005
738	-0.90853	0.	-0.79126	1.0414e-004
739	2.0833e-002	0.	-0.53333	-5.6786e-004
740	-0.46248	0.	-0.925	-6.4529e-005
741	0.14728	0.	-0.79278	-7.2089e-005
742	-0.27033	0.	-0.27303	-7.79e-003
743	-4.2361e-002	0.	-0.44306	-1.5062e-003
744	-1.2403	0.	-0.73413	1.4781e-004
745	0.67945	0.	-0.76415	1.2696e-004
746	-0.42292	0.	-0.6375	-3.152e-004
747	-0.29272	0.	-0.22129	-1.0897e-002
748	0.61667	0.	-0.32197	7.5269e-004
749	-1.0255	0.	-0.16359	8.2264e-004
750	-0.74167	0.	-0.8221	5.2564e-005
751	0.23786	0.	-0.12344	5.8331e-003
752	-0.55363	0.	-0.19274	5.7611e-003
753	-0.78378	0.	-0.67982	1.5299e-004
754	-0.21016	0.	-0.54582	-1.1468e-003
755	0.37276	0.	-0.51989	4.5878e-004
756	-0.32165	0.	-0.16233	-1.2167e-002
757	-0.82147	0.	-0.3308	1.1966e-003
758	0.85799	0.	-0.53344	2.4883e-004
759	0.38755	0.	-0.11758	2.7704e-003
760	-7.4908e-002	0.	-0.28108	-4.7295e-003
761	-6.7188e-002	0.	-0.14734	-1.3244e-002
762	-1.2723	0.	-0.42232	3.2787e-004
763	-0.45764	0.	-0.42917	-4.0611e-004
764	-0.36631	0.	-0.11556	-1.0286e-002
765	0.79447	0.	-0.27885	5.1374e-004
766	-0.4784	0.	-0.77091	-1.423e-004
767	-0.33437	0.	-0.75208	-2.8117e-004
768	-0.37882	0.	-0.35755	-1.7543e-003
769	0.2109	0.	-0.93314	-1.3091e-005
770	-0.173	0.	-0.37347	-3.8521e-003
771	-0.69746	0.	-0.30302	1.72e-003
772	0.29035	0.	-0.25144	2.4384e-003
773	0.31042	0.	-0.76032	5.4569e-005
774	-9.2951e-002	0.	-0.9556	-7.7068e-005
775	-6.0407e-002	0.	-0.65917	-5.6583e-004
776	-0.41539	0.	-0.1243	1.3634e-002
777	1.875e-002	0.	-0.1375	7.4443e-003
778	-0.19026	0.	-0.1487	-2.6839e-002
779	-0.33021	0.	-0.54375	-1.0773e-003
780	-1.1646	0.	-0.89536	5.9357e-005
781	0.17203	0.	-0.23436	3.6441e-003
782	-0.2355	0.	-0.93531	-9.5031e-005
783	0.86249	0.	-0.83198	9.4149e-005
784	-0.10666	0.	-0.20818	-1.0145e-002
785	0.12542	0.	-0.44468	1.4767e-004
786	-0.62259	0.	-0.40247	8.2619e-004
787	0.1161	0.	-0.12207	1.4156e-002
788	3.4243e-002	0.	-7.8456e-002	4.7812e-002
789	-1.0566	0.	-0.77053	1.1727e-004
790	-1.1021	0.	-0.59934	2.3773e-004
791	-0.84092	0.	-0.13738	1.9605e-003
792	0.54797	0.	-0.14331	1.3547e-003
793	0.43802	0.	-0.27841	1.4158e-003
794	-1.2655	0.	-0.12927	5.1049e-004
795	0.36647	0.	-0.92578	2.4251e-005
796	-1.0365	0.	-0.33024	6.1945e-004
797	0.7375	0.	-0.43693	3.6705e-004
798	-0.86031	0.	-0.56439	3.1803e-004
799	0.20712	0.	-0.35446	1.2455e-003
800	0.6176	0.	-0.92933	4.7615e-005
801	-0.58205	0.	-0.85147	-2.7392e-005
802	6.1931e-002	0.	-0.93282	-5.0236e-005
803	-0.75282	0.	-0.54709	3.4873e-004
804	0.55186	0.	-0.64156	2.1995e-004
805	0.69792	0.	-0.59214	2.683e-004
806	-0.625	0.	-0.10833	6.7128e-003
807	-0.52855	0.	-0.10936	1.7149e-002
808	-0.47021	0.	-0.10178	2.2864e-002
809	-0.42234	0.	-8.0573e-002	4.4344e-002
810	-0.92245	0.	-0.92708	3.994e-005
811	-0.27448	0.	-0.65313	-5.615e-004
812	-0.14416	0.	-0.45428	-1.9043e-003
813	-0.10694	0.	-0.54722	-9.8804e-004
814	-0.25376	0.	-0.16817	-2.1872e-002
815	-2.8129e-002	0.	-0.20521	-2.7195e-003
816	-0.27725	0.	-0.36379	-3.486e-003
817	0.24864	0.	-0.48196	4.0118e-004
818	-0.40668	0.	-0.27416	-1.1462e-003
819	7.7083e-002	0.	-0.6375	-2.9879e-004
820	1.7969e-002	0.	-0.26337	-1.2337e-004
821	-8.3319e-003	0.	-0.34615	-1.8221e-003
822	-1.1167	0.	-0.45227	3.9588e-004
823	0.45	0.	-0.44347	5.9011e-004
824	-1.2679	0.	-0.56473	2.3169e-004
825	-0.34722	0.	-0.45	-1.2611e-003
826	-0.74028	0.	-0.11781	3.2995e-003
827	-0.12809	0.	-0.14742	-2.1431e-002
828	-0.84583	0.	-0.45291	5.7059e-004
829	0.21105	0.	-0.66585	-2.4584e-006
830	-0.44469	0.	-0.51888	-5.0929e-004
831	-0.54445	0.	-0.47615	8.5232e-005
832	-0.62642	0.	-0.73036	7.1306e-006
833	0.70744	0.	-0.12894	7.3617e-004
834	0.49442	0.	-0.95913	2.3686e-005
835	0.41891	0.	-0.65258	2.1884e-004
836	-0.95694	0.	-0.66509	2.1303e-004
837	-0.21681	0.	-0.22465	-1.234e-002
838	-0.36201	0.	-0.22286	-4.6186e-003
839	-0.17187	0.	-0.63429	-6.4532e-004
840	0.8798	0.	-0.95756	4.9045e-005
841	0.8893	0.	-0.40679	3.3776e-004
842	-0.79395	0.	-0.97168	1.515e-005
843	-1.1638	0.	-0.34757	4.7407e-004
844	0.86883	0.	-0.68111	1.6774e-004
845	-0.21488	0.	-0.30661	-6.3915e-003
846	-9.6906e-002	0.	-0.36876	-2.977e-003
847	0.87708	0.	-0.16241	4.9562e-004
848	-1.2867	0.	-0.9547	3.4698e-005
849	1.2302e-002	0.	-0.82704	-2.0934e-004
850	-4.375e-002	0.	-0.10972	-1.918e-002
851	-1.2855	0.	-0.28982	4.2245e-004
852	-0.65951	0.	-0.9545	1.1741e-006
853	-0.33585	0.	-0.28073	-4.5393e-003
854	-0.38286	0.	-0.16258	-6.7903e-004
855	-0.34561	0.	-0.94819	-8.6766e-005
856	-0.65733	0.	-0.62592	8.197e-005
857	0.75656	0.	-0.93884	4.5397e-005
858	0.30469	0.	-0.59832	1.8906e-004
859	-0.79132	0.	-0.22895	1.8913e-003
860	4.1123e-002	0.	-0.41305	-5.8309e-004
861	-1.151	0.	-0.23045	5.6719e-004
862	-0.9252	0.	-0.37042	7.9634e-004
863	8.7173e-002	0.	-0.22829	2.8757e-003
864	-0.92168	0.	-0.23773	1.1036e-003
865	-0.66241	0.	-0.20619	3.2272e-003
866	-1.2911	0.	-0.84303	8.4701e-005
867	-0.3834	0.	-0.8476	-1.4739e-004
868	-0.29615	0.	-0.84182	-1.7389e-004
869	-0.23349	0.	-0.11966	-3.7506e-002
870	-0.575	0.	-0.29058	2.2014e-003
871	-0.64065	0.	-0.52767	2.2103e-004
872	-1.0542	0.	-0.91117	6.3504e-005
873	0.47877	0.	-0.5503	3.7123e-004
874	-0.55951	0.	-0.97257	-2.6161e-005
875	-0.48981	0.	-0.25506	1.2968e-003
876	4.9521e-004	0.	-9.8317e-002	2.1716e-002
877	-0.53325	0.	-0.38385	6.4825e-004
878	-0.27688	0.	-0.12159	-3.3098e-002
879	-0.54108	0.	-0.66299	-8.2499e-005
880	-0.92237	0.	-9.1691e-002	1.5225e-003
881	-1.1217	0.	-9.1454e-002	7.6346e-004
882	-0.32146	0.	-0.11469	-2.2824e-002
883	-0.14014	0.	-0.31587	-4.8735e-003
884	-0.16005	0.	-0.20138	-1.3679e-002
885	-0.39779	0.	-9.5015e-002	1.1475e-002
1395	-0.4433	0.	-2.7645e-002	0.11947
1396	-0.45459	0.	-4.8815e-002	5.9476e-002
1397	-0.41371	0.	-6.2219e-002	0.10149
2880	0.	0.	-5.625e-002	0.1266
2881	5.e-002	0.	-2.5e-002	0.10267
2882	0.	0.	-2.5e-002	0.17296
2883	1.7122e-002	0.	-6.4228e-002	9.8326e-002
2920	-0.4	0.	-5.625e-002	0.1417
2921	-0.4	0.	-2.5e-002	0.17632
2922	-0.42165	0.	-3.8823e-002	0.13572
2923	-0.40685	0.	-5.6109e-002	0.12673
3550	-0.3875	0.	-7.5e-002	2.1845e-002
3551	-0.3625	0.	-7.5e-002	-1.4403e-002
3552	-0.37065	0.	-9.528e-002	-7.2581e-003
3553	-0.3864	0.	-8.5008e-002	3.6225e-003
3555	-0.4	0.	-6.875e-002	8.9679e-002
3556	-0.41117	0.	-7.7787e-002	4.6132e-002
3557	-0.3989	0.	-8.5008e-002	2.9698e-002
3558	-0.40685	0.	-6.8609e-002	7.4704e-002
3559	-0.325	0.	-7.5e-002	-3.1461e-002
3560	-0.35815	0.	-9.528e-002	-1.7431e-002
3561	-0.33573	0.	-9.4846e-002	-2.37e-002
3563	-0.275	0.	-7.5e-002	-4.1221e-002
3564	-0.28844	0.	-9.8293e-002	-3.5722e-002
3565	-0.31073	0.	-9.4846e-002	-3.0585e-002
3567	-0.225	0.	-7.5e-002	-4.2566e-002
3568	-0.24174	0.	-9.733e-002	-4.0801e-002
3569	-0.26344	0.	-9.8293e-002	-3.8597e-002
3570	-0.175	0.	-7.5e-002	-3.9302e-002
3571	-0.19513	0.	-0.11185	-3.3938e-002
3572	-0.21674	0.	-9.733e-002	-3.9271e-002
3575	-0.125	0.	-7.5e-002	-3.503e-002
3576	-0.17013	0.	-0.11185	-3.2203e-002
3577	-0.13904	0.	-0.11121	-2.9499e-002
3581	-7.5e-002	0.	-7.5e-002	-2.9999e-002
3582	-8.3594e-002	0.	-0.11117	-2.2868e-002
3583	-0.11404	0.	-0.11121	-2.6961e-002
3584	-7.1875e-002	0.	-9.2361e-002	-2.5836e-002
3586	-3.75e-002	0.	-7.5e-002	-1.8175e-002
3587	-4.6875e-002	0.	-9.2361e-002	-2.3344e-002
3589	-1.25e-002	0.	-7.5e-002	1.2924e-002
3590	-3.4375e-002	0.	-9.2361e-002	-1.4012e-002
3591	-1.2252e-002	0.	-8.6658e-002	6.4363e-003
3595	0.	0.	-6.875e-002	6.9522e-002
3596	1.7122e-002	0.	-7.6728e-002	4.1251e-002
3597	2.476e-004	0.	-8.6658e-002	2.8203e-002
3666	-0.40685	0.	-6.2359e-002	0.11646
3680	1.7122e-002	0.	-7.0478e-002	7.6083e-002
4112	1.	0.	-0.14659	4.5061e-004
4114	0.95	0.	-4.8864e-002	4.875e-004
4115	1.	0.	-4.8864e-002	4.7573e-004
4116	0.93854	0.	-0.13007	4.8474e-004
4119	1.	0.	-0.24432	4.1733e-004
4120	0.93854	0.	-0.17893	4.6148e-004
4124	1.	0.	-0.34205	3.7258e-004
4125	0.89723	0.	-0.28601	4.6052e-004
4126	0.94465	0.	-0.34999	3.7253e-004
4127	0.93854	0.	-0.22779	4.5146e-004
4130	1.	0.	-0.43977	3.0308e-004
4131	0.94465	0.	-0.39885	3.3781e-004
4134	1.	0.	-0.5375	2.4275e-004
4135	0.92899	0.	-0.51104	2.5856e-004
4136	0.94465	0.	-0.44771	3.0303e-004
4140	1.	0.	-0.63523	1.9391e-004
4141	0.92899	0.	-0.5599	2.3302e-004
4142	0.93442	0.	-0.63374	1.9247e-004
4144	1.	0.	-0.73295	1.4058e-004
4145	0.93442	0.	-0.6826	1.6918e-004
4148	1.	0.	-0.83068	9.0125e-005
4149	0.93125	0.	-0.8069	1.0235e-004
4150	0.93442	0.	-0.73147	1.3914e-004
4155	1.	0.	-0.92841	5.2678e-005
4156	0.93125	0.	-0.85576	8.1929e-005
4157	0.9399	0.	-0.91855	5.9377e-005
4162	0.95	0.	-1.0261	2.5991e-005
4163	1.	0.	-1.0261	2.4553e-005
4164	0.9399	0.	-0.96742	4.2346e-005
4233	0.85	0.	-1.075	1.7207e-005
4234	0.95	0.	-1.075	1.4896e-005
4235	0.8899	0.	-1.0163	3.2689e-005
4238	0.75	0.	-1.075	1.7377e-005
4239	0.8399	0.	-1.0163	3.3562e-005
4240	0.77828	0.	-1.0069	3.1739e-005
4244	0.65	0.	-1.075	1.5666e-005
4245	0.6588	0.	-1.0022	3.2144e-005
4246	0.72828	0.	-1.0069	3.1035e-005
4248	0.55	0.	-1.075	1.2595e-005
4249	0.6088	0.	-1.0022	3.1137e-005
4250	0.54721	0.	-1.0171	1.9172e-005
4253	0.45	0.	-1.075	1.0201e-005
4254	0.49721	0.	-1.0171	1.7109e-005
4257	0.35	0.	-1.075	6.2265e-006
4258	0.38324	0.	-1.0004	1.706e-005
4259	0.44721	0.	-1.0171	1.6778e-005
4261	0.25	0.	-1.075	-3.6157e-006
4262	0.25545	0.	-1.0041	-5.2539e-006
4263	0.33324	0.	-1.0004	1.3417e-005
4268	0.15	0.	-1.075	-1.4543e-005
4269	0.20545	0.	-1.0041	-1.1453e-005
4273	5.e-002	0.	-1.075	-2.8346e-005
4274	0.15545	0.	-1.0041	-1.6182e-005
4275	8.0965e-002	0.	-1.0039	-3.4754e-005
4278	-5.e-002	0.	-1.075	-3.8304e-005
4279	-4.6476e-002	0.	-1.0153	-5.7244e-005
4280	3.0965e-002	0.	-1.0039	-4.3828e-005
4284	-0.15	0.	-1.075	-4.1996e-005
4285	-9.6476e-002	0.	-1.0153	-5.8128e-005
4289	-0.25	0.	-1.075	-4.0065e-005
4290	-0.14648	0.	-1.0153	-6.0936e-005
4291	-0.21775	0.	-1.0052	-6.9918e-005
4294	-0.35	0.	-1.075	-3.2184e-005
4295	-0.26775	0.	-1.0052	-6.5178e-005
4296	-0.3228	0.	-1.0116	-6.1045e-005
4300	-0.45	0.	-1.075	-2.4381e-005
4301	-0.43124	0.	-1.	-4.6786e-005
4302	-0.3728	0.	-1.0116	-5.7905e-005
4307	-0.55	0.	-1.075	-1.2586e-005
4308	-0.48124	0.	-1.	-4.2124e-005
4309	-0.52976	0.	-1.0238	-2.294e-005
4312	-0.65	0.	-1.075	-1.8876e-006
4313	-0.62975	0.	-1.0148	-2.1396e-006
4314	-0.57976	0.	-1.0238	-1.5807e-005
4318	-0.75	0.	-1.075	4.3709e-006
4319	-0.74697	0.	-1.0233	8.4138e-006
4320	-0.67975	0.	-1.0148	1.4261e-006
4324	-0.85	0.	-1.075	9.2575e-006
4325	-0.79697	0.	-1.0233	1.1107e-005
4328	-0.95	0.	-1.075	1.5555e-005
4329	-0.91122	0.	-1.001	2.5696e-005
4330	-0.84697	0.	-1.0233	1.33e-005
4332	-1.05	0.	-1.075	2.3207e-005
4333	-0.96122	0.	-1.001	2.98e-005
4334	-1.0271	0.	-0.99309	4.1582e-005
4339	-1.15	0.	-1.075	2.5935e-005
4340	-1.1323	0.	-0.98518	4.3056e-005
4341	-1.0771	0.	-0.99309	4.513e-005
4344	-1.25	0.	-1.075	1.9952e-005
4345	-1.1823	0.	-0.98518	4.2236e-005
4346	-1.2434	0.	-1.0148	2.9906e-005
4351	-1.35	0.	-1.0261	2.1386e-005
4352	-1.35	0.	-1.075	1.3749e-005
4353	-1.2934	0.	-1.0148	2.4744e-005
4384	-1.4	0.	-0.92841	5.4142e-005
4385	-1.4	0.	-1.0261	2.0345e-005
4386	-1.3434	0.	-0.96599	3.134e-005
4388	-1.4	0.	-0.83068	9.5166e-005
4389	-1.3434	0.	-0.91712	5.75e-005
4390	-1.3456	0.	-0.86129	8.2501e-005
4394	-1.4	0.	-0.73295	1.407e-004
4395	-1.3202	0.	-0.75797	1.2892e-004
4396	-1.3456	0.	-0.81243	9.7366e-005
4399	-1.4	0.	-0.63523	1.9464e-004
4400	-1.3202	0.	-0.70911	1.5959e-004
4401	-1.3339	0.	-0.62441	2.0153e-004
4405	-1.4	0.	-0.5375	2.4214e-004
4406	-1.3339	0.	-0.57555	2.2481e-004
4408	-1.4	0.	-0.43977	3.006e-004
4409	-1.3362	0.	-0.45548	2.9711e-004
4410	-1.3339	0.	-0.52668	2.4902e-004
4415	-1.4	0.	-0.34205	3.5982e-004
4416	-1.3362	0.	-0.40662	3.3136e-004
4417	-1.3428	0.	-0.34037	3.7865e-004
4419	-1.4	0.	-0.24432	4.0881e-004
4420	-1.3428	0.	-0.2915	4.0361e-004
4423	-1.4	0.	-0.14659	4.5056e-004
4424	-1.3327	0.	-0.16236	4.7167e-004
4425	-1.3428	0.	-0.24264	4.2765e-004
4428	-1.35	0.	-4.8864e-002	4.8041e-004
4429	-1.4	0.	-4.8864e-002	4.7073e-004
4430	-1.3327	0.	-0.1135	4.8938e-004
4477	0.15	0.	0.	3.4837e-002
4478	5.e-002	0.	0.	0.12678
4481	0.10805	0.	-6.1035e-002	3.5326e-002
4482	6.7122e-002	0.	-3.9228e-002	5.2153e-002
4491	0.25	0.	0.	1.0351e-002
4494	0.21893	0.	-6.1721e-002	9.506e-003
4495	0.15805	0.	-6.1035e-002	1.3667e-002
4498	0.35	0.	0.	5.3343e-003
4502	0.26893	0.	-6.1721e-002	6.6778e-003
4503	0.34378	0.	-5.879e-002	5.1465e-003
4510	0.45	0.	0.	2.5082e-003
4512	0.39378	0.	-5.879e-002	2.9582e-003
4515	0.55	0.	0.	1.4525e-003
4518	0.44378	0.	-5.879e-002	2.3205e-003
4519	0.52399	0.	-7.1653e-002	1.6126e-003
4523	0.65	0.	0.	9.3505e-004
4527	0.57399	0.	-7.1653e-002	1.1946e-003
4528	0.65372	0.	-6.447e-002	8.8534e-004
4532	0.75	0.	0.	7.1589e-004
4534	0.70372	0.	-6.447e-002	7.8589e-004
4539	0.85	0.	0.	5.4866e-004
4542	0.75372	0.	-6.447e-002	6.6618e-004
4543	0.83854	0.	-8.1203e-002	5.459e-004
4550	0.95	0.	0.	4.8936e-004
4552	0.88854	0.	-8.1203e-002	4.9837e-004
4556	-1.25	0.	0.	5.4582e-004
4558	-1.35	0.	0.	4.8287e-004
4560	-1.2827	0.	-6.4636e-002	5.0152e-004
4564	-1.15	0.	0.	6.9449e-004
4567	-1.2327	0.	-6.4636e-002	5.5479e-004
4568	-1.1608	0.	-4.5727e-002	6.8128e-004
4576	-1.05	0.	0.	9.1609e-004
4578	-1.1108	0.	-4.5727e-002	7.7668e-004
4580	-0.95	0.	0.	1.4289e-003
4584	-1.0128	0.	-8.1796e-002	9.3246e-004
4585	-0.96119	0.	-4.5846e-002	1.2824e-003
4586	-1.0608	0.	-4.5727e-002	9.0287e-004
4591	-0.85	0.	0.	2.2603e-003
4594	-0.91119	0.	-4.5846e-002	1.669e-003
4600	-0.75	0.	0.	4.188e-003
4602	-0.82046	0.	-6.8692e-002	2.3328e-003
4603	-0.77014	0.	-5.8903e-002	3.0023e-003
4604	-0.86119	0.	-4.5846e-002	2.1138e-003
4608	-0.65	0.	0.	9.6091e-003
4612	-0.6625	0.	-5.4167e-002	6.1918e-003
4613	-0.72014	0.	-5.8903e-002	4.4852e-003
4618	-0.55	0.	0.	2.9242e-002
4621	-0.6125	0.	-5.4167e-002	1.013e-002
4622	-0.56428	0.	-5.4678e-002	1.5348e-002
4630	-0.45	0.	0.	0.12281
4633	-0.51428	0.	-5.4678e-002	3.1043e-002
4636	-0.47165	0.	-1.3823e-002	8.2203e-002
4637	-0.47729	0.	-2.4407e-002	5.2206e-002
5182	-0.42165	0.	-1.3823e-002	0.16007
6217	9.2318e-002	0.	-0.54803	-2.6966e-004
6218	0.14461	0.	-0.5037	8.8109e-005
6219	0.20622	0.	-0.52234	2.1486e-004
6220	0.12044	0.	-0.60011	-1.3512e-004
6221	0.18743	0.	-0.61428	1.3044e-005
6222	0.23424	0.	-0.58052	1.088e-004
6227	-0.48646	0.	-0.60625	-1.9495e-004
6228	-0.49735	0.	-0.54694	-2.92e-004
6229	-0.54722	0.	-0.52557	5.2657e-006
6230	-0.60366	0.	-0.60046	3.6342e-006
6231	-0.59532	0.	-0.55133	7.3166e-005
6232	-0.54554	0.	-0.619	-7.86e-005
6235	-0.46115	0.	-0.38197	-1.0241e-004
6236	-0.42174	0.	-0.34616	-7.765e-004
6237	-0.43567	0.	-0.30446	-4.7247e-004
6238	-0.51983	0.	-0.31267	1.2013e-003
6239	-0.47723	0.	-0.29491	7.4905e-004
6240	-0.49895	0.	-0.35931	4.2477e-004
6244	0.12927	0.	-0.28111	1.9326e-003
6245	0.10596	0.	-0.38627	1.8443e-004
6246	0.14681	0.	-0.34116	7.3334e-004
6247	5.2237e-002	0.	-0.29562	4.8908e-005
6248	3.9086e-002	0.	-0.33701	-8.0046e-004
6249	6.3814e-002	0.	-0.37046	-1.8095e-004
6250	8.6839e-002	0.	-0.27808	1.5485e-003
6254	-1.0385	0.	-0.54115	3.5209e-004
6255	-1.0058	0.	-0.4066	5.4295e-004
6256	-0.91766	0.	-0.52367	3.9224e-004
6257	-1.0458	0.	-0.46761	4.3117e-004
6258	-0.91042	0.	-0.46793	5.1852e-004
6259	-0.96597	0.	-0.57402	3.3975e-004
6260	-0.9501	0.	-0.42669	6.314e-004
6264	0.60273	0.	-0.40985	5.6318e-004
6265	0.66314	0.	-0.46733	3.7036e-004
6266	0.57032	0.	-0.56964	2.9681e-004
6267	0.64335	0.	-0.54493	3.2098e-004
6268	0.51939	0.	-0.4706	4.8189e-004
6269	0.53378	0.	-0.52401	3.7244e-004
6273	-0.22766	0.	-0.50098	-1.5775e-003
6274	-0.20908	0.	-0.41481	-2.9301e-003
6275	-0.28769	0.	-0.49995	-1.5427e-003
6276	-0.19466	0.	-0.45521	-1.9562e-003
6277	-0.26121	0.	-0.40997	-2.747e-003
6278	-0.29619	0.	-0.45308	-1.6346e-003
6282	-0.26188	0.	-0.76056	-2.8015e-004
6283	-0.14117	0.	-0.86231	-1.781e-004
6284	-0.1249	0.	-0.7141	-4.2249e-004
6285	-0.21245	0.	-0.85217	-1.8708e-004
6286	-0.23193	0.	-0.71108	-4.2032e-004
6287	-0.18063	0.	-0.70166	-4.6223e-004
6288	-8.8544e-002	0.	-0.79804	-2.4424e-004
6289	-0.24277	0.	-0.80542	-2.2651e-004
6296	-0.11274	0.	-0.26968	-6.6004e-003
6297	-0.12862	0.	-0.23323	-9.3083e-003
6298	-0.18369	0.	-0.24146	-1.0406e-002
6299	-0.18273	0.	-0.28244	-7.4314e-003
6300	-0.14536	0.	-0.28707	-6.6724e-003
6301	-0.15531	0.	-0.22982	-1.1075e-002
6306	3.1006e-002	0.	-0.16565	6.1681e-003
6307	7.968e-002	0.	-0.15794	9.5241e-003
6308	7.5662e-003	0.	-0.19951	1.0862e-003
6309	3.0615e-002	0.	-0.22859	2.3843e-003
6310	6.5217e-002	0.	-0.21105	3.8839e-003
6314	-0.50136	0.	-0.1879	5.5517e-003
6315	-0.43223	0.	-0.15368	9.4883e-003
6316	-0.48881	0.	-0.14621	1.1246e-002
6317	-0.45964	0.	-0.14242	1.4103e-002
6318	-0.42788	0.	-0.22861	2.098e-003
6319	-0.40554	0.	-0.20296	3.6178e-004
6320	-0.41597	0.	-0.17282	2.3316e-003
6321	-0.46944	0.	-0.21906	3.3195e-003
6326	0.35417	0.	-0.45631	7.0886e-004
6327	0.31296	0.	-0.32208	1.6987e-003
6328	0.3868	0.	-0.33557	1.1874e-003
6329	0.27135	0.	-0.37359	1.1022e-003
6330	0.29211	0.	-0.43734	6.8006e-004
6331	0.39279	0.	-0.4181	7.7453e-004
6336	-0.77624	0.	-0.37248	1.029e-003
6337	-0.71424	0.	-0.35859	1.2907e-003
6338	-0.6768	0.	-0.40831	8.4378e-004
6339	-0.74192	0.	-0.48062	6.0505e-004
6340	-0.78843	0.	-0.43353	7.1597e-004
6341	-0.68583	0.	-0.47091	5.412e-004
6347	0.5824	0.	-0.78047	1.0987e-004
6348	0.39788	0.	-0.77856	7.3671e-005
6349	0.42591	0.	-0.86128	5.8512e-005
6350	0.55147	0.	-0.86306	7.0195e-005
6351	0.5186	0.	-0.71918	1.5636e-004
6352	0.48988	0.	-0.87796	5.823e-005
6353	0.45213	0.	-0.72468	1.5581e-004
6358	-0.8251	0.	-0.80668	7.835e-005
6359	-0.84615	0.	-0.73554	1.2856e-004
6360	-0.98256	0.	-0.7809	1.107e-004
6361	-0.91549	0.	-0.85917	7.2038e-005
6362	-0.93274	0.	-0.72818	1.5858e-004
6363	-0.98135	0.	-0.85122	8.382e-005
6367	-1.0764e-002	0.	-0.48819	-1.037e-003
6368	-1.9787e-002	0.	-0.59625	-5.6685e-004
6369	7.3129e-002	0.	-0.48901	-2.1009e-004
6370	-4.3056e-002	0.	-0.54028	-7.7795e-004
6371	4.8958e-002	0.	-0.58542	-4.3333e-004
6372	3.0978e-002	0.	-0.47319	-5.7548e-004
6375	-0.47044	0.	-0.84796	-1.0342e-004
6376	-0.52226	0.	-0.88824	-4.5961e-005
6377	-0.40404	0.	-0.93659	-7.5648e-005
6378	-0.42294	0.	-0.8863	-1.0596e-004
6379	-0.51099	0.	-0.94879	-4.5345e-005
6382	0.17909	0.	-0.86296	-4.259e-005
6383	0.22885	0.	-0.77655	-8.7603e-006
6384	0.10461	0.	-0.8628	-6.1163e-005
6385	0.11218	0.	-0.71514	-1.8544e-004
6386	0.17917	0.	-0.72932	-3.7274e-005
6387	7.9791e-002	0.	-0.80991	-1.4071e-004
6393	-0.28153	0.	-0.24716	-9.3435e-003
6394	-0.27379	0.	-0.31841	-5.638e-003
6395	-0.24357	0.	-0.24884	-1.0065e-002
6396	-0.2426	0.	-0.28982	-7.0907e-003
6397	-0.30309	0.	-0.27688	-6.1646e-003
6402	-9.3262e-002	0.	-0.44867	-1.7053e-003
6403	-7.4653e-002	0.	-0.49514	-1.2471e-003
6404	-2.5346e-002	0.	-0.3946	-1.6642e-003
6405	-6.9633e-002	0.	-0.40591	-2.2416e-003
6406	-6.1885e-004	0.	-0.42805	-1.0447e-003
6410	-1.2025	0.	-0.81474	1.0358e-004
6411	-1.1485	0.	-0.75233	1.3254e-004
6412	-1.1712	0.	-0.66673	1.9277e-004
6413	-1.2541	0.	-0.64943	1.8975e-004
6414	-1.2657	0.	-0.78858	1.1626e-004
6420	0.77097	0.	-0.79807	1.1056e-004
6421	0.64852	0.	-0.84674	8.7289e-005
6422	0.61565	0.	-0.70286	1.7346e-004
6423	0.68868	0.	-0.67815	1.9763e-004
6424	0.77414	0.	-0.72263	1.4735e-004
6425	0.718	0.	-0.85149	8.618e-005
6429	-0.45066	0.	-0.70421	-2.2875e-004
6430	-0.37865	0.	-0.69479	-2.9819e-004
6431	-0.37656	0.	-0.59063	-6.9624e-004
6432	-0.3487	0.	-0.64531	-4.3835e-004
6433	-0.43381	0.	-0.57819	-4.1225e-004
6434	-0.482	0.	-0.65025	-1.9885e-004
6439	-0.30719	0.	-0.19181	-1.1532e-002
6440	-0.27324	0.	-0.19473	-1.6384e-002
6441	-0.25477	0.	-0.22297	-1.1619e-002
6442	-0.32737	0.	-0.22207	-7.7578e-003
6443	-0.31429	0.	-0.25101	-7.7182e-003
6447	0.70557	0.	-0.30041	6.3321e-004
6448	0.58232	0.	-0.23264	1.0537e-003
6449	0.52734	0.	-0.30019	1.0842e-003
6450	0.67708	0.	-0.37945	5.5987e-004
6451	0.53333	0.	-0.38272	6.714e-004
6452	0.66206	0.	-0.22545	7.4443e-004
6458	-1.031	0.	-0.24692	7.2104e-004
6459	-1.0883	0.	-0.19702	6.9491e-004
6460	-0.97361	0.	-0.20066	9.6312e-004
6461	-0.97396	0.	-0.12764	1.1726e-003
6462	-1.0736	0.	-0.12752	7.9305e-004
6466	-0.76272	0.	-0.75096	1.0278e-004
6467	-0.66186	0.	-0.83678	1.2586e-005
6468	-0.83206	0.	-0.87459	4.6252e-005
6469	-0.68404	0.	-0.77623	2.9847e-005
6470	-0.76781	0.	-0.89689	3.3857e-005
6471	-0.70059	0.	-0.8883	2.6869e-005
6476	0.3127	0.	-0.12051	4.3018e-003
6477	0.2641	0.	-0.18744	4.1357e-003
6478	0.20494	0.	-0.1789	4.7386e-003
6479	0.17698	0.	-0.12276	9.9946e-003
6484	-0.58932	0.	-0.15054	6.237e-003
6485	-0.54109	0.	-0.15105	1.1455e-002
6486	-0.60802	0.	-0.19946	4.4941e-003
6487	-0.56432	0.	-0.24166	3.9813e-003
6488	-0.52172	0.	-0.2239	3.529e-003
6493	-0.82204	0.	-0.62211	2.3551e-004
6494	-0.7683	0.	-0.61346	2.5086e-004
6495	-0.7051	0.	-0.70509	8.006e-005
6496	-0.87036	0.	-0.67246	1.8301e-004
6497	-0.72055	0.	-0.65287	1.1748e-004
6501	-0.27018	0.	-0.54478	-1.1121e-003
6502	-0.24232	0.	-0.59947	-8.5417e-004
6503	-0.17716	0.	-0.50005	-1.5256e-003
6504	-0.15855	0.	-0.54652	-1.0674e-003
6505	-0.19101	0.	-0.59006	-8.9608e-004
6508	0.3107	0.	-0.50092	4.2998e-004
6509	0.41138	0.	-0.48168	5.2445e-004
6510	0.39584	0.	-0.58623	3.3881e-004
6511	0.33873	0.	-0.5591	3.2392e-004
6512	0.42577	0.	-0.53509	4.15e-004
6516	-0.34398	0.	-0.13894	-1.1227e-002
6517	-0.2877	0.	-0.16525	-1.7019e-002
6518	-0.34183	0.	-0.19259	-8.3928e-003
6519	-0.35225	0.	-0.16246	-6.423e-003
6520	-0.29926	0.	-0.14196	-2.2633e-002
6521	-0.32155	0.	-0.13851	-1.7496e-002
6525	-0.75946	0.	-0.31691	1.4583e-003
6526	-0.83365	0.	-0.39186	8.8358e-004
6527	-0.80639	0.	-0.27987	1.5439e-003
6528	-0.87333	0.	-0.35061	9.9646e-004
6529	-0.87158	0.	-0.28427	1.1501e-003
6533	0.79774	0.	-0.48519	3.0794e-004
6534	0.77795	0.	-0.56279	2.5856e-004
6535	0.87364	0.	-0.47012	2.9329e-004
6536	0.86341	0.	-0.60728	2.0828e-004
6539	0.33895	0.	-0.18451	2.6044e-003
6540	0.46776	0.	-0.13044	2.0625e-003
6541	0.41279	0.	-0.198	2.0931e-003
6546	-9.0784e-002	0.	-0.24463	-7.4374e-003
6547	-5.1518e-002	0.	-0.24315	-3.7245e-003
6548	-2.8469e-002	0.	-0.27222	-2.4265e-003
6549	-4.162e-002	0.	-0.31362	-3.2758e-003
6550	-8.5907e-002	0.	-0.32492	-3.8533e-003
6551	-0.10752	0.	-0.29848	-4.8015e-003
6556	-2.4219e-002	0.	-0.14242	-2.8999e-003
6557	-8.6924e-002	0.	-0.17776	-1.1695e-002
6558	-4.7658e-002	0.	-0.17628	-7.9818e-003
6559	-9.7636e-002	0.	-0.14738	-1.7338e-002
6560	-5.5469e-002	0.	-0.12853	-1.6212e-002
6564	-1.1945	0.	-0.4373	3.6187e-004
6565	-1.2701	0.	-0.49353	2.7978e-004
6566	-1.2181	0.	-0.38495	4.0097e-004
6567	-1.2789	0.	-0.35607	3.7516e-004
6572	-0.41823	0.	-0.39336	-1.0802e-003
6573	-0.40243	0.	-0.43958	-8.336e-004
6574	-0.45117	0.	-0.47402	-4.577e-004
6575	-0.50104	0.	-0.45266	-1.6044e-004
6576	-0.49545	0.	-0.40651	1.2107e-004
6580	-0.39085	0.	-0.11993	1.6739e-003
6581	-0.37459	0.	-0.13907	-5.4827e-003
6582	-0.34388	0.	-0.11513	-1.6555e-002
6583	-0.38205	0.	-0.10529	5.9417e-004
6588	0.76598	0.	-0.35789	4.4039e-004
6589	0.75096	0.	-0.20389	6.2496e-004
6590	0.84188	0.	-0.34282	4.2575e-004
6591	0.83578	0.	-0.22063	5.0468e-004
6598	-0.40639	0.	-0.7615	-2.1174e-004
6599	-0.53023	0.	-0.81119	-8.4848e-005
6600	-0.55241	0.	-0.75064	-6.7586e-005
6601	-0.4309	0.	-0.80926	-1.4485e-004
6602	-0.50974	0.	-0.71695	-1.124e-004
6606	-0.30443	0.	-0.7026	-4.2134e-004
6607	-0.35889	0.	-0.79984	-2.1428e-004
6608	-0.31526	0.	-0.79695	-2.2753e-004
6612	-0.32804	0.	-0.36067	-2.6202e-003
6613	-0.39275	0.	-0.31585	-1.4503e-003
6614	-0.36302	0.	-0.40378	-1.5077e-003
6615	-0.35734	0.	-0.31914	-3.1468e-003
6621	0.26066	0.	-0.84673	2.0739e-005
6622	0.28869	0.	-0.92946	5.58e-006
6623	0.13642	0.	-0.93298	-3.1664e-005
6626	-0.15858	0.	-0.41387	-2.8782e-003
6627	-0.22513	0.	-0.36863	-3.6691e-003
6628	-0.19394	0.	-0.34004	-5.1218e-003
6629	-0.13495	0.	-0.37111	-3.4145e-003
6630	-0.15657	0.	-0.34467	-4.3628e-003
6635	-0.66002	0.	-0.35275	1.2731e-003
6636	-0.74439	0.	-0.26598	1.8057e-003
6637	-0.67993	0.	-0.25461	2.4736e-003
6638	-0.63623	0.	-0.2968	1.9607e-003
6641	0.23119	0.	-0.2429	3.0412e-003
6642	0.36418	0.	-0.26493	1.9271e-003
6643	0.24874	0.	-0.30295	1.8419e-003
6645	0.33845	0.	-0.84305	3.941e-005
6646	0.26073	0.	-0.71309	2.6055e-005
6647	0.36466	0.	-0.70645	1.367e-004
6648	0.30755	0.	-0.67932	1.2181e-004
6652	-0.16423	0.	-0.94545	-8.605e-005
6653	-1.551e-002	0.	-0.94421	-6.3652e-005
6654	-4.0324e-002	0.	-0.89132	-1.432e-004
6658	-8.3676e-002	0.	-0.60319	-7.7694e-004
6659	8.3382e-003	0.	-0.64833	-4.3231e-004
6660	-0.11614	0.	-0.64673	-6.0558e-004
6661	-2.4052e-002	0.	-0.7431	-3.8759e-004
6664	-0.4428	0.	-0.11304	1.8249e-002
6665	-0.41886	0.	-0.10244	2.8989e-002
6666	-0.39913	0.	-0.14344	6.4777e-003
6667	-0.40659	0.	-0.10966	1.2555e-002
6671	6.7424e-002	0.	-0.12979	1.08e-002
6672	2.6497e-002	0.	-0.10798	2.7628e-002
6673	-4.6896e-003	0.	-0.17136	2.3624e-003
6674	-1.25e-002	0.	-0.12361	-5.8681e-003
6675	9.6226e-003	0.	-0.11791	1.458e-002
6681	-0.22201	0.	-0.15843	-2.4355e-002
6682	-0.15917	0.	-0.14806	-2.4135e-002
6683	-0.20353	0.	-0.18668	-1.959e-002
6684	-0.21187	0.	-0.13418	-3.2172e-002
6685	-0.17515	0.	-0.17504	-2.0259e-002
6691	-0.30234	0.	-0.59844	-8.1939e-004
6692	-0.33872	0.	-0.49688	-1.1692e-003
6693	-0.38745	0.	-0.53132	-7.9329e-004
6698	-1.1106	0.	-0.83295	8.8316e-005
6699	-1.2257	0.	-0.92503	4.7027e-005
6700	-1.2278	0.	-0.8692	7.2029e-005
6701	-1.1094	0.	-0.90327	6.1431e-005
6706	0.14407	0.	-0.17821	8.9001e-003
6707	0.18958	0.	-0.29441	2.4448e-003
6708	0.1296	0.	-0.23133	3.2599e-003
6713	-0.29055	0.	-0.94175	-9.0899e-005
6714	-0.26582	0.	-0.88856	-1.3446e-004
6719	0.87114	0.	-0.89477	7.1597e-005
6720	0.86566	0.	-0.75655	1.3094e-004
6721	0.80952	0.	-0.88541	6.9773e-005
6725	-6.7395e-002	0.	-0.2067	-6.4324e-003
6726	-0.11737	0.	-0.1778	-1.5788e-002
6727	-0.13335	0.	-0.20478	-1.1912e-002
6731	0.16627	0.	-0.39957	6.9659e-004
6732	0.18703	0.	-0.46332	2.7443e-004
6733	8.3274e-002	0.	-0.42887	-2.1771e-004
6737	-0.58352	0.	-0.43931	4.5571e-004
6738	-0.59879	0.	-0.34652	1.5138e-003
6739	-0.63162	0.	-0.46507	5.2361e-004
6740	-0.57792	0.	-0.39316	7.3722e-004
6744	7.5171e-002	0.	-0.10026	3.0984e-002
6745	0.10164	0.	-0.17518	8.5159e-003
6754	1.7369e-002	0.	-8.8386e-002	3.4764e-002
6760	-1.0793	0.	-0.68494	1.775e-004
6761	-1.0068	0.	-0.71781	1.6515e-004
6762	-1.0554	0.	-0.84085	9.0389e-005
6765	-1.1094	0.	-0.5258	3.168e-004
6766	-1.185	0.	-0.58203	2.3471e-004
6767	-1.0295	0.	-0.63222	2.2538e-004
6771	-0.7906	0.	-0.12759	2.63e-003
6772	-0.81612	0.	-0.18316	1.9259e-003
6773	-0.8813	0.	-0.18755	1.532e-003
6774	-0.88164	0.	-0.11454	1.7415e-003
6777	0.493	0.	-0.21086	1.3852e-003
6778	0.62771	0.	-0.13612	1.0454e-003
6783	0.44401	0.	-0.36094	1.0029e-003
6787	-1.2755	0.	-0.20955	4.6647e-004
6788	-1.2083	0.	-0.17986	5.3884e-004
6789	-1.1936	0.	-0.11036	6.3698e-004
6793	0.43045	0.	-0.94245	2.3968e-005
6797	-1.0766	0.	-0.39126	5.0766e-004
6798	-1.1002	0.	-0.33891	5.4676e-004
6799	-1.0938	0.	-0.28034	5.9332e-004
6800	-0.98087	0.	-0.35033	7.079e-004
6801	-0.97911	0.	-0.28398	8.6153e-004
6805	0.71771	0.	-0.51454	3.1767e-004
6806	0.8134	0.	-0.42186	3.524e-004
6810	-0.80656	0.	-0.55574	3.3338e-004
6811	-0.85307	0.	-0.50865	4.4431e-004
6812	-0.90863	0.	-0.61474	2.6553e-004
6817	0.22788	0.	-0.41821	8.2334e-004
6821	0.55601	0.	-0.94423	3.5651e-005
6822	0.68708	0.	-0.93409	4.6506e-005
6829	-0.60423	0.	-0.79092	-1.0131e-005
6830	-0.62078	0.	-0.90299	-1.3109e-005
6831	-0.57078	0.	-0.91202	-2.6777e-005
6835	3.7117e-002	0.	-0.87993	-1.2979e-004
6839	-0.79932	0.	-0.5	4.5966e-004
6840	-0.70507	0.	-0.58651	2.1535e-004
6841	-0.69673	0.	-0.53738	2.8488e-004
6845	0.62489	0.	-0.61685	2.4412e-004
6846	0.48538	0.	-0.64707	2.194e-004
6847	0.51531	0.	-0.59593	2.9559e-004
6853	0.78338	0.	-0.63663	2.1802e-004
6858	-0.57678	0.	-0.10884	1.1931e-002
6859	-0.68264	0.	-0.11307	5.0061e-003
6860	-0.6437	0.	-0.15726	4.97e-003
6864	-0.49938	0.	-0.10557	2.0007e-002
6865	-0.49157	0.	-7.9086e-002	3.8313e-002
6869	-0.44627	0.	-9.1175e-002	3.3604e-002
6870	-0.4624	0.	-7.5296e-002	4.117e-002
6875	-0.41007	0.	-8.7794e-002	2.7909e-002
6876	-0.43846	0.	-6.4694e-002	5.191e-002
6877	-0.41802	0.	-7.1396e-002	7.2916e-002
6881	-0.8582	0.	-0.94938	2.7545e-005
6882	-0.98831	0.	-0.91913	5.1722e-005
6887	-0.22318	0.	-0.64371	-6.0341e-004
6892	-0.12555	0.	-0.50075	-1.4462e-003
6893	-0.12053	0.	-0.41152	-2.4406e-003
6897	-0.13941	0.	-0.59076	-8.1668e-004
6902	-0.23528	0.	-0.19641	-1.7106e-002
6903	-0.24363	0.	-0.14392	-2.9689e-002
6904	-0.26532	0.	-0.14488	-2.7485e-002
6909	-5.0803e-003	0.	-0.23429	-1.4214e-003
6915	-0.31224	0.	-0.40689	-2.3735e-003
6916	-0.24607	0.	-0.3352	-4.9388e-003
6917	-0.30655	0.	-0.32226	-4.0127e-003
6920	0.27666	0.	-0.54014	2.9512e-004
6923	-0.38435	0.	-0.24851	-2.8824e-003
6924	-0.37127	0.	-0.27744	-2.8428e-003
6925	-0.44825	0.	-0.26461	7.5291e-005
6929	0.14407	0.	-0.65168	-1.5063e-004
6930	4.4693e-002	0.	-0.73227	-2.5406e-004
6936	4.8184e-003	0.	-0.30476	-9.7274e-004
6937	5.2571e-002	0.	-0.24583	1.3762e-003
6941	-5.2619e-002	0.	-0.35745	-2.3995e-003
6942	1.6396e-002	0.	-0.3796	-1.2026e-003
6946	-1.1923	0.	-0.5085	3.1378e-004
6947	-1.1402	0.	-0.39992	4.3497e-004
6952	0.46438	0.	-0.49688	4.8067e-004
6960	-0.39596	0.	-0.48444	-8.8519e-004
6964	-0.7658	0.	-0.17338	2.5954e-003
6965	-0.70134	0.	-0.162	3.2633e-003
6971	-0.14407	0.	-0.1744	-1.7555e-002
6976	-0.88552	0.	-0.41166	6.8346e-004
6980	0.25787	0.	-0.63209	9.3301e-005
6982	-0.49457	0.	-0.49751	-2.1203e-004
6986	-0.59255	0.	-0.50191	1.5313e-004
6987	-0.53885	0.	-0.43	3.6674e-004
6991	-0.64187	0.	-0.67814	4.455e-005
6992	-0.58375	0.	-0.69668	-3.7684e-005
6998	0.79226	0.	-0.14567	6.159e-004
7005	0.3618	0.	-0.62545	2.0395e-004
7006	0.44884	0.	-0.60144	2.9503e-004
7014	-0.21585	0.	-0.26563	-9.366e-003
7015	-0.18843	0.	-0.21302	-1.3009e-002
7018	-0.34893	0.	-0.25179	-4.579e-003
7019	-0.37244	0.	-0.19272	-2.6488e-003
7027	0.81818	0.	-0.9482	4.7221e-005
7036	-0.72673	0.	-0.96309	8.1618e-006
7042	-1.2247	0.	-0.3187	4.4826e-004
7043	-1.1574	0.	-0.28901	5.2063e-004
7052	-0.17751	0.	-0.31124	-5.6325e-003
7055	-0.11852	0.	-0.34231	-3.9252e-003
7063	-1.2889	0.	-0.89887	5.9699e-005
7071	-2.1627e-002	0.	-0.10402	1.2677e-003
7077	-1.2183	0.	-0.26013	4.9482e-004
7082	-0.60951	0.	-0.96354	-1.2494e-005
7093	-0.3645	0.	-0.89789	-1.1708e-004
7094	-0.32088	0.	-0.895	-1.3033e-004
7098	-0.64899	0.	-0.5768	1.515e-004
7099	-0.5992	0.	-0.64446	-2.6478e-007
7109	-0.8565	0.	-0.23334	1.4975e-003
7110	-0.72686	0.	-0.21757	2.5592e-003
7117	-1.1363	0.	-0.16095	6.6533e-004
7121	-0.92344	0.	-0.30407	9.4998e-004
7126	-0.92203	0.	-0.16471	1.313e-003
7131	-0.6187	0.	-0.24838	2.7143e-003
7140	-0.33978	0.	-0.84471	-1.6064e-004
7146	-0.25519	0.	-0.12062	-3.5302e-002
7149	-0.5324	0.	-0.27282	1.7491e-003
7150	-0.55413	0.	-0.33721	1.4248e-003
7175	-0.29917	0.	-0.11814	-2.7961e-002
10369	-0.44894	0.	-3.823e-002	8.9473e-002
10370	-0.4285	0.	-4.4932e-002	0.11048
10374	-0.43415	0.	-5.5517e-002	8.0482e-002
82	0.	0.	6.25e-002	0.11568
83	0.	0.	7.5e-002	3.1353e-002
84	-2.5e-002	0.	7.5e-002	-2.3512e-004
85	-5.e-002	0.	7.5e-002	-2.2498e-002
86	-0.1	0.	7.5e-002	-3.5786e-002
87	-0.15	0.	7.5e-002	-3.7632e-002
88	-0.2	0.	7.5e-002	-4.1013e-002
89	-0.25	0.	7.5e-002	-4.0349e-002
90	-0.3	0.	7.5e-002	-3.545e-002
91	-0.35	0.	7.5e-002	-2.2032e-002
92	-0.375	0.	7.5e-002	-2.0098e-003
93	-0.4	0.	6.25e-002	0.11108
94	-0.4	0.	7.5e-002	4.1417e-002
95	-0.4	0.	5.e-002	0.16217
104	0.	0.	5.e-002	0.19108
427	0.1	0.	0.	6.0406e-002
428	0.2	0.	0.	1.6673e-002
429	0.3	0.	0.	6.5453e-003
430	0.4	0.	0.	3.1331e-003
431	0.5	0.	0.	1.6918e-003
432	0.6	0.	0.	1.1064e-003
433	0.7	0.	0.	9.0708e-004
434	0.8	0.	0.	6.254e-004
435	0.9	0.	0.	5.0215e-004
436	-1.3	0.	0.	4.8723e-004
437	-1.2	0.	0.	5.8206e-004
438	-1.1	0.	0.	7.7969e-004
439	-1.	0.	0.	1.0261e-003
440	-0.9	0.	0.	1.7244e-003
441	-0.8	0.	0.	3.0661e-003
442	-0.7	0.	0.	5.5958e-003
443	-0.6	0.	0.	1.3066e-002
444	-0.5	0.	0.	5.1136e-002
488	-1.4	0.	9.7727e-002	4.6107e-004
489	-1.4	0.	0.19545	4.4478e-004
490	-1.4	0.	0.29318	3.9256e-004
491	-1.4	0.	0.39091	3.1067e-004
492	-1.4	0.	0.48864	2.673e-004
493	-1.4	0.	0.58636	2.0877e-004
494	-1.4	0.	0.68409	1.5485e-004
495	-1.4	0.	0.78182	1.1313e-004
496	-1.4	0.	0.87955	6.8899e-005
497	-1.4	0.	0.97727	2.9697e-005
503	-1.3	0.	1.075	1.381e-005
504	-1.2	0.	1.075	2.1046e-005
505	-1.1	0.	1.075	1.7892e-005
506	-1.	0.	1.075	1.9694e-005
507	-0.9	0.	1.075	1.2773e-005
508	-0.8	0.	1.075	1.0013e-005
509	-0.7	0.	1.075	2.2276e-007
510	-0.6	0.	1.075	-9.0676e-006
511	-0.5	0.	1.075	-1.6464e-005
512	-0.4	0.	1.075	-2.3396e-005
513	-0.3	0.	1.075	-4.7734e-005
514	-0.2	0.	1.075	-3.8185e-005
515	-0.1	0.	1.075	-2.8492e-005
516	0.	0.	1.075	-3.2298e-005
517	0.1	0.	1.075	-1.2036e-005
518	0.2	0.	1.075	-8.261e-006
519	0.3	0.	1.075	1.226e-006
520	0.4	0.	1.075	1.3822e-005
521	0.5	0.	1.075	1.3541e-005
522	0.6	0.	1.075	1.8121e-005
523	0.7	0.	1.075	2.3214e-005
524	0.8	0.	1.075	1.9246e-005
525	0.9	0.	1.075	2.0401e-005
531	1.	0.	0.97727	3.8545e-005
532	1.	0.	0.87955	6.7487e-005
533	1.	0.	0.78182	1.1922e-004
534	1.	0.	0.68409	1.7126e-004
535	1.	0.	0.58636	2.1451e-004
536	1.	0.	0.48864	2.8032e-004
537	1.	0.	0.39091	3.3203e-004
538	1.	0.	0.29318	3.8178e-004
539	1.	0.	0.19545	4.363e-004
540	1.	0.	9.7727e-002	4.7148e-004
541	0.	0.	0.	0.18984
542	-0.4	0.	0.	0.18868
548	1.	0.	0.	4.7761e-004
550	-1.4	0.	0.	4.7476e-004
553	-1.4	0.	1.075	1.2603e-005
554	1.	0.	1.075	1.3774e-005
555	0.15	0.	0.575	-1.1711e-005
556	-0.56233	0.	0.5627	-2.4749e-005
557	-0.48472	0.	0.33699	2.3391e-004
558	8.1836e-002	0.	0.33823	1.703e-004
559	-0.975	0.	0.48295	4.578e-004
560	0.58363	0.	0.46543	4.6914e-004
561	-0.24755	0.	0.46067	-2.0374e-003
562	-0.15749	0.	0.78347	-3.1394e-004
563	-0.17491	0.	0.25442	-8.6268e-003
564	1.5758e-002	0.	0.2064	1.2918e-003
565	0.33437	0.	0.39363	9.0496e-004
566	-0.73438	0.	0.39363	8.7533e-004
567	-0.87999	0.	0.79679	1.0221e-004
568	1.9406e-002	0.	0.51627	-6.2548e-004
569	-0.50252	0.	0.72682	-1.3738e-004
570	0.11667	0.	0.90833	-5.8731e-005
571	-0.10264	0.	0.3651	-3.0716e-003
572	-0.38016	0.	0.29503	-2.1592e-003
573	-0.42046	0.	0.64316	-3.3967e-004
574	-1.0792	0.	0.76458	1.3259e-004
575	0.82917	0.	0.71572	1.6135e-004
576	0.61667	0.	0.32197	7.2699e-004
577	-1.0167	0.	0.32197	7.613e-004
578	0.1759	0.	0.21027	4.8671e-003
579	-0.57613	0.	0.21058	4.587e-003
580	5.2778e-002	0.	0.65833	-2.933e-004
581	-0.25625	0.	0.1375	-2.6581e-002
582	-0.17502	0.	0.66121	-5.6628e-004
583	-0.76064	0.	0.53173	3.9353e-004
584	0.41782	0.	0.6668	1.9062e-004
585	-0.44853	0.	0.54666	-3.6965e-004
586	-1.258	0.	0.53344	2.5308e-004
587	-0.79002	0.	0.1196	3.0321e-003
588	0.375	0.	0.13466	2.8613e-003
589	0.27327	0.	0.81415	1.0849e-005
590	0.78561	0.	0.50306	3.0317e-004
591	-0.73508	0.	0.75306	9.0852e-005
592	-6.0502e-002	0.	0.22264	-5.6579e-003
593	-3.902e-002	0.	0.16577	-4.7933e-003
594	-0.40328	0.	0.96751	-5.3534e-005
595	-0.10023	0.	0.50324	-1.3413e-003
596	-1.2083	0.	0.25871	4.9198e-004
597	0.80833	0.	0.25871	5.0075e-004
598	-0.28516	0.	0.30234	-4.6969e-003
599	-0.4193	0.	0.14225	8.722e-003
600	2.6447e-002	0.	0.12896	1.3794e-002
601	-0.34688	0.	0.16875	-8.8811e-003
602	-0.15937	0.	0.16875	-2.0744e-002
603	-0.33499	0.	0.54422	-8.8291e-004
604	-0.3342	0.	0.42364	-1.7823e-003
605	0.76458	0.	0.89536	5.7715e-005
606	-0.54224	0.	0.95041	-3.2004e-005
607	-2.3785e-002	0.	0.86881	-1.5888e-004
608	-1.2625	0.	0.83207	8.3975e-005
609	0.12199	0.	0.44696	5.3578e-005
610	-0.5125	0.	0.45	-9.6682e-005
611	-0.6	0.	0.36449	1.1366e-003
612	0.2	0.	0.36449	9.8543e-004
613	0.67723	0.	0.75546	1.3771e-004
614	0.2875	0.	0.24957	2.5579e-003
615	0.45208	0.	0.28577	1.3822e-003
616	-0.6875	0.	0.24957	2.2976e-003
617	-0.85208	0.	0.28577	1.2586e-003
618	-0.76039	0.	0.89944	3.0735e-005
619	-0.15131	0.	0.93457	-1.0634e-004
620	-4.257e-002	0.	0.42879	-1.5006e-003
621	0.29149	0.	0.6038	1.6877e-004
622	-0.27281	0.	0.72776	-3.8107e-004
623	-0.18819	0.	0.31806	-4.9552e-003
624	-7.6572e-002	0.	0.60021	-6.3877e-004
625	-1.1375	0.	0.43693	3.6793e-004
626	-0.92604	0.	0.14289	1.3306e-003
627	0.52604	0.	0.14289	1.3424e-003
628	0.3375	0.	0.92808	2.3265e-005
629	-1.0161	0.	0.92942	4.882e-005
630	-0.2125	0.	0.2	-1.532e-002
631	-0.95162	0.	0.64248	2.7187e-004
632	-1.0979	0.	0.59214	2.5265e-004
633	-0.19838	0.	0.55178	-1.0843e-003
634	0.49945	0.	0.94036	3.556e-005
635	-2.875e-002	0.	0.11589	-7.4539e-003
636	0.37917	0.	0.52898	3.6828e-004
637	0.26406	0.	0.15862	4.7898e-003
638	-0.6679	0.	0.14184	5.0465e-003
639	-0.25814	0.	0.37314	-3.4093e-003
640	-0.27969	0.	0.18438	-1.5582e-002
641	0.6657	0.	0.18777	7.9928e-004
642	-1.0657	0.	0.18777	7.381e-004
643	-5.1344e-002	0.	0.72226	-3.4657e-004
644	-0.64216	0.	0.4753	3.4455e-004
645	0.2375	0.	0.48949	3.4829e-004
646	-1.9992e-002	0.	0.34987	-1.7254e-003
647	8.4722e-002	0.	0.78333	-1.3216e-004
648	-0.85	0.	0.44347	6.5072e-004
649	0.45	0.	0.44347	6.1007e-004
650	-0.31553	0.	0.23183	-7.642e-003
651	0.74054	0.	0.60433	2.4614e-004
652	-0.82352	0.	0.65683	2.0894e-004
653	-0.36706	0.	0.11705	-6.6713e-003
654	-0.89193	0.	0.95943	3.2486e-005
655	-0.24107	0.	0.83962	-2.0389e-004
656	0.19167	0.	0.71112	-5.0767e-005
657	0.62306	0.	0.59614	2.7971e-004
658	-0.17874	0.	0.40059	-2.8553e-003
659	9.5702e-002	0.	0.16952	8.5393e-003
660	-0.49594	0.	0.17204	7.6595e-003
661	-0.61867	0.	0.67806	1.1608e-005
662	-0.34072	0.	0.84026	-1.7537e-004
663	-0.50803	0.	8.5143e-002	2.0766e-002
664	-0.42981	0.	6.4838e-002	6.9256e-002
665	0.10798	0.	8.4955e-002	2.5119e-002
666	3.0622e-002	0.	6.3776e-002	7.8327e-002
667	0.87	0.	0.11574	5.1432e-004
668	-1.27	0.	0.11574	5.0192e-004
669	-1.2798	0.	0.95757	3.5484e-005
670	-1.289	0.	0.40526	3.5399e-004
671	-4.5697e-002	0.	0.98511	-4.6576e-005
672	-1.2688	0.	0.68118	1.6843e-004
673	8.2832e-004	0.	0.27444	-1.8066e-003
674	-0.31664	0.	0.12628	-1.981e-002
675	-0.38395	0.	0.21473	-1.6263e-003
676	3.2134e-002	0.	0.41602	-6.5151e-004
677	-0.41198	0.	0.37535	-1.1142e-003
678	0.88672	0.	0.9547	4.8991e-005
679	-9.6699e-002	0.	0.28692	-5.3727e-003
680	-7.6042e-002	0.	0.12708	-2.0737e-002
681	0.72227	0.	0.40902	4.4461e-004
682	-0.41129	0.	0.4657	-9.0248e-004
683	-0.33115	0.	0.351	-2.6328e-003
684	-0.10024	0.	0.17758	-1.239e-002
685	-0.13724	0.	0.21823	-1.0851e-002
686	0.50417	0.	0.56847	3.5628e-004
687	-0.27604	0.	0.9449	-8.4226e-005
688	-1.1563	0.	0.93894	4.7447e-005
689	-0.72643	0.	0.63531	1.5253e-004
690	0.89051	0.	0.57035	2.2993e-004
691	0.23047	0.	0.93738	-9.6229e-006
692	0.8851	0.	0.41746	3.3821e-004
693	-0.26449	0.	0.62246	-6.5351e-004
694	0.38023	0.	0.78913	8.0511e-005
695	0.87371	0.	0.83467	8.5708e-005
696	-0.60908	0.	0.83267	-2.5271e-005
697	-0.11489	0.	0.42954	-2.1112e-003
698	0.16101	0.	0.28506	1.6902e-003
699	-0.5607	0.	0.28638	1.8417e-003
700	0.65417	0.	0.91117	6.368e-005
701	-0.46432	0.	0.84153	-1.0534e-004
702	-0.87869	0.	0.55037	3.829e-004
703	-0.20307	0.	0.14462	-2.6866e-002
704	-0.1175	0.	0.13945	-2.6434e-002
705	-0.45625	0.	0.2625	1.5725e-003
706	7.9524e-002	0.	0.25124	2.3013e-003
707	2.8347e-003	0.	9.6448e-002	1.5236e-002
708	-0.40102	0.	9.7496e-002	2.0656e-002
709	0.17936	0.	0.83086	-3.1238e-005
710	-0.17292	0.	0.47083	-1.856e-003
711	0.68965	0.	0.51415	3.3255e-004
712	-0.66925	0.	0.98119	4.8452e-007
713	-0.38806	0.	0.73149	-3.0444e-004
714	0.55208	0.	0.69706	2.0928e-004
715	0.19035	0.	0.10673	1.075e-002
716	-0.59077	0.	0.10445	9.2431e-003
717	0.58799	0.	0.82458	1.0341e-004
718	-0.5105	0.	0.63148	-1.765e-004
719	-0.24037	0.	0.24826	-9.5681e-003
720	0.314	0.	0.71443	1.0827e-004
721	5.8333e-002	0.	0.99167	-3.7191e-005
722	-1.1439	0.	0.11488	7.238e-004
723	0.74388	0.	0.11488	7.4309e-004
2457	0.	0.	6.875e-002	7.3515e-002
2458	0.	0.	5.625e-002	0.15338
2460	1.5311e-002	0.	6.3138e-002	9.7002e-002
2461	-1.25e-002	0.	7.5e-002	1.5559e-002
2463	1.5311e-002	0.	6.9388e-002	5.484e-002
2464	1.4173e-003	0.	8.5724e-002	2.3294e-002
2467	-3.75e-002	0.	7.5e-002	-1.1366e-002
2469	-2.6875e-002	0.	9.5443e-002	-3.8445e-003
2470	-1.1083e-002	0.	8.5724e-002	7.5002e-003
2472	-7.5e-002	0.	7.5e-002	-2.9142e-002
2474	-3.9375e-002	0.	9.5443e-002	-1.4976e-002
2475	-6.3021e-002	0.	0.10104	-2.1617e-002
2478	-0.125	0.	7.5e-002	-3.6709e-002
2480	-8.8021e-002	0.	0.10104	-2.8261e-002
2481	-0.10875	0.	0.10722	-3.111e-002
2484	-0.175	0.	7.5e-002	-3.9323e-002
2486	-0.15469	0.	0.12188	-2.9188e-002
2487	-0.17654	0.	0.10981	-3.2249e-002
2488	-0.13375	0.	0.10722	-3.2033e-002
2491	-0.225	0.	7.5e-002	-4.0681e-002
2493	-0.20154	0.	0.10981	-3.394e-002
2496	-0.275	0.	7.5e-002	-3.79e-002
2498	-0.25313	0.	0.10625	-3.3465e-002
2499	-0.22654	0.	0.10981	-3.3607e-002
2502	-0.325	0.	7.5e-002	-2.8741e-002
2504	-0.27813	0.	0.10625	-3.1015e-002
2505	-0.30832	0.	0.10064	-2.763e-002
2508	-0.3625	0.	7.5e-002	-1.2021e-002
2510	-0.35853	0.	9.6026e-002	-1.4352e-002
2511	-0.33332	0.	0.10064	-2.0921e-002
2514	-0.3875	0.	7.5e-002	1.9704e-002
2516	-0.37103	0.	9.6026e-002	-4.3405e-003
2517	-0.38801	0.	8.6248e-002	9.3229e-003
2519	-0.4	0.	6.875e-002	7.6248e-002
2520	-0.4	0.	5.625e-002	0.13662
2522	-0.4149	0.	6.3669e-002	9.0167e-002
2526	-0.4149	0.	6.9919e-002	5.5336e-002
2527	-0.40051	0.	8.6248e-002	3.1036e-002
2532	-0.4	0.	2.5e-002	0.17542
2533	-0.4149	0.	5.7419e-002	0.11571
2581	0.	0.	2.5e-002	0.19046
2582	1.5311e-002	0.	5.6888e-002	0.13471
4477	0.15	0.	0.	3.8539e-002
4478	5.e-002	0.	0.	0.12512
4479	0.10399	0.	4.2477e-002	4.2763e-002
4480	6.5311e-002	0.	3.1888e-002	6.9366e-002
4491	0.25	0.	0.	1.1609e-002
4492	0.15399	0.	4.2477e-002	2.0896e-002
4493	0.19517	0.	5.3367e-002	1.3712e-002
4498	0.35	0.	0.	4.8392e-003
4499	0.3375	0.	6.733e-002	4.7033e-003
4500	0.28203	0.	7.9311e-002	5.6676e-003
4501	0.24517	0.	5.3367e-002	8.6478e-003
4510	0.45	0.	0.	2.4125e-003
4511	0.3875	0.	6.733e-002	2.9972e-003
4515	0.55	0.	0.	1.3991e-003
4516	0.4375	0.	6.733e-002	2.2766e-003
4517	0.51302	0.	7.1443e-002	1.5171e-003
4523	0.65	0.	0.	1.0068e-003
4524	0.56302	0.	7.1443e-002	1.2244e-003
4525	0.63285	0.	9.3885e-002	9.5285e-004
4526	0.67194	0.	5.7439e-002	9.2476e-004
4532	0.75	0.	0.	7.6624e-004
4533	0.72194	0.	5.7439e-002	8.2509e-004
4539	0.85	0.	0.	5.6377e-004
4540	0.835	0.	5.7871e-002	5.6986e-004
4541	0.77194	0.	5.7439e-002	6.8425e-004
4549	0.95	0.	4.8864e-002	4.8681e-004
4550	0.95	0.	0.	4.8988e-004
4551	0.885	0.	5.7871e-002	5.0823e-004
4556	-1.25	0.	0.	5.3465e-004
4557	-1.35	0.	4.8864e-002	4.7415e-004
4558	-1.35	0.	0.	4.81e-004
4559	-1.285	0.	5.7871e-002	4.9458e-004
4564	-1.15	0.	0.	6.8088e-004
4565	-1.235	0.	5.7871e-002	5.4199e-004
4566	-1.1719	0.	5.7439e-002	6.5293e-004
4576	-1.05	0.	0.	9.0288e-004
4577	-1.1219	0.	5.7439e-002	7.5174e-004
4580	-0.95	0.	0.	1.3752e-003
4581	-0.96302	0.	7.1443e-002	1.1783e-003
4582	-1.0329	0.	9.3885e-002	8.8208e-004
4583	-1.0719	0.	5.7439e-002	8.7493e-004
4591	-0.85	0.	0.	2.3952e-003
4592	-0.84501	0.	5.98e-002	2.3782e-003
4593	-0.91302	0.	7.1443e-002	1.5275e-003
4600	-0.75	0.	0.	4.3309e-003
4601	-0.79501	0.	5.98e-002	3.0491e-003
4608	-0.65	0.	0.	9.3309e-003
4609	-0.74501	0.	5.98e-002	4.3139e-003
4610	-0.68395	0.	7.0919e-002	5.3211e-003
4611	-0.64538	0.	5.2227e-002	7.4194e-003
4618	-0.55	0.	0.	3.2101e-002
4619	-0.55401	0.	4.2572e-002	1.6916e-002
4620	-0.59538	0.	5.2227e-002	1.1155e-002
4630	-0.45	0.	0.	0.11991
4631	-0.50401	0.	4.2572e-002	3.5951e-002
4632	-0.4649	0.	3.2419e-002	6.0196e-002
4890	-1.4	0.	0.14659	4.5293e-004
4891	-1.4	0.	4.8864e-002	4.6792e-004
4892	-1.335	0.	0.10674	4.815e-004
4896	-1.4	0.	0.24432	4.1867e-004
4897	-1.3042	0.	0.22708	4.6838e-004
4898	-1.335	0.	0.1556	4.7335e-004
4902	-1.4	0.	0.34205	3.5162e-004
4903	-1.3042	0.	0.27595	4.4227e-004
4904	-1.3445	0.	0.34922	3.7328e-004
4908	-1.4	0.	0.43977	2.8898e-004
4909	-1.3445	0.	0.39808	3.3233e-004
4914	-1.4	0.	0.5375	2.3803e-004
4915	-1.329	0.	0.51104	2.6019e-004
4916	-1.3445	0.	0.44695	3.1064e-004
4920	-1.4	0.	0.63523	1.8181e-004
4921	-1.329	0.	0.5599	2.3092e-004
4922	-1.3344	0.	0.63377	1.886e-004
4926	-1.4	0.	0.73295	1.3399e-004
4927	-1.3344	0.	0.68263	1.6164e-004
4929	-1.4	0.	0.83068	9.1015e-005
4930	-1.3312	0.	0.80694	9.8553e-005
4931	-1.3344	0.	0.7315	1.4078e-004
4935	-1.4	0.	0.92841	4.9298e-005
4936	-1.3312	0.	0.85581	7.6437e-005
4937	-1.3399	0.	0.91856	5.2192e-005
4940	-1.35	0.	1.0261	2.1754e-005
4941	-1.4	0.	1.0261	2.115e-005
4942	-1.3399	0.	0.96742	3.2591e-005
4968	-1.25	0.	1.075	1.7428e-005
4969	-1.35	0.	1.075	1.3206e-005
4970	-1.2899	0.	1.0163	2.4647e-005
4972	-1.15	0.	1.075	1.9469e-005
4973	-1.2399	0.	1.0163	2.8265e-005
4974	-1.1781	0.	1.007	3.4247e-005
4978	-1.05	0.	1.075	1.8793e-005
4979	-1.0581	0.	1.0022	3.3356e-005
4980	-1.1281	0.	1.007	3.267e-005
4982	-0.95	0.	1.075	1.6234e-005
4983	-1.0081	0.	1.0022	3.4257e-005
4984	-0.94597	0.	1.0172	2.609e-005
4988	-0.85	0.	1.075	1.1393e-005
4989	-0.89597	0.	1.0172	2.263e-005
4993	-0.75	0.	1.075	5.1178e-006
4994	-0.7802	0.	0.98722	2.0374e-005
4995	-0.84597	0.	1.0172	2.125e-005
4996	-0.73463	0.	1.0281	5.2487e-006
4999	-0.65	0.	1.075	-4.4224e-006
5000	-0.68463	0.	1.0281	3.5364e-007
5003	-0.55	0.	1.075	-1.2766e-005
5004	-0.57112	0.	1.0127	-2.0536e-005
5005	-0.63463	0.	1.0281	-4.2916e-006
5009	-0.45	0.	1.075	-1.993e-005
5010	-0.45164	0.	1.0213	-3.4999e-005
5011	-0.52112	0.	1.0127	-2.4234e-005
5013	-0.35	0.	1.075	-3.5565e-005
5014	-0.40164	0.	1.0213	-3.8465e-005
5017	-0.25	0.	1.075	-4.296e-005
5018	-0.35164	0.	1.0213	-5.0634e-005
5019	-0.28802	0.	1.0099	-6.598e-005
5023	-0.15	0.	1.075	-3.3338e-005
5024	-0.17565	0.	1.0048	-7.2265e-005
5025	-0.23802	0.	1.0099	-6.1205e-005
5027	-5.e-002	0.	1.075	-3.0395e-005
5028	-0.12565	0.	1.0048	-6.7418e-005
5029	-7.2849e-002	0.	1.0301	-3.7534e-005
5032	5.e-002	0.	1.075	-2.2167e-005
5033	-2.2849e-002	0.	1.0301	-3.9437e-005
5034	2.9167e-002	0.	1.0333	-3.4744e-005
5038	0.15	0.	1.075	-1.0148e-005
5039	7.9167e-002	0.	1.0333	-2.4613e-005
5041	0.25	0.	1.075	-3.5175e-006
5042	0.15833	0.	0.99167	-3.3496e-005
5043	0.21523	0.	1.0062	-8.9419e-006
5044	0.12917	0.	1.0333	-2.2726e-005
5048	0.35	0.	1.075	7.5241e-006
5049	0.31875	0.	1.0015	1.2246e-005
5050	0.26523	0.	1.0062	-4.1984e-006
5054	0.45	0.	1.075	1.3682e-005
5055	0.36875	0.	1.0015	1.8544e-005
5056	0.44973	0.	1.0077	2.4691e-005
5061	0.55	0.	1.075	1.5831e-005
5062	0.49973	0.	1.0077	2.4551e-005
5064	0.65	0.	1.075	2.0667e-005
5065	0.54973	0.	1.0077	2.684e-005
5066	0.62708	0.	0.99309	4.0901e-005
5071	0.75	0.	1.075	2.123e-005
5072	0.73229	0.	0.98518	4.0464e-005
5073	0.67708	0.	0.99309	4.3447e-005
5077	0.85	0.	1.075	1.9823e-005
5078	0.78229	0.	0.98518	3.848e-005
5079	0.84336	0.	1.0148	3.4118e-005
5084	0.95	0.	1.0261	2.9473e-005
5085	0.95	0.	1.075	1.7087e-005
5086	0.89336	0.	1.0148	3.4696e-005
5115	1.	0.	0.92841	5.3016e-005
5116	1.	0.	1.0261	2.6159e-005
5117	0.94336	0.	0.96599	4.3768e-005
5121	1.	0.	0.83068	9.3353e-005
5122	0.94336	0.	0.91712	5.8239e-005
5123	0.93686	0.	0.85711	7.6597e-005
5126	1.	0.	0.73295	1.4524e-004
5127	0.91458	0.	0.74877	1.4029e-004
5128	0.93686	0.	0.80824	1.0246e-004
5134	1.	0.	0.63523	1.9289e-004
5135	0.91458	0.	0.69991	1.6631e-004
5136	0.94525	0.	0.62722	2.006e-004
5139	1.	0.	0.5375	2.4742e-004
5140	0.94525	0.	0.57836	2.2222e-004
5143	1.	0.	0.43977	3.0617e-004
5144	0.94525	0.	0.52949	2.5513e-004
5145	0.94255	0.	0.45305	3.0926e-004
5149	1.	0.	0.34205	3.569e-004
5150	0.94255	0.	0.40419	3.3512e-004
5152	1.	0.	0.24432	4.0904e-004
5153	0.90417	0.	0.27595	4.4126e-004
5154	0.94255	0.	0.35532	3.5999e-004
5158	1.	0.	0.14659	4.5389e-004
5159	0.90417	0.	0.22708	4.6853e-004
5160	0.935	0.	0.1556	4.7531e-004
5165	1.	0.	4.8864e-002	4.7455e-004
5166	0.935	0.	0.10674	4.929e-004
5169	1.5311e-002	0.	3.1888e-002	0.13408
5179	-0.4149	0.	3.2419e-002	0.12897
5191	8.4703e-002	0.	0.54564	-3.1859e-004
5192	0.10139	0.	0.61667	-1.5251e-004
5193	0.136	0.	0.51098	2.0934e-005
5194	0.22075	0.	0.5894	7.853e-005
5195	0.19375	0.	0.53224	1.6829e-004
5196	0.17083	0.	0.64306	-3.1239e-005
5200	-0.50543	0.	0.55468	-1.972e-004
5201	-0.53741	0.	0.50635	-6.0716e-005
5202	-0.60224	0.	0.519	1.599e-004
5203	-0.5905	0.	0.62038	-6.5705e-006
5204	-0.64438	0.	0.59901	6.3891e-005
5205	-0.53641	0.	0.59709	-1.0062e-004
5210	-0.43244	0.	0.31601	-9.6264e-004
5211	-0.49861	0.	0.3935	6.8615e-005
5212	-0.54236	0.	0.35074	6.8526e-004
5213	-0.44835	0.	0.35617	-4.4013e-004
5214	-0.52271	0.	0.31169	1.0378e-003
5215	-0.47048	0.	0.29975	9.0322e-004
5220	0.10191	0.	0.39259	1.1194e-004
5221	0.14092	0.	0.35136	5.7786e-004
5222	3.0922e-002	0.	0.34405	-7.7753e-004
5223	4.1332e-002	0.	0.30634	-8.1817e-004
5224	5.6985e-002	0.	0.37713	-2.4061e-004
5225	0.12142	0.	0.31165	9.3025e-004
5226	8.068e-002	0.	0.29473	1.2358e-003
5230	-0.99583	0.	0.40246	6.0955e-004
5231	-1.0562	0.	0.45994	4.1286e-004
5232	-0.96331	0.	0.56272	3.6483e-004
5233	-1.0365	0.	0.53755	3.5522e-004
5234	-0.9125	0.	0.46321	5.5426e-004
5235	-0.92684	0.	0.51666	4.2035e-004
5239	0.60015	0.	0.3937	5.9806e-004
5240	0.51682	0.	0.45445	5.3961e-004
5241	0.60335	0.	0.53078	3.7443e-004
5242	0.65295	0.	0.43723	4.5688e-004
5243	0.5439	0.	0.51695	4.1271e-004
5244	0.63664	0.	0.48979	4.0085e-004
5247	-0.29127	0.	0.50244	-1.4602e-003
5248	-0.29088	0.	0.44215	-1.9098e-003
5249	-0.22296	0.	0.50622	-1.5609e-003
5250	-0.25285	0.	0.41691	-2.7234e-003
5251	-0.21314	0.	0.43063	-2.4464e-003
5252	-0.21023	0.	0.46575	-1.9467e-003
5257	-0.16625	0.	0.72234	-4.4011e-004
5258	-9.0636e-002	0.	0.82614	-2.3641e-004
5259	-0.1544	0.	0.85902	-2.1014e-004
5260	-0.21515	0.	0.75562	-3.4751e-004
5261	-0.10442	0.	0.75287	-3.3025e-004
5262	-0.19928	0.	0.81155	-2.5891e-004
5266	-0.18155	0.	0.28624	-6.791e-003
5267	-0.1937	0.	0.22721	-1.1973e-002
5268	-0.1358	0.	0.27067	-6.9998e-003
5269	-0.15607	0.	0.23632	-9.7391e-003
5270	-0.20764	0.	0.25134	-9.0975e-003
5274	-2.2372e-002	0.	0.21452	-2.1831e-003
5275	-1.1631e-002	0.	0.18608	-1.7508e-003
5276	2.1103e-002	0.	0.16768	7.543e-003
5277	5.573e-002	0.	0.18796	4.9155e-003
5278	8.2934e-003	0.	0.24042	-2.5744e-004
5279	4.7641e-002	0.	0.22882	1.7965e-003
5284	0.26719	0.	0.37906	9.4519e-004
5285	0.31094	0.	0.3216	1.7315e-003
5286	0.39323	0.	0.3397	1.1436e-003
5287	0.35677	0.	0.4613	6.3662e-004
5288	0.28594	0.	0.44156	6.2662e-004
5289	0.39219	0.	0.41855	7.5752e-004
5293	-0.74751	0.	0.46268	6.3443e-004
5294	-0.66719	0.	0.37906	1.006e-003
5295	-0.71094	0.	0.3216	1.5865e-003
5296	-0.79323	0.	0.3397	1.067e-003
5297	-0.68827	0.	0.43446	6.0994e-004
5298	-0.79219	0.	0.41855	7.6302e-004
5301	-0.97961	0.	0.78069	1.174e-004
5302	-0.80753	0.	0.77492	9.6531e-005
5303	-0.82019	0.	0.84811	6.6473e-005
5304	-0.94807	0.	0.8631	7.5515e-005
5305	-0.9158	0.	0.71963	1.8704e-004
5306	-0.85175	0.	0.72681	1.5557e-004
5307	-0.88596	0.	0.87811	6.7348e-005
5312	3.6092e-002	0.	0.5873	-4.5939e-004
5313	-4.0413e-002	0.	0.50976	-9.834e-004
5314	7.0698e-002	0.	0.48162	-2.8595e-004
5315	-1.1582e-002	0.	0.47253	-1.063e-003
5316	-2.8583e-002	0.	0.55824	-6.3212e-004
5317	2.577e-002	0.	0.46615	-6.3849e-004
5321	-0.46149	0.	0.68499	-2.3853e-004
5322	-0.56059	0.	0.70244	-6.2888e-005
5323	-0.5558	0.	0.77974	-8.1327e-005
5324	-0.48342	0.	0.78417	-1.2136e-004
5325	-0.44529	0.	0.72915	-2.2091e-004
5326	-0.50651	0.	0.67915	-1.5694e-004
5329	4.6441e-002	0.	0.88857	-1.088e-004
5330	0.10069	0.	0.84583	-9.5447e-005
5331	0.17357	0.	0.92286	-3.4177e-005
5332	0.14801	0.	0.8696	-4.4985e-005
5333	8.75e-002	0.	0.95	-4.7961e-005
5338	-7.2603e-002	0.	0.39694	-2.2861e-003
5339	-0.14542	0.	0.34158	-4.0134e-003
5340	-6.1314e-002	0.	0.35749	-2.3985e-003
5341	-0.14069	0.	0.38285	-2.9635e-003
5342	-9.9668e-002	0.	0.32601	-4.2222e-003
5343	-0.10877	0.	0.39732	-2.5914e-003
5348	-0.33266	0.	0.29869	-3.428e-003
5349	-0.34785	0.	0.26343	-4.9006e-003
5350	-0.38206	0.	0.25488	-1.8928e-003
5351	-0.39607	0.	0.33519	-1.6367e-003
5352	-0.35566	0.	0.32302	-2.396e-003
5353	-0.41821	0.	0.27877	-2.9333e-004
5357	-0.43449	0.	0.59491	-3.5466e-004
5358	-0.37773	0.	0.59369	-6.1129e-004
5359	-0.34247	0.	0.63281	-4.9659e-004
5360	-0.40426	0.	0.68733	-3.2205e-004
5361	-0.46548	0.	0.63732	-2.5809e-004
5366	-1.1709	0.	0.79832	1.0828e-004
5367	-1.0477	0.	0.847	9.0703e-005
5368	-1.0154	0.	0.70353	2.0223e-004
5369	-1.0886	0.	0.67836	1.9262e-004
5370	-1.174	0.	0.72288	1.5051e-004
5371	-1.1178	0.	0.85176	9.0016e-005
5378	0.7532	0.	0.73559	1.4953e-004
5379	0.78485	0.	0.66002	2.0375e-004
5380	0.85984	0.	0.64304	1.9564e-004
5381	0.85144	0.	0.77519	1.2353e-004
5387	0.7125	0.	0.29034	6.1387e-004
5388	0.53438	0.	0.30387	1.0546e-003
5389	0.57135	0.	0.23243	1.0347e-003
5390	0.64118	0.	0.25487	7.6313e-004
5391	0.53333	0.	0.38272	6.6853e-004
5392	0.66947	0.	0.36549	5.858e-004
5395	-1.1125	0.	0.29034	6.2664e-004
5396	-0.93437	0.	0.30387	1.01e-003
5397	-1.0771	0.	0.37945	5.6461e-004
5398	-0.97135	0.	0.23243	1.046e-003
5399	-1.0412	0.	0.25487	7.497e-004
5400	-0.93333	0.	0.38272	7.0601e-004
5406	0.2317	0.	0.22992	3.7125e-003
5407	0.21998	0.	0.18445	4.8285e-003
5408	0.1358	0.	0.1899	6.7032e-003
5409	0.16846	0.	0.24767	3.2786e-003
5410	0.12771	0.	0.23076	3.5842e-003
5411	0.18312	0.	0.1585	7.8087e-003
5416	-0.63182	0.	0.23008	3.4423e-003
5417	-0.62202	0.	0.17621	4.8167e-003
5418	-0.53604	0.	0.19131	6.1233e-003
5419	-0.56841	0.	0.24848	3.2144e-003
5420	-0.51619	0.	0.23654	3.0798e-003
5421	-0.58345	0.	0.15752	6.9151e-003
5425	-1.1897e-002	0.	0.62927	-4.6603e-004
5426	7.1685e-004	0.	0.6903	-3.1993e-004
5427	6.875e-002	0.	0.72083	-2.1273e-004
5428	0.12222	0.	0.68472	-1.7203e-004
5431	-0.23438	0.	0.16875	-2.095e-002
5432	-0.26797	0.	0.16094	-2.1081e-002
5433	-0.28645	0.	0.13189	-2.3195e-002
5434	-0.22966	0.	0.14106	-2.6723e-002
5438	-0.22391	0.	0.69449	-4.7368e-004
5439	-0.1258	0.	0.63071	-6.0252e-004
5440	-0.1867	0.	0.60649	-8.2529e-004
5441	-0.11318	0.	0.69174	-4.5642e-004
5442	-0.21976	0.	0.64183	-6.099e-004
5446	-0.7014	0.	0.50351	3.6904e-004
5447	-0.80532	0.	0.4876	5.2213e-004
5448	-0.79208	0.	0.59428	3.0123e-004
5449	-0.74353	0.	0.58352	2.7303e-004
5450	-0.81966	0.	0.54105	3.8821e-004
5455	0.35465	0.	0.6353	1.7969e-004
5456	0.39849	0.	0.59789	2.7945e-004
5457	0.46099	0.	0.61763	2.7345e-004
5458	0.39902	0.	0.72796	1.3556e-004
5459	0.48495	0.	0.68193	1.9995e-004
5460	0.36591	0.	0.69061	1.4944e-004
5463	-0.39176	0.	0.54544	-6.2628e-004
5464	-0.48051	0.	0.49833	-2.3317e-004
5465	-0.42991	0.	0.50618	-6.3606e-004
5466	-0.47951	0.	0.58907	-2.7308e-004
5470	-1.1977	0.	0.48519	3.105e-004
5471	-1.178	0.	0.56279	2.5286e-004
5472	-1.2735	0.	0.46935	3.0353e-004
5473	-1.2634	0.	0.60731	2.1075e-004
5477	-0.73876	0.	0.18459	2.6648e-003
5478	-0.82105	0.	0.20269	2.1454e-003
5479	-0.85803	0.	0.13124	2.1814e-003
5480	-0.72896	0.	0.13072	4.0393e-003
5485	0.33125	0.	0.19212	2.7096e-003
5486	0.41354	0.	0.21022	2.1218e-003
5487	0.45052	0.	0.13877	2.1019e-003
5488	0.31953	0.	0.14664	3.8256e-003
5493	0.30539	0.	0.87111	1.7057e-005
5494	0.23247	0.	0.76263	-1.9959e-005
5495	0.25187	0.	0.87577	6.1289e-007
5496	0.32675	0.	0.80164	4.568e-005
5497	0.22631	0.	0.82251	-1.0195e-005
5498	0.29364	0.	0.76429	5.9559e-005
5502	0.76308	0.	0.5537	2.7466e-004
5503	0.75394	0.	0.45604	3.7389e-004
5504	0.83806	0.	0.53671	2.6655e-004
5505	0.83536	0.	0.46026	3.2069e-004
5506	0.73763	0.	0.50861	3.1786e-004
5510	-0.74774	0.	0.82625	6.0794e-005
5511	-0.7793	0.	0.70494	1.4989e-004
5512	-0.67687	0.	0.71556	5.123e-005
5513	-0.73076	0.	0.69418	1.2169e-004
5514	-0.67208	0.	0.79287	3.2791e-005
5518	-4.9761e-002	0.	0.1942	-5.2256e-003
5519	-2.9837e-002	0.	0.24854	-3.7323e-003
5520	-7.8601e-002	0.	0.25478	-5.5153e-003
5521	-8.0369e-002	0.	0.20011	-9.0239e-003
5522	-9.8871e-002	0.	0.22044	-8.2547e-003
5526	-6.2864e-003	0.	0.14736	4.5004e-003
5527	-3.3885e-002	0.	0.14083	-6.1236e-003
5528	-5.7531e-002	0.	0.14642	-1.2765e-002
5529	-6.9628e-002	0.	0.17167	-8.5916e-003
5533	-0.47276	0.	0.95896	-4.2769e-005
5534	-0.372	0.	0.90389	-1.1445e-004
5535	-0.33966	0.	0.9562	-6.888e-005
5536	-0.4338	0.	0.90452	-7.9436e-005
5541	-7.1401e-002	0.	0.46601	-1.421e-003
5542	-8.8402e-002	0.	0.55172	-9.9005e-004
5543	-0.1493	0.	0.52751	-1.2128e-003
5544	-0.10756	0.	0.46639	-1.7263e-003
5545	-0.13657	0.	0.48704	-1.5987e-003
5550	-1.1729	0.	0.34782	4.2995e-004
5551	-1.137	0.	0.22324	6.1504e-004
5552	-1.2392	0.	0.18723	4.9695e-004
5553	-1.2487	0.	0.33198	4.2298e-004
5554	-1.1761	0.	0.18679	6.0789e-004
5558	0.73702	0.	0.22324	6.5002e-004
5559	0.83917	0.	0.18723	5.0753e-004
5560	0.7653	0.	0.33386	4.7268e-004
5561	0.84672	0.	0.33809	4.1948e-004
5562	0.77611	0.	0.18679	6.2192e-004
5568	-0.23667	0.	0.3102	-4.826e-003
5569	-0.27165	0.	0.33774	-4.0531e-003
5570	-0.30034	0.	0.26709	-6.1694e-003
5571	-0.30815	0.	0.32667	-3.6648e-003
5572	-0.26276	0.	0.2753	-7.1325e-003
5576	-0.38309	0.	0.1555	-7.9555e-005
5577	-0.39318	0.	0.12965	1.0254e-003
5578	-0.45762	0.	0.15715	8.1907e-003
5579	-0.46366	0.	0.1137	1.4744e-002
5580	-0.42456	0.	0.10355	3.8989e-002
5581	-0.40163	0.	0.17849	3.5478e-003
5582	-0.41016	0.	0.11987	1.4689e-002
5589	-1.1516e-003	0.	0.12242	3.1702e-003
5590	6.1074e-002	0.	0.14924	1.1167e-002
5591	6.7213e-002	0.	0.10696	1.9457e-002
5592	2.8534e-002	0.	9.637e-002	4.6061e-002
5593	1.4641e-002	0.	0.11271	1.4515e-002
5598	-0.31328	0.	0.17656	-1.2232e-002
5599	-0.3312	0.	0.20029	-8.2616e-003
5600	-0.35697	0.	0.1429	-7.7762e-003
5601	-0.33176	0.	0.14751	-1.4345e-002
5602	-0.36541	0.	0.19174	-5.2537e-003
5606	-0.18594	0.	0.18438	-1.8032e-002
5607	-0.12981	0.	0.17317	-1.6567e-002
5608	-0.14831	0.	0.19349	-1.5798e-002
5609	-0.18122	0.	0.15668	-2.3805e-002
5610	-0.13844	0.	0.1541	-2.3589e-002
5614	-0.3346	0.	0.48393	-1.3326e-003
5615	-0.26668	0.	0.548	-9.836e-004
5616	-0.37314	0.	0.50496	-8.9269e-004
5617	-0.29974	0.	0.58334	-7.6821e-004
5623	-0.29617	0.	0.39839	-2.5958e-003
5624	-0.37309	0.	0.39949	-1.4482e-003
5625	-0.37275	0.	0.44467	-1.3424e-003
5626	-0.33268	0.	0.38732	-2.2075e-003
5630	0.72091	0.	0.82541	9.7713e-005
5631	0.82565	0.	0.92503	5.3353e-005
5632	0.81915	0.	0.86501	7.1711e-005
5633	0.70938	0.	0.90327	6.0697e-005
5639	-0.57566	0.	0.89154	-2.8637e-005
5640	-0.50328	0.	0.89597	-6.8671e-005
5641	-0.60574	0.	0.9658	-1.576e-005
5645	-8.7546e-002	0.	0.90169	-1.3261e-004
5646	-3.7565e-002	0.	0.79554	-2.5272e-004
5647	3.0469e-002	0.	0.82607	-1.4552e-004
5648	-3.4741e-002	0.	0.92696	-1.0273e-004
5649	1.7274e-002	0.	0.93024	-9.8034e-005
5654	-1.2711	0.	0.89482	5.973e-005
5655	-1.2657	0.	0.75662	1.262e-004
5656	-1.2094	0.	0.8855	6.5711e-005
5660	0.161	0.	0.40572	5.195e-004
5661	0.17975	0.	0.46822	2.0093e-004
5662	7.7063e-002	0.	0.43149	-2.9897e-004
5667	-0.55625	0.	0.40724	5.1997e-004
5668	-0.57733	0.	0.46265	1.2393e-004
5669	-0.46224	0.	0.41267	-6.0543e-004
5670	-0.4619	0.	0.45785	-4.9958e-004
5676	-0.64375	0.	0.30703	1.7171e-003
5677	-0.62108	0.	0.41989	7.4058e-004
5678	-0.58035	0.	0.32543	1.4892e-003
5682	0.24375	0.	0.30703	1.7717e-003
5683	0.21875	0.	0.42699	6.6686e-004
5684	0.18051	0.	0.32478	1.3378e-003
5688	0.70888	0.	0.67989	1.9193e-004
5689	0.65014	0.	0.6758	2.0871e-004
5690	0.77547	0.	0.79506	1.1171e-004
5691	0.6657	0.	0.83332	1.007e-004
5692	0.61466	0.	0.72626	1.735e-004
5693	0.63261	0.	0.79002	1.2056e-004
5697	0.36979	0.	0.26767	1.9701e-003
5698	0.27578	0.	0.2041	3.6739e-003
5699	0.22426	0.	0.26732	2.1241e-003
5704	0.48906	0.	0.21433	1.3623e-003
5705	0.45104	0.	0.36462	9.9615e-004
5712	-0.76979	0.	0.26767	1.7781e-003
5713	-0.6777	0.	0.19571	3.672e-003
5714	-0.6241	0.	0.26798	2.0697e-003
5720	-0.88906	0.	0.21433	1.2946e-003
5721	-0.85104	0.	0.36462	9.5468e-004
5724	-0.82616	0.	0.92943	3.1611e-005
5725	-0.68474	0.	0.86606	2.7323e-006
5726	-0.71482	0.	0.94031	1.561e-005
5730	-0.19619	0.	0.8871	-1.5512e-004
5731	-9.8502e-002	0.	0.95984	-7.646e-005
5732	-0.21367	0.	0.93974	-9.5285e-005
5737	-3.1281e-002	0.	0.38933	-1.613e-003
5738	-5.2178e-003	0.	0.4224	-1.076e-003
5739	-7.8732e-002	0.	0.42916	-1.8059e-003
5744	0.33533	0.	0.56639	2.6853e-004
5745	0.2645	0.	0.54664	2.5853e-004
5746	0.24158	0.	0.65746	5.9002e-005
5747	0.30275	0.	0.65912	1.3852e-004
5750	-0.25694	0.	0.78369	-2.9248e-004
5751	-0.30676	0.	0.78401	-2.7822e-004
5752	-0.26865	0.	0.67511	-5.1729e-004
5753	-0.33043	0.	0.72963	-3.4275e-004
5758	-0.22317	0.	0.3456	-4.1822e-003
5759	-0.18346	0.	0.35932	-3.9052e-003
5760	-0.14245	0.	0.30249	-5.1639e-003
5761	-0.21428	0.	0.28316	-7.2616e-003
5765	-0.13747	0.	0.57599	-8.6153e-004
5766	-6.3958e-002	0.	0.66124	-4.9267e-004
5771	-1.1177	0.	0.51454	3.1029e-004
5772	-1.2133	0.	0.42109	3.6096e-004
5777	-0.99587	0.	0.16533	1.0344e-003
5780	0.59587	0.	0.16533	1.0709e-003
5786	0.41848	0.	0.93422	2.9412e-005
5787	0.28398	0.	0.93273	6.8212e-006
5788	0.35886	0.	0.8586	5.1888e-005
5792	-0.95404	0.	0.94443	4.0653e-005
5793	-1.0862	0.	0.93418	4.8134e-005
5798	-0.24609	0.	0.19219	-1.5451e-002
5799	-0.17487	0.	0.20911	-1.3086e-002
5800	-0.20779	0.	0.17231	-2.1093e-002
5801	-0.22644	0.	0.22413	-1.2444e-002
5804	-1.0248	0.	0.61731	2.6226e-004
5805	-0.88757	0.	0.64965	2.404e-004
5806	-0.91515	0.	0.59642	3.2738e-004
5810	-1.1834	0.	0.63666	2.1054e-004
5815	-0.23143	0.	0.58712	-8.6891e-004
5816	-0.18565	0.	0.5113	-1.4702e-003
5822	0.43984	0.	0.86474	5.8036e-005
5823	0.57681	0.	0.92576	4.962e-005
5824	0.54372	0.	0.88247	6.9483e-005
5829	-5.2396e-002	0.	0.12148	-1.4095e-002
5830	-1.2958e-002	0.	0.10617	3.8908e-003
5835	0.30833	0.	0.50923	3.5829e-004
5836	0.41458	0.	0.48622	4.8918e-004
5837	0.44167	0.	0.54872	3.6228e-004
5841	0.22721	0.	0.13268	7.77e-003
5844	-0.62933	0.	0.12315	7.1448e-003
5848	-0.21844	0.	0.38687	-3.1323e-003
5849	-0.29464	0.	0.36207	-3.021e-003
5853	-0.29761	0.	0.2081	-1.1612e-002
5854	-0.29817	0.	0.15533	-1.7696e-002
5855	-0.26003	0.	0.21632	-1.2575e-002
5859	0.70479	0.	0.15132	7.7119e-004
5863	-1.1048	0.	0.15132	7.3095e-004
5867	1.6689e-002	0.	0.7528	-2.3937e-004
5872	-0.6843	0.	0.5553	2.4854e-004
5879	-9.5817e-003	0.	0.31216	-1.766e-003
5880	6.0713e-003	0.	0.38295	-1.1884e-003
5881	-5.8346e-002	0.	0.3184	-3.549e-003
5886	0.13819	0.	0.74722	-9.1465e-005
5887	0.13204	0.	0.8071	-8.17e-005
5891	-0.86434	0.	0.49692	5.1681e-004
5895	0.47708	0.	0.50597	4.8318e-004
5899	-0.34974	0.	0.22328	-4.6342e-003
5900	-0.27795	0.	0.24005	-8.6051e-003
5904	0.6818	0.	0.60023	2.6293e-004
5905	0.81552	0.	0.58734	2.3804e-004
5906	0.71509	0.	0.55924	2.8935e-004
5910	-0.77498	0.	0.64607	1.8073e-004
5911	-0.85111	0.	0.6036	2.9592e-004
5916	-0.34185	0.	0.12167	-1.324e-002
5917	-0.38404	0.	0.10727	6.9921e-003
5925	-0.29089	0.	0.83994	-1.8963e-004
5926	-0.25855	0.	0.89226	-1.4406e-004
5930	0.18551	0.	0.77099	-4.1003e-005
5931	0.25283	0.	0.71277	2.8751e-005
5938	0.56361	0.	0.5823	3.18e-004
5939	0.65635	0.	0.55514	3.0613e-004
5940	0.58757	0.	0.6466	2.445e-004
5943	-0.14681	0.	0.41507	-2.4833e-003
5944	-0.17583	0.	0.43571	-2.3557e-003
5949	0.10184	0.	0.12724	1.6829e-002
5950	8.7613e-002	0.	0.21038	5.4203e-003
5951	0.14302	0.	0.13813	9.6448e-003
5956	-0.50198	0.	0.12859	1.4213e-002
5957	-0.43994	0.	0.19339	3.0166e-003
5958	-0.47609	0.	0.21727	4.616e-003
5959	-0.54335	0.	0.13825	8.4513e-003
5964	-0.67255	0.	0.65669	8.207e-005
5965	-0.61387	0.	0.75537	-6.8311e-006
5966	-0.56458	0.	0.65477	-8.2446e-005
5970	-0.30838	0.	0.89258	-1.298e-004
5971	-0.40252	0.	0.84089	-1.4035e-004
5972	-0.36439	0.	0.78588	-2.399e-004
5977	-0.46892	0.	7.4991e-002	4.5011e-002
5978	-0.5494	0.	9.4799e-002	1.5005e-002
5984	-0.41541	0.	8.1167e-002	4.4956e-002
5992	6.9301e-002	0.	7.4365e-002	5.1723e-002
5993	0.14916	0.	9.5845e-002	1.7935e-002
6001	1.6728e-002	0.	8.0112e-002	4.6781e-002
6007	0.80694	0.	0.11531	6.287e-004
6013	-1.2069	0.	0.11531	6.1286e-004
6017	-1.218	0.	0.94825	4.1466e-005
6026	6.3179e-003	0.	0.98839	-4.1883e-005
6034	-4.7936e-002	0.	0.28068	-3.5897e-003
6035	4.0176e-002	0.	0.26284	2.4733e-004
6042	-0.4201	0.	0.23862	-2.6898e-005
6048	-0.41164	0.	0.42052	-1.0083e-003
6049	-0.37157	0.	0.36317	-1.8735e-003
6051	0.88021	0.	0.89468	6.7349e-005
6055	-0.11697	0.	0.25258	-8.1121e-003
6059	-8.8139e-002	0.	0.15233	-1.6563e-002
6060	-9.677e-002	0.	0.13327	-2.3585e-002
6065	0.80369	0.	0.41324	3.9141e-004
6066	0.70596	0.	0.46159	3.8858e-004
6078	-0.11874	0.	0.19791	-1.1621e-002
6079	-0.10887	0.	0.15852	-1.9412e-002
6088	0.52812	0.	0.63277	2.8278e-004
6101	0.88781	0.	0.49391	2.8407e-004
6107	0.20491	0.	0.88412	-2.0431e-005
6115	-0.32628	0.	0.67697	-4.7897e-004
6119	0.46616	0.	0.7431	1.449e-004
6120	0.48411	0.	0.80685	9.1959e-005
6121	0.34711	0.	0.75178	9.439e-005
6129	-0.5367	0.	0.8371	-6.5304e-005
6130	-0.63917	0.	0.90693	-1.2393e-005
6136	-0.1439	0.	0.45019	-1.9836e-003
6138	0.12027	0.	0.26815	1.9957e-003
6140	-0.50847	0.	0.27444	1.7071e-003
6144	0.62108	0.	0.86788	8.3543e-005
6148	-0.42619	0.	0.78651	-2.0489e-004
6184	0.57004	0.	0.76082	1.5634e-004
