Node Number	X Location (m)	Y Location (m)	Z Location (m)	Directional Magnetic Flux Density (T)
13	-0.24	0.	3.e-002	0.2198
14	-0.21818	0.	3.e-002	0.38099
15	-0.19636	0.	3.e-002	0.53714
16	-0.17455	0.	3.e-002	0.63878
17	-0.15273	0.	3.e-002	0.69712
18	-0.13091	0.	3.e-002	0.72748
19	-0.10909	0.	3.e-002	0.72561
20	-8.7273e-002	0.	3.e-002	0.69518
21	-6.5455e-002	0.	3.e-002	0.63113
22	-4.3636e-002	0.	3.e-002	0.55194
23	0.	0.	3.e-002	0.22119
24	-2.1818e-002	0.	3.e-002	0.35923
95	-2.1818e-002	0.	-3.e-002	0.36503
96	0.	0.	-3.e-002	0.19617
97	-4.3636e-002	0.	-3.e-002	0.52991
98	-6.5455e-002	0.	-3.e-002	0.62557
99	-8.7273e-002	0.	-3.e-002	0.70146
100	-0.10909	0.	-3.e-002	0.74767
101	-0.13091	0.	-3.e-002	0.7414
102	-0.15273	0.	-3.e-002	0.69608
103	-0.17455	0.	-3.e-002	0.63903
104	-0.19636	0.	-3.e-002	0.5381
105	-0.21818	0.	-3.e-002	0.36267
106	-0.24	0.	-3.e-002	0.20123
462	0.	0.	0.	0.21049
463	-0.24	0.	0.	0.21249
916	-3.8218e-002	0.	-2.4947e-019	0.48991
917	-7.6364e-002	0.	0.	0.65458
918	-0.12	0.	0.	0.72119
919	-0.16933	0.	0.	0.64879
920	-0.20727	0.	0.	0.47483
2128	-0.22909	0.	3.e-002	0.3004
2130	-0.24	0.	1.5e-002	0.21614
2137	-0.20727	0.	3.e-002	0.45907
2139	-0.22909	0.	1.5e-002	0.29674
2140	-0.21273	0.	1.5e-002	0.42791
2143	-0.18545	0.	3.e-002	0.58796
2145	-0.18285	0.	1.5e-002	0.59297
2146	-0.20182	0.	1.5e-002	0.50599
2149	-0.16364	0.	3.e-002	0.66795
2151	-0.17194	0.	1.5e-002	0.64378
2154	-0.14182	0.	3.e-002	0.7123
2156	-0.13636	0.	1.5e-002	0.70915
2157	-0.16103	0.	1.5e-002	0.67295
2160	-0.12	0.	3.e-002	0.72655
2162	-0.12545	0.	1.5e-002	0.72434
2165	-9.8182e-002	0.	3.e-002	0.7104
2167	-0.11455	0.	1.5e-002	0.7234
2170	-7.6364e-002	0.	3.e-002	0.66316
2172	-8.1818e-002	0.	1.5e-002	0.67488
2173	-0.10364	0.	1.5e-002	0.70819
2176	-5.4545e-002	0.	3.e-002	0.59153
2178	-5.1836e-002	0.	1.5e-002	0.56052
2179	-7.0909e-002	0.	1.5e-002	0.64285
2182	-3.2727e-002	0.	3.e-002	0.45558
2184	-4.0927e-002	0.	1.5e-002	0.52092
2186	-1.0909e-002	0.	3.e-002	0.29021
2188	0.	0.	1.5e-002	0.21584
2195	-1.0909e-002	0.	1.5e-002	0.28486
2196	-3.0018e-002	0.	1.5e-002	0.42457
2588	-1.0909e-002	0.	-3.e-002	0.2806
2589	-3.2727e-002	0.	-3.e-002	0.44747
2591	-1.0909e-002	0.	-1.5e-002	0.28776
2592	-3.0018e-002	0.	-1.5e-002	0.42747
2598	0.	0.	-1.5e-002	0.20333
2606	-5.4545e-002	0.	-3.e-002	0.57774
2608	-4.0927e-002	0.	-1.5e-002	0.50991
2611	-7.6364e-002	0.	-3.e-002	0.66352
2613	-5.1836e-002	0.	-1.5e-002	0.55774
2614	-7.0909e-002	0.	-1.5e-002	0.64008
2617	-9.8182e-002	0.	-3.e-002	0.72457
2619	-8.1818e-002	0.	-1.5e-002	0.67802
2620	-0.10364	0.	-1.5e-002	0.71133
2624	-0.12	0.	-3.e-002	0.74454
2626	-0.11455	0.	-1.5e-002	0.73443
2628	-0.14182	0.	-3.e-002	0.71874
2630	-0.12545	0.	-1.5e-002	0.73129
2633	-0.16364	0.	-3.e-002	0.66755
2635	-0.13636	0.	-1.5e-002	0.70863
2636	-0.16103	0.	-1.5e-002	0.67243
2639	-0.18545	0.	-3.e-002	0.58856
2641	-0.17194	0.	-1.5e-002	0.64391
2644	-0.20727	0.	-3.e-002	0.45038
2646	-0.18285	0.	-1.5e-002	0.59344
2647	-0.20182	0.	-1.5e-002	0.50646
2650	-0.22909	0.	-3.e-002	0.28195
2652	-0.22909	0.	-1.5e-002	0.28758
2653	-0.21273	0.	-1.5e-002	0.41875
2659	-0.24	0.	-1.5e-002	0.20686
4868	-1.9109e-002	0.	-1.2473e-019	0.3502
4876	-0.22364	0.	0.	0.34366
7906	-5.7291e-002	0.	-1.2473e-019	0.57224
7912	-9.8182e-002	0.	0.	0.68788
7918	-0.14467	0.	0.	0.68499
7924	-0.1883	0.	0.	0.56181
1	0.	0.	4.5e-002	2.1757e-002
2	-2.1818e-002	0.	4.5e-002	3.4005e-003
3	-4.3636e-002	0.	4.5e-002	-1.5587e-002
4	-6.5455e-002	0.	4.5e-002	-1.692e-002
5	-8.7273e-002	0.	4.5e-002	-1.7899e-002
6	-0.10909	0.	4.5e-002	-1.8315e-002
7	-0.13091	0.	4.5e-002	-1.8275e-002
8	-0.15273	0.	4.5e-002	-1.7897e-002
9	-0.17455	0.	4.5e-002	-1.707e-002
10	-0.19636	0.	4.5e-002	-1.6128e-002
11	-0.21818	0.	4.5e-002	3.4245e-003
12	-0.24	0.	4.5e-002	2.2666e-002
13	-0.24	0.	3.e-002	2.2666e-002
14	-0.21818	0.	3.e-002	3.4245e-003
15	-0.19636	0.	3.e-002	-1.6128e-002
16	-0.17455	0.	3.e-002	-1.707e-002
17	-0.15273	0.	3.e-002	-1.7897e-002
18	-0.13091	0.	3.e-002	-1.8275e-002
19	-0.10909	0.	3.e-002	-1.8315e-002
20	-8.7273e-002	0.	3.e-002	-1.7899e-002
21	-6.5455e-002	0.	3.e-002	-1.692e-002
22	-4.3636e-002	0.	3.e-002	-1.5587e-002
23	0.	0.	3.e-002	2.1757e-002
24	-2.1818e-002	0.	3.e-002	3.4005e-003
95	-2.1818e-002	0.	-3.e-002	2.7746e-003
96	0.	0.	-3.e-002	2.0295e-002
97	-4.3636e-002	0.	-3.e-002	-1.5678e-002
98	-6.5455e-002	0.	-3.e-002	-1.7172e-002
99	-8.7273e-002	0.	-3.e-002	-1.7879e-002
100	-0.10909	0.	-3.e-002	-1.8308e-002
101	-0.13091	0.	-3.e-002	-1.8301e-002
102	-0.15273	0.	-3.e-002	-1.7875e-002
103	-0.17455	0.	-3.e-002	-1.7114e-002
104	-0.19636	0.	-3.e-002	-1.5643e-002
105	-0.21818	0.	-3.e-002	2.9371e-003
106	-0.24	0.	-3.e-002	2.0672e-002
199	-0.21818	0.	-4.5e-002	2.9371e-003
200	-0.24	0.	-4.5e-002	2.0672e-002
201	-0.19636	0.	-4.5e-002	-1.5643e-002
202	-0.17455	0.	-4.5e-002	-1.7114e-002
203	-0.15273	0.	-4.5e-002	-1.7875e-002
204	-0.13091	0.	-4.5e-002	-1.8301e-002
205	-0.10909	0.	-4.5e-002	-1.8308e-002
206	-8.7273e-002	0.	-4.5e-002	-1.7879e-002
207	-6.5455e-002	0.	-4.5e-002	-1.7172e-002
208	-4.3636e-002	0.	-4.5e-002	-1.5678e-002
209	-2.1818e-002	0.	-4.5e-002	2.7746e-003
210	0.	0.	-4.5e-002	2.0295e-002
2052	-1.0909e-002	0.	4.5e-002	1.2579e-002
2053	0.	0.	3.75e-002	2.1757e-002
2059	-3.2727e-002	0.	4.5e-002	-6.0933e-003
2060	-2.1818e-002	0.	3.75e-002	3.4005e-003
2067	-5.4545e-002	0.	4.5e-002	-1.6253e-002
2068	-4.3636e-002	0.	3.75e-002	-1.5587e-002
2073	-7.6364e-002	0.	4.5e-002	-1.7409e-002
2074	-6.5455e-002	0.	3.75e-002	-1.692e-002
2079	-9.8182e-002	0.	4.5e-002	-1.8107e-002
2080	-8.7273e-002	0.	3.75e-002	-1.7899e-002
2087	-0.12	0.	4.5e-002	-1.8295e-002
2088	-0.10909	0.	3.75e-002	-1.8315e-002
2093	-0.14182	0.	4.5e-002	-1.8086e-002
2094	-0.13091	0.	3.75e-002	-1.8275e-002
2101	-0.16364	0.	4.5e-002	-1.7483e-002
2102	-0.15273	0.	3.75e-002	-1.7897e-002
2106	-0.18545	0.	4.5e-002	-1.6599e-002
2107	-0.17455	0.	3.75e-002	-1.707e-002
2112	-0.20727	0.	4.5e-002	-6.352e-003
2113	-0.19636	0.	3.75e-002	-1.6128e-002
2117	-0.22909	0.	4.5e-002	1.3045e-002
2118	-0.21818	0.	3.75e-002	3.4245e-003
2123	-0.24	0.	3.75e-002	2.2666e-002
2128	-0.22909	0.	3.e-002	1.3045e-002
2137	-0.20727	0.	3.e-002	-6.352e-003
2143	-0.18545	0.	3.e-002	-1.6599e-002
2149	-0.16364	0.	3.e-002	-1.7483e-002
2154	-0.14182	0.	3.e-002	-1.8086e-002
2160	-0.12	0.	3.e-002	-1.8295e-002
2165	-9.8182e-002	0.	3.e-002	-1.8107e-002
2170	-7.6364e-002	0.	3.e-002	-1.7409e-002
2176	-5.4545e-002	0.	3.e-002	-1.6253e-002
2182	-3.2727e-002	0.	3.e-002	-6.0933e-003
2186	-1.0909e-002	0.	3.e-002	1.2579e-002
2588	-1.0909e-002	0.	-3.e-002	1.1535e-002
2589	-3.2727e-002	0.	-3.e-002	-6.4516e-003
2590	-2.1818e-002	0.	-3.75e-002	2.7746e-003
2597	0.	0.	-3.75e-002	2.0295e-002
2606	-5.4545e-002	0.	-3.e-002	-1.6425e-002
2607	-4.3636e-002	0.	-3.75e-002	-1.5678e-002
2611	-7.6364e-002	0.	-3.e-002	-1.7525e-002
2612	-6.5455e-002	0.	-3.75e-002	-1.7172e-002
2617	-9.8182e-002	0.	-3.e-002	-1.8093e-002
2618	-8.7273e-002	0.	-3.75e-002	-1.7879e-002
2624	-0.12	0.	-3.e-002	-1.8305e-002
2625	-0.10909	0.	-3.75e-002	-1.8308e-002
2628	-0.14182	0.	-3.e-002	-1.8088e-002
2629	-0.13091	0.	-3.75e-002	-1.8301e-002
2633	-0.16364	0.	-3.e-002	-1.7494e-002
2634	-0.15273	0.	-3.75e-002	-1.7875e-002
2639	-0.18545	0.	-3.e-002	-1.6378e-002
2640	-0.17455	0.	-3.75e-002	-1.7114e-002
2644	-0.20727	0.	-3.e-002	-6.3532e-003
2645	-0.19636	0.	-3.75e-002	-1.5643e-002
2650	-0.22909	0.	-3.e-002	1.1805e-002
2651	-0.21818	0.	-3.75e-002	2.9371e-003
2658	-0.24	0.	-3.75e-002	2.0672e-002
3268	-0.22909	0.	-4.5e-002	1.1805e-002
3269	-0.20727	0.	-4.5e-002	-6.3532e-003
3279	-0.18545	0.	-4.5e-002	-1.6378e-002
3282	-0.16364	0.	-4.5e-002	-1.7494e-002
3285	-0.14182	0.	-4.5e-002	-1.8088e-002
3291	-0.12	0.	-4.5e-002	-1.8305e-002
3295	-9.8182e-002	0.	-4.5e-002	-1.8093e-002
3298	-7.6364e-002	0.	-4.5e-002	-1.7525e-002
3303	-5.4545e-002	0.	-4.5e-002	-1.6425e-002
3309	-3.2727e-002	0.	-4.5e-002	-6.4516e-003
3312	-1.0909e-002	0.	-4.5e-002	1.1535e-002
96	0.	0.	-3.e-002	6.7711e-002
106	-0.24	0.	-3.e-002	7.8656e-002
199	-0.21818	0.	-4.5e-002	-5.3921e-003
200	-0.24	0.	-4.5e-002	2.9032e-002
201	-0.19636	0.	-4.5e-002	-2.1927e-002
202	-0.17455	0.	-4.5e-002	-2.5259e-002
203	-0.15273	0.	-4.5e-002	-2.5719e-002
204	-0.13091	0.	-4.5e-002	-2.6966e-002
205	-0.10909	0.	-4.5e-002	-2.8564e-002
206	-8.7273e-002	0.	-4.5e-002	-2.6753e-002
207	-6.5455e-002	0.	-4.5e-002	-2.1329e-002
208	-4.3636e-002	0.	-4.5e-002	-1.9315e-002
209	-2.1818e-002	0.	-4.5e-002	-4.6047e-003
210	0.	0.	-4.5e-002	2.9306e-002
283	1.	0.	-9.5e-002	7.3328e-005
284	1.	0.	-0.19	6.8013e-005
285	1.	0.	-0.285	5.8696e-005
286	1.	0.	-0.38	4.8948e-005
287	1.	0.	-0.475	4.2831e-005
288	1.	0.	-0.57	3.2698e-005
289	1.	0.	-0.665	2.3493e-005
290	1.	0.	-0.76	1.7787e-005
291	1.	0.	-0.855	9.9544e-006
292	1.	0.	-0.95	3.7188e-006
303	0.90667	0.	-1.045	2.0349e-006
304	0.81333	0.	-1.045	3.2335e-006
305	0.72	0.	-1.045	2.3852e-006
306	0.62667	0.	-1.045	1.8434e-006
307	0.53333	0.	-1.045	2.039e-006
308	0.44	0.	-1.045	1.2797e-006
309	0.34667	0.	-1.045	7.4831e-008
310	0.25333	0.	-1.045	-1.6694e-006
311	0.16	0.	-1.045	-2.8686e-006
312	6.6667e-002	0.	-1.045	-4.2244e-006
313	-2.6667e-002	0.	-1.045	-5.1286e-006
314	-0.12	0.	-1.045	-4.2033e-006
315	-0.21333	0.	-1.045	-5.4408e-006
316	-0.30667	0.	-1.045	-3.2489e-006
317	-0.4	0.	-1.045	-1.7696e-006
318	-0.49333	0.	-1.045	-8.4966e-007
319	-0.58667	0.	-1.045	5.0294e-007
320	-0.68	0.	-1.045	1.9838e-006
321	-0.77333	0.	-1.045	2.3987e-006
322	-0.86667	0.	-1.045	1.6762e-006
323	-0.96	0.	-1.045	2.5542e-006
324	-1.0533	0.	-1.045	2.5632e-006
325	-1.1467	0.	-1.045	2.8958e-006
331	-1.24	0.	-0.95	4.5193e-006
332	-1.24	0.	-0.855	9.8589e-006
333	-1.24	0.	-0.76	1.8421e-005
334	-1.24	0.	-0.665	2.3822e-005
335	-1.24	0.	-0.57	3.243e-005
336	-1.24	0.	-0.475	4.3199e-005
337	-1.24	0.	-0.38	5.0015e-005
338	-1.24	0.	-0.285	5.83e-005
339	-1.24	0.	-0.19	6.652e-005
340	-1.24	0.	-9.5e-002	7.3702e-005
346	9.0909e-002	0.	0.	1.1038e-002
347	0.18182	0.	0.	2.8123e-003
348	0.27273	0.	0.	1.1339e-003
349	0.36364	0.	0.	7.0558e-004
350	0.45455	0.	0.	4.078e-004
351	0.54545	0.	0.	2.3406e-004
352	0.63636	0.	0.	1.5601e-004
353	0.72727	0.	0.	1.2285e-004
354	0.81818	0.	0.	9.2798e-005
355	0.90909	0.	0.	7.6771e-005
356	-1.1491	0.	0.	7.6989e-005
357	-1.0582	0.	0.	9.2861e-005
358	-0.96727	0.	0.	1.3076e-004
359	-0.87636	0.	0.	1.6902e-004
360	-0.78545	0.	0.	2.4506e-004
361	-0.69455	0.	0.	4.1352e-004
362	-0.60364	0.	0.	6.7885e-004
363	-0.51273	0.	0.	1.2765e-003
364	-0.42182	0.	0.	3.8448e-003
365	-0.33091	0.	0.	1.2228e-002
462	0.	0.	0.	0.13481
463	-0.24	0.	0.	0.13178
468	1.	0.	-1.045	1.8468e-006
469	1.	0.	0.	7.4315e-005
470	-1.24	0.	-1.045	2.0306e-006
471	-1.24	0.	0.	7.3833e-005
476	4.5455e-002	0.	0.	4.9589e-002
477	-0.28545	0.	0.	4.5125e-002
653	0.12954	0.	-0.55552	-4.8156e-005
654	-0.34641	0.	-0.51913	-5.4909e-005
655	2.9468e-003	0.	-0.29083	-6.2149e-004
656	-0.30564	0.	-0.28676	-2.137e-004
657	-0.80333	0.	-0.51	6.7231e-005
658	0.56333	0.	-0.51	6.0115e-005
659	-7.7424e-002	0.	-0.17	-4.037e-003
660	-0.2672	0.	-0.15393	3.5938e-004
661	-0.55333	0.	-0.4025	1.1603e-004
662	0.25505	0.	-0.26372	4.4725e-004
663	-0.19498	0.	-0.39807	-3.9491e-004
664	-0.11601	0.	-0.55542	-1.4553e-004
665	-0.48694	0.	-0.79945	-3.5281e-006
666	0.23667	0.	-0.795	-6.2969e-006
667	-0.18335	0.	-0.80256	-3.4803e-005
668	0.64699	0.	-0.79914	1.471e-005
669	-0.8622	0.	-0.80229	1.424e-005
670	-0.12415	0.	-0.288	-1.0612e-003
671	0.58968	0.	-0.37065	1.007e-004
672	-0.89798	0.	-0.17698	1.1822e-004
673	-0.11189	0.	-0.1347	-8.173e-003
674	0.26252	0.	-0.53808	2.2084e-005
675	-7.7489e-002	0.	-0.71828	-5.6908e-005
676	-0.6004	0.	-0.26833	2.6186e-004
677	-0.37628	0.	-0.19566	8.9675e-004
678	-0.14211	0.	-9.6505e-002	-1.3082e-002
679	0.35669	0.	-0.69787	1.379e-005
680	-0.60327	0.	-0.73188	8.0124e-006
681	0.46586	0.	-0.43671	1.02e-004
682	-1.0873	0.	-0.40851	5.7496e-005
683	-7.0121e-002	0.	-0.46995	-2.5553e-004
684	0.1637	0.	-0.22607	5.8748e-004
685	0.85444	0.	-0.55	3.7302e-005
686	-5.4582e-002	0.	-9.2222e-002	-8.1998e-003
687	-0.16375	0.	-0.14222	-5.7991e-003
688	0.47223	0.	-0.28776	1.8638e-004
689	8.3737e-002	0.	-0.46167	-9.2975e-005
690	-1.0016	0.	-0.5966	3.0635e-005
691	0.81563	0.	-0.24718	7.6097e-005
692	7.6478e-003	0.	-0.9151	-1.3182e-005
693	-5.303e-004	0.	-0.1075	2.1544e-004
694	-0.27772	0.	-0.69043	-5.4311e-005
695	9.1082e-002	0.	-0.17919	9.3469e-004
696	-0.19097	0.	-9.3611e-002	-8.5e-003
697	-0.26565	0.	-0.10018	5.0456e-003
698	-0.43628	0.	-0.36222	1.0054e-004
699	-0.14733	0.	-0.21861	-1.9715e-003
700	-0.35083	0.	-0.42129	-9.3687e-005
701	0.11788	0.	-0.74869	-2.6035e-005
702	-0.62326	0.	-0.88488	3.7315e-006
703	0.3774	0.	-0.87461	2.5221e-006
704	-0.85798	0.	-0.34	1.0173e-004
705	-1.103	0.	-0.80092	1.3092e-005
706	0.83045	0.	-0.79397	1.502e-005
707	0.42016	0.	-0.14988	3.6258e-004
708	-0.32167	0.	-0.795	-2.3661e-005
709	-0.75652	0.	-0.21917	2.2472e-004
710	0.62145	0.	-0.13844	1.5635e-004
711	-1.1019	0.	-0.26442	6.9459e-005
712	-0.69683	0.	-0.39103	1.2222e-004
713	-0.56176	0.	-0.53456	3.3832e-005
714	0.13825	0.	-0.37484	-6.9964e-006
715	-0.22533	0.	-0.25681	-9.605e-004
716	-0.23188	0.	-0.54114	-1.3284e-004
717	3.3333e-003	0.	-0.545	-1.5319e-004
718	-0.39443	0.	-0.686	-2.4906e-005
719	0.26589	0.	-0.38962	9.068e-005
720	0.20006	0.	-0.66006	-1.1714e-005
721	-9.3279e-002	0.	-9.7816e-002	-1.3342e-002
722	-3.5577e-002	0.	-0.2225	-1.5038e-003
723	-0.73361	0.	-0.73875	1.9478e-005
724	0.49114	0.	-0.75123	1.6052e-005
725	0.71371	0.	-0.44595	5.8246e-005
726	0.40184	0.	-0.55545	4.342e-005
727	-4.1414e-002	0.	-0.37833	-4.5041e-004
728	0.74806	0.	-0.66375	2.7255e-005
729	-0.57524	0.	-0.12743	6.2573e-004
730	-0.49002	0.	-0.21876	5.8614e-004
731	-0.36186	0.	-9.7884e-002	4.1673e-003
732	-0.22198	0.	-0.32306	-5.3286e-004
733	0.35776	0.	-0.27932	2.8743e-004
734	-0.44991	0.	-0.47071	1.3079e-005
735	-0.9429	0.	-0.48217	5.0013e-005
736	-0.2675	0.	-0.92	-1.4062e-005
737	-0.20807	0.	-0.18811	-1.9619e-003
738	4.7496e-002	0.	-0.66381	-5.8809e-005
739	-0.86536	0.	-0.95176	3.8964e-006
740	0.62794	0.	-0.95566	4.5901e-006
741	0.87906	0.	-0.13012	7.7888e-005
742	-0.86381	0.	-0.63504	3.2149e-005
743	0.6025	0.	-0.64375	3.1458e-005
744	8.048e-002	0.	-0.26667	-8.3307e-005
745	-0.45715	0.	-0.10781	1.5918e-003
746	0.11013	0.	-0.84573	-1.4246e-005
747	-0.13064	0.	-0.93565	-1.0553e-005
748	-0.12856	0.	-0.17347	-3.9561e-003
749	-6.1886e-002	0.	-0.12523	-6.6906e-003
750	-0.40172	0.	-0.93562	-5.2272e-006
751	-0.64409	0.	-0.62796	3.0872e-005
752	0.87139	0.	-0.38837	5.3799e-005
753	8.6092e-002	0.	-8.6458e-002	5.1201e-003
754	3.5e-002	0.	-6.178e-002	1.57e-002
755	-0.21781	0.	-0.12674	-3.1434e-003
756	0.19125	0.	-0.92381	-4.7164e-006
757	-0.20393	0.	-0.61737	-9.2096e-005
758	4.0997e-002	0.	-0.36417	-2.4558e-004
759	-0.68639	0.	-0.53062	5.4989e-005
760	-1.1333	0.	-0.66235	2.4616e-005
761	0.32329	0.	-0.13896	6.1036e-004
762	-0.99211	0.	-0.35049	7.4038e-005
763	0.73062	0.	-0.89746	6.1241e-006
764	-0.98038	0.	-0.87245	8.3752e-006
765	0.89446	0.	-0.66616	2.3575e-005
766	-0.27276	0.	-4.7569e-002	2.9342e-002
767	0.1791	0.	-0.46485	1.0264e-005
768	-0.1129	0.	-0.39917	-4.3321e-004
769	-0.28009	0.	-0.37177	-2.0866e-004
770	-0.26105	0.	-0.45409	-1.8711e-004
771	2.8236e-003	0.	-0.44863	-1.9392e-004
772	-4.4768e-002	0.	-0.62144	-9.5896e-005
773	-0.18	0.	-0.70125	-6.3867e-005
774	-0.43199	0.	-0.57827	-1.6332e-005
775	-6.6515e-002	0.	-0.295	-1.0068e-003
776	-9.3552e-002	0.	-0.22556	-1.978e-003
777	0.85558	0.	-0.94486	4.8581e-006
778	-1.0984	0.	-0.94461	4.9175e-006
779	-1.1311	0.	-0.11252	7.7115e-005
780	-0.11135	0.	-6.6847e-002	-2.3232e-002
781	0.68593	0.	-0.5556	3.7683e-005
782	0.3565	0.	-0.46819	7.8962e-005
783	-0.17185	0.	-6.9306e-002	-1.9358e-002
784	3.971e-002	0.	-0.21833	-3.8615e-004
785	0.74449	0.	-0.11689	1.0804e-004
786	-0.28745	0.	-0.22069	-3.0386e-004
787	-0.23084	0.	-7.597e-002	2.5325e-003
788	-0.14383	0.	-6.8836e-002	-2.2952e-002
789	-0.703	0.	-8.6895e-002	3.3731e-004
790	0.48087	0.	-0.63208	3.4613e-005
791	0.2844	0.	-0.92432	-1.9997e-006
792	-0.99063	0.	-0.72579	2.0617e-005
793	-0.52275	0.	-0.65173	3.468e-006
794	-2.3933e-003	0.	-7.135e-002	4.8821e-003
795	0.16328	0.	-0.12615	1.628e-003
796	4.0372e-002	0.	-0.14021	1.3516e-003
797	-0.50864	0.	-0.3118	2.4246e-004
798	-0.40479	0.	-0.27576	2.0182e-004
799	-7.68e-002	0.	-0.82464	-2.833e-005
800	1.2249e-002	0.	-0.78438	-3.4804e-005
801	-0.20187	0.	-6.6049e-002	-1.3615e-002
802	-0.84904	0.	-8.5e-002	1.7229e-004
803	-0.1621	0.	-0.47317	-2.6569e-004
804	-3.8359e-002	0.	-6.5833e-002	-1.1996e-002
805	0.10294	0.	-0.94036	-7.1928e-006
806	-7.4915e-002	0.	-6.8687e-002	-2.0441e-002
807	-0.30504	0.	-7.4966e-002	8.3772e-003
808	-1.0127	0.	-0.14187	9.9952e-005
809	-1.1042	0.	-0.52802	3.7315e-005
810	-0.52275	0.	-0.93328	-2.3661e-006
811	0.71348	0.	-0.3025	8.8239e-005
812	0.51889	0.	-0.1467	2.7482e-004
813	-0.31667	0.	-0.6075	-7.1323e-005
814	-9.6902e-002	0.	-0.34179	-6.877e-004
815	-0.15228	0.	-0.34057	-7.611e-004
816	0.22621	0.	-0.17145	8.3366e-004
817	-0.32707	0.	-0.16194	1.7588e-003
818	-0.36054	0.	-0.33301	-2.2246e-005
819	-0.75324	0.	-0.6003	3.5904e-005
820	0.57295	0.	-0.25219	1.5552e-004
821	0.51947	0.	-0.91177	5.0788e-006
822	-0.74961	0.	-0.9008	6.7291e-006
823	-3.4875e-002	0.	-0.15658	-2.5073e-003
824	-0.17394	0.	-0.28407	-1.102e-003
825	0.1793	0.	-0.30208	1.6305e-004
826	-1.1672	0.	-0.35417	5.3488e-005
2597	0.	0.	-3.75e-002	4.8508e-002
2598	0.	0.	-1.5e-002	0.10126
2599	2.2727e-002	0.	-1.5e-002	5.865e-002
2600	1.75e-002	0.	-4.589e-002	4.1705e-002
2658	-0.24	0.	-3.75e-002	5.3844e-002
2659	-0.24	0.	-1.5e-002	0.10522
2660	-0.26273	0.	-1.5e-002	6.1891e-002
2661	-0.25638	0.	-3.8784e-002	5.3999e-002
3268	-0.22909	0.	-4.5e-002	1.182e-002
3269	-0.20727	0.	-4.5e-002	-1.366e-002
3270	-0.22451	0.	-6.0485e-002	-1.4298e-003
3271	-0.21002	0.	-5.5524e-002	-9.5037e-003
3275	-0.25638	0.	-4.6284e-002	2.9187e-002
3276	-0.23542	0.	-6.0485e-002	1.5782e-002
3279	-0.18545	0.	-4.5e-002	-2.3593e-002
3280	-0.18411	0.	-5.7153e-002	-2.0643e-002
3281	-0.19912	0.	-5.5524e-002	-1.7771e-002
3282	-0.16364	0.	-4.5e-002	-2.5489e-002
3283	-0.1732	0.	-5.7153e-002	-2.2309e-002
3285	-0.14182	0.	-4.5e-002	-2.6342e-002
3286	-0.16229	0.	-5.7153e-002	-2.2539e-002
3287	-0.14828	0.	-5.6918e-002	-2.4335e-002
3291	-0.12	0.	-4.5e-002	-2.7765e-002
3292	-0.12113	0.	-5.5924e-002	-2.5099e-002
3293	-0.13737	0.	-5.6918e-002	-2.4959e-002
3295	-9.8182e-002	0.	-4.5e-002	-2.7659e-002
3296	-0.11022	0.	-5.5924e-002	-2.5898e-002
3298	-7.6364e-002	0.	-4.5e-002	-2.4041e-002
3299	-9.931e-002	0.	-5.5924e-002	-2.4993e-002
3300	-8.1094e-002	0.	-5.6843e-002	-2.3597e-002
3303	-5.4545e-002	0.	-4.5e-002	-2.0322e-002
3304	-5.1907e-002	0.	-5.5417e-002	-1.6663e-002
3305	-7.0185e-002	0.	-5.6843e-002	-2.0885e-002
3309	-3.2727e-002	0.	-4.5e-002	-1.196e-002
3310	-4.0997e-002	0.	-5.5417e-002	-1.5656e-002
3312	-1.0909e-002	0.	-4.5e-002	1.2351e-002
3313	-1.2106e-002	0.	-5.8175e-002	1.387e-004
3314	-3.0088e-002	0.	-5.5417e-002	-8.3005e-003
3318	1.75e-002	0.	-5.339e-002	2.2503e-002
3319	-1.1967e-003	0.	-5.8175e-002	1.7094e-002
3808	1.	0.	-0.1425	7.067e-005
3810	0.95455	0.	-4.75e-002	7.505e-005
3811	1.	0.	-4.75e-002	7.3822e-005
3812	0.93953	0.	-0.11256	7.5608e-005
3816	1.	0.	-0.2375	6.3354e-005
3817	0.90781	0.	-0.21859	7.2055e-005
3818	0.93953	0.	-0.16006	7.295e-005
3822	1.	0.	-0.3325	5.3822e-005
3823	0.90781	0.	-0.26609	6.7396e-005
3824	0.9357	0.	-0.33669	5.6247e-005
3830	1.	0.	-0.4275	4.5889e-005
3831	0.9357	0.	-0.38419	5.1374e-005
3833	1.	0.	-0.5225	3.7764e-005
3834	0.92722	0.	-0.5125	4.0066e-005
3835	0.9357	0.	-0.43169	4.8315e-005
3838	1.	0.	-0.6175	2.8095e-005
3839	0.92722	0.	-0.56	3.5e-005
3840	0.94723	0.	-0.61808	2.8136e-005
3847	1.	0.	-0.7125	2.064e-005
3848	0.94723	0.	-0.66558	2.3534e-005
3850	1.	0.	-0.8075	1.3871e-005
3851	0.91523	0.	-0.77699	1.6403e-005
3852	0.94723	0.	-0.71308	2.0681e-005
3856	1.	0.	-0.9025	6.8366e-006
3857	0.91523	0.	-0.82449	1.2487e-005
3858	0.92779	0.	-0.89993	7.4062e-006
3863	0.95333	0.	-0.9975	2.8768e-006
3864	1.	0.	-0.9975	2.7828e-006
3865	0.92779	0.	-0.94743	4.2884e-006
3934	0.86	0.	-1.045	2.6342e-006
3935	0.95333	0.	-1.045	1.9408e-006
3936	0.88112	0.	-0.99493	3.4465e-006
3939	0.76667	0.	-1.045	2.8093e-006
3940	0.77198	0.	-0.97123	4.6788e-006
3941	0.83446	0.	-0.99493	4.0458e-006
3945	0.67333	0.	-1.045	2.1143e-006
3946	0.67397	0.	-1.0003	3.4877e-006
3947	0.72531	0.	-0.97123	4.2546e-006
3949	0.58	0.	-1.045	1.9412e-006
3950	0.62731	0.	-1.0003	3.2168e-006
3954	0.48667	0.	-1.045	1.6593e-006
3955	0.58064	0.	-1.0003	3.3146e-006
3956	0.5264	0.	-0.97839	3.5589e-006
3960	0.39333	0.	-1.045	6.7726e-007
3961	0.4087	0.	-0.95981	1.9009e-006
3962	0.47973	0.	-0.97839	3.1793e-006
3964	0.3	0.	-1.045	-7.9729e-007
3965	0.36203	0.	-0.95981	1.2985e-006
3966	0.31553	0.	-0.98466	-9.6242e-007
3970	0.20667	0.	-1.045	-2.269e-006
3971	0.22229	0.	-0.98441	-3.1929e-006
3972	0.26887	0.	-0.98466	-1.8345e-006
3976	0.11333	0.	-1.045	-3.5465e-006
3977	0.17563	0.	-0.98441	-3.7925e-006
3978	0.13147	0.	-0.99268	-5.0307e-006
3981	2.e-002	0.	-1.045	-4.6765e-006
3982	3.7157e-002	0.	-0.98005	-8.7029e-006
3983	8.4805e-002	0.	-0.99268	-5.7086e-006
3987	-7.3333e-002	0.	-1.045	-4.6659e-006
3988	-9.5095e-003	0.	-0.98005	-9.155e-006
3989	-7.8656e-002	0.	-0.99032	-7.8408e-006
3994	-0.16667	0.	-1.045	-4.822e-006
3995	-0.12532	0.	-0.99032	-7.3781e-006
3997	-0.26	0.	-1.045	-4.3448e-006
3998	-0.24042	0.	-0.9825	-9.7512e-006
3999	-0.17199	0.	-0.99032	-7.9969e-006
4004	-0.35333	0.	-1.045	-2.5092e-006
4005	-0.28708	0.	-0.9825	-8.6552e-006
4006	-0.35419	0.	-0.99031	-4.238e-006
4010	-0.44667	0.	-1.045	-1.3096e-006
4011	-0.40086	0.	-0.99031	-3.4984e-006
4013	-0.54	0.	-1.045	-1.7336e-007
4014	-0.44753	0.	-0.99031	-3.0384e-006
4015	-0.50804	0.	-0.98914	-1.6079e-006
4019	-0.63333	0.	-1.045	1.2434e-006
4020	-0.60496	0.	-0.96494	2.1172e-006
4021	-0.55471	0.	-0.98914	-9.3156e-007
4026	-0.72667	0.	-1.045	2.1912e-006
4027	-0.65163	0.	-0.96494	2.8577e-006
4028	-0.7148	0.	-0.9729	4.3565e-006
4032	-0.82	0.	-1.045	2.0374e-006
4033	-0.81935	0.	-0.99838	3.1475e-006
4034	-0.76147	0.	-0.9729	4.5639e-006
4037	-0.91333	0.	-1.045	2.1152e-006
4038	-0.86602	0.	-0.99838	2.7863e-006
4042	-1.0067	0.	-1.045	2.5587e-006
4043	-0.91268	0.	-0.99838	3.2253e-006
4044	-0.97019	0.	-0.95873	5.4647e-006
4046	-1.1	0.	-1.045	2.7295e-006
4047	-1.0169	0.	-0.95873	5.4692e-006
4048	-1.0758	0.	-0.99481	3.7403e-006
4052	-1.1933	0.	-0.9975	3.7076e-006
4053	-1.1933	0.	-1.045	2.4632e-006
4054	-1.1225	0.	-0.99481	3.9066e-006
4083	-1.24	0.	-0.9025	7.1891e-006
4084	-1.24	0.	-0.9975	3.275e-006
4085	-1.1692	0.	-0.94731	4.7184e-006
4088	-1.24	0.	-0.8075	1.414e-005
4089	-1.1715	0.	-0.82796	1.1475e-005
4090	-1.1692	0.	-0.89981	7.3882e-006
4094	-1.24	0.	-0.7125	2.1121e-005
4095	-1.1715	0.	-0.78046	1.5757e-005
4096	-1.1866	0.	-0.71118	2.1518e-005
4100	-1.24	0.	-0.6175	2.8126e-005
4101	-1.1866	0.	-0.66368	2.4219e-005
4103	-1.24	0.	-0.5225	3.7814e-005
4104	-1.1866	0.	-0.61618	2.8523e-005
4105	-1.1721	0.	-0.54901	3.4872e-005
4110	-1.24	0.	-0.4275	4.6607e-005
4111	-1.1636	0.	-0.44175	5.0347e-005
4112	-1.1721	0.	-0.50151	4.0257e-005
4113	-1.2036	0.	-0.41458	4.8343e-005
4117	-1.24	0.	-0.3325	5.4157e-005
4118	-1.2036	0.	-0.36708	5.1751e-005
4120	-1.24	0.	-0.2375	6.241e-005
4121	-1.1709	0.	-0.27471	6.3879e-005
4122	-1.2036	0.	-0.31958	5.5894e-005
4126	-1.24	0.	-0.1425	7.0111e-005
4127	-1.1709	0.	-0.22721	6.7989e-005
4128	-1.1856	0.	-0.15126	7.1817e-005
4134	-1.1945	0.	-4.75e-002	7.5345e-005
4135	-1.24	0.	-4.75e-002	7.3767e-005
4136	-1.1856	0.	-0.10376	7.5408e-005
4173	0.13636	0.	0.	6.925e-003
4174	6.8182e-002	0.	0.	3.0313e-002
4177	8.8501e-002	0.	-4.3229e-002	8.079e-003
4178	6.2955e-002	0.	-3.089e-002	1.3369e-002
4185	0.22727	0.	0.	1.9731e-003
4188	0.13396	0.	-4.3229e-002	3.9662e-003
4189	0.17255	0.	-6.3075e-002	2.2201e-003
4197	0.31818	0.	0.	9.1972e-004
4200	0.29801	0.	-6.9479e-002	8.7211e-004
4201	0.21801	0.	-6.3075e-002	1.3809e-003
4202	0.24947	0.	-8.5727e-002	9.8376e-004
4207	0.40909	0.	0.	5.5669e-004
4210	0.3919	0.	-7.494e-002	5.3408e-004
4211	0.34346	0.	-6.9479e-002	6.5797e-004
4217	0.5	0.	0.	3.2093e-004
4219	0.43735	0.	-7.494e-002	3.8519e-004
4220	0.48672	0.	-7.3351e-002	3.4131e-004
4225	0.59091	0.	0.	1.9504e-004
4228	0.58345	0.	-6.9221e-002	1.9521e-004
4229	0.53217	0.	-7.3351e-002	2.5444e-004
4234	0.68182	0.	0.	1.3943e-004
4237	0.62891	0.	-6.9221e-002	1.5618e-004
4238	0.69043	0.	-5.8446e-002	1.3203e-004
4242	0.77273	0.	0.	1.0782e-004
4244	0.73588	0.	-5.8446e-002	1.1545e-004
4246	0.86364	0.	0.	8.4785e-005
4249	0.84862	0.	-6.5062e-002	8.5343e-005
4250	0.78134	0.	-5.8446e-002	1.0042e-004
4257	0.95455	0.	0.	7.5543e-005
4259	0.89407	0.	-6.5062e-002	7.733e-005
4261	-1.1036	0.	0.	8.4925e-005
4263	-1.1945	0.	0.	7.5411e-005
4265	-1.1401	0.	-5.6262e-002	7.7052e-005
4268	-1.0127	0.	0.	1.1181e-004
4271	-1.0947	0.	-5.6262e-002	8.4988e-005
4272	-1.0354	0.	-7.0937e-002	9.6406e-005
4278	-0.92182	0.	0.	1.4989e-004
4280	-0.90816	0.	-4.25e-002	1.5152e-004
4281	-0.98997	0.	-7.0937e-002	1.1535e-004
4283	-0.83091	0.	0.	2.0704e-004
4286	-0.8627	0.	-4.25e-002	1.7065e-004
4290	-0.74	0.	0.	3.2929e-004
4293	-0.74422	0.	-4.3447e-002	2.9118e-004
4294	-0.81725	0.	-4.25e-002	2.0867e-004
4300	-0.64909	0.	0.	5.4619e-004
4302	-0.69877	0.	-4.3447e-002	3.7542e-004
4307	-0.55818	0.	0.	9.7767e-004
4310	-0.58944	0.	-6.3715e-002	6.5229e-004
4311	-0.65332	0.	-4.3447e-002	5.0808e-004
4318	-0.46727	0.	0.	2.5607e-003
4321	-0.54398	0.	-6.3715e-002	9.5112e-004
4322	-0.48494	0.	-5.3904e-002	1.4341e-003
4327	-0.37636	0.	0.	8.0365e-003
4330	-0.39184	0.	-4.8942e-002	4.0061e-003
4331	-0.43949	0.	-5.3904e-002	2.7183e-003
4338	-0.30818	0.	0.	2.8677e-002
4341	-0.34639	0.	-4.8942e-002	8.1977e-003
4342	-0.30183	0.	-2.3784e-002	2.0785e-002
4343	-0.31797	0.	-3.7483e-002	1.0303e-002
4866	2.2727e-002	0.	0.	9.2201e-002
4874	-0.26273	0.	0.	8.8452e-002
4884	4.0227e-002	0.	-3.089e-002	3.2644e-002
4895	-0.27911	0.	-2.3784e-002	3.7234e-002
5988	0.19603	0.	-0.5468	-1.3036e-005
5989	0.10664	0.	-0.50859	-7.0565e-005
5990	6.6437e-002	0.	-0.55026	-1.0067e-004
5991	0.1648	0.	-0.60779	-2.9935e-005
5992	8.8519e-002	0.	-0.60966	-5.3483e-005
5993	0.15432	0.	-0.51019	-1.8946e-005
5997	-0.34862	0.	-0.47021	-7.4298e-005
5998	-0.28914	0.	-0.53014	-9.3874e-005
5999	-0.39816	0.	-0.49492	-2.0915e-005
6000	-0.30373	0.	-0.48661	-1.2101e-004
6001	-0.3892	0.	-0.5487	-3.562e-005
6002	-0.33154	0.	-0.56332	-6.3116e-005
6008	-1.6315e-002	0.	-0.25667	-1.0627e-003
6009	-1.9234e-002	0.	-0.33458	-5.3595e-004
6010	4.1713e-002	0.	-0.27875	-3.524e-004
6011	2.1972e-002	0.	-0.3275	-4.3354e-004
6012	-3.1784e-002	0.	-0.29292	-8.1416e-004
6013	2.1328e-002	0.	-0.25458	-5.0382e-004
6017	-0.34096	0.	-0.24121	3.4153e-004
6018	-0.26549	0.	-0.27178	-5.871e-004
6019	-0.26381	0.	-0.30491	-3.7328e-004
6020	-0.29287	0.	-0.32926	-2.1118e-004
6021	-0.29654	0.	-0.25373	-2.5878e-004
6022	-0.35522	0.	-0.28126	-5.9383e-006
6023	-0.33309	0.	-0.30989	-1.1797e-004
6028	-0.83066	0.	-0.425	8.448e-005
6029	-0.75008	0.	-0.45051	9.4724e-005
6030	-0.87312	0.	-0.49609	5.8622e-005
6031	-0.83357	0.	-0.57252	4.969e-005
6032	-0.74486	0.	-0.52031	6.111e-005
6033	-0.77829	0.	-0.55515	5.1568e-005
6038	0.57651	0.	-0.44032	8.0406e-005
6039	0.5146	0.	-0.47335	8.1057e-005
6040	0.63852	0.	-0.47798	5.9181e-005
6041	0.48259	0.	-0.53272	5.1768e-005
6042	0.58292	0.	-0.57687	4.5787e-005
6043	0.62463	0.	-0.5328	4.8899e-005
6044	0.5221	0.	-0.57104	4.7364e-005
6049	-9.4657e-002	0.	-0.15235	-6.105e-003
6050	-5.6501e-002	0.	-0.19625	-2.7704e-003
6051	-0.10299	0.	-0.17174	-3.9966e-003
6052	-6.9655e-002	0.	-0.14762	-5.3638e-003
6053	-8.5488e-002	0.	-0.19778	-3.0075e-003
6054	-5.615e-002	0.	-0.16329	-3.2722e-003
6057	-0.26643	0.	-0.12705	2.7025e-003
6058	-0.23764	0.	-0.17102	-8.0123e-004
6059	-0.24251	0.	-0.14033	-1.392e-003
6060	-0.27733	0.	-0.18731	2.776e-005
6061	-0.29714	0.	-0.15793	1.0591e-003
6066	-0.57687	0.	-0.33542	1.8894e-004
6067	-0.49481	0.	-0.38236	1.0829e-004
6068	-0.62508	0.	-0.39676	1.1912e-004
6069	-0.55755	0.	-0.46853	7.4932e-005
6070	-0.50162	0.	-0.43661	6.4555e-005
6071	-0.61986	0.	-0.46656	8.551e-005
6072	-0.53099	0.	-0.35715	1.7925e-004
6076	0.20937	0.	-0.24489	5.1736e-004
6077	0.26047	0.	-0.32667	2.6896e-004
6078	0.3064	0.	-0.27152	3.6734e-004
6079	0.28917	0.	-0.20134	5.288e-004
6080	0.24063	0.	-0.21758	6.4045e-004
6081	0.21717	0.	-0.2829	3.0515e-004
6085	-0.20848	0.	-0.36057	-4.6389e-004
6086	-0.15394	0.	-0.39862	-4.1406e-004
6087	-0.23754	0.	-0.38492	-3.0178e-004
6088	-0.22801	0.	-0.42608	-2.9101e-004
6089	-0.17854	0.	-0.43562	-3.303e-004
6090	-0.17363	0.	-0.36932	-5.7801e-004
6093	-9.3066e-002	0.	-0.51268	-2.0053e-004
6094	-0.17395	0.	-0.54828	-1.3918e-004
6095	-5.6338e-002	0.	-0.55021	-1.4936e-004
6096	-0.15997	0.	-0.58639	-1.1881e-004
6097	-8.0389e-002	0.	-0.58843	-1.2071e-004
6098	-0.13906	0.	-0.51429	-2.0561e-004
6102	-0.54511	0.	-0.76566	2.2421e-006
6103	-0.5551	0.	-0.84216	1.0171e-007
6104	-0.4043	0.	-0.79722	-1.3595e-005
6105	-0.44069	0.	-0.74272	-1.4217e-005
6106	-0.44433	0.	-0.86753	-4.3777e-006
6107	-0.50484	0.	-0.72559	-3.0042e-008
6108	-0.50484	0.	-0.86636	-2.9471e-006
6114	0.29668	0.	-0.74644	3.7465e-006
6115	0.17727	0.	-0.77185	-1.6166e-005
6116	0.30703	0.	-0.83481	-1.8874e-006
6117	0.21836	0.	-0.72753	-9.0053e-006
6118	0.1734	0.	-0.82036	-1.0272e-005
6119	0.21396	0.	-0.85941	-5.5067e-006
6120	0.26053	0.	-0.85966	-4.1483e-006
6124	-0.13042	0.	-0.76042	-4.5855e-005
6125	-0.23053	0.	-0.7465	-4.4557e-005
6126	-0.25251	0.	-0.79878	-2.9232e-005
6127	-0.22543	0.	-0.86128	-2.4432e-005
6128	-0.157	0.	-0.86911	-2.2678e-005
6129	-0.18168	0.	-0.75191	-4.9335e-005
6130	-0.13008	0.	-0.8136	-3.1566e-005
6135	0.73872	0.	-0.79655	1.4865e-005
6136	0.56906	0.	-0.77518	1.5381e-005
6137	0.69752	0.	-0.73144	2.0983e-005
6138	0.63747	0.	-0.8774	9.6502e-006
6139	0.62475	0.	-0.72144	2.3084e-005
6140	0.68881	0.	-0.8483	1.0417e-005
6141	0.58323	0.	-0.85545	9.8946e-006
6148	-0.79791	0.	-0.77052	1.6859e-005
6149	-0.86378	0.	-0.87702	9.068e-006
6150	-0.86301	0.	-0.71867	2.3195e-005
6151	-0.92129	0.	-0.83737	1.1307e-005
6152	-0.92642	0.	-0.76404	1.7428e-005
6153	-0.8059	0.	-0.85154	1.0484e-005
6157	-0.13574	0.	-0.25331	-1.5163e-003
6158	-9.5331e-002	0.	-0.2915	-1.034e-003
6159	-0.10885	0.	-0.25678	-1.5196e-003
6160	-0.11052	0.	-0.3149	-8.7446e-004
6161	-0.13821	0.	-0.31429	-9.1116e-004
6162	-0.14904	0.	-0.28604	-1.0816e-003
6166	0.52777	0.	-0.40368	1.0135e-004
6167	0.53095	0.	-0.3292	1.4354e-004
6168	0.65169	0.	-0.4083	7.9472e-005
6169	0.65158	0.	-0.33657	9.4468e-005
6170	0.58131	0.	-0.31142	1.2811e-004
6174	-0.87798	0.	-0.25849	1.0998e-004
6175	-0.82725	0.	-0.19807	1.7147e-004
6176	-0.94505	0.	-0.26373	9.6131e-005
6177	-0.87351	0.	-0.13099	1.4526e-004
6178	-0.95532	0.	-0.15943	1.0909e-004
6181	-0.127	0.	-0.1156	-1.0628e-002
6182	-0.13782	0.	-0.13846	-6.9861e-003
6183	-0.10258	0.	-0.11626	-1.0758e-002
6184	-0.12023	0.	-0.15409	-6.0646e-003
6185	-8.6887e-002	0.	-0.12997	-7.4318e-003
6189	0.30961	0.	-0.61798	1.7937e-005
6190	0.26421	0.	-0.46385	5.6382e-005
6191	0.23129	0.	-0.59907	5.1852e-006
6192	0.33218	0.	-0.54676	3.2752e-005
6193	0.22081	0.	-0.50147	1.6174e-005
6194	0.30951	0.	-0.50313	5.0523e-005
6197	-1.4996e-002	0.	-0.69104	-5.7858e-005
6198	-6.1128e-002	0.	-0.66986	-7.6402e-005
6199	-0.12874	0.	-0.70976	-6.0387e-005
6200	-7.7144e-002	0.	-0.77146	-4.2619e-005
6201	-3.262e-002	0.	-0.75133	-4.5856e-005
6204	-0.67846	0.	-0.24375	2.4329e-004
6205	-0.64862	0.	-0.32968	1.9204e-004
6206	-0.58782	0.	-0.19788	4.4379e-004
6207	-0.54521	0.	-0.24354	4.24e-004
6208	-0.55452	0.	-0.29006	2.5216e-004
6212	-0.43315	0.	-0.20721	7.4144e-004
6213	-0.36907	0.	-0.14677	2.532e-003
6214	-0.41672	0.	-0.15173	1.2443e-003
6215	-0.33187	0.	-0.20818	2.9644e-004
6216	-0.39054	0.	-0.23571	5.4928e-004
6217	-0.35168	0.	-0.1788	1.3278e-003
6222	-0.15293	0.	-0.11936	-9.4408e-003
6223	-0.16654	0.	-9.5058e-002	-1.0791e-002
6224	-0.11769	0.	-9.716e-002	-1.3212e-002
6225	-0.12673	0.	-8.1676e-002	-1.8157e-002
6226	-0.15698	0.	-8.2905e-002	-1.622e-002
6227	-0.14297	0.	-8.267e-002	-1.8017e-002
6232	0.36705	0.	-0.78624	8.1561e-006
6233	0.27838	0.	-0.67897	1.0381e-006
6234	0.42392	0.	-0.72455	1.4921e-005
6235	0.37927	0.	-0.62666	2.8605e-005
6236	0.41878	0.	-0.66498	2.4202e-005
6241	-0.61327	0.	-0.80838	5.872e-006
6242	-0.66844	0.	-0.73531	1.3745e-005
6243	-0.62368	0.	-0.67992	1.9442e-005
6244	-0.56301	0.	-0.6918	5.7402e-006
6249	0.46904	0.	-0.36223	1.4419e-004
6250	0.43385	0.	-0.49608	7.2709e-005
6251	0.41181	0.	-0.35802	1.9471e-004
6252	0.41118	0.	-0.45245	9.048e-005
6255	-1.0946	0.	-0.33646	6.3477e-005
6256	-1.0151	0.	-0.44534	5.3754e-005
6257	-1.0397	0.	-0.3795	6.5767e-005
6258	-1.0957	0.	-0.46826	4.7405e-005
6259	-1.1272	0.	-0.38134	5.5492e-005
6265	-3.3394e-002	0.	-0.50747	-2.0436e-004
6266	-5.5768e-002	0.	-0.42414	-3.5297e-004
6267	-9.1513e-002	0.	-0.43456	-3.4437e-004
6268	-3.3649e-002	0.	-0.45929	-2.2473e-004
6269	-0.11611	0.	-0.47156	-2.6061e-004
6272	0.12739	0.	-0.20263	7.6108e-004
6273	0.12209	0.	-0.24637	2.5208e-004
6274	0.16349	0.	-0.17611	1.1077e-003
6275	0.19496	0.	-0.19876	7.1057e-004
6276	0.1715	0.	-0.26407	3.7526e-004
6280	0.78408	0.	-0.49798	4.7774e-005
6281	0.80125	0.	-0.60688	3.2279e-005
6282	0.86292	0.	-0.46919	4.5551e-005
6283	0.87445	0.	-0.60808	3.0439e-005
6284	0.77019	0.	-0.5528	3.7492e-005
6288	-2.7556e-002	0.	-9.9861e-002	-3.9922e-003
6289	-7.3931e-002	0.	-9.5019e-002	-1.0771e-002
6290	-5.8234e-002	0.	-0.10873	-7.4452e-003
6291	-4.6471e-002	0.	-7.9028e-002	-1.0098e-002
6292	-6.4749e-002	0.	-8.0454e-002	-1.4321e-002
6296	-0.17736	0.	-0.11792	-7.1496e-003
6297	-0.18591	0.	-0.16517	-3.8805e-003
6298	-0.14616	0.	-0.15785	-4.8776e-003
6299	-0.19078	0.	-0.13448	-4.4712e-003
6305	0.44619	0.	-0.21882	2.7448e-004
6306	0.41499	0.	-0.28354	2.369e-004
6307	0.49556	0.	-0.21723	2.306e-004
6308	0.52259	0.	-0.26997	1.7095e-004
6312	0.11099	0.	-0.41825	-4.9986e-005
6313	4.3535e-002	0.	-0.50333	-1.2308e-004
6314	6.2367e-002	0.	-0.41292	-1.6928e-004
6315	0.13142	0.	-0.46326	-4.1355e-005
6316	4.3281e-002	0.	-0.45515	-1.4345e-004
6320	-0.97227	0.	-0.53939	4.0324e-005
6321	-0.93273	0.	-0.61582	3.1392e-005
6322	-1.0675	0.	-0.62948	2.7626e-005
6323	-0.99614	0.	-0.6612	2.5626e-005
6324	-1.0529	0.	-0.56231	3.3975e-005
6328	0.84734	0.	-0.18865	7.6993e-005
6329	0.84351	0.	-0.31777	6.4948e-005
6330	0.78006	0.	-0.18203	9.2069e-005
6331	0.76456	0.	-0.27484	8.2168e-005
6336	5.8889e-002	0.	-0.88041	-1.3714e-005
6337	-6.1498e-002	0.	-0.92537	-1.1867e-005
6338	-3.4576e-002	0.	-0.86987	-2.0756e-005
6339	9.9484e-003	0.	-0.84974	-2.3993e-005
6340	5.5296e-002	0.	-0.92773	-1.0187e-005
6344	-3.1208e-002	0.	-0.11637	-3.2376e-003
6345	1.7235e-002	0.	-8.464e-002	7.9576e-003
6346	-1.4618e-003	0.	-8.9425e-002	2.5488e-003
6347	1.9921e-002	0.	-0.12385	7.8353e-004
6348	-1.9444e-002	0.	-8.6667e-002	-5.8905e-003
6349	-1.7703e-002	0.	-0.13204	-1.1459e-003
6354	-0.29969	0.	-0.74272	-3.8986e-005
6355	-0.33607	0.	-0.68822	-3.9608e-005
6356	-0.24082	0.	-0.6539	-7.3203e-005
6357	-0.22886	0.	-0.69584	-5.9089e-005
6358	-0.29719	0.	-0.64897	-6.2817e-005
6362	8.5781e-002	0.	-0.22293	4.2569e-004
6363	8.8587e-002	0.	-0.13283	3.0274e-003
6364	6.5396e-002	0.	-0.19876	2.7427e-004
6365	0.12718	0.	-0.15267	1.2813e-003
6366	6.5727e-002	0.	-0.1597	1.1432e-003
6370	-0.20439	0.	-0.11017	-5.8217e-003
6371	-0.18141	0.	-8.1458e-002	-1.3929e-002
6372	-0.21091	0.	-8.4791e-002	-2.9837e-003
6373	-0.19642	0.	-7.983e-002	-1.1058e-002
6378	-0.24173	0.	-0.11346	9.5114e-004
6379	-0.26921	0.	-7.3874e-002	1.7194e-002
6380	-0.24825	0.	-8.8075e-002	3.7891e-003
6381	-0.28534	0.	-8.7572e-002	6.7114e-003
6382	-0.29636	0.	-0.13106	3.4022e-003
6387	-0.39355	0.	-0.39175	3.4272e-006
6388	-0.4431	0.	-0.41647	5.681e-005
6389	-0.47246	0.	-0.33701	1.715e-004
6390	-0.42053	0.	-0.31899	1.5118e-004
6391	-0.39841	0.	-0.34761	3.9147e-005
6395	-0.18633	0.	-0.23771	-1.466e-003
6396	-0.1777	0.	-0.20336	-1.9667e-003
6397	-0.13795	0.	-0.19604	-2.9638e-003
6398	-0.12044	0.	-0.22208	-1.9748e-003
6399	-0.16063	0.	-0.25134	-1.5367e-003
6403	-0.40037	0.	-0.446	-4.0304e-005
6404	-0.31546	0.	-0.39653	-1.5117e-004
6405	-0.30594	0.	-0.43769	-1.404e-004
6406	-0.35568	0.	-0.37715	-5.7966e-005
6410	0.15897	0.	-0.70438	-1.8874e-005
6411	8.2688e-002	0.	-0.70625	-4.2422e-005
6412	0.114	0.	-0.79721	-2.0141e-005
6413	6.5064e-002	0.	-0.76654	-3.042e-005
6418	-0.67844	0.	-0.81181	1.1605e-005
6419	-0.573	0.	-0.90908	6.8274e-007
6420	-0.68643	0.	-0.89284	5.2303e-006
6424	0.43427	0.	-0.81292	9.2872e-006
6425	0.3309	0.	-0.89946	2.6123e-007
6426	0.44843	0.	-0.89319	3.8005e-006
6431	-0.80725	0.	-0.27958	1.6322e-004
6432	-0.77741	0.	-0.36551	1.1197e-004
6433	-0.90044	0.	-0.41109	7.5871e-005
6434	-0.92505	0.	-0.34524	8.7883e-005
6439	-1.1181	0.	-0.73164	1.8854e-005
6440	-1.0417	0.	-0.83669	1.0734e-005
6441	-1.1007	0.	-0.87277	9.0048e-006
6442	-1.0468	0.	-0.76336	1.6854e-005
6447	0.78925	0.	-0.72886	2.1137e-005
6448	0.78054	0.	-0.84572	1.0572e-005
6449	0.86246	0.	-0.73006	1.9297e-005
6450	0.84302	0.	-0.86942	9.939e-006
6456	0.38896	0.	-0.2146	3.25e-004
6457	0.37172	0.	-0.14442	4.8647e-004
6458	0.46952	0.	-0.14829	3.187e-004
6461	-0.35805	0.	-0.7405	-2.4284e-005
6462	-0.29458	0.	-0.8575	-1.8861e-005
6463	-0.36169	0.	-0.86531	-1.4444e-005
6468	-0.72667	0.	-0.3051	1.7347e-004
6469	-0.66588	0.	-0.1733	4.2522e-004
6470	-0.72976	0.	-0.15303	2.8102e-004
6471	-0.80278	0.	-0.15208	1.985e-004
6478	0.68297	0.	-0.12767	1.3219e-004
6479	0.66747	0.	-0.22047	1.2229e-004
6480	0.57017	0.	-0.14257	2.1558e-004
6481	0.5972	0.	-0.19532	1.5593e-004
6487	-1.047	0.	-0.30745	7.1748e-005
6488	-1.1165	0.	-0.18847	7.3287e-005
6489	-1.0573	0.	-0.20315	8.4705e-005
6490	-1.1345	0.	-0.30929	6.1473e-005
6494	-0.69161	0.	-0.46083	8.8602e-005
6498	-0.50584	0.	-0.50264	2.3456e-005
6499	-0.60293	0.	-0.58126	3.2352e-005
6500	-0.62408	0.	-0.53259	4.441e-005
6501	-0.49687	0.	-0.55641	8.7502e-006
6502	-0.54225	0.	-0.59314	1.865e-005
6507	0.20207	0.	-0.38223	4.1842e-005
6508	0.10937	0.	-0.32075	-4.5152e-005
6509	8.9624e-002	0.	-0.3695	-1.2629e-004
6510	0.15868	0.	-0.41985	1.6337e-006
6511	0.15877	0.	-0.33846	7.8027e-005
6514	-0.22366	0.	-0.28993	-7.4668e-004
6515	-0.2167	0.	-0.22246	-1.4612e-003
6516	-0.25639	0.	-0.23875	-6.3218e-004
6517	-0.19963	0.	-0.27044	-1.0313e-003
6520	-0.21791	0.	-0.57926	-1.1247e-004
6521	-0.24646	0.	-0.49762	-1.5997e-004
6522	-0.19699	0.	-0.50715	-1.9926e-004
6523	-0.27427	0.	-0.57432	-1.0208e-004
6527	2.5415e-002	0.	-0.6044	-1.06e-004
6528	3.0785e-003	0.	-0.49682	-1.7356e-004
6529	-2.0717e-002	0.	-0.58322	-1.2454e-004
6533	-0.41321	0.	-0.63213	-2.0619e-005
6534	-0.45859	0.	-0.66886	-1.0719e-005
6535	-0.35555	0.	-0.64675	-4.8115e-005
6538	0.31183	0.	-0.33447	1.8906e-004
6539	0.2225	0.	-0.42724	5.0472e-005
6540	0.3112	0.	-0.4289	8.4821e-005
6541	0.2226	0.	-0.34585	1.2686e-004
6547	0.12378	0.	-0.66194	-3.5261e-005
6554	-7.7582e-002	0.	-0.11153	-1.0016e-002
6555	-0.10231	0.	-8.2332e-002	-1.8287e-002
6556	-8.4097e-002	0.	-8.3252e-002	-1.6892e-002
6562	-5.1046e-002	0.	-0.25875	-1.2553e-003
6563	-6.4565e-002	0.	-0.22403	-1.7409e-003
6564	2.0663e-003	0.	-0.22042	-9.45e-004
6565	-3.5226e-002	0.	-0.18954	-2.0056e-003
6569	-0.79871	0.	-0.6869	2.5813e-005
6570	-0.68885	0.	-0.68336	2.5175e-005
6571	-0.74343	0.	-0.66952	2.7691e-005
6572	-0.74161	0.	-0.81977	1.3103e-005
6577	0.54682	0.	-0.69749	2.3755e-005
6578	0.48601	0.	-0.69166	2.5333e-005
6579	0.5053	0.	-0.8315	1.0566e-005
6583	0.79255	0.	-0.41716	5.6023e-005
6584	0.69982	0.	-0.50078	4.7964e-005
6585	0.7136	0.	-0.37423	7.3243e-005
6591	0.37917	0.	-0.51182	6.1191e-005
6592	0.44136	0.	-0.59377	3.9017e-005
6596	-2.0833e-004	0.	-0.37125	-3.48e-004
6597	-7.7159e-002	0.	-0.38875	-4.4181e-004
6598	-1.9295e-002	0.	-0.41348	-3.2217e-004
6599	-5.3965e-002	0.	-0.33667	-7.2862e-004
6600	-6.9158e-002	0.	-0.36006	-5.6906e-004
6604	0.67528	0.	-0.65375	2.9357e-005
6605	0.82126	0.	-0.66495	2.5415e-005
6606	0.71699	0.	-0.60967	3.2469e-005
6610	-0.53263	0.	-0.17309	6.0593e-004
6611	-0.51619	0.	-0.11762	1.1088e-003
6612	-0.63912	0.	-0.10716	4.8152e-004
6616	-0.47359	0.	-0.16328	1.089e-003
6617	-0.49933	0.	-0.26528	4.143e-004
6618	-0.44741	0.	-0.24726	3.9398e-004
6623	-0.40951	0.	-0.10285	2.8796e-003
6624	-0.33345	0.	-8.6425e-002	6.2722e-003
6625	-0.34447	0.	-0.12991	2.9631e-003
6629	-0.25103	0.	-0.34741	-3.7076e-004
6630	-0.18713	0.	-0.33182	-6.4698e-004
6631	-0.19796	0.	-0.30356	-8.1744e-004
6636	0.34052	0.	-0.20914	4.489e-004
6637	0.35713	0.	-0.37376	1.832e-004
6643	-0.44095	0.	-0.52449	-1.6264e-006
6647	-0.90336	0.	-0.55861	4.1081e-005
6648	-0.96751	0.	-0.41633	6.2025e-005
6649	-1.0236	0.	-0.5051	4.3664e-005
6654	-0.19907	0.	-0.92782	-1.2307e-005
6655	-0.33461	0.	-0.92781	-9.6444e-006
6660	-0.16832	0.	-0.18079	-2.959e-003
6661	-0.21294	0.	-0.15742	-2.5526e-003
6662	-0.24776	0.	-0.2044	-1.1329e-003
6666	1.3642e-003	0.	-0.64262	-7.7352e-005
6667	2.9872e-002	0.	-0.72409	-4.6807e-005
6671	-0.92287	0.	-0.91211	6.1358e-006
6672	-0.80749	0.	-0.92628	5.3127e-006
6678	0.67928	0.	-0.92656	5.3571e-006
6679	0.57371	0.	-0.93371	4.8345e-006
6683	0.81177	0.	-0.12351	9.2965e-005
6687	-0.92722	0.	-0.68042	2.6383e-005
6688	-0.80853	0.	-0.61767	3.4027e-005
6692	0.64422	0.	-0.59967	3.457e-005
6693	0.54169	0.	-0.63792	3.3036e-005
6698	6.0739e-002	0.	-0.31542	-1.6444e-004
6699	6.0095e-002	0.	-0.2425	-2.3473e-004
6700	0.12989	0.	-0.28437	3.9871e-005
6709	0.15069	0.	-0.88477	-9.4813e-006
6710	6.1189e-002	0.	-0.81505	-2.4525e-005
6711	0.10654	0.	-0.89305	-1.0719e-005
6715	-0.10372	0.	-0.88015	-1.9441e-005
6719	-0.11106	0.	-0.19951	-2.9671e-003
6725	-4.8381e-002	0.	-0.14091	-4.5989e-003
6729	-0.46223	0.	-0.93445	-3.7966e-006
6733	-0.66524	0.	-0.57929	4.293e-005
6734	-0.58342	0.	-0.63985	1.717e-005
6735	-0.69867	0.	-0.61413	3.3388e-005
6739	0.79244	0.	-0.34544	7.1019e-005
6744	6.0546e-002	0.	-7.4119e-002	1.041e-002
6745	0.12469	0.	-0.1063	3.374e-003
6746	6.3232e-002	0.	-0.11333	3.2359e-003
6751	1.6303e-002	0.	-6.6565e-002	1.0291e-002
6752	3.7686e-002	0.	-0.10099	8.5257e-003
6759	-0.22433	0.	-0.10135	-3.0541e-004
6764	0.23783	0.	-0.92407	-3.3581e-006
6765	0.1471	0.	-0.93209	-5.9546e-006
6767	-0.12435	0.	-0.61941	-9.3996e-005
6768	-0.19197	0.	-0.65931	-7.7981e-005
6769	-0.2603	0.	-0.61244	-8.1709e-005
6772	2.1911e-002	0.	-0.4064	-2.1975e-004
6776	-0.71981	0.	-0.56546	4.5446e-005
6779	-1.062	0.	-0.69407	2.2616e-005
6780	-1.1188	0.	-0.59519	3.0965e-005
6784	0.27475	0.	-0.15521	7.2201e-004
6788	-1.0024	0.	-0.24618	8.6995e-005
6791	0.7931	0.	-0.92116	5.4911e-006
6795	-1.0394	0.	-0.90853	6.6463e-006
6796	-0.9855	0.	-0.79912	1.4496e-005
6804	-0.2518	0.	-6.177e-002	1.5937e-002
6805	-0.2889	0.	-6.1267e-002	1.886e-002
6816	-0.1375	0.	-0.43617	-3.4945e-004
6817	-0.1049	0.	-0.37048	-5.6045e-004
6818	-0.13259	0.	-0.36987	-5.9715e-004
6823	-0.27057	0.	-0.41293	-1.9788e-004
6824	-0.32032	0.	-0.35239	-1.1545e-004
6828	-0.21157	0.	-0.46363	-2.264e-004
6834	-0.11238	0.	-0.66134	-7.9881e-005
6843	-0.47737	0.	-0.615	-6.4319e-006
6844	-0.37433	0.	-0.59289	-4.3828e-005
6848	-8.0034e-002	0.	-0.26028	-1.4924e-003
6849	-8.1709e-002	0.	-0.3184	-8.4727e-004
6864	-1.0719	0.	-0.1272	8.8533e-005
6869	-0.12759	0.	-6.7842e-002	-2.3092e-002
6870	-9.3132e-002	0.	-6.7767e-002	-2.1836e-002
6878	-0.15784	0.	-6.9071e-002	-2.1155e-002
6879	-0.18686	0.	-6.7677e-002	-1.6487e-002
6885	4.0041e-002	0.	-0.17927	4.8274e-004
6886	2.4171e-003	0.	-0.18746	-1.4467e-003
6890	0.72899	0.	-0.2097	9.814e-005
6896	-0.30726	0.	-0.19132	7.2749e-004
6900	-0.21635	0.	-7.101e-002	-5.5414e-003
6909	-0.77602	0.	-8.5947e-002	2.548e-004
6923	-2.0376e-002	0.	-6.8592e-002	-3.5572e-003
6928	0.19475	0.	-0.1488	1.2308e-003
6934	2.7485e-003	0.	-0.1484	-5.7784e-004
6942	-0.45671	0.	-0.29378	2.2214e-004
6947	-0.38266	0.	-0.30439	8.9786e-005
6952	-3.2275e-002	0.	-0.80451	-3.1567e-005
6965	-0.93085	0.	-0.11344	1.3612e-004
6974	-5.6637e-002	0.	-6.726e-002	-1.6219e-002
6986	-0.31605	0.	-0.11845	5.068e-003
7002	0.64322	0.	-0.27734	1.2188e-004
7007	0.54592	0.	-0.19944	2.1517e-004
7015	-0.12459	0.	-0.34118	-7.244e-004
7018	-0.16311	0.	-0.31232	-9.3156e-004
1	0.	0.	4.5e-002	2.8543e-002
2	-2.1818e-002	0.	4.5e-002	-3.6247e-003
3	-4.3636e-002	0.	4.5e-002	-2.0125e-002
4	-6.5455e-002	0.	4.5e-002	-2.4177e-002
5	-8.7273e-002	0.	4.5e-002	-2.4198e-002
6	-0.10909	0.	4.5e-002	-2.7143e-002
7	-0.13091	0.	4.5e-002	-2.6434e-002
8	-0.15273	0.	4.5e-002	-2.6664e-002
9	-0.17455	0.	4.5e-002	-2.3438e-002
10	-0.19636	0.	4.5e-002	-2.2692e-002
11	-0.21818	0.	4.5e-002	-1.2e-002
12	-0.24	0.	4.5e-002	3.6771e-002
13	-0.24	0.	3.e-002	7.7976e-002
23	0.	0.	3.e-002	7.9706e-002
346	9.0909e-002	0.	0.	1.1595e-002
347	0.18182	0.	0.	2.8878e-003
348	0.27273	0.	0.	1.1069e-003
349	0.36364	0.	0.	5.989e-004
350	0.45455	0.	0.	4.363e-004
351	0.54545	0.	0.	2.4447e-004
352	0.63636	0.	0.	1.6742e-004
353	0.72727	0.	0.	1.2301e-004
354	0.81818	0.	0.	9.6536e-005
355	0.90909	0.	0.	7.7905e-005
356	-1.1491	0.	0.	7.8937e-005
357	-1.0582	0.	0.	9.3547e-005
358	-0.96727	0.	0.	1.2149e-004
359	-0.87636	0.	0.	1.496e-004
360	-0.78545	0.	0.	2.8348e-004
361	-0.69455	0.	0.	4.2919e-004
362	-0.60364	0.	0.	7.2646e-004
363	-0.51273	0.	0.	1.3494e-003
364	-0.42182	0.	0.	3.9638e-003
365	-0.33091	0.	0.	1.1805e-002
409	-1.24	0.	9.5e-002	7.3329e-005
410	-1.24	0.	0.19	6.638e-005
411	-1.24	0.	0.285	5.7464e-005
412	-1.24	0.	0.38	4.9533e-005
413	-1.24	0.	0.475	4.2534e-005
414	-1.24	0.	0.57	3.1319e-005
415	-1.24	0.	0.665	2.4693e-005
416	-1.24	0.	0.76	1.8189e-005
417	-1.24	0.	0.855	9.6852e-006
418	-1.24	0.	0.95	4.7906e-006
424	-1.1467	0.	1.045	2.5044e-006
425	-1.0533	0.	1.045	2.1788e-006
426	-0.96	0.	1.045	2.2009e-006
427	-0.86667	0.	1.045	2.5503e-006
428	-0.77333	0.	1.045	1.8989e-006
429	-0.68	0.	1.045	1.0077e-006
430	-0.58667	0.	1.045	1.757e-007
431	-0.49333	0.	1.045	-1.1483e-006
432	-0.4	0.	1.045	-2.1898e-006
433	-0.30667	0.	1.045	-3.3161e-006
434	-0.21333	0.	1.045	-5.4149e-006
435	-0.12	0.	1.045	-3.8444e-006
436	-2.6667e-002	0.	1.045	-3.9313e-006
437	6.6667e-002	0.	1.045	-3.8285e-006
438	0.16	0.	1.045	-1.6625e-006
439	0.25333	0.	1.045	-1.2129e-006
440	0.34667	0.	1.045	8.6897e-007
441	0.44	0.	1.045	1.4301e-006
442	0.53333	0.	1.045	1.8492e-006
443	0.62667	0.	1.045	3.3044e-006
444	0.72	0.	1.045	2.2207e-006
445	0.81333	0.	1.045	2.8392e-006
446	0.90667	0.	1.045	2.5776e-006
452	1.	0.	0.95	5.1971e-006
453	1.	0.	0.855	1.0909e-005
454	1.	0.	0.76	1.7575e-005
455	1.	0.	0.665	2.6033e-005
456	1.	0.	0.57	3.2431e-005
457	1.	0.	0.475	4.3716e-005
458	1.	0.	0.38	5.2355e-005
459	1.	0.	0.285	5.9217e-005
460	1.	0.	0.19	6.7256e-005
461	1.	0.	9.5e-002	7.4637e-005
462	0.	0.	0.	0.13288
463	-0.24	0.	0.	0.1352
469	1.	0.	0.	7.4645e-005
471	-1.24	0.	0.	7.3803e-005
474	-1.24	0.	1.045	1.8916e-006
475	1.	0.	1.045	1.8691e-006
476	4.5455e-002	0.	0.	4.6648e-002
477	-0.28545	0.	0.	4.8905e-002
478	0.12667	0.	0.545	-3.4656e-005
479	-0.36667	0.	0.545	-4.9205e-005
480	-2.1212e-003	0.	0.295	-4.9896e-004
481	-0.31354	0.	0.28733	-6.6189e-005
482	-0.79668	0.	0.48982	6.299e-005
483	0.56333	0.	0.51	6.3069e-005
484	-6.8626e-002	0.	0.17	-4.099e-003
485	-1.0882e-002	0.	0.18322	-1.7267e-003
486	-0.27167	0.	0.17	2.5636e-004
487	-0.55559	0.	0.38355	1.3337e-004
488	0.24515	0.	0.2725	4.0441e-004
489	-0.17391	0.	0.41913	-3.7151e-004
490	-0.10599	0.	0.55015	-1.6708e-004
491	-0.47667	0.	0.795	-7.7101e-006
492	0.23667	0.	0.795	-5.2121e-006
493	-5.6646e-002	0.	0.80256	-3.2561e-005
494	0.64167	0.	0.7775	1.6205e-005
495	-0.86303	0.	0.7732	1.8797e-005
496	-0.13091	0.	0.295	-1.0736e-003
497	0.59645	0.	0.33529	1.0655e-004
498	-0.85798	0.	0.34	9.9658e-005
499	-0.14217	0.	8.6667e-002	-1.5891e-002
500	0.39812	0.	0.52852	5.9208e-005
501	-0.16315	0.	0.71792	-5.6959e-005
502	-0.6004	0.	0.26833	2.7338e-004
503	-0.47942	0.	0.21187	6.8379e-004
504	-0.68197	0.	0.60181	3.1266e-005
505	-0.20692	0.	0.17	-2.663e-003
506	-4.4084e-002	0.	0.36672	-5.4544e-004
507	9.2535e-002	0.	0.22591	3.7039e-004
508	4.6481e-002	0.	0.15724	1.0989e-003
509	0.70889	0.	0.53	4.2659e-005
510	-0.94889	0.	0.53	4.2871e-005
511	-0.23098	0.	8.0864e-002	-2.018e-004
512	-6.448e-002	0.	0.11431	-8.4695e-003
513	0.37924	0.	0.27682	2.5693e-004
514	2.9494e-002	0.	0.37989	-2.3796e-004
515	-0.63491	0.	0.81906	5.8127e-006
516	0.50667	0.	0.78333	1.3085e-005
517	-2.6312e-002	0.	8.5405e-002	-5.9856e-003
518	-1.049	0.	0.265	7.7285e-005
519	0.80899	0.	0.265	7.8359e-005
520	-0.23274	0.	0.89555	-1.6148e-005
521	2.6667e-002	0.	0.67	-5.4701e-005
522	-0.53056	0.	0.575	1.6116e-005
523	0.18171	0.	0.41814	3.5222e-005
524	-0.43628	0.	0.36222	7.5596e-005
525	-0.35843	0.	0.74847	-2.3276e-005
526	-0.35017	0.	0.42319	-7.3677e-005
527	0.46399	0.	0.13577	3.1346e-004
528	-1.0854	0.	0.75741	1.714e-005
529	0.85269	0.	0.72238	2.1345e-005
530	-0.37491	0.	0.1971	9.1013e-004
531	0.32722	0.	0.65833	1.1208e-005
532	2.7003e-002	0.	9.8056e-002	4.6335e-003
533	8.1667e-002	0.	0.795	-2.3805e-005
534	-0.69293	0.	0.13417	3.2897e-004
535	-3.9596e-002	0.	0.46167	-2.533e-004
536	-0.84796	0.	0.17122	1.65e-004
537	0.62717	0.	0.17	1.6914e-004
538	0.25657	0.	0.53354	1.9181e-005
539	0.14278	0.	0.30634	6.8881e-005
540	-0.1098	0.	0.12833	-8.8595e-003
541	-0.69974	0.	0.35964	1.3467e-004
542	-0.26636	0.	0.56138	-1.1733e-004
543	-9.8535e-002	0.	8.6667e-002	-1.5156e-002
544	-0.14217	0.	0.17	-4.2997e-003
545	0.16318	0.	0.65866	-2.0343e-005
546	-3.9773e-002	0.	0.2325	-1.375e-003
547	0.20633	0.	0.12403	1.5658e-003
548	0.85152	0.	0.93494	6.2448e-006
549	-1.0657	0.	0.92495	5.8149e-006
550	-0.17455	0.	0.12833	-6.8409e-003
551	-0.43123	0.	0.65097	-1.1501e-005
552	-0.16891	0.	0.2325	-1.8562e-003
553	0.45201	0.	0.38998	1.216e-004
554	-0.18432	0.	8.2225e-002	-1.2899e-002
555	0.313	0.	0.41427	1.1128e-004
556	-0.68925	0.	0.93808	3.3559e-006
557	0.44048	0.	0.93107	3.761e-006
558	-0.21712	0.	0.295	-6.5918e-004
559	8.5579e-003	0.	0.55969	-1.0423e-004
560	-0.35468	0.	9.2194e-002	3.7371e-003
561	-0.30162	0.	6.4888e-002	1.1889e-002
562	-0.54723	0.	0.11778	6.2599e-004
563	-1.108	0.	0.51375	3.8375e-005
564	0.86834	0.	0.51328	3.9418e-005
565	-0.46	0.	0.47375	2.7191e-005
566	2.75e-002	0.	0.92	-9.9899e-006
567	0.46222	0.	0.6525	2.429e-005
568	0.32185	0.	0.13485	6.2811e-004
569	-0.28744	0.	0.66221	-5.4066e-005
570	0.57518	0.	0.91318	5.5358e-006
571	0.8796	0.	0.13195	7.5705e-005
572	-1.1196	0.	0.13193	7.7762e-005
573	-0.55055	0.	0.92661	-1.757e-007
574	0.37167	0.	0.78917	3.8525e-006
575	0.77145	0.	0.40396	5.8158e-005
576	-1.0115	0.	0.40396	5.4973e-005
577	-0.83133	0.	0.63302	3.2246e-005
578	0.6025	0.	0.64375	3.1878e-005
579	-0.10434	0.	0.2325	-2.0854e-003
580	-0.73263	0.	0.72826	1.732e-005
581	-0.28646	0.	0.35126	-2.479e-004
582	-0.34504	0.	0.84879	-1.445e-005
583	-0.10784	0.	0.93651	-1.2459e-005
584	-0.62096	0.	0.48214	6.6466e-005
585	-0.90611	0.	0.9178	6.4179e-006
586	0.17839	0.	0.92974	-5.6988e-006
587	0.47928	0.	0.27299	1.8124e-004
588	-0.7702	0.	0.26253	1.7653e-004
589	8.3737e-002	0.	0.46167	-1.2618e-004
590	-0.45165	0.	0.10958	1.6382e-003
591	-0.22022	0.	0.22693	-9.8815e-004
592	0.16308	0.	0.23833	5.794e-004
593	0.11634	0.	0.154	2.1372e-003
594	-0.57883	0.	0.6909	7.7127e-006
595	-0.10357	0.	0.40403	-4.2443e-004
596	-0.19957	0.	0.61571	-1.0198e-004
597	-6.e-002	0.	0.70125	-5.8489e-005
598	-1.7071e-002	0.	0.12833	-2.1815e-003
599	-6.6515e-002	0.	0.295	-1.0015e-003
600	-0.15765	0.	0.3575	-5.9958e-004
601	-6.4746e-002	0.	7.5002e-002	-1.6692e-002
602	-1.134	0.	0.37425	5.3612e-005
603	0.89404	0.	0.37425	5.6029e-005
604	-0.97952	0.	0.12913	1.095e-004
605	0.7418	0.	0.12929	1.1816e-004
606	2.4575e-002	0.	0.22805	-3.4159e-004
607	0.3125	0.	0.91708	4.2506e-007
608	-0.78708	0.	0.84729	8.8822e-006
609	-0.28947	0.	0.22404	-6.9883e-006
610	0.71167	0.	0.6825	2.5582e-005
611	-0.95167	0.	0.6825	2.6593e-005
612	0.71289	0.	0.93543	5.5734e-006
613	-0.24941	0.	0.42369	-2.5172e-004
614	-0.24466	0.	0.13209	-9.3829e-004
615	-1.0454	0.	0.61972	2.7979e-005
616	0.80759	0.	0.61536	3.1473e-005
617	-0.12339	0.	0.46767	-2.6059e-004
618	-0.32599	0.	0.95697	-5.2673e-006
619	0.91932	0.	0.64002	2.4766e-005
620	-1.1578	0.	0.64463	2.5828e-005
621	7.0623e-002	0.	0.10573	4.4924e-003
622	6.5669e-002	0.	0.30073	-1.4977e-004
623	-0.49752	0.	0.30267	2.2937e-004
624	0.11898	0.	7.2753e-002	6.1241e-003
625	-0.40479	0.	0.27576	3.2999e-004
626	3.6229e-002	0.	4.9028e-002	2.3173e-002
627	-0.11656	0.	0.6407	-8.8244e-005
628	-1.1718	0.	0.84586	1.1687e-005
629	0.90517	0.	0.83189	1.1693e-005
630	-0.16167	0.	0.82826	-3.0128e-005
631	-0.25337	0.	0.78517	-3.0072e-005
632	-0.19301	0.	0.504	-2.0552e-004
633	-0.15836	0.	6.5833e-002	-2.2677e-002
634	-0.11472	0.	6.5833e-002	-2.2346e-002
635	0.10652	0.	0.38266	-6.957e-005
636	-0.81222	0.	0.95457	4.1236e-006
637	-0.90343	0.	0.435	6.4447e-005
638	0.67004	0.	0.41811	6.6015e-005
639	0.77927	0.	0.81411	1.3888e-005
640	-0.43194	0.	0.93042	-4.5545e-006
641	-0.28617	0.	0.11273	3.3133e-003
642	-0.31566	0.	0.16105	1.2912e-003
643	-0.2637	0.	5.6548e-002	2.4618e-002
644	0.70265	0.	0.28694	9.0934e-005
645	-0.95348	0.	0.3025	8.5459e-005
646	-9.8302e-002	0.	0.34436	-6.5489e-004
647	-0.97431	0.	0.81146	1.3054e-005
648	0.91031	0.	0.24355	6.3701e-005
649	-1.1503	0.	0.24355	6.5374e-005
650	-0.36129	0.	0.3327	-2.8162e-005
651	9.0706e-003	0.	6.8556e-002	1.1088e-002
652	-0.2169	0.	0.36771	-4.2093e-004
2052	-1.0909e-002	0.	4.5e-002	1.2459e-002
2053	0.	0.	3.75e-002	5.4124e-002
2055	1.8114e-002	0.	4.7014e-002	2.5858e-002
2056	4.5353e-003	0.	5.6778e-002	1.9815e-002
2059	-3.2727e-002	0.	4.5e-002	-1.1875e-002
2062	-2.4065e-002	0.	6.5203e-002	-4.8051e-003
2063	-6.3738e-003	0.	5.6778e-002	3.7316e-003
2067	-5.4545e-002	0.	4.5e-002	-2.2151e-002
2070	-3.4974e-002	0.	6.5203e-002	-1.3055e-002
2071	-5.4191e-002	0.	6.0001e-002	-1.8409e-002
2073	-7.6364e-002	0.	4.5e-002	-2.4188e-002
2076	-6.51e-002	0.	6.0001e-002	-2.0435e-002
2079	-9.8182e-002	0.	4.5e-002	-2.5671e-002
2082	-9.2904e-002	0.	6.5833e-002	-1.9677e-002
2083	-7.6009e-002	0.	6.0001e-002	-2.0445e-002
2084	-0.101	0.	5.5417e-002	-2.3272e-002
2087	-0.12	0.	4.5e-002	-2.6789e-002
2090	-0.11191	0.	5.5417e-002	-2.4745e-002
2093	-0.14182	0.	4.5e-002	-2.6549e-002
2096	-0.13654	0.	6.5833e-002	-2.1163e-002
2097	-0.14463	0.	5.5417e-002	-2.4555e-002
2098	-0.12282	0.	5.5417e-002	-2.439e-002
2101	-0.16364	0.	4.5e-002	-2.5051e-002
2104	-0.15554	0.	5.5417e-002	-2.467e-002
2106	-0.18545	0.	4.5e-002	-2.3065e-002
2109	-0.17943	0.	6.3612e-002	-1.8168e-002
2110	-0.16645	0.	5.5417e-002	-2.3057e-002
2112	-0.20727	0.	4.5e-002	-1.7346e-002
2115	-0.19034	0.	6.3612e-002	-1.7796e-002
2117	-0.22909	0.	4.5e-002	1.2385e-002
2120	-0.22458	0.	6.2932e-002	-6.1011e-003
2121	-0.20125	0.	6.3612e-002	-1.245e-002
2123	-0.24	0.	3.75e-002	5.7374e-002
2125	-0.23549	0.	6.2932e-002	1.8285e-002
2126	-0.25185	0.	5.0774e-002	3.0695e-002
2130	-0.24	0.	1.5e-002	0.10659
2131	-0.26273	0.	1.5e-002	6.3441e-002
2132	-0.25185	0.	4.3274e-002	5.1297e-002
2188	0.	0.	1.5e-002	0.10629
2189	2.2727e-002	0.	1.5e-002	6.3177e-002
2190	1.8114e-002	0.	3.9514e-002	5.144e-002
4173	0.13636	0.	0.	7.2413e-003
4174	6.8182e-002	0.	0.	2.9121e-002
4175	0.10494	0.	3.6376e-002	8.8594e-003
4176	6.3569e-002	0.	2.4514e-002	1.7384e-002
4185	0.22727	0.	0.	1.9974e-003
4186	0.19407	0.	6.2016e-002	2.2268e-003
4187	0.1504	0.	3.6376e-002	4.5059e-003
4197	0.31818	0.	0.	8.529e-004
4198	0.23953	0.	6.2016e-002	1.3363e-003
4199	0.29729	0.	6.7427e-002	8.675e-004
4207	0.40909	0.	0.	5.176e-004
4208	0.41382	0.	6.7887e-002	4.5618e-004
4209	0.34274	0.	6.7427e-002	6.135e-004
4217	0.5	0.	0.	3.4038e-004
4218	0.45927	0.	6.7887e-002	3.7488e-004
4225	0.59091	0.	0.	2.0595e-004
4226	0.50472	0.	6.7887e-002	2.7897e-004
4227	0.58631	0.	8.5e-002	2.0681e-004
4234	0.68182	0.	0.	1.4522e-004
4235	0.63177	0.	8.5e-002	1.6828e-004
4236	0.68908	0.	6.4646e-002	1.4279e-004
4242	0.77273	0.	0.	1.0977e-004
4243	0.73454	0.	6.4646e-002	1.2058e-004
4246	0.86364	0.	0.	8.722e-005
4247	0.84889	0.	6.5977e-002	8.612e-005
4248	0.77999	0.	6.4646e-002	1.0735e-004
4256	0.95455	0.	4.75e-002	7.6271e-005
4257	0.95455	0.	0.	7.6275e-005
4258	0.89434	0.	6.5977e-002	7.6805e-005
4261	-1.1036	0.	0.	8.6242e-005
4262	-1.1945	0.	4.75e-002	7.6133e-005
4263	-1.1945	0.	0.	7.637e-005
4264	-1.1344	0.	6.5963e-002	7.835e-005
4268	-1.0127	0.	0.	1.0752e-004
4269	-1.0889	0.	6.5963e-002	8.5655e-005
4270	-1.0188	0.	6.4566e-002	1.0152e-004
4278	-0.92182	0.	0.	1.3554e-004
4279	-0.97339	0.	6.4566e-002	1.1549e-004
4283	-0.83091	0.	0.	2.1654e-004
4284	-0.86216	0.	8.561e-002	1.573e-004
4285	-0.92794	0.	6.4566e-002	1.2955e-004
4290	-0.74	0.	0.	3.5633e-004
4291	-0.73919	0.	6.7083e-002	3.0623e-004
4292	-0.81671	0.	8.561e-002	2.2424e-004
4300	-0.64909	0.	0.	5.7782e-004
4301	-0.69374	0.	6.7083e-002	3.7908e-004
4307	-0.55818	0.	0.	1.0379e-003
4308	-0.64828	0.	6.7083e-002	5.2772e-004
4309	-0.57543	0.	5.8889e-002	6.7622e-004
4318	-0.46727	0.	0.	2.6566e-003
4319	-0.52998	0.	5.8889e-002	9.8771e-004
4320	-0.48219	0.	5.4792e-002	1.4938e-003
4327	-0.37636	0.	0.	7.8845e-003
4328	-0.38825	0.	4.6097e-002	3.8505e-003
4329	-0.43674	0.	5.4792e-002	2.801e-003
4338	-0.30818	0.	0.	3.0355e-002
4339	-0.34279	0.	4.6097e-002	7.7711e-003
4340	-0.31626	0.	3.2444e-002	1.1847e-002
4587	-1.24	0.	0.1425	6.9855e-005
4588	-1.24	0.	4.75e-002	7.3566e-005
4589	-1.1798	0.	0.11346	7.5546e-005
4594	-1.24	0.	0.2375	6.1922e-005
4595	-1.1798	0.	0.16096	7.2071e-005
4596	-1.1952	0.	0.21678	6.5877e-005
4600	-1.24	0.	0.3325	5.3499e-005
4601	-1.187	0.	0.32962	5.5538e-005
4602	-1.1952	0.	0.26428	6.1419e-005
4605	-1.24	0.	0.4275	4.6034e-005
4606	-1.187	0.	0.37712	5.1572e-005
4608	-1.24	0.	0.5225	3.6927e-005
4609	-1.174	0.	0.49438	4.0455e-005
4610	-1.187	0.	0.42462	4.8073e-005
4614	-1.24	0.	0.6175	2.8006e-005
4615	-1.174	0.	0.54188	3.4847e-005
4616	-1.1989	0.	0.60732	2.8574e-005
4620	-1.24	0.	0.7125	2.1441e-005
4621	-1.1989	0.	0.65482	2.526e-005
4623	-1.24	0.	0.8075	1.3937e-005
4624	-1.1627	0.	0.75871	1.7664e-005
4625	-1.1989	0.	0.70232	2.2008e-005
4626	-1.2059	0.	0.80293	1.4938e-005
4630	-1.24	0.	0.9025	7.2379e-006
4631	-1.2059	0.	0.85043	1.0686e-005
4637	-1.1933	0.	0.9975	3.6475e-006
4638	-1.24	0.	0.9975	3.3411e-006
4639	-1.1529	0.	0.93747	5.3027e-006
4640	-1.2059	0.	0.89793	8.2389e-006
4670	-1.1	0.	1.045	2.3416e-006
4671	-1.1933	0.	1.045	2.198e-006
4672	-1.1062	0.	0.98497	4.1596e-006
4675	-1.0067	0.	1.045	2.1898e-006
4676	-1.0595	0.	0.98497	3.9968e-006
4679	-0.91333	0.	1.045	2.3756e-006
4680	-1.0129	0.	0.98497	4.0079e-006
4681	-0.93305	0.	0.9814	4.3094e-006
4683	-0.82	0.	1.045	2.2246e-006
4684	-0.88639	0.	0.9814	4.4841e-006
4685	-0.83944	0.	0.99979	3.337e-006
4689	-0.72667	0.	1.045	1.4533e-006
4690	-0.73129	0.	0.99154	2.6274e-006
4691	-0.79277	0.	0.99979	3.0113e-006
4695	-0.63333	0.	1.045	5.917e-007
4696	-0.68462	0.	0.99154	2.1818e-006
4698	-0.54	0.	1.045	-4.8629e-007
4699	-0.63796	0.	0.99154	1.7658e-006
4700	-0.56861	0.	0.9858	1.589e-013
4704	-0.44667	0.	1.045	-1.6691e-006
4705	-0.52194	0.	0.9858	-6.6199e-007
4706	-0.46264	0.	0.98771	-2.8514e-006
4710	-0.35333	0.	1.045	-2.753e-006
4711	-0.363	0.	1.001	-3.7286e-006
4712	-0.41597	0.	0.98771	-3.3722e-006
4714	-0.26	0.	1.045	-4.3655e-006
4715	-0.31633	0.	1.001	-4.2917e-006
4719	-0.16667	0.	1.045	-4.6296e-006
4720	-0.22304	0.	0.97027	-1.0781e-005
4721	-0.16059	0.	0.99076	-8.9368e-006
4722	-0.26966	0.	1.001	-5.3411e-006
4727	-7.3333e-002	0.	1.045	-3.8879e-006
4728	-0.11392	0.	0.99076	-8.1516e-006
4730	2.e-002	0.	1.045	-3.8799e-006
4731	4.1667e-004	0.	0.9825	-6.9606e-006
4732	-6.7252e-002	0.	0.99076	-8.195e-006
4735	0.11333	0.	1.045	-2.7455e-006
4736	4.7083e-002	0.	0.9825	-6.9092e-006
4737	0.12253	0.	0.98737	-4.7637e-006
4741	0.20667	0.	1.045	-1.4377e-006
4742	0.1692	0.	0.98737	-3.6807e-006
4744	0.3	0.	1.045	-1.7198e-007
4745	0.21586	0.	0.98737	-3.4559e-006
4746	0.28292	0.	0.98104	-3.9393e-007
4751	0.39333	0.	1.045	1.1495e-006
4752	0.39357	0.	0.98803	2.315e-006
4753	0.32958	0.	0.98104	6.4702e-007
4757	0.48667	0.	1.045	1.6397e-006
4758	0.44024	0.	0.98803	2.5956e-006
4762	0.58	0.	1.045	2.5768e-006
4763	0.48691	0.	0.98803	2.8051e-006
4764	0.55426	0.	0.97909	3.6925e-006
4766	0.67333	0.	1.045	2.7625e-006
4767	0.60093	0.	0.97909	4.4201e-006
4768	0.66978	0.	0.99022	4.4389e-006
4773	0.76667	0.	1.045	2.53e-006
4774	0.71644	0.	0.99022	3.8971e-006
4776	0.86	0.	1.045	2.7084e-006
4777	0.83242	0.	0.98997	4.542e-006
4778	0.76311	0.	0.99022	4.2063e-006
4783	0.95333	0.	0.9975	3.8874e-006
4784	0.95333	0.	1.045	2.2233e-006
4785	0.87909	0.	0.98997	4.4112e-006
4813	1.	0.	0.9025	8.0529e-006
4814	1.	0.	0.9975	3.5331e-006
4815	0.92576	0.	0.94247	5.721e-006
4816	0.95258	0.	0.89095	8.4449e-006
4819	1.	0.	0.8075	1.4242e-005
4820	0.95258	0.	0.84345	1.1301e-005
4825	1.	0.	0.7125	2.1804e-005
4826	0.92635	0.	0.74119	1.946e-005
4827	0.95966	0.	0.70001	2.1171e-005
4828	0.95258	0.	0.79595	1.4634e-005
4831	1.	0.	0.6175	2.9232e-005
4832	0.95966	0.	0.65251	2.54e-005
4837	1.	0.	0.5225	3.8074e-005
4838	0.93417	0.	0.54164	3.5924e-005
4839	0.95966	0.	0.60501	2.8599e-005
4842	1.	0.	0.4275	4.8036e-005
4843	0.93417	0.	0.49414	4.1567e-005
4844	0.94702	0.	0.42462	4.9873e-005
4849	1.	0.	0.3325	5.5786e-005
4850	0.94702	0.	0.37712	5.4192e-005
4852	1.	0.	0.2375	6.3237e-005
4853	0.94702	0.	0.32962	5.7623e-005
4854	0.95516	0.	0.26428	6.1459e-005
4857	1.	0.	0.1425	7.0947e-005
4858	0.9398	0.	0.16098	7.1481e-005
4859	0.95516	0.	0.21678	6.5479e-005
4862	1.	0.	4.75e-002	7.4641e-005
4863	0.9398	0.	0.11348	7.5171e-005
4866	2.2727e-002	0.	0.	8.9765e-002
4874	-0.26273	0.	0.	9.205e-002
4883	4.0842e-002	0.	2.4514e-002	3.491e-002
4893	-0.29353	0.	3.2444e-002	3.0397e-002
4894	-0.27458	0.	2.8274e-002	3.6762e-002
4904	7.6667e-002	0.	0.6075	-4.4678e-005
4905	0.15419	0.	0.48157	2.8318e-007
4906	0.19162	0.	0.53927	-7.7375e-006
4907	0.14492	0.	0.60183	-2.75e-005
4908	6.7612e-002	0.	0.55234	-6.9442e-005
4909	0.1052	0.	0.50333	-8.0417e-005
4914	-0.44861	0.	0.56	-1.6545e-005
4915	-0.35842	0.	0.48409	-6.1441e-005
4916	-0.31651	0.	0.55319	-8.3269e-005
4917	-0.39895	0.	0.59798	-3.0353e-005
4918	-0.41333	0.	0.50937	-1.1007e-005
4919	-0.32705	0.	0.6036	-5.1635e-005
4925	-2.3103e-002	0.	0.33086	-5.222e-004
4926	1.3686e-002	0.	0.33744	-3.6846e-004
4927	-2.0947e-002	0.	0.26375	-9.3699e-004
4928	-3.4318e-002	0.	0.295	-7.5025e-004
4929	1.1227e-002	0.	0.26152	-4.2027e-004
4930	3.1774e-002	0.	0.29786	-3.2436e-004
4935	-0.34423	0.	0.24222	4.2197e-004
4936	-0.26533	0.	0.29116	-3.6268e-004
4937	-0.3	0.	0.31929	-1.5705e-004
4938	-0.30151	0.	0.25568	-3.6589e-005
4939	-0.35917	0.	0.28155	1.319e-004
4940	-0.33742	0.	0.31001	-4.7175e-005
4946	-0.82733	0.	0.41491	8.1324e-005
4947	-0.73933	0.	0.54582	4.7128e-005
4948	-0.87279	0.	0.50991	5.293e-005
4949	-0.74821	0.	0.42473	9.8829e-005
4950	-0.81401	0.	0.56142	4.7618e-005
4951	-0.70882	0.	0.48598	6.4728e-005
4952	-0.85006	0.	0.46241	6.3718e-005
4958	0.57989	0.	0.42264	8.4808e-005
4959	0.48073	0.	0.51926	6.1138e-005
4960	0.63611	0.	0.52	5.2864e-005
4961	0.50767	0.	0.44999	9.2333e-005
4962	0.51278	0.	0.58125	4.3679e-005
4963	0.58292	0.	0.57687	4.7473e-005
4964	0.61668	0.	0.46405	6.4542e-005
4968	-3.9754e-002	0.	0.17661	-2.9129e-003
4969	-6.6553e-002	0.	0.14215	-6.2843e-003
4970	-8.9212e-002	0.	0.14917	-6.4792e-003
4971	-0.1054	0.	0.17	-4.1993e-003
4972	-5.4199e-002	0.	0.20125	-2.737e-003
4973	-8.6484e-002	0.	0.20125	-3.0922e-003
4974	-4.2848e-002	0.	0.14917	-3.1403e-003
4979	1.7799e-002	0.	0.17023	-3.1388e-004
4980	-2.5328e-002	0.	0.20786	-1.5508e-003
4981	-1.3977e-002	0.	0.15578	-1.9541e-003
4982	6.8464e-003	0.	0.20564	-1.0341e-003
4986	-0.23929	0.	0.17	-1.2033e-003
4987	-0.24594	0.	0.19847	-3.659e-004
4988	-0.28057	0.	0.19702	1.2469e-004
4989	-0.25817	0.	0.15104	-3.4096e-004
4990	-0.27892	0.	0.14137	1.7848e-003
4991	-0.29366	0.	0.16553	7.738e-004
4995	-0.578	0.	0.32594	2.0337e-004
4996	-0.49593	0.	0.37289	1.0448e-004
4997	-0.62766	0.	0.37159	1.3402e-004
4998	-0.50779	0.	0.42865	8.0278e-005
4999	-0.58828	0.	0.43284	9.9916e-005
5000	-0.52656	0.	0.34311	1.8137e-004
5005	0.31219	0.	0.27466	3.3067e-004
5006	0.21343	0.	0.34532	2.1982e-004
5007	0.19397	0.	0.28942	2.3665e-004
5008	0.22574	0.	0.19827	9.8509e-004
5009	0.27907	0.	0.34339	2.5785e-004
5010	0.2835	0.	0.20368	5.1626e-004
5011	0.20412	0.	0.25542	4.919e-004
5016	-0.13874	0.	0.41158	-3.9797e-004
5017	-0.16578	0.	0.38832	-4.8555e-004
5018	-0.21166	0.	0.42141	-3.1161e-004
5019	-0.14865	0.	0.4434	-3.1605e-004
5020	-0.18346	0.	0.46157	-2.8851e-004
5021	-0.19541	0.	0.39342	-3.9622e-004
5025	-7.2791e-002	0.	0.50591	-2.1019e-004
5026	-4.8714e-002	0.	0.55492	-1.3565e-004
5027	-0.15278	0.	0.58293	-1.3453e-004
5028	-0.11469	0.	0.50891	-2.1384e-004
5029	-0.11128	0.	0.59542	-1.2766e-004
5030	-0.1495	0.	0.52708	-1.863e-004
5035	-0.55579	0.	0.80703	-9.4869e-007
5036	-0.41755	0.	0.77173	-1.5493e-005
5037	-0.45395	0.	0.72298	-9.6055e-006
5038	-0.51361	0.	0.8608	-3.9429e-006
5039	-0.41085	0.	0.8219	-1.108e-005
5040	-0.52775	0.	0.74295	1.2941e-009
5041	-0.45431	0.	0.86271	-6.1323e-006
5045	0.28194	0.	0.72667	2.9977e-006
5046	0.15917	0.	0.795	-1.4509e-005
5047	0.19992	0.	0.72683	-1.2778e-005
5048	0.30417	0.	0.79208	-6.7981e-007
5049	0.20753	0.	0.86237	-5.4554e-006
5050	0.27458	0.	0.85604	-2.3935e-006
5053	-0.1099	0.	0.76024	-4.476e-005
5054	1.251e-002	0.	0.79878	-2.8183e-005
5055	-1.4573e-002	0.	0.86128	-2.1276e-005
5056	-8.2241e-002	0.	0.86954	-2.251e-005
5057	-5.8323e-002	0.	0.75191	-4.5525e-005
5058	-0.10916	0.	0.81541	-3.1345e-005
5063	0.57417	0.	0.78042	1.4645e-005
5064	0.60843	0.	0.84534	1.087e-005
5065	0.62208	0.	0.71062	2.4041e-005
5066	0.67667	0.	0.73	2.0893e-005
5067	0.67728	0.	0.85647	1.0889e-005
5068	0.71047	0.	0.7958	1.5046e-005
5072	-0.84718	0.	0.70311	2.5522e-005
5073	-0.79783	0.	0.75073	1.8058e-005
5074	-0.88457	0.	0.8455	1.2608e-005
5075	-0.82506	0.	0.81024	1.384e-005
5076	-0.90735	0.	0.72785	2.2695e-005
5077	-0.91867	0.	0.79233	1.5925e-005
5083	-0.14991	0.	0.26375	-1.4649e-003
5084	-0.17402	0.	0.295	-8.6638e-004
5085	-0.11763	0.	0.26375	-1.5795e-003
5086	-9.8712e-002	0.	0.295	-1.0376e-003
5087	-0.14428	0.	0.32625	-8.3658e-004
5088	-0.11461	0.	0.31968	-8.6424e-004
5092	0.61181	0.	0.25264	1.3785e-004
5093	0.52423	0.	0.36264	1.1407e-004
5094	0.53786	0.	0.30414	1.4389e-004
5095	0.63324	0.	0.3767	8.6281e-005
5096	0.64955	0.	0.31112	9.8741e-005
5102	-0.85297	0.	0.25561	1.3233e-004
5103	-0.77886	0.	0.34982	1.1716e-004
5104	-0.81409	0.	0.30126	1.381e-004
5105	-0.88071	0.	0.3875	8.2052e-005
5106	-0.90573	0.	0.32125	9.2559e-005
5110	-0.12598	0.	0.1075	-1.2375e-002
5111	-0.12035	0.	8.6667e-002	-1.5524e-002
5112	-0.15836	0.	0.1075	-1.1366e-002
5113	-0.16325	0.	8.4446e-002	-1.4395e-002
5114	-0.15027	0.	7.625e-002	-1.9284e-002
5115	-0.12845	0.	7.625e-002	-1.9119e-002
5120	0.36267	0.	0.59343	3.5208e-005
5121	0.32734	0.	0.53103	3.9194e-005
5122	0.42506	0.	0.45925	9.0403e-005
5123	0.35556	0.	0.4714	8.5245e-005
5124	0.43017	0.	0.59051	4.1749e-005
5130	-0.22529	0.	0.69006	-5.5512e-005
5131	-0.18136	0.	0.66682	-7.9469e-005
5132	-0.11157	0.	0.70958	-5.7724e-005
5133	-0.13986	0.	0.67931	-7.2601e-005
5134	-0.16241	0.	0.77309	-4.3544e-005
5135	-0.20826	0.	0.75155	-4.3515e-005
5140	-0.53991	0.	0.2401	4.7858e-004
5141	-0.64667	0.	0.20125	3.0118e-004
5142	-0.65007	0.	0.31399	2.0402e-004
5143	-0.57382	0.	0.19306	4.4968e-004
5144	-0.6853	0.	0.26543	2.2496e-004
5145	-0.54896	0.	0.2855	2.5138e-004
5149	-0.42716	0.	0.20449	7.9696e-004
5150	-0.51332	0.	0.16483	6.5489e-004
5151	-0.46554	0.	0.16073	1.161e-003
5152	-0.48847	0.	0.25727	4.5658e-004
5153	-0.4421	0.	0.24382	5.0689e-004
5157	-0.60626	0.	0.58841	2.3691e-005
5158	-0.75665	0.	0.61741	3.1756e-005
5159	-0.7073	0.	0.66504	2.4293e-005
5160	-0.65147	0.	0.54197	4.8866e-005
5161	-0.6304	0.	0.64635	1.9489e-005
5166	-0.17455	0.	0.17	-3.4813e-003
5167	-0.19073	0.	0.14917	-4.752e-003
5168	-0.18792	0.	0.20125	-2.2596e-003
5169	-0.21357	0.	0.19847	-1.8256e-003
5170	-0.22579	0.	0.15104	-1.8006e-003
5174	-7.2953e-003	0.	0.3733	-3.917e-004
5175	-4.184e-002	0.	0.41419	-3.9937e-004
5176	-7.3826e-002	0.	0.38537	-4.8494e-004
5177	-5.53e-002	0.	0.33086	-7.7349e-004
5178	-7.1193e-002	0.	0.35554	-6.0017e-004
5182	6.9508e-002	0.	0.19157	7.3465e-004
5183	0.11766	0.	0.26612	2.1963e-004
5184	0.12781	0.	0.23212	4.7489e-004
5185	0.10444	0.	0.18995	1.2538e-003
5186	5.8555e-002	0.	0.22698	1.4401e-005
5187	7.9102e-002	0.	0.26332	1.1031e-004
5190	3.6742e-002	0.	0.12765	2.8662e-003
5191	8.141e-002	0.	0.15562	1.618e-003
5192	1.4705e-002	0.	0.14279	-5.413e-004
5193	3.5528e-002	0.	0.19264	3.7866e-004
5194	5.8552e-002	0.	0.13148	2.7957e-003
5200	0.78861	0.	0.52164	4.1039e-005
5201	0.74017	0.	0.46698	5.0408e-005
5202	0.65569	0.	0.58687	3.7268e-005
5203	0.71028	0.	0.60625	3.412e-005
5204	0.75824	0.	0.57268	3.7066e-005
5205	0.68946	0.	0.47405	5.4337e-005
5209	-1.0285	0.	0.52188	4.0623e-005
5210	-0.98017	0.	0.46698	4.8922e-005
5211	-0.89011	0.	0.58151	3.7558e-005
5212	-0.95028	0.	0.60625	3.4732e-005
5213	-0.99717	0.	0.57486	3.5425e-005
5214	-0.92616	0.	0.4825	5.3659e-005
5218	-0.20276	0.	0.1046	-3.5214e-003
5219	-0.20765	0.	8.1544e-002	-6.5503e-003
5220	-0.23782	0.	0.10648	-5.7005e-004
5221	-0.25857	0.	9.6798e-002	1.5557e-003
5222	-0.24734	0.	6.8706e-002	1.2208e-002
5230	-4.5396e-002	0.	9.9858e-002	-7.2275e-003
5231	-8.7139e-002	0.	0.12132	-8.6645e-003
5232	-8.1508e-002	0.	0.10049	-1.1813e-002
5233	-4.0775e-002	0.	0.12132	-5.3255e-003
5234	-6.4613e-002	0.	9.4656e-002	-1.2581e-002
5239	0.42162	0.	0.2063	2.852e-004
5240	0.41562	0.	0.3334	1.8927e-004
5241	0.34612	0.	0.34555	1.8411e-004
5242	0.35054	0.	0.20584	4.4252e-004
5243	0.42926	0.	0.27491	2.1909e-004
5248	-5.051e-003	0.	0.42078	-2.4563e-004
5249	5.6616e-002	0.	0.42078	-1.8207e-004
5250	4.7582e-002	0.	0.34031	-1.9386e-004
5251	6.8009e-002	0.	0.38127	-1.5376e-004
5255	-0.66208	0.	0.87857	4.5843e-006
5256	-0.59273	0.	0.87283	2.8185e-006
5257	-0.68377	0.	0.77366	1.1566e-005
5258	-0.60687	0.	0.75498	6.7627e-006
5259	-0.711	0.	0.83317	7.3475e-006
5263	0.47357	0.	0.8572	8.4228e-006
5264	0.48444	0.	0.71792	1.8687e-005
5265	0.54093	0.	0.84826	9.3102e-006
5266	0.43917	0.	0.78625	8.4685e-006
5267	0.55458	0.	0.71354	2.2481e-005
5271	3.4544e-004	0.	9.173e-002	-6.7605e-004
5272	-2.1692e-002	0.	0.10687	-4.0835e-003
5273	-4.5529e-002	0.	8.0204e-002	-1.1339e-002
5274	-8.6209e-003	0.	7.6981e-002	2.5512e-003
5279	-1.0843	0.	0.19846	7.7524e-005
5280	-1.0302	0.	0.33448	6.6129e-005
5281	-1.0915	0.	0.31962	6.5448e-005
5282	-1.0143	0.	0.19707	9.3394e-005
5283	-1.0012	0.	0.28375	8.1372e-005
5284	-1.0997	0.	0.25428	7.1329e-005
5290	0.84429	0.	0.19848	7.7032e-005
5291	0.79022	0.	0.33448	6.8259e-005
5292	0.85151	0.	0.31962	6.7194e-005
5293	0.77539	0.	0.19715	9.8259e-005
5294	0.75582	0.	0.27597	8.4647e-005
5295	0.85965	0.	0.25428	7.103e-005
5300	-0.28889	0.	0.87217	-1.5299e-005
5301	-0.17029	0.	0.91603	-1.4303e-005
5302	-0.27936	0.	0.92626	-1.0708e-005
5303	-0.1972	0.	0.8619	-2.3138e-005
5304	-0.24306	0.	0.84036	-2.311e-005
5309	5.4167e-002	0.	0.7325	-3.9253e-005
5310	9.4924e-002	0.	0.66433	-3.7522e-005
5311	1.7612e-002	0.	0.61484	-7.9465e-005
5312	-1.6667e-002	0.	0.68562	-5.6595e-005
5313	-4.4949e-002	0.	0.65535	-7.1472e-005
5318	-0.48089	0.	0.61298	2.3073e-006
5319	-0.49528	0.	0.52437	2.1653e-005
5320	-0.57576	0.	0.52857	4.1291e-005
5321	-0.55469	0.	0.63295	1.1914e-005
5324	0.21914	0.	0.47584	2.7201e-005
5325	0.16224	0.	0.36224	5.2051e-005
5326	0.24735	0.	0.41621	7.3252e-005
5327	0.13272	0.	0.4399	-4.5478e-005
5328	0.14411	0.	0.4004	-1.7174e-005
5332	-0.39322	0.	0.3927	9.5928e-007
5333	-0.44814	0.	0.41798	5.1393e-005
5334	-0.4669	0.	0.33245	1.5248e-004
5335	-0.42053	0.	0.31899	2.028e-004
5336	-0.39878	0.	0.34746	2.3717e-005
5340	-0.39483	0.	0.69972	-1.7388e-005
5341	-0.32294	0.	0.70534	-3.8671e-005
5342	-0.35174	0.	0.79863	-1.8863e-005
5343	-0.3059	0.	0.76682	-2.6674e-005
5347	-0.30826	0.	0.49228	-9.5505e-005
5348	-0.40508	0.	0.44847	-2.3243e-005
5349	-0.31831	0.	0.38723	-1.6079e-004
5350	-0.29979	0.	0.42344	-1.627e-004
5351	-0.35573	0.	0.37794	-5.0919e-005
5356	0.54558	0.	0.15289	2.413e-004
5357	0.39292	0.	0.13531	4.7079e-004
5358	0.47164	0.	0.20438	2.4735e-004
5364	-1.0756	0.	0.84118	1.1477e-005
5365	-1.0185	0.	0.71996	2.1866e-005
5366	-1.0654	0.	0.68856	2.2559e-005
5367	-1.1216	0.	0.70102	2.1484e-005
5368	-1.1286	0.	0.80163	1.4413e-005
5369	-1.0298	0.	0.78443	1.5097e-005
5373	0.78218	0.	0.70244	2.3463e-005
5374	0.83014	0.	0.66887	2.6409e-005
5375	0.886	0.	0.6812	2.3056e-005
5376	0.87893	0.	0.77714	1.6519e-005
5377	0.81598	0.	0.76825	1.7616e-005
5381	-0.36479	0.	0.14465	2.3236e-003
5382	-0.41328	0.	0.15334	1.2741e-003
5383	-0.33219	0.	0.21057	4.5157e-004
5384	-0.38985	0.	0.23643	6.2006e-004
5385	-0.34528	0.	0.17908	1.1007e-003
5389	0.29189	0.	0.59594	1.5194e-005
5390	0.2452	0.	0.6585	-4.5678e-006
5391	0.39472	0.	0.65542	1.7749e-005
5392	0.34944	0.	0.72375	7.53e-006
5398	4.9663e-003	0.	0.11319	1.226e-003
5399	4.8813e-002	0.	0.10189	4.5629e-003
5400	3.1616e-002	0.	7.3542e-002	1.3903e-002
5401	1.8037e-002	0.	8.3306e-002	7.8607e-003
5406	0.12242	0.	0.72683	-2.2074e-005
5407	5.4583e-002	0.	0.8575	-1.6898e-005
5408	0.13003	0.	0.86237	-1.4752e-005
5409	1.0833e-002	0.	0.74812	-4.1147e-005
5414	-0.77045	0.	0.15269	2.4699e-004
5415	-0.62008	0.	0.12597	4.7748e-004
5416	-0.73157	0.	0.19835	2.5275e-004
5420	-1.5519e-002	0.	0.51068	-1.7877e-004
5421	2.2071e-002	0.	0.46167	-1.8974e-004
5422	-7.1582e-002	0.	0.43285	-3.3887e-004
5423	-8.1494e-002	0.	0.46467	-2.5695e-004
5427	-0.80908	0.	0.21687	1.7077e-004
5428	-0.91374	0.	0.15018	1.3725e-004
5429	-0.90072	0.	0.23686	1.2523e-004
5434	0.55322	0.	0.2215	1.7519e-004
5435	0.68449	0.	0.14965	1.4365e-004
5436	0.66491	0.	0.22847	1.3004e-004
5442	0.20987	0.	0.5961	-5.8124e-007
5443	0.28478	0.	0.47391	6.5232e-005
5446	0.15293	0.	0.27234	3.2414e-004
5447	0.10423	0.	0.30354	-4.0444e-005
5448	0.12465	0.	0.3445	-3.4453e-007
5454	-0.10417	0.	0.1075	-1.2008e-002
5455	-0.12598	0.	0.14917	-6.5796e-003
5456	-0.14217	0.	0.12833	-7.8502e-003
5461	-0.66035	0.	0.42089	1.0057e-004
5462	-0.73497	0.	0.31108	1.556e-004
5466	-0.2769	0.	0.61179	-8.5699e-005
5467	-0.23296	0.	0.58854	-1.0966e-004
5468	-0.25788	0.	0.49253	-1.8452e-004
5469	-0.22968	0.	0.53269	-1.6143e-004
5473	-8.1641e-002	0.	8.0834e-002	-1.5924e-002
5474	-0.10663	0.	7.625e-002	-1.8751e-002
5479	-0.15836	0.	0.14917	-5.5703e-003
5480	-0.15554	0.	0.20125	-3.0779e-003
5481	-0.12326	0.	0.20125	-3.1925e-003
5489	-7.2058e-002	0.	0.2325	-1.7302e-003
5490	-5.3144e-002	0.	0.26375	-1.1883e-003
5491	-7.5987e-003	0.	0.23027	-8.583e-004
5495	0.26409	0.	0.12944	1.0969e-003
5496	0.18471	0.	0.18118	1.0726e-003
5497	0.16133	0.	0.13902	1.8515e-003
5498	0.16265	0.	9.8393e-002	3.8449e-003
5503	0.7822	0.	0.93519	5.9091e-006
5504	0.87834	0.	0.88342	8.9688e-006
5505	0.81539	0.	0.87452	1.0066e-005
5510	-0.98592	0.	0.92138	6.1164e-006
5511	-1.1188	0.	0.8854	8.7511e-006
5512	-1.02	0.	0.8682	9.4344e-006
5518	-0.17943	0.	0.10528	-9.8699e-003
5519	-0.20961	0.	0.13021	-3.8896e-003
5524	-0.35933	0.	0.65659	-3.2783e-005
5525	-0.50503	0.	0.67093	-1.8941e-006
5529	-0.19302	0.	0.26375	-1.2577e-003
5530	-0.13663	0.	0.2325	-1.9708e-003
5531	-0.19457	0.	0.22972	-1.4222e-003
5536	0.3825	0.	0.40213	1.1644e-004
5537	0.46564	0.	0.33149	1.5142e-004
5540	-0.17134	0.	7.4029e-002	-1.7788e-002
5548	-0.6199	0.	0.93234	1.5901e-006
5549	-0.73817	0.	0.89268	6.119e-006
5550	-0.75073	0.	0.94633	3.7397e-006
5555	0.50783	0.	0.92213	4.6484e-006
5556	0.40607	0.	0.86012	3.8067e-006
5557	0.37649	0.	0.92408	2.093e-006
5562	-0.25179	0.	0.32313	-4.5354e-004
5563	-0.21867	0.	0.26097	-8.2367e-004
5564	-0.18739	0.	0.32625	-6.2938e-004
5565	-0.2533	0.	0.25952	-3.3308e-004
5566	-0.21701	0.	0.33136	-5.4005e-004
5570	4.6148e-002	0.	0.51068	-1.152e-004
5571	-5.4003e-002	0.	0.60019	-9.6236e-005
5576	-0.32815	0.	7.8541e-002	7.8132e-003
5577	-0.40316	0.	0.10089	2.6877e-003
5578	-0.32042	0.	0.10246	3.5252e-003
5579	-0.33517	0.	0.12662	2.5142e-003
5586	-0.29389	0.	8.881e-002	7.6013e-003
5587	-0.28266	0.	6.0718e-002	1.8254e-002
5591	-0.49944	0.	0.11368	1.1321e-003
5597	-1.0597	0.	0.45885	4.6674e-005
5598	-1.121	0.	0.444	4.5994e-005
5599	-1.0767	0.	0.56673	3.3177e-005
5600	-1.1329	0.	0.57919	3.2102e-005
5604	0.81989	0.	0.45862	4.8788e-005
5605	0.88119	0.	0.44376	4.7724e-005
5606	0.83796	0.	0.56432	3.5446e-005
5607	0.89383	0.	0.57665	3.2092e-005
5612	-0.54048	0.	0.47794	4.6828e-005
5616	-4.0168e-002	0.	0.92826	-1.1224e-005
5617	0.10295	0.	0.92487	-7.8443e-006
5622	0.41694	0.	0.72083	1.4071e-005
5623	0.53236	0.	0.64812	2.8084e-005
5632	-0.2435	0.	0.63896	-7.8023e-005
5633	-0.2704	0.	0.72369	-4.2069e-005
5638	0.64403	0.	0.92431	5.5546e-006
5643	0.8107	0.	0.13062	9.6932e-005
5644	0.89495	0.	0.18775	6.9703e-005
5651	-1.0496	0.	0.13053	9.3633e-005
5652	-1.135	0.	0.18774	7.1568e-005
5655	-0.49125	0.	0.92851	-2.3651e-006
5661	0.34208	0.	0.85312	2.1388e-006
5665	0.83274	0.	0.3891	5.7094e-005
5666	0.72074	0.	0.41103	6.2086e-005
5667	0.73705	0.	0.34545	7.4546e-005
5672	-1.0727	0.	0.3891	5.4292e-005
5673	-0.95744	0.	0.41948	5.971e-005
5674	-0.98247	0.	0.35323	7.0216e-005
5679	-0.78198	0.	0.68064	2.4783e-005
5680	-0.8915	0.	0.65776	2.942e-005
5683	0.65708	0.	0.66312	2.873e-005
5688	-8.5429e-002	0.	0.26375	-1.5435e-003
5693	-0.65573	0.	0.70958	1.2516e-005
5694	-0.75986	0.	0.78778	1.3101e-005
5698	-0.26793	0.	0.38748	-2.4981e-004
5699	-0.32387	0.	0.34198	-1.3803e-004
5700	-0.25168	0.	0.35949	-3.3441e-004
5703	-0.33551	0.	0.90288	-9.8585e-006
5704	-0.2992	0.	0.81698	-2.2261e-005
5705	-0.38849	0.	0.88961	-9.5021e-006
5709	-0.13475	0.	0.88238	-2.1293e-005
5717	-0.8466	0.	0.88255	7.6501e-006
5718	-0.85916	0.	0.93619	5.2708e-006
5719	-0.94021	0.	0.86463	9.7359e-006
5724	0.24545	0.	0.92341	-2.6369e-006
5736	9.5131e-002	0.	0.42216	-9.7874e-005
5745	-0.25485	0.	0.22548	-4.9757e-004
5749	0.13971	0.	0.19617	1.3583e-003
5754	9.348e-002	0.	0.12986	3.3148e-003
5755	0.11766	0.	0.11338	4.1306e-003
5762	-0.13061	0.	0.38077	-5.1201e-004
5763	-0.11348	0.	0.43585	-3.4251e-004
5764	-0.10093	0.	0.3742	-5.3966e-004
5768	-0.15807	0.	0.6282	-9.5112e-005
5769	-0.19629	0.	0.55986	-1.5375e-004
5774	-8.8282e-002	0.	0.67097	-7.3367e-005
5783	-8.2408e-002	0.	0.31968	-8.2821e-004
5787	-0.12798	0.	0.35093	-6.2724e-004
5788	-0.18728	0.	0.36261	-5.1025e-004
5798	-1.1422	0.	0.3089	5.9493e-005
5803	0.90217	0.	0.3089	5.9865e-005
5808	-0.9665	0.	0.21582	9.7481e-005
5814	0.72222	0.	0.20812	1.0455e-004
5820	4.5122e-002	0.	0.26439	-2.4568e-004
5828	-0.79965	0.	0.90093	6.5029e-006
5832	-0.30257	0.	0.19254	6.4212e-004
5837	0.75963	0.	0.64893	2.8527e-005
5838	0.74547	0.	0.7483	1.9735e-005
5840	-0.99855	0.	0.65111	2.7286e-005
5841	-0.96299	0.	0.74698	1.9824e-005
5844	0.74608	0.	0.87477	9.7305e-006
5848	-0.22121	0.	0.46385	-2.2862e-004
5849	-0.23315	0.	0.3957	-3.3632e-004
5854	-0.26542	0.	0.12241	1.1875e-003
5858	-1.1016	0.	0.63217	2.6903e-005
5863	0.86345	0.	0.62769	2.812e-005
5867	-0.1582	0.	0.48584	-2.3306e-004
5871	-0.37897	0.	0.9437	-4.9109e-006
5880	9.48e-002	0.	8.924e-002	5.3082e-003
5881	5.3426e-002	0.	7.7377e-002	1.3833e-002
5885	8.6097e-002	0.	0.3417	-1.0967e-004
5888	-0.45116	0.	0.28922	2.7968e-004
5892	7.7603e-002	0.	6.089e-002	1.4649e-002
5896	-0.38304	0.	0.30423	1.5092e-004
5901	2.265e-002	0.	5.8792e-002	1.7131e-002
5914	0.84222	0.	0.823	1.279e-005
5917	-0.20752	0.	0.80672	-3.01e-005
5936	-0.92846	0.	0.36875	7.4953e-005
5940	0.68634	0.	0.35252	7.8475e-005
5951	-0.30091	0.	0.13689	2.3023e-003
5952	-0.27493	0.	8.464e-002	1.3966e-002
