Node Number	X Location (m)	Y Location (m)	Z Location (m)	Directional Magnetic Flux Density (T)
115	-0.44	0.	5.5e-002	0.35957
116	-0.418	0.	5.5e-002	0.515
117	-0.396	0.	5.5e-002	0.76135
118	-0.352	0.	5.5e-002	1.0384
119	-0.308	0.	5.5e-002	1.2082
120	-0.264	0.	5.5e-002	1.3172
121	-0.22	0.	5.5e-002	1.3637
122	-0.176	0.	5.5e-002	1.3228
123	-0.132	0.	5.5e-002	1.2196
124	-8.8e-002	0.	5.5e-002	1.044
125	-4.4e-002	0.	5.5e-002	0.80293
126	0.	0.	5.5e-002	0.36368
127	-2.2e-002	0.	5.5e-002	0.57134
205	-2.2e-002	0.	-5.5e-002	0.56386
206	0.	0.	-5.5e-002	0.36878
207	-4.4e-002	0.	-5.5e-002	0.80242
208	-8.8e-002	0.	-5.5e-002	1.0705
209	-0.132	0.	-5.5e-002	1.2332
210	-0.176	0.	-5.5e-002	1.3126
211	-0.22	0.	-5.5e-002	1.3545
212	-0.264	0.	-5.5e-002	1.3182
213	-0.308	0.	-5.5e-002	1.2117
214	-0.352	0.	-5.5e-002	1.0453
215	-0.396	0.	-5.5e-002	0.7728
216	-0.418	0.	-5.5e-002	0.53684
217	-0.44	0.	-5.5e-002	0.37311
595	0.	0.	0.	0.39417
596	-0.44	0.	0.	0.44642
1044	-4.4e-002	0.	0.	0.77003
1045	-0.1306	0.	8.6736e-019	1.1907
1046	-0.21707	0.	0.	1.3468
1047	-0.286	0.	0.	1.252
1048	-0.35131	0.	1.9516e-018	1.0082
2682	-0.429	0.	5.5e-002	0.43728
2684	-0.44	0.	2.75e-002	0.403
2690	-0.407	0.	5.5e-002	0.63817
2692	-0.429	0.	2.75e-002	0.48071
2695	-0.374	0.	5.5e-002	0.89988
2697	-0.418	0.	2.75e-002	0.60388
2698	-0.37366	0.	2.75e-002	0.88476
2701	-0.33	0.	5.5e-002	1.1233
2703	-0.35166	0.	2.75e-002	1.0233
2706	-0.286	0.	5.5e-002	1.2627
2708	-0.297	0.	2.75e-002	1.2301
2709	-0.32966	0.	2.75e-002	1.1082
2712	-0.242	0.	5.5e-002	1.3404
2714	-0.24054	0.	2.75e-002	1.332
2715	-0.275	0.	2.75e-002	1.2846
2719	-0.198	0.	5.5e-002	1.3432
2721	-0.21854	0.	2.75e-002	1.3552
2724	-0.154	0.	5.5e-002	1.2712
2726	-0.1533	0.	2.75e-002	1.2567
2727	-0.19654	0.	2.75e-002	1.3348
2730	-0.11	0.	5.5e-002	1.1318
2732	-0.1313	0.	2.75e-002	1.2051
2735	-6.6e-002	0.	5.5e-002	0.92345
2737	-6.6e-002	0.	2.75e-002	0.907
2738	-0.1093	0.	2.75e-002	1.1173
2741	-3.3e-002	0.	5.5e-002	0.68713
2743	-4.4e-002	0.	2.75e-002	0.78648
2746	-1.1e-002	0.	5.5e-002	0.46751
2748	0.	0.	2.75e-002	0.37892
2752	-1.1e-002	0.	2.75e-002	0.48275
2753	-3.3e-002	0.	2.75e-002	0.67069
3123	-1.1e-002	0.	-5.5e-002	0.46632
3124	-3.3e-002	0.	-5.5e-002	0.68314
3125	-1.1e-002	0.	-2.75e-002	0.47902
3126	-3.3e-002	0.	-2.75e-002	0.66695
3131	0.	0.	-2.75e-002	0.38147
3137	-6.6e-002	0.	-5.5e-002	0.93647
3138	-4.4e-002	0.	-2.75e-002	0.78623
3141	-0.11	0.	-5.5e-002	1.1519
3142	-6.6e-002	0.	-2.75e-002	0.92027
3143	-0.1093	0.	-2.75e-002	1.1306
3147	-0.154	0.	-5.5e-002	1.2729
3148	-0.1313	0.	-2.75e-002	1.212
3151	-0.198	0.	-5.5e-002	1.3335
3152	-0.1533	0.	-2.75e-002	1.2516
3153	-0.19654	0.	-2.75e-002	1.3297
3158	-0.242	0.	-5.5e-002	1.3363
3159	-0.21854	0.	-2.75e-002	1.3506
3162	-0.286	0.	-5.5e-002	1.2649
3163	-0.24054	0.	-2.75e-002	1.3325
3164	-0.275	0.	-2.75e-002	1.2851
3167	-0.33	0.	-5.5e-002	1.1285
3168	-0.297	0.	-2.75e-002	1.2318
3169	-0.32966	0.	-2.75e-002	1.1099
3172	-0.374	0.	-5.5e-002	0.90903
3173	-0.35166	0.	-2.75e-002	1.0267
3176	-0.407	0.	-5.5e-002	0.65482
3177	-0.418	0.	-2.75e-002	0.60961
3178	-0.37366	0.	-2.75e-002	0.89048
3182	-0.429	0.	-5.5e-002	0.45497
3183	-0.429	0.	-2.75e-002	0.49163
3188	-0.44	0.	-2.75e-002	0.40976
5509	-2.2e-002	0.	0.	0.5821
5518	-0.39566	0.	9.7582e-019	0.7273
8505	-8.7298e-002	0.	4.3368e-019	0.98037
8511	-0.17384	0.	4.3368e-019	1.2688
8520	-0.25154	0.	0.	1.2994
8528	-0.31866	0.	9.7582e-019	1.1301
78	-0.418	0.	-6.875e-002	2.6294e-002
79	-0.396	0.	-6.875e-002	-1.5603e-002
80	-0.352	0.	-6.875e-002	-2.4338e-002
81	-0.308	0.	-6.875e-002	-2.906e-002
82	-0.264	0.	-6.875e-002	-3.0217e-002
83	-0.22	0.	-6.875e-002	-3.0311e-002
84	-0.176	0.	-6.875e-002	-2.9871e-002
85	-0.132	0.	-6.875e-002	-2.8519e-002
86	-8.8e-002	0.	-6.875e-002	-2.4774e-002
87	-4.4e-002	0.	-6.875e-002	-1.5891e-002
88	-2.2e-002	0.	-6.875e-002	2.6383e-002
89	-2.2e-002	0.	6.875e-002	2.8084e-002
90	-4.4e-002	0.	6.875e-002	-1.5206e-002
91	-8.8e-002	0.	6.875e-002	-2.4554e-002
92	-0.132	0.	6.875e-002	-2.8837e-002
93	-0.176	0.	6.875e-002	-2.9824e-002
94	-0.22	0.	6.875e-002	-3.0304e-002
95	-0.264	0.	6.875e-002	-3.0026e-002
96	-0.308	0.	6.875e-002	-2.8651e-002
97	-0.352	0.	6.875e-002	-2.4392e-002
98	-0.396	0.	6.875e-002	-1.551e-002
99	-0.418	0.	6.875e-002	2.7029e-002
100	0.	0.	6.875e-002	6.5589e-002
101	0.	0.	8.25e-002	4.2119e-002
102	-2.2e-002	0.	8.25e-002	1.6111e-002
103	-4.4e-002	0.	8.25e-002	-2.1276e-002
104	-8.8e-002	0.	8.25e-002	-3.7337e-002
105	-0.132	0.	8.25e-002	-4.3124e-002
106	-0.176	0.	8.25e-002	-4.4573e-002
107	-0.22	0.	8.25e-002	-4.5257e-002
108	-0.264	0.	8.25e-002	-4.4891e-002
109	-0.308	0.	8.25e-002	-4.2829e-002
110	-0.352	0.	8.25e-002	-3.708e-002
111	-0.396	0.	8.25e-002	-2.1609e-002
112	-0.418	0.	8.25e-002	1.4166e-002
113	-0.44	0.	6.875e-002	6.4061e-002
114	-0.44	0.	8.25e-002	3.8859e-002
115	-0.44	0.	5.5e-002	8.9262e-002
116	-0.418	0.	5.5e-002	3.9892e-002
117	-0.396	0.	5.5e-002	-9.4105e-003
118	-0.352	0.	5.5e-002	-1.1704e-002
119	-0.308	0.	5.5e-002	-1.4472e-002
120	-0.264	0.	5.5e-002	-1.516e-002
121	-0.22	0.	5.5e-002	-1.5352e-002
122	-0.176	0.	5.5e-002	-1.5075e-002
123	-0.132	0.	5.5e-002	-1.455e-002
124	-8.8e-002	0.	5.5e-002	-1.177e-002
125	-4.4e-002	0.	5.5e-002	-9.1359e-003
126	0.	0.	5.5e-002	8.9059e-002
127	-2.2e-002	0.	5.5e-002	4.0058e-002
205	-2.2e-002	0.	-5.5e-002	3.8005e-002
206	0.	0.	-5.5e-002	8.5071e-002
207	-4.4e-002	0.	-5.5e-002	-9.417e-003
208	-8.8e-002	0.	-5.5e-002	-1.1895e-002
209	-0.132	0.	-5.5e-002	-1.441e-002
210	-0.176	0.	-5.5e-002	-1.5073e-002
211	-0.22	0.	-5.5e-002	-1.5358e-002
212	-0.264	0.	-5.5e-002	-1.5274e-002
213	-0.308	0.	-5.5e-002	-1.4677e-002
214	-0.352	0.	-5.5e-002	-1.1687e-002
215	-0.396	0.	-5.5e-002	-9.3496e-003
216	-0.418	0.	-5.5e-002	3.898e-002
217	-0.44	0.	-5.5e-002	8.7464e-002
325	-0.418	0.	-8.25e-002	1.3608e-002
326	-0.44	0.	-8.25e-002	3.878e-002
327	-0.396	0.	-8.25e-002	-2.1856e-002
328	-0.352	0.	-8.25e-002	-3.6988e-002
329	-0.308	0.	-8.25e-002	-4.3444e-002
330	-0.264	0.	-8.25e-002	-4.516e-002
331	-0.22	0.	-8.25e-002	-4.5264e-002
332	-0.176	0.	-8.25e-002	-4.4669e-002
333	-0.132	0.	-8.25e-002	-4.2628e-002
334	-8.8e-002	0.	-8.25e-002	-3.7654e-002
335	-4.4e-002	0.	-8.25e-002	-2.2366e-002
336	-2.2e-002	0.	-8.25e-002	1.4762e-002
337	0.	0.	-8.25e-002	4.0131e-002
347	-0.44	0.	-6.875e-002	6.3122e-002
351	0.	0.	-6.875e-002	6.2601e-002
2532	-0.407	0.	-6.875e-002	5.3455e-003
2533	-0.418	0.	-6.1875e-002	3.2637e-002
2534	-0.418	0.	-7.5625e-002	1.9951e-002
2535	-0.429	0.	-6.875e-002	4.4708e-002
2536	-0.374	0.	-6.875e-002	-1.997e-002
2537	-0.396	0.	-6.1875e-002	-1.2476e-002
2538	-0.396	0.	-7.5625e-002	-1.873e-002
2539	-0.33	0.	-6.875e-002	-2.6699e-002
2540	-0.352	0.	-6.1875e-002	-1.8013e-002
2541	-0.352	0.	-7.5625e-002	-3.0663e-002
2542	-0.286	0.	-6.875e-002	-2.9639e-002
2543	-0.308	0.	-6.1875e-002	-2.1868e-002
2544	-0.308	0.	-7.5625e-002	-3.6252e-002
2545	-0.242	0.	-6.875e-002	-3.0264e-002
2546	-0.264	0.	-6.1875e-002	-2.2746e-002
2547	-0.264	0.	-7.5625e-002	-3.7689e-002
2548	-0.198	0.	-6.875e-002	-3.0091e-002
2549	-0.22	0.	-6.1875e-002	-2.2834e-002
2550	-0.22	0.	-7.5625e-002	-3.7787e-002
2551	-0.154	0.	-6.875e-002	-2.9195e-002
2552	-0.176	0.	-6.1875e-002	-2.2472e-002
2553	-0.176	0.	-7.5625e-002	-3.727e-002
2554	-0.11	0.	-6.875e-002	-2.6647e-002
2555	-0.132	0.	-6.1875e-002	-2.1465e-002
2556	-0.132	0.	-7.5625e-002	-3.5573e-002
2557	-6.6e-002	0.	-6.875e-002	-2.0333e-002
2558	-8.8e-002	0.	-6.1875e-002	-1.8335e-002
2559	-8.8e-002	0.	-7.5625e-002	-3.1214e-002
2560	-3.3e-002	0.	-6.875e-002	5.246e-003
2561	-4.4e-002	0.	-6.1875e-002	-1.2654e-002
2562	-4.4e-002	0.	-7.5625e-002	-1.9128e-002
2563	-2.2e-002	0.	-6.1875e-002	3.2194e-002
2564	-2.2e-002	0.	-7.5625e-002	2.0572e-002
2565	-1.1e-002	0.	-6.875e-002	4.4492e-002
2566	-3.3e-002	0.	6.875e-002	6.4391e-003
2567	-1.1e-002	0.	6.875e-002	4.6837e-002
2568	-2.2e-002	0.	7.5625e-002	2.2097e-002
2569	-2.2e-002	0.	6.1875e-002	3.4071e-002
2570	-6.6e-002	0.	6.875e-002	-1.988e-002
2571	-4.4e-002	0.	7.5625e-002	-1.8241e-002
2572	-4.4e-002	0.	6.1875e-002	-1.2171e-002
2573	-0.11	0.	6.875e-002	-2.6695e-002
2574	-8.8e-002	0.	7.5625e-002	-3.0946e-002
2575	-8.8e-002	0.	6.1875e-002	-1.8162e-002
2576	-0.154	0.	6.875e-002	-2.933e-002
2577	-0.132	0.	7.5625e-002	-3.598e-002
2578	-0.132	0.	6.1875e-002	-2.1693e-002
2579	-0.198	0.	6.875e-002	-3.0064e-002
2580	-0.176	0.	7.5625e-002	-3.7199e-002
2581	-0.176	0.	6.1875e-002	-2.245e-002
2582	-0.242	0.	6.875e-002	-3.0165e-002
2583	-0.22	0.	7.5625e-002	-3.778e-002
2584	-0.22	0.	6.1875e-002	-2.2828e-002
2585	-0.286	0.	6.875e-002	-2.9338e-002
2586	-0.264	0.	7.5625e-002	-3.7459e-002
2587	-0.264	0.	6.1875e-002	-2.2593e-002
2588	-0.33	0.	6.875e-002	-2.6521e-002
2589	-0.308	0.	7.5625e-002	-3.574e-002
2590	-0.308	0.	6.1875e-002	-2.1561e-002
2591	-0.374	0.	6.875e-002	-1.9951e-002
2592	-0.352	0.	7.5625e-002	-3.0736e-002
2593	-0.352	0.	6.1875e-002	-1.8048e-002
2594	-0.407	0.	6.875e-002	5.7598e-003
2595	-0.396	0.	7.5625e-002	-1.8559e-002
2596	-0.396	0.	6.1875e-002	-1.246e-002
2597	-0.418	0.	7.5625e-002	2.0598e-002
2598	-0.429	0.	6.875e-002	4.5545e-002
2599	-0.418	0.	6.1875e-002	3.3461e-002
2600	0.	0.	7.5625e-002	5.3854e-002
2601	0.	0.	6.1875e-002	7.7324e-002
2604	-1.1e-002	0.	8.25e-002	2.9115e-002
2609	-3.3e-002	0.	8.25e-002	-2.5829e-003
2614	-6.6e-002	0.	8.25e-002	-2.9307e-002
2619	-0.11	0.	8.25e-002	-4.0231e-002
2624	-0.154	0.	8.25e-002	-4.3849e-002
2629	-0.198	0.	8.25e-002	-4.4915e-002
2635	-0.242	0.	8.25e-002	-4.5074e-002
2641	-0.286	0.	8.25e-002	-4.386e-002
2647	-0.33	0.	8.25e-002	-3.9955e-002
2654	-0.374	0.	8.25e-002	-2.9345e-002
2660	-0.407	0.	8.25e-002	-3.7212e-003
2666	-0.429	0.	8.25e-002	2.6513e-002
2670	-0.44	0.	7.5625e-002	5.146e-002
2671	-0.44	0.	6.1875e-002	7.6661e-002
2682	-0.429	0.	5.5e-002	6.4577e-002
2690	-0.407	0.	5.5e-002	1.5241e-002
2695	-0.374	0.	5.5e-002	-1.0557e-002
2701	-0.33	0.	5.5e-002	-1.3088e-002
2706	-0.286	0.	5.5e-002	-1.4816e-002
2712	-0.242	0.	5.5e-002	-1.5256e-002
2719	-0.198	0.	5.5e-002	-1.5213e-002
2724	-0.154	0.	5.5e-002	-1.4812e-002
2730	-0.11	0.	5.5e-002	-1.316e-002
2735	-6.6e-002	0.	5.5e-002	-1.0453e-002
2741	-3.3e-002	0.	5.5e-002	1.5461e-002
2746	-1.1e-002	0.	5.5e-002	6.4559e-002
3123	-1.1e-002	0.	-5.5e-002	6.1538e-002
3124	-3.3e-002	0.	-5.5e-002	1.4294e-002
3130	0.	0.	-6.1875e-002	7.3836e-002
3137	-6.6e-002	0.	-5.5e-002	-1.0656e-002
3141	-0.11	0.	-5.5e-002	-1.3153e-002
3147	-0.154	0.	-5.5e-002	-1.4742e-002
3151	-0.198	0.	-5.5e-002	-1.5215e-002
3158	-0.242	0.	-5.5e-002	-1.5316e-002
3162	-0.286	0.	-5.5e-002	-1.4975e-002
3167	-0.33	0.	-5.5e-002	-1.3182e-002
3172	-0.374	0.	-5.5e-002	-1.0519e-002
3176	-0.407	0.	-5.5e-002	1.4815e-002
3182	-0.429	0.	-5.5e-002	6.3222e-002
3187	-0.44	0.	-6.1875e-002	7.5293e-002
3918	-0.429	0.	-8.25e-002	2.6194e-002
3919	-0.407	0.	-8.25e-002	-4.1242e-003
3924	-0.44	0.	-7.5625e-002	5.0951e-002
3930	-0.374	0.	-8.25e-002	-2.9422e-002
3934	-0.33	0.	-8.25e-002	-4.0216e-002
3940	-0.286	0.	-8.25e-002	-4.4302e-002
3944	-0.242	0.	-8.25e-002	-4.5212e-002
3950	-0.198	0.	-8.25e-002	-4.4966e-002
3955	-0.154	0.	-8.25e-002	-4.3648e-002
3959	-0.11	0.	-8.25e-002	-4.0141e-002
3963	-6.6e-002	0.	-8.25e-002	-3.001e-002
3967	-3.3e-002	0.	-8.25e-002	-3.8019e-003
3971	-1.1e-002	0.	-8.25e-002	2.7446e-002
3975	0.	0.	-7.5625e-002	5.1366e-002
206	0.	0.	-5.5e-002	0.19723
217	-0.44	0.	-5.5e-002	0.21352
325	-0.418	0.	-8.25e-002	-5.0871e-003
326	-0.44	0.	-8.25e-002	4.7039e-002
327	-0.396	0.	-8.25e-002	-2.1489e-002
328	-0.352	0.	-8.25e-002	-3.4093e-002
329	-0.308	0.	-8.25e-002	-4.3679e-002
330	-0.264	0.	-8.25e-002	-4.6174e-002
331	-0.22	0.	-8.25e-002	-4.8414e-002
332	-0.176	0.	-8.25e-002	-4.7433e-002
333	-0.132	0.	-8.25e-002	-4.5564e-002
334	-8.8e-002	0.	-8.25e-002	-3.8125e-002
335	-4.4e-002	0.	-8.25e-002	-2.0959e-002
336	-2.2e-002	0.	-8.25e-002	4.6953e-003
337	0.	0.	-8.25e-002	3.9615e-002
347	-0.44	0.	-6.875e-002	0.11572
351	0.	0.	-6.875e-002	0.12731
418	1.	0.	-9.8409e-002	6.6682e-004
419	1.	0.	-0.19682	5.9722e-004
420	1.	0.	-0.29523	5.6251e-004
421	1.	0.	-0.39364	4.7059e-004
422	1.	0.	-0.49205	3.771e-004
423	1.	0.	-0.59045	2.8901e-004
424	1.	0.	-0.68886	2.2454e-004
425	1.	0.	-0.78727	1.6389e-004
426	1.	0.	-0.88568	1.1054e-004
427	1.	0.	-0.98409	3.9174e-005
438	0.89833	0.	-1.0825	2.469e-005
439	0.79667	0.	-1.0825	3.321e-005
440	0.695	0.	-1.0825	2.8855e-005
441	0.59333	0.	-1.0825	2.2226e-005
442	0.49167	0.	-1.0825	1.8265e-005
443	0.39	0.	-1.0825	1.9454e-005
444	0.28833	0.	-1.0825	6.5634e-006
445	0.18667	0.	-1.0825	-1.0076e-005
446	8.5e-002	0.	-1.0825	-2.6241e-005
447	-1.6667e-002	0.	-1.0825	-6.0015e-005
448	-0.11833	0.	-1.0825	-5.1872e-005
449	-0.22	0.	-1.0825	-5.918e-005
450	-0.32167	0.	-1.0825	-6.0466e-005
451	-0.42333	0.	-1.0825	-4.8502e-005
452	-0.525	0.	-1.0825	-1.8191e-005
453	-0.62667	0.	-1.0825	-1.2427e-005
454	-0.72833	0.	-1.0825	2.128e-006
455	-0.83	0.	-1.0825	1.4422e-005
456	-0.93167	0.	-1.0825	2.3456e-005
457	-1.0333	0.	-1.0825	2.9594e-005
458	-1.135	0.	-1.0825	2.9737e-005
459	-1.2367	0.	-1.0825	2.4967e-005
460	-1.3383	0.	-1.0825	2.1699e-005
466	-1.44	0.	-0.98409	4.3096e-005
467	-1.44	0.	-0.88568	1.0264e-004
468	-1.44	0.	-0.78727	1.573e-004
469	-1.44	0.	-0.68886	2.3368e-004
470	-1.44	0.	-0.59045	2.9675e-004
471	-1.44	0.	-0.49205	3.972e-004
472	-1.44	0.	-0.39364	4.8433e-004
473	-1.44	0.	-0.29523	5.4395e-004
474	-1.44	0.	-0.19682	6.0745e-004
475	-1.44	0.	-9.8409e-002	6.6125e-004
481	0.1	0.	0.	6.0891e-002
482	0.2	0.	0.	2.0008e-002
483	0.3	0.	0.	7.4932e-003
484	0.4	0.	0.	4.2102e-003
485	0.5	0.	0.	2.2249e-003
486	0.6	0.	0.	1.5242e-003
487	0.7	0.	0.	1.252e-003
488	0.8	0.	0.	8.268e-004
489	0.9	0.	0.	7.0259e-004
490	-1.34	0.	0.	6.9206e-004
491	-1.24	0.	0.	8.5792e-004
492	-1.14	0.	0.	1.1046e-003
493	-1.04	0.	0.	1.5978e-003
494	-0.94	0.	0.	2.1864e-003
495	-0.84	0.	0.	3.8327e-003
496	-0.74	0.	0.	6.8732e-003
497	-0.64	0.	0.	1.7285e-002
498	-0.54	0.	0.	6.727e-002
595	0.	0.	0.	0.23624
596	-0.44	0.	0.	0.2198
601	1.	0.	-1.0825	1.9251e-005
602	1.	0.	0.	6.7825e-004
603	-1.44	0.	-1.0825	1.8505e-005
604	-1.44	0.	0.	6.6353e-004
784	0.14521	0.	-0.55521	1.6692e-005
785	-0.59172	0.	-0.57968	-4.345e-005
786	-0.50856	0.	-0.36347	8.8624e-006
787	8.2117e-002	0.	-0.35417	4.2598e-004
788	-0.18973	0.	-0.44889	-2.8692e-003
789	-1.0307	0.	-0.49963	5.6341e-004
790	0.59573	0.	-0.48937	5.4076e-004
791	-0.26164	0.	-0.78995	-4.3368e-004
792	-0.24598	0.	-0.27	-1.0701e-002
793	4.8382e-002	0.	-0.18968	6.5315e-003
794	-0.47604	0.	-0.2075	3.2901e-003
795	-0.76208	0.	-0.41028	1.3312e-003
796	0.33883	0.	-0.40584	1.2984e-003
797	0.49894	0.	-0.80148	1.3519e-004
798	-0.93859	0.	-0.77709	1.733e-004
799	-0.37544	0.	-0.52297	-1.4109e-003
800	-8.617e-002	0.	-0.28951	-6.6491e-003
801	8.1279e-002	0.	-0.74453	-2.136e-004
802	-1.9409e-002	0.	-0.65595	-6.2239e-004
803	-0.55557	0.	-0.91152	-5.5145e-005
804	-1.279	0.	-0.73882	2.1086e-004
805	0.67611	0.	-0.76832	1.6444e-004
806	0.22992	0.	-0.37301	1.4059e-003
807	-0.57139	0.	-0.27509	3.3118e-003
808	0.61472	0.	-0.32538	1.0499e-003
809	-1.0613	0.	-0.17644	1.4113e-003
810	-0.303	0.	-0.34467	-5.2671e-003
811	-0.32267	0.	-0.24917	-1.022e-002
812	-0.16999	0.	-0.145	-3.4017e-002
813	-0.36326	0.	-0.7075	-5.8665e-004
814	3.9676e-002	0.	-0.54486	-5.5797e-004
815	-0.35668	0.	-0.19192	-1.2403e-002
816	-0.23881	0.	-0.66743	-8.6444e-004
817	-0.85655	0.	-0.33542	1.4431e-003
818	0.38789	0.	-0.11813	3.9321e-003
819	-0.85504	0.	-0.64849	3.3805e-004
820	0.35834	0.	-0.54818	5.5951e-004
821	0.85688	0.	-0.53758	3.6982e-004
822	0.36631	0.	-0.69817	2.0069e-004
823	-3.1664e-002	0.	-0.17158	-5.818e-003
824	-1.3115	0.	-0.42577	4.8449e-004
825	-0.6525	0.	-0.83065	-1.1717e-006
826	-3.6503e-002	0.	-0.42036	-1.942e-003
827	-0.39436	0.	-0.12805	-1.2919e-002
828	1.4125e-003	0.	-0.95007	-8.9064e-005
829	0.23306	0.	-0.92851	3.3171e-006
830	0.79351	0.	-0.28143	7.0458e-004
831	-0.45712	0.	-0.15006	9.7122e-003
832	1.6336e-002	0.	-0.12263	2.1088e-002
833	-0.74026	0.	-0.29387	2.4327e-003
834	-8.8068e-002	0.	-0.56939	-1.1902e-003
835	0.20143	0.	-0.1795	8.0273e-003
836	-0.40003	0.	-0.36245	-2.153e-003
837	-1.201	0.	-0.90175	8.6107e-005
838	-0.39944	0.	-0.86602	-2.5477e-004
839	-0.21497	0.	-0.36375	-5.1079e-003
840	-0.50788	0.	-0.76908	-2.0385e-004
841	-0.13239	0.	-0.21592	-1.5389e-002
842	0.8608	0.	-0.83765	1.2623e-004
843	0.1236	0.	-0.45055	3.1402e-004
844	-0.54813	0.	-0.4575	1.8768e-005
845	-0.78131	0.	-0.15071	4.2174e-003
846	0.12346	0.	-0.16444	1.2549e-002
847	7.6055e-002	0.	-0.10083	3.3468e-002
848	-1.0964	0.	-0.77116	1.9201e-004
849	-0.13933	0.	-0.72127	-5.8719e-004
850	-1.1395	0.	-0.60454	3.3343e-004
851	-0.57302	0.	-9.7046e-002	2.2229e-002
852	-0.49797	0.	-9.3096e-002	3.5653e-002
853	0.54563	0.	-0.14233	1.8369e-003
854	0.43972	0.	-0.28649	1.8383e-003
855	-0.72611	0.	-0.62139	2.3412e-004
856	-0.26618	0.	-0.93734	-1.4653e-004
857	-1.3057	0.	-0.13036	7.134e-004
858	-1.075	0.	-0.33501	8.9394e-004
859	-0.9354	0.	-0.13377	2.3788e-003
860	0.73604	0.	-0.44085	5.9591e-004
861	0.35691	0.	-0.84307	6.9451e-005
862	-0.13646	0.	-0.36652	-4.4937e-003
863	-0.27907	0.	-0.49569	-2.1699e-003
864	-0.16646	0.	-0.28563	-8.1896e-003
865	0.61549	0.	-0.93385	6.3292e-005
866	-0.10131	0.	-0.16583	-1.8052e-002
867	-0.40036	0.	-0.23529	-4.265e-003
868	-0.49049	0.	-0.65255	-3.5732e-004
869	-0.19799	0.	-0.55786	-1.611e-003
870	0.52656	0.	-0.63668	3.2602e-004
871	0.69503	0.	-0.597	3.3607e-004
872	0.12944	0.	-0.24679	3.5098e-003
873	-0.2026	0.	-0.2043	-2.0907e-002
874	0.22005	0.	-0.75305	-1.7546e-006
875	-0.95572	0.	-0.93587	6.2087e-005
876	-0.34098	0.	-0.43003	-2.4038e-003
877	-0.63401	0.	-0.36808	1.4693e-003
878	-0.79721	0.	-0.53395	6.9808e-004
879	0.30349	0.	-0.20908	3.9004e-003
880	0.22919	0.	-0.48011	5.8736e-004
881	-0.67313	0.	-0.49639	4.4236e-004
882	-0.61833	0.	-0.70658	-8.4742e-005
883	-0.30696	0.	-0.59292	-1.2473e-003
884	-0.76028	0.	-0.74547	1.17e-004
885	-1.9309e-002	0.	-0.24471	-2.4702e-003
886	-1.1547	0.	-0.45659	5.2388e-004
887	0.47841	0.	-0.95511	4.1596e-005
888	0.44708	0.	-0.44918	9.0665e-004
889	2.7841e-002	0.	-8.095e-002	5.3416e-002
890	-1.3065	0.	-0.56914	3.4639e-004
891	-0.99712	0.	-0.64943	3.4594e-004
892	-0.66416	0.	-0.21949	5.4512e-003
893	0.24204	0.	-0.61914	2.3953e-004
894	-0.17174	0.	-0.8417	-3.0849e-004
895	-7.4323e-003	0.	-0.31688	-1.5792e-003
896	0.70662	0.	-0.12987	1.0427e-003
897	-0.45312	0.	-0.28997	-9.6494e-004
898	-6.8638e-002	0.	-0.12775	-2.0726e-002
899	-7.0523e-002	0.	-0.84158	-2.8484e-004
900	-0.31692	0.	-0.13636	-3.446e-002
901	-0.47777	0.	-0.54767	-6.7754e-004
902	0.88867	0.	-0.40998	4.8286e-004
903	-0.56093	0.	-0.19715	9.4014e-003
904	0.8781	0.	-0.96438	6.7871e-005
905	-0.37103	0.	-0.97799	-9.7503e-005
906	-1.2026	0.	-0.351	6.8464e-004
907	0.86744	0.	-0.68588	2.1958e-004
908	-0.10198	0.	-0.43414	-2.7771e-003
909	-0.80841	0.	-0.86833	6.4511e-005
910	0.87684	0.	-0.16368	6.9433e-004
911	-0.26016	0.	-0.42105	-3.4463e-003
912	-1.325	0.	-0.96141	4.7883e-005
913	-0.46762	0.	-8.1362e-002	5.5657e-002
914	-0.85502	0.	-0.44372	1.0134e-003
915	-1.325	0.	-0.29222	5.7172e-004
916	-0.12368	0.	-0.96378	-1.436e-004
917	0.34563	0.	-0.97635	2.6107e-005
918	-0.37367	0.	-0.29627	-4.6747e-003
919	-0.43801	0.	-0.11375	1.5985e-002
920	-0.67561	0.	-0.11912	9.7124e-003
921	-0.40211	0.	-0.60922	-7.9833e-004
922	0.75369	0.	-0.94487	6.683e-005
923	-0.15477	0.	-0.6313	-1.0767e-003
924	-7.4744e-002	0.	-0.21858	-7.1171e-003
925	-5.9362e-002	0.	-0.3623	-2.9458e-003
926	0.16045	0.	-8.9605e-002	2.287e-002
927	-0.9146	0.	-0.52938	6.4128e-004
928	-0.95244	0.	-0.40104	9.1716e-004
929	-1.1902	0.	-0.23256	7.9105e-004
930	-1.969e-002	0.	-0.11067	-4.2047e-003
931	-0.84641	0.	-0.23513	2.2089e-003
932	-0.42018	0.	-0.18481	-2.2462e-003
933	4.5464e-002	0.	-0.27058	6.8749e-004
934	-0.42957	0.	-0.4601	-1.1399e-003
935	-0.28364	0.	-0.20014	-2.0675e-002
936	0.26076	0.	-0.10011	8.7512e-003
937	-1.3296	0.	-0.84903	1.2821e-004
938	3.8901e-002	0.	-0.84427	-1.8096e-004
939	-1.0891	0.	-0.91782	8.2021e-005
940	0.22299	0.	-0.27315	3.4605e-003
941	-5.0529e-002	0.	-0.48406	-1.5425e-003
942	0.16539	0.	-0.32074	1.7421e-003
943	-0.50994	0.	-0.15472	1.5886e-002
944	0.11082	0.	-0.9472	-4.2093e-005
945	2.1504e-003	0.	-0.37966	-1.4917e-003
946	-2.3538e-002	0.	-0.7557	-3.5693e-004
947	0.13856	0.	-0.84209	-7.086e-005
948	0.11981	0.	-0.64746	-1.7074e-004
949	0.30823	0.	-0.30979	2.1711e-003
950	2.7205e-002	0.	-0.44161	-8.6879e-004
951	-1.1648	0.	-9.2535e-002	1.0888e-003
952	-0.24159	0.	-0.13616	-3.5726e-002
953	-0.83057	0.	-0.97671	3.0073e-005
954	-0.11199	0.	-0.12072	-3.5932e-002
955	-0.9626	0.	-0.26476	1.4085e-003
956	-0.48403	0.	-0.99917	-5.4482e-005
957	-0.68362	0.	-0.95239	1.5717e-006
958	-0.12854	0.	-0.49937	-1.8655e-003
1438	-0.48324	0.	-3.0064e-002	0.13878
1439	-0.49361	0.	-5.0048e-002	7.1409e-002
1440	-0.45725	0.	-6.4976e-002	0.13567
1444	1.6058e-002	0.	-6.4569e-002	0.11459
1445	5.8598e-002	0.	-4.6423e-002	7.9045e-002
1446	4.3203e-002	0.	-3.0071e-002	0.1391
3130	0.	0.	-6.1875e-002	0.16227
3131	0.	0.	-2.75e-002	0.21674
3132	8.0291e-003	0.	-5.9785e-002	0.15591
3133	2.1601e-002	0.	-4.2535e-002	0.16816
3187	-0.44	0.	-6.1875e-002	0.16462
3188	-0.44	0.	-2.75e-002	0.21666
3189	-0.46162	0.	-4.2532e-002	0.17615
3190	-0.44862	0.	-5.9988e-002	0.17459
3918	-0.429	0.	-8.25e-002	2.0976e-002
3919	-0.407	0.	-8.25e-002	-1.3288e-002
3920	-0.40618	0.	-0.10528	-9.003e-003
3921	-0.42801	0.	-9.8125e-002	5.449e-003
3924	-0.44	0.	-7.5625e-002	8.1378e-002
3925	-0.45381	0.	-8.1931e-002	5.1348e-002
3926	-0.43901	0.	-9.8125e-002	3.1512e-002
3927	-0.44862	0.	-7.3738e-002	9.1353e-002
3930	-0.374	0.	-8.25e-002	-2.7791e-002
3931	-0.39518	0.	-0.10528	-1.7204e-002
3934	-0.33	0.	-8.25e-002	-3.8886e-002
3935	-0.37318	0.	-0.10528	-2.3506e-002
3936	-0.33446	0.	-0.10943	-3.4276e-002
3940	-0.286	0.	-8.25e-002	-4.4926e-002
3941	-0.31246	0.	-0.10943	-3.9069e-002
3944	-0.242	0.	-8.25e-002	-4.7294e-002
3945	-0.29046	0.	-0.10943	-4.0317e-002
3946	-0.25279	0.	-0.10933	-4.095e-002
3950	-0.198	0.	-8.25e-002	-4.7923e-002
3951	-0.195	0.	-0.11375	-4.1216e-002
3952	-0.23079	0.	-0.10933	-4.207e-002
3955	-0.154	0.	-8.25e-002	-4.6499e-002
3956	-0.173	0.	-0.11375	-4.0725e-002
3959	-0.11	0.	-8.25e-002	-4.1845e-002
3960	-0.151	0.	-0.11375	-3.9791e-002
3961	-0.12199	0.	-0.10161	-4.0748e-002
3963	-6.6e-002	0.	-8.25e-002	-2.9542e-002
3964	-7.8319e-002	0.	-0.10513	-2.9426e-002
3965	-9.9995e-002	0.	-0.10161	-3.7028e-002
3967	-3.3e-002	0.	-8.25e-002	-8.132e-003
3968	-5.6319e-002	0.	-0.10513	-2.0843e-002
3969	-3.1845e-002	0.	-9.6587e-002	-1.2582e-002
3971	-1.1e-002	0.	-8.25e-002	2.2155e-002
3972	-2.0845e-002	0.	-9.6587e-002	2.453e-004
3975	0.	0.	-7.5625e-002	8.3464e-002
3976	8.1678e-003	0.	-0.10257	3.0351e-002
3977	1.3921e-002	0.	-8.1725e-002	4.6516e-002
3978	-9.8448e-003	0.	-9.6587e-002	1.7705e-002
3979	8.0291e-003	0.	-7.3535e-002	7.7101e-002
4038	-0.44862	0.	-6.6863e-002	0.12569
4053	8.0291e-003	0.	-6.666e-002	0.12095
4478	1.	0.	-0.14761	6.3202e-004
4480	0.95	0.	-4.9205e-002	6.847e-004
4481	1.	0.	-4.9205e-002	6.7254e-004
4482	0.93842	0.	-0.13105	6.8058e-004
4485	1.	0.	-0.24602	5.7987e-004
4486	0.93842	0.	-0.18025	6.4577e-004
4490	1.	0.	-0.34443	5.1655e-004
4491	0.89675	0.	-0.28833	6.3355e-004
4492	0.94433	0.	-0.35261	5.2269e-004
4493	0.93842	0.	-0.22946	6.2842e-004
4497	1.	0.	-0.44284	4.2384e-004
4498	0.94433	0.	-0.40181	4.7672e-004
4501	1.	0.	-0.54125	3.3305e-004
4502	0.92844	0.	-0.51481	3.7346e-004
4503	0.94433	0.	-0.45102	4.2998e-004
4506	1.	0.	-0.63966	2.5677e-004
4507	0.92844	0.	-0.56402	3.2941e-004
4508	0.93372	0.	-0.63817	2.5429e-004
4510	1.	0.	-0.73807	1.9422e-004
4511	0.93372	0.	-0.68737	2.2206e-004
4514	1.	0.	-0.83648	1.3722e-004
4515	0.9304	0.	-0.81246	1.4506e-004
4516	0.93372	0.	-0.73658	1.9174e-004
4518	1.	0.	-0.93489	7.4859e-005
4519	0.9304	0.	-0.86167	1.1839e-004
4520	0.93905	0.	-0.92503	8.9208e-005
4525	0.94917	0.	-1.0333	3.1932e-005
4526	1.	0.	-1.0333	2.9212e-005
4527	0.93905	0.	-0.97423	5.3522e-005
4599	0.8475	0.	-1.0825	2.895e-005
4600	0.94917	0.	-1.0825	2.197e-005
4601	0.88822	0.	-1.0234	4.628e-005
4605	0.74583	0.	-1.0825	3.1033e-005
4606	0.83738	0.	-1.0234	5.0541e-005
4607	0.77518	0.	-1.0137	5.002e-005
4611	0.64417	0.	-1.0825	2.554e-005
4612	0.65524	0.	-1.0082	4.6073e-005
4613	0.72435	0.	-1.0137	4.7842e-005
4616	0.5425	0.	-1.0825	2.0245e-005
4617	0.60441	0.	-1.0082	4.2759e-005
4618	0.53587	0.	-1.0188	3.1911e-005
4621	0.44083	0.	-1.0825	1.8859e-005
4622	0.48504	0.	-1.0188	2.993e-005
4625	0.33917	0.	-1.0825	1.3009e-005
4626	0.43421	0.	-1.0188	3.0525e-005
4627	0.36782	0.	-1.0294	2.278e-005
4630	0.2375	0.	-1.0825	-1.7561e-006
4631	0.2607	0.	-1.0055	4.9402e-006
4632	0.31698	0.	-1.0294	1.6335e-005
4637	0.13583	0.	-1.0825	-1.8158e-005
4638	0.20986	0.	-1.0055	-3.3793e-006
4639	0.14874	0.	-1.0149	-2.6084e-005
4643	3.4167e-002	0.	-1.0825	-4.3128e-005
4644	4.3206e-002	0.	-1.0163	-5.7652e-005
4645	9.7908e-002	0.	-1.0149	-3.4167e-005
4647	-6.75e-002	0.	-1.0825	-5.5944e-005
4648	-7.6271e-003	0.	-1.0163	-7.454e-005
4649	-7.0173e-002	0.	-1.0231	-1.0181e-004
4654	-0.16917	0.	-1.0825	-5.5526e-005
4655	-0.12101	0.	-1.0231	-9.7738e-005
4659	-0.27083	0.	-1.0825	-5.9823e-005
4660	-0.24309	0.	-1.0099	-1.0285e-004
4661	-0.17184	0.	-1.0231	-1.0139e-004
4664	-0.3725	0.	-1.0825	-5.4484e-005
4665	-0.29393	0.	-1.0099	-1.035e-004
4666	-0.34635	0.	-1.0302	-7.8985e-005
4670	-0.47417	0.	-1.0825	-3.3347e-005
4671	-0.39718	0.	-1.0302	-7.3002e-005
4672	-0.45368	0.	-1.0408	-5.1492e-005
4677	-0.57583	0.	-1.0825	-1.5309e-005
4678	-0.50451	0.	-1.0408	-3.6337e-005
4680	-0.6775	0.	-1.0825	-5.1497e-006
4681	-0.59112	0.	-0.99701	-3.3786e-005
4682	-0.55535	0.	-1.0408	-3.3455e-005
4683	-0.65514	0.	-1.0174	-5.4279e-006
4687	-0.77917	0.	-1.0825	8.2752e-006
4688	-0.77945	0.	-1.0296	1.61e-005
4689	-0.70598	0.	-1.0174	1.8499e-006
4694	-0.88083	0.	-1.0825	1.8939e-005
4695	-0.83029	0.	-1.0296	2.2248e-005
4699	-0.9825	0.	-1.0825	2.6525e-005
4700	-0.94369	0.	-1.0092	4.2771e-005
4701	-0.88112	0.	-1.0296	2.6764e-005
4704	-1.0842	0.	-1.0825	2.9666e-005
4705	-0.99452	0.	-1.0092	4.584e-005
4706	-1.0612	0.	-1.0002	5.5808e-005
4711	-1.1858	0.	-1.0825	2.7352e-005
4712	-1.168	0.	-0.99213	5.7922e-005
4713	-1.112	0.	-1.0002	5.5879e-005
4715	-1.2875	0.	-1.0825	2.3333e-005
4716	-1.2188	0.	-0.99213	5.5537e-005
4717	-1.2808	0.	-1.022	3.6425e-005
4721	-1.3892	0.	-1.0333	3.2397e-005
4722	-1.3892	0.	-1.0825	2.0102e-005
4723	-1.3316	0.	-1.022	3.4791e-005
4753	-1.44	0.	-0.93489	7.2868e-005
4754	-1.44	0.	-1.0333	3.08e-005
4755	-1.3825	0.	-0.97275	4.5489e-005
4759	-1.44	0.	-0.83648	1.2997e-004
4760	-1.3825	0.	-0.92355	7.5262e-005
4761	-1.3848	0.	-0.86736	1.1542e-004
4765	-1.44	0.	-0.73807	1.9549e-004
4766	-1.3595	0.	-0.76305	1.8408e-004
4767	-1.3848	0.	-0.81815	1.4275e-004
4769	-1.44	0.	-0.63966	2.6521e-004
4770	-1.3595	0.	-0.71384	2.2227e-004
4771	-1.3732	0.	-0.629	2.9004e-004
4774	-1.44	0.	-0.54125	3.4697e-004
4775	-1.3732	0.	-0.5798	3.2157e-004
4777	-1.44	0.	-0.44284	4.4077e-004
4778	-1.3757	0.	-0.45891	4.4085e-004
4779	-1.3732	0.	-0.53059	3.718e-004
4783	-1.44	0.	-0.34443	5.1414e-004
4784	-1.3757	0.	-0.4097	4.8441e-004
4785	-1.3825	0.	-0.34293	5.2802e-004
4789	-1.44	0.	-0.24602	5.757e-004
4790	-1.3825	0.	-0.29372	5.5784e-004
4792	-1.44	0.	-0.14761	6.3435e-004
4793	-1.3729	0.	-0.16359	6.6042e-004
4794	-1.3825	0.	-0.24452	5.8958e-004
4799	-1.39	0.	-4.9205e-002	6.7666e-004
4800	-1.44	0.	-4.9205e-002	6.6239e-004
4801	-1.3729	0.	-0.11439	6.8732e-004
4841	0.15	0.	0.	4.045e-002
4842	5.e-002	0.	0.	0.14857
4845	0.13023	0.	-4.4803e-002	4.188e-002
4848	7.9299e-002	0.	-2.3212e-002	6.9968e-002
4849	7.1601e-002	0.	-1.5035e-002	9.9994e-002
4853	0.25	0.	0.	1.3751e-002
4856	0.18023	0.	-4.4803e-002	2.1439e-002
4857	0.23038	0.	-5.0055e-002	1.438e-002
4863	0.35	0.	0.	5.8517e-003
4866	0.34395	0.	-5.9063e-002	5.7126e-003
4867	0.28038	0.	-5.0055e-002	8.1222e-003
4871	0.45	0.	0.	3.2175e-003
4873	0.39395	0.	-5.9063e-002	4.0711e-003
4877	0.55	0.	0.	1.8745e-003
4880	0.44395	0.	-5.9063e-002	3.0785e-003
4881	0.52281	0.	-7.1163e-002	2.0309e-003
4887	0.65	0.	0.	1.3881e-003
4890	0.57281	0.	-7.1163e-002	1.6805e-003
4891	0.65331	0.	-6.4935e-002	1.2834e-003
4895	0.75	0.	0.	1.0394e-003
4897	0.70331	0.	-6.4935e-002	1.1474e-003
4901	0.85	0.	0.	7.6469e-004
4904	0.75331	0.	-6.4935e-002	9.3474e-004
4905	0.83842	0.	-8.1842e-002	7.6056e-004
4912	0.95	0.	0.	6.9042e-004
4914	0.88842	0.	-8.1842e-002	6.9846e-004
4919	-1.29	0.	0.	7.7499e-004
4921	-1.39	0.	0.	6.7779e-004
4923	-1.3229	0.	-6.5182e-002	7.0273e-004
4927	-1.19	0.	0.	9.8124e-004
4930	-1.2729	0.	-6.5182e-002	7.8566e-004
4931	-1.2024	0.	-4.6267e-002	9.7334e-004
4936	-1.09	0.	0.	1.3512e-003
4938	-1.1524	0.	-4.6267e-002	1.0967e-003
4942	-0.99	0.	0.	1.8921e-003
4945	-1.0507	0.	-8.8219e-002	1.5046e-003
4946	-0.9877	0.	-6.6884e-002	1.9883e-003
4947	-1.1024	0.	-4.6267e-002	1.3433e-003
4950	-0.89	0.	0.	3.0095e-003
4953	-0.9377	0.	-6.6884e-002	2.2826e-003
4959	-0.79	0.	0.	5.3529e-003
4961	-0.81065	0.	-7.5356e-002	4.025e-003
4962	-0.8877	0.	-6.6884e-002	3.1057e-003
4964	-0.69	0.	0.	1.2079e-002
4967	-0.76065	0.	-7.5356e-002	5.5453e-003
4968	-0.7078	0.	-5.9562e-002	8.2928e-003
4973	-0.59	0.	0.	4.2278e-002
4976	-0.60651	0.	-4.8523e-002	1.9757e-002
4977	-0.6578	0.	-5.9562e-002	1.3499e-002
4985	-0.49	0.	0.	0.14354
4987	-0.55651	0.	-4.8523e-002	4.475e-002
4990	-0.51162	0.	-1.5032e-002	0.10302
4991	-0.5168	0.	-2.5024e-002	6.9339e-002
5510	2.1601e-002	0.	-1.5035e-002	0.18767
5519	-0.46162	0.	-1.5032e-002	0.17929
6626	9.2444e-002	0.	-0.55004	-2.7064e-004
6627	0.1344	0.	-0.50288	1.6536e-004
6628	0.1872	0.	-0.51766	3.0203e-004
6629	0.19362	0.	-0.58717	1.2811e-004
6630	0.13251	0.	-0.60134	-7.7023e-005
6634	-0.56992	0.	-0.51859	-1.2341e-005
6635	-0.65892	0.	-0.60054	9.5335e-005
6636	-0.54111	0.	-0.61612	-2.0039e-004
6637	-0.63242	0.	-0.53804	1.9946e-004
6638	-0.60503	0.	-0.64313	-6.4096e-005
6639	-0.53474	0.	-0.56368	-3.605e-004
6642	-0.53998	0.	-0.31928	1.6603e-003
6643	-0.4543	0.	-0.36296	-1.0721e-003
6644	-0.52834	0.	-0.41048	1.3815e-005
6645	-0.57129	0.	-0.36578	7.3907e-004
6646	-0.48084	0.	-0.32672	-4.7804e-004
6647	-0.46907	0.	-0.41179	-5.6554e-004
6651	0.10286	0.	-0.40236	3.7e-004
6652	0.10578	0.	-0.30048	1.9679e-003
6653	3.7343e-002	0.	-0.33552	-5.7663e-004
6654	6.3791e-002	0.	-0.31237	5.5673e-004
6655	0.12375	0.	-0.33745	1.084e-003
6656	4.2134e-002	0.	-0.36691	-5.3286e-004
6657	5.4661e-002	0.	-0.39789	-2.2141e-004
6661	-0.20235	0.	-0.40632	-3.9886e-003
6662	-0.1631	0.	-0.4077	-3.6815e-003
6663	-0.2344	0.	-0.47229	-2.5195e-003
6664	-0.19386	0.	-0.50337	-2.2401e-003
6665	-0.14585	0.	-0.44151	-2.8231e-003
6666	-0.22494	0.	-0.43497	-3.1577e-003
6667	-0.15913	0.	-0.47413	-2.3673e-003
6672	-1.0851	0.	-0.55208	4.4842e-004
6673	-1.0528	0.	-0.41732	7.2867e-004
6674	-1.0927	0.	-0.47811	5.4364e-004
6675	-1.0139	0.	-0.57453	4.5467e-004
6676	-0.97266	0.	-0.5145	6.0234e-004
6677	-0.99159	0.	-0.45033	7.4028e-004
6681	0.60523	0.	-0.40737	7.9531e-004
6682	0.66589	0.	-0.46511	5.6834e-004
6683	0.56115	0.	-0.56302	4.3339e-004
6684	0.64538	0.	-0.54318	4.3842e-004
6685	0.52141	0.	-0.46927	7.2371e-004
6690	-0.31245	0.	-0.74872	-5.1016e-004
6691	-0.25022	0.	-0.72869	-6.4906e-004
6692	-0.33054	0.	-0.82798	-3.4422e-004
6693	-0.20048	0.	-0.75561	-5.1043e-004
6694	-0.26391	0.	-0.86364	-2.901e-004
6695	-0.21669	0.	-0.81582	-3.7108e-004
6698	-0.27449	0.	-0.30733	-7.9838e-003
6699	-0.28432	0.	-0.25958	-1.046e-002
6700	-0.23047	0.	-0.31688	-7.9042e-003
6701	-0.20622	0.	-0.27781	-9.4451e-003
6702	-0.22429	0.	-0.23715	-1.5804e-002
6703	-0.26481	0.	-0.23507	-1.5688e-002
6707	8.359e-003	0.	-0.18063	3.5675e-004
6708	3.2359e-002	0.	-0.15616	1.381e-002
6709	8.592e-002	0.	-0.17706	9.5402e-003
6710	6.2218e-002	0.	-0.14525	2.e-002
6711	8.8912e-002	0.	-0.21823	5.0207e-003
6712	1.4536e-002	0.	-0.2172	2.0307e-003
6713	4.6923e-002	0.	-0.23013	3.6095e-003
6719	-0.52372	0.	-0.2413	3.301e-003
6720	-0.46658	0.	-0.17878	6.5012e-003
6721	-0.4382	0.	-0.22139	-4.8747e-004
6722	-0.46458	0.	-0.24874	1.1626e-003
6723	-0.51848	0.	-0.20232	6.3458e-003
6724	-0.44811	0.	-0.19616	5.2193e-004
6725	-0.49299	0.	-0.18111	9.5881e-003
6729	-0.80932	0.	-0.37285	1.3871e-003
6730	-0.75117	0.	-0.35208	1.8819e-003
6731	-0.69805	0.	-0.38918	1.4002e-003
6732	-0.77965	0.	-0.47212	1.0146e-003
6733	-0.7176	0.	-0.45334	8.8676e-004
6734	-0.80855	0.	-0.427	1.1723e-003
6738	0.28438	0.	-0.38942	1.3522e-003
6739	0.34858	0.	-0.47701	9.2897e-004
6740	0.38928	0.	-0.34616	1.5684e-003
6741	0.28401	0.	-0.44298	9.4289e-004
6742	0.39296	0.	-0.42751	1.1025e-003
6743	0.32353	0.	-0.35782	1.7347e-003
6746	0.58752	0.	-0.7849	1.4982e-004
6747	0.43263	0.	-0.74982	1.6794e-004
6748	0.42792	0.	-0.82228	1.0232e-004
6749	0.55721	0.	-0.86767	9.9242e-005
6750	0.51275	0.	-0.71908	2.3061e-004
6751	0.48868	0.	-0.8783	8.8394e-005
6753	-0.89681	0.	-0.71279	2.5567e-004
6754	-1.0175	0.	-0.77413	1.8266e-004
6755	-0.94715	0.	-0.85648	1.1769e-004
6756	-0.84943	0.	-0.76128	1.4515e-004
6757	-0.96785	0.	-0.71326	2.5962e-004
6758	-0.8735	0.	-0.82271	1.189e-004
6759	-1.0138	0.	-0.84746	1.2766e-004
6764	-0.32725	0.	-0.50933	-1.7904e-003
6765	-0.35821	0.	-0.4765	-1.9074e-003
6766	-0.3412	0.	-0.55795	-1.3291e-003
6767	-0.4266	0.	-0.53532	-1.0442e-003
6768	-0.38878	0.	-0.5661	-1.1046e-003
6769	-0.40251	0.	-0.49154	-1.2754e-003
6772	-0.10928	0.	-0.25272	-1.1019e-002
6773	-0.11132	0.	-0.32802	-5.5714e-003
6774	-0.12632	0.	-0.28757	-7.4194e-003
6775	-5.274e-002	0.	-0.26711	-4.5597e-003
6776	-4.6801e-002	0.	-0.30319	-4.1142e-003
6777	-8.0457e-002	0.	-0.25405	-6.8831e-003
6778	-7.2766e-002	0.	-0.32591	-4.7975e-003
6783	3.0935e-002	0.	-0.70024	-4.18e-004
6784	0.15067	0.	-0.74879	-1.0768e-004
6785	6.009e-002	0.	-0.7944	-1.9728e-004
6786	2.8871e-002	0.	-0.75012	-2.8527e-004
6787	0.10992	0.	-0.79331	-1.4223e-004
6788	0.10054	0.	-0.696	-1.9217e-004
6792	1.0133e-002	0.	-0.6004	-5.9018e-004
6793	-5.3738e-002	0.	-0.61267	-9.0632e-004
6794	-7.9368e-002	0.	-0.68861	-6.0479e-004
6795	-8.7091e-002	0.	-0.64362	-8.4954e-004
6796	-2.1473e-002	0.	-0.70582	-4.8966e-004
6797	5.0201e-002	0.	-0.65171	-3.9657e-004
6802	-0.60404	0.	-0.87109	-2.8158e-005
6803	-0.47751	0.	-0.88877	-1.5496e-004
6804	-0.53173	0.	-0.8403	-1.295e-004
6805	-0.5198	0.	-0.95534	-5.4813e-005
6806	-0.6196	0.	-0.93195	-2.6786e-005
6813	-1.24	0.	-0.82029	1.4848e-004
6814	-1.1877	0.	-0.75499	2.0143e-004
6815	-1.2093	0.	-0.67168	2.7214e-004
6816	-1.2927	0.	-0.65398	2.7862e-004
6817	-1.3043	0.	-0.79393	1.6953e-004
6824	0.76846	0.	-0.80299	1.4534e-004
6825	0.6458	0.	-0.85109	1.1387e-004
6826	0.60134	0.	-0.7025	2.4523e-004
6827	0.68557	0.	-0.68266	2.5026e-004
6828	0.77177	0.	-0.7271	1.9201e-004
6829	0.7149	0.	-0.85659	1.1564e-004
6836	0.17676	0.	-0.41178	8.5996e-004
6837	0.22956	0.	-0.42656	9.9663e-004
6838	0.22645	0.	-0.32308	2.4332e-003
6839	0.19766	0.	-0.34687	1.574e-003
6840	0.26908	0.	-0.3414	1.7885e-003
6846	-0.6027	0.	-0.32159	2.3905e-003
6847	-0.61777	0.	-0.24729	4.3815e-003
6848	-0.51226	0.	-0.28253	1.1734e-003
6849	-0.56616	0.	-0.23612	6.3566e-003
6853	0.70412	0.	-0.3034	8.7722e-004
6854	0.58017	0.	-0.23385	1.4434e-003
6855	0.52722	0.	-0.30593	1.4441e-003
6856	0.67538	0.	-0.38312	8.2288e-004
6857	0.5309	0.	-0.38728	9.7825e-004
6858	0.66067	0.	-0.22762	1.0463e-003
6862	-1.0681	0.	-0.25572	1.1526e-003
6863	-0.99836	0.	-0.1551	1.895e-003
6864	-1.1258	0.	-0.2045	1.1012e-003
6865	-1.1131	0.	-0.13449	1.2501e-003
6866	-1.012	0.	-0.2206	1.4099e-003
6870	-0.31283	0.	-0.29692	-7.7436e-003
6871	-0.35151	0.	-0.35356	-3.7101e-003
6872	-0.25898	0.	-0.35421	-5.1875e-003
6873	-0.32199	0.	-0.38735	-3.8355e-003
6874	-0.28158	0.	-0.38286	-4.3567e-003
6875	-0.33833	0.	-0.32047	-4.9709e-003
6880	-0.33967	0.	-0.22054	-1.1311e-002
6881	-0.36151	0.	-0.24223	-7.2425e-003
6882	-0.34817	0.	-0.27272	-7.4474e-003
6883	-0.30315	0.	-0.22465	-1.5448e-002
6888	-0.15119	0.	-0.18046	-2.4703e-002
6889	-0.13565	0.	-0.15542	-2.6035e-002
6890	-0.1863	0.	-0.17465	-2.7462e-002
6891	-0.20579	0.	-0.14058	-3.4872e-002
6892	-0.14099	0.	-0.13286	-3.4975e-002
6896	-0.30104	0.	-0.68747	-7.2554e-004
6897	-0.38135	0.	-0.78676	-4.2071e-004
6898	-0.43557	0.	-0.73829	-3.9525e-004
6899	-0.42688	0.	-0.68002	-4.7199e-004
6900	-0.33511	0.	-0.65021	-9.1697e-004
6901	-0.38269	0.	-0.65836	-6.9249e-004
6905	-2.4196e-002	0.	-0.55712	-8.741e-004
6906	8.1636e-002	0.	-0.49771	-1.2197e-004
6907	-5.4267e-003	0.	-0.51446	-1.0502e-003
6908	7.9743e-002	0.	-0.59616	-3.6435e-004
6909	3.3441e-002	0.	-0.49324	-7.1338e-004
6914	-0.37552	0.	-0.15999	-1.2661e-002
6915	-0.37852	0.	-0.2136	-8.334e-003
6916	-0.3368	0.	-0.16414	-2.3431e-002
6917	-0.38843	0.	-0.18837	-7.3246e-003
6918	-0.32016	0.	-0.19603	-1.6539e-002
6924	-0.18907	0.	-0.69435	-7.2582e-004
6925	-0.2184	0.	-0.61264	-1.2377e-003
6926	-0.27289	0.	-0.63018	-1.0559e-003
6927	-0.19679	0.	-0.64937	-9.7057e-004
6931	-0.7984	0.	-0.31464	1.9379e-003
6932	-0.85579	0.	-0.38957	1.2283e-003
6933	-0.9045	0.	-0.36823	1.1801e-003
6934	-0.85148	0.	-0.28527	1.826e-003
6935	-0.90958	0.	-0.30009	1.4258e-003
6939	0.46676	0.	-0.13023	2.8845e-003
6940	0.41381	0.	-0.20231	2.8852e-003
6941	0.34569	0.	-0.1636	3.9162e-003
6942	0.32433	0.	-0.10912	6.3416e-003
6947	-0.79058	0.	-0.63494	2.8608e-004
6948	-0.82613	0.	-0.59122	5.1806e-004
6949	-0.80766	0.	-0.69698	2.2752e-004
6950	-0.92608	0.	-0.64896	3.4199e-004
6951	-0.88482	0.	-0.58893	4.8966e-004
6956	0.36232	0.	-0.62318	3.801e-004
6957	0.44245	0.	-0.59243	4.4277e-004
6958	0.29376	0.	-0.51415	5.7344e-004
6959	0.40271	0.	-0.49868	7.3308e-004
6960	0.30019	0.	-0.58366	3.9952e-004
6963	0.79646	0.	-0.48921	4.8286e-004
6964	0.77596	0.	-0.56729	3.5294e-004
6965	0.87277	0.	-0.47378	4.2634e-004
6966	0.86216	0.	-0.61173	2.947e-004
6972	0.36161	0.	-0.77062	1.3507e-004
6973	0.44644	0.	-0.66742	2.6336e-004
6974	0.29318	0.	-0.72561	9.9469e-005
6975	0.30417	0.	-0.65865	2.2011e-004
6979	-7.6641e-003	0.	-0.14711	7.6348e-003
6980	-6.6489e-002	0.	-0.16871	-1.1935e-002
6981	-2.5487e-002	0.	-0.20815	-4.1441e-003
6982	-5.0151e-002	0.	-0.14967	-1.3272e-002
6983	-5.3204e-002	0.	-0.19508	-6.4676e-003
6984	-2.5677e-002	0.	-0.14113	-5.0114e-003
6989	-1.2331	0.	-0.44118	5.0418e-004
6990	-1.309	0.	-0.49746	4.1544e-004
6991	-1.257	0.	-0.38838	5.8457e-004
6992	-1.3183	0.	-0.359	5.281e-004
6994	-0.58019	0.	-0.79986	-1.0251e-004
6995	-0.63542	0.	-0.76861	-4.2957e-005
6996	-0.70639	0.	-0.78806	5.7915e-005
6997	-0.73046	0.	-0.84949	3.167e-005
6998	-0.66806	0.	-0.89152	2.e-007
7002	-6.9242e-002	0.	-0.42725	-2.3595e-003
7003	-4.7933e-002	0.	-0.39133	-2.4439e-003
7004	-4.3516e-002	0.	-0.45221	-1.7422e-003
7005	-1.7176e-002	0.	-0.40001	-1.7168e-003
7006	-4.6488e-003	0.	-0.43098	-1.4054e-003
7008	-0.42574	0.	-0.13906	-1.6033e-003
7009	-0.35564	0.	-0.13221	-2.3689e-002
7010	-0.41619	0.	-0.1209	1.5331e-003
7011	-0.40727	0.	-0.15643	-7.5825e-003
7015	-3.4555e-002	0.	-0.89582	-1.8695e-004
7016	-6.1134e-002	0.	-0.95692	-1.1633e-004
7017	2.0157e-002	0.	-0.89717	-1.3501e-004
7018	5.6114e-002	0.	-0.94864	-6.5578e-005
7022	0.29499	0.	-0.88579	3.6384e-005
7023	0.22656	0.	-0.84078	7.8124e-007
7024	0.28935	0.	-0.95243	1.4712e-005
7025	0.17194	0.	-0.93786	-1.9388e-005
7026	0.18581	0.	-0.8853	-3.3771e-005
7031	0.76478	0.	-0.36114	6.5024e-004
7032	0.75006	0.	-0.20565	8.7363e-004
7033	0.84109	0.	-0.34571	5.9372e-004
7034	0.83517	0.	-0.22256	6.9945e-004
7039	-0.47755	0.	-0.12158	2.2683e-002
7040	-0.44756	0.	-0.1319	1.2849e-002
7041	-0.43865	0.	-0.16744	3.733e-003
7042	-0.48353	0.	-0.15239	1.2799e-002
7046	4.6195e-002	0.	-0.11173	2.7278e-002
7047	2.2088e-002	0.	-0.10179	3.7252e-002
7048	-1.677e-003	0.	-0.11665	8.4414e-003
7053	-0.76078	0.	-0.22229	3.325e-003
7054	-0.68713	0.	-0.33098	1.951e-003
7055	-0.70221	0.	-0.25668	3.942e-003
7056	-0.79333	0.	-0.2645	2.3208e-003
7059	-0.14303	0.	-0.56362	-1.4006e-003
7060	-0.12142	0.	-0.60034	-1.1335e-003
7061	-6.9299e-002	0.	-0.52672	-1.3664e-003
7062	-0.1083	0.	-0.53438	-1.5279e-003
7066	0.16245	0.	-0.17197	1.0288e-002
7067	0.16544	0.	-0.21314	5.7686e-003
7068	0.25246	0.	-0.19429	5.9638e-003
7069	0.18094	0.	-0.13455	1.5448e-002
7070	0.2311	0.	-0.1398	8.3892e-003
7071	0.21221	0.	-0.22633	5.7439e-003
7075	-0.3705	0.	-0.39624	-2.2784e-003
7076	-0.42658	0.	-0.32621	-1.559e-003
7077	-0.38685	0.	-0.32936	-3.4138e-003
7078	-0.4148	0.	-0.41128	-1.6465e-003
7082	-1.1487	0.	-0.83646	1.3906e-004
7083	-1.263	0.	-0.93158	6.6995e-005
7084	-1.2653	0.	-0.87539	1.0716e-004
7085	-1.1451	0.	-0.90979	8.4064e-005
7090	-0.45366	0.	-0.81755	-2.2931e-004
7091	-0.33281	0.	-0.90168	-2.0065e-004
7092	-0.38524	0.	-0.92201	-1.7614e-004
7093	-0.44173	0.	-0.93259	-1.5462e-004
7100	-0.17572	0.	-0.36513	-4.8008e-003
7101	-0.19072	0.	-0.32469	-6.6488e-003
7102	-0.23756	0.	-0.3924	-4.2771e-003
7106	-0.49919	0.	-0.71081	-2.8059e-004
7107	-0.56311	0.	-0.73783	-1.443e-004
7111	-0.14943	0.	-0.25077	-1.1789e-002
7112	-0.11685	0.	-0.19088	-1.672e-002
7113	-0.16749	0.	-0.21011	-1.8148e-002
7114	-0.10357	0.	-0.21725	-1.1253e-002
7118	0.86945	0.	-0.90102	9.7051e-005
7119	0.86412	0.	-0.76177	1.7291e-004
7120	0.80725	0.	-0.89126	9.653e-005
7124	0.17639	0.	-0.46533	4.5069e-004
7125	0.14449	0.	-0.38565	1.0281e-003
7126	7.5401e-002	0.	-0.44608	-2.7739e-004
7130	-0.59107	0.	-0.41279	7.4403e-004
7131	-0.61063	0.	-0.47695	2.3056e-004
7132	-0.51295	0.	-0.50258	-3.2939e-004
7133	-0.48885	0.	-0.4588	-5.6059e-004
7137	-0.85835	0.	-0.14224	3.2981e-003
7138	-0.72273	0.	-0.1851	4.8343e-003
7139	-0.72846	0.	-0.13492	6.9649e-003
7140	-0.81386	0.	-0.19292	3.2132e-003
7145	9.9756e-002	0.	-0.13263	2.3008e-002
7146	0.12645	0.	-0.20561	8.0293e-003
7147	0.14196	0.	-0.12702	1.7709e-002
7152	5.1948e-002	0.	-9.0889e-002	4.3442e-002
7153	0.11825	0.	-9.5217e-002	2.8169e-002
7154	6.7326e-002	0.	-7.3626e-002	5.6256e-002
7160	-1.118	0.	-0.68785	2.6272e-004
7161	-1.0468	0.	-0.71029	2.6898e-004
7162	-1.0927	0.	-0.84449	1.3702e-004
7166	-0.15553	0.	-0.78149	-4.4784e-004
7167	-0.10493	0.	-0.78143	-4.3602e-004
7168	-0.14705	0.	-0.67629	-8.3194e-004
7169	-8.1433e-002	0.	-0.73849	-4.7206e-004
7175	-1.1471	0.	-0.53056	4.2865e-004
7176	-1.223	0.	-0.58684	3.3991e-004
7177	-1.0683	0.	-0.62698	3.3969e-004
7182	-0.5355	0.	-9.5071e-002	2.8941e-002
7183	-0.56697	0.	-0.1471	1.5815e-002
7184	-0.62431	0.	-0.10809	1.5971e-002
7185	-0.54148	0.	-0.12588	1.9058e-002
7186	-0.53331	0.	-7.3547e-002	4.6819e-002
7191	-0.48279	0.	-8.7229e-002	4.5655e-002
7192	-0.46799	0.	-0.10342	2.5819e-002
7193	-0.50396	0.	-0.12391	2.577e-002
7194	-0.49579	0.	-7.1572e-002	5.3531e-002
7199	0.49267	0.	-0.21441	1.8376e-003
7200	0.62612	0.	-0.1361	1.4398e-003
7205	0.37161	0.	-0.24778	2.8694e-003
7206	0.4434	0.	-0.36783	1.3725e-003
7207	0.37398	0.	-0.29814	2.0047e-003
7211	-0.76166	0.	-0.57767	4.661e-004
7212	-0.69962	0.	-0.55889	3.3824e-004
7213	-0.67222	0.	-0.66398	7.4689e-005
7214	-0.74319	0.	-0.68343	1.7556e-004
7217	-0.21896	0.	-0.88952	-2.2751e-004
7218	-0.31861	0.	-0.95767	-1.2201e-004
7219	-0.19493	0.	-0.95056	-1.4506e-004
7224	-1.3154	0.	-0.21129	6.4256e-004
7225	-1.248	0.	-0.18146	7.5222e-004
7226	-1.2353	0.	-0.11145	9.0108e-004
7232	-1.1148	0.	-0.3958	7.0891e-004
7233	-1.1388	0.	-0.343	7.8929e-004
7234	-1.0137	0.	-0.36802	9.0555e-004
7235	-1.1326	0.	-0.28378	8.4249e-004
7236	-1.0188	0.	-0.29988	1.1512e-003
7240	-0.8909	0.	-0.18445	2.2938e-003
7241	-0.949	0.	-0.19926	1.8936e-003
7245	0.71554	0.	-0.51893	4.6599e-004
7246	0.81235	0.	-0.42542	5.3939e-004
7251	0.28848	0.	-0.79806	3.3848e-005
7252	0.41766	0.	-0.89909	5.5524e-005
7253	0.35127	0.	-0.90971	4.7779e-005
7257	-0.15146	0.	-0.32607	-6.3417e-003
7258	-0.11922	0.	-0.40033	-3.6354e-003
7259	-9.7914e-002	0.	-0.36441	-3.7198e-003
7262	-0.23853	0.	-0.52677	-1.8904e-003
7263	-0.31002	0.	-0.46286	-2.2869e-003
7264	-0.29302	0.	-0.54431	-1.7086e-003
7265	-0.26961	0.	-0.45837	-2.8081e-003
7269	-0.18453	0.	-0.24496	-1.4549e-002
7274	0.54695	0.	-0.94448	5.2444e-005
7275	0.68459	0.	-0.93936	6.5061e-005
7281	-8.4977e-002	0.	-0.14679	-1.9389e-002
7282	-8.8029e-002	0.	-0.19221	-1.2584e-002
7283	-0.10665	0.	-0.14328	-2.6992e-002
7287	-0.42674	0.	-0.26263	-2.615e-003
7288	-0.38701	0.	-0.26578	-4.4699e-003
7289	-0.41027	0.	-0.21005	-3.2556e-003
7293	-0.55441	0.	-0.67956	-2.2103e-004
7294	-0.48413	0.	-0.60011	-5.1743e-004
7295	-0.4463	0.	-0.63089	-5.7783e-004
7298	-0.25248	0.	-0.57539	-1.4291e-003
7299	-0.17638	0.	-0.59458	-1.3438e-003
7300	-0.16326	0.	-0.52861	-1.7382e-003
7304	0.6108	0.	-0.61684	3.3104e-004
7305	0.48682	0.	-0.54293	6.1633e-004
7309	0.78124	0.	-0.64144	2.7782e-004
7313	8.7453e-002	0.	-0.25868	2.0987e-003
7314	0.17621	0.	-0.25997	3.4852e-003
7315	0.14742	0.	-0.28376	2.626e-003
7320	-0.24312	0.	-0.20222	-2.0791e-002
7321	-0.22209	0.	-0.17023	-2.8317e-002
7327	0.23105	0.	-0.68609	1.1889e-004
7328	0.17931	0.	-0.79757	-3.6307e-005
7329	0.16993	0.	-0.70026	-8.6246e-005
7334	-0.88206	0.	-0.9021	6.3299e-005
7335	-1.0224	0.	-0.92685	7.2054e-005
7336	-0.89314	0.	-0.95629	4.608e-005
7342	-0.30057	0.	-0.42554	-2.9251e-003
7343	-0.38528	0.	-0.44507	-1.7719e-003
7348	-0.65357	0.	-0.43224	9.5582e-004
7349	-0.64908	0.	-0.29378	3.4603e-003
7354	-0.73517	0.	-0.51517	5.7022e-004
7355	-0.82612	0.	-0.48884	8.5574e-004
7356	-0.8559	0.	-0.53166	6.6968e-004
7360	0.28213	0.	-0.15459	6.3258e-003
7361	0.26324	0.	-0.24111	3.6804e-003
7362	0.30586	0.	-0.25943	3.0357e-003
7368	0.23561	0.	-0.54962	4.1345e-004
7375	-0.68931	0.	-0.72602	1.613e-005
7380	-0.35454	0.	-0.60107	-1.0228e-003
7385	-0.78434	0.	-0.8069	9.0757e-005
7390	-1.3371e-002	0.	-0.28079	-2.0247e-003
7391	-4.7027e-002	0.	-0.23165	-4.7936e-003
7392	1.3077e-002	0.	-0.25765	-8.9135e-004
7395	-1.2306	0.	-0.51287	4.3513e-004
7396	-1.1787	0.	-0.40379	6.0426e-004
7400	0.41202	0.	-0.96573	3.3852e-005
7409	2.195e-002	0.	-7.276e-002	8.4001e-002
7410	4.3219e-002	0.	-6.3687e-002	6.623e-002
7418	-0.95586	0.	-0.5894	4.9361e-004
7422	-0.61254	0.	-0.20832	7.4263e-003
7423	-0.66988	0.	-0.1693	7.5818e-003
7428	0.18092	0.	-0.6333	3.4397e-005
7435	-0.12113	0.	-0.84164	-2.9666e-004
7436	-0.14771	0.	-0.90274	-2.2604e-004
7440	-3.3397e-002	0.	-0.33959	-2.2625e-003
7441	1.9016e-002	0.	-0.29373	-4.4587e-004
7442	-2.6409e-003	0.	-0.34827	-1.5355e-003
7446	0.79173	0.	-0.14678	8.685e-004
7451	-0.4134	0.	-0.29312	-2.8198e-003
7455	-4.4164e-002	0.	-0.11921	-1.2465e-002
7456	-9.0314e-002	0.	-0.12424	-2.8329e-002
7460	-9.7102e-002	0.	-0.90268	-2.1422e-004
7461	-1.5811e-002	0.	-0.84292	-2.329e-004
7462	-4.7031e-002	0.	-0.79864	-3.2089e-004
7465	-0.30028	0.	-0.16825	-2.7567e-002
7466	-0.27926	0.	-0.13626	-3.5093e-002
7471	-0.43994	0.	-0.57845	-7.3794e-004
7472	-0.45367	0.	-0.50389	-9.0874e-004
7481	-0.61827	0.	-0.15814	9.5569e-003
7482	-0.53544	0.	-0.17593	1.2644e-002
7487	0.8159	0.	-0.95462	6.7351e-005
7492	-0.42753	0.	-0.98858	-7.5992e-005
7495	-1.2638	0.	-0.32161	6.2818e-004
7496	-1.1964	0.	-0.29178	7.3784e-004
7504	-8.0671e-002	0.	-0.39822	-2.8614e-003
7505	-7.6255e-002	0.	-0.4591	-2.1598e-003
7506	-0.11526	0.	-0.46676	-2.3213e-003
7511	-0.81949	0.	-0.92252	4.7292e-005
7512	-0.74602	0.	-0.91036	3.3042e-005
7520	-1.3273	0.	-0.90522	8.8045e-005
7525	-0.45281	0.	-9.7556e-002	3.5821e-002
7526	-0.48061	0.	-6.5705e-002	6.3533e-002
7527	-0.46243	0.	-7.3169e-002	9.5662e-002
7531	-0.88481	0.	-0.48655	8.2734e-004
7532	-0.90373	0.	-0.42238	9.6529e-004
7534	-1.2576	0.	-0.26239	6.8138e-004
7560	-2.8606e-002	0.	-0.37098	-2.2187e-003
7565	0.21061	0.	-9.4857e-002	1.581e-002
7566	0.10953	0.	-6.8014e-002	5.0957e-002
7570	-0.93352	0.	-0.46521	7.7922e-004
7574	-0.95752	0.	-0.3329	1.1628e-003
7579	-1.1775	0.	-0.16255	9.3991e-004
7587	-0.90451	0.	-0.24994	1.8087e-003
7599	-0.26262	0.	-0.16815	-2.8201e-002
7612	7.4858e-002	0.	-0.89574	-1.1153e-004
7613	7.6818e-003	0.	-0.79998	-2.6895e-004
7614	8.8733e-002	0.	-0.84318	-1.2591e-004
7624	0.19419	0.	-0.29695	2.6013e-003
7625	0.26561	0.	-0.29147	2.8158e-003
7629	-1.1662e-002	0.	-0.46284	-1.2057e-003
7630	-8.9533e-002	0.	-0.49172	-1.704e-003
7639	0.12469	0.	-0.89464	-5.6476e-005
7643	1.4678e-002	0.	-0.41064	-1.1802e-003
7668	-0.7571	0.	-0.96455	1.5822e-005
10701	-0.48842	0.	-4.0056e-002	0.10509
10702	-0.47024	0.	-4.752e-002	0.13722
10706	-0.47543	0.	-5.7512e-002	0.10354
10726	3.7328e-002	0.	-5.5496e-002	9.6816e-002
10727	2.963e-002	0.	-4.732e-002	0.12684
10730	5.09e-002	0.	-3.8247e-002	0.10907
100	0.	0.	6.875e-002	0.13464
101	0.	0.	8.25e-002	3.5637e-002
102	-2.2e-002	0.	8.25e-002	1.3783e-003
103	-4.4e-002	0.	8.25e-002	-1.9924e-002
104	-8.8e-002	0.	8.25e-002	-3.4498e-002
105	-0.132	0.	8.25e-002	-4.6296e-002
106	-0.176	0.	8.25e-002	-4.7531e-002
107	-0.22	0.	8.25e-002	-4.7976e-002
108	-0.264	0.	8.25e-002	-4.7975e-002
109	-0.308	0.	8.25e-002	-4.3474e-002
110	-0.352	0.	8.25e-002	-3.8511e-002
111	-0.396	0.	8.25e-002	-1.8561e-002
112	-0.418	0.	8.25e-002	-2.3973e-003
113	-0.44	0.	6.875e-002	0.1516
114	-0.44	0.	8.25e-002	3.6033e-002
115	-0.44	0.	5.5e-002	0.17356
126	0.	0.	5.5e-002	0.21749
481	0.1	0.	0.	5.5004e-002
482	0.2	0.	0.	1.73e-002
483	0.3	0.	0.	7.3057e-003
484	0.4	0.	0.	3.7606e-003
485	0.5	0.	0.	2.3862e-003
486	0.6	0.	0.	1.5309e-003
487	0.7	0.	0.	1.116e-003
488	0.8	0.	0.	8.5501e-004
489	0.9	0.	0.	7.2449e-004
490	-1.34	0.	0.	6.9825e-004
491	-1.24	0.	0.	8.7049e-004
492	-1.14	0.	0.	1.0627e-003
493	-1.04	0.	0.	1.4385e-003
494	-0.94	0.	0.	2.4193e-003
495	-0.84	0.	0.	3.9006e-003
496	-0.74	0.	0.	6.429e-003
497	-0.64	0.	0.	1.835e-002
498	-0.54	0.	0.	7.2152e-002
542	-1.44	0.	9.8409e-002	6.6307e-004
543	-1.44	0.	0.19682	6.1014e-004
544	-1.44	0.	0.29523	5.7513e-004
545	-1.44	0.	0.39364	4.5662e-004
546	-1.44	0.	0.49205	3.8779e-004
547	-1.44	0.	0.59045	3.0783e-004
548	-1.44	0.	0.68886	2.3835e-004
549	-1.44	0.	0.78727	1.7449e-004
550	-1.44	0.	0.88568	9.737e-005
551	-1.44	0.	0.98409	3.7692e-005
557	-1.3383	0.	1.0825	2.087e-005
558	-1.2367	0.	1.0825	2.6202e-005
559	-1.135	0.	1.0825	2.5092e-005
560	-1.0333	0.	1.0825	2.1871e-005
561	-0.93167	0.	1.0825	1.5103e-005
562	-0.83	0.	1.0825	1.4159e-005
563	-0.72833	0.	1.0825	7.7825e-006
564	-0.62667	0.	1.0825	-1.3965e-005
565	-0.525	0.	1.0825	-3.5549e-005
566	-0.42333	0.	1.0825	-3.5152e-005
567	-0.32167	0.	1.0825	-4.2694e-005
568	-0.22	0.	1.0825	-4.454e-005
569	-0.11833	0.	1.0825	-4.7527e-005
570	-1.6667e-002	0.	1.0825	-4.2655e-005
571	8.5e-002	0.	1.0825	-1.8942e-005
572	0.18667	0.	1.0825	-6.4931e-006
573	0.28833	0.	1.0825	3.254e-006
574	0.39	0.	1.0825	1.5114e-005
575	0.49167	0.	1.0825	2.4347e-005
576	0.59333	0.	1.0825	3.6233e-005
577	0.695	0.	1.0825	3.1919e-005
578	0.79667	0.	1.0825	3.9217e-005
579	0.89833	0.	1.0825	2.2456e-005
585	1.	0.	0.98409	3.6607e-005
586	1.	0.	0.88568	9.734e-005
587	1.	0.	0.78727	1.638e-004
588	1.	0.	0.68886	2.3707e-004
589	1.	0.	0.59045	3.0475e-004
590	1.	0.	0.49205	3.8716e-004
591	1.	0.	0.39364	4.6406e-004
592	1.	0.	0.29523	5.3915e-004
593	1.	0.	0.19682	6.1983e-004
594	1.	0.	9.8409e-002	6.7061e-004
595	0.	0.	0.	0.19722
596	-0.44	0.	0.	0.22428
602	1.	0.	0.	6.7701e-004
604	-1.44	0.	0.	6.6857e-004
607	-1.44	0.	1.0825	1.8586e-005
608	1.	0.	1.0825	1.785e-005
609	-0.5878	0.	0.57683	-8.2745e-006
610	-0.51633	0.	0.3379	4.6182e-004
611	4.9647e-002	0.	0.33886	-4.5303e-004
612	-0.1932	0.	0.43527	-3.3481e-003
613	-1.0259	0.	0.50261	6.41e-004
614	0.61001	0.	0.50357	5.1234e-004
615	-0.24483	0.	0.79095	-5.0524e-004
616	-0.25594	0.	0.27298	-1.0483e-002
617	-0.48075	0.	0.19598	6.2922e-003
618	4.7783e-002	0.	0.20369	5.1427e-003
619	-0.77883	0.	0.40584	1.2125e-003
620	0.32208	0.	0.41028	1.2222e-003
621	-0.91901	0.	0.80329	1.6424e-004
622	-0.37663	0.	0.53517	-1.3227e-003
623	-9.4289e-002	0.	0.29604	-5.9156e-003
624	4.9997e-002	0.	0.95323	-8.0298e-005
625	-0.57828	0.	0.73853	-1.3734e-004
626	1.0854e-002	0.	0.62972	-5.088e-004
627	-1.1154	0.	0.76995	1.8637e-004
628	0.84712	0.	0.73518	1.9516e-004
629	-0.67332	0.	0.35678	1.889e-003
630	0.12641	0.	0.28467	2.7395e-003
631	-1.0547	0.	0.32538	9.063e-004
632	-0.34573	0.	0.44473	-2.3142e-003
633	-0.33468	0.	0.29083	-7.0638e-003
634	0.35673	0.	0.83347	7.7558e-005
635	-0.19484	0.	0.22088	-1.6747e-002
636	0.33545	0.	0.67171	2.0578e-004
637	-1.3264e-002	0.	0.37417	-1.5316e-003
638	-0.19985	0.	0.57401	-1.3051e-003
639	0.37822	0.	0.1216	4.3974e-003
640	-0.82789	0.	0.11813	3.6981e-003
641	-0.80881	0.	0.52568	5.8027e-004
642	-8.2343e-002	0.	0.21878	-9.7001e-003
643	-1.2969	0.	0.53758	3.9942e-004
644	-0.32579	0.	0.22139	-1.3577e-002
645	0.7771	0.	0.5001	4.1734e-004
646	8.4487e-002	0.	0.73886	-1.9906e-004
647	-1.2335	0.	0.28143	7.2936e-004
648	0.83807	0.	0.26337	6.4584e-004
649	-0.45764	0.	0.12604	2.0389e-002
650	1.0604e-002	0.	0.14724	8.8055e-003
651	-0.35935	0.	0.16069	-1.3554e-002
652	-9.9202e-002	0.	0.55393	-1.4397e-003
653	-0.64054	0.	0.94199	-1.9826e-005
654	-0.64146	0.	0.17964	7.3008e-003
655	-0.74274	0.	0.76723	7.9484e-005
656	-7.6736e-002	0.	0.16477	-1.399e-002
657	-0.32468	0.	0.95991	-1.144e-004
658	-0.47425	0.	0.63458	-5.2719e-004
659	-0.334	0.	0.65536	-7.9293e-004
660	0.76101	0.	0.90175	7.7293e-005
661	5.5344e-002	0.	0.45166	-6.5183e-004
662	-0.42178	0.	0.7797	-3.1702e-004
663	-0.10401	0.	0.83111	-3.0543e-004
664	-0.21082	0.	0.35719	-6.3282e-003
665	-0.13506	0.	0.17508	-2.3229e-002
666	-0.13771	0.	0.72624	-5.9109e-004
667	-1.3007	0.	0.83797	1.3748e-004
668	-0.56756	0.	0.48087	3.1386e-005
669	0.25437	0.	0.19654	5.6723e-003
670	0.13536	0.	0.17546	1.0268e-002
671	0.20641	0.	0.38527	1.1016e-003
672	-0.56157	0.	0.16604	1.1943e-002
673	-0.51792	0.	0.11217	2.8995e-002
674	0.68882	0.	0.76396	1.7652e-004
675	-0.98563	0.	0.14233	1.6158e-003
676	-0.87972	0.	0.28649	1.9298e-003
677	0.55736	0.	0.16269	1.7729e-003
678	0.41419	0.	0.28785	2.229e-003
679	-0.29202	0.	0.14686	-2.9462e-002
680	0.45073	0.	0.58868	3.91e-004
681	-1.176	0.	0.44085	5.5581e-004
682	-0.79873	0.	0.93269	3.6576e-005
683	-0.14188	0.	0.37036	-4.5002e-003
684	0.15426	0.	0.8551	-6.5359e-005
685	-0.47718	0.	0.93853	-7.8359e-005
686	-0.17627	0.	0.29104	-8.4445e-003
687	-1.052	0.	0.93623	7.0104e-005
688	-0.42506	0.	0.38458	-1.981e-003
689	0.33044	0.	0.54187	4.8843e-004
690	-0.41274	0.	0.30354	-2.9064e-003
691	-0.98736	0.	0.64724	3.0457e-004
692	-1.135	0.	0.597	3.7976e-004
693	-0.56917	0.	0.24757	3.8609e-003
694	0.5157	0.	0.93396	6.306e-005
695	-0.4014	0.	0.22672	-4.2358e-003
696	-0.74348	0.	0.20911	3.7353e-003
697	-0.38279	0.	0.11761	-1.9466e-002
698	-0.67936	0.	0.47932	6.1224e-004
699	-1.8158e-002	0.	0.24737	-2.7164e-003
700	-2.8965e-002	0.	0.45071	-1.6123e-003
701	0.44708	0.	0.44918	8.8798e-004
702	-0.88708	0.	0.44918	9.9381e-004
703	-0.46858	0.	8.3589e-002	5.9885e-002
704	0.73528	0.	0.60533	3.1666e-004
705	-4.0025e-002	0.	0.12126	-1.0589e-002
706	-0.19446	0.	0.14107	-3.3386e-002
707	0.15585	0.	0.47168	1.7568e-004
708	-0.25832	0.	0.50089	-2.096e-003
709	0.21847	0.	0.73518	3.9077e-005
710	0.58671	0.	0.64834	3.1086e-004
711	-0.16397	0.	0.96271	-1.3475e-004
712	0.73161	0.	0.12302	1.0706e-003
713	-1.1466	0.	0.12987	1.0864e-003
714	-0.85346	0.	0.65868	2.6166e-004
715	0.2698	0.	0.31265	2.5402e-003
716	-0.92672	0.	0.96667	5.1229e-005
717	-0.27587	0.	0.3386	-5.6436e-003
718	-0.22584	0.	0.66245	-8.7072e-004
719	-1.3287	0.	0.40998	4.9942e-004
720	-0.25823	0.	0.19852	-1.9809e-002
721	-1.3181	0.	0.9644	6.5478e-005
722	-0.33636	0.	0.36375	-4.1665e-003
723	-3.2146e-002	0.	0.72985	-4.3921e-004
724	0.38467	0.	0.9789	2.6662e-005
725	-1.3075	0.	0.68613	2.4674e-004
726	-2.4137e-002	0.	0.18299	-4.33e-003
727	-0.48807	0.	0.52261	-5.9744e-004
728	-0.26263	0.	0.41416	-3.5627e-003
729	-1.3168	0.	0.16368	7.0474e-004
730	0.87747	0.	0.14192	7.1373e-004
731	0.11343	0.	0.39412	4.4166e-004
732	0.88496	0.	0.96141	5.2662e-005
733	-0.41412	0.	0.15532	-2.3159e-003
734	-0.42096	0.	0.11109	4.5105e-003
735	6.6062e-002	0.	5.2724e-002	7.1787e-002
736	0.23539	0.	9.5127e-002	1.0265e-002
737	-0.10211	0.	0.12575	-3.2648e-002
738	4.7976e-003	0.	0.53076	-7.0866e-004
739	0.68216	0.	0.24885	1.0718e-003
740	-0.14248	0.	0.23754	-1.3114e-002
741	0.24777	0.	0.96215	2.0433e-006
742	0.7175	0.	0.38644	6.6139e-004
743	-0.73926	0.	0.60507	2.6689e-004
744	0.25172	0.	0.63305	1.0448e-004
745	-1.193	0.	0.94559	6.403e-005
746	0.88917	0.	0.57409	3.2642e-004
747	2.9505e-002	0.	7.0625e-002	9.4904e-002
748	0.88477	0.	0.42087	4.6359e-004
749	-0.60018	0.	8.9929e-002	2.2721e-002
750	0.20179	0.	0.55756	2.265e-004
751	-0.1469	0.	0.12476	-4.0765e-002
752	6.7514e-003	0.	0.10787	2.1772e-002
753	-0.24083	0.	0.12573	-3.7637e-002
754	9.4047e-002	0.	0.55187	-2.0725e-004
755	-0.48265	0.	0.26531	9.5003e-004
756	-0.59298	0.	0.39905	8.8038e-004
757	3.5662e-002	0.	0.27723	7.2404e-004
758	-0.70072	0.	0.10016	9.1222e-003
759	-0.28451	0.	0.58102	-1.3519e-003
760	1.3225e-002	0.	0.84126	-2.1323e-004
761	0.88957	0.	0.84903	1.2926e-004
762	0.54696	0.	0.36862	1.0972e-003
763	0.6337	0.	0.93004	6.3957e-005
764	-0.66288	0.	0.26045	3.5844e-003
765	-0.91486	0.	0.55599	5.2063e-004
766	-5.9966e-002	0.	0.95206	-1.2819e-004
767	0.14329	0.	0.98118	-2.5023e-005
768	-0.10081	0.	0.64709	-7.699e-004
769	0.24332	0.	0.47333	6.0555e-004
770	-0.60294	0.	0.32035	2.0671e-003
771	0.13769	0.	7.0827e-002	2.5907e-002
772	-0.11758	0.	0.45088	-2.469e-003
773	-1.9359e-002	0.	0.31427	-2.1737e-003
774	-0.49784	0.	0.42908	-5.4451e-004
775	0.44968	0.	0.70871	2.0383e-004
776	0.14293	0.	0.64183	-1.2196e-004
777	-0.74823	0.	0.30979	2.2065e-003
778	-0.42513	0.	0.46162	-1.2655e-003
779	-0.17254	0.	0.50708	-2.0711e-003
780	0.55057	0.	0.8073	1.6415e-004
781	-7.4359e-002	0.	0.37677	-2.8244e-003
782	6.1797e-002	0.	0.12022	2.4753e-002
783	-0.33941	0.	0.11905	-3.3787e-002
1441	-0.45657	0.	6.4801e-002	0.11618
1442	-0.49574	0.	5.374e-002	6.2436e-002
1443	-0.48323	0.	3.0206e-002	0.13647
2600	0.	0.	7.5625e-002	8.5139e-002
2601	0.	0.	6.1875e-002	0.17607
2603	1.4753e-002	0.	6.9688e-002	0.11477
2604	-1.1e-002	0.	8.25e-002	1.8508e-002
2606	1.4753e-002	0.	7.6563e-002	6.5271e-002
2607	3.3757e-003	0.	9.5187e-002	2.8704e-002
2609	-3.3e-002	0.	8.25e-002	-9.2727e-003
2611	-3.1013e-002	0.	0.10188	-4.6055e-003
2612	-7.6243e-003	0.	9.5187e-002	1.1575e-002
2614	-6.6e-002	0.	8.25e-002	-2.7211e-002
2616	-4.2013e-002	0.	0.10188	-1.5256e-002
2619	-0.11	0.	8.25e-002	-4.0397e-002
2621	-6.4013e-002	0.	0.10188	-2.2543e-002
2622	-9.5057e-002	0.	0.10412	-3.3573e-002
2624	-0.154	0.	8.25e-002	-4.6914e-002
2626	-0.11706	0.	0.10412	-3.9472e-002
2627	-0.13945	0.	0.10363	-4.353e-002
2629	-0.198	0.	8.25e-002	-4.7754e-002
2631	-0.18523	0.	0.11179	-4.0459e-002
2632	-0.16145	0.	0.10363	-4.4148e-002
2635	-0.242	0.	8.25e-002	-4.7975e-002
2637	-0.20723	0.	0.11179	-4.0681e-002
2638	-0.23041	0.	0.10412	-4.2807e-002
2641	-0.286	0.	8.25e-002	-4.5724e-002
2643	-0.27801	0.	0.11468	-3.8718e-002
2644	-0.25241	0.	0.10412	-4.2806e-002
2647	-0.33	0.	8.25e-002	-4.0992e-002
2649	-0.30001	0.	0.11468	-3.6468e-002
2650	-0.3237	0.	0.10077	-3.863e-002
2654	-0.374	0.	8.25e-002	-2.8536e-002
2656	-0.3674	0.	0.10006	-2.8988e-002
2657	-0.3457	0.	0.10077	-3.6149e-002
2660	-0.407	0.	8.25e-002	-1.0479e-002
2662	-0.3894	0.	0.10006	-1.9014e-002
2663	-0.40848	0.	9.6796e-002	-7.0255e-003
2666	-0.429	0.	8.25e-002	1.6818e-002
2668	-0.41948	0.	9.6796e-002	1.0566e-003
2670	-0.44	0.	7.5625e-002	9.3818e-002
2671	-0.44	0.	6.1875e-002	0.16258
2673	-0.44828	0.	6.6776e-002	0.13389
2676	-0.44882	0.	0.10427	2.8211e-002
2677	-0.45429	0.	8.3044e-002	4.7959e-002
2678	-0.43048	0.	9.6796e-002	2.0272e-002
2679	-0.44828	0.	7.3651e-002	7.6107e-002
2684	-0.44	0.	2.75e-002	0.19892
2685	-0.44828	0.	5.9901e-002	0.14487
2686	-0.46161	0.	4.2603e-002	0.15501
2748	0.	0.	2.75e-002	0.20736
2749	1.4753e-002	0.	6.2812e-002	0.1562
4841	0.15	0.	0.	3.6152e-002
4842	5.e-002	0.	0.	0.12611
4843	8.3031e-002	0.	2.6362e-002	6.3396e-002
4844	0.11884	0.	3.5414e-002	4.0456e-002
4853	0.25	0.	0.	1.2303e-002
4854	0.2177	0.	4.7563e-002	1.3783e-002
4855	0.16884	0.	3.5414e-002	2.1604e-002
4863	0.35	0.	0.	5.5331e-003
4864	0.33911	0.	6.0801e-002	5.8515e-003
4865	0.2677	0.	4.7563e-002	8.7855e-003
4871	0.45	0.	0.	3.0734e-003
4872	0.38911	0.	6.0801e-002	4.079e-003
4877	0.55	0.	0.	1.9586e-003
4878	0.43911	0.	6.0801e-002	3.3918e-003
4879	0.52868	0.	8.1345e-002	2.0796e-003
4887	0.65	0.	0.	1.3235e-003
4888	0.57868	0.	8.1345e-002	1.6519e-003
4889	0.66581	0.	6.1509e-002	1.3008e-003
4895	0.75	0.	0.	9.8552e-004
4896	0.71581	0.	6.1509e-002	1.0933e-003
4901	0.85	0.	0.	7.8975e-004
4902	0.76581	0.	6.1509e-002	9.628e-004
4903	0.83873	0.	7.0961e-002	7.8437e-004
4911	0.95	0.	4.9205e-002	6.9755e-004
4912	0.95	0.	0.	7.0075e-004
4913	0.88873	0.	7.0961e-002	7.1911e-004
4919	-1.29	0.	0.	7.8437e-004
4920	-1.39	0.	4.9205e-002	6.8066e-004
4921	-1.39	0.	0.	6.8341e-004
4922	-1.3284	0.	8.1842e-002	7.015e-004
4927	-1.19	0.	0.	9.6661e-004
4928	-1.1933	0.	6.4935e-002	9.7842e-004
4929	-1.2784	0.	8.1842e-002	7.8762e-004
4936	-1.09	0.	0.	1.2506e-003
4937	-1.1433	0.	6.4935e-002	1.0745e-003
4942	-0.99	0.	0.	1.9289e-003
4943	-1.0128	0.	7.1163e-002	1.5272e-003
4944	-1.0933	0.	6.4935e-002	1.2624e-003
4950	-0.89	0.	0.	3.16e-003
4951	-0.88395	0.	5.9063e-002	3.0587e-003
4952	-0.96281	0.	7.1163e-002	2.0176e-003
4959	-0.79	0.	0.	5.1648e-003
4960	-0.83395	0.	5.9063e-002	3.7994e-003
4964	-0.69	0.	0.	1.2389e-002
4965	-0.78395	0.	5.9063e-002	5.0635e-003
4966	-0.72036	0.	5.0082e-002	7.7756e-003
4973	-0.59	0.	0.	4.5251e-002
4974	-0.62009	0.	4.4964e-002	2.0535e-002
4975	-0.67036	0.	5.0082e-002	1.3736e-002
4985	-0.49	0.	0.	0.14822
4986	-0.57009	0.	4.4964e-002	4.7436e-002
4992	-0.51787	0.	2.687e-002	6.7294e-002
4993	-0.51161	0.	1.5103e-002	0.10431
5235	-1.44	0.	0.14761	6.3661e-004
5236	-1.44	0.	4.9205e-002	6.6582e-004
5237	-1.3784	0.	0.13105	6.8391e-004
5240	-1.44	0.	0.24602	5.9264e-004
5241	-1.3784	0.	0.18025	6.5744e-004
5243	-1.44	0.	0.34443	5.1588e-004
5244	-1.3368	0.	0.28833	6.5225e-004
5245	-1.3843	0.	0.35261	5.3727e-004
5246	-1.3784	0.	0.22946	6.3994e-004
5250	-1.44	0.	0.44284	4.222e-004
5251	-1.3843	0.	0.40181	4.7802e-004
5254	-1.44	0.	0.54125	3.4781e-004
5255	-1.3684	0.	0.51481	3.936e-004
5256	-1.3843	0.	0.45102	4.436e-004
5258	-1.44	0.	0.63966	2.7309e-004
5259	-1.3684	0.	0.56402	3.5363e-004
5260	-1.3737	0.	0.63829	2.7729e-004
5264	-1.44	0.	0.73807	2.0642e-004
5265	-1.3737	0.	0.6875	2.4255e-004
5267	-1.44	0.	0.83648	1.3593e-004
5268	-1.3703	0.	0.81262	1.5599e-004
5269	-1.3737	0.	0.7367	2.1062e-004
5273	-1.44	0.	0.93489	6.7531e-005
5274	-1.3703	0.	0.86183	1.1742e-004
5275	-1.379	0.	0.92504	8.1424e-005
5279	-1.3892	0.	1.0333	2.9281e-005
5280	-1.44	0.	1.0333	2.8139e-005
5281	-1.379	0.	0.97424	5.1585e-005
5310	-1.2875	0.	1.0825	2.3536e-005
5311	-1.3892	0.	1.0825	1.9728e-005
5312	-1.3282	0.	1.0234	4.3174e-005
5316	-1.1858	0.	1.0825	2.5647e-005
5317	-1.2774	0.	1.0234	4.584e-005
5318	-1.2148	0.	1.014	4.5116e-005
5322	-1.0842	0.	1.0825	2.3481e-005
5323	-1.0935	0.	1.0094	4.7598e-005
5324	-1.164	0.	1.014	4.4561e-005
5326	-0.9825	0.	1.0825	1.8487e-005
5327	-1.0427	0.	1.0094	4.5987e-005
5328	-0.98003	0.	1.0246	3.655e-005
5331	-0.88083	0.	1.0825	1.4631e-005
5332	-0.92919	0.	1.0246	3.3166e-005
5335	-0.77917	0.	1.0825	1.0971e-005
5336	-0.81437	0.	1.0076	2.5368e-005
5337	-0.87836	0.	1.0246	3.2694e-005
5339	-0.6775	0.	1.0825	-3.0915e-006
5340	-0.68444	0.	1.0122	-6.0217e-006
5341	-0.76353	0.	1.0076	2.2179e-005
5345	-0.57583	0.	1.0825	-2.4757e-005
5346	-0.6336	0.	1.0122	-1.6896e-005
5351	-0.47417	0.	1.0825	-3.5351e-005
5352	-0.58277	0.	1.0122	-2.7687e-005
5353	-0.50109	0.	1.0105	-5.6954e-005
5356	-0.3725	0.	1.0825	-3.8923e-005
5357	-0.37401	0.	1.0212	-7.4777e-005
5358	-0.45025	0.	1.0105	-5.6755e-005
5361	-0.27083	0.	1.0825	-4.3617e-005
5362	-0.32317	0.	1.0212	-7.8548e-005
5365	-0.16917	0.	1.0825	-4.6034e-005
5366	-0.27234	0.	1.0212	-7.9471e-005
5367	-0.19198	0.	1.0226	-8.9647e-005
5369	-6.75e-002	0.	1.0825	-4.5091e-005
5370	-0.14115	0.	1.0226	-9.114e-005
5371	-8.915e-002	0.	1.0173	-8.7861e-005
5375	3.4167e-002	0.	1.0825	-3.0798e-005
5376	1.6665e-002	0.	1.0179	-6.1476e-005
5377	-3.8316e-002	0.	1.0173	-8.5425e-005
5381	0.13583	0.	1.0825	-1.2718e-005
5382	6.7498e-002	0.	1.0179	-4.962e-005
5383	0.11414	0.	1.0318	-2.1983e-005
5385	0.2375	0.	1.0825	-1.6196e-006
5386	0.21722	0.	1.0223	-2.2249e-006
5387	0.16498	0.	1.0318	-1.5758e-005
5391	0.33917	0.	1.0825	9.1841e-006
5392	0.3365	0.	1.0307	1.4958e-005
5393	0.26805	0.	1.0223	2.6486e-006
5397	0.44083	0.	1.0825	1.9731e-005
5398	0.38734	0.	1.0307	2.0888e-005
5403	0.5425	0.	1.0825	3.029e-005
5404	0.50368	0.	1.0082	4.3704e-005
5405	0.43817	0.	1.0307	2.5505e-005
5408	0.64417	0.	1.0825	3.4076e-005
5409	0.55451	0.	1.0082	4.9646e-005
5410	0.61352	0.	1.0063	5.0095e-005
5415	0.74583	0.	1.0825	3.5568e-005
5416	0.728	0.	0.99213	5.4606e-005
5417	0.66435	0.	1.0063	4.7938e-005
5419	0.8475	0.	1.0825	3.0837e-005
5420	0.77884	0.	0.99213	5.8255e-005
5421	0.84081	0.	1.022	4.5939e-005
5426	0.94917	0.	1.0333	2.9532e-005
5427	0.94917	0.	1.0825	2.0153e-005
5428	0.89165	0.	1.022	3.7559e-005
5459	1.	0.	0.93489	6.6973e-005
5460	1.	0.	1.0333	2.7228e-005
5461	0.94248	0.	0.97275	4.4634e-005
5464	1.	0.	0.83648	1.3057e-004
5465	0.94248	0.	0.92355	7.5001e-005
5466	0.94479	0.	0.86736	1.133e-004
5470	1.	0.	0.73807	2.0043e-004
5471	0.92356	0.	0.76123	1.7948e-004
5472	0.94479	0.	0.81815	1.4653e-004
5476	1.	0.	0.63966	2.7091e-004
5477	0.92356	0.	0.71202	2.1611e-004
5478	0.94458	0.	0.63148	2.8174e-004
5480	1.	0.	0.54125	3.4595e-004
5481	0.94458	0.	0.58227	3.1558e-004
5484	1.	0.	0.44284	4.2561e-004
5485	0.94458	0.	0.53307	3.5679e-004
5486	0.94239	0.	0.45646	4.2537e-004
5488	1.	0.	0.34443	5.0161e-004
5489	0.94239	0.	0.40725	4.6383e-004
5492	1.	0.	0.24602	5.7949e-004
5493	0.91903	0.	0.2793	5.9249e-004
5494	0.94239	0.	0.35805	5.0137e-004
5496	1.	0.	0.14761	6.4522e-004
5497	0.91903	0.	0.23009	6.3283e-004
5498	0.93873	0.	0.16937	6.6678e-004
5502	1.	0.	4.9205e-002	6.7381e-004
5503	0.93873	0.	0.12017	6.9217e-004
5506	3.3031e-002	0.	2.6362e-002	0.1345
5507	1.4753e-002	0.	3.5312e-002	0.14606
5520	-0.46161	0.	1.5103e-002	0.18038
5537	-0.58304	0.	0.65768	-7.2807e-005
5538	-0.53103	0.	0.60571	-2.6773e-004
5539	-0.57768	0.	0.52885	1.1556e-005
5540	-0.63358	0.	0.52807	3.0198e-004
5541	-0.53793	0.	0.54972	-3.0286e-004
5542	-0.66353	0.	0.59095	1.2931e-004
5547	-0.4707	0.	0.36124	-7.5959e-004
5548	-0.46453	0.	0.32072	-1.2223e-003
5549	-0.54275	0.	0.29274	2.1613e-003
5550	-0.49949	0.	0.30161	7.0592e-004
5551	-0.55466	0.	0.36848	6.711e-004
5552	-0.55963	0.	0.32913	1.2645e-003
5553	-0.50709	0.	0.38349	-4.1346e-005
5559	8.8029e-002	0.	0.31177	1.1433e-003
5560	1.8191e-002	0.	0.35652	-9.9233e-004
5561	5.2495e-002	0.	0.39526	-5.5243e-004
5562	8.154e-002	0.	0.36649	-5.6828e-006
5563	4.2654e-002	0.	0.30805	1.3551e-004
5564	1.5144e-002	0.	0.32657	-1.3134e-003
5568	-0.20201	0.	0.39623	-4.8382e-003
5569	-0.16754	0.	0.40281	-3.9242e-003
5570	-0.22576	0.	0.46808	-2.722e-003
5571	-0.22791	0.	0.42471	-3.4554e-003
5572	-0.15539	0.	0.44307	-2.9086e-003
5573	-0.18287	0.	0.47117	-2.7096e-003
5576	-1.0403	0.	0.41399	7.7365e-004
5577	-1.1009	0.	0.47173	5.9841e-004
5578	-1.0066	0.	0.57492	4.7278e-004
5579	-1.0804	0.	0.5498	5.1038e-004
5580	-0.95647	0.	0.47589	8.1741e-004
5581	-0.97036	0.	0.5293	5.8082e-004
5586	0.69356	0.	0.50183	4.6484e-004
5587	0.53037	0.	0.54613	4.5167e-004
5588	0.52855	0.	0.47637	7.0016e-004
5589	0.67265	0.	0.55445	4.145e-004
5590	0.59836	0.	0.57596	4.116e-004
5591	0.66375	0.	0.44501	5.8687e-004
5592	0.57849	0.	0.4361	8.0478e-004
5597	-0.28475	0.	0.87543	-3.0982e-004
5598	-0.28941	0.	0.72316	-6.4909e-004
5599	-0.3333	0.	0.78532	-4.1113e-004
5600	-0.17442	0.	0.81103	-4.0534e-004
5601	-0.19127	0.	0.75859	-5.4817e-004
5602	-0.2044	0.	0.87683	-3.2e-004
5603	-0.23533	0.	0.7267	-6.8798e-004
5610	-0.29531	0.	0.2819	-8.7737e-003
5611	-0.22539	0.	0.24693	-1.3615e-002
5612	-0.29086	0.	0.24718	-1.203e-002
5613	-0.23338	0.	0.31509	-8.4059e-003
5614	-0.2161	0.	0.28201	-9.464e-003
5615	-0.26591	0.	0.30579	-8.0636e-003
5616	-0.25708	0.	0.23575	-1.5146e-002
5620	-0.46919	0.	0.16101	1.3341e-002
5621	-0.52116	0.	0.18101	9.1174e-003
5622	-0.49934	0.	0.15407	1.7643e-002
5623	-0.52496	0.	0.22178	5.0765e-003
5624	-0.44108	0.	0.21135	1.0282e-003
5625	-0.44744	0.	0.17565	1.9881e-003
5626	-0.4817	0.	0.23065	3.6211e-003
5631	8.7097e-002	0.	0.24418	3.9411e-003
5632	2.9194e-002	0.	0.17546	6.9741e-003
5633	9.1574e-002	0.	0.18958	7.7055e-003
5634	1.4812e-002	0.	0.22553	1.2131e-003
5635	1.1823e-002	0.	0.19334	4.0636e-004
5636	4.1723e-002	0.	0.24046	2.9334e-003
5637	5.479e-002	0.	0.16196	1.4948e-002
5642	-0.72607	0.	0.38131	1.5508e-003
5643	-0.79382	0.	0.46576	8.964e-004
5644	-0.82928	0.	0.34616	1.5712e-003
5645	-0.7291	0.	0.44258	9.1238e-004
5646	-0.83296	0.	0.42751	1.1032e-003
5647	-0.76353	0.	0.35782	1.7095e-003
5651	0.26425	0.	0.39778	1.1619e-003
5652	0.36813	0.	0.34907	1.7256e-003
5653	0.32626	0.	0.47608	8.553e-004
5654	0.38458	0.	0.42973	1.0551e-003
5655	0.29594	0.	0.36147	1.8812e-003
5656	0.2827	0.	0.44181	9.1386e-004
5660	-1.0172	0.	0.78662	1.7531e-004
5661	-0.83088	0.	0.78526	1.2186e-004
5662	-0.85887	0.	0.86799	1.0041e-004
5663	-0.98549	0.	0.86976	1.1717e-004
5664	-0.95318	0.	0.72526	2.344e-004
5665	-0.88623	0.	0.73099	2.1295e-004
5666	-0.92287	0.	0.88498	1.0773e-004
5670	-0.36118	0.	0.48995	-1.8185e-003
5671	-0.42544	0.	0.58488	-9.2494e-004
5672	-0.35531	0.	0.59527	-1.0578e-003
5673	-0.31747	0.	0.51803	-1.7093e-003
5674	-0.43235	0.	0.52889	-9.6007e-004
5675	-0.33057	0.	0.55809	-1.3373e-003
5676	-0.40088	0.	0.4984	-1.2941e-003
5680	-8.8316e-002	0.	0.25741	-7.8078e-003
5681	-0.11809	0.	0.3332	-5.2079e-003
5682	-0.13528	0.	0.29354	-7.1801e-003
5683	-5.6224e-002	0.	0.27171	-4.316e-003
5684	-0.11838	0.	0.26679	-9.5149e-003
5685	-5.6824e-002	0.	0.30516	-4.0446e-003
5686	-8.4324e-002	0.	0.33641	-4.37e-003
5690	0.10213	0.	0.90417	-7.2828e-005
5691	3.1611e-002	0.	0.89724	-1.4676e-004
5692	-4.9847e-003	0.	0.95265	-1.0425e-004
5693	9.6643e-002	0.	0.9672	-5.266e-005
5699	-0.60941	0.	0.84026	-7.8582e-005
5700	-0.66051	0.	0.75288	-2.8927e-005
5701	-0.52627	0.	0.68656	-3.3227e-004
5702	-0.50003	0.	0.75911	-2.2718e-004
5703	-0.52773	0.	0.83853	-1.0785e-004
5704	-0.65877	0.	0.6718	6.4773e-005
5710	4.7671e-002	0.	0.68429	-3.5393e-004
5711	-4.4174e-002	0.	0.59182	-9.7426e-004
5712	-1.0646e-002	0.	0.67978	-4.74e-004
5713	7.8257e-003	0.	0.58024	-6.0873e-004
5714	5.245e-002	0.	0.59079	-3.5803e-004
5715	-4.4979e-002	0.	0.6384	-6.3935e-004
5716	7.6891e-002	0.	0.63577	-3.1538e-004
5720	-1.2081	0.	0.80396	1.6193e-004
5721	-1.0837	0.	0.85309	1.2824e-004
5722	-1.0514	0.	0.7086	2.4547e-004
5723	-1.1252	0.	0.68348	2.8307e-004
5724	-1.2115	0.	0.72804	2.1656e-004
5725	-1.1542	0.	0.85777	1.252e-004
5729	0.80406	0.	0.81847	1.3622e-004
5730	0.76797	0.	0.74957	1.8584e-004
5731	0.7912	0.	0.67025	2.5591e-004
5732	0.86814	0.	0.65464	2.6079e-004
5733	0.86834	0.	0.79211	1.6221e-004
5738	-0.67634	0.	0.41805	1.2506e-003
5739	-0.63315	0.	0.37791	1.3847e-003
5740	-0.6681	0.	0.30861	2.7367e-003
5741	-0.63813	0.	0.33856	1.9781e-003
5742	-0.71077	0.	0.33328	2.0478e-003
5746	0.19039	0.	0.24061	4.2059e-003
5747	0.13089	0.	0.23007	6.5039e-003
5748	0.16641	0.	0.33497	1.9206e-003
5749	0.19811	0.	0.29866	2.6399e-003
5750	0.11992	0.	0.3394	1.5906e-003
5751	8.1037e-002	0.	0.28095	1.7318e-003
5756	-1.1441	0.	0.3034	8.1783e-004
5757	-1.0202	0.	0.23385	1.2611e-003
5758	-0.96722	0.	0.30593	1.4181e-003
5759	-1.1154	0.	0.38312	7.3105e-004
5760	-0.9709	0.	0.38728	9.5005e-004
5761	-1.1007	0.	0.22762	9.9632e-004
5767	-0.38539	0.	0.41465	-2.1476e-003
5768	-0.30202	0.	0.47281	-2.2051e-003
5769	-0.34104	0.	0.40424	-3.2404e-003
5770	-0.30418	0.	0.42944	-2.9385e-003
5771	-0.38543	0.	0.45317	-1.7898e-003
5775	-0.33023	0.	0.25611	-1.032e-002
5776	-0.37371	0.	0.29719	-4.9851e-003
5777	-0.36804	0.	0.25878	-5.6498e-003
5778	-0.30528	0.	0.31472	-6.3537e-003
5779	-0.33552	0.	0.32729	-5.6152e-003
5784	0.34609	0.	0.75259	1.4167e-004
5785	0.2555	0.	0.84429	6.0995e-006
5786	0.43621	0.	0.88371	7.0309e-005
5787	0.2876	0.	0.78433	5.8318e-005
5788	0.3707	0.	0.90619	5.211e-005
5789	0.30225	0.	0.89781	3.9801e-005
5790	0.4032	0.	0.77109	1.4069e-004
5791	0.45365	0.	0.82038	1.2085e-004
5796	-0.16495	0.	0.19798	-1.9988e-002
5797	-0.18555	0.	0.25596	-1.2596e-002
5798	-0.19465	0.	0.18098	-2.5066e-002
5799	-0.22653	0.	0.2097	-1.8278e-002
5800	-0.16866	0.	0.22921	-1.493e-002
5803	0.39309	0.	0.6302	2.9839e-004
5804	0.33294	0.	0.60679	3.4711e-004
5805	0.27696	0.	0.70345	1.2243e-004
5806	0.29358	0.	0.65238	1.5513e-004
5807	0.39256	0.	0.69021	2.048e-004
5811	2.104e-002	0.	0.41291	-1.0917e-003
5812	-2.1114e-002	0.	0.41244	-1.572e-003
5813	-1.6311e-002	0.	0.34422	-1.8527e-003
5814	-4.3811e-002	0.	0.37547	-2.178e-003
5816	-0.14952	0.	0.56397	-1.3724e-003
5817	-0.22908	0.	0.53745	-1.7005e-003
5818	-0.21284	0.	0.61823	-1.0879e-003
5819	-0.24218	0.	0.57752	-1.3285e-003
5820	-0.15033	0.	0.61055	-1.0375e-003
5821	-0.1862	0.	0.54054	-1.6881e-003
5825	0.31629	0.	0.15907	5.0349e-003
5826	0.46779	0.	0.14215	3.0852e-003
5827	0.3962	0.	0.20473	3.3132e-003
5828	0.3068	0.	0.10836	7.3314e-003
5832	-0.90676	0.	0.13023	2.657e-003
5833	-0.85381	0.	0.20231	2.814e-003
5834	-0.78569	0.	0.16362	3.7167e-003
5835	-0.7643	0.	0.10914	6.4102e-003
5840	-0.74409	0.	0.5025	5.9626e-004
5841	-0.84795	0.	0.48743	7.8704e-004
5842	-0.83113	0.	0.59218	4.2097e-004
5843	-0.77404	0.	0.56538	4.2358e-004
5844	-0.86184	0.	0.54083	5.5045e-004
5850	-7.954e-002	0.	0.19178	-1.1845e-002
5851	-0.1087	0.	0.19693	-1.6464e-002
5852	-5.0251e-002	0.	0.23308	-6.2083e-003
5853	-5.324e-002	0.	0.20089	-7.0151e-003
5854	-0.11241	0.	0.22816	-1.1407e-002
5858	-1.2365	0.	0.48921	4.7762e-004
5859	-1.216	0.	0.56729	3.8959e-004
5860	-1.3128	0.	0.47378	4.4942e-004
5861	-1.3022	0.	0.61185	3.2308e-004
5866	-0.34257	0.	0.19104	-1.3566e-002
5867	-0.3089	0.	0.18412	-2.1519e-002
5868	-0.3636	0.	0.22405	-8.9064e-003
5869	-0.29201	0.	0.20996	-1.6693e-002
5873	0.75619	0.	0.55271	3.67e-004
5874	0.7473	0.	0.44327	5.3937e-004
5875	0.83314	0.	0.5371	3.7188e-004
5876	0.83094	0.	0.46048	4.4047e-004
5878	0.11938	0.	0.79698	-1.3221e-004
5879	0.15148	0.	0.73702	-7.9989e-005
5880	2.6171e-002	0.	0.73436	-3.1913e-004
5881	4.8856e-002	0.	0.79006	-2.0614e-004
5882	0.11371	0.	0.69035	-1.6051e-004
5886	-1.2048	0.	0.36114	6.4259e-004
5887	-1.1901	0.	0.20565	9.0786e-004
5888	-1.2811	0.	0.34571	6.1439e-004
5889	-1.2752	0.	0.22256	7.1705e-004
5894	0.78484	0.	0.19319	8.5822e-004
5895	0.85777	0.	0.20264	6.7978e-004
5896	0.76011	0.	0.25611	8.5884e-004
5897	0.77778	0.	0.3249	6.5361e-004
5898	0.86142	0.	0.34212	5.5471e-004
5903	-0.48778	0.	0.1191	2.4692e-002
5904	-0.46311	0.	0.10481	4.0137e-002
5905	-0.43588	0.	0.14068	9.0366e-003
5906	-0.4393	0.	0.11857	1.245e-002
5911	-1.471e-002	0.	0.13425	-8.9191e-004
5912	-6.7665e-003	0.	0.16512	2.2377e-003
5913	8.6778e-003	0.	0.12756	1.5289e-002
5914	3.6201e-002	0.	0.13373	1.6779e-002
5918	-0.32568	0.	0.15377	-2.1508e-002
5919	-0.38038	0.	0.1937	-8.8951e-003
5920	-0.37107	0.	0.13915	-1.651e-002
5921	-0.38674	0.	0.15801	-7.9352e-003
5922	-0.34938	0.	0.13987	-2.3671e-002
5927	-6.4083e-002	0.	0.50232	-1.526e-003
5928	-4.7202e-002	0.	0.54235	-1.0742e-003
5929	-0.10001	0.	0.60051	-1.1048e-003
5930	-0.10839	0.	0.50241	-1.9544e-003
5931	-0.13587	0.	0.5305	-1.7554e-003
5938	-0.69164	0.	0.85461	2.9829e-005
5939	-0.71964	0.	0.93734	8.3751e-006
5940	-0.55886	0.	0.94026	-4.9092e-005
5945	-0.60151	0.	0.17284	9.6217e-003
5946	-0.60531	0.	0.2136	5.5808e-003
5947	-0.69247	0.	0.19437	5.5181e-003
5948	-0.62082	0.	0.13478	1.5011e-002
5949	-0.67109	0.	0.1399	8.2115e-003
5950	-0.65217	0.	0.22004	5.4426e-003
5955	-0.77074	0.	0.84996	5.803e-005
5956	-0.7981	0.	0.71295	1.7057e-004
5957	-0.741	0.	0.68615	1.7318e-004
5961	-0.1059	0.	0.16992	-1.8609e-002
5962	-5.8381e-002	0.	0.14302	-1.229e-002
5963	-5.0437e-002	0.	0.17388	-9.1599e-003
5964	-8.9425e-002	0.	0.14526	-2.3319e-002
5969	-0.37323	0.	0.86981	-2.1571e-004
5970	-0.40093	0.	0.94922	-9.638e-005
5971	-0.24432	0.	0.96131	-1.2458e-004
5976	-0.40412	0.	0.64497	-6.6006e-004
5977	-0.44802	0.	0.70714	-4.2211e-004
5978	-0.48116	0.	0.5786	-5.6232e-004
5982	-0.37789	0.	0.71753	-5.5498e-004
5983	-0.27992	0.	0.6589	-8.3183e-004
5984	-0.30925	0.	0.61819	-1.0724e-003
5988	0.72491	0.	0.83285	1.2691e-004
5989	0.82298	0.	0.93158	6.4978e-005
5990	0.82529	0.	0.87539	1.0328e-004
5991	0.69735	0.	0.9159	7.0625e-005
5995	1.3189e-002	0.	0.45119	-1.1321e-003
5996	0.1056	0.	0.46167	-2.3808e-004
5997	8.4389e-002	0.	0.42289	-1.0508e-004
5998	3.0071e-002	0.	0.49121	-6.8024e-004
5999	7.4695e-002	0.	0.50177	-4.2954e-004
6003	-0.44948	0.	0.85912	-1.9769e-004
6007	-0.12086	0.	0.77867	-4.4826e-004
6008	-0.13399	0.	0.89691	-2.2009e-004
6009	-6.8079e-002	0.	0.78048	-3.7232e-004
6010	-4.5393e-002	0.	0.83618	-2.5933e-004
6011	-8.1989e-002	0.	0.89158	-2.1681e-004
6015	-0.17635	0.	0.36378	-5.4142e-003
6016	-0.19355	0.	0.32412	-7.3864e-003
6017	-0.24335	0.	0.3479	-5.9859e-003
6018	-0.23673	0.	0.38568	-4.9455e-003
6022	-0.16476	0.	0.15808	-2.8307e-002
6023	-0.11859	0.	0.15041	-2.7938e-002
6024	-0.13877	0.	0.20631	-1.8171e-002
6025	-0.14098	0.	0.14992	-3.1997e-002
6030	-0.18178	0.	0.69434	-7.3091e-004
6031	-8.4929e-002	0.	0.72805	-5.1515e-004
6032	-0.11926	0.	0.68666	-6.8049e-004
6035	-1.3094	0.	0.90118	1.0148e-004
6036	-1.3041	0.	0.76205	1.9211e-004
6037	-1.2468	0.	0.89178	1.0075e-004
6043	-0.62346	0.	0.48009	3.2181e-004
6044	-0.52782	0.	0.50174	-2.8303e-004
6045	-0.58027	0.	0.43996	4.5588e-004
6046	-0.5327	0.	0.45498	-2.5656e-004
6050	0.19487	0.	0.186	7.9703e-003
6051	0.33428	0.	0.2422	3.9507e-003
6052	0.26209	0.	0.2546	4.1063e-003
6053	0.24488	0.	0.14584	7.9688e-003
6058	0.18538	0.	0.1353	1.0267e-002
6059	0.13653	0.	0.12315	1.8088e-002
6060	9.8581e-002	0.	0.14784	1.7511e-002
6065	0.18113	0.	0.42848	6.3862e-004
6066	0.23811	0.	0.34896	1.8209e-003
6067	0.15992	0.	0.3897	7.7161e-004
6068	0.22487	0.	0.4293	8.5356e-004
6071	-0.53975	0.	0.1391	2.0469e-002
6072	-0.56537	0.	0.20681	7.9017e-003
6073	-0.58087	0.	0.12798	1.7332e-002
6080	-0.49325	0.	9.7877e-002	4.444e-002
6081	-0.55905	0.	0.10105	2.5858e-002
6082	-0.50683	0.	8.2952e-002	4.5715e-002
6086	0.71205	0.	0.68464	2.4659e-004
6087	0.63776	0.	0.70615	2.4369e-004
6088	0.66126	0.	0.847	1.2024e-004
6089	0.6197	0.	0.78563	1.7033e-004
6096	-0.93267	0.	0.21441	1.7728e-003
6097	-1.0661	0.	0.1361	1.3511e-003
6102	-0.8116	0.	0.2478	2.8326e-003
6103	-0.8834	0.	0.36783	1.4618e-003
6104	-0.81397	0.	0.29814	2.0682e-003
6109	0.48577	0.	0.22527	2.001e-003
6110	0.64449	0.	0.14285	1.4218e-003
6111	0.61976	0.	0.20577	1.4224e-003
6112	0.55216	0.	0.26565	1.4351e-003
6116	0.43063	0.	0.36851	1.5585e-003
6117	0.34199	0.	0.30025	2.3846e-003
6118	0.48057	0.	0.32824	1.6631e-003
6125	-0.27512	0.	0.17269	-2.4635e-002
6126	-0.26642	0.	0.13629	-3.3549e-002
6127	-0.31571	0.	0.13295	-3.1624e-002
6133	0.39058	0.	0.56528	4.3972e-004
6134	0.4489	0.	0.51893	6.3949e-004
6135	0.51872	0.	0.61851	3.5093e-004
6136	0.4502	0.	0.6487	2.9741e-004
6140	-1.1555	0.	0.51893	4.6779e-004
6141	-1.2524	0.	0.42542	5.2761e-004
6144	-0.86273	0.	0.94968	4.3902e-005
6149	-0.15907	0.	0.3307	-6.4724e-003
6150	-0.12973	0.	0.41062	-3.4846e-003
6151	-0.10812	0.	0.37357	-3.6623e-003
6157	0.18637	0.	0.79514	-1.3141e-005
6158	0.20102	0.	0.90863	-3.1658e-005
6159	8.3745e-002	0.	0.84818	-1.3929e-004
6160	0.14878	0.	0.91814	-4.5191e-005
6169	-0.15937	0.	0.26429	-1.0779e-002
6173	-0.98935	0.	0.95145	6.0666e-005
6174	-1.1225	0.	0.94091	6.7067e-005
6181	-0.4189	0.	0.34406	-2.4437e-003
6182	-0.38071	0.	0.37417	-3.0738e-003
6183	-0.46145	0.	0.40683	-1.2628e-003
6184	-0.42509	0.	0.4231	-1.6232e-003
6189	0.38876	0.	0.49552	6.8821e-004
6190	0.29108	0.	0.58746	2.9646e-004
6191	0.26612	0.	0.54972	3.5747e-004
6192	0.28688	0.	0.5076	5.4699e-004
6196	-0.40707	0.	0.26513	-3.5711e-003
6197	-0.37455	0.	0.33365	-3.5365e-003
6198	-0.44769	0.	0.28443	-9.7818e-004
6203	-1.0612	0.	0.62212	3.4216e-004
6204	-0.92041	0.	0.65296	2.8311e-004
6205	-0.95111	0.	0.60161	4.126e-004
6209	-1.2213	0.	0.64156	3.1325e-004
6214	-0.52591	0.	0.25644	2.4054e-003
6215	-0.61602	0.	0.25401	3.7226e-003
6216	-0.58605	0.	0.28396	2.964e-003
6221	0.45018	0.	0.95643	4.4861e-005
6222	0.5747	0.	0.932	6.3509e-005
6223	0.53313	0.	0.87063	1.136e-004
6228	-0.40776	0.	0.19102	-3.2759e-003
6229	-0.44203	0.	0.24602	-1.6429e-003
6233	-0.7221	0.	0.15464	6.4288e-003
6234	-0.70318	0.	0.23478	3.6599e-003
6235	-0.74585	0.	0.25945	2.9709e-003
6240	-0.39846	0.	0.13647	-1.0891e-002
6241	-0.40188	0.	0.11435	-7.4777e-003
6242	-0.3611	0.	0.11833	-2.6626e-002
6246	-0.70931	0.	0.5422	4.3956e-004
6247	-0.63617	0.	0.43918	7.4631e-004
6251	-2.1148e-002	0.	0.21518	-3.5232e-003
6252	8.7519e-003	0.	0.2623	-9.962e-004
6253	-1.8758e-002	0.	0.28082	-2.4451e-003
6258	-1.2084e-002	0.	0.49074	-1.1605e-003
6259	-7.3273e-002	0.	0.4508	-2.0407e-003
6260	-5.1662e-002	0.	0.41374	-2.2184e-003
6264	0.49702	0.	0.4089	9.9259e-004
6269	-0.90097	0.	0.50258	7.5722e-004
6273	-0.46258	0.	7.4195e-002	8.8033e-002
6274	-0.48216	0.	6.8664e-002	6.116e-002
6278	0.66099	0.	0.62683	3.1376e-004
6279	0.81222	0.	0.58971	3.2154e-004
6283	-3.2081e-002	0.	0.15213	-7.4596e-003
6284	-7.1069e-002	0.	0.1235	-2.1619e-002
6285	-1.6637e-002	0.	0.11457	5.5912e-003
6289	-0.22635	0.	0.1698	-2.6598e-002
6290	-0.17068	0.	0.13291	-3.7076e-002
6291	-0.21765	0.	0.1334	-3.5512e-002
6296	0.13464	0.	0.4329	3.0867e-004
6297	0.17882	0.	0.51462	2.0109e-004
6298	0.12495	0.	0.51177	-1.5788e-005
6299	0.19958	0.	0.47251	3.9062e-004
6302	-0.26047	0.	0.45752	-2.8293e-003
6303	-0.27141	0.	0.54095	-1.7239e-003
6304	-0.21543	0.	0.50398	-2.0835e-003
6308	0.23509	0.	0.68412	7.178e-005
6309	0.1807	0.	0.6885	-4.144e-005
6313	0.51819	0.	0.67853	2.5734e-004
6314	0.56864	0.	0.72782	2.375e-004
6318	-0.11197	0.	0.95738	-1.3147e-004
6323	0.80454	0.	0.13247	8.9216e-004
6324	0.70689	0.	0.18593	1.0712e-003
6330	-1.2317	0.	0.14678	8.9555e-004
6334	-0.79636	0.	0.63188	2.6427e-004
6335	-0.88416	0.	0.60734	3.9115e-004
6348	-0.30612	0.	0.35117	-4.9051e-003
6349	-0.26925	0.	0.37638	-4.6032e-003
6353	-0.25517	0.	0.62173	-1.1113e-003
6354	-0.16332	0.	0.65477	-8.2031e-004
6361	-0.24953	0.	0.16213	-2.8723e-002
6366	-1.2555	0.	0.95499	6.4754e-005
6373	-0.29949	0.	0.38896	-3.8646e-003
6377	-9.4601e-003	0.	0.78555	-3.2622e-004
6378	-6.6478e-002	0.	0.68847	-6.0455e-004
6383	0.31622	0.	0.97052	1.4353e-005
6396	-0.49296	0.	0.47585	-5.7097e-004
6397	-0.4566	0.	0.49212	-9.3146e-004
6421	0.88727	0.	0.90522	9.0961e-005
6426	-0.41754	0.	0.13321	1.0973e-003
6434	4.7784e-002	0.	6.1674e-002	8.3346e-002
6435	0.10188	0.	6.1776e-002	4.8847e-002
6436	6.393e-002	0.	8.6472e-002	4.827e-002
6443	0.18654	0.	8.2977e-002	1.8086e-002
6447	-0.12451	0.	0.12525	-3.6706e-002
6451	4.9422e-002	0.	0.54131	-4.5796e-004
6456	0.69983	0.	0.31765	8.6662e-004
6457	0.61456	0.	0.30873	1.0845e-003
6465	0.19553	0.	0.97166	-1.149e-005
6470	0.80114	0.	0.40366	5.6249e-004
6471	0.63223	0.	0.37753	8.793e-004
6479	0.22676	0.	0.59531	1.6549e-004
6480	0.19732	0.	0.63744	-8.737e-006
6488	0.88697	0.	0.49748	3.95e-004
6493	1.8128e-002	0.	8.9249e-002	5.8338e-002
6494	4.5651e-002	0.	9.5422e-002	5.9829e-002
6503	-0.65045	0.	9.5046e-002	1.5921e-002
6504	-0.54796	0.	7.1834e-002	4.2578e-002
6508	0.14792	0.	0.55472	9.6243e-006
6509	0.22256	0.	0.51545	4.1603e-004
6510	0.17236	0.	0.5997	5.2272e-005
6517	3.4274e-002	0.	0.11405	2.3263e-002
6524	0.11849	0.	0.59685	-1.6461e-004
6531	-0.59796	0.	0.3597	1.4738e-003
6532	-0.54541	0.	0.41407	1.6793e-004
6536	8.1518e-003	0.	0.29575	-7.2484e-004
6547	-2.337e-002	0.	0.89666	-1.7071e-004
6558	0.59213	0.	0.86867	1.1405e-004
6563	-0.63291	0.	0.2904	2.8258e-003
6564	-0.70555	0.	0.28512	2.8954e-003
6583	9.9743e-002	0.	9.5523e-002	2.533e-002
6588	-0.14506	0.	0.47898	-2.27e-003
6589	-9.597e-002	0.	0.41383	-2.6467e-003
6592	-4.6859e-002	0.	0.34552	-2.4991e-003
6596	-0.46149	0.	0.44535	-9.05e-004
6600	0.50013	0.	0.758	1.8399e-004
10713	-0.47615	0.	5.927e-002	8.9308e-002
10714	-0.4699	0.	4.7503e-002	0.12633
10717	-0.48948	0.	4.1973e-002	9.9455e-002
