Node Number	X Location (m)	Y Location (m)	Z Location (m)	Directional Magnetic Flux Density (T)
11162	0.	0.	1.e-002	4.0045e-002
11163	0.	0.	0.	9.1786e-002
11166	-8.e-002	0.	1.e-002	4.8317e-002
11167	-8.e-002	0.	0.	9.0532e-002
11168	-8.e-002	0.	-1.e-002	3.984e-002
11169	0.	0.	-1.e-002	4.3283e-002
11444	-4.e-002	0.	1.e-002	0.23118
11445	-2.e-002	0.	1.e-002	0.17928
11446	-6.e-002	0.	1.e-002	0.16017
11447	-4.e-002	0.	-1.e-002	0.22991
11448	-6.e-002	0.	-1.e-002	0.17286
11449	-2.e-002	0.	-1.e-002	0.1659
12689	0.	0.	5.e-003	6.5916e-002
12692	-1.e-002	0.	1.e-002	0.10966
12697	0.	0.	-5.e-003	6.7535e-002
12699	-1.e-002	0.	5.e-003	0.13553
12700	-1.e-002	0.	-5.e-003	0.12884
12715	-8.e-002	0.	5.e-003	6.9425e-002
12719	-7.e-002	0.	1.e-002	0.10424
12722	-8.e-002	0.	-5.e-003	6.5186e-002
12726	-7.e-002	0.	5.e-003	0.12535
12727	-7.e-002	0.	-5.e-003	0.1317
12734	-7.e-002	0.	-1.e-002	0.10635
12738	-1.e-002	0.	-1.e-002	0.10459
14332	-3.e-002	0.	1.e-002	0.20523
14333	-5.e-002	0.	1.e-002	0.19568
14334	-4.e-002	0.	0.	0.23054
14335	-5.e-002	0.	0.	0.20202
14342	-3.e-002	0.	0.	0.20459
14343	-2.e-002	0.	0.	0.17259
14349	-6.e-002	0.	0.	0.16652
14353	-5.e-002	0.	-1.e-002	0.20139
14354	-3.e-002	0.	-1.e-002	0.19791
11162	0.	0.	1.e-002	-3.7981e-004
11166	-8.e-002	0.	1.e-002	1.3459e-002
11168	-8.e-002	0.	-1.e-002	1.4912e-002
11169	0.	0.	-1.e-002	-3.2559e-003
11175	-8.e-002	0.	1.5e-002	2.6951e-003
11177	0.	0.	1.5e-002	1.435e-002
11178	0.	0.	-1.5e-002	1.4418e-002
11179	-8.e-002	0.	-1.5e-002	5.1599e-004
11444	-4.e-002	0.	1.e-002	6.1658e-004
11445	-2.e-002	0.	1.e-002	-5.1961e-003
11446	-6.e-002	0.	1.e-002	2.2302e-003
11447	-4.e-002	0.	-1.e-002	-3.1093e-003
11448	-6.e-002	0.	-1.e-002	3.2478e-003
11449	-2.e-002	0.	-1.e-002	-1.0098e-002
11450	-4.e-002	0.	1.5e-002	-4.2666e-003
11451	-6.e-002	0.	1.5e-002	-5.1942e-003
11452	-2.e-002	0.	1.5e-002	-3.1147e-004
11453	-4.e-002	0.	-1.5e-002	-4.6648e-003
11454	-2.e-002	0.	-1.5e-002	-3.6651e-003
11455	-6.e-002	0.	-1.5e-002	-4.0866e-003
12691	0.	0.	1.25e-002	6.9853e-003
12692	-1.e-002	0.	1.e-002	-2.7879e-003
12693	-1.e-002	0.	1.25e-002	-3.4564e-004
12717	-8.e-002	0.	1.25e-002	8.0769e-003
12719	-7.e-002	0.	1.e-002	7.8444e-003
12732	-8.e-002	0.	-1.25e-002	7.7138e-003
12734	-7.e-002	0.	-1.e-002	9.0797e-003
12737	0.	0.	-1.25e-002	5.5812e-003
12738	-1.e-002	0.	-1.e-002	-6.6768e-003
12739	-1.e-002	0.	-1.25e-002	-3.4605e-003
12780	-7.e-002	0.	1.25e-002	2.4627e-003
12781	-7.e-002	0.	1.5e-002	-1.2495e-003
12798	-1.e-002	0.	1.5e-002	7.0194e-003
12806	-1.e-002	0.	-1.5e-002	5.3766e-003
12813	-7.e-002	0.	-1.25e-002	1.8819e-003
12814	-7.e-002	0.	-1.5e-002	-1.7853e-003
14332	-3.e-002	0.	1.e-002	-2.2897e-003
14333	-5.e-002	0.	1.e-002	1.4234e-003
14336	-4.e-002	0.	1.25e-002	-1.825e-003
14337	-5.e-002	0.	1.25e-002	-2.2888e-003
14344	-3.e-002	0.	1.25e-002	-4.7313e-003
14345	-2.e-002	0.	1.25e-002	-2.7538e-003
14350	-6.e-002	0.	1.25e-002	-1.482e-003
14353	-5.e-002	0.	-1.e-002	6.9262e-005
14354	-3.e-002	0.	-1.e-002	-6.6035e-003
14355	-4.e-002	0.	-1.25e-002	-3.8871e-003
14356	-5.e-002	0.	-1.25e-002	-3.598e-003
14361	-6.e-002	0.	-1.25e-002	-4.1939e-004
14364	-3.e-002	0.	-1.25e-002	-7.3812e-003
14365	-2.e-002	0.	-1.25e-002	-6.8814e-003
14368	-5.e-002	0.	1.5e-002	-4.7304e-003
14369	-3.e-002	0.	1.5e-002	-2.289e-003
14383	-3.e-002	0.	-1.5e-002	-4.165e-003
14384	-5.e-002	0.	-1.5e-002	-4.3757e-003
11163	0.	0.	0.	4.3508e-002
11167	-8.e-002	0.	0.	3.9954e-002
11168	-8.e-002	0.	-1.e-002	2.3221e-002
11169	0.	0.	-1.e-002	3.1213e-002
11178	0.	0.	-1.5e-002	3.9132e-003
11179	-8.e-002	0.	-1.5e-002	4.4639e-003
11254	1.	0.	-1.015	1.9505e-008
11255	1.	0.	0.	9.2875e-007
11256	1.	0.	-0.93042	4.1515e-008
11257	1.	0.	-0.84583	1.1072e-007
11258	1.	0.	-0.76125	1.7993e-007
11259	1.	0.	-0.67667	2.6854e-007
11260	1.	0.	-0.59208	3.4098e-007
11261	1.	0.	-0.5075	4.2548e-007
11262	1.	0.	-0.42292	5.4429e-007
11263	1.	0.	-0.33833	6.367e-007
11264	1.	0.	-0.25375	7.491e-007
11265	1.	0.	-0.16917	8.4603e-007
11266	1.	0.	-8.4583e-002	9.1113e-007
11277	-1.08	0.	-1.015	2.3777e-008
11278	-0.98957	0.	-1.015	3.044e-008
11279	-0.89913	0.	-1.015	3.6215e-008
11280	-0.8087	0.	-1.015	3.4183e-008
11281	-0.71826	0.	-1.015	3.3883e-008
11282	-0.62783	0.	-1.015	2.3391e-008
11283	-0.53739	0.	-1.015	1.1468e-008
11284	-0.44696	0.	-1.015	-8.7356e-010
11285	-0.35652	0.	-1.015	-6.8613e-009
11286	-0.26609	0.	-1.015	-3.3222e-008
11287	-0.17565	0.	-1.015	-4.3443e-008
11288	-8.5217e-002	0.	-1.015	-4.8023e-008
11289	5.2174e-003	0.	-1.015	-6.2895e-008
11290	9.5652e-002	0.	-1.015	-4.5169e-008
11291	0.18609	0.	-1.015	-4.7416e-008
11292	0.27652	0.	-1.015	-2.7707e-008
11293	0.36696	0.	-1.015	-4.3166e-009
11294	0.45739	0.	-1.015	1.6597e-008
11295	0.54783	0.	-1.015	2.0773e-008
11296	0.63826	0.	-1.015	2.39e-008
11297	0.7287	0.	-1.015	3.1201e-008
11298	0.81913	0.	-1.015	2.3916e-008
11299	0.90957	0.	-1.015	2.5729e-008
11305	-1.08	0.	0.	9.0087e-007
11306	-1.08	0.	-8.4583e-002	8.9856e-007
11307	-1.08	0.	-0.16917	8.4706e-007
11308	-1.08	0.	-0.25375	7.4458e-007
11309	-1.08	0.	-0.33833	6.6695e-007
11310	-1.08	0.	-0.42292	5.613e-007
11311	-1.08	0.	-0.5075	4.1896e-007
11312	-1.08	0.	-0.59208	3.2163e-007
11313	-1.08	0.	-0.67667	2.5395e-007
11314	-1.08	0.	-0.76125	1.6393e-007
11315	-1.08	0.	-0.84583	1.2266e-007
11316	-1.08	0.	-0.93042	4.6229e-008
11322	0.90909	0.	0.	9.817e-007
11323	0.81818	0.	0.	1.1623e-006
11324	0.72727	0.	0.	1.5056e-006
11325	0.63636	0.	0.	2.243e-006
11326	0.54545	0.	0.	3.6872e-006
11327	0.45455	0.	0.	5.4609e-006
11328	0.36364	0.	0.	1.1463e-005
11329	0.27273	0.	0.	2.7834e-005
11330	0.18182	0.	0.	8.2829e-005
11331	9.0909e-002	0.	0.	4.5201e-004
11332	-0.17091	0.	0.	4.0903e-004
11333	-0.26182	0.	0.	5.7425e-005
11334	-0.35273	0.	0.	1.6014e-005
11335	-0.44364	0.	0.	9.1126e-006
11336	-0.53455	0.	0.	6.0842e-006
11337	-0.62545	0.	0.	3.4514e-006
11338	-0.71636	0.	0.	2.1897e-006
11339	-0.80727	0.	0.	1.6937e-006
11340	-0.89818	0.	0.	1.153e-006
11341	-0.98909	0.	0.	9.6448e-007
11453	-4.e-002	0.	-1.5e-002	-5.5846e-003
11454	-2.e-002	0.	-1.5e-002	-4.6432e-003
11455	-6.e-002	0.	-1.5e-002	-3.3871e-003
11459	4.5455e-002	0.	0.	1.6876e-003
11460	2.2727e-002	0.	0.	1.3933e-002
11461	-0.12545	0.	0.	1.3868e-003
11462	-0.10273	0.	0.	1.2156e-002
11606	1.8414e-002	0.	-0.52086	-2.0305e-006
11607	5.2174e-003	0.	-0.34833	-6.5249e-006
11608	0.52391	0.	-0.51125	5.809e-007
11609	-0.51208	0.	-0.50438	6.3658e-007
11610	-4.4397e-002	0.	-0.19059	-3.8171e-005
11611	-0.26218	0.	-0.36295	-6.8301e-007
11612	-0.78538	0.	-0.42292	7.2766e-007
11613	-0.12559	0.	-0.75727	-4.156e-007
11614	0.24992	0.	-0.43021	2.0079e-007
11615	0.27915	0.	-0.71931	-1.4086e-007
11616	-0.76067	0.	-0.70046	2.5111e-007
11617	0.76196	0.	-0.3825	7.4414e-007
11618	0.76977	0.	-0.64825	2.8458e-007
11619	-0.43422	0.	-0.66293	4.9976e-008
11620	-0.16654	0.	-0.64222	-6.9902e-007
11621	-0.51995	0.	-0.16917	4.7764e-006
11622	0.50079	0.	-0.34083	1.7822e-006
11623	-6.2552e-002	0.	-0.12858	-1.4053e-004
11624	0.52895	0.	-0.85387	9.3147e-008
11625	0.30454	0.	-0.2321	5.6737e-006
11626	0.18649	0.	-0.22183	4.5279e-006
11627	-0.12929	0.	-0.18753	-2.1244e-005
11628	-0.87102	0.	-0.13594	1.1682e-006
11629	1.7428e-002	0.	-0.7508	-3.9318e-007
11630	0.72009	0.	-0.255	1.2522e-006
11631	-7.1845e-002	0.	-0.48897	-2.3334e-006
11632	-1.8983e-002	0.	-7.4382e-002	-5.0387e-004
11633	-0.30204	0.	-0.1865	1.2657e-005
11634	-0.34914	0.	-0.82871	-6.5981e-008
11635	-0.32826	0.	-0.58334	-2.9527e-007
11636	0.77305	0.	-0.81947	1.4114e-007
11637	-7.3729e-002	0.	-7.1898e-002	-4.5006e-004
11638	-0.67311	0.	-0.29906	1.5105e-006
11639	-0.6197	0.	-0.89827	5.221e-008
11640	-0.91591	0.	-0.65552	2.8887e-007
11641	-0.90752	0.	-0.83526	1.4431e-007
11642	-0.5028	0.	-0.35141	1.7345e-006
11643	0.16	0.	-0.12786	3.3457e-005
11644	-0.63288	0.	-0.62109	3.4313e-007
11645	0.38957	0.	-0.13568	6.1621e-006
11646	-0.12943	0.	-0.34646	-5.5963e-006
11647	0.15918	0.	-0.6187	-4.7742e-007
11648	0.51134	0.	-0.16411	3.2238e-006
11649	0.38462	0.	-0.61297	1.7244e-007
11650	0.53188	0.	-0.67917	2.3339e-007
11651	0.12376	0.	-0.39194	-2.3581e-006
11652	9.1299e-002	0.	-0.19255	7.9842e-007
11653	0.10243	0.	-0.89601	-1.4563e-007
11654	2.4236e-002	0.	-0.14359	-6.1099e-005
11655	-0.25043	0.	-0.74336	-2.5217e-007
11656	-0.39451	0.	-0.42875	5.7588e-007
11657	-0.87063	0.	-0.30597	8.9716e-007
11658	-0.63806	0.	-0.46521	8.1254e-007
11659	0.31283	0.	-0.87992	-3.0922e-008
11660	-0.19622	0.	-0.54497	-9.2412e-007
11661	0.86005	0.	-0.21208	8.6373e-007
11662	-0.21703	0.	-0.87517	-1.046e-007
11663	-0.7686	0.	-0.57094	4.8672e-007
11664	4.0565e-002	0.	-5.9116e-002	2.7315e-004
11665	0.66751	0.	-0.74131	2.0623e-007
11666	-0.64959	0.	-0.13974	2.5381e-006
11667	0.37978	0.	-0.46055	6.8913e-007
11668	-0.47584	0.	-0.8815	1.3385e-008
11669	-0.39892	0.	-0.23744	4.8115e-006
11670	-6.8442e-002	0.	-0.90159	-1.3399e-007
11671	0.41358	0.	-0.76901	6.7956e-008
11672	-0.12748	0.	-0.1084	3.0831e-005
11673	-0.12803	0.	-4.8469e-002	4.2106e-004
11674	0.26554	0.	-0.1025	1.7318e-005
11675	0.89531	0.	-0.58691	3.5737e-007
11676	-7.1424e-002	0.	-0.57469	-1.3331e-006
11677	0.14399	0.	-0.7366	-3.4533e-007
11678	-0.18349	0.	-0.27054	-3.0784e-006
11679	0.63367	0.	-0.43594	7.486e-007
11680	0.13435	0.	-0.5005	-1.6433e-006
11681	0.64812	0.	-0.58755	3.865e-007
11682	-0.54071	0.	-0.74043	1.5222e-007
11683	-8.3409e-002	0.	-0.26406	-1.3193e-005
11684	0.65671	0.	-0.12196	2.1136e-006
11685	-0.77103	0.	-0.85983	8.9301e-008
11686	0.89527	0.	-0.75115	1.8501e-007
11687	-0.77294	0.	-0.21661	1.3928e-006
11688	0.64974	0.	-0.8837	6.5338e-008
11689	0.76196	0.	-0.50937	4.4979e-007
11690	4.2779e-002	0.	-0.6101	-1.0093e-006
11691	-0.24987	0.	-0.11815	2.6072e-005
11692	0.90173	0.	-0.33926	6.7847e-007
11693	0.10287	0.	-0.29239	-3.9684e-006
11694	0.88358	0.	-0.89404	7.3531e-008
11695	-0.1656	0.	-0.43642	-2.0337e-006
11696	0.61044	0.	-0.29792	1.3783e-006
11697	0.41086	0.	-0.2434	3.9838e-006
11698	-0.36217	0.	-0.10043	1.8387e-005
11699	-1.2892e-002	0.	-3.8223e-002	-1.2902e-003
11700	1.5142e-002	0.	-3.7934e-002	1.075e-003
11701	-0.9952	0.	-0.24652	7.9554e-007
11702	9.6646e-003	0.	-0.24048	-1.8888e-005
11703	-0.28959	0.	-0.47622	-3.2856e-007
11704	-0.98558	0.	-0.10603	9.7028e-007
11705	-6.6342e-002	0.	-0.66713	-7.2136e-007
11706	0.21295	0.	-0.82798	-1.1634e-007
11707	0.219	0.	-0.32397	1.3502e-006
11708	0.34806	0.	-0.34429	1.8037e-006
11709	0.42025	0.	-0.89385	1.9812e-008
11710	0.88098	0.	-0.46615	5.1009e-007
11711	0.89479	0.	-9.7101e-002	1.0191e-006
11712	-0.29153	0.	-0.26699	2.797e-006
11713	3.3973e-002	0.	-0.44242	-3.1909e-006
11714	0.27139	0.	-0.52378	-7.2982e-008
11715	-0.35221	0.	-0.70601	-9.2559e-008
11716	0.7814	0.	-0.11677	1.1298e-006
11717	-0.87444	0.	-0.9219	5.9129e-008
11718	-5.0216e-002	0.	-0.41444	-3.633e-006
11719	-0.99376	0.	-0.88284	8.7125e-008
11720	-0.99795	0.	-0.70839	2.1088e-007
11721	-0.98993	0.	-0.37885	6.3586e-007
11722	-0.98924	0.	-0.50229	4.4493e-007
11723	-0.27656	0.	-0.6476	-2.891e-007
11724	8.6632e-002	0.	-9.8791e-002	7.4357e-005
11725	0.77084	0.	-0.92544	5.2364e-008
11726	-0.8686	0.	-0.5212	4.7097e-007
11727	-4.2899e-002	0.	-4.2778e-002	-3.1153e-003
11728	-0.18793	0.	-7.1684e-002	1.0994e-004
11729	-0.55463	0.	-6.1782e-002	4.8482e-006
11730	-0.43042	0.	-0.76392	3.7024e-009
11731	-8.8048e-002	0.	-2.8145e-002	1.2017e-003
11732	-0.37716	0.	-0.33312	1.7192e-006
11733	-0.66685	0.	-0.76112	1.5085e-007
11734	-0.38971	0.	-0.93215	-1.8118e-008
11735	-0.51036	0.	-0.61782	2.4025e-007
11736	-0.22095	0.	-0.1965	7.7682e-006
11737	-0.40826	0.	-0.53684	1.221e-007
11738	-0.74286	0.	-8.2749e-002	1.832e-006
11739	-0.18022	0.	-0.14185	3.1042e-005
12697	0.	0.	-5.e-003	3.7361e-002
12701	1.1364e-002	0.	0.	2.8721e-002
12722	-8.e-002	0.	-5.e-003	3.1587e-002
12728	-9.1364e-002	0.	0.	2.6055e-002
12732	-8.e-002	0.	-1.25e-002	1.3843e-002
12735	-9.1364e-002	0.	-5.e-003	1.7689e-002
12737	0.	0.	-1.25e-002	1.7563e-002
12740	1.1364e-002	0.	-5.e-003	2.2573e-002
12806	-1.e-002	0.	-1.5e-002	-3.65e-004
12807	1.1364e-002	0.	-7.5e-003	8.9233e-003
12808	-6.4459e-003	0.	-2.6612e-002	1.3115e-003
12809	7.5712e-003	0.	-2.6467e-002	2.4941e-003
12814	-7.e-002	0.	-1.5e-002	5.384e-004
12815	-9.1364e-002	0.	-7.5e-003	8.3102e-003
12816	-8.4024e-002	0.	-2.1572e-002	2.8328e-003
13269	1.	0.	-0.97271	3.051e-008
13271	0.95478	0.	-1.015	2.2617e-008
13272	1.	0.	-4.2292e-002	9.1994e-007
13274	0.95455	0.	0.	9.5522e-007
13278	1.	0.	-0.88813	7.6119e-008
13280	0.95478	0.	-0.97271	3.3622e-008
13281	0.94179	0.	-0.91223	5.7523e-008
13284	1.	0.	-0.80354	1.4533e-007
13285	0.94764	0.	-0.79849	1.4787e-007
13286	0.94179	0.	-0.86994	9.2127e-008
13289	1.	0.	-0.71896	2.2424e-007
13290	0.94764	0.	-0.7562	1.8247e-007
13293	1.	0.	-0.63437	3.0476e-007
13294	0.94766	0.	-0.63179	3.1296e-007
13295	0.94764	0.	-0.71391	2.2678e-007
13299	1.	0.	-0.54979	3.8323e-007
13300	0.94766	0.	-0.5895	3.4918e-007
13302	1.	0.	-0.46521	4.8488e-007
13303	0.94766	0.	-0.54721	3.9142e-007
13304	0.94049	0.	-0.48682	4.6778e-007
13307	1.	0.	-0.38063	5.9049e-007
13308	0.95086	0.	-0.38109	6.1138e-007
13309	0.94049	0.	-0.44453	5.2719e-007
13311	1.	0.	-0.29604	6.929e-007
13312	0.95086	0.	-0.3388	6.5758e-007
13315	1.	0.	-0.21146	7.9757e-007
13316	0.93002	0.	-0.23292	8.0641e-007
13317	0.95086	0.	-0.29651	7.1378e-007
13319	1.	0.	-0.12687	8.7858e-007
13320	0.93002	0.	-0.19062	8.5488e-007
13321	0.94739	0.	-0.13313	9.3254e-007
13326	0.95455	0.	-4.2292e-002	9.4642e-007
13327	0.94739	0.	-9.0842e-002	9.6509e-007
13395	-1.0348	0.	-1.015	2.7109e-008
13397	-1.08	0.	-0.97271	3.5003e-008
13399	-0.94435	0.	-1.015	3.3328e-008
13401	-1.0348	0.	-0.97271	3.8334e-008
13402	-0.99166	0.	-0.94892	5.8783e-008
13406	-0.85391	0.	-1.015	3.5199e-008
13407	-0.88678	0.	-0.96845	4.7672e-008
13408	-0.94645	0.	-0.94892	6.167e-008
13412	-0.76348	0.	-1.015	3.4033e-008
13413	-0.78986	0.	-0.93741	6.1742e-008
13414	-0.84157	0.	-0.96845	4.6656e-008
13419	-0.67304	0.	-1.015	2.8637e-008
13420	-0.66898	0.	-0.95663	4.3046e-008
13421	-0.74464	0.	-0.93741	6.1592e-008
13424	-0.58261	0.	-1.015	1.743e-008
13425	-0.62376	0.	-0.95663	3.78e-008
13430	-0.49217	0.	-1.015	5.2974e-009
13431	-0.57855	0.	-0.95663	3.1839e-008
13432	-0.50662	0.	-0.94825	1.2427e-008
13436	-0.40174	0.	-1.015	-3.8674e-009
13437	-0.4614	0.	-0.94825	6.2556e-009
13438	-0.41834	0.	-0.97358	-9.4959e-009
13442	-0.3113	0.	-1.015	-2.0042e-008
13443	-0.37312	0.	-0.97358	-1.249e-008
13445	-0.22087	0.	-1.015	-3.8332e-008
13446	-0.24156	0.	-0.94509	-6.8912e-008
13447	-0.3279	0.	-0.97358	-2.567e-008
13451	-0.13043	0.	-1.015	-4.5733e-008
13452	-0.19634	0.	-0.94509	-7.4023e-008
13453	-0.12205	0.	-0.9583	-8.8719e-008
13456	-4.e-002	0.	-1.015	-5.5459e-008
13457	-7.683e-002	0.	-0.9583	-9.1009e-008
13459	5.0435e-002	0.	-1.015	-5.4032e-008
13460	5.3823e-002	0.	-0.9555	-1.0426e-007
13461	-3.1612e-002	0.	-0.9583	-9.8445e-008
13465	0.14087	0.	-1.015	-4.6293e-008
13466	9.904e-002	0.	-0.9555	-9.54e-008
13471	0.2313	0.	-1.015	-3.7561e-008
13472	0.14426	0.	-0.9555	-9.6524e-008
13473	0.19952	0.	-0.92149	-8.1881e-008
13476	0.32174	0.	-1.015	-1.6012e-008
13477	0.29468	0.	-0.94746	-2.9314e-008
13478	0.24474	0.	-0.92149	-7.2026e-008
13483	0.41217	0.	-1.015	6.1403e-009
13484	0.3399	0.	-0.94746	-1.7619e-008
13485	0.3936	0.	-0.95443	7.7479e-009
13489	0.50261	0.	-1.015	1.8685e-008
13490	0.49317	0.	-0.93443	5.4872e-008
13491	0.43882	0.	-0.95443	1.8205e-008
13494	0.59304	0.	-1.015	2.2336e-008
13495	0.53839	0.	-0.93443	5.696e-008
13496	0.59878	0.	-0.94935	4.3056e-008
13501	0.68348	0.	-1.015	2.755e-008
13502	0.644	0.	-0.94935	4.4619e-008
13504	0.77391	0.	-1.015	2.7558e-008
13505	0.68922	0.	-0.94935	4.827e-008
13506	0.74977	0.	-0.97022	4.1782e-008
13510	0.86435	0.	-1.015	2.4822e-008
13511	0.85135	0.	-0.95452	4.8723e-008
13512	0.79498	0.	-0.97022	3.814e-008
13514	0.89657	0.	-0.95452	4.963e-008
13545	-1.08	0.	-4.2292e-002	8.9972e-007
13547	-1.0345	0.	0.	9.3267e-007
13549	-1.08	0.	-0.12687	8.7281e-007
13551	-1.0345	0.	-4.2292e-002	9.3152e-007
13552	-1.0328	0.	-9.5309e-002	9.3442e-007
13555	-1.08	0.	-0.21146	7.9582e-007
13556	-1.0376	0.	-0.20784	8.213e-007
13557	-1.0328	0.	-0.1376	9.0867e-007
13561	-1.08	0.	-0.29604	7.0576e-007
13562	-1.0376	0.	-0.25013	7.7006e-007
13565	-1.08	0.	-0.38063	6.1412e-007
13566	-1.0376	0.	-0.29243	7.3124e-007
13567	-1.035	0.	-0.35859	6.514e-007
13569	-1.08	0.	-0.46521	4.9013e-007
13570	-1.035	0.	-0.40089	5.9858e-007
13571	-1.0346	0.	-0.4626	5.0312e-007
13575	-1.08	0.	-0.54979	3.703e-007
13576	-1.0346	0.	-0.5049	4.3195e-007
13579	-1.08	0.	-0.63437	2.8779e-007
13580	-0.99795	0.	-0.6238	3.0525e-007
13581	-1.039	0.	-0.65023	2.6626e-007
13582	-1.0346	0.	-0.54719	3.8328e-007
13584	-1.08	0.	-0.71896	2.0894e-007
13585	-1.039	0.	-0.69253	2.3241e-007
13588	-1.08	0.	-0.80354	1.433e-007
13589	-1.0369	0.	-0.82204	1.2553e-007
13590	-1.039	0.	-0.73482	1.8741e-007
13593	-1.08	0.	-0.88813	8.4443e-008
13594	-1.0369	0.	-0.86434	1.0489e-007
13598	-1.0369	0.	-0.90663	6.6677e-008
13645	0.86364	0.	0.	1.072e-006
13648	0.90194	0.	-4.855e-002	1.0004e-006
13654	0.77273	0.	0.	1.334e-006
13657	0.85648	0.	-4.855e-002	1.0907e-006
13658	0.79979	0.	-5.8385e-002	1.1461e-006
13661	0.68182	0.	0.	1.8743e-006
13664	0.69199	0.	-6.0979e-002	1.8096e-006
13665	0.75434	0.	-5.8385e-002	1.3177e-006
13671	0.59091	0.	0.	2.9651e-006
13674	0.64653	0.	-6.0979e-002	2.1783e-006
13677	0.5	0.	0.	4.574e-006
13680	0.5284	0.	-8.2053e-002	3.4555e-006
13681	0.60108	0.	-6.0979e-002	2.9004e-006
13687	0.40909	0.	0.	8.4621e-006
13690	0.42206	0.	-6.7841e-002	5.8115e-006
13691	0.48294	0.	-8.2053e-002	4.3424e-006
13695	0.31818	0.	0.	1.9649e-005
13697	0.37661	0.	-6.7841e-002	8.8126e-006
13698	0.31459	0.	-5.1248e-002	1.439e-005
13703	0.22727	0.	0.	5.5332e-005
13707	0.26913	0.	-5.1248e-002	2.2576e-005
13713	0.13636	0.	0.	2.6742e-004
13716	0.17091	0.	-6.3931e-002	5.8143e-005
13717	0.22368	0.	-5.1248e-002	5.0074e-005
13718	0.13423	0.	-4.9395e-002	7.8593e-005
13725	6.8182e-002	0.	0.	1.0698e-003
13728	6.5737e-002	0.	-2.9558e-002	3.6258e-004
13729	8.8771e-002	0.	-4.9395e-002	2.6319e-004
13736	-0.21636	0.	0.	2.3323e-004
13737	-0.14818	0.	0.	8.9793e-004
13740	-0.14947	0.	-2.4235e-002	4.1505e-004
13741	-0.17942	0.	-3.5842e-002	2.5948e-004
13748	-0.30727	0.	0.	3.672e-005
13751	-0.25584	0.	-5.9075e-002	4.1748e-005
13752	-0.31199	0.	-5.0216e-002	3.7906e-005
13753	-0.22488	0.	-3.5842e-002	8.3683e-005
13758	-0.39818	0.	0.	1.2563e-005
13761	-0.35745	0.	-5.0216e-002	1.7201e-005
13766	-0.48909	0.	0.	7.5984e-006
13768	-0.48179	0.	-8.4583e-002	6.9445e-006
13769	-0.4029	0.	-5.0216e-002	1.375e-005
13770	-0.49914	0.	-3.0891e-002	6.9804e-006
13774	-0.58	0.	0.	4.7678e-006
13777	-0.54459	0.	-3.0891e-002	5.4662e-006
13782	-0.67091	0.	0.	2.8206e-006
13785	-0.63752	0.	-6.9871e-002	2.9947e-006
13786	-0.59004	0.	-3.0891e-002	4.1498e-006
13787	-0.68416	0.	-4.1375e-002	2.6417e-006
13792	-0.76182	0.	0.	1.9417e-006
13794	-0.72961	0.	-4.1375e-002	2.0108e-006
13796	-0.85273	0.	0.	1.4234e-006
13799	-0.83915	0.	-6.7969e-002	1.4309e-006
13800	-0.77507	0.	-4.1375e-002	1.7628e-006
13803	-0.94364	0.	0.	1.0587e-006
13806	-0.8846	0.	-6.7969e-002	1.1606e-006
13807	-0.94188	0.	-5.3017e-002	1.0616e-006
13815	-0.98734	0.	-5.3017e-002	9.6738e-007
14383	-3.e-002	0.	-1.5e-002	-5.1139e-003
14384	-5.e-002	0.	-1.5e-002	-4.4859e-003
14387	-4.1449e-002	0.	-2.8889e-002	-4.35e-003
14390	-1.6446e-002	0.	-2.6612e-002	-2.9667e-003
14391	-3.1449e-002	0.	-2.8889e-002	-3.8793e-003
14396	-5.1449e-002	0.	-2.8889e-002	-3.2512e-003
14397	-7.4024e-002	0.	-2.1572e-002	-1.0927e-003
14431	3.4091e-002	0.	0.	7.8105e-003
14433	4.301e-002	0.	-2.9558e-002	9.8037e-004
14434	3.0298e-002	0.	-1.8967e-002	1.3813e-003
14441	1.8935e-002	0.	-1.8967e-002	7.5042e-003
14445	-0.11409	0.	0.	6.7716e-003
14448	-0.12674	0.	-2.4235e-002	9.0395e-004
14449	-0.10675	0.	-1.4072e-002	1.2943e-003
14456	-9.5388e-002	0.	-1.4072e-002	6.6791e-003
15318	-2.6715e-002	0.	-0.50492	-2.1819e-006
15319	-2.6505e-002	0.	-0.54778	-1.6818e-006
15320	7.638e-002	0.	-0.51068	-1.8369e-006
15321	3.0597e-002	0.	-0.56548	-1.5199e-006
15322	2.6194e-002	0.	-0.48164	-2.6107e-006
15324	-6.2105e-002	0.	-0.3474	-6.0606e-006
15325	6.4489e-002	0.	-0.37014	-4.4415e-006
15326	-3.9096e-002	0.	-0.3062	-9.8591e-006
15327	5.4044e-002	0.	-0.32036	-5.2466e-006
15328	7.441e-003	0.	-0.29441	-1.2706e-005
15329	1.9595e-002	0.	-0.39538	-4.8579e-006
15330	-2.25e-002	0.	-0.38139	-5.0789e-006
15335	0.51235	0.	-0.42604	1.1815e-006
15336	0.45427	0.	-0.56211	3.7667e-007
15337	0.5279	0.	-0.59521	4.0714e-007
15338	0.45185	0.	-0.4859	6.3501e-007
15339	0.57879	0.	-0.47359	6.6475e-007
15340	0.58601	0.	-0.5494	4.837e-007
15345	-0.50744	0.	-0.42789	1.1855e-006
15346	-0.57248	0.	-0.56274	4.8985e-007
15347	-0.45329	0.	-0.46656	6.0623e-007
15348	-0.57507	0.	-0.48479	7.2456e-007
15349	-0.51122	0.	-0.5611	4.3841e-007
15350	-0.46017	0.	-0.52061	3.7934e-007
15355	-5.3474e-002	0.	-0.15959	-8.9351e-005
15356	-8.6845e-002	0.	-0.18906	-2.9708e-005
15357	-1.0081e-002	0.	-0.16709	-4.9635e-005
15358	-6.3903e-002	0.	-0.22733	-2.5682e-005
15359	-1.7366e-002	0.	-0.21553	-2.853e-005
15363	-0.1958	0.	-0.3547	-3.1397e-006
15364	-0.32834	0.	-0.39585	-5.3564e-008
15365	-0.22283	0.	-0.31675	-1.8807e-006
15366	-0.21389	0.	-0.39969	-1.3583e-006
15367	-0.27588	0.	-0.41958	-5.0578e-007
15368	-0.27685	0.	-0.31497	1.057e-006
15369	-0.31967	0.	-0.34804	5.181e-007
15372	-0.72924	0.	-0.36099	1.1191e-006
15373	-0.828	0.	-0.36444	8.1241e-007
15374	-0.71172	0.	-0.44406	7.701e-007
15375	-0.77699	0.	-0.49693	6.0719e-007
15376	-0.77916	0.	-0.31976	1.0602e-006
15377	-0.88765	0.	-0.40089	6.8176e-007
15378	-0.82699	0.	-0.47206	5.9932e-007
15383	-0.14607	0.	-0.69975	-5.5731e-007
15384	-5.4082e-002	0.	-0.75404	-4.0439e-007
15385	-0.18801	0.	-0.75032	-3.3389e-007
15386	-0.17131	0.	-0.81622	-2.601e-007
15387	-9.7017e-002	0.	-0.82943	-2.748e-007
15388	-9.5967e-002	0.	-0.7122	-5.6848e-007
15393	0.18684	0.	-0.41108	-1.0786e-006
15394	0.31485	0.	-0.44538	4.4496e-007
15395	0.19213	0.	-0.46535	-7.2124e-007
15396	0.23446	0.	-0.37709	7.7552e-007
15397	0.29899	0.	-0.38725	1.0023e-006
15398	0.26065	0.	-0.47699	6.3904e-008
15403	0.21917	0.	-0.669	-3.0914e-007
15404	0.33189	0.	-0.66614	1.5786e-008
15405	0.29599	0.	-0.79961	-8.5893e-008
15406	0.34636	0.	-0.74416	-3.6455e-008
15407	0.21157	0.	-0.72795	-2.431e-007
15408	0.24605	0.	-0.77364	-1.286e-007
15409	0.27527	0.	-0.62154	-1.0692e-007
15412	-0.83829	0.	-0.67799	2.6999e-007
15413	-0.8341	0.	-0.76786	1.9771e-007
15414	-0.69678	0.	-0.66078	2.9712e-007
15415	-0.76463	0.	-0.6357	3.6891e-007
15416	-0.76585	0.	-0.78015	1.7021e-007
15417	-0.71376	0.	-0.73079	2.0098e-007
15421	0.74102	0.	-0.31875	9.9815e-007
15422	0.811	0.	-0.29729	8.0393e-007
15423	0.69781	0.	-0.40922	7.4637e-007
15424	0.76196	0.	-0.44594	5.9696e-007
15425	0.83184	0.	-0.36088	7.113e-007
15426	0.6862	0.	-0.34021	1.0612e-006
15427	0.82147	0.	-0.42432	6.2711e-007
15430	0.77141	0.	-0.73386	2.1286e-007
15431	0.71864	0.	-0.69478	2.4541e-007
15432	0.83254	0.	-0.61758	3.2098e-007
15433	0.70894	0.	-0.6179	3.3554e-007
15434	0.83252	0.	-0.6997	2.348e-007
15435	0.76586	0.	-0.57881	3.6719e-007
15440	-0.38124	0.	-0.62313	-1.2265e-007
15441	-0.48746	0.	-0.70168	1.011e-007
15442	-0.39322	0.	-0.68447	-2.1291e-008
15443	-0.43232	0.	-0.71342	2.6839e-008
15444	-0.47229	0.	-0.64037	1.4511e-007
15445	-0.42124	0.	-0.59988	8.6039e-008
15450	-0.20849	0.	-0.69279	-4.756e-007
15451	-0.18138	0.	-0.59359	-8.1157e-007
15452	-0.11898	0.	-0.60846	-1.0161e-006
15453	-0.11644	0.	-0.65468	-7.1019e-007
15454	-0.22155	0.	-0.64491	-4.9406e-007
15459	-0.59653	0.	-0.23411	3.1435e-006
15460	-0.51138	0.	-0.26029	3.2555e-006
15461	-0.58477	0.	-0.15445	3.6573e-006
15462	-0.45944	0.	-0.2033	4.794e-006
15463	-0.44106	0.	-0.1348	1.1582e-005
15464	-0.53729	0.	-0.11547	4.8123e-006
15472	0.50607	0.	-0.25247	2.503e-006
15473	0.44029	0.	-0.40069	1.2357e-006
15474	0.56723	0.	-0.38839	1.2654e-006
15475	0.55562	0.	-0.31938	1.5803e-006
15476	0.45583	0.	-0.29212	2.883e-006
15477	0.42443	0.	-0.34256	1.793e-006
15481	-9.5923e-002	0.	-0.15806	-8.0888e-005
15482	-4.0767e-002	0.	-0.10148	-3.222e-004
15483	-6.814e-002	0.	-0.10024	-2.953e-004
15484	-1.9158e-002	0.	-0.13609	-1.0082e-004
15485	-9.5014e-002	0.	-0.11849	-5.485e-005
15489	0.53042	0.	-0.76652	1.6327e-007
15490	0.59823	0.	-0.79759	1.4969e-007
15491	0.47127	0.	-0.81144	8.0551e-008
15492	0.58935	0.	-0.86878	7.9243e-008
15493	0.4746	0.	-0.87386	5.648e-008
15499	0.24551	0.	-0.22697	5.1008e-006
15500	0.34706	0.	-0.18389	5.9179e-006
15501	0.28504	0.	-0.1673	1.1496e-005
15502	0.3577	0.	-0.23775	4.8288e-006
15503	0.26177	0.	-0.27804	3.512e-006
15504	0.3263	0.	-0.2882	3.7387e-006
15508	0.17324	0.	-0.17485	1.8993e-005
15509	0.13889	0.	-0.20719	2.6632e-006
15510	0.22601	0.	-0.16216	1.0923e-005
15511	0.14468	0.	-0.25711	2.7976e-007
15512	0.20274	0.	-0.2729	2.9391e-006
15517	-0.12838	0.	-0.14796	4.7934e-006
15518	-0.15639	0.	-0.22904	-1.2161e-005
15519	-0.10635	0.	-0.2258	-1.7219e-005
15520	-0.17512	0.	-0.19202	-6.7381e-006
15521	-0.15475	0.	-0.16469	4.8988e-006
15526	-0.87082	0.	-0.22095	1.0327e-006
15527	-0.82198	0.	-0.17627	1.2805e-006
15528	-0.93311	0.	-0.19123	9.8186e-007
15529	-0.9283	0.	-0.12099	1.0692e-006
15530	-0.80694	0.	-0.10934	1.5001e-006
15536	5.9928e-002	0.	-0.8234	-2.6941e-007
15537	-2.5507e-002	0.	-0.8262	-2.6359e-007
15538	8.0707e-002	0.	-0.7437	-3.6926e-007
15539	3.0103e-002	0.	-0.68045	-7.0125e-007
15540	-2.4457e-002	0.	-0.70897	-5.5727e-007
15545	0.79007	0.	-0.23354	1.0579e-006
15546	0.6884	0.	-0.18848	1.6829e-006
15547	0.66527	0.	-0.27646	1.3153e-006
15548	0.75075	0.	-0.18589	1.191e-006
15552	-0.13403	0.	-0.51697	-1.6287e-006
15553	-7.1634e-002	0.	-0.53183	-1.8332e-006
15554	-0.11872	0.	-0.4627	-2.1835e-006
15555	-1.8936e-002	0.	-0.4657	-2.7621e-006
15556	-6.1031e-002	0.	-0.4517	-2.9832e-006
15560	-4.6356e-002	0.	-7.314e-002	-4.7696e-004
15561	2.6267e-003	0.	-0.10899	-2.8248e-004
15562	1.0791e-002	0.	-6.6749e-002	-1.1536e-004
15563	-1.5937e-002	0.	-5.6303e-002	-8.9705e-004
15564	-1.9201e-003	0.	-5.6158e-002	2.8554e-004
15565	-3.0941e-002	0.	-5.858e-002	-1.8096e-003
15570	-0.35048	0.	-0.21197	8.7342e-006
15571	-0.27596	0.	-0.15233	1.9364e-005
15572	-0.33211	0.	-0.14347	1.5522e-005
15573	-0.29679	0.	-0.22675	7.7269e-006
15574	-0.2615	0.	-0.1915	1.0213e-005
15578	-0.29979	0.	-0.78603	-1.5908e-007
15579	-0.28309	0.	-0.85194	-8.5292e-008
15580	-0.41249	0.	-0.85511	-2.6298e-008
15581	-0.35067	0.	-0.76736	-7.927e-008
15582	-0.38978	0.	-0.79631	-3.1139e-008
15583	-0.36943	0.	-0.88043	-4.205e-008
15587	-0.26224	0.	-0.56415	-6.097e-007
15588	-0.30892	0.	-0.52978	-3.1191e-007
15589	-0.34023	0.	-0.64467	-1.9391e-007
15590	-0.30241	0.	-0.61547	-2.9219e-007
15591	-0.36826	0.	-0.56009	-8.6584e-008
15595	0.72028	0.	-0.78039	1.7368e-007
15596	0.83416	0.	-0.78531	1.6308e-007
15597	0.71139	0.	-0.85158	1.0324e-007
15598	0.82831	0.	-0.85676	1.0733e-007
15599	0.77194	0.	-0.87246	9.675e-008
15604	-0.1006	0.	-9.0147e-002	-2.0962e-004
15605	-0.10088	0.	-6.0184e-002	-1.4499e-005
15606	-5.8314e-002	0.	-5.7338e-002	-1.7827e-003
15607	-8.0889e-002	0.	-5.0022e-002	3.7582e-004
15615	-0.58796	0.	-0.32523	1.6225e-006
15616	-0.65559	0.	-0.38214	1.1615e-006
15617	-0.66135	0.	-0.2194	2.0243e-006
15618	-0.72303	0.	-0.25783	1.4517e-006
15622	-0.54777	0.	-0.88989	3.2797e-008
15623	-0.5802	0.	-0.81935	1.0221e-007
15624	-0.69536	0.	-0.87905	7.0755e-008
15625	-0.64328	0.	-0.82969	1.0153e-007
15629	-0.91171	0.	-0.74539	2.1659e-007
15630	-0.84225	0.	-0.61323	3.878e-007
15631	-0.95693	0.	-0.68195	2.4988e-007
15632	-0.95258	0.	-0.57891	3.669e-007
15633	-0.89226	0.	-0.58836	3.7992e-007
15638	-0.83927	0.	-0.84754	1.1681e-007
15639	-0.89098	0.	-0.87858	1.0172e-007
15640	-0.95064	0.	-0.85905	1.1572e-007
15641	-0.95274	0.	-0.77182	1.776e-007
15646	-0.44866	0.	-0.39008	1.1552e-006
15647	-0.57043	0.	-0.40831	1.2735e-006
15648	-0.45086	0.	-0.29442	3.273e-006
15649	-0.43998	0.	-0.34226	1.7268e-006
15654	0.12565	0.	-0.16021	1.7128e-005
15655	0.21277	0.	-0.11518	2.5387e-005
15656	0.12332	0.	-0.11333	5.3907e-005
15661	-0.63547	0.	-0.54315	5.7783e-007
15662	-0.70074	0.	-0.59601	4.1492e-007
15663	-0.5868	0.	-0.68076	2.4767e-007
15664	-0.64987	0.	-0.69111	2.4699e-007
15665	-0.57162	0.	-0.61946	2.9169e-007
15668	0.45046	0.	-0.14989	4.693e-006
15669	0.32756	0.	-0.11909	1.174e-005
15670	0.40022	0.	-0.18954	5.073e-006
15675	-0.15646	0.	-0.3085	-4.3374e-006
15676	-0.10642	0.	-0.30526	-9.3948e-006
15677	-0.14751	0.	-0.39144	-3.815e-006
15678	-8.9822e-002	0.	-0.38045	-4.6147e-006
15682	0.15159	0.	-0.67765	-4.1138e-007
15683	0.14677	0.	-0.5596	-1.0604e-006
15684	0.10098	0.	-0.6144	-7.4338e-007
15685	0.21529	0.	-0.57124	-2.752e-007
15687	0.58402	0.	-0.14303	2.6687e-006
15688	0.56089	0.	-0.23101	2.3011e-006
15689	0.4611	0.	-0.20375	3.6038e-006
15693	0.45825	0.	-0.64607	2.0291e-007
15694	0.3822	0.	-0.53676	4.3078e-007
15695	0.3991	0.	-0.69099	1.202e-007
15696	0.328	0.	-0.56837	4.9728e-008
15701	0.5997	0.	-0.71024	2.1981e-007
15702	0.47273	0.	-0.72409	1.5067e-007
15703	0.59	0.	-0.63336	3.0994e-007
15707	0.12905	0.	-0.44622	-2.0007e-006
15708	0.11332	0.	-0.34216	-3.1632e-006
15709	0.17138	0.	-0.35796	-5.0392e-007
15710	7.8867e-002	0.	-0.41718	-2.7745e-006
15713	5.7767e-002	0.	-0.16807	-3.015e-005
15714	9.7085e-002	0.	-0.24247	-1.585e-006
15715	5.0482e-002	0.	-0.21651	-9.0449e-006
15716	8.8966e-002	0.	-0.14567	3.7578e-005
15719	1.6993e-002	0.	-0.8988	-1.3981e-007
15720	0.12321	0.	-0.8163	-2.4548e-007
15721	0.15769	0.	-0.86199	-1.3099e-007
15725	3.2401e-002	0.	-0.10135	1.0603e-004
15726	1.695e-002	0.	-0.19203	-3.9993e-005
15727	5.5434e-002	0.	-0.12119	6.6292e-006
15733	-0.23373	0.	-0.80927	-1.7839e-007
15734	-0.30132	0.	-0.72468	-1.7237e-007
15735	-0.2635	0.	-0.69548	-2.7064e-007
15740	-0.34205	0.	-0.45248	1.2366e-007
15741	-0.38583	0.	-0.38093	1.1475e-006
15742	-0.40138	0.	-0.48279	3.4899e-007
15746	-0.82178	0.	-0.26129	1.145e-006
15747	-0.93291	0.	-0.27624	8.4635e-007
15748	-0.93028	0.	-0.34241	7.6651e-007
15754	-0.70333	0.	-0.51807	6.4963e-007
15758	0.36321	0.	-0.82446	1.8517e-008
15759	0.26289	0.	-0.85395	-7.3633e-008
15760	0.36654	0.	-0.88688	-5.5547e-009
15765	-0.13382	0.	-0.55983	-1.1286e-006
15766	-0.18091	0.	-0.4907	-1.4789e-006
15767	-0.2429	0.	-0.51059	-6.2634e-007
15768	-0.23639	0.	-0.59629	-6.0661e-007
15772	0.88089	0.	-0.27567	7.711e-007
15773	0.87742	0.	-0.15459	9.4139e-007
15774	0.82072	0.	-0.16443	9.9678e-007
15778	-0.14274	0.	-0.88838	-1.193e-007
15779	-0.30337	0.	-0.90366	-6.1361e-008
15784	-0.8186	0.	-0.54607	4.7885e-007
15789	2.7854e-002	0.	-4.8525e-002	6.7405e-004
15790	6.3599e-002	0.	-7.8953e-002	1.7375e-004
15795	0.65781	0.	-0.66443	2.9637e-007
15796	0.65862	0.	-0.8125	1.3579e-007
15799	-0.71126	0.	-0.17817	1.9654e-006
15800	-0.60211	0.	-0.10076	3.6931e-006
15801	-0.69622	0.	-0.11125	2.185e-006
15806	0.36392	0.	-0.40242	1.2464e-006
15807	0.32558	0.	-0.49217	3.0807e-007
15811	-0.50828	0.	-0.81097	8.2801e-008
15812	-0.45313	0.	-0.82271	8.5436e-009
15813	-0.43278	0.	-0.90683	-2.3668e-009
15817	-0.38055	0.	-0.16893	1.1599e-005
15818	-0.34523	0.	-0.25221	3.8042e-006
15819	-0.38804	0.	-0.28528	3.2654e-006
15826	0.41691	0.	-0.83143	4.3884e-008
15830	-0.12775	0.	-7.8432e-002	2.2595e-004
15831	-0.15771	0.	-9.0039e-002	7.0387e-005
15832	-0.15385	0.	-0.12512	3.0937e-005
15836	-0.15798	0.	-6.0077e-002	2.655e-004
15837	-0.10804	0.	-3.8307e-002	8.1139e-004
15845	0.89529	0.	-0.66903	2.7119e-007
15846	0.82864	0.	-0.54814	4.0358e-007
15847	0.88815	0.	-0.52653	4.3373e-007
15851	-1.4322e-002	0.	-0.5924	-1.1712e-006
15852	-6.8883e-002	0.	-0.62091	-1.0272e-006
15856	9.3382e-002	0.	-0.67335	-6.7733e-007
15857	0.17847	0.	-0.78229	-2.3084e-007
15863	-0.13345	0.	-0.2673	-8.1359e-006
15864	-0.23751	0.	-0.26877	-1.4071e-007
15865	-0.20222	0.	-0.23352	2.3449e-006
15870	0.64089	0.	-0.51174	5.6755e-007
15871	0.69781	0.	-0.47266	5.992e-007
15872	0.62205	0.	-0.36693	1.0635e-006
15878	8.8562e-002	0.	-0.5553	-1.3263e-006
15879	8.4159e-002	0.	-0.47146	-2.4171e-006
15880	0.20287	0.	-0.51214	-8.5813e-007
15885	0.70504	0.	-0.54846	4.1815e-007
15887	-0.48557	0.	-0.75217	7.796e-008
15888	-0.60378	0.	-0.75078	1.5154e-007
15889	-0.52554	0.	-0.67913	1.9623e-007
15894	-3.6872e-002	0.	-0.25227	-1.6041e-005
15898	0.63357	0.	-0.20994	1.746e-006
15899	0.71905	0.	-0.11936	1.6217e-006
15904	-0.82273	0.	-0.89086	7.4215e-008
15905	-0.71894	0.	-0.81047	1.2008e-007
15909	0.88942	0.	-0.82259	1.2927e-007
15914	-0.7579	0.	-0.14968	1.6124e-006
15918	0.71029	0.	-0.90457	5.8851e-008
15924	0.82147	0.	-0.48776	4.7994e-007
15929	-1.1781e-002	0.	-0.63862	-8.6534e-007
15933	-0.30602	0.	-0.10929	2.223e-005
15934	-0.2189	0.	-9.4917e-002	6.8007e-005
15935	-0.23541	0.	-0.15733	1.692e-005
15936	-0.21504	0.	-0.13	2.8557e-005
15940	0.89135	0.	-0.4027	5.9428e-007
15945	5.6268e-002	0.	-0.26643	-1.1428e-005
15946	0.16093	0.	-0.30818	-1.3091e-006
15950	0.82721	0.	-0.90974	6.2947e-008
15956	-0.2276	0.	-0.45632	-1.1811e-006
15957	-0.10791	0.	-0.42543	-2.8333e-006
15967	0.37946	0.	-0.29385	2.8938e-006
15975	1.1253e-003	0.	-3.8079e-002	-1.0764e-004
15976	-2.7895e-002	0.	-4.0501e-002	-2.2028e-003
15985	-0.99039	0.	-0.17628	8.8291e-007
15986	-0.99256	0.	-0.31269	7.157e-007
15995	-0.34892	0.	-0.50653	-1.0323e-007
16005	0.28353	0.	-0.33413	1.577e-006
16020	0.83809	0.	-0.10694	1.0744e-006
16025	-0.33434	0.	-0.30005	2.2581e-006
16026	-0.25624	0.	-0.23174	5.2826e-006
16032	-8.1217e-003	0.	-0.42843	-3.4119e-006
16037	-0.31438	0.	-0.67681	-1.9083e-007
16038	-0.39132	0.	-0.73496	-4.4428e-008
16045	-0.9341	0.	-0.90237	7.3127e-008
16049	-0.99586	0.	-0.79561	1.49e-007
16058	-0.98959	0.	-0.44057	5.404e-007
16059	-0.92927	0.	-0.45003	5.5342e-007
16063	-0.92892	0.	-0.51175	4.5795e-007
16079	-6.5473e-002	0.	-3.5461e-002	-9.5681e-004
16085	-0.18408	0.	-0.10677	7.0492e-005
16109	-0.45931	0.	-0.57733	1.8117e-007
16113	-0.20058	0.	-0.16918	1.9405e-005
11162	0.	0.	1.e-002	2.8552e-002
11163	0.	0.	0.	3.9917e-002
11166	-8.e-002	0.	1.e-002	2.217e-002
11167	-8.e-002	0.	0.	3.6787e-002
11175	-8.e-002	0.	1.5e-002	5.9484e-003
11177	0.	0.	1.5e-002	4.0679e-003
11255	1.	0.	0.	9.2586e-007
11305	-1.08	0.	0.	9.0794e-007
11322	0.90909	0.	0.	1.0101e-006
11323	0.81818	0.	0.	1.1708e-006
11324	0.72727	0.	0.	1.6315e-006
11325	0.63636	0.	0.	2.1311e-006
11326	0.54545	0.	0.	3.9135e-006
11327	0.45455	0.	0.	5.847e-006
11328	0.36364	0.	0.	1.2323e-005
11329	0.27273	0.	0.	2.4556e-005
11330	0.18182	0.	0.	9.9207e-005
11331	9.0909e-002	0.	0.	3.9829e-004
11332	-0.17091	0.	0.	3.5087e-004
11333	-0.26182	0.	0.	4.9871e-005
11334	-0.35273	0.	0.	1.8147e-005
11335	-0.44364	0.	0.	1.0794e-005
11336	-0.53455	0.	0.	6.9743e-006
11337	-0.62545	0.	0.	3.2924e-006
11338	-0.71636	0.	0.	2.2216e-006
11339	-0.80727	0.	0.	1.7349e-006
11340	-0.89818	0.	0.	1.1407e-006
11341	-0.98909	0.	0.	9.4324e-007
11388	-1.08	0.	1.015	2.2204e-008
11389	-1.08	0.	0.93042	4.6624e-008
11390	-1.08	0.	0.84583	1.0417e-007
11391	-1.08	0.	0.76125	1.7461e-007
11392	-1.08	0.	0.67667	2.6693e-007
11393	-1.08	0.	0.59208	3.3253e-007
11394	-1.08	0.	0.5075	4.284e-007
11395	-1.08	0.	0.42292	5.5825e-007
11396	-1.08	0.	0.33833	6.4906e-007
11397	-1.08	0.	0.25375	7.8131e-007
11398	-1.08	0.	0.16917	8.2017e-007
11399	-1.08	0.	8.4583e-002	8.9802e-007
11405	1.	0.	1.015	2.0417e-008
11406	0.90957	0.	1.015	2.4532e-008
11407	0.81913	0.	1.015	3.2217e-008
11408	0.7287	0.	1.015	3.429e-008
11409	0.63826	0.	1.015	1.8007e-008
11410	0.54783	0.	1.015	1.8308e-008
11411	0.45739	0.	1.015	1.8313e-008
11412	0.36696	0.	1.015	-1.507e-010
11413	0.27652	0.	1.015	-1.152e-008
11414	0.18609	0.	1.015	-4.032e-008
11415	9.5652e-002	0.	1.015	-4.5003e-008
11416	5.2174e-003	0.	1.015	-6.4055e-008
11417	-8.5217e-002	0.	1.015	-1.0111e-007
11418	-0.17565	0.	1.015	-5.2683e-008
11419	-0.26609	0.	1.015	-2.5685e-008
11420	-0.35652	0.	1.015	-1.7876e-008
11421	-0.44696	0.	1.015	-4.3452e-009
11422	-0.53739	0.	1.015	1.434e-008
11423	-0.62783	0.	1.015	1.6982e-008
11424	-0.71826	0.	1.015	2.3806e-008
11425	-0.8087	0.	1.015	3.2407e-008
11426	-0.89913	0.	1.015	3.4181e-008
11427	-0.98957	0.	1.015	3.0815e-008
11433	1.	0.	8.4583e-002	9.1222e-007
11434	1.	0.	0.16917	8.601e-007
11435	1.	0.	0.25375	7.6886e-007
11436	1.	0.	0.33833	6.4765e-007
11437	1.	0.	0.42292	5.8234e-007
11438	1.	0.	0.5075	4.439e-007
11439	1.	0.	0.59208	3.3646e-007
11440	1.	0.	0.67667	2.704e-007
11441	1.	0.	0.76125	1.8902e-007
11442	1.	0.	0.84583	1.0403e-007
11443	1.	0.	0.93042	4.1199e-008
11450	-4.e-002	0.	1.5e-002	-7.9866e-003
11451	-6.e-002	0.	1.5e-002	-5.1091e-003
11452	-2.e-002	0.	1.5e-002	-5.1834e-003
11459	4.5455e-002	0.	0.	1.4802e-003
11460	2.2727e-002	0.	0.	1.4348e-002
11461	-0.12545	0.	0.	1.6213e-003
11462	-0.10273	0.	0.	9.6212e-003
11469	4.7815e-002	0.	0.53316	-1.6245e-006
11470	-1.9173e-002	0.	0.36155	-6.321e-006
11471	0.52391	0.	0.51125	6.0491e-007
11472	-0.48955	0.	0.52654	4.5813e-007
11473	-5.4666e-003	0.	0.1914	-4.1963e-005
11474	-0.29199	0.	0.3597	1.5475e-007
11475	-0.78538	0.	0.59208	3.7016e-007
11476	-0.10926	0.	0.75355	-4.2282e-007
11477	0.26858	0.	0.42148	5.8217e-007
11478	0.25941	0.	0.73986	-1.4555e-007
11479	-0.7425	0.	0.32888	1.0848e-006
11480	0.76019	0.	0.36997	8.6691e-007
11481	0.783	0.	0.6221	3.0789e-007
11482	-0.50747	0.	0.32031	2.6675e-006
11483	-0.43554	0.	0.643	1.114e-007
11484	-0.20378	0.	0.50234	-1.4465e-006
11485	0.47767	0.	0.17042	3.9806e-006
11486	-7.0948e-002	0.	7.2292e-002	-5.9926e-004
11487	-3.0204e-002	0.	0.12892	-1.374e-004
11488	0.50278	0.	0.66031	3.1019e-007
11489	0.21232	0.	0.13121	2.2843e-005
11490	-0.71854	0.	0.73247	2.0314e-007
11491	0.13236	0.	0.74779	-3.1163e-007
11492	-0.17396	0.	0.18629	-4.3598e-006
11493	0.67823	0.	0.1275	1.7203e-006
11494	0.65925	0.	0.84289	8.8787e-008
11495	-0.35605	0.	0.84583	-6.9092e-008
11496	-0.89452	0.	0.78005	1.6869e-007
11497	-0.31397	0.	0.71292	-1.7594e-007
11498	-1.2464e-002	0.	7.0556e-002	-3.1153e-004
11499	0.10228	0.	9.2901e-002	9.2239e-005
11500	0.16196	0.	0.34495	-1.3007e-006
11501	-0.89624	0.	0.36389	7.5894e-007
11502	-0.91112	0.	0.21637	9.75e-007
11503	0.37911	0.	0.31418	2.5148e-006
11504	0.61981	0.	0.27646	1.6087e-006
11505	-0.33036	0.	9.9798e-002	2.0544e-005
11506	0.37003	0.	0.88023	-7.1111e-010
11507	-0.48531	0.	0.87903	2.4949e-008
11508	0.87095	0.	0.21361	8.6985e-007
11509	-0.12851	0.	0.29012	-7.9627e-006
11510	-0.56646	0.	0.16016	4.0912e-006
11511	-0.63274	0.	0.4077	9.6219e-007
11512	-0.14295	0.	0.62728	-7.3429e-007
11513	0.15918	0.	0.6187	-5.8525e-007
11514	0.39715	0.	0.58225	3.1131e-007
11515	-0.6069	0.	0.63524	2.835e-007
11516	-3.0652e-002	0.	0.64	-8.1084e-007
11517	-0.31413	0.	0.58127	-3.949e-007
11518	0.53788	0.	0.88699	5.7786e-008
11519	7.185e-002	0.	0.89549	-1.3917e-007
11520	-0.1036	0.	0.41653	-4.2954e-006
11521	-0.39317	0.	0.43441	5.5623e-007
11522	0.88042	0.	0.80385	1.3839e-007
11523	-0.76812	0.	0.44406	6.5657e-007
11524	-0.71622	0.	0.86251	7.0516e-008
11525	0.21928	0.	0.87225	-9.1623e-008
11526	0.33452	0.	0.15282	9.6579e-006
11527	-0.72686	0.	0.10565	1.9254e-006
11528	0.38723	0.	0.45943	6.9511e-007
11529	-0.40571	0.	0.20842	6.725e-006
11530	-0.12154	0.	0.12361	-2.2244e-005
11531	-7.8283e-002	0.	0.52791	-1.5396e-006
11532	0.89719	0.	0.57933	3.6315e-007
11533	1.7428e-002	0.	0.7508	-3.8598e-007
11534	-0.22448	0.	0.81183	-2.3557e-007
11535	0.64041	0.	0.43031	8.6146e-007
11536	0.1562	0.	0.4724	-1.0655e-006
11537	0.64664	0.	0.59657	3.9396e-007
11538	-0.13427	0.	0.89838	-1.3359e-007
11539	-0.61228	0.	0.78944	1.1122e-007
11540	-0.13143	0.	5.6278e-002	3.0536e-004
11541	0.38032	0.	0.71056	4.338e-008
11542	0.27924	0.	0.23279	6.38e-006
11543	0.28911	0.	0.61792	-6.8117e-008
11544	0.76196	0.	0.50937	5.9514e-007
11545	0.90302	0.	0.33615	6.8823e-007
11546	-0.91904	0.	0.65807	2.8417e-007
11547	-6.3099e-003	0.	0.26361	-1.343e-005
11548	-0.83862	0.	0.90843	6.3936e-008
11549	6.5936e-002	0.	0.41588	-2.864e-006
11550	3.5709e-002	0.	3.8746e-002	8.5161e-004
11551	0.19074	0.	0.24968	2.6087e-006
11552	-0.6768	0.	0.51988	5.2229e-007
11553	0.72946	0.	0.23354	1.254e-006
11554	-0.9827	0.	0.87143	1.0193e-007
11555	-0.40006	0.	0.33407	2.0564e-006
11556	-0.20998	0.	9.0974e-002	6.6019e-005
11557	-0.30245	0.	0.26953	2.7245e-006
11558	-4.098e-002	0.	0.84198	-2.1113e-007
11559	0.89619	0.	0.91064	7.2982e-008
11560	0.87817	0.	0.6943	2.4587e-007
11561	4.7423e-002	0.	0.15818	-1.0647e-005
11562	-0.43662	0.	9.0531e-002	1.0283e-005
11563	-9.8853e-002	0.	3.3537e-002	1.2898e-003
11564	0.11625	0.	0.18633	8.5903e-006
11565	-1.7529e-002	0.	0.45478	-2.957e-006
11566	-7.0007e-002	0.	3.4719e-002	-1.0874e-003
11567	0.53366	0.	0.34107	1.7852e-006
11568	-0.18384	0.	0.38056	-2.3164e-006
11569	6.4823e-002	0.	0.646	-6.8765e-007
11570	0.88706	0.	0.45421	5.2031e-007
11571	-7.0168e-003	0.	3.7939e-002	-4.2555e-004
11572	0.59339	0.	0.7524	1.4736e-007
11573	-0.26355	0.	0.92236	-5.754e-008
11574	0.23678	0.	0.53056	-7.7281e-008
11575	-4.0233e-002	0.	3.7764e-002	-4.109e-003
11576	-8.3465e-002	0.	0.19254	-3.0456e-005
11577	-0.79556	0.	0.80113	1.3615e-007
11578	-0.22074	0.	0.30616	-6.2984e-007
11579	-0.86025	0.	0.1083	1.2938e-006
11580	-0.9871	0.	0.14008	9.3904e-007
11581	-0.51236	0.	0.74065	4.5051e-008
11582	0.58517	0.	0.13079	2.5721e-006
11583	-0.30116	0.	0.46268	-3.5513e-007
11584	-0.99772	0.	0.30661	7.1819e-007
11585	0.89147	0.	9.4997e-002	1.0042e-006
11586	-0.98903	0.	0.49105	4.7258e-007
11587	0.74638	0.	0.74	1.8452e-007
11588	-0.82261	0.	0.71276	2.2598e-007
11589	-0.86822	0.	0.49288	5.3919e-007
11590	0.77617	0.	0.11141	1.2808e-006
11591	-0.61408	0.	0.92861	3.3274e-008
11592	6.317e-002	0.	0.32966	-4.7345e-006
11593	0.77043	0.	0.89255	8.9697e-008
11594	0.64817	0.	0.94253	4.0805e-008
11595	9.8662e-002	0.	0.2678	-5.3934e-006
11596	-0.49911	0.	0.41391	1.1107e-006
11597	-0.81281	0.	0.22654	1.1572e-006
11598	0.38608	0.	6.8308e-002	8.4307e-006
11599	-0.38564	0.	0.93258	-2.2989e-008
11600	-0.99978	0.	0.71543	2.2675e-007
11601	-0.38671	0.	0.52958	9.8738e-008
11602	0.47431	0.	0.78298	1.1704e-007
11603	-0.6967	0.	0.22731	1.9589e-006
11604	-0.20083	0.	0.71298	-4.0091e-007
11605	-0.27651	0.	0.18047	9.6795e-006
12689	0.	0.	5.e-003	3.4234e-002
12691	0.	0.	1.25e-002	1.631e-002
12694	1.1364e-002	0.	5.e-003	2.145e-002
12701	1.1364e-002	0.	0.	2.7132e-002
12715	-8.e-002	0.	5.e-003	2.9479e-002
12717	-8.e-002	0.	1.25e-002	1.4059e-002
12720	-9.1364e-002	0.	5.e-003	1.5896e-002
12728	-9.1364e-002	0.	0.	2.3204e-002
12781	-7.e-002	0.	1.5e-002	4.1968e-004
12782	-9.1364e-002	0.	7.5e-003	7.7848e-003
12783	-8.9427e-002	0.	2.4268e-002	3.6191e-003
12784	-7.5003e-002	0.	2.4859e-002	2.4305e-003
12798	-1.e-002	0.	1.5e-002	-5.5776e-004
12799	1.1364e-002	0.	7.5e-003	9.2078e-003
12800	1.7855e-002	0.	2.6873e-002	2.4598e-003
12801	-3.5084e-003	0.	2.6469e-002	1.8212e-003
13274	0.95455	0.	0.	9.6796e-007
13275	1.	0.	4.2292e-002	9.1904e-007
13547	-1.0345	0.	0.	9.2559e-007
13548	-1.08	0.	4.2292e-002	9.0298e-007
13645	0.86364	0.	0.	1.0904e-006
13646	0.95455	0.	4.2292e-002	9.6114e-007
13647	0.90028	0.	4.7498e-002	1.0071e-006
13654	0.77273	0.	0.	1.4011e-006
13655	0.85483	0.	4.7498e-002	1.0875e-006
13656	0.79717	0.	5.5703e-002	1.2258e-006
13661	0.68182	0.	0.	1.8813e-006
13662	0.70275	0.	6.375e-002	1.6759e-006
13663	0.75172	0.	5.5703e-002	1.4561e-006
13671	0.59091	0.	0.	3.0223e-006
13672	0.6573	0.	6.375e-002	1.9257e-006
13673	0.61077	0.	6.5395e-002	2.3516e-006
13677	0.5	0.	0.	4.8802e-006
13678	0.51156	0.	8.5208e-002	3.947e-006
13679	0.56531	0.	6.5395e-002	3.2428e-006
13687	0.40909	0.	0.	9.0852e-006
13688	0.46611	0.	8.5208e-002	4.9138e-006
13689	0.42031	0.	3.4154e-002	7.1388e-006
13695	0.31818	0.	0.	1.844e-005
13696	0.37486	0.	3.4154e-002	1.0377e-005
13703	0.22727	0.	0.	6.1882e-005
13704	0.24252	0.	6.5607e-002	2.37e-005
13705	0.30363	0.	7.6409e-002	1.7107e-005
13706	0.3294	0.	3.4154e-002	1.6494e-005
13713	0.13636	0.	0.	2.4875e-004
13714	0.19707	0.	6.5607e-002	6.1025e-005
13715	0.14205	0.	4.645e-002	9.5723e-005
13725	6.8182e-002	0.	0.	9.3925e-004
13726	9.6594e-002	0.	4.645e-002	2.4526e-004
13727	6.3309e-002	0.	1.9373e-002	6.2495e-004
13736	-0.21636	0.	0.	2.0037e-004
13737	-0.14818	0.	0.	9.8606e-004
13738	-0.15117	0.	2.8139e-002	3.2812e-004
13739	-0.19044	0.	4.5487e-002	2.0844e-004
13748	-0.30727	0.	0.	3.4009e-005
13749	-0.29609	0.	4.9899e-002	3.5208e-005
13750	-0.2359	0.	4.5487e-002	5.7945e-005
13758	-0.39818	0.	0.	1.4471e-005
13759	-0.34154	0.	4.9899e-002	1.9346e-005
13760	-0.39467	0.	4.5265e-002	1.4215e-005
13766	-0.48909	0.	0.	8.8844e-006
13767	-0.44013	0.	4.5265e-002	1.0539e-005
13774	-0.58	0.	0.	5.1333e-006
13775	-0.5505	0.	8.0078e-002	5.5327e-006
13776	-0.48558	0.	4.5265e-002	8.6287e-006
13782	-0.67091	0.	0.	2.757e-006
13783	-0.59596	0.	8.0078e-002	3.6918e-006
13784	-0.67616	0.	5.2827e-002	2.6089e-006
13792	-0.76182	0.	0.	1.9782e-006
13793	-0.72161	0.	5.2827e-002	2.0735e-006
13796	-0.85273	0.	0.	1.4378e-006
13797	-0.76706	0.	5.2827e-002	1.8301e-006
13798	-0.83376	0.	5.4151e-002	1.5144e-006
13803	-0.94364	0.	0.	1.042e-006
13804	-0.87922	0.	5.4151e-002	1.2173e-006
13805	-0.94264	0.	7.0038e-002	1.0399e-006
13813	-1.0345	0.	4.2292e-002	9.2063e-007
13814	-0.98809	0.	7.0038e-002	9.4114e-007
14053	-1.08	0.	0.97271	3.4414e-008
14055	-1.0348	0.	1.015	2.6509e-008
14056	-1.08	0.	0.88813	7.5399e-008
14058	-1.0348	0.	0.97271	3.872e-008
14059	-1.0314	0.	0.90092	7.4276e-008
14062	-1.08	0.	0.80354	1.3939e-007
14063	-1.0314	0.	0.85863	1.0305e-007
14066	-1.08	0.	0.71896	2.2077e-007
14067	-1.0314	0.	0.81634	1.3827e-007
14068	-1.0399	0.	0.73834	2.0068e-007
14072	-1.08	0.	0.63437	2.9973e-007
14073	-1.0399	0.	0.69605	2.4684e-007
14076	-1.08	0.	0.54979	3.8047e-007
14077	-0.99952	0.	0.62507	3.0835e-007
14078	-1.0345	0.	0.54157	4.0256e-007
14079	-1.0399	0.	0.65376	2.7964e-007
14081	-1.08	0.	0.46521	4.9332e-007
14082	-1.0345	0.	0.49928	4.5049e-007
14085	-1.08	0.	0.38063	6.0365e-007
14086	-1.0389	0.	0.36477	6.3822e-007
14087	-1.0345	0.	0.45698	5.1541e-007
14091	-1.08	0.	0.29604	7.1518e-007
14092	-1.0389	0.	0.32247	6.8362e-007
14096	-1.08	0.	0.21146	8.0074e-007
14097	-1.0335	0.	0.19691	8.6017e-007
14098	-1.0389	0.	0.28018	7.4975e-007
14101	-1.08	0.	0.12687	8.591e-007
14102	-1.0335	0.	0.15462	8.7961e-007
14106	-1.0335	0.	0.11233	9.1853e-007
14135	0.95478	0.	1.015	2.2475e-008
14137	1.	0.	0.97271	3.0808e-008
14139	0.86435	0.	1.015	2.8375e-008
14141	0.95478	0.	0.97271	3.2866e-008
14142	0.90288	0.	0.96282	4.8757e-008
14146	0.77391	0.	1.015	3.3254e-008
14147	0.85766	0.	0.96282	5.26e-008
14148	0.79478	0.	0.95377	6.0957e-008
14152	0.68348	0.	1.015	2.6149e-008
14153	0.74956	0.	0.95377	6.1993e-008
14154	0.68843	0.	0.97877	3.7548e-008
14159	0.59304	0.	1.015	1.8158e-008
14160	0.64322	0.	0.97877	2.9406e-008
14162	0.50261	0.	1.015	1.831e-008
14163	0.54285	0.	0.951	3.8047e-008
14164	0.598	0.	0.97877	2.9557e-008
14168	0.41217	0.	1.015	9.0811e-009
14169	0.41371	0.	0.94762	8.8009e-009
14170	0.49763	0.	0.951	3.805e-008
14175	0.32174	0.	1.015	-5.8355e-009
14176	0.36849	0.	0.94762	-4.309e-010
14179	0.2313	0.	1.015	-2.592e-008
14180	0.32328	0.	0.94762	-6.1157e-009
14181	0.2479	0.	0.94362	-5.1572e-008
14183	0.14087	0.	1.015	-4.2662e-008
14184	0.12897	0.	0.95524	-8.9744e-008
14185	0.20269	0.	0.94362	-6.5972e-008
14189	5.0435e-002	0.	1.015	-5.4529e-008
14190	8.3751e-002	0.	0.95524	-9.2086e-008
14194	-4.e-002	0.	1.015	-8.2584e-008
14195	3.8534e-002	0.	0.95524	-1.0161e-007
14196	-1.7881e-002	0.	0.92849	-1.3759e-007
14198	-0.13043	0.	1.015	-7.6898e-008
14199	-0.10974	0.	0.95669	-1.1735e-007
14200	-6.3099e-002	0.	0.92849	-1.5612e-007
14204	-0.22087	0.	1.015	-3.9184e-008
14205	-0.15496	0.	0.95669	-9.3134e-008
14206	-0.2196	0.	0.96868	-5.5111e-008
14210	-0.3113	0.	1.015	-2.178e-008
14211	-0.26482	0.	0.96868	-4.1612e-008
14213	-0.40174	0.	1.015	-1.111e-008
14214	-0.31004	0.	0.96868	-3.7708e-008
14215	-0.37108	0.	0.97379	-2.0432e-008
14219	-0.49217	0.	1.015	4.9974e-009
14220	-0.46613	0.	0.94702	1.0302e-008
14221	-0.4163	0.	0.97379	-1.3667e-008
14225	-0.58261	0.	1.015	1.5661e-008
14226	-0.51135	0.	0.94702	1.9645e-008
14227	-0.57574	0.	0.97181	2.3807e-008
14230	-0.67304	0.	1.015	2.0394e-008
14231	-0.62095	0.	0.97181	2.5128e-008
14236	-0.76348	0.	1.015	2.8107e-008
14237	-0.71724	0.	0.93876	4.7161e-008
14238	-0.66617	0.	0.97181	2.854e-008
14240	-0.85391	0.	1.015	3.3294e-008
14241	-0.76246	0.	0.93876	5.1462e-008
14242	-0.82366	0.	0.96171	4.8172e-008
14246	-0.94435	0.	1.015	3.2498e-008
14247	-0.86887	0.	0.96171	4.9059e-008
14248	-0.94092	0.	0.94321	6.8054e-008
14251	-0.98613	0.	0.94321	6.6371e-008
14278	1.	0.	0.12687	8.8616e-007
14279	0.94574	0.	8.979e-002	9.5822e-007
14283	1.	0.	0.21146	8.1448e-007
14284	0.93548	0.	0.19139	8.6498e-007
14285	0.94574	0.	0.13208	9.3217e-007
14289	1.	0.	0.29604	7.0826e-007
14290	0.93548	0.	0.23368	8.1936e-007
14291	0.95151	0.	0.29495	7.2855e-007
14295	1.	0.	0.38063	6.15e-007
14296	0.95151	0.	0.33724	6.6794e-007
14300	1.	0.	0.46521	5.1312e-007
14301	0.95151	0.	0.37954	6.3529e-007
14302	0.94353	0.	0.43856	5.5132e-007
14305	1.	0.	0.54979	3.9018e-007
14306	0.94859	0.	0.54341	4.0353e-007
14307	0.94353	0.	0.48085	4.8211e-007
14310	1.	0.	0.63437	3.0343e-007
14311	0.94859	0.	0.58571	3.4981e-007
14314	1.	0.	0.71896	2.2971e-007
14315	0.94859	0.	0.628	3.1678e-007
14316	0.93908	0.	0.68548	2.5814e-007
14318	1.	0.	0.80354	1.4653e-007
14319	0.94021	0.	0.78255	1.6371e-007
14320	0.93908	0.	0.72778	2.1744e-007
14324	1.	0.	0.88813	7.2615e-008
14325	0.94021	0.	0.82484	1.2121e-007
14326	0.94809	0.	0.87824	8.8507e-008
14329	0.94809	0.	0.92053	5.7091e-008
14368	-5.e-002	0.	1.5e-002	-6.5478e-003
14369	-3.e-002	0.	1.5e-002	-6.585e-003
14371	-4.0117e-002	0.	2.6382e-002	-6.0478e-003
14374	-6.5003e-002	0.	2.4859e-002	-3.0982e-003
14375	-5.0117e-002	0.	2.6382e-002	-4.609e-003
14380	-1.3508e-002	0.	2.6469e-002	-2.8045e-003
14381	-3.0117e-002	0.	2.6382e-002	-4.6462e-003
14431	3.4091e-002	0.	0.	7.914e-003
14432	4.0582e-002	0.	1.9373e-002	1.1659e-003
14440	2.9218e-002	0.	1.9373e-002	7.5997e-003
14445	-0.11409	0.	0.	5.6212e-003
14446	-0.12844	0.	2.8139e-002	9.6331e-004
14447	-0.11215	0.	1.6768e-002	1.4555e-003
14455	-0.10079	0.	1.6768e-002	5.4555e-003
14481	0.1035	0.	0.57593	-1.1049e-006
14482	8.5814e-003	0.	0.58658	-1.2177e-006
14483	-1.5234e-002	0.	0.53053	-1.5821e-006
14484	0.10201	0.	0.50278	-1.345e-006
14485	5.6876e-002	0.	0.47452	-2.2443e-006
14486	1.5143e-002	0.	0.49397	-2.2908e-006
14487	5.6319e-002	0.	0.58958	-1.1561e-006
14491	-7.3842e-002	0.	0.32583	-7.1419e-006
14492	-6.1388e-002	0.	0.38904	-5.3082e-006
14493	-1.2741e-002	0.	0.31258	-9.8754e-006
14494	2.3382e-002	0.	0.38872	-4.5925e-006
14495	-1.8351e-002	0.	0.40816	-4.639e-006
14496	2.1999e-002	0.	0.3456	-5.5277e-006
14500	0.51335	0.	0.58578	4.5755e-007
14501	0.46053	0.	0.54675	4.5811e-007
14502	0.45557	0.	0.48534	6.5001e-007
14503	0.58216	0.	0.47078	7.3319e-007
14504	0.58528	0.	0.55391	4.9943e-007
14505	0.52879	0.	0.42616	1.195e-006
14509	-0.46254	0.	0.58477	2.8476e-007
14510	-0.56115	0.	0.46712	7.1016e-007
14511	-0.54823	0.	0.58089	3.7082e-007
14512	-0.44136	0.	0.48047	5.0718e-007
14513	-0.58318	0.	0.52321	4.9021e-007
14514	-0.49433	0.	0.47022	7.8442e-007
14515	-0.43813	0.	0.52806	2.7844e-007
14519	-1.7835e-002	0.	0.16016	-8.968e-005
14520	-5.8883e-003	0.	0.22751	-2.7696e-005
14521	2.0978e-002	0.	0.17479	-2.6305e-005
14522	-4.4466e-002	0.	0.19197	-3.621e-005
14523	4.6597e-002	0.	0.2296	-2.3678e-005
14529	-0.34258	0.	0.39705	3.5549e-007
14530	-0.34603	0.	0.34688	1.1056e-006
14531	-0.29722	0.	0.31462	1.4396e-006
14532	-0.23792	0.	0.37013	-1.0808e-006
14533	-0.25637	0.	0.33293	-2.3755e-007
14534	-0.29658	0.	0.41119	-1.0019e-007
14536	-0.75196	0.	0.66228	2.8665e-007
14537	-0.69614	0.	0.61366	3.2683e-007
14538	-0.77675	0.	0.51807	5.1337e-007
14539	-0.85221	0.	0.62507	3.2717e-007
14540	-0.73109	0.	0.55598	4.4623e-007
14541	-0.80399	0.	0.65242	2.9807e-007
14542	-0.8268	0.	0.54248	4.5468e-007
14547	-0.12611	0.	0.69042	-5.7856e-007
14548	-6.9958e-002	0.	0.69678	-6.1683e-007
14549	-4.5918e-002	0.	0.75218	-4.044e-007
14550	-0.16687	0.	0.78269	-3.292e-007
14551	-0.12177	0.	0.82596	-2.782e-007
14552	-7.5122e-002	0.	0.79777	-3.1697e-007
14553	-0.15505	0.	0.73327	-4.1187e-007
14557	0.21527	0.	0.38322	-3.5926e-007
14558	0.32385	0.	0.36783	1.5485e-006
14559	0.32791	0.	0.44045	6.3864e-007
14560	0.21239	0.	0.44694	-2.4168e-007
14561	0.27391	0.	0.32713	3.4811e-006
14562	0.22966	0.	0.33558	1.5954e-006
14563	0.25268	0.	0.47602	2.5244e-007
14567	0.19589	0.	0.74382	-2.2859e-007
14568	0.31472	0.	0.81005	-7.3131e-008
14569	0.2093	0.	0.67928	-3.654e-007
14570	0.23935	0.	0.80605	-1.1859e-007
14571	0.31986	0.	0.72521	-5.1086e-008
14572	0.27426	0.	0.67889	-1.0683e-007
14576	-0.81937	0.	0.34639	9.2185e-007
14577	-0.68762	0.	0.36829	1.0235e-006
14578	-0.75531	0.	0.38647	8.7067e-007
14579	-0.77766	0.	0.27771	1.121e-006
14580	-0.7196	0.	0.2781	1.5218e-006
14583	0.69	0.	0.32321	1.2378e-006
14584	0.81557	0.	0.29179	8.6838e-007
14585	0.7003	0.	0.40014	8.6419e-007
14586	0.76107	0.	0.43967	7.3103e-007
14587	0.83161	0.	0.35306	7.7757e-007
14588	0.74483	0.	0.30176	1.0604e-006
14589	0.82363	0.	0.41209	6.9361e-007
14594	0.84009	0.	0.60072	3.3552e-007
14595	0.71482	0.	0.60934	3.5092e-007
14596	0.77248	0.	0.56574	4.5151e-007
14597	0.83058	0.	0.6582	2.7688e-007
14598	0.76469	0.	0.68105	2.4621e-007
14602	-0.53697	0.	0.24023	3.3793e-006
14603	-0.57011	0.	0.364	1.8148e-006
14604	-0.45659	0.	0.26437	4.6962e-006
14605	-0.45376	0.	0.32719	2.3619e-006
14606	-0.50329	0.	0.36711	1.8891e-006
14607	-0.60209	0.	0.27381	2.3132e-006
14612	-0.37476	0.	0.67796	-3.227e-008
14613	-0.52122	0.	0.63912	1.9745e-007
14614	-0.37484	0.	0.61213	-1.4175e-007
14615	-0.47395	0.	0.69183	7.8223e-008
14616	-0.41112	0.	0.58629	1.0507e-007
14621	-0.17336	0.	0.56481	-1.0904e-006
14622	-0.25896	0.	0.5418	-9.207e-007
14623	-0.15369	0.	0.45943	-2.8709e-006
14624	-0.14103	0.	0.51512	-1.4931e-006
14625	-0.19381	0.	0.44145	-1.8815e-006
14626	-0.25247	0.	0.48251	-9.0081e-007
14632	0.42839	0.	0.2423	3.2477e-006
14633	0.54874	0.	0.22344	2.7946e-006
14634	0.4061	0.	0.16162	6.8192e-006
14635	0.50567	0.	0.25574	2.8829e-006
14636	0.53142	0.	0.1506	3.2763e-006
14637	0.43188	0.	0.11936	6.2056e-006
14641	-5.0576e-002	0.	0.1006	-3.6833e-004
14642	-4.1706e-002	0.	7.1424e-002	-4.554e-004
14643	-9.6243e-002	0.	9.7951e-002	-3.1075e-004
14644	-0.10119	0.	6.4285e-002	-1.4695e-004
14645	-8.49e-002	0.	5.2914e-002	3.4525e-004
14646	-7.0477e-002	0.	5.3505e-002	-8.4333e-004
14647	-5.5591e-002	0.	5.5028e-002	-2.3541e-003
14653	-2.1334e-002	0.	9.9736e-002	-2.2446e-004
14654	-7.5871e-002	0.	0.12626	-7.982e-005
14655	8.6092e-003	0.	0.14355	-7.4022e-005
14656	-5.6835e-002	0.	0.16073	-8.3927e-005
14662	0.44997	0.	0.62128	3.1075e-007
14663	0.57471	0.	0.62844	3.5207e-007
14664	0.44155	0.	0.68543	1.7678e-007
14665	0.54809	0.	0.70635	2.2878e-007
14666	0.48855	0.	0.72164	2.1361e-007
14670	0.1573	0.	0.11206	5.7541e-005
14671	0.27342	0.	0.14202	1.6251e-005
14672	0.24578	0.	0.182	1.4612e-005
14673	0.20153	0.	0.19045	1.2726e-005
14674	0.16428	0.	0.15877	1.5717e-005
14679	-0.66272	0.	0.68385	2.4332e-007
14680	-0.71738	0.	0.79749	1.3683e-007
14681	-0.66541	0.	0.76096	1.5718e-007
14682	-0.75705	0.	0.7668	1.6964e-007
14683	-0.77057	0.	0.72261	2.1456e-007
14687	0.14577	0.	0.68324	-4.4844e-007
14688	0.10211	0.	0.82164	-2.254e-007
14689	0.17582	0.	0.81002	-2.0163e-007
14690	7.4895e-002	0.	0.7493	-3.488e-007
14691	9.8593e-002	0.	0.6969	-4.9964e-007
14693	-0.15123	0.	0.2382	-6.1613e-006
14694	-0.14775	0.	0.15495	-1.3302e-005
14695	-0.19197	0.	0.13863	3.083e-005
14696	-0.12871	0.	0.18942	-1.7408e-005
14697	-0.19735	0.	0.24622	-2.4948e-006
14698	-0.22523	0.	0.18338	2.6598e-006
14702	0.64902	0.	0.20198	1.6645e-006
14703	0.70385	0.	0.18052	1.4872e-006
14704	0.6317	0.	0.12915	2.1462e-006
14705	0.7272	0.	0.11945	1.5006e-006
14707	0.59856	0.	0.86494	7.3286e-008
14708	0.62632	0.	0.79764	1.1808e-007
14709	0.70281	0.	0.79145	1.3665e-007
14710	0.71484	0.	0.86772	8.9242e-008
14711	0.65371	0.	0.89271	6.4796e-008
14714	-0.33501	0.	0.77938	-1.2251e-007
14715	-0.42068	0.	0.86243	-2.2071e-008
14716	-0.29026	0.	0.82883	-1.5233e-007
14717	-0.3098	0.	0.8841	-6.3316e-008
14718	-0.4342	0.	0.79324	-1.2021e-008
14719	-0.37084	0.	0.8892	-4.604e-008
14725	-0.90678	0.	0.71906	2.2643e-007
14726	-0.86657	0.	0.84424	1.1631e-007
14727	-0.93861	0.	0.82574	1.3531e-007
14728	-0.84504	0.	0.79059	1.5242e-007
14729	-0.85856	0.	0.7464	1.9733e-007
14730	-0.94715	0.	0.74774	1.9772e-007
14734	-0.31405	0.	0.6471	-2.8542e-007
14735	-0.26923	0.	0.76238	-2.0575e-007
14736	-0.41317	0.	0.72679	-6.5443e-008
14737	-0.2574	0.	0.71295	-2.8842e-007
14743	1.1623e-002	0.	5.4651e-002	2.7004e-004
14744	1.7479e-002	0.	0.11437	-1.6109e-004
14745	-9.7403e-003	0.	5.4247e-002	-3.6854e-004
14746	-2.6349e-002	0.	5.416e-002	-2.2103e-003
14752	6.8994e-002	0.	6.5823e-002	4.7192e-004
14753	7.485e-002	0.	0.12554	4.0796e-005
14754	0.10926	0.	0.13962	5.0414e-005
14759	0.15908	0.	0.40867	-1.1831e-006
14760	0.11395	0.	0.38042	-2.0823e-006
14761	0.17635	0.	0.29732	6.5399e-007
14762	0.11257	0.	0.3373	-3.0176e-006
14763	0.13031	0.	0.30638	-3.347e-006
14766	-0.90368	0.	0.29013	8.6697e-007
14767	-0.83218	0.	0.40398	7.0776e-007
14768	-0.94698	0.	0.33525	7.3857e-007
14769	-0.94264	0.	0.42747	6.1576e-007
14770	-0.88223	0.	0.42838	6.4907e-007
14771	-0.85453	0.	0.29522	9.5809e-007
14775	-0.88569	0.	0.16234	1.1344e-006
14776	-0.94911	0.	0.17822	9.5702e-007
14777	-0.95442	0.	0.26149	8.4659e-007
14778	-0.86197	0.	0.22146	1.0661e-006
14781	0.35682	0.	0.2335	6.0864e-006
14782	0.38317	0.	0.3868	1.605e-006
14783	0.32917	0.	0.27348	4.4474e-006
14784	0.45639	0.	0.32762	2.15e-006
14789	0.63011	0.	0.35339	1.2351e-006
14790	0.67464	0.	0.255	1.4314e-006
14791	0.57674	0.	0.30876	1.6969e-006
14792	0.60249	0.	0.20362	2.0904e-006
14796	-0.36804	0.	0.15411	1.3635e-005
14797	-0.27017	0.	9.5386e-002	4.3282e-005
14798	-0.38349	0.	9.5164e-002	1.5414e-005
14799	-0.30344	0.	0.14013	1.5112e-005
14804	0.45395	0.	0.88361	2.8537e-008
14805	0.29466	0.	0.87624	-4.6167e-008
14806	0.37517	0.	0.7954	2.1334e-008
14807	0.42217	0.	0.83161	5.8166e-008
14812	-0.54879	0.	0.83424	6.8086e-008
14813	-0.49883	0.	0.80984	3.5e-008
14814	-0.5497	0.	0.90382	2.9112e-008
14815	-0.43547	0.	0.9058	9.8035e-010
14820	0.88699	0.	0.27488	7.7904e-007
14821	0.80021	0.	0.22358	1.0619e-006
14822	0.88121	0.	0.1543	9.3704e-007
14823	0.82356	0.	0.16251	1.0753e-006
14829	-0.11606	0.	0.35332	-6.1291e-006
14830	-6.7411e-002	0.	0.27686	-1.0696e-005
14831	-0.15617	0.	0.33534	-5.1396e-006
14832	-0.10599	0.	0.24133	-1.921e-005
14833	-0.17463	0.	0.29814	-4.2963e-006
14837	-0.64666	0.	0.1329	3.0083e-006
14838	-0.48609	0.	0.18429	5.4081e-006
14839	-0.50154	0.	0.12534	7.1872e-006
14840	-0.63158	0.	0.19374	3.0251e-006
14845	-0.70043	0.	0.42588	8.0938e-007
14846	-0.65477	0.	0.46379	7.4224e-007
14847	-0.56593	0.	0.4108	1.0364e-006
14848	-0.66472	0.	0.31751	1.4605e-006
14855	-8.68e-002	0.	0.63364	-7.7257e-007
14856	-0.22854	0.	0.60428	-5.646e-007
14857	-0.11062	0.	0.57759	-1.137e-006
14858	-0.17189	0.	0.67013	-5.676e-007
14861	0.15769	0.	0.54555	-8.2539e-007
14862	0.22415	0.	0.61831	-3.2668e-007
14863	0.112	0.	0.63235	-6.3645e-007
14864	0.19798	0.	0.57463	-3.3126e-007
14871	0.39219	0.	0.52084	5.0321e-007
14872	0.38873	0.	0.6464	1.7734e-007
14873	0.34313	0.	0.60008	1.216e-007
14874	0.31697	0.	0.5564	1.1701e-007
14879	-0.60959	0.	0.71234	1.9736e-007
14880	-0.64185	0.	0.57756	4.029e-007
14881	-0.55963	0.	0.68795	1.6427e-007
14885	-5.4468e-002	0.	0.58395	-1.1752e-006
14886	-6.6123e-003	0.	0.6954	-5.9841e-007
14887	1.7086e-002	0.	0.643	-7.4924e-007
14891	-0.30765	0.	0.52198	-3.7502e-007
14892	-0.35042	0.	0.55542	-1.4808e-007
14893	-0.25748	0.	0.64713	-3.9791e-007
14897	0.56563	0.	0.8197	1.0258e-007
14898	0.59302	0.	0.91476	4.9296e-008
14899	0.5061	0.	0.83499	8.7415e-008
14902	0.14557	0.	0.88387	-1.154e-007
14903	4.4639e-002	0.	0.82314	-2.6257e-007
14904	1.5435e-002	0.	0.86873	-1.7515e-007
14909	-9.0943e-002	0.	0.47222	-2.9175e-006
14910	-6.0566e-002	0.	0.43565	-3.6262e-006
14911	-0.14372	0.	0.39854	-3.3059e-006
14915	-0.39661	0.	0.38424	1.3063e-006
14916	-0.34716	0.	0.44854	1.0055e-007
14917	-0.44614	0.	0.42416	8.3347e-007
14918	-0.38994	0.	0.48199	3.2748e-007
14921	0.8883	0.	0.85724	1.0569e-007
14922	0.87929	0.	0.74908	1.9213e-007
14923	0.8134	0.	0.77192	1.6146e-007
14924	0.82542	0.	0.8482	1.1404e-007
14930	-0.72246	0.	0.48197	5.8943e-007
14931	-0.81817	0.	0.46847	5.9788e-007
14934	-0.66425	0.	0.82598	9.0869e-008
14935	-0.77742	0.	0.88547	6.7226e-008
14936	-0.75589	0.	0.83182	1.0333e-007
14937	-0.66515	0.	0.89556	5.1895e-008
14947	0.30688	0.	0.1928	8.0189e-006
14948	0.3603	0.	0.11056	9.0443e-006
14951	-0.79355	0.	0.10698	1.6096e-006
14952	-0.76984	0.	0.1661	1.5413e-006
14953	-0.71178	0.	0.16648	1.9422e-006
14959	0.46045	0.	0.40025	1.2401e-006
14960	0.312	0.	0.49499	3.0891e-007
14965	-0.40288	0.	0.27125	4.3907e-006
14966	-0.35408	0.	0.23898	4.7247e-006
14967	-0.42116	0.	0.14947	8.5041e-006
14968	-0.34111	0.	0.19444	8.2022e-006
14973	-0.12648	0.	8.9945e-002	1.4156e-004
14974	-0.16576	0.	0.10729	2.1888e-005
14975	-0.1025	0.	0.15808	-2.635e-005
14980	-4.7906e-002	0.	0.49134	-2.2483e-006
14985	0.82957	0.	0.54435	4.7915e-007
14986	0.88768	0.	0.63682	3.0451e-007
14987	0.89212	0.	0.51677	4.4173e-007
14991	-1.1776e-002	0.	0.79639	-2.9855e-007
14992	4.1125e-002	0.	0.6984	-5.3681e-007
14996	-0.17937	0.	0.8551	-1.8458e-007
14997	-0.24401	0.	0.8671	-1.4655e-007
14998	-0.21265	0.	0.76241	-3.1824e-007
15003	0.64353	0.	0.51344	6.2771e-007
15004	0.70118	0.	0.46984	7.283e-007
15005	0.58704	0.	0.38569	1.3233e-006
15009	0.11107	0.	0.44414	-1.9648e-006
15010	0.19649	0.	0.50148	-5.7141e-007
15015	0.7043	0.	0.55297	4.9455e-007
15016	0.62001	0.	0.67448	2.7066e-007
15017	0.69651	0.	0.66828	2.8924e-007
15021	-8.7624e-002	0.	0.87018	-1.7236e-007
15022	-0.19891	0.	0.91037	-9.5563e-008
15026	-0.56232	0.	0.76505	7.8136e-008
15027	-0.61318	0.	0.85903	7.2248e-008
15031	-0.1707	0.	7.3626e-002	1.8569e-004
15032	-0.11514	0.	4.4907e-002	7.9756e-004
15037	0.33471	0.	0.66424	-1.2369e-008
15038	0.42731	0.	0.74677	8.0212e-008
15043	0.23499	0.	0.24124	4.4943e-006
15048	0.26294	0.	0.57424	-7.2699e-008
15052	0.82451	0.	0.48179	5.5773e-007
15057	0.89504	0.	0.39518	6.0427e-007
15060	-0.95403	0.	0.57456	3.7838e-007
15061	-0.87082	0.	0.68541	2.5508e-007
15062	-0.89363	0.	0.57547	4.1168e-007
15063	-0.95941	0.	0.68675	2.5546e-007
15069	-4.4888e-002	0.	0.22807	-2.1943e-005
15070	2.843e-002	0.	0.29663	-9.0821e-006
15071	4.6176e-002	0.	0.2657	-9.4116e-006
15075	-0.91066	0.	0.88993	8.2932e-008
15076	-0.81709	0.	0.85478	1.0004e-007
15081	2.4204e-002	0.	0.43533	-2.9105e-006
15082	6.4553e-002	0.	0.37277	-3.7992e-006
15086	4.1566e-002	0.	9.8461e-002	4.2048e-004
15087	1.4346e-002	0.	3.8342e-002	2.1303e-004
15094	0.15349	0.	0.21801	5.5995e-006
15095	0.1447	0.	0.25874	-1.3924e-006
15102	0.75281	0.	0.17247	1.2674e-006
15106	-0.99124	0.	0.79343	1.6434e-007
15113	-0.35125	0.	0.3018	2.3904e-006
15114	-0.44959	0.	0.37399	1.5835e-006
15119	-0.24325	0.	0.13572	3.7849e-005
15124	-0.2616	0.	0.28785	1.0473e-006
15125	-0.28948	0.	0.225	6.202e-006
15132	0.83331	0.	0.90159	8.134e-008
15138	0.81227	0.	0.71715	2.152e-007
15143	8.1835e-002	0.	0.17225	-1.0286e-006
15144	7.3042e-002	0.	0.21299	-8.0204e-006
15151	-8.443e-002	0.	3.4128e-002	1.0118e-004
15155	0.10745	0.	0.22707	1.5984e-006
15160	-5.512e-002	0.	3.6241e-002	-2.5982e-003
15171	-0.20229	0.	0.34336	-1.4731e-006
15172	-0.2425	0.	0.42162	-1.3358e-006
15183	-2.3625e-002	0.	3.7852e-002	-2.2673e-003
15189	0.66988	0.	0.7462	1.6594e-007
15190	0.53385	0.	0.76769	1.322e-007
15196	-0.32459	0.	0.92747	-4.0264e-008
15209	-0.80909	0.	0.75695	1.8106e-007
15214	-0.24863	0.	0.24331	4.5248e-006
15219	-0.92368	0.	0.12419	1.1164e-006
15220	-0.83653	0.	0.16742	1.2255e-006
15223	-0.99241	0.	0.22334	8.2862e-007
15235	-0.34393	0.	0.49613	-1.282e-007
15239	-0.99337	0.	0.39883	5.9539e-007
15243	0.83382	0.	0.1032	1.1425e-006
15248	-0.92862	0.	0.49196	5.0589e-007
15253	0.7584	0.	0.81627	1.3711e-007
15270	8.0916e-002	0.	0.29873	-5.0639e-006
15272	0.7093	0.	0.91754	6.5251e-008
15286	-0.75476	0.	0.22693	1.5581e-006
