Node Number	X Location (m)	Y Location (m)	Z Location (m)	Directional Magnetic Flux Density (T)
9	-0.16	0.	2.e-002	0.13234
10	-0.13714	0.	2.e-002	0.27999
11	-0.11429	0.	2.e-002	0.41902
12	-9.1429e-002	0.	2.e-002	0.46315
13	-6.8571e-002	0.	2.e-002	0.46449
14	-4.5714e-002	0.	2.e-002	0.42015
15	0.	0.	2.e-002	0.15232
16	-2.2857e-002	0.	2.e-002	0.30087
59	-2.2857e-002	0.	-2.e-002	0.28714
60	0.	0.	-2.e-002	0.12863
61	-4.5714e-002	0.	-2.e-002	0.40346
62	-6.8571e-002	0.	-2.e-002	0.45951
63	-9.1429e-002	0.	-2.e-002	0.46071
64	-0.11429	0.	-2.e-002	0.40523
65	-0.13714	0.	-2.e-002	0.29418
66	-0.16	0.	-2.e-002	0.16692
385	0.	0.	0.	0.14543
386	-0.16	0.	0.	0.13659
1875	-0.14857	0.	2.e-002	0.20616
1877	-0.16	0.	1.e-002	0.13446
1883	-0.12571	0.	2.e-002	0.3495
1885	-0.12571	0.	0.	0.34261
1886	-0.13714	0.	0.	0.28708
1887	-0.14857	0.	1.e-002	0.20829
1892	-0.10286	0.	2.e-002	0.44109
1894	-0.10286	0.	0.	0.43987
1895	-0.11429	0.	0.	0.41213
1898	-8.e-002	0.	2.e-002	0.46382
1900	-9.1429e-002	0.	0.	0.46193
1903	-5.7143e-002	0.	2.e-002	0.44232
1905	-6.8571e-002	0.	0.	0.462
1906	-8.e-002	0.	0.	0.4626
1909	-3.4286e-002	0.	2.e-002	0.36051
1911	-4.5714e-002	0.	0.	0.4118
1912	-5.7143e-002	0.	0.	0.43983
1915	-1.1429e-002	0.	2.e-002	0.22659
1917	0.	0.	1.e-002	0.14887
1922	-2.2857e-002	0.	0.	0.294
1923	-3.4286e-002	0.	0.	0.35216
1924	-1.1429e-002	0.	1.e-002	0.22315
2152	-1.1429e-002	0.	-2.e-002	0.20789
2153	-3.4286e-002	0.	-2.e-002	0.3453
2155	-1.1429e-002	0.	-1.e-002	0.21629
2160	0.	0.	-1.e-002	0.13703
2165	-5.7143e-002	0.	-2.e-002	0.43149
2169	-8.e-002	0.	-2.e-002	0.46011
2173	-0.10286	0.	-2.e-002	0.43297
2177	-0.12571	0.	-2.e-002	0.34971
2181	-0.14857	0.	-2.e-002	0.23055
2183	-0.14857	0.	-1.e-002	0.21538
2188	-0.16	0.	-1.e-002	0.15175
1	0.	0.	3.e-002	1.0143e-002
2	-2.2857e-002	0.	3.e-002	-1.5996e-003
3	-4.5714e-002	0.	3.e-002	-1.25e-002
4	-6.8571e-002	0.	3.e-002	-1.209e-002
5	-9.1429e-002	0.	3.e-002	-1.2075e-002
6	-0.11429	0.	3.e-002	-1.2491e-002
7	-0.13714	0.	3.e-002	-9.329e-004
8	-0.16	0.	3.e-002	1.1488e-002
9	-0.16	0.	2.e-002	1.1488e-002
10	-0.13714	0.	2.e-002	-9.329e-004
11	-0.11429	0.	2.e-002	-1.2491e-002
12	-9.1429e-002	0.	2.e-002	-1.2075e-002
13	-6.8571e-002	0.	2.e-002	-1.209e-002
14	-4.5714e-002	0.	2.e-002	-1.25e-002
15	0.	0.	2.e-002	1.0143e-002
16	-2.2857e-002	0.	2.e-002	-1.5996e-003
59	-2.2857e-002	0.	-2.e-002	-1.8027e-003
60	0.	0.	-2.e-002	9.279e-003
61	-4.5714e-002	0.	-2.e-002	-1.224e-002
62	-6.8571e-002	0.	-2.e-002	-1.1966e-002
63	-9.1429e-002	0.	-2.e-002	-1.2138e-002
64	-0.11429	0.	-2.e-002	-1.2645e-002
65	-0.13714	0.	-2.e-002	-1.7277e-003
66	-0.16	0.	-2.e-002	9.8966e-003
131	-0.13714	0.	-3.e-002	-1.7277e-003
132	-0.16	0.	-3.e-002	9.8966e-003
133	-0.11429	0.	-3.e-002	-1.2645e-002
134	-9.1429e-002	0.	-3.e-002	-1.2138e-002
135	-6.8571e-002	0.	-3.e-002	-1.1966e-002
136	-4.5714e-002	0.	-3.e-002	-1.224e-002
137	-2.2857e-002	0.	-3.e-002	-1.8027e-003
138	0.	0.	-3.e-002	9.279e-003
1815	-1.1429e-002	0.	3.e-002	4.2715e-003
1816	0.	0.	2.5e-002	1.0143e-002
1825	-3.4286e-002	0.	3.e-002	-7.0497e-003
1826	-2.2857e-002	0.	2.5e-002	-1.5996e-003
1833	-5.7143e-002	0.	3.e-002	-1.2295e-002
1834	-4.5714e-002	0.	2.5e-002	-1.25e-002
1842	-8.e-002	0.	3.e-002	-1.2082e-002
1843	-6.8571e-002	0.	2.5e-002	-1.209e-002
1847	-0.10286	0.	3.e-002	-1.2283e-002
1848	-9.1429e-002	0.	2.5e-002	-1.2075e-002
1853	-0.12571	0.	3.e-002	-6.7118e-003
1854	-0.11429	0.	2.5e-002	-1.2491e-002
1860	-0.14857	0.	3.e-002	5.2777e-003
1861	-0.13714	0.	2.5e-002	-9.329e-004
1866	-0.16	0.	2.5e-002	1.1488e-002
1875	-0.14857	0.	2.e-002	5.2777e-003
1883	-0.12571	0.	2.e-002	-6.7118e-003
1892	-0.10286	0.	2.e-002	-1.2283e-002
1898	-8.e-002	0.	2.e-002	-1.2082e-002
1903	-5.7143e-002	0.	2.e-002	-1.2295e-002
1909	-3.4286e-002	0.	2.e-002	-7.0497e-003
1915	-1.1429e-002	0.	2.e-002	4.2715e-003
2152	-1.1429e-002	0.	-2.e-002	3.7381e-003
2153	-3.4286e-002	0.	-2.e-002	-7.0211e-003
2154	-2.2857e-002	0.	-2.5e-002	-1.8027e-003
2159	0.	0.	-2.5e-002	9.279e-003
2165	-5.7143e-002	0.	-2.e-002	-1.2103e-002
2166	-4.5714e-002	0.	-2.5e-002	-1.224e-002
2169	-8.e-002	0.	-2.e-002	-1.2052e-002
2170	-6.8571e-002	0.	-2.5e-002	-1.1966e-002
2173	-0.10286	0.	-2.e-002	-1.2391e-002
2174	-9.1429e-002	0.	-2.5e-002	-1.2138e-002
2177	-0.12571	0.	-2.e-002	-7.1863e-003
2178	-0.11429	0.	-2.5e-002	-1.2645e-002
2181	-0.14857	0.	-2.e-002	4.0844e-003
2182	-0.13714	0.	-2.5e-002	-1.7277e-003
2187	-0.16	0.	-2.5e-002	9.8966e-003
2594	-0.14857	0.	-3.e-002	4.0844e-003
2595	-0.12571	0.	-3.e-002	-7.1863e-003
2608	-0.10286	0.	-3.e-002	-1.2391e-002
2613	-8.e-002	0.	-3.e-002	-1.2052e-002
2617	-5.7143e-002	0.	-3.e-002	-1.2103e-002
2623	-3.4286e-002	0.	-3.e-002	-7.0211e-003
2629	-1.1429e-002	0.	-3.e-002	3.7381e-003
60	0.	0.	-2.e-002	4.2477e-002
66	-0.16	0.	-2.e-002	4.9446e-002
131	-0.13714	0.	-3.e-002	-5.9104e-003
132	-0.16	0.	-3.e-002	1.5952e-002
133	-0.11429	0.	-3.e-002	-1.435e-002
134	-9.1429e-002	0.	-3.e-002	-1.7514e-002
135	-6.8571e-002	0.	-3.e-002	-1.5628e-002
136	-4.5714e-002	0.	-3.e-002	-1.306e-002
137	-2.2857e-002	0.	-3.e-002	-8.7931e-003
138	0.	0.	-3.e-002	8.2628e-003
209	1.	0.	-9.3636e-002	1.5243e-005
210	1.	0.	-0.18727	1.4453e-005
211	1.	0.	-0.28091	1.269e-005
212	1.	0.	-0.37455	1.0295e-005
213	1.	0.	-0.46818	8.4967e-006
214	1.	0.	-0.56182	6.6394e-006
215	1.	0.	-0.65545	4.82e-006
216	1.	0.	-0.74909	3.5506e-006
217	1.	0.	-0.84273	2.1235e-006
218	1.	0.	-0.93636	9.2386e-007
229	0.90609	0.	-1.03	3.9683e-007
230	0.81217	0.	-1.03	4.6676e-007
231	0.71826	0.	-1.03	4.5994e-007
232	0.62435	0.	-1.03	4.1683e-007
233	0.53043	0.	-1.03	3.6148e-007
234	0.43652	0.	-1.03	2.1117e-007
235	0.34261	0.	-1.03	-2.8921e-008
236	0.2487	0.	-1.03	-3.827e-007
237	0.15478	0.	-1.03	-6.1228e-007
238	6.087e-002	0.	-1.03	-1.0464e-006
239	-3.3043e-002	0.	-1.03	-1.0873e-006
240	-0.12696	0.	-1.03	-1.1509e-006
241	-0.22087	0.	-1.03	-1.1186e-006
242	-0.31478	0.	-1.03	-5.7227e-007
243	-0.4087	0.	-1.03	-2.2071e-007
244	-0.50261	0.	-1.03	-1.6358e-008
245	-0.59652	0.	-1.03	2.7657e-007
246	-0.69043	0.	-1.03	3.7762e-007
247	-0.78435	0.	-1.03	4.3774e-007
248	-0.87826	0.	-1.03	6.5382e-007
249	-0.97217	0.	-1.03	7.3539e-007
250	-1.0661	0.	-1.03	6.431e-007
256	-1.16	0.	-0.93636	1.1249e-006
257	-1.16	0.	-0.84273	2.0672e-006
258	-1.16	0.	-0.74909	3.6378e-006
259	-1.16	0.	-0.65545	5.1595e-006
260	-1.16	0.	-0.56182	6.9936e-006
261	-1.16	0.	-0.46818	8.9432e-006
262	-1.16	0.	-0.37455	1.07e-005
263	-1.16	0.	-0.28091	1.265e-005
264	-1.16	0.	-0.18727	1.4659e-005
265	-1.16	0.	-9.3636e-002	1.5636e-005
271	9.0909e-002	0.	0.	3.1032e-003
272	0.18182	0.	0.	1.2186e-003
273	0.27273	0.	0.	3.3743e-004
274	0.36364	0.	0.	1.6895e-004
275	0.45455	0.	0.	8.9126e-005
276	0.54545	0.	0.	5.2158e-005
277	0.63636	0.	0.	3.4603e-005
278	0.72727	0.	0.	2.6376e-005
279	0.81818	0.	0.	1.9495e-005
280	0.90909	0.	0.	1.6325e-005
281	-1.0691	0.	0.	1.6914e-005
282	-0.97818	0.	0.	1.978e-005
283	-0.88727	0.	0.	2.5689e-005
284	-0.79636	0.	0.	3.2037e-005
285	-0.70545	0.	0.	5.5074e-005
286	-0.61455	0.	0.	8.4312e-005
287	-0.52364	0.	0.	1.5941e-004
288	-0.43273	0.	0.	3.2042e-004
289	-0.34182	0.	0.	9.4251e-004
290	-0.25091	0.	0.	4.8516e-003
385	0.	0.	0.	8.5753e-002
386	-0.16	0.	0.	7.6334e-002
391	1.	0.	-1.03	4.2018e-007
392	1.	0.	0.	1.5618e-005
393	-1.16	0.	-1.03	4.4387e-007
394	-1.16	0.	0.	1.5775e-005
399	4.5455e-002	0.	0.	1.6955e-002
400	-0.20545	0.	0.	1.9303e-002
557	5.9947e-002	0.	-0.37264	-4.9643e-005
558	0.5258	0.	-0.46258	1.372e-005
559	-7.1085e-002	0.	-0.22435	-4.7633e-004
560	-0.35275	0.	-0.7348	-3.6465e-006
561	-0.20232	0.	-0.46432	-3.8428e-005
562	-0.75657	0.	-0.6102	7.4443e-006
563	0.15014	0.	-0.69667	-5.8004e-006
564	-0.36365	0.	-0.23722	1.0857e-004
565	-0.26183	0.	-0.13361	5.4635e-004
566	-0.46711	0.	-0.52835	4.1096e-006
567	-0.1074	0.	-0.10591	-3.2958e-003
568	-0.82192	0.	-0.3051	2.0803e-005
569	0.61155	0.	-0.74924	3.5063e-006
570	0.28053	0.	-0.42159	1.3846e-005
571	-0.1015	0.	-0.72444	-1.1825e-005
572	-2.3114e-002	0.	-0.1169	-1.751e-003
573	-0.49832	0.	-0.26348	6.5048e-005
574	-5.0467e-002	0.	-0.60407	-2.0504e-005
575	0.59284	0.	-0.31968	2.2294e-005
576	-0.11233	0.	-0.29802	-2.0325e-004
577	0.29483	0.	-0.74243	-8.4857e-007
578	3.0147e-002	0.	-0.29782	-1.2559e-004
579	0.68386	0.	-0.49566	9.9542e-006
580	0.25458	0.	-0.30332	4.3296e-005
581	9.6024e-002	0.	-0.46471	-2.4333e-005
582	-0.64031	0.	-0.63281	5.9235e-006
583	-0.6053	0.	-0.451	1.7285e-005
584	-0.85241	0.	-0.89659	1.3389e-006
585	4.7211e-002	0.	-0.18667	-4.6222e-005
586	4.0742e-002	0.	-0.1296	2.8666e-004
587	-1.0436	0.	-0.51218	8.4151e-006
588	0.7145	0.	-0.26156	2.2335e-005
589	-0.95975	0.	-0.71946	4.4462e-006
590	-0.21382	0.	-9.7366e-002	9.8441e-004
591	-0.43823	0.	-0.39599	2.054e-005
592	-0.55428	0.	-0.86004	5.3922e-007
593	-8.6811e-002	0.	-0.42876	-7.4909e-005
594	-0.24312	0.	-0.25167	-4.5852e-005
595	-0.17829	0.	-0.19449	-2.4909e-004
596	0.80102	0.	-0.80173	2.332e-006
597	-0.28582	0.	-0.62967	-1.0516e-005
598	-0.12165	0.	-6.2228e-002	-7.9489e-003
599	0.34707	0.	-0.11806	1.408e-004
600	0.41474	0.	-0.25938	5.3109e-005
601	-1.5516e-002	0.	-0.91903	-2.4877e-006
602	0.21608	0.	-0.87576	-1.4715e-006
603	0.26283	0.	-0.53836	3.1338e-006
604	-0.99888	0.	-0.26452	1.5823e-005
605	-0.16118	0.	-0.87722	-3.4979e-006
606	0.38652	0.	-0.51067	1.0277e-005
607	0.49564	0.	-0.61123	5.8267e-006
608	0.86152	0.	-0.55941	6.7305e-006
609	0.37198	0.	-0.8716	3.8386e-007
610	1.6163e-002	0.	-7.2821e-002	3.0995e-003
611	-0.61093	0.	-0.12992	8.3357e-005
612	0.48201	0.	-0.1295	6.7763e-005
613	-0.65861	0.	-0.26291	4.3636e-005
614	0.78632	0.	-0.40092	1.3364e-005
615	-1.0078	0.	-0.90809	1.2986e-006
616	-0.3301	0.	-0.50207	-9.1936e-006
617	-0.70704	0.	-0.77204	2.6177e-006
618	0.16616	0.	-0.37226	1.6977e-006
619	-0.8771	0.	-0.15187	2.4503e-005
620	-0.15385	0.	-0.38185	-8.6883e-005
621	-0.79963	0.	-0.46588	1.2028e-005
622	-0.30125	0.	-0.31728	3.1785e-006
623	-8.3172e-002	0.	-7.1115e-002	-8.9348e-003
624	-0.4809	0.	-0.72204	-1.7599e-007
625	1.7255e-002	0.	-0.70091	-1.048e-005
626	5.5709e-002	0.	-0.60814	-1.5954e-005
627	0.6908	0.	-0.89931	1.168e-006
628	0.52729	0.	-0.9035	9.2932e-007
629	-0.3973	0.	-0.92907	-6.7319e-007
630	-0.47457	0.	-0.12992	1.9326e-004
631	-0.93975	0.	-0.41956	1.1895e-005
632	-0.22732	0.	-0.73833	-6.598e-006
633	0.67714	0.	-0.12217	2.8242e-005
634	-0.3575	0.	-0.11821	4.4973e-004
635	0.77341	0.	-0.13401	2.0758e-005
636	-0.90015	0.	-0.58459	6.9692e-006
637	-0.17038	0.	-0.62496	-1.7919e-005
638	0.10665	0.	-6.7222e-002	1.7705e-003
639	0.2177	0.	-9.1329e-002	5.0067e-004
640	0.43465	0.	-0.74955	2.0441e-006
641	0.74802	0.	-0.66133	5.0307e-006
642	-3.6408e-002	0.	-7.1667e-002	-6.6723e-003
643	0.86682	0.	-0.26142	1.4815e-005
644	-0.13571	0.	-0.52958	-3.6381e-005
645	-2.1187e-002	0.	-0.36126	-1.0836e-004
646	-0.25629	0.	-0.39819	-3.5834e-005
647	-1.03	0.	-0.12309	1.7099e-005
648	0.12545	0.	-0.16237	3.216e-004
649	-0.39414	0.	-0.64325	-2.8722e-006
650	8.0378e-002	0.	-0.80696	-5.2513e-006
651	-0.15901	0.	-9.7569e-002	-6.4383e-004
652	-0.70257	0.	-0.92262	8.6653e-007
653	-5.0874e-002	0.	-0.50685	-4.1221e-005
654	0.85026	0.	-0.93278	8.6608e-007
655	-0.74506	0.	-0.14163	3.7e-005
656	-0.15428	0.	-5.5881e-002	-1.5021e-004
657	0.40537	0.	-0.40238	2.7925e-005
658	-1.8204e-002	0.	-5.0833e-002	-5.6103e-003
659	-0.55523	0.	-0.36155	2.7876e-005
660	0.62403	0.	-0.61326	6.8646e-006
661	0.10963	0.	-0.29903	-3.4598e-005
662	-6.119e-002	0.	-9.8156e-002	-4.2409e-003
663	-1.0744	0.	-0.38511	1.0755e-005
664	-0.30412	0.	-0.81472	-2.9603e-006
665	-0.27735	0.	-0.93195	-1.2851e-006
666	9.8695e-002	0.	-0.9254	-1.6589e-006
667	-0.19136	0.	-5.7331e-002	5.3195e-003
668	4.2029e-003	0.	-0.44667	-5.4703e-005
669	0.34898	0.	-0.62791	2.8003e-006
670	0.88997	0.	-0.14081	1.6758e-005
671	0.90551	0.	-0.72498	3.6023e-006
672	-7.382e-002	0.	-0.14943	-1.4793e-003
673	-1.0661	0.	-0.65576	5.1619e-006
674	-0.68203	0.	-0.51918	1.2202e-005
675	-0.11757	0.	-0.18795	-6.368e-004
676	-0.41924	0.	-0.80674	-1.3e-006
677	-0.13886	0.	-0.14618	-9.3862e-004
678	-0.1971	0.	-0.14171	-6.525e-005
679	0.66066	0.	-0.38808	1.7898e-005
680	0.91209	0.	-0.39282	1.0313e-005
681	-0.20278	0.	-0.31529	-1.2176e-004
682	0.18306	0.	-0.4761	-6.3738e-006
683	-0.71102	0.	-0.38052	1.9419e-005
684	0.22892	0.	-0.19868	1.5142e-004
685	-0.1542	0.	-0.24529	-3.2076e-004
686	-4.0845e-002	0.	-0.29218	-2.1516e-004
687	-0.51673	0.	-0.43866	1.4208e-005
688	-0.24239	0.	-0.19052	6.35e-005
689	-0.83075	0.	-0.7383	3.5403e-006
690	-1.1329e-002	0.	-0.17128	-5.5524e-004
691	6.5464e-003	0.	-0.2293	-2.8669e-004
692	0.49009	0.	-0.34674	3.215e-005
693	-0.57772	0.	-0.53952	9.2208e-006
694	-0.94603	0.	-0.81404	2.7566e-006
695	0.18255	0.	-0.27624	4.1811e-005
696	0.14465	0.	-0.56281	-1.0903e-005
697	-8.2702e-002	0.	-0.3509	-1.3128e-004
698	2.9293e-002	0.	-0.51958	-2.9547e-005
699	0.24717	0.	-0.63308	-1.0516e-006
700	-0.22711	0.	-0.54925	-2.392e-005
701	-0.34625	0.	-0.38659	9.2908e-006
702	0.58636	0.	-0.12293	4.284e-005
703	-0.53267	0.	-0.6222	3.1628e-006
704	-9.6273e-002	0.	-4.5124e-002	-1.3716e-002
705	0.31985	0.	-0.96499	-1.0603e-007
706	7.7315e-002	0.	-0.23475	-2.0489e-005
707	-0.58304	0.	-0.72183	2.4532e-006
708	-0.25995	0.	-5.7e-002	2.6037e-003
709	-3.4089e-002	0.	-0.79867	-6.3192e-006
710	0.53419	0.	-0.23937	3.8765e-005
711	0.31491	0.	-0.23637	7.5001e-005
712	0.62493	0.	-0.21454	2.9228e-005
713	-1.0657	0.	-0.80365	2.7523e-006
714	-0.91639	0.	-7.6275e-002	2.4588e-005
2159	0.	0.	-2.5e-002	2.537e-002
2160	0.	0.	-1.e-002	6.4115e-002
2161	2.2727e-002	0.	-1.e-002	2.9716e-002
2187	-0.16	0.	-2.5e-002	3.2699e-002
2188	-0.16	0.	-1.e-002	6.289e-002
2189	-0.18273	0.	-1.e-002	3.4374e-002
2594	-0.14857	0.	-3.e-002	5.0208e-003
2595	-0.12571	0.	-3.e-002	-1.013e-002
2596	-0.1294	0.	-4.6114e-002	-6.9296e-003
2597	-0.14571	0.	-4.2941e-002	-3.0303e-003
2601	-0.18273	0.	-1.5e-002	1.7627e-002
2602	-0.15714	0.	-4.2941e-002	7.9009e-003
2603	-0.17568	0.	-4.3666e-002	1.0636e-002
2608	-0.10286	0.	-3.e-002	-1.5932e-002
2609	-0.11797	0.	-4.6114e-002	-1.1149e-002
2610	-0.10528	0.	-3.7562e-002	-1.4033e-002
2613	-8.e-002	0.	-3.e-002	-1.6571e-002
2614	-9.3851e-002	0.	-3.7562e-002	-1.5615e-002
2617	-5.7143e-002	0.	-3.e-002	-1.4344e-002
2618	-7.5872e-002	0.	-5.0558e-002	-1.2281e-002
2619	-5.249e-002	0.	-5.0833e-002	-1.115e-002
2620	-8.2422e-002	0.	-3.7562e-002	-1.4672e-002
2623	-3.4286e-002	0.	-3.e-002	-1.0926e-002
2624	-4.1061e-002	0.	-5.0833e-002	-9.8661e-003
2625	-3.1959e-002	0.	-4.0417e-002	-9.3351e-003
2629	-1.1429e-002	0.	-3.e-002	-2.6517e-004
2630	-2.0531e-002	0.	-4.0417e-002	-7.2017e-003
2634	2.2727e-002	0.	-1.5e-002	1.2609e-002
2635	8.0817e-003	0.	-5.141e-002	5.6811e-003
2636	-9.102e-003	0.	-4.0417e-002	1.3262e-003
3094	1.	0.	-0.14045	1.4848e-005
3096	0.95455	0.	-4.6818e-002	1.5784e-005
3097	1.	0.	-4.6818e-002	1.543e-005
3098	0.94498	0.	-0.11722	1.6e-005
3103	1.	0.	-0.23409	1.3572e-005
3104	0.93341	0.	-0.22435	1.4634e-005
3105	0.94498	0.	-0.16404	1.5606e-005
3108	1.	0.	-0.32773	1.1493e-005
3109	0.93341	0.	-0.27116	1.3752e-005
3110	0.95605	0.	-0.33687	1.1501e-005
3115	1.	0.	-0.42136	9.396e-006
3116	0.95605	0.	-0.38368	1.0304e-005
3119	1.	0.	-0.515	7.5681e-006
3120	0.93076	0.	-0.51379	7.6136e-006
3121	0.95605	0.	-0.4305	9.4047e-006
3124	1.	0.	-0.60864	5.7297e-006
3125	0.93076	0.	-0.56061	6.685e-006
3130	1.	0.	-0.70227	4.1853e-006
3131	0.93076	0.	-0.60743	5.7753e-006
3132	0.95275	0.	-0.69022	4.2112e-006
3134	1.	0.	-0.79591	2.8371e-006
3135	0.95275	0.	-0.73704	3.5765e-006
3138	1.	0.	-0.88955	1.5237e-006
3139	0.90051	0.	-0.82223	2.2278e-006
3140	0.92513	0.	-0.88775	1.4948e-006
3141	0.95275	0.	-0.78385	2.8629e-006
3146	0.95304	0.	-0.98318	6.6034e-007
3147	1.	0.	-0.98318	6.7202e-007
3148	0.92513	0.	-0.93457	8.9497e-007
3219	0.85913	0.	-1.03	4.3179e-007
3220	0.95304	0.	-1.03	4.0851e-007
3221	0.87817	0.	-0.98139	6.3145e-007
3225	0.76522	0.	-1.03	4.6335e-007
3226	0.75149	0.	-0.96466	8.1737e-007
3227	0.83122	0.	-0.98139	6.6642e-007
3230	0.6713	0.	-1.03	4.3838e-007
3231	0.70453	0.	-0.96466	8.1396e-007
3236	0.57739	0.	-1.03	3.8916e-007
3237	0.65757	0.	-0.96466	7.9241e-007
3238	0.57582	0.	-0.96675	6.7308e-007
3240	0.48348	0.	-1.03	2.8633e-007
3241	0.52886	0.	-0.96675	6.454e-007
3245	0.38957	0.	-1.03	9.1126e-008
3246	0.40425	0.	-0.9508	2.9751e-007
3247	0.4819	0.	-0.96675	5.7025e-007
3248	0.37818	0.	-0.99749	5.2572e-008
3251	0.29565	0.	-1.03	-2.0581e-007
3252	0.33123	0.	-0.99749	-6.7476e-008
3255	0.20174	0.	-1.03	-4.9749e-007
3256	0.23239	0.	-0.95288	-9.2711e-007
3257	0.28427	0.	-0.99749	-2.4436e-007
3261	0.10783	0.	-1.03	-8.2933e-007
3262	0.18543	0.	-0.95288	-1.0419e-006
3263	0.12674	0.	-0.9777	-1.1356e-006
3266	1.3913e-002	0.	-1.03	-1.0668e-006
3267	2.2677e-002	0.	-0.97452	-1.767e-006
3268	7.9782e-002	0.	-0.9777	-1.3527e-006
3272	-8.e-002	0.	-1.03	-1.1191e-006
3273	-2.428e-002	0.	-0.97452	-1.7875e-006
3278	-0.17391	0.	-1.03	-1.1348e-006
3279	-7.1236e-002	0.	-0.97452	-1.8193e-006
3280	-0.14407	0.	-0.95361	-2.3244e-006
3283	-0.26783	0.	-1.03	-8.4544e-007
3284	-0.19103	0.	-0.95361	-2.3083e-006
3285	-0.24911	0.	-0.98097	-1.2018e-006
3289	-0.36174	0.	-1.03	-3.9649e-007
3290	-0.35604	0.	-0.97953	-6.2273e-007
3291	-0.29607	0.	-0.98097	-9.2868e-007
3295	-0.45565	0.	-1.03	-1.1854e-007
3296	-0.403	0.	-0.97953	-4.4695e-007
3298	-0.54957	0.	-1.03	1.301e-007
3299	-0.52844	0.	-0.94502	2.6143e-007
3300	-0.44995	0.	-0.97953	-3.4477e-007
3305	-0.64348	0.	-1.03	3.271e-007
3306	-0.5754	0.	-0.94502	4.0789e-007
3307	-0.64955	0.	-0.97631	5.7155e-007
3311	-0.73739	0.	-1.03	4.0768e-007
3312	-0.6965	0.	-0.97631	6.2208e-007
3316	-0.8313	0.	-1.03	5.4578e-007
3317	-0.81838	0.	-0.9633	8.883e-007
3318	-0.74346	0.	-0.97631	6.5213e-007
3320	-0.92522	0.	-1.03	6.9461e-007
3321	-0.86533	0.	-0.9633	9.9634e-007
3325	-1.0191	0.	-1.03	6.8924e-007
3326	-0.91229	0.	-0.9633	1.0371e-006
3327	-0.99	0.	-0.96905	1.017e-006
3332	-1.113	0.	-0.98318	8.8399e-007
3333	-1.113	0.	-1.03	5.4348e-007
3334	-1.037	0.	-0.96905	9.7087e-007
3362	-1.16	0.	-0.88955	1.596e-006
3363	-1.16	0.	-0.98318	7.8438e-007
3364	-1.0839	0.	-0.92223	1.2118e-006
3368	-1.16	0.	-0.79591	2.8525e-006
3369	-1.0839	0.	-0.87541	1.6829e-006
3370	-1.1128	0.	-0.82319	2.4097e-006
3373	-1.16	0.	-0.70227	4.3986e-006
3374	-1.1131	0.	-0.70243	4.3998e-006
3375	-1.1128	0.	-0.77637	3.195e-006
3380	-1.16	0.	-0.60864	6.0765e-006
3381	-1.1131	0.	-0.65561	5.1607e-006
3383	-1.16	0.	-0.515	7.9684e-006
3384	-1.1018	0.	-0.537	7.7043e-006
3385	-1.1131	0.	-0.60879	6.0777e-006
3390	-1.16	0.	-0.42136	9.8217e-006
3391	-1.1018	0.	-0.49018	8.6791e-006
3392	-1.1172	0.	-0.42665	9.8488e-006
3396	-1.16	0.	-0.32773	1.1675e-005
3397	-1.1172	0.	-0.37983	1.0727e-005
3399	-1.16	0.	-0.23409	1.3654e-005
3400	-1.0794	0.	-0.27272	1.4236e-005
3401	-1.1172	0.	-0.33301	1.1702e-005
3406	-1.16	0.	-0.14045	1.5148e-005
3407	-1.0794	0.	-0.2259	1.5241e-005
3408	-1.095	0.	-0.15518	1.5879e-005
3413	-1.1145	0.	-4.6818e-002	1.6275e-005
3414	-1.16	0.	-4.6818e-002	1.5706e-005
3415	-1.095	0.	-0.10836	1.6368e-005
3455	0.13636	0.	0.	2.1609e-003
3456	6.8182e-002	0.	0.	1.0029e-002
3459	9.8778e-002	0.	-3.3611e-002	2.4368e-003
3467	0.22727	0.	0.	7.7802e-004
3470	0.14423	0.	-3.3611e-002	1.4946e-003
3471	0.19976	0.	-4.5664e-002	8.5964e-004
3476	0.31818	0.	0.	2.5319e-004
3479	0.3099	0.	-5.9029e-002	2.3912e-004
3480	0.24521	0.	-4.5664e-002	4.1905e-004
3485	0.40909	0.	0.	1.2904e-004
3489	0.35535	0.	-5.9029e-002	1.5487e-004
3497	0.5	0.	0.	7.0642e-005
3499	0.40081	0.	-5.9029e-002	1.1496e-004
3500	0.46828	0.	-6.4751e-002	7.8444e-005
3504	0.59091	0.	0.	4.3381e-005
3507	0.51373	0.	-6.4751e-002	5.996e-005
3508	0.5659	0.	-6.1467e-002	4.7499e-005
3514	0.68182	0.	0.	3.049e-005
3517	0.65675	0.	-6.1087e-002	3.1422e-005
3518	0.61136	0.	-6.1467e-002	3.8721e-005
3521	0.77273	0.	0.	2.2935e-005
3523	0.70221	0.	-6.1087e-002	2.7309e-005
3524	0.75034	0.	-6.7003e-002	2.3567e-005
3528	0.86364	0.	0.	1.791e-005
3531	0.7958	0.	-6.7003e-002	2.0126e-005
3532	0.85407	0.	-7.0404e-002	1.8126e-005
3540	0.95455	0.	0.	1.5972e-005
3542	0.89953	0.	-7.0404e-002	1.6542e-005
3546	-1.0236	0.	0.	1.8347e-005
3548	-1.1145	0.	0.	1.6345e-005
3550	-1.0496	0.	-6.1547e-002	1.7007e-005
3554	-0.93273	0.	0.	2.2734e-005
3556	-1.0041	0.	-6.1547e-002	1.8439e-005
3557	-0.94729	0.	-3.8138e-002	2.2184e-005
3562	-0.84182	0.	0.	2.8863e-005
3565	-0.90183	0.	-3.8138e-002	2.5138e-005
3571	-0.75091	0.	0.	4.3555e-005
3574	-0.83673	0.	-7.5937e-002	2.827e-005
3575	-0.77071	0.	-7.0817e-002	3.4518e-005
3576	-0.85638	0.	-3.8138e-002	2.8312e-005
3579	-0.66	0.	0.	6.9693e-005
3581	-0.65819	0.	-6.4962e-002	6.9215e-005
3582	-0.72526	0.	-7.0817e-002	4.6037e-005
3588	-0.56909	0.	0.	1.2186e-004
3591	-0.61274	0.	-6.4962e-002	8.3834e-005
3595	-0.47818	0.	0.	2.3991e-004
3598	-0.56728	0.	-6.4962e-002	1.2138e-004
3599	-0.4991	0.	-6.4962e-002	1.7633e-004
3606	-0.38727	0.	0.	6.3146e-004
3609	-0.45365	0.	-6.4962e-002	2.5684e-004
3610	-0.39511	0.	-5.9106e-002	3.8508e-004
3616	-0.29636	0.	0.	2.8971e-003
3619	-0.34966	0.	-5.9106e-002	6.9612e-004
3620	-0.30088	0.	-2.85e-002	1.7731e-003
3626	-0.22818	0.	0.	1.2077e-002
3629	-0.25543	0.	-2.85e-002	3.7277e-003
4134	2.2727e-002	0.	0.	5.1354e-002
4139	-0.18273	0.	0.	4.7818e-002
4151	3.0809e-002	0.	-3.641e-002	1.0027e-002
4152	7.605e-002	0.	-3.3611e-002	9.3626e-003
4163	-0.19841	0.	-2.8666e-002	1.2311e-002
4164	-0.2327	0.	-2.85e-002	1.0953e-002
5126	4.5047e-002	0.	-0.33523	-8.7614e-005
5127	7.7985e-002	0.	-0.41868	-3.6988e-005
5128	0.11305	0.	-0.37245	-2.3973e-005
5129	1.938e-002	0.	-0.36695	-7.9004e-005
5130	8.4786e-002	0.	-0.33584	-4.2121e-005
5131	3.2075e-002	0.	-0.40965	-5.2173e-005
5135	0.55932	0.	-0.39113	1.8007e-005
5136	0.60483	0.	-0.47912	1.1837e-005
5137	0.45616	0.	-0.48663	1.1998e-005
5138	0.51072	0.	-0.5369	9.7735e-006
5139	0.46558	0.	-0.43248	2.0823e-005
5140	0.57491	0.	-0.53792	1.0292e-005
5141	0.59323	0.	-0.42533	1.5809e-005
5142	0.50794	0.	-0.40466	2.2935e-005
5147	-9.1709e-002	0.	-0.26118	-3.3979e-004
5148	-7.2453e-002	0.	-0.18689	-9.7784e-004
5149	-9.4326e-002	0.	-0.20615	-5.5657e-004
5150	-0.11264	0.	-0.23482	-3.9855e-004
5151	-5.5965e-002	0.	-0.25827	-3.4575e-004
5152	-4.1207e-002	0.	-0.19782	-5.1579e-004
5153	-3.2269e-002	0.	-0.22682	-3.8151e-004
5157	-0.31928	0.	-0.68223	-7.0812e-006
5158	-0.41683	0.	-0.72842	-1.9113e-006
5159	-0.29004	0.	-0.73656	-5.1223e-006
5160	-0.37345	0.	-0.68902	-3.2594e-006
5161	-0.32844	0.	-0.77476	-3.3034e-006
5162	-0.386	0.	-0.77077	-2.4733e-006
5164	-0.14456	0.	-0.44654	-5.6669e-005
5165	-0.26621	0.	-0.4832	-2.3811e-005
5166	-0.17808	0.	-0.42309	-6.2656e-005
5167	-0.16901	0.	-0.49695	-3.7405e-005
5168	-0.22931	0.	-0.43125	-3.7131e-005
5169	-0.21471	0.	-0.50679	-3.1174e-005
5173	-0.69844	0.	-0.62151	6.6839e-006
5174	-0.7318	0.	-0.69112	5.031e-006
5175	-0.7781	0.	-0.53804	9.7363e-006
5176	-0.82836	0.	-0.59739	7.2068e-006
5177	-0.7193	0.	-0.56469	9.8229e-006
5178	-0.79366	0.	-0.67425	5.4923e-006
5182	0.22249	0.	-0.71955	-3.3245e-006
5183	0.18311	0.	-0.78621	-3.636e-006
5184	8.37e-002	0.	-0.69879	-8.1402e-006
5185	0.10293	0.	-0.65241	-1.0877e-005
5186	0.11526	0.	-0.75181	-5.5259e-006
5187	0.1474	0.	-0.62974	-8.3516e-006
5188	0.19866	0.	-0.66487	-3.426e-006
5192	-0.31274	0.	-0.18542	3.2746e-004
5193	-0.43098	0.	-0.25035	8.681e-005
5194	-0.40094	0.	-0.3166	6.4556e-005
5195	-0.30339	0.	-0.24445	3.136e-005
5196	-0.33245	0.	-0.27725	5.5875e-005
5197	-0.41911	0.	-0.18357	1.5091e-004
5198	-0.36058	0.	-0.17772	2.7915e-004
5199	-0.30302	0.	-0.21387	8.6036e-005
5200	-0.35495	0.	-0.31191	5.8931e-005
5205	-0.23782	0.	-0.11549	7.6538e-004
5206	-0.30966	0.	-0.12591	4.9804e-004
5207	-0.22947	0.	-0.13766	2.4055e-004
5208	-0.25211	0.	-0.16206	3.0493e-004
5209	-0.26089	0.	-9.5305e-002	1.575e-003
5215	-0.45267	0.	-0.46217	1.2325e-005
5216	-0.3986	0.	-0.51521	-2.542e-006
5217	-0.43062	0.	-0.5858	6.187e-007
5218	-0.49192	0.	-0.48351	9.1587e-006
5219	-0.52241	0.	-0.53394	6.6652e-006
5220	-0.49989	0.	-0.57528	3.6362e-006
5225	-0.11453	0.	-8.4068e-002	-5.6223e-003
5226	-9.5286e-002	0.	-8.8511e-002	-6.1153e-003
5227	-0.1332	0.	-0.10174	-1.9698e-003
5228	-8.4295e-002	0.	-0.10203	-3.7683e-003
5229	-9.061e-002	0.	-0.12767	-2.3876e-003
5230	-0.12313	0.	-0.12604	-2.1172e-003
5235	-0.9104	0.	-0.28481	1.8313e-005
5236	-0.74027	0.	-0.284	3.2219e-005
5237	-0.84951	0.	-0.22849	2.2653e-005
5238	-0.81078	0.	-0.38549	1.6415e-005
5239	-0.88083	0.	-0.36233	1.6349e-005
5240	-0.78349	0.	-0.22337	2.8901e-005
5241	-0.76647	0.	-0.34281	2.0111e-005
5246	0.70628	0.	-0.77549	2.9191e-006
5247	0.55359	0.	-0.68024	4.6665e-006
5248	0.65117	0.	-0.82428	2.3371e-006
5249	0.56942	0.	-0.82637	2.2178e-006
5250	0.5231	0.	-0.74939	2.7752e-006
5251	0.67978	0.	-0.70529	4.2685e-006
5252	0.61779	0.	-0.68125	5.1855e-006
5255	0.26755	0.	-0.36245	2.8571e-005
5256	0.27168	0.	-0.47997	8.4901e-006
5257	0.33353	0.	-0.46613	1.2061e-005
5258	0.22334	0.	-0.39692	7.772e-006
5259	0.34295	0.	-0.41198	2.0886e-005
5260	0.2318	0.	-0.44884	3.7363e-006
5265	-7.5982e-002	0.	-0.66426	-1.6164e-005
5266	-0.13134	0.	-0.80083	-7.6615e-006
5267	-4.2121e-002	0.	-0.71268	-1.1153e-005
5268	-0.16441	0.	-0.73139	-9.2115e-006
5269	-0.13594	0.	-0.6747	-1.4872e-005
5270	-6.7793e-002	0.	-0.76156	-9.0722e-006
5274	8.8141e-003	0.	-0.12325	-7.3215e-004
5275	-3.4751e-003	0.	-9.4859e-002	6.7426e-004
5276	-2.9761e-002	0.	-9.4282e-002	-4.2116e-003
5277	-4.2152e-002	0.	-0.10753	-2.9959e-003
5278	-4.8467e-002	0.	-0.13317	-1.6152e-003
5279	-1.7221e-002	0.	-0.14409	-1.1531e-003
5284	-0.46827	0.	-0.32973	4.2794e-005
5285	-0.55462	0.	-0.1967	7.4202e-005
5286	-0.57846	0.	-0.26319	5.4342e-005
5287	-0.48644	0.	-0.1967	1.2915e-004
5288	-0.52677	0.	-0.31251	4.6462e-005
5292	-1.6606e-002	0.	-0.65249	-1.5492e-005
5293	2.6208e-003	0.	-0.60611	-1.8229e-005
5294	-0.11042	0.	-0.61452	-1.9211e-005
5295	-9.3089e-002	0.	-0.56683	-2.8442e-005
5296	-5.067e-002	0.	-0.55546	-3.0862e-005
5297	-1.0587e-002	0.	-0.56183	-2.5025e-005
5301	0.65367	0.	-0.29062	2.2315e-005
5302	0.62675	0.	-0.35388	2.0096e-005
5303	0.54147	0.	-0.33321	2.7222e-005
5304	0.56352	0.	-0.27952	3.053e-005
5305	0.60889	0.	-0.26711	2.5761e-005
5309	-0.13309	0.	-0.33993	-1.4507e-004
5310	-0.15756	0.	-0.30665	-1.6251e-004
5311	-0.13326	0.	-0.27166	-2.6201e-004
5312	-7.6589e-002	0.	-0.2951	-2.0921e-004
5313	-9.7517e-002	0.	-0.32446	-1.6727e-004
5316	0.25546	0.	-0.80909	-1.16e-006
5317	0.33341	0.	-0.80702	-2.3236e-007
5318	0.36474	0.	-0.74599	5.9778e-007
5319	0.32191	0.	-0.68517	9.7586e-007
5320	0.271	0.	-0.68775	-9.5009e-007
5325	4.4799e-003	0.	-0.32954	-1.1698e-004
5326	6.9886e-002	0.	-0.29843	-8.0092e-005
5327	-5.349e-003	0.	-0.295	-1.7037e-004
5328	1.8347e-002	0.	-0.26356	-2.0614e-004
5329	5.3731e-002	0.	-0.26628	-7.3037e-005
5333	0.77269	0.	-0.52753	8.3424e-006
5334	0.73509	0.	-0.44829	1.1659e-005
5335	0.71594	0.	-0.57849	7.4924e-006
5336	0.65395	0.	-0.55446	8.4094e-006
5337	0.67226	0.	-0.44187	1.3926e-005
5341	0.21037	0.	-0.33779	2.2497e-005
5342	0.32997	0.	-0.35285	3.5611e-005
5343	0.24175	0.	-0.251	9.7359e-005
5344	0.21857	0.	-0.28978	4.2554e-005
5345	0.28475	0.	-0.26984	5.9148e-005
5350	0.13109	0.	-0.41849	-1.1318e-005
5351	5.0113e-002	0.	-0.45569	-3.9518e-005
5352	0.13954	0.	-0.47041	-1.5354e-005
5353	0.12033	0.	-0.51376	-1.7618e-005
5354	6.2659e-002	0.	-0.49215	-2.694e-005
5357	-0.67367	0.	-0.70243	4.2706e-006
5358	-0.66117	0.	-0.576	9.0625e-006
5359	-0.60901	0.	-0.58617	7.5721e-006
5360	-0.58649	0.	-0.62751	4.5431e-006
5361	-0.61167	0.	-0.67732	4.1883e-006
5366	-0.58026	0.	-0.40628	2.2581e-005
5367	-0.64366	0.	-0.48509	1.4743e-005
5368	-0.65816	0.	-0.41576	1.8352e-005
5369	-0.56102	0.	-0.44483	1.5747e-005
5370	-0.59151	0.	-0.49526	1.3253e-005
5374	-0.93012	0.	-0.90234	1.3188e-006
5375	-0.77972	0.	-0.83432	1.9783e-006
5376	-0.77749	0.	-0.90961	1.1027e-006
5377	-0.84158	0.	-0.81745	2.4396e-006
5378	-0.89922	0.	-0.85532	2.0477e-006
5382	4.3977e-002	0.	-0.15814	1.2022e-004
5383	8.6329e-002	0.	-0.17452	1.3769e-004
5384	1.7941e-002	0.	-0.17898	-3.0073e-004
5385	2.6879e-002	0.	-0.20798	-1.6646e-004
5386	6.2263e-002	0.	-0.21071	-3.3355e-005
5390	2.8453e-002	0.	-0.10121	1.6931e-003
5391	7.3694e-002	0.	-9.8413e-002	1.0286e-003
5392	8.3094e-002	0.	-0.14599	3.0413e-004
5393	1.4706e-002	0.	-0.15044	-1.3429e-004
5397	-0.99165	0.	-0.46587	1.0155e-005
5398	-0.97185	0.	-0.54839	7.6921e-006
5399	-1.059	0.	-0.44865	9.5848e-006
5400	-1.0548	0.	-0.58397	6.7885e-006
5404	0.75041	0.	-0.33124	1.785e-005
5405	0.69582	0.	-0.19187	2.5288e-005
5406	0.74395	0.	-0.19778	2.1547e-005
5407	0.79066	0.	-0.26149	1.8575e-005
5408	0.68758	0.	-0.32482	2.0117e-005
5409	0.66971	0.	-0.23805	2.5782e-005
5413	-0.92995	0.	-0.65202	5.7077e-006
5414	-1.0129	0.	-0.68761	4.804e-006
5415	-0.89525	0.	-0.72888	3.9932e-006
5416	-0.95289	0.	-0.76675	3.6014e-006
5417	-1.0127	0.	-0.76155	3.5992e-006
5421	-0.18641	0.	-9.7468e-002	1.7029e-004
5422	-0.20259	0.	-7.7349e-002	3.152e-003
5423	-0.20546	0.	-0.11954	4.5958e-004
5424	-0.23688	0.	-7.7183e-002	1.7941e-003
5429	-0.38417	0.	-0.44903	5.673e-006
5430	-0.49673	0.	-0.37877	2.4208e-005
5431	-0.47748	0.	-0.41732	1.7374e-005
5432	-0.39224	0.	-0.39129	1.4915e-005
5436	-0.63066	0.	-0.81604	1.5785e-006
5437	-0.51759	0.	-0.79104	1.8161e-007
5438	-0.47579	0.	-0.89455	-6.6987e-008
5439	-0.62842	0.	-0.89133	7.0287e-007
5440	-0.48676	0.	-0.83339	-3.8037e-007
5441	-0.56866	0.	-0.79094	1.4962e-006
5446	-0.12033	0.	-0.40531	-8.0896e-005
5447	-0.11126	0.	-0.47917	-5.5645e-005
5448	-5.3999e-002	0.	-0.39501	-9.1637e-005
5449	-6.8842e-002	0.	-0.4678	-5.8065e-005
5450	-4.1304e-002	0.	-0.43771	-6.4806e-005
5451	-8.4757e-002	0.	-0.38983	-1.0309e-004
5455	-0.2107	0.	-0.22308	-1.4747e-004
5456	-0.27218	0.	-0.28448	-2.1337e-005
5457	-0.22295	0.	-0.28348	-8.3807e-005
5458	-0.19866	0.	-0.24848	-1.8331e-004
5459	-0.24275	0.	-0.2211	8.8243e-006
5463	-0.14793	0.	-0.19122	-4.4294e-004
5464	-0.15857	0.	-0.17034	-5.9385e-004
5465	-0.18769	0.	-0.1681	-1.5717e-004
5466	-0.16624	0.	-0.21989	-2.8492e-004
5467	-0.21034	0.	-0.19251	-9.2793e-005
5471	0.74591	0.	-0.85052	1.75e-006
5472	0.77452	0.	-0.73153	3.6813e-006
5473	0.82564	0.	-0.86725	1.599e-006
5474	0.85326	0.	-0.76336	2.9672e-006
5480	-0.30796	0.	-0.56587	-9.8548e-006
5481	-0.25657	0.	-0.684	-8.5569e-006
5482	-0.2281	0.	-0.62731	-1.4218e-005
5483	-0.33998	0.	-0.63646	-6.694e-006
5484	-0.25646	0.	-0.58946	-1.7218e-005
5489	-0.10241	0.	-6.6672e-002	-8.4418e-003
5490	-0.14033	0.	-7.9899e-002	-4.2963e-003
5491	-0.13797	0.	-5.9055e-002	-4.0495e-003
5492	-0.10896	0.	-5.3676e-002	-1.0832e-002
5497	0.3809	0.	-0.18872	9.6956e-005
5498	0.41454	0.	-0.12378	1.0428e-004
5499	0.28238	0.	-0.10469	3.2074e-004
5500	0.288	0.	-0.15837	1.4611e-004
5501	0.33099	0.	-0.17722	1.079e-004
5506	0.44837	0.	-0.19444	6.0436e-005
5507	0.41005	0.	-0.33088	4.0517e-005
5508	0.45242	0.	-0.30306	4.263e-005
5509	0.47447	0.	-0.24938	4.5937e-005
5510	0.36483	0.	-0.24788	6.4055e-005
5513	-8.835e-002	0.	-0.89813	-2.9928e-006
5514	3.2431e-002	0.	-0.863	-3.8695e-006
5515	4.159e-002	0.	-0.92221	-2.0733e-006
5516	-2.4802e-002	0.	-0.85885	-4.4034e-006
5520	0.29403	0.	-0.87368	-5.4383e-007
5521	0.14823	0.	-0.84136	-3.3614e-006
5522	0.15739	0.	-0.90058	-1.5652e-006
5523	0.26796	0.	-0.92037	-7.8877e-007
5527	0.32468	0.	-0.52452	6.7052e-006
5528	0.30591	0.	-0.58314	2.967e-006
5529	0.22295	0.	-0.50723	-1.62e-006
5530	0.20374	0.	-0.55059	-3.8845e-006
5531	0.255	0.	-0.58572	1.0411e-006
5535	-0.93799	0.	-0.2082	2.0163e-005
5536	-0.96931	0.	-0.34204	1.3859e-005
5537	-1.0145	0.	-0.19381	1.6461e-005
5538	-1.0366	0.	-0.32482	1.3289e-005
5543	-0.19425	0.	-0.80778	-5.048e-006
5544	-0.23265	0.	-0.84597	-3.2291e-006
5545	-0.21927	0.	-0.90459	-2.3915e-006
5546	-9.7636e-002	0.	-0.83795	-4.9086e-006
5552	0.44108	0.	-0.56095	8.0516e-006
5553	0.39595	0.	-0.45653	1.9101e-005
5554	0.36775	0.	-0.56929	6.5384e-006
5559	0.46515	0.	-0.68039	3.9354e-006
5560	0.55984	0.	-0.61224	6.3457e-006
5561	0.42231	0.	-0.61957	4.3135e-006
5566	0.82392	0.	-0.48017	1.0047e-005
5567	0.80477	0.	-0.61037	5.8806e-006
5568	0.88351	0.	-0.64219	5.1664e-006
5569	0.88681	0.	-0.47612	8.5216e-006
5574	0.44963	0.	-0.88755	6.5659e-007
5575	0.40332	0.	-0.81058	1.214e-006
5576	0.34591	0.	-0.9183	1.3891e-007
5579	6.1405e-002	0.	-7.0021e-002	2.435e-003
5580	-1.0122e-002	0.	-7.2244e-002	-1.7864e-003
5581	-1.0203e-003	0.	-6.1827e-002	-1.2554e-003
5591	-0.63477	0.	-0.19642	6.3496e-005
5592	-0.54275	0.	-0.12992	1.3831e-004
5593	-0.678	0.	-0.13578	6.0178e-005
5597	0.53418	0.	-0.12622	5.5301e-005
5598	0.5081	0.	-0.18444	5.3264e-005
5602	-0.70184	0.	-0.20227	4.0318e-005
5603	-0.60692	0.	-0.31223	3.5756e-005
5604	-0.68482	0.	-0.32171	3.1528e-005
5609	0.82657	0.	-0.33117	1.409e-005
5610	0.72349	0.	-0.3945	1.5631e-005
5611	0.8492	0.	-0.39687	1.1839e-005
5618	-0.97693	0.	-0.86107	2.0276e-006
5619	-1.0368	0.	-0.85587	2.0254e-006
5623	-0.2932	0.	-0.45013	-2.2514e-005
5624	-0.36212	0.	-0.57266	-6.0329e-006
5625	-0.27861	0.	-0.52566	-1.6557e-005
5626	-0.33817	0.	-0.44433	4.8563e-008
5631	-0.7048	0.	-0.84733	1.7421e-006
5632	-0.7689	0.	-0.75517	3.079e-006
5633	-0.64504	0.	-0.74694	2.5355e-006
5638	0.13789	0.	-0.33565	-1.645e-005
5639	0.17461	0.	-0.42418	-2.3381e-006
5640	0.17435	0.	-0.32425	2.1754e-005
5643	-0.95356	0.	-0.13748	2.0801e-005
5644	-0.81108	0.	-0.14675	3.0752e-005
5645	-0.89674	0.	-0.11407	2.4545e-005
5651	-0.20507	0.	-0.39002	-6.1359e-005
5652	-0.17831	0.	-0.34857	-1.0432e-004
5653	-0.11828	0.	-0.36638	-1.0908e-004
5657	-0.86969	0.	-0.44272	1.1962e-005
5658	-0.84989	0.	-0.52523	9.4988e-006
5659	-0.74083	0.	-0.49253	1.2115e-005
5660	-0.75533	0.	-0.4232	1.5724e-005
5663	-0.27877	0.	-0.35773	-1.6328e-005
5664	-0.25201	0.	-0.31628	-5.9292e-005
5665	-0.32375	0.	-0.35194	6.2346e-006
5670	-5.979e-002	0.	-7.1391e-002	-7.8036e-003
5671	-7.2181e-002	0.	-8.4636e-002	-6.5878e-003
5672	-8.9723e-002	0.	-5.812e-002	-1.1325e-002
5677	-0.43752	0.	-0.68265	-1.5241e-006
5678	-0.45007	0.	-0.76439	-7.3798e-007
5679	-0.50679	0.	-0.67212	1.4934e-006
5680	-0.53197	0.	-0.72193	1.1386e-006
5684	3.6482e-002	0.	-0.65453	-1.3217e-005
5685	4.8817e-002	0.	-0.75394	-7.8656e-006
5686	-8.417e-003	0.	-0.74979	-8.3996e-006
5689	0.10018	0.	-0.58548	-1.3429e-005
5690	4.2501e-002	0.	-0.56386	-2.2751e-005
5694	0.60904	0.	-0.90141	1.0487e-006
5695	0.77053	0.	-0.91605	1.017e-006
5699	0.48097	0.	-0.82653	1.4867e-006
5703	-0.35071	0.	-0.87189	-1.8168e-006
5704	-0.33732	0.	-0.93051	-9.7914e-007
5705	-0.40827	0.	-0.86791	-9.8658e-007
5709	-0.41603	0.	-0.12407	3.215e-004
5713	-0.91995	0.	-0.50208	9.4321e-006
5714	-1.0071	0.	-0.40234	1.1325e-005
5719	-0.19885	0.	-0.68165	-1.2259e-005
5720	-0.26572	0.	-0.77653	-4.7792e-006
5724	0.72527	0.	-0.12809	2.45e-005
5725	0.63175	0.	-0.12255	3.5541e-005
5726	0.65103	0.	-0.16836	2.8735e-005
5731	-0.30873	0.	-8.7605e-002	1.5267e-003
5735	0.82011	0.	-0.19771	1.7786e-005
5736	0.83169	0.	-0.13741	1.8758e-005
5740	-0.98314	0.	-0.62017	6.0655e-006
5741	-0.86545	0.	-0.66144	5.2547e-006
5746	-0.15304	0.	-0.57727	-2.715e-005
5747	-0.19875	0.	-0.58711	-2.092e-005
5751	0.16217	0.	-7.9276e-002	1.1356e-003
5752	0.11605	0.	-0.1148	1.0461e-003
5757	0.17157	0.	-0.12685	4.1113e-004
5758	0.22331	0.	-0.14501	3.2604e-004
5763	0.39181	0.	-0.68873	2.4222e-006
5769	0.68602	0.	-0.6373	5.9476e-006
5770	0.82676	0.	-0.69316	4.3165e-006
5776	-2.7306e-002	0.	-6.125e-002	-6.1413e-003
5777	-4.8799e-002	0.	-8.4911e-002	-5.4566e-003
5784	0.87839	0.	-0.20111	1.5787e-005
5785	0.88945	0.	-0.32712	1.2564e-005
5789	-9.3292e-002	0.	-0.51821	-3.8801e-005
5790	-0.18141	0.	-0.53942	-3.0151e-005
5796	-8.4921e-003	0.	-0.40396	-8.1534e-005
5797	-3.1016e-002	0.	-0.32672	-1.6176e-004
5798	-5.1945e-002	0.	-0.35608	-1.1982e-004
5804	-0.22954	0.	-0.35674	-7.8798e-005
5805	-0.30127	0.	-0.39239	-1.3272e-005
5809	-0.97321	0.	-9.9684e-002	2.0843e-005
5814	0.17718	0.	-0.18053	2.3651e-004
5815	0.154	0.	-0.21931	1.8171e-004
5816	0.10138	0.	-0.19856	1.5056e-004
5822	-0.4634	0.	-0.63273	1.4528e-007
5826	8.9537e-002	0.	-0.86618	-3.4551e-006
5827	2.3145e-002	0.	-0.80282	-5.7853e-006
5832	-0.15665	0.	-7.6725e-002	-3.9702e-004
5833	-0.17518	0.	-7.745e-002	2.3379e-003
5834	-0.14894	0.	-0.12187	-7.9123e-004
5835	-0.17806	0.	-0.11964	-3.5454e-004
5843	-2.3335e-002	0.	-0.47676	-4.7962e-005
5844	-1.079e-002	0.	-0.51321	-3.5384e-005
5856	-0.17282	0.	-5.6606e-002	2.5847e-003
5862	0.44773	0.	-0.37456	3.0038e-005
5863	0.36014	0.	-0.31938	5.1463e-005
5873	-0.63313	0.	-0.37104	2.3648e-005
5874	-0.53598	0.	-0.40011	2.1042e-005
5879	0.14609	0.	-0.28764	3.6062e-006
5880	9.347e-002	0.	-0.26689	-2.7544e-005
5885	-6.7505e-002	0.	-0.12379	-2.8601e-003
5893	-0.29073	0.	-0.87334	-2.1227e-006
5894	-0.36168	0.	-0.81073	-2.1302e-006
5905	-0.22565	0.	-5.7166e-002	3.9616e-003
5911	1.6748e-002	0.	-0.48313	-4.2125e-005
5915	0.29808	0.	-0.6305	8.7434e-007
5926	-9.5693e-002	0.	-0.16869	-1.0581e-003
5927	-0.10634	0.	-0.14781	-1.209e-003
5928	-4.2575e-002	0.	-0.16036	-1.0173e-003
5935	-1.0659	0.	-0.7297	3.9571e-006
5939	-0.69653	0.	-0.44985	1.581e-005
5940	-0.62987	0.	-0.52935	1.0711e-005
5942	-0.12821	0.	-0.16706	-7.8771e-004
5943	-0.13588	0.	-0.21662	-4.7878e-004
5951	-0.16798	0.	-0.14395	-5.0193e-004
5955	-0.21974	0.	-0.16612	-8.7467e-007
5965	-0.17849	0.	-0.28029	-2.2126e-004
5970	0.16386	0.	-0.51946	-8.6383e-006
5978	0.20574	0.	-0.23746	9.6617e-005
5979	0.27192	0.	-0.21753	1.1321e-004
5988	-1.7149e-002	0.	-0.26074	-2.5093e-004
5989	-6.1774e-002	0.	-0.32154	-1.7322e-004
5993	-0.54722	0.	-0.48909	1.1714e-005
5998	-0.88839	0.	-0.77617	3.1484e-006
6003	-2.3914e-003	0.	-0.20029	-4.2097e-004
6007	4.193e-002	0.	-0.23202	-1.5359e-004
6011	0.51214	0.	-0.29306	3.5458e-005
6016	-0.55519	0.	-0.58086	6.1918e-006
6020	-1.0059	0.	-0.80884	2.7544e-006
6024	0.12993	0.	-0.2555	1.0661e-005
6028	8.697e-002	0.	-0.5412	-2.0225e-005
6029	0.19591	0.	-0.59794	-5.9772e-006
6046	0.56027	0.	-0.18115	4.0802e-005
6047	0.60564	0.	-0.16874	3.6034e-005
6052	-0.55785	0.	-0.67202	2.808e-006
6078	0.57956	0.	-0.22696	3.3997e-005
1	0.	0.	3.e-002	1.3374e-002
2	-2.2857e-002	0.	3.e-002	-7.2886e-003
3	-4.5714e-002	0.	3.e-002	-1.4185e-002
4	-6.8571e-002	0.	3.e-002	-1.6976e-002
5	-9.1429e-002	0.	3.e-002	-1.4995e-002
6	-0.11429	0.	3.e-002	-1.2879e-002
7	-0.13714	0.	3.e-002	-8.1519e-003
8	-0.16	0.	3.e-002	1.2063e-002
9	-0.16	0.	2.e-002	4.8896e-002
15	0.	0.	2.e-002	4.8535e-002
271	9.0909e-002	0.	0.	4.644e-003
272	0.18182	0.	0.	1.0446e-003
273	0.27273	0.	0.	3.3993e-004
274	0.36364	0.	0.	1.5869e-004
275	0.45455	0.	0.	8.2357e-005
276	0.54545	0.	0.	5.0422e-005
277	0.63636	0.	0.	3.5091e-005
278	0.72727	0.	0.	2.583e-005
279	0.81818	0.	0.	1.9842e-005
280	0.90909	0.	0.	1.5979e-005
281	-1.0691	0.	0.	1.6705e-005
282	-0.97818	0.	0.	1.9281e-005
283	-0.88727	0.	0.	2.6173e-005
284	-0.79636	0.	0.	3.6953e-005
285	-0.70545	0.	0.	4.8352e-005
286	-0.61455	0.	0.	8.8361e-005
287	-0.52364	0.	0.	1.4512e-004
288	-0.43273	0.	0.	2.9483e-004
289	-0.34182	0.	0.	9.7565e-004
290	-0.25091	0.	0.	4.2041e-003
333	-1.16	0.	9.3636e-002	1.5653e-005
334	-1.16	0.	0.18727	1.4289e-005
335	-1.16	0.	0.28091	1.2173e-005
336	-1.16	0.	0.37455	1.0722e-005
337	-1.16	0.	0.46818	8.8321e-006
338	-1.16	0.	0.56182	6.8283e-006
339	-1.16	0.	0.65545	5.0294e-006
340	-1.16	0.	0.74909	3.5838e-006
341	-1.16	0.	0.84273	2.2583e-006
342	-1.16	0.	0.93636	7.7086e-007
348	-1.0661	0.	1.03	3.8406e-007
349	-0.97217	0.	1.03	5.0843e-007
350	-0.87826	0.	1.03	2.9173e-007
351	-0.78435	0.	1.03	3.8987e-007
352	-0.69043	0.	1.03	3.4906e-007
353	-0.59652	0.	1.03	2.3311e-007
354	-0.50261	0.	1.03	-4.2664e-008
355	-0.4087	0.	1.03	-3.6823e-007
356	-0.31478	0.	1.03	-6.0309e-007
357	-0.22087	0.	1.03	-8.2678e-007
358	-0.12696	0.	1.03	-1.1143e-006
359	-3.3043e-002	0.	1.03	-1.2848e-006
360	6.087e-002	0.	1.03	-9.0712e-007
361	0.15478	0.	1.03	-4.2622e-007
362	0.2487	0.	1.03	-2.1921e-007
363	0.34261	0.	1.03	-1.9376e-008
364	0.43652	0.	1.03	2.2935e-007
365	0.53043	0.	1.03	6.5372e-007
366	0.62435	0.	1.03	5.2246e-007
367	0.71826	0.	1.03	4.3016e-007
368	0.81217	0.	1.03	7.4241e-007
369	0.90609	0.	1.03	6.228e-007
375	1.	0.	0.93636	1.2137e-006
376	1.	0.	0.84273	2.2518e-006
377	1.	0.	0.74909	3.3713e-006
378	1.	0.	0.65545	5.0823e-006
379	1.	0.	0.56182	6.9538e-006
380	1.	0.	0.46818	8.8818e-006
381	1.	0.	0.37455	1.0315e-005
382	1.	0.	0.28091	1.3195e-005
383	1.	0.	0.18727	1.4108e-005
384	1.	0.	9.3636e-002	1.531e-005
385	0.	0.	0.	7.5845e-002
386	-0.16	0.	0.	8.2089e-002
392	1.	0.	0.	1.5419e-005
394	-1.16	0.	0.	1.5617e-005
397	-1.16	0.	1.03	3.4894e-007
398	1.	0.	1.03	4.1534e-007
399	4.5455e-002	0.	0.	2.2079e-002
400	-0.20545	0.	0.	1.668e-002
401	0.11435	0.	0.68155	-8.874e-006
402	-2.8406e-002	0.	0.36333	-1.2123e-004
403	-0.65249	0.	0.515	1.2148e-005
404	0.55159	0.	0.58242	7.3291e-006
405	-0.10261	0.	0.20325	-5.7715e-004
406	-0.38883	0.	0.37756	1.5987e-005
407	-0.29711	0.	0.69292	-5.7228e-006
408	0.27636	0.	0.47289	5.9145e-006
409	0.62066	0.	0.2994	2.5753e-005
410	-4.7618e-002	0.	0.10749	-2.7432e-003
411	-0.77044	0.	0.24253	2.7978e-005
412	-0.13378	0.	9.5603e-002	-2.6085e-003
413	-0.25022	0.	0.23458	-3.2732e-005
414	-0.76376	0.	0.79532	3.0195e-006
415	-0.17876	0.	0.53108	-2.9721e-005
416	0.28045	0.	0.31822	4.6834e-005
417	0.1102	0.	0.21502	3.1127e-005
418	5.9824e-002	0.	0.13464	3.7365e-004
419	-1.0163	0.	0.51298	8.4457e-006
420	-0.45541	0.	0.74004	-5.0361e-007
421	0.40213	0.	0.62051	4.6507e-006
422	0.84995	0.	0.71177	3.9224e-006
423	2.0943e-002	0.	0.46729	-3.9356e-005
424	-0.16368	0.	0.69417	-1.1151e-005
425	-0.63729	0.	0.2513	4.4935e-005
426	0.57979	0.	0.87616	1.2509e-006
427	0.7221	0.	0.40907	1.3777e-005
428	0.3365	0.	0.76386	4.1323e-007
429	-0.22658	0.	0.34342	-5.7937e-005
430	-0.41954	0.	0.6179	-1.7151e-007
431	-0.39364	0.	0.17311	2.255e-004
432	0.42186	0.	0.46176	1.4108e-005
433	6.9856e-002	0.	0.34437	-4.737e-005
434	-0.96494	0.	0.22239	1.9148e-005
435	-0.10172	0.	0.88125	-3.7581e-006
436	0.39194	0.	0.16473	9.2014e-005
437	1.5025e-002	0.	0.20548	-3.1125e-004
438	0.81972	0.	0.23924	1.7313e-005
439	-0.80759	0.	0.61449	6.603e-006
440	-3.4822e-002	0.	7.0832e-002	-5.8098e-003
441	-0.52072	0.	0.44479	1.5088e-005
442	-6.1373e-002	0.	0.55184	-2.5606e-005
443	0.12812	0.	0.88325	-2.3995e-006
444	-0.29104	0.	0.89704	-1.6591e-006
445	-0.76778	0.	0.44083	1.3381e-005
446	-0.27732	0.	0.44324	-1.6323e-005
447	-0.53314	0.	0.89288	3.4242e-007
448	-0.18866	0.	0.17396	-1.7882e-004
449	-0.1661	0.	0.12229	-6.0475e-004
450	-0.29107	0.	0.15194	4.0408e-004
451	0.25266	0.	0.65859	-1.9555e-006
452	4.1881e-002	0.	5.9058e-002	4.3868e-003
453	-0.13807	0.	5.5869e-002	-5.1968e-003
454	0.83945	0.	0.88329	1.7908e-006
455	-0.60727	0.	0.75914	1.7815e-006
456	0.23493	0.	0.16644	2.0914e-004
457	-0.17463	0.	7.4295e-002	2.1525e-003
458	-0.92047	0.	0.87199	1.8427e-006
459	0.19498	0.	0.57044	-4.1127e-006
460	-0.57802	0.	0.11376	9.9449e-005
461	0.69416	0.	0.65028	5.8635e-006
462	-0.15764	0.	0.26455	-2.3767e-004
463	0.86585	0.	0.48397	8.6681e-006
464	0.39934	0.	0.30323	4.8001e-005
465	-3.1236e-002	0.	0.67601	-1.1992e-005
466	-0.2993	0.	0.5655	-1.3443e-005
467	-0.518	0.	0.33021	3.8432e-005
468	-7.004e-002	0.	6.1903e-002	-1.1588e-002
469	0.14633	0.	0.48442	-1.1705e-005
470	-5.6769e-002	0.	0.26682	-3.4802e-004
471	0.60765	0.	0.1373	3.6963e-005
472	0.59667	0.	0.73011	3.352e-006
473	6.3054e-002	0.	0.57449	-1.9547e-005
474	-9.3615e-002	0.	0.45465	-6.2559e-005
475	0.16841	0.	0.33425	1.3712e-005
476	0.1559	0.	0.15405	3.1597e-004
477	0.58822	0.	0.43646	1.5213e-005
478	-0.40456	0.	0.49629	-6.2059e-007
479	-0.12661	0.	0.35514	-1.5442e-004
480	0.26562	0.	0.90452	-6.5738e-007
481	0.43258	0.	0.90295	5.1955e-007
482	-0.84934	0.	0.13392	2.7922e-005
483	0.7036	0.	0.79669	2.6632e-006
484	-0.87684	0.	0.32919	1.7904e-005
485	-0.22215	0.	0.10861	9.3436e-004
486	-0.73505	0.	0.91852	1.0581e-006
487	4.9371e-002	0.	0.77937	-6.228e-006
488	0.49589	0.	0.22442	4.5579e-005
489	-0.9822	0.	0.36968	1.2042e-005
490	0.1911	0.	0.77852	-2.3624e-006
491	-0.52707	0.	0.56168	6.2565e-006
492	0.74346	0.	0.10758	2.5006e-005
493	-0.10728	0.	6.6132e-002	-7.8923e-003
494	0.8538	0.	0.35707	1.1877e-005
495	-0.70715	0.	0.11547	5.2512e-005
496	-0.2124	0.	0.80014	-5.2965e-006
497	-1.017	0.	0.11119	1.72e-005
498	-1.5226e-002	0.	0.15034	-9.397e-004
499	4.6564e-003	0.	0.8974	-2.5734e-006
500	-1.0491	0.	0.65608	5.4592e-006
501	-1.0467	0.	0.92003	1.2566e-006
502	4.2441e-002	0.	0.27492	-1.1266e-004
503	-0.31372	0.	0.30281	2.0839e-005
504	-0.4748	0.	0.10095	1.8918e-004
505	-0.63089	0.	0.63049	5.6246e-006
506	-0.18083	0.	0.4293	-5.8972e-005
507	0.88675	0.	0.15345	1.5826e-005
508	-0.63335	0.	0.38798	2.3194e-005
509	0.47522	0.	0.11221	7.0918e-005
510	0.1234	0.	7.7027e-002	1.2145e-003
511	0.21303	0.	8.9061e-002	4.8195e-004
512	-9.1771e-002	0.	0.10522	-3.4368e-003
513	0.71148	0.	0.93336	9.3726e-007
514	0.46341	0.	0.74431	2.5469e-006
515	-0.93544	0.	0.59508	6.3591e-006
516	0.51433	0.	0.33847	2.901e-005
517	0.31472	0.	0.5526	3.9356e-006
518	-0.40473	0.	0.27154	7.3224e-005
519	-0.41068	0.	0.91014	-7.166e-007
520	-0.19269	0.	0.91485	-2.1725e-006
521	-0.21982	0.	4.9571e-002	5.2179e-003
522	-7.0652e-002	0.	0.155	-1.4295e-003
523	-0.34492	0.	0.80226	-3.3575e-006
524	-1.3053e-003	0.	9.6963e-002	-1.0376e-003
525	-0.28309	0.	6.5209e-002	1.5052e-003
526	-0.36952	0.	8.187e-002	4.9399e-004
527	-0.21749	0.	0.61824	-1.5574e-005
528	-0.18398	0.	3.4773e-002	1.6555e-002
529	0.69611	0.	0.52564	1.0159e-005
530	0.7418	0.	0.312	1.7236e-005
531	-0.50108	0.	0.20681	1.0393e-004
532	0.18	0.	0.9606	-7.7925e-007
533	-0.32641	0.	0.22631	9.6536e-005
534	0.79523	0.	0.5933	7.5017e-006
535	0.32822	0.	0.38752	2.2097e-005
536	-0.5297	0.	0.66341	3.419e-006
537	-4.6046e-002	0.	0.19618	-6.8826e-004
538	0.11898	0.	0.2834	2.8364e-006
539	-7.5655e-002	0.	0.78054	-6.7966e-006
540	0.29469	0.	0.11733	1.9514e-004
541	-0.8988	0.	0.47164	9.7778e-006
542	-0.85241	0.	0.95099	9.4376e-007
543	-0.1241	0.	0.14453	-1.2219e-003
544	-0.62638	0.	0.88799	1.1724e-006
545	0.22216	0.	0.40134	9.8744e-006
546	-0.91946	0.	0.72123	4.0824e-006
547	0.19655	0.	0.2421	1.0298e-004
548	-1.0405	0.	0.79441	2.9463e-006
549	-1.0742	0.	0.28216	1.3073e-005
550	0.10419	0.	0.40902	-2.2178e-005
551	0.92867	0.	0.81667	2.4798e-006
552	0.307	0.	0.22332	1.0064e-004
553	-1.0754	0.	0.42917	9.8795e-006
554	-1.0486e-002	0.	5.4238e-002	6.9319e-004
555	0.88718	0.	0.59827	6.3311e-006
556	-0.72499	0.	0.33256	2.5393e-005
1815	-1.1429e-002	0.	3.e-002	3.0429e-003
1816	0.	0.	2.5e-002	3.0955e-002
1818	2.2727e-002	0.	1.5e-002	1.7727e-002
1819	2.0941e-002	0.	4.4529e-002	8.8806e-003
1820	-5.2428e-003	0.	4.2119e-002	7.0338e-003
1825	-3.4286e-002	0.	3.e-002	-1.0737e-002
1828	-2.884e-002	0.	5.0416e-002	-6.5492e-003
1829	-1.6671e-002	0.	4.2119e-002	-3.2977e-003
1833	-5.7143e-002	0.	3.e-002	-1.558e-002
1836	-4.0268e-002	0.	5.0416e-002	-9.9973e-003
1837	-5.7877e-002	0.	4.5951e-002	-1.2886e-002
1842	-8.e-002	0.	3.e-002	-1.5986e-002
1845	-6.9306e-002	0.	4.5951e-002	-1.4282e-002
1847	-0.10286	0.	3.e-002	-1.3937e-002
1850	-8.0734e-002	0.	4.5951e-002	-1.3292e-002
1851	-9.9353e-002	0.	4.8066e-002	-1.1444e-002
1853	-0.12571	0.	3.e-002	-1.0515e-002
1856	-0.12618	0.	4.2935e-002	-9.0378e-003
1857	-0.11078	0.	4.8066e-002	-1.0386e-002
1860	-0.14857	0.	3.e-002	1.9556e-003
1863	-0.1376	0.	4.2935e-002	-6.6744e-003
1866	-0.16	0.	2.5e-002	3.0479e-002
1868	-0.14903	0.	4.2935e-002	3.4332e-003
1869	-0.16731	0.	5.2148e-002	7.1078e-003
1870	-0.17199	0.	3.2387e-002	1.4309e-002
1877	-0.16	0.	1.e-002	6.5492e-002
1878	-0.18273	0.	1.e-002	3.2788e-002
1879	-0.17199	0.	2.7387e-002	3.2725e-002
1917	0.	0.	1.e-002	6.219e-002
1918	2.2727e-002	0.	1.e-002	3.5307e-002
3455	0.13636	0.	0.	2.8443e-003
3456	6.8182e-002	0.	0.	1.3362e-002
3457	6.6395e-002	0.	2.9529e-002	4.5154e-003
3458	0.10716	0.	3.8513e-002	2.9293e-003
3467	0.22727	0.	0.	6.9229e-004
3468	0.15261	0.	3.8513e-002	1.1296e-003
3469	0.19743	0.	4.453e-002	7.633e-004
3476	0.31818	0.	0.	2.4931e-004
3477	0.24288	0.	4.453e-002	4.1094e-004
3478	0.28371	0.	5.8663e-002	2.6753e-004
3485	0.40909	0.	0.	1.2052e-004
3486	0.37779	0.	8.2364e-002	1.2535e-004
3487	0.41943	0.	5.6105e-002	1.148e-004
3488	0.32917	0.	5.8663e-002	1.7691e-004
3497	0.5	0.	0.	6.6389e-005
3498	0.46488	0.	5.6105e-002	7.6637e-005
3504	0.59091	0.	0.	4.2756e-005
3505	0.57655	0.	6.8648e-002	4.3693e-005
3506	0.51034	0.	5.6105e-002	6.067e-005
3514	0.68182	0.	0.	3.046e-005
3515	0.62201	0.	6.8648e-002	3.6027e-005
3516	0.68991	0.	5.3791e-002	3.0049e-005
3521	0.77273	0.	0.	2.2836e-005
3522	0.73537	0.	5.3791e-002	2.5418e-005
3528	0.86364	0.	0.	1.7911e-005
3529	0.78082	0.	5.3791e-002	2.2424e-005
3530	0.85246	0.	7.6723e-002	1.7834e-005
3539	0.95455	0.	4.6818e-002	1.5645e-005
3540	0.95455	0.	0.	1.5699e-005
3541	0.89792	0.	7.6723e-002	1.5903e-005
3546	-1.0236	0.	0.	1.7993e-005
3547	-1.1145	0.	4.6818e-002	1.6179e-005
3548	-1.1145	0.	0.	1.6161e-005
3549	-1.0431	0.	5.5597e-002	1.6952e-005
3554	-0.93273	0.	0.	2.2727e-005
3555	-0.9976	0.	5.5597e-002	1.8241e-005
3562	-0.84182	0.	0.	3.1563e-005
3563	-0.86831	0.	6.6958e-002	2.7047e-005
3564	-0.95214	0.	5.5597e-002	2.1686e-005
3571	-0.75091	0.	0.	4.2652e-005
3572	-0.82285	0.	6.6958e-002	3.2437e-005
3573	-0.75176	0.	5.7735e-002	4.4732e-005
3579	-0.66	0.	0.	6.8357e-005
3580	-0.7063	0.	5.7735e-002	5.0432e-005
3588	-0.56909	0.	0.	1.1674e-004
3589	-0.59628	0.	5.6878e-002	9.3905e-005
3590	-0.66085	0.	5.7735e-002	7.0437e-005
3595	-0.47818	0.	0.	2.1997e-004
3596	-0.55083	0.	5.6878e-002	1.2229e-004
3597	-0.49922	0.	5.0477e-002	1.6715e-004
3606	-0.38727	0.	0.	6.3524e-004
3607	-0.45376	0.	5.0477e-002	2.42e-004
3608	-0.40113	0.	4.0935e-002	3.9441e-004
3616	-0.29636	0.	0.	2.5899e-003
3617	-0.31245	0.	3.2604e-002	1.2404e-003
3618	-0.35567	0.	4.0935e-002	7.3482e-004
3626	-0.22818	0.	0.	1.0442e-002
3627	-0.23536	0.	2.4785e-002	4.711e-003
3628	-0.267	0.	3.2604e-002	2.8547e-003
3860	-1.16	0.	0.14045	1.4971e-005
3861	-1.16	0.	4.6818e-002	1.5635e-005
3862	-1.0885	0.	0.10241	1.6427e-005
3865	-1.16	0.	0.23409	1.3231e-005
3866	-1.0885	0.	0.14923	1.5744e-005
3867	-1.1171	0.	0.23472	1.3681e-005
3871	-1.16	0.	0.32773	1.1447e-005
3872	-1.1171	0.	0.28154	1.2623e-005
3875	-1.16	0.	0.42136	9.7769e-006
3876	-1.1171	0.	0.32835	1.1897e-005
3877	-1.1177	0.	0.40186	1.0301e-005
3879	-1.16	0.	0.515	7.8302e-006
3880	-1.0882	0.	0.49058	8.6389e-006
3881	-1.1177	0.	0.44867	9.3558e-006
3885	-1.16	0.	0.60864	5.9289e-006
3886	-1.0882	0.	0.5374	7.637e-006
3887	-1.1045	0.	0.60895	6.1438e-006
3891	-1.16	0.	0.70227	4.3066e-006
3892	-1.1045	0.	0.65577	5.2443e-006
3894	-1.16	0.	0.79591	2.9211e-006
3895	-1.1045	0.	0.70258	4.5215e-006
3896	-1.1002	0.	0.77175	3.265e-006
3900	-1.16	0.	0.88955	1.5146e-006
3901	-1.1033	0.	0.88138	1.7575e-006
3902	-1.1002	0.	0.81857	2.6023e-006
3907	-1.113	0.	0.98318	5.7746e-007
3908	-1.16	0.	0.98318	5.599e-007
3909	-1.1033	0.	0.92819	1.0137e-006
3937	-1.0191	0.	1.03	4.4624e-007
3938	-1.113	0.	1.03	3.665e-007
3939	-1.0564	0.	0.97501	8.2035e-007
3943	-0.92522	0.	1.03	4.0008e-007
3944	-0.94632	0.	0.95099	1.1756e-006
3945	-1.0094	0.	0.97501	8.8253e-007
3946	-0.91229	0.	0.9905	7.2609e-007
3948	-0.8313	0.	1.03	3.408e-007
3949	-0.86534	0.	0.9905	6.1775e-007
3953	-0.73739	0.	1.03	3.6947e-007
3954	-0.7597	0.	0.97426	7.2397e-007
3955	-0.81838	0.	0.9905	6.6682e-007
3957	-0.64348	0.	1.03	2.9109e-007
3958	-0.71274	0.	0.97426	7.0356e-007
3959	-0.65841	0.	0.95899	7.6072e-007
3963	-0.54957	0.	1.03	9.5223e-008
3964	-0.56483	0.	0.96144	2.8777e-007
3965	-0.61145	0.	0.95899	7.0275e-007
3968	-0.45565	0.	1.03	-2.0544e-007
3969	-0.51788	0.	0.96144	1.4988e-007
3970	-0.45664	0.	0.97007	-3.7963e-007
3975	-0.36174	0.	1.03	-4.8566e-007
3976	-0.40969	0.	0.97007	-5.4241e-007
3980	-0.26783	0.	1.03	-7.1494e-007
3981	-0.30291	0.	0.96352	-1.1311e-006
3982	-0.36273	0.	0.97007	-6.5985e-007
3985	-0.17391	0.	1.03	-9.7056e-007
3986	-0.25595	0.	0.96352	-1.243e-006
3987	-0.20678	0.	0.97243	-1.4996e-006
3991	-8.e-002	0.	1.03	-1.1996e-006
3992	-0.11434	0.	0.95562	-2.4362e-006
3993	-0.15982	0.	0.97243	-1.6434e-006
3998	1.3913e-002	0.	1.03	-1.0959e-006
3999	-6.7384e-002	0.	0.95562	-2.5214e-006
4000	-1.4194e-002	0.	0.9637	-1.9291e-006
4003	0.10783	0.	1.03	-6.6667e-007
4004	9.4496e-002	0.	0.95663	-1.6533e-006
4005	3.2763e-002	0.	0.9637	-1.7403e-006
4006	0.12044	0.	0.9953	-8.4318e-007
4010	0.20174	0.	1.03	-3.2271e-007
4011	0.16739	0.	0.9953	-6.0273e-007
4015	0.29565	0.	1.03	-1.1929e-007
4016	0.25716	0.	0.96726	-4.383e-007
4017	0.21435	0.	0.9953	-4.9923e-007
4019	0.38957	0.	1.03	1.0499e-007
4020	0.30411	0.	0.96726	-3.3838e-007
4021	0.3876	0.	0.96648	2.5009e-007
4025	0.48348	0.	1.03	4.4154e-007
4026	0.43455	0.	0.96648	3.7445e-007
4029	0.57739	0.	1.03	5.8809e-007
4030	0.55511	0.	0.95308	9.5232e-007
4031	0.48151	0.	0.96648	5.8663e-007
4036	0.6713	0.	1.03	4.7631e-007
4037	0.60207	0.	0.95308	8.8669e-007
4038	0.66791	0.	0.98168	7.2986e-007
4040	0.76522	0.	1.03	5.8629e-007
4041	0.71487	0.	0.98168	6.8371e-007
4044	0.85913	0.	1.03	6.8261e-007
4045	0.82581	0.	0.95665	1.2666e-006
4046	0.76183	0.	0.98168	8.3984e-007
4052	0.95304	0.	0.98318	9.1825e-007
4053	0.95304	0.	1.03	5.1907e-007
4054	0.87277	0.	0.95665	1.2068e-006
4081	1.	0.	0.88955	1.7327e-006
4082	1.	0.	0.98318	8.1452e-007
4083	0.91973	0.	0.90983	1.5023e-006
4084	0.96433	0.	0.87652	1.8468e-006
4088	1.	0.	0.79591	2.8116e-006
4089	0.96433	0.	0.8297	2.3658e-006
4091	1.	0.	0.70227	4.2268e-006
4092	0.92498	0.	0.73043	3.6469e-006
4093	0.96433	0.	0.78288	2.9256e-006
4097	1.	0.	0.60864	6.018e-006
4098	0.92498	0.	0.68361	4.5023e-006
4099	0.94359	0.	0.62686	5.7067e-006
4105	1.	0.	0.515	7.9178e-006
4106	0.93293	0.	0.52289	7.8109e-006
4107	0.94359	0.	0.58005	6.6425e-006
4109	1.	0.	0.42136	9.5987e-006
4110	0.93293	0.	0.47608	8.775e-006
4115	1.	0.	0.32773	1.1755e-005
4116	0.93293	0.	0.42926	9.4918e-006
4117	0.9269	0.	0.36581	1.1096e-005
4120	1.	0.	0.23409	1.3652e-005
4121	0.90986	0.	0.26008	1.5254e-005
4122	0.9269	0.	0.31899	1.2536e-005
4123	0.94337	0.	0.21718	1.4511e-005
4127	1.	0.	0.14045	1.4709e-005
4128	0.94337	0.	0.17036	1.4967e-005
4131	1.	0.	4.6818e-002	1.5364e-005
4132	0.94337	0.	0.12354	1.5568e-005
4134	2.2727e-002	0.	0.	4.8962e-002
4139	-0.18273	0.	0.	4.9385e-002
4150	4.3668e-002	0.	2.9529e-002	1.3233e-002
4161	-0.21264	0.	2.4785e-002	1.0949e-002
4162	-0.19472	0.	1.7387e-002	1.6618e-002
4172	0.1835	0.	0.67007	-5.4148e-006
4173	0.15466	0.	0.62599	-6.4934e-006
4174	4.1558e-002	0.	0.67878	-1.0433e-005
4175	8.8703e-002	0.	0.62802	-1.421e-005
4176	8.1861e-002	0.	0.73046	-7.551e-006
4177	0.15273	0.	0.73004	-5.6182e-006
4181	-3.7312e-003	0.	0.41531	-8.0294e-005
4182	2.0725e-002	0.	0.35385	-8.4301e-005
4183	-4.2587e-002	0.	0.31508	-2.3463e-004
4184	-6.101e-002	0.	0.40899	-9.1896e-005
4185	-7.7507e-002	0.	0.35924	-1.3783e-004
4186	7.0175e-003	0.	0.31913	-1.1695e-004
4194	-0.73004	0.	0.56474	9.3753e-006
4195	-0.5866	0.	0.47989	1.3618e-005
4196	-0.71013	0.	0.47791	1.2764e-005
4197	-0.58978	0.	0.53834	9.202e-006
4198	-0.64169	0.	0.57274	8.8861e-006
4199	-0.64292	0.	0.45149	1.7671e-005
4204	0.47686	0.	0.60146	5.9899e-006
4205	0.48673	0.	0.52209	1.0718e-005
4206	0.62288	0.	0.61635	6.5963e-006
4207	0.57413	0.	0.65627	5.3405e-006
4208	0.56991	0.	0.50944	1.1271e-005
4209	0.5075	0.	0.66337	4.938e-006
4210	0.62385	0.	0.55403	8.7443e-006
4215	-0.14564	0.	0.18861	-3.7799e-004
4216	-0.13012	0.	0.2339	-4.0741e-004
4217	-7.9688e-002	0.	0.23504	-4.6259e-004
4218	-8.663e-002	0.	0.17913	-1.0033e-003
4219	-7.4327e-002	0.	0.19972	-6.327e-004
4220	-0.11335	0.	0.17389	-8.9951e-004
4224	-0.45477	0.	0.41117	1.5537e-005
4225	-0.33308	0.	0.4104	-1.6787e-007
4226	-0.45342	0.	0.35388	2.721e-005
4227	-0.39669	0.	0.43693	7.6833e-006
4228	-0.35128	0.	0.34018	1.8413e-005
4229	-0.39678	0.	0.32455	4.4606e-005
4233	-0.37626	0.	0.71648	-3.1132e-006
4234	-0.23039	0.	0.69354	-8.4368e-006
4235	-0.35832	0.	0.65541	-2.9472e-006
4236	-0.29821	0.	0.62921	-9.583e-006
4237	-0.25475	0.	0.74653	-5.5097e-006
4238	-0.32101	0.	0.74759	-4.5402e-006
4239	-0.2573	0.	0.65558	-1.0648e-005
4244	0.34911	0.	0.46733	1.0011e-005
4245	0.23567	0.	0.52166	9.0092e-007
4246	0.21134	0.	0.47866	-2.8954e-006
4247	0.29554	0.	0.51275	4.9251e-006
4248	0.30229	0.	0.43021	1.4006e-005
4249	0.24926	0.	0.43712	7.8945e-006
4254	0.67138	0.	0.35424	1.9765e-005
4255	0.61416	0.	0.21835	3.1358e-005
4256	0.60444	0.	0.36793	2.0483e-005
4257	0.55828	0.	0.26191	3.5666e-005
4258	0.5675	0.	0.31894	2.7382e-005
4259	0.68123	0.	0.3057	2.1495e-005
4263	-4.122e-002	0.	8.9161e-002	-4.2765e-003
4264	-5.8829e-002	0.	8.4697e-002	-7.1655e-003
4265	-3.1422e-002	0.	0.12892	-1.8415e-003
4266	-6.9695e-002	0.	0.10635	-3.09e-003
4267	-5.9135e-002	0.	0.13125	-2.0863e-003
4268	-2.4462e-002	0.	0.10223	-1.8904e-003
4273	-0.70387	0.	0.24692	3.6456e-005
4274	-0.86769	0.	0.23246	2.3563e-005
4275	-0.80989	0.	0.18822	2.795e-005
4276	-0.82364	0.	0.28586	2.2941e-005
4277	-0.73879	0.	0.179	4.0245e-005
4278	-0.74772	0.	0.28755	2.6685e-005
4282	-0.14994	0.	0.10895	-1.6066e-003
4283	-0.13592	0.	7.5736e-002	-3.9027e-003
4284	-0.1542	0.	8.4949e-002	-2.2801e-004
4285	-0.12053	0.	8.0867e-002	-5.2504e-003
4286	-0.11278	0.	0.10041	-3.0226e-003
4287	-0.12894	0.	0.12007	-1.9152e-003
4291	-0.2384	0.	0.289	-4.5334e-005
4292	-0.21944	0.	0.20427	-1.0578e-004
4293	-0.27065	0.	0.19326	1.8567e-004
4294	-0.20393	0.	0.24957	-1.352e-004
4295	-0.28197	0.	0.26869	-5.9464e-006
4296	-0.28832	0.	0.23045	3.1902e-005
4302	-0.78568	0.	0.70491	4.8112e-006
4303	-0.68552	0.	0.77723	2.4005e-006
4304	-0.84212	0.	0.83366	2.4311e-006
4305	-0.74941	0.	0.85692	2.0388e-006
4306	-0.69732	0.	0.7129	4.322e-006
4307	-0.80809	0.	0.87316	1.9816e-006
4308	-0.69507	0.	0.84165	2.0959e-006
4309	-0.84161	0.	0.75827	3.5509e-006
4314	-0.12007	0.	0.54146	-2.7663e-005
4315	-0.22804	0.	0.48716	-2.3022e-005
4316	-0.23903	0.	0.54829	-2.1582e-005
4317	-0.13619	0.	0.49286	-4.614e-005
4318	-0.1798	0.	0.48019	-4.4346e-005
4319	-0.19813	0.	0.57466	-2.2647e-005
4323	0.3399	0.	0.31073	4.7418e-005
4324	0.22443	0.	0.32624	3.0273e-005
4325	0.30434	0.	0.35287	3.4466e-005
4326	0.25131	0.	0.35978	2.8354e-005
4327	0.2385	0.	0.28016	7.4909e-005
4328	0.29373	0.	0.27077	7.3739e-005
4331	8.5012e-002	0.	0.17483	2.0239e-004
4332	6.2613e-002	0.	0.21025	-1.4006e-004
4333	0.13305	0.	0.18453	1.7355e-004
4334	7.6321e-002	0.	0.24497	-4.0766e-005
4335	0.11459	0.	0.24921	1.6982e-005
4336	0.15338	0.	0.22856	6.7055e-005
4340	3.7425e-002	0.	0.17006	3.1201e-005
4341	5.0853e-002	0.	9.685e-002	2.3802e-003
4342	0.10786	0.	0.14435	3.4481e-004
4343	2.2299e-002	0.	0.14249	-2.8303e-004
4344	9.1613e-002	0.	0.10583	7.941e-004
4345	2.9259e-002	0.	0.1158	-3.3198e-004
4352	-0.99927	0.	0.44133	1.0244e-005
4353	-1.0327	0.	0.58453	6.9524e-006
4354	-0.97589	0.	0.55403	7.4024e-006
4355	-0.95757	0.	0.49231	9.1117e-006
4356	-1.0459	0.	0.47107	9.1626e-006
4360	-0.43747	0.	0.67897	-3.3756e-007
4361	-0.49428	0.	0.81646	-8.0593e-008
4362	-0.53134	0.	0.74959	6.3896e-007
4363	-0.43304	0.	0.82509	-6.1011e-007
4364	-0.40016	0.	0.77115	-1.9306e-006
4365	-0.49255	0.	0.70173	1.4577e-006
4369	0.36931	0.	0.69218	2.532e-006
4370	0.41199	0.	0.54113	9.3792e-006
4371	0.32739	0.	0.63955	1.3476e-006
4372	0.43277	0.	0.68241	3.5988e-006
4373	0.35842	0.	0.58655	4.2931e-006
4377	0.8447	0.	0.79753	2.8566e-006
4378	0.77206	0.	0.68103	4.8929e-006
4379	0.77677	0.	0.75423	3.2928e-006
4380	0.82259	0.	0.65254	5.712e-006
4381	0.88931	0.	0.76422	3.2011e-006
4382	0.86856	0.	0.65502	5.1268e-006
4388	4.54e-002	0.	0.40583	-4.3363e-005
4389	-2.0215e-002	0.	0.50957	-3.2481e-005
4390	8.3635e-002	0.	0.47585	-2.5531e-005
4391	4.1999e-002	0.	0.52089	-2.9451e-005
4392	-3.6336e-002	0.	0.46097	-5.0958e-005
4393	6.2567e-002	0.	0.43815	-3.0767e-005
4397	-0.11252	0.	0.62301	-1.8378e-005
4398	-9.7456e-002	0.	0.68509	-1.1571e-005
4399	-0.18804	0.	0.74715	-8.2236e-006
4400	-0.19058	0.	0.6562	-1.3362e-005
4401	-0.11967	0.	0.73735	-8.9737e-006
4405	-0.60766	0.	0.18253	7.2192e-005
4406	-0.57765	0.	0.29075	4.1684e-005
4407	-0.67222	0.	0.18339	4.8723e-005
4408	-0.63532	0.	0.31964	3.4064e-005
4409	-0.56919	0.	0.22906	7.4434e-005
4410	-0.68114	0.	0.29193	3.5164e-005
4416	0.58823	0.	0.80313	2.3014e-006
4417	0.50619	0.	0.88956	8.8523e-007
4418	0.6417	0.	0.83643	1.957e-006
4419	0.64563	0.	0.90476	1.0941e-006
4420	0.5216	0.	0.81023	1.8989e-006
4424	0.79397	0.	0.44652	1.1223e-005
4425	0.65516	0.	0.42277	1.4495e-005
4426	0.78795	0.	0.38307	1.2827e-005
4427	0.7091	0.	0.46735	1.1968e-005
4428	0.73195	0.	0.36054	1.5507e-005
4431	0.29458	0.	0.71122	-7.7111e-007
4432	0.30106	0.	0.83419	-1.2208e-007
4433	0.38454	0.	0.83341	4.6639e-007
4434	0.2638	0.	0.77119	-9.7458e-007
4435	0.39996	0.	0.75408	1.4801e-006
4438	-0.25195	0.	0.39333	-3.713e-005
4439	-0.19211	0.	0.30398	-1.478e-004
4440	-0.17659	0.	0.34928	-1.0618e-004
4441	-0.27015	0.	0.32311	-1.8549e-005
4442	-0.20371	0.	0.38636	-5.8454e-005
4446	-0.35942	0.	0.5917	-6.8074e-006
4447	-0.41205	0.	0.5571	-3.9605e-007
4448	-0.4733	0.	0.58979	3.0425e-006
4449	-0.47462	0.	0.64066	1.6237e-006
4454	-0.34236	0.	0.16253	3.1479e-004
4455	-0.43422	0.	0.13703	2.0734e-004
4456	-0.39918	0.	0.22232	1.4936e-004
4457	-0.38158	0.	0.12749	3.5975e-004
4458	-0.44736	0.	0.18996	1.6472e-004
4459	-0.36002	0.	0.19971	1.6102e-004
4463	0.4106	0.	0.3825	3.1054e-005
4464	0.50504	0.	0.44911	1.466e-005
4465	0.4681	0.	0.40012	2.1559e-005
4466	0.36829	0.	0.50718	9.0216e-006
4467	0.37504	0.	0.42464	1.8102e-005
4472	0.11914	0.	0.33931	-1.6829e-005
4473	5.6148e-002	0.	0.30965	-8.0014e-005
4474	9.442e-002	0.	0.31389	-2.2267e-005
4475	8.7024e-002	0.	0.37669	-3.4774e-005
4479	-0.90714	0.	0.17815	2.3535e-005
4480	-0.92089	0.	0.27579	1.8526e-005
4481	-0.97357	0.	0.29603	1.5595e-005
4482	-0.99098	0.	0.16679	1.8174e-005
4483	-1.0196	0.	0.25228	1.6111e-005
4487	-0.15706	0.	0.8407	-4.5273e-006
4488	-4.8534e-002	0.	0.88933	-3.1658e-006
4489	-0.14721	0.	0.89805	-2.9653e-006
4490	-8.869e-002	0.	0.83089	-5.2774e-006
4495	0.39564	0.	0.23398	7.0008e-005
4496	0.44392	0.	0.19457	6.8796e-005
4497	0.43358	0.	0.13847	8.1466e-005
4498	0.34332	0.	0.14103	1.4358e-004
4499	0.34947	0.	0.19402	9.6329e-005
4503	-2.0872e-002	0.	0.23615	-3.2964e-004
4504	-1.0051e-004	0.	0.17791	-6.2548e-004
4505	2.8733e-002	0.	0.2402	-2.1195e-004
4506	-1.551e-002	0.	0.20083	-4.9975e-004
4511	0.78159	0.	0.17341	2.1159e-005
4512	0.83676	0.	0.29815	1.4595e-005
4513	0.85323	0.	0.19634	1.6569e-005
4514	0.78076	0.	0.27562	1.7274e-005
4518	-0.78768	0.	0.52766	9.9921e-006
4519	-0.71924	0.	0.62249	6.1138e-006
4520	-0.87152	0.	0.60478	6.4811e-006
4521	-0.85319	0.	0.54306	8.1904e-006
4522	-0.86353	0.	0.66786	5.3427e-006
4527	-5.2431e-002	0.	6.6367e-002	-8.6988e-003
4528	-1.8064e-002	0.	8.3897e-002	-3.4237e-003
4529	-2.2654e-002	0.	6.2535e-002	-2.5583e-003
4535	-0.51936	0.	0.3875	2.676e-005
4536	-0.46264	0.	0.47054	7.2335e-006
4537	-0.52389	0.	0.50323	1.0672e-005
4538	-0.57704	0.	0.41638	1.9141e-005
4542	-4.6304e-002	0.	0.61393	-1.8799e-005
4543	8.4054e-004	0.	0.56317	-2.2576e-005
4544	-7.7494e-002	0.	0.50325	-4.4083e-005
4545	-0.13943	0.	0.58504	-2.059e-005
4549	0.19687	0.	0.89389	-1.5284e-006
4550	8.8746e-002	0.	0.83131	-4.3138e-006
4551	0.15961	0.	0.83089	-2.3809e-006
4552	6.6389e-002	0.	0.89033	-2.4865e-006
4553	0.15406	0.	0.92193	-1.5894e-006
4558	-0.25172	0.	0.84859	-3.4778e-006
4559	-0.35086	0.	0.90359	-1.1879e-006
4560	-0.24186	0.	0.90595	-1.9158e-006
4561	-0.31798	0.	0.84965	-2.5083e-006
4567	-0.82231	0.	0.38501	1.5643e-005
4568	-0.70057	0.	0.4144	1.8287e-005
4569	-0.83329	0.	0.45623	1.1579e-005
4570	-0.74639	0.	0.3867	1.9387e-005
4576	-0.28831	0.	0.50437	-1.4883e-005
4577	-0.34094	0.	0.46977	-8.4718e-006
4578	-0.29552	0.	0.37302	2.2582e-006
4579	-0.22908	0.	0.43627	-3.7647e-005
4583	-0.57021	0.	0.82601	1.062e-006
4584	-0.47191	0.	0.90151	-1.8709e-007
4585	-0.57976	0.	0.89044	7.574e-007
4589	-0.17738	0.	0.14812	-3.9179e-004
4590	-0.23987	0.	0.16295	1.1263e-004
4591	-0.17315	0.	0.21925	-2.0825e-004
4592	-0.20541	0.	0.14128	3.7777e-004
4593	-0.15638	0.	0.15924	-7.0035e-004
4597	-0.17037	0.	9.8292e-002	7.7385e-004
4598	-0.19413	0.	0.11545	1.648e-004
4599	-0.1451	0.	0.13341	-9.1332e-004
4604	-0.25661	0.	0.13028	6.6922e-004
4605	-0.28708	0.	0.10858	9.5464e-004
4606	-0.3303	0.	0.11691	4.4904e-004
4607	-0.30874	0.	0.18913	2.5031e-004
4612	0.22382	0.	0.61451	-3.0341e-006
4613	0.22188	0.	0.71855	-2.1589e-006
4614	0.28369	0.	0.6056	9.9008e-007
4617	8.2642e-002	0.	6.8042e-002	2.8007e-003
4618	2.0288e-002	0.	7.801e-002	1.6746e-003
4619	1.5698e-002	0.	5.6648e-002	2.54e-003
4626	-0.15635	0.	6.5082e-002	-1.5222e-003
4627	-0.12267	0.	6.1001e-002	-6.5446e-003
4632	0.77153	0.	0.83999	2.227e-006
4633	0.77547	0.	0.90833	1.364e-006
4634	0.88406	0.	0.84998	2.1353e-006
4638	-0.61908	0.	0.69481	3.7031e-006
4639	-0.56848	0.	0.71127	2.6003e-006
4640	-0.61683	0.	0.82356	1.477e-006
4644	0.19541	0.	0.16025	2.6256e-004
4645	0.22398	0.	0.12775	3.4555e-004
4646	0.26481	0.	0.14188	2.0214e-004
4647	0.21574	0.	0.20427	1.5606e-004
4648	0.27096	0.	0.19488	1.5489e-004
4651	-0.19839	0.	9.145e-002	1.5434e-003
4652	-0.19722	0.	6.1933e-002	3.6852e-003
4653	-0.1793	0.	5.4534e-002	9.3538e-003
4660	-0.98359	0.	0.89601	1.5497e-006
4661	-0.88644	0.	0.91149	1.3932e-006
4662	-0.91997	0.	0.79661	2.9625e-006
4663	-0.98046	0.	0.8332	2.3945e-006
4668	0.17065	0.	0.52743	-7.909e-006
4669	0.12901	0.	0.57246	-1.183e-005
4670	0.25485	0.	0.56152	-8.8543e-008
4675	-0.64258	0.	0.11461	7.598e-005
4676	-0.52641	0.	0.10736	1.4431e-004
4677	-0.53955	0.	0.16028	1.0169e-004
4680	0.64541	0.	0.69019	4.6077e-006
4681	0.69888	0.	0.72349	4.2633e-006
4682	0.69514	0.	0.58796	8.0115e-006
4683	0.74469	0.	0.62179	6.6826e-006
4687	-0.1072	0.	0.26569	-2.9285e-004
4688	-0.14212	0.	0.30984	-1.9604e-004
4692	0.85982	0.	0.42052	1.0273e-005
4693	0.78098	0.	0.5048	9.4138e-006
4694	0.83054	0.	0.53864	8.0849e-006
4695	0.87651	0.	0.54112	7.4996e-006
4700	0.44762	0.	0.26383	4.679e-005
4701	0.45683	0.	0.32085	3.8506e-005
4702	0.36378	0.	0.34538	3.5049e-005
4703	0.35317	0.	0.26327	7.4323e-005
4708	1.5909e-002	0.	0.62525	-1.5769e-005
4709	9.0675e-003	0.	0.72769	-9.1099e-006
4710	-5.3446e-002	0.	0.72827	-9.3942e-006
4715	-0.35193	0.	0.53089	-7.0319e-006
4716	-0.2584	0.	0.59187	-1.4509e-005
4719	-0.57568	0.	0.35909	3.0813e-005
4720	-0.46136	0.	0.30087	5.5828e-005
4721	-0.50954	0.	0.26851	7.1183e-005
4726	-8.8658e-002	0.	6.4017e-002	-9.7401e-003
4727	-8.0905e-002	0.	8.3561e-002	-7.5123e-003
4734	0.10469	0.	0.52946	-1.5626e-005
4735	0.18424	0.	0.44288	-9.1541e-007
4736	0.12526	0.	0.44672	-1.6941e-005
4739	-9.1689e-002	0.	0.31098	-2.5122e-004
4740	-7.164e-003	0.	0.27087	-2.3034e-004
4741	-5.1407e-002	0.	0.2315	-5.1814e-004
4745	0.55177	0.	0.18086	4.1271e-005
4746	0.67555	0.	0.12244	3.0985e-005
4747	0.54143	0.	0.12475	5.394e-005
4748	0.67473	0.	0.22465	2.7099e-005
4752	0.65013	0.	0.7634	3.0076e-006
4753	0.53004	0.	0.73721	2.9494e-006
4759	-0.11011	0.	0.4049	-1.0849e-004
4760	-0.13722	0.	0.44198	-6.0766e-005
4764	0.1437	0.	0.30883	8.2741e-006
4765	0.19529	0.	0.3678	1.1793e-005
4766	0.18248	0.	0.28818	5.8348e-005
4767	0.1363	0.	0.37163	-4.2328e-006
4772	0.13965	0.	0.11554	7.6526e-004
4773	0.18446	0.	0.12156	3.9896e-004
4774	0.17622	0.	0.19808	2.0948e-004
4779	0.55127	0.	0.38747	2.2111e-005
4780	0.64216	0.	0.48105	1.2686e-005
4785	-0.46581	0.	0.52898	2.818e-006
4790	-0.15372	0.	0.39222	-1.067e-004
4793	0.3491	0.	0.90373	-6.8918e-008
4794	0.22836	0.	0.84152	-1.5099e-006
4795	0.22281	0.	0.93256	-7.1832e-007
4799	0.448	0.	0.82363	1.5332e-006
4805	-0.77825	0.	0.12469	4.0217e-005
4806	-0.93318	0.	0.12255	2.2561e-005
4811	0.70754	0.	0.86503	1.8002e-006
4816	-0.92952	0.	0.34943	1.4973e-005
4817	-0.88782	0.	0.40042	1.3841e-005
4818	-0.80091	0.	0.33088	2.1648e-005
4824	-0.22099	0.	7.9088e-002	3.0761e-003
4825	-0.25262	0.	8.6907e-002	1.2198e-003
4830	-0.79373	0.	0.93476	1.0009e-006
4831	-0.68072	0.	0.90325	1.1152e-006
4836	0.12024	0.	0.77895	-4.2952e-006
4837	2.7014e-002	0.	0.83839	-4.4007e-006
4838	-1.3142e-002	0.	0.77996	-6.5123e-006
4843	0.48556	0.	0.16831	5.8248e-005
4844	0.50511	0.	0.28145	3.7294e-005
4846	-0.9405	0.	0.42066	1.091e-005
4847	-1.0282	0.	0.32592	1.2558e-005
4848	-1.0288	0.	0.39942	1.0961e-005
4858	-0.57898	0.	0.59608	5.9406e-006
4859	-0.52839	0.	0.61254	4.8377e-006
4861	0.8151	0.	0.13051	2.0416e-005
4862	0.74263	0.	0.20979	2.1121e-005
4868	-9.9524e-002	0.	8.5675e-002	-5.6646e-003
4875	0.7978	0.	0.33453	1.4556e-005
4884	-0.20254	0.	0.8575	-3.7345e-006
4885	-0.27866	0.	0.8012	-4.327e-006
4886	-0.14403	0.	0.79034	-6.0466e-006
4890	-1.0456	0.	0.19668	1.5137e-005
4895	-4.2939e-002	0.	0.15267	-1.1846e-003
4896	-8.2658e-003	0.	0.12365	-9.8865e-004
4897	-3.0636e-002	0.	0.17326	-8.1398e-004
4902	-3.5499e-002	0.	0.83897	-4.685e-006
4907	-0.99225	0.	0.62558	5.9092e-006
4908	-0.98426	0.	0.68865	4.7708e-006
4909	-1.0448	0.	0.72524	4.2027e-006
4915	-1.0436	0.	0.85722	2.1015e-006
4921	8.0712e-002	0.	0.27916	-5.4911e-005
4925	-0.35922	0.	0.28717	4.7032e-005
4926	-0.32006	0.	0.26456	5.8688e-005
4930	-0.42216	0.	9.1412e-002	3.4159e-004
4931	-0.48794	0.	0.15388	1.4656e-004
4934	-0.58029	0.	0.64695	4.5218e-006
4946	-0.67917	0.	0.36027	2.4293e-005
4955	0.16822	0.	8.3044e-002	8.4825e-004
4960	0.25386	0.	0.10319	3.3855e-004
4965	-8.1212e-002	0.	0.13011	-2.4331e-003
4966	-0.10793	0.	0.12487	-2.3293e-003
4980	-0.91712	0.	0.53336	8.0685e-006
4981	-0.92745	0.	0.65815	5.2208e-006
4988	-0.4529	0.	0.23917	8.8579e-005
4989	-0.36557	0.	0.24892	8.488e-005
4992	-0.3778	0.	0.8562	-2.0371e-006
4999	-0.25146	0.	5.739e-002	3.3616e-003
5000	-0.2019	0.	4.2172e-002	1.0887e-002
5005	-5.8349e-002	0.	0.17559	-1.0589e-003
5006	-9.7375e-002	0.	0.14976	-1.3257e-003
5013	-5.8954e-003	0.	7.5601e-002	-1.7221e-004
5018	-0.32631	0.	7.3539e-002	9.996e-004
5034	0.74567	0.	0.55947	8.8306e-006
5053	0.8412	0.	0.59579	6.9164e-006
5057	0.27519	0.	0.39443	1.5986e-005
5065	0.15777	0.	0.26275	5.291e-005
5070	0.30085	0.	0.17032	1.4789e-004
5090	0.16318	0.	0.40518	-6.1516e-006
5093	-0.97996	0.	0.75782	3.5143e-006
5097	0.25177	0.	0.23271	1.0181e-004
5103	-1.0748	0.	0.35567	1.1476e-005
