Node Number	X Location (m)	Y Location (m)	Z Location (m)	Directional Magnetic Flux Density (T)
95	-0.32	0.	4.e-002	0.25362
96	-0.3	0.	4.e-002	0.43645
97	-0.28	0.	4.e-002	0.63571
98	-0.24	0.	4.e-002	0.82547
99	-0.2	0.	4.e-002	0.93259
100	-0.16	0.	4.e-002	0.96631
101	-0.12	0.	4.e-002	0.93269
102	-8.e-002	0.	4.e-002	0.79657
103	-4.e-002	0.	4.e-002	0.67032
104	0.	0.	4.e-002	0.26191
105	-2.e-002	0.	4.e-002	0.4155
169	-2.e-002	0.	-4.e-002	0.43201
170	0.	0.	-4.e-002	0.26614
171	-4.e-002	0.	-4.e-002	0.62144
172	-8.e-002	0.	-4.e-002	0.81518
173	-0.12	0.	-4.e-002	0.94322
174	-0.16	0.	-4.e-002	0.96614
175	-0.2	0.	-4.e-002	0.92733
176	-0.24	0.	-4.e-002	0.80434
177	-0.28	0.	-4.e-002	0.64092
178	-0.3	0.	-4.e-002	0.46816
179	-0.32	0.	-4.e-002	0.27785
543	0.	0.	0.	0.28169
544	-0.32	0.	0.	0.29619
1009	-4.e-002	0.	0.	0.63177
1010	-0.28	0.	0.	0.59323
1011	-0.11728	0.	8.1836e-019	0.93213
1012	-0.18695	0.	0.	0.95714
2555	-0.31	0.	4.e-002	0.34503
2557	-0.32	0.	2.e-002	0.2749
2562	-0.29	0.	4.e-002	0.53608
2564	-0.31	0.	2.e-002	0.36632
2565	-0.29	0.	2.e-002	0.51484
2569	-0.26	0.	4.e-002	0.73059
2571	-0.28	0.	2.e-002	0.61447
2574	-0.22	0.	4.e-002	0.87903
2576	-0.24	0.	0.	0.81491
2577	-0.26	0.	2.e-002	0.70935
2578	-0.21348	0.	2.e-002	0.8913
2582	-0.18	0.	4.e-002	0.94945
2584	-0.19348	0.	2.e-002	0.94487
2586	-0.14	0.	4.e-002	0.9495
2588	-0.13864	0.	2.e-002	0.94922
2589	-0.17348	0.	2.e-002	0.96173
2592	-0.1	0.	4.e-002	0.86463
2594	-0.11864	0.	2.e-002	0.93241
2597	-6.e-002	0.	4.e-002	0.73344
2599	-6.e-002	0.	2.e-002	0.71417
2600	-9.8642e-002	0.	2.e-002	0.86435
2604	-3.e-002	0.	4.e-002	0.54291
2606	-4.e-002	0.	2.e-002	0.65104
2608	-1.e-002	0.	4.e-002	0.33871
2610	0.	0.	2.e-002	0.2718
2617	-1.e-002	0.	2.e-002	0.3486
2618	-3.e-002	0.	2.e-002	0.52364
2923	-1.e-002	0.	-4.e-002	0.34907
2924	-3.e-002	0.	-4.e-002	0.52672
2925	-1.e-002	0.	-2.e-002	0.35685
2926	-3.e-002	0.	-2.e-002	0.53189
2931	0.	0.	-2.e-002	0.27391
2934	-6.e-002	0.	-4.e-002	0.71831
2935	-4.e-002	0.	-2.e-002	0.6266
2938	-0.1	0.	-4.e-002	0.8792
2939	-6.e-002	0.	-2.e-002	0.72347
2940	-9.8642e-002	0.	-2.e-002	0.87366
2944	-0.14	0.	-4.e-002	0.95468
2945	-0.11864	0.	-2.e-002	0.93767
2948	-0.18	0.	-4.e-002	0.94674
2949	-0.13864	0.	-2.e-002	0.94913
2950	-0.17348	0.	-2.e-002	0.96164
2953	-0.22	0.	-4.e-002	0.86584
2954	-0.19348	0.	-2.e-002	0.94224
2956	-0.26	0.	-4.e-002	0.72263
2957	-0.26	0.	-2.e-002	0.69879
2958	-0.21348	0.	-2.e-002	0.88074
2962	-0.29	0.	-4.e-002	0.55454
2963	-0.28	0.	-2.e-002	0.61708
2966	-0.31	0.	-4.e-002	0.37301
2967	-0.31	0.	-2.e-002	0.38218
2968	-0.29	0.	-2.e-002	0.5307
2974	-0.32	0.	-2.e-002	0.28702
5221	-2.e-002	0.	0.	0.45673
5230	-0.3	0.	0.	0.44471
8288	-7.8642e-002	0.	4.0918e-019	0.78195
8304	-0.15212	0.	4.0918e-019	0.94464
64	-0.3	0.	-5.e-002	1.4228e-002
65	-0.28	0.	-5.e-002	-1.4958e-002
66	-0.24	0.	-5.e-002	-1.953e-002
67	-0.2	0.	-5.e-002	-2.1674e-002
68	-0.16	0.	-5.e-002	-2.2137e-002
69	-0.12	0.	-5.e-002	-2.1971e-002
70	-8.e-002	0.	-5.e-002	-1.9583e-002
71	-4.e-002	0.	-5.e-002	-1.4503e-002
72	-2.e-002	0.	-5.e-002	1.5019e-002
73	-2.e-002	0.	5.e-002	1.4588e-002
74	-4.e-002	0.	5.e-002	-1.5049e-002
75	-8.e-002	0.	5.e-002	-1.9598e-002
76	-0.12	0.	5.e-002	-2.1733e-002
77	-0.16	0.	5.e-002	-2.2015e-002
78	-0.2	0.	5.e-002	-2.1658e-002
79	-0.24	0.	5.e-002	-1.9632e-002
80	-0.28	0.	5.e-002	-1.5049e-002
81	-0.3	0.	5.e-002	1.3877e-002
82	0.	0.	5.e-002	4.1522e-002
83	0.	0.	6.e-002	2.5415e-002
84	-2.e-002	0.	6.e-002	5.7696e-003
85	-4.e-002	0.	6.e-002	-2.0653e-002
86	-8.e-002	0.	6.e-002	-2.9676e-002
87	-0.12	0.	6.e-002	-3.2422e-002
88	-0.16	0.	6.e-002	-3.2914e-002
89	-0.2	0.	6.e-002	-3.2308e-002
90	-0.24	0.	6.e-002	-2.9745e-002
91	-0.28	0.	6.e-002	-2.0651e-002
92	-0.3	0.	6.e-002	4.9256e-003
93	-0.32	0.	5.e-002	3.9895e-002
94	-0.32	0.	6.e-002	2.3373e-002
95	-0.32	0.	4.e-002	5.6417e-002
96	-0.3	0.	4.e-002	2.2828e-002
97	-0.28	0.	4.e-002	-9.4471e-003
98	-0.24	0.	4.e-002	-9.5187e-003
99	-0.2	0.	4.e-002	-1.1007e-002
100	-0.16	0.	4.e-002	-1.1116e-002
101	-0.12	0.	4.e-002	-1.1043e-002
102	-8.e-002	0.	4.e-002	-9.5197e-003
103	-4.e-002	0.	4.e-002	-9.4461e-003
104	0.	0.	4.e-002	5.7629e-002
105	-2.e-002	0.	4.e-002	2.3406e-002
169	-2.e-002	0.	-4.e-002	2.3013e-002
170	0.	0.	-4.e-002	5.6089e-002
171	-4.e-002	0.	-4.e-002	-9.0054e-003
172	-8.e-002	0.	-4.e-002	-9.5175e-003
173	-0.12	0.	-4.e-002	-1.116e-002
174	-0.16	0.	-4.e-002	-1.1181e-002
175	-0.2	0.	-4.e-002	-1.1019e-002
176	-0.24	0.	-4.e-002	-9.472e-003
177	-0.28	0.	-4.e-002	-9.3789e-003
178	-0.3	0.	-4.e-002	2.301e-002
179	-0.32	0.	-4.e-002	5.6744e-002
273	-0.3	0.	-6.e-002	5.4458e-003
274	-0.32	0.	-6.e-002	2.4511e-002
275	-0.28	0.	-6.e-002	-2.0537e-002
276	-0.24	0.	-6.e-002	-2.9588e-002
277	-0.2	0.	-6.e-002	-3.2329e-002
278	-0.16	0.	-6.e-002	-3.3094e-002
279	-0.12	0.	-6.e-002	-3.2781e-002
280	-8.e-002	0.	-6.e-002	-2.9649e-002
281	-4.e-002	0.	-6.e-002	-2.0001e-002
282	-2.e-002	0.	-6.e-002	7.0248e-003
283	0.	0.	-6.e-002	2.7063e-002
293	-0.32	0.	-5.e-002	4.0628e-002
297	0.	0.	-5.e-002	4.1576e-002
2428	-0.29	0.	-5.e-002	-3.6508e-004
2429	-0.3	0.	-4.5e-002	1.8619e-002
2430	-0.3	0.	-5.5e-002	9.8369e-003
2431	-0.31	0.	-5.e-002	2.7428e-002
2432	-0.26	0.	-5.e-002	-1.7244e-002
2433	-0.28	0.	-4.5e-002	-1.2169e-002
2434	-0.28	0.	-5.5e-002	-1.7748e-002
2435	-0.22	0.	-5.e-002	-2.0602e-002
2436	-0.24	0.	-4.5e-002	-1.4501e-002
2437	-0.24	0.	-5.5e-002	-2.4559e-002
2438	-0.18	0.	-5.e-002	-2.1906e-002
2439	-0.2	0.	-4.5e-002	-1.6346e-002
2440	-0.2	0.	-5.5e-002	-2.7002e-002
2441	-0.14	0.	-5.e-002	-2.2054e-002
2442	-0.16	0.	-4.5e-002	-1.6659e-002
2443	-0.16	0.	-5.5e-002	-2.7616e-002
2444	-0.1	0.	-5.e-002	-2.0777e-002
2445	-0.12	0.	-4.5e-002	-1.6565e-002
2446	-0.12	0.	-5.5e-002	-2.7376e-002
2447	-6.e-002	0.	-5.e-002	-1.7043e-002
2448	-8.e-002	0.	-4.5e-002	-1.455e-002
2449	-8.e-002	0.	-5.5e-002	-2.4616e-002
2450	-3.e-002	0.	-5.e-002	2.5799e-004
2451	-4.e-002	0.	-4.5e-002	-1.1754e-002
2452	-4.e-002	0.	-5.5e-002	-1.7252e-002
2453	-2.e-002	0.	-4.5e-002	1.9016e-002
2454	-2.e-002	0.	-5.5e-002	1.1022e-002
2455	-1.e-002	0.	-5.e-002	2.8297e-002
2456	-3.e-002	0.	5.e-002	-2.3071e-004
2457	-1.e-002	0.	5.e-002	2.8055e-002
2458	-2.e-002	0.	5.5e-002	1.0179e-002
2459	-2.e-002	0.	4.5e-002	1.8997e-002
2460	-6.e-002	0.	5.e-002	-1.7324e-002
2461	-4.e-002	0.	5.5e-002	-1.7851e-002
2462	-4.e-002	0.	4.5e-002	-1.2248e-002
2463	-0.1	0.	5.e-002	-2.0665e-002
2464	-8.e-002	0.	5.5e-002	-2.4637e-002
2465	-8.e-002	0.	4.5e-002	-1.4559e-002
2466	-0.14	0.	5.e-002	-2.1874e-002
2467	-0.12	0.	5.5e-002	-2.7077e-002
2468	-0.12	0.	4.5e-002	-1.6388e-002
2469	-0.18	0.	5.e-002	-2.1836e-002
2470	-0.16	0.	5.5e-002	-2.7464e-002
2471	-0.16	0.	4.5e-002	-1.6565e-002
2472	-0.22	0.	5.e-002	-2.0645e-002
2473	-0.2	0.	5.5e-002	-2.6983e-002
2474	-0.2	0.	4.5e-002	-1.6332e-002
2475	-0.26	0.	5.e-002	-1.7341e-002
2476	-0.24	0.	5.5e-002	-2.4689e-002
2477	-0.24	0.	4.5e-002	-1.4575e-002
2478	-0.29	0.	5.e-002	-5.8622e-004
2479	-0.28	0.	5.5e-002	-1.785e-002
2480	-0.28	0.	4.5e-002	-1.2248e-002
2481	-0.3	0.	5.5e-002	9.4012e-003
2482	-0.31	0.	5.e-002	2.6886e-002
2483	-0.3	0.	4.5e-002	1.8352e-002
2484	0.	0.	5.5e-002	3.3468e-002
2485	0.	0.	4.5e-002	4.9576e-002
2490	-1.e-002	0.	6.e-002	1.5592e-002
2496	-3.e-002	0.	6.e-002	-7.4415e-003
2502	-6.e-002	0.	6.e-002	-2.5164e-002
2507	-0.1	0.	6.e-002	-3.1049e-002
2512	-0.14	0.	6.e-002	-3.2668e-002
2518	-0.18	0.	6.e-002	-3.2611e-002
2524	-0.22	0.	6.e-002	-3.1027e-002
2529	-0.26	0.	6.e-002	-2.5198e-002
2534	-0.29	0.	6.e-002	-7.8628e-003
2539	-0.31	0.	6.e-002	1.4149e-002
2544	-0.32	0.	5.5e-002	3.1634e-002
2545	-0.32	0.	4.5e-002	4.8156e-002
2555	-0.31	0.	4.e-002	3.9623e-002
2562	-0.29	0.	4.e-002	6.6904e-003
2569	-0.26	0.	4.e-002	-9.4829e-003
2574	-0.22	0.	4.e-002	-1.0263e-002
2582	-0.18	0.	4.e-002	-1.1061e-002
2586	-0.14	0.	4.e-002	-1.108e-002
2592	-0.1	0.	4.e-002	-1.0282e-002
2597	-6.e-002	0.	4.e-002	-9.4829e-003
2604	-3.e-002	0.	4.e-002	6.9801e-003
2608	-1.e-002	0.	4.e-002	4.0518e-002
2923	-1.e-002	0.	-4.e-002	3.9551e-002
2924	-3.e-002	0.	-4.e-002	7.0039e-003
2930	0.	0.	-4.5e-002	4.8832e-002
2934	-6.e-002	0.	-4.e-002	-9.2614e-003
2938	-0.1	0.	-4.e-002	-1.0339e-002
2944	-0.14	0.	-4.e-002	-1.1171e-002
2948	-0.18	0.	-4.e-002	-1.11e-002
2953	-0.22	0.	-4.e-002	-1.0245e-002
2956	-0.26	0.	-4.e-002	-9.4255e-003
2962	-0.29	0.	-4.e-002	6.8156e-003
2966	-0.31	0.	-4.e-002	3.9877e-002
2973	-0.32	0.	-4.5e-002	4.8686e-002
3610	-0.31	0.	-6.e-002	1.4978e-002
3611	-0.29	0.	-6.e-002	-7.5457e-003
3617	-0.32	0.	-5.5e-002	3.2569e-002
3623	-0.26	0.	-6.e-002	-2.5063e-002
3627	-0.22	0.	-6.e-002	-3.0959e-002
3632	-0.18	0.	-6.e-002	-3.2712e-002
3637	-0.14	0.	-6.e-002	-3.2937e-002
3641	-0.1	0.	-6.e-002	-3.1215e-002
3646	-6.e-002	0.	-6.e-002	-2.4825e-002
3652	-3.e-002	0.	-6.e-002	-6.4879e-003
3657	-1.e-002	0.	-6.e-002	1.7044e-002
3662	0.	0.	-5.5e-002	3.432e-002
170	0.	0.	-4.e-002	0.15087
179	-0.32	0.	-4.e-002	0.14094
273	-0.3	0.	-6.e-002	-1.1941e-003
274	-0.32	0.	-6.e-002	2.9115e-002
275	-0.28	0.	-6.e-002	-1.8936e-002
276	-0.24	0.	-6.e-002	-2.8543e-002
277	-0.2	0.	-6.e-002	-3.3472e-002
278	-0.16	0.	-6.e-002	-3.1693e-002
279	-0.12	0.	-6.e-002	-3.043e-002
280	-8.e-002	0.	-6.e-002	-2.4239e-002
281	-4.e-002	0.	-6.e-002	-1.3966e-002
282	-2.e-002	0.	-6.e-002	-1.7385e-003
283	0.	0.	-6.e-002	2.2489e-002
293	-0.32	0.	-5.e-002	9.1289e-002
297	0.	0.	-5.e-002	9.2815e-002
364	1.	0.	-9.6364e-002	2.111e-004
365	1.	0.	-0.19273	1.9128e-004
366	1.	0.	-0.28909	1.7266e-004
367	1.	0.	-0.38545	1.5251e-004
368	1.	0.	-0.48182	1.1443e-004
369	1.	0.	-0.57818	9.3691e-005
370	1.	0.	-0.67455	6.96e-005
371	1.	0.	-0.77091	5.0946e-005
372	1.	0.	-0.86727	2.9417e-005
373	1.	0.	-0.96364	1.1373e-005
384	0.90333	0.	-1.06	6.9144e-006
385	0.80667	0.	-1.06	9.247e-006
386	0.71	0.	-1.06	8.8877e-006
387	0.61333	0.	-1.06	8.7718e-006
388	0.51667	0.	-1.06	7.754e-006
389	0.42	0.	-1.06	5.4839e-006
390	0.32333	0.	-1.06	6.024e-007
391	0.22667	0.	-1.06	-4.4075e-006
392	0.13	0.	-1.06	-7.7364e-006
393	3.3333e-002	0.	-1.06	-1.3304e-005
394	-6.3333e-002	0.	-1.06	-1.9111e-005
395	-0.16	0.	-1.06	-1.1366e-005
396	-0.25667	0.	-1.06	-1.0878e-005
397	-0.35333	0.	-1.06	-1.2923e-005
398	-0.45	0.	-1.06	-6.7629e-006
399	-0.54667	0.	-1.06	-2.4912e-006
400	-0.64333	0.	-1.06	1.5253e-006
401	-0.74	0.	-1.06	5.7031e-006
402	-0.83667	0.	-1.06	5.4527e-006
403	-0.93333	0.	-1.06	6.5577e-006
404	-1.03	0.	-1.06	6.2617e-006
405	-1.1267	0.	-1.06	1.0139e-005
406	-1.2233	0.	-1.06	6.2773e-006
412	-1.32	0.	-0.96364	1.2027e-005
413	-1.32	0.	-0.86727	3.6045e-005
414	-1.32	0.	-0.77091	5.2581e-005
415	-1.32	0.	-0.67455	6.5658e-005
416	-1.32	0.	-0.57818	9.9905e-005
417	-1.32	0.	-0.48182	1.2645e-004
418	-1.32	0.	-0.38545	1.4842e-004
419	-1.32	0.	-0.28909	1.729e-004
420	-1.32	0.	-0.19273	1.9472e-004
421	-1.32	0.	-9.6364e-002	2.0974e-004
427	9.0909e-002	0.	0.	3.1143e-002
428	0.18182	0.	0.	8.2107e-003
429	0.27273	0.	0.	3.3324e-003
430	0.36364	0.	0.	2.0052e-003
431	0.45455	0.	0.	1.0791e-003
432	0.54545	0.	0.	7.2051e-004
433	0.63636	0.	0.	4.6575e-004
434	0.72727	0.	0.	3.4657e-004
435	0.81818	0.	0.	2.7823e-004
436	0.90909	0.	0.	2.2893e-004
437	-1.2291	0.	0.	2.2673e-004
438	-1.1382	0.	0.	2.8147e-004
439	-1.0473	0.	0.	3.5304e-004
440	-0.95636	0.	0.	4.4713e-004
441	-0.86545	0.	0.	6.6618e-004
442	-0.77455	0.	0.	1.0862e-003
443	-0.68364	0.	0.	1.9072e-003
444	-0.59273	0.	0.	3.966e-003
445	-0.50182	0.	0.	7.2364e-003
446	-0.41091	0.	0.	2.812e-002
543	0.	0.	0.	0.1507
544	-0.32	0.	0.	0.16222
549	1.	0.	-1.06	5.7584e-006
550	1.	0.	0.	2.1302e-004
551	-1.32	0.	-1.06	5.4937e-006
552	-1.32	0.	0.	2.1224e-004
737	7.3333e-002	0.	-0.40208	-2.5168e-004
738	-0.38086	0.	-0.39517	-2.6304e-004
739	-0.85094	0.	-0.46701	2.2488e-004
740	0.54208	0.	-0.50551	1.8634e-004
741	-0.3704	0.	-0.23059	6.1904e-004
742	4.4097e-002	0.	-0.23801	-2.1659e-005
743	-0.27778	0.	-0.72667	-1.411e-004
744	0.15111	0.	-0.72667	-4.2659e-005
745	-0.13483	0.	-0.29968	-3.0581e-003
746	-0.57817	0.	-0.59096	2.6667e-005
747	-0.21303	0.	-0.50417	-6.5481e-004
748	0.63345	0.	-0.78399	4.9741e-005
749	-0.93045	0.	-0.78666	4.6683e-005
750	-0.55441	0.	-0.20777	1.8004e-003
751	0.22897	0.	-0.20919	2.1257e-003
752	-0.18337	0.	-0.18538	-9.5786e-003
753	0.31555	0.	-0.42962	3.3466e-004
754	3.0926e-002	0.	-0.65722	-1.6099e-004
755	0.59406	0.	-0.31428	3.173e-004
756	-1.0168	0.	-0.14633	3.4257e-004
757	2.5185e-002	0.	-0.17111	1.158e-003
758	-0.33016	0.	-0.12232	3.4581e-003
759	-0.68777	0.	-0.18508	1.0433e-003
760	-0.55838	0.	-0.4697	1.4433e-004
761	-0.66171	0.	-0.94561	5.2106e-006
762	0.31925	0.	-0.74065	2.2082e-005
763	-0.5791	0.	-0.83777	-1.1211e-005
764	-4.9015e-002	0.	-0.16703	-5.3371e-003
765	0.47299	0.	-0.24228	6.4577e-004
766	-1.1914	0.	-0.42557	1.598e-004
767	-0.33866	0.	-0.50154	-2.9749e-004
768	0.69185	0.	-0.51657	1.4788e-004
769	-1.4836e-002	0.	-0.42676	-6.909e-004
770	-0.2218	0.	-0.34533	-1.7538e-003
771	-4.0329e-003	0.	-0.77138	-1.1537e-004
772	-0.81852	0.	-0.71732	5.9318e-005
773	0.23214	0.	-0.50813	1.1716e-004
774	-1.0736	0.	-0.5996	1.1184e-004
775	-0.41647	0.	-0.15636	4.7625e-003
776	-0.2536	0.	-0.15028	-8.0144e-003
777	-0.12385	0.	-0.71724	-1.8731e-004
778	-4.8932e-002	0.	-0.57343	-3.7447e-004
779	-0.22526	0.	-0.87682	-6.9455e-005
780	-0.18474	0.	-0.42331	-1.0906e-003
781	-3.5373e-002	0.	-0.12047	-7.0276e-003
782	1.2593e-002	0.	-0.11556	3.9795e-003
783	9.6655e-002	0.	-0.15421	4.6869e-003
784	-0.76635	0.	-0.32515	4.9692e-004
785	0.82958	0.	-0.74058	6.3119e-005
786	-1.1695	0.	-0.82441	3.7175e-005
787	-0.46136	0.	-0.67617	-7.2664e-005
788	-5.0102e-002	0.	-0.27305	-2.1544e-003
789	-0.28478	0.	-0.20718	-3.2704e-003
790	0.42324	0.	-0.61391	1.2593e-004
791	-9.1591e-002	0.	-0.22453	-4.8631e-003
792	4.601e-002	0.	-0.51912	-3.2282e-004
793	-0.54899	0.	-0.33318	5.7181e-004
794	0.18143	0.	-0.93222	-1.072e-005
795	-0.36655	0.	-0.91364	-3.3121e-005
796	-0.9309	0.	-0.31486	3.2283e-004
797	-0.1616	0.	-0.11916	-2.0017e-002
798	0.17199	0.	-0.28597	7.7647e-004
799	-0.72707	0.	-0.54597	1.499e-004
800	0.37242	0.	-0.88041	1.4426e-005
801	-0.21541	0.	-0.25206	-4.558e-003
802	-0.27954	0.	-0.43016	-7.0384e-004
803	0.76767	0.	-0.90721	2.4814e-005
804	0.59424	0.	-0.164	4.923e-004
805	-0.45855	0.	-0.2579	1.2145e-003
806	0.26313	0.	-0.31811	6.515e-004
807	-1.1809	0.	-0.15033	2.2195e-004
808	0.33619	0.	-0.2225	1.2707e-003
809	0.86064	0.	-0.43964	1.3967e-004
810	-9.4321e-002	0.	-0.12019	-1.805e-002
811	0.4663	0.	-0.75747	5.1637e-005
812	-0.84708	0.	-0.16446	6.7363e-004
813	-0.29185	0.	-0.28222	-1.9326e-003
814	-0.68309	0.	-0.78269	2.1934e-005
815	-0.32963	0.	-0.62957	-2.0137e-004
816	-7.6218e-002	0.	-0.36082	-1.5265e-003
817	0.50584	0.	-0.90703	2.2125e-005
818	0.57555	0.	-0.64233	9.1923e-005
819	-0.97469	0.	-0.44774	1.8679e-004
820	-1.5054e-003	0.	-0.3331	-1.0394e-003
821	-0.46204	0.	-0.55533	-7.3165e-005
822	-0.90825	0.	-0.92751	1.725e-005
823	-0.65573	0.	-0.39716	3.635e-004
824	-1.4142e-002	0.	-0.92169	-4.3974e-005
825	0.40063	0.	-0.11953	1.3088e-003
826	0.26444	0.	-0.62182	3.4342e-005
827	-0.12441	0.	-0.50248	-6.5633e-004
828	-0.21065	0.	-0.14368	-1.2027e-002
829	0.87278	0.	-0.13541	2.261e-004
830	0.72057	0.	-9.0137e-002	3.4154e-004
831	-0.1194	0.	-0.17205	-1.0911e-002
832	0.12747	0.	-0.59997	-9.9178e-005
833	0.15988	0.	-0.36226	1.9797e-004
834	0.72778	0.	-0.3658	1.9932e-004
835	-1.0758	0.	-0.25484	2.4683e-004
836	-0.37667	0.	-0.31	-2.704e-004
837	-0.22119	0.	-0.66717	-2.0036e-004
838	-0.11591	0.	-0.83223	-8.1505e-005
839	-0.56967	0.	-0.72423	4.924e-006
840	-1.21	0.	-0.67174	7.3107e-005
841	0.87003	0.	-0.58426	1.0002e-004
842	-0.95187	0.	-0.65897	9.0985e-005
843	0.42222	0.	-0.46265	2.4075e-004
844	0.38698	0.	-0.34936	4.447e-004
845	0.62479	0.	-0.94484	1.2921e-005
846	-0.28033	0.	-9.842e-002	-1.0563e-002
847	-0.69793	0.	-0.66434	6.6219e-005
848	-0.64558	0.	-0.29111	6.8263e-004
849	-1.0232	0.	-0.8521	3.5e-005
850	-0.47494	0.	-0.81144	-3.4887e-005
851	-0.80647	0.	-0.84736	2.7566e-005
852	-1.195	0.	-0.94935	1.4429e-005
853	0.70812	0.	-0.65852	9.2707e-005
854	-0.29959	0.	-0.14907	-3.0726e-003
855	0.14515	0.	-0.45272	1.5231e-005
856	-0.83815	0.	-0.60154	1.1749e-004
857	-0.47697	0.	-0.43152	2.4944e-005
858	0.25968	0.	-8.9103e-002	3.3126e-003
859	-0.58204	0.	-8.9809e-002	2.6617e-003
860	-0.20725	0.	-0.7742	-1.2828e-004
861	0.8862	0.	-0.94475	1.9068e-005
862	-0.37414	0.	-0.76279	-8.0844e-005
863	-0.14941	0.	-0.5973	-3.9283e-004
864	-1.2	0.	-0.29591	1.7814e-004
865	0.33152	0.	-0.52723	1.3097e-004
866	9.4198e-002	0.	-0.84241	-3.5922e-005
867	-0.30378	0.	-0.35129	-1.1496e-003
868	-0.34909	0.	-0.16717	8.5383e-004
869	-0.49883	0.	-0.95402	-1.1122e-005
870	-0.7308	0.	-0.44866	2.8426e-004
871	7.9299e-002	0.	-0.95897	-2.224e-005
872	0.89057	0.	-0.30175	1.8757e-004
873	-1.0599	0.	-0.73207	5.9308e-005
874	0.5058	0.	-0.3836	3.0816e-004
875	5.39e-002	0.	-0.12587	6.3659e-003
876	1.1009e-002	0.	-8.0723e-002	1.9256e-002
877	-0.37298	0.	-0.12732	6.3813e-003
878	-0.35438	0.	-0.10055	1.0837e-002
879	-0.34583	0.	-6.6514e-002	2.684e-002
880	0.13184	0.	-0.22556	1.7231e-003
881	-0.7391	0.	-7.5362e-002	1.2621e-003
882	0.14896	0.	-7.8056e-002	9.4573e-003
883	8.1937e-002	0.	-8.4042e-002	1.6273e-002
884	-0.46896	0.	-7.8056e-002	8.5862e-003
885	-0.40066	0.	-8.8425e-002	1.5169e-002
886	-0.25657	0.	-0.98682	-2.3061e-005
887	9.2589e-002	0.	-0.30911	-1.1018e-004
888	-0.45301	0.	-0.35074	1.9934e-004
889	-1.0699	0.	-0.3702	2.021e-004
890	0.69808	0.	-0.23627	3.1063e-004
891	-0.31486	0.	-8.2533e-002	6.7986e-003
892	0.61834	0.	-0.42356	2.2475e-004
893	-0.15142	0.	-0.22741	-6.3658e-003
894	-0.79622	0.	-0.96304	1.0579e-005
895	-1.1923	0.	-0.53787	1.1954e-004
896	-2.6682e-002	0.	-8.8935e-002	-2.7337e-003
897	0.89669	0.	-0.84614	3.7179e-005
898	-1.1174	0.	-6.2959e-002	2.7216e-004
899	-0.22421	0.	-9.8194e-002	-2.195e-002
900	0.29597	0.	-0.96528	-8.6043e-007
901	0.22759	0.	-0.40749	2.9059e-004
902	-0.28727	0.	-0.81017	-9.5865e-005
903	-0.10182	0.	-0.43066	-9.7883e-004
904	-5.0456e-002	0.	-0.48986	-5.9427e-004
905	0.24037	0.	-0.83594	-7.7398e-006
906	-0.1174	0.	-0.94377	-3.3337e-005
907	-0.14469	0.	-0.3743	-1.5326e-003
908	0.51387	0.	-8.096e-002	7.2076e-004
909	-0.24118	0.	-0.57889	-3.3101e-004
910	-0.94427	0.	-6.3823e-002	4.6301e-004
911	-0.49466	0.	-0.14505	3.9591e-003
912	0.17702	0.	-0.14794	4.2897e-003
913	-0.22961	0.	-0.18784	-6.9037e-003
914	-0.95881	0.	-0.5441	1.4944e-004
915	-0.64751	0.	-0.49775	1.6586e-004
916	-4.625e-002	0.	-0.67458	-2.3256e-004
917	-1.0558	0.	-0.96019	1.4183e-005
918	-1.2995e-002	0.	-0.20454	-1.8116e-003
919	-1.0657	0.	-0.48559	1.6176e-004
920	3.7561e-002	0.	-9.1268e-002	1.6511e-002
921	2.8366e-002	0.	-5.0148e-002	6.2395e-002
1413	-0.35395	0.	-2.473e-002	8.3353e-002
1414	-0.37119	0.	-4.3215e-002	3.9067e-002
1415	-0.33883	0.	-4.7409e-002	7.0152e-002
2930	0.	0.	-4.5e-002	0.12184
2931	0.	0.	-2.e-002	0.15079
2932	1.4183e-002	0.	-4.5074e-002	0.10663
2973	-0.32	0.	-4.5e-002	0.11611
2974	-0.32	0.	-2.e-002	0.15158
2975	-0.33698	0.	-3.2365e-002	0.11214
2976	-0.32941	0.	-4.3705e-002	0.10554
3610	-0.31	0.	-6.e-002	1.3961e-002
3611	-0.29	0.	-6.e-002	-1.0065e-002
3612	-0.29017	0.	-7.921e-002	-5.8786e-003
3613	-0.30743	0.	-7.1266e-002	2.8022e-003
3617	-0.32	0.	-5.5e-002	6.0202e-002
3618	-0.33292	0.	-6.3257e-002	2.7978e-002
3619	-0.31743	0.	-7.1266e-002	1.7957e-002
3620	-0.32941	0.	-5.3705e-002	4.9633e-002
3623	-0.26	0.	-6.e-002	-2.374e-002
3624	-0.28017	0.	-7.921e-002	-1.475e-002
3627	-0.22	0.	-6.e-002	-3.1008e-002
3628	-0.26017	0.	-7.921e-002	-1.9553e-002
3629	-0.23211	0.	-7.9097e-002	-2.5247e-002
3632	-0.18	0.	-6.e-002	-3.2583e-002
3633	-0.1808	0.	-8.9578e-002	-2.6744e-002
3634	-0.21211	0.	-7.9097e-002	-2.7711e-002
3637	-0.14	0.	-6.e-002	-3.1061e-002
3638	-0.1608	0.	-8.9578e-002	-2.5855e-002
3641	-0.1	0.	-6.e-002	-2.7334e-002
3642	-0.1408	0.	-8.9578e-002	-2.5223e-002
3643	-0.10716	0.	-9.0093e-002	-2.424e-002
3646	-6.e-002	0.	-6.e-002	-1.9103e-002
3647	-5.7687e-002	0.	-9.0235e-002	-1.5633e-002
3648	-8.716e-002	0.	-9.0093e-002	-2.1145e-002
3649	-5.3341e-002	0.	-7.4468e-002	-1.3486e-002
3652	-3.e-002	0.	-6.e-002	-7.8524e-003
3653	-3.3341e-002	0.	-7.4468e-002	-8.3501e-003
3657	-1.e-002	0.	-6.e-002	1.0375e-002
3658	-2.3341e-002	0.	-7.4468e-002	-2.2361e-003
3662	0.	0.	-5.5e-002	5.7652e-002
3663	5.5046e-003	0.	-7.0362e-002	2.0873e-002
3664	-1.3341e-002	0.	-7.4468e-002	9.8777e-003
3665	1.4183e-002	0.	-5.5074e-002	4.2442e-002
3726	-0.32941	0.	-4.8705e-002	8.072e-002
3741	1.4183e-002	0.	-5.0074e-002	7.7605e-002
4164	1.	0.	-0.14455	2.0119e-004
4166	0.95455	0.	-4.8182e-002	2.2002e-004
4167	1.	0.	-4.8182e-002	2.1206e-004
4168	0.93639	0.	-0.11589	2.186e-004
4171	1.	0.	-0.24091	1.8197e-004
4172	0.93639	0.	-0.16407	2.0869e-004
4173	0.94529	0.	-0.24724	1.8943e-004
4176	1.	0.	-0.33727	1.6258e-004
4177	0.94529	0.	-0.29542	1.8011e-004
4179	1.	0.	-0.43364	1.3347e-004
4180	0.93032	0.	-0.41255	1.4609e-004
4181	0.94529	0.	-0.3436	1.7004e-004
4185	1.	0.	-0.53	1.0406e-004
4186	0.93032	0.	-0.46073	1.2705e-004
4187	0.93501	0.	-0.53304	1.0722e-004
4191	1.	0.	-0.62636	8.1646e-005
4192	0.93501	0.	-0.58122	9.6854e-005
4194	1.	0.	-0.72273	6.0273e-005
4195	0.91479	0.	-0.70756	6.6359e-005
4196	0.93501	0.	-0.6294	8.4808e-005
4200	1.	0.	-0.81909	4.0182e-005
4201	0.91479	0.	-0.75574	5.7033e-005
4202	0.94834	0.	-0.80853	4.4063e-005
4206	1.	0.	-0.91545	2.0395e-005
4207	0.9431	0.	-0.90601	2.4242e-005
4208	0.94834	0.	-0.85671	3.3298e-005
4212	0.95167	0.	-1.0118	9.1436e-006
4213	1.	0.	-1.0118	8.5656e-006
4214	0.9431	0.	-0.95419	1.522e-005
4280	0.855	0.	-1.06	8.0807e-006
4281	0.95167	0.	-1.06	6.3364e-006
4282	0.89477	0.	-1.0024	1.2991e-005
4286	0.75833	0.	-1.06	9.0674e-006
4287	0.78717	0.	-0.9836	1.703e-005
4288	0.84643	0.	-1.0024	1.4157e-005
4292	0.66167	0.	-1.06	8.8297e-006
4293	0.73883	0.	-0.9836	1.6851e-005
4294	0.6674	0.	-1.0024	1.0904e-005
4298	0.565	0.	-1.06	8.2629e-006
4299	0.61906	0.	-1.0024	1.0846e-005
4303	0.46833	0.	-1.06	6.619e-006
4304	0.51126	0.	-0.98351	1.4939e-005
4305	0.57073	0.	-1.0024	1.0337e-005
4309	0.37167	0.	-1.06	3.0432e-006
4310	0.39621	0.	-0.9702	9.9548e-006
4311	0.46292	0.	-0.98351	1.3804e-005
4312	0.35799	0.	-1.0126	2.3118e-006
4316	0.275	0.	-1.06	-1.9025e-006
4317	0.30965	0.	-1.0126	-1.2902e-007
4322	0.17833	0.	-1.06	-6.0719e-006
4323	0.20405	0.	-0.99611	-7.5638e-006
4324	0.26132	0.	-1.0126	-2.6339e-006
4328	8.1667e-002	0.	-1.06	-1.052e-005
4329	0.15571	0.	-0.99611	-9.2283e-006
4330	0.10465	0.	-1.0095	-1.4988e-005
4333	-1.5e-002	0.	-1.06	-1.6208e-005
4334	9.5959e-003	0.	-0.99085	-2.8639e-005
4335	5.6316e-002	0.	-1.0095	-1.7772e-005
4339	-0.11167	0.	-1.06	-1.5239e-005
4340	-3.8737e-002	0.	-0.99085	-3.1543e-005
4341	-9.0366e-002	0.	-1.0019	-2.6224e-005
4345	-0.20833	0.	-1.06	-1.1122e-005
4346	-0.20828	0.	-1.0234	-1.7214e-005
4347	-0.1387	0.	-1.0019	-2.2352e-005
4349	-0.305	0.	-1.06	-1.19e-005
4350	-0.25662	0.	-1.0234	-1.6969e-005
4354	-0.40167	0.	-1.06	-9.8428e-006
4355	-0.35994	0.	-0.98682	-2.3022e-005
4356	-0.30495	0.	-1.0234	-1.7992e-005
4360	-0.49833	0.	-1.06	-4.627e-006
4361	-0.40828	0.	-0.98682	-1.9942e-005
4362	-0.47441	0.	-1.007	-8.9425e-006
4364	-0.595	0.	-1.06	-4.8293e-007
4365	-0.60419	0.	-1.0028	1.3597e-006
4366	-0.52275	0.	-1.007	-6.8067e-006
4370	-0.69167	0.	-1.06	3.6142e-006
4371	-0.65252	0.	-1.0028	3.368e-006
4376	-0.78833	0.	-1.06	5.5779e-006
4377	-0.70086	0.	-1.0028	5.4568e-006
4378	-0.76811	0.	-1.0115	8.1409e-006
4382	-0.885	0.	-1.06	6.0052e-006
4383	-0.87246	0.	-0.99376	1.1351e-005
4384	-0.81644	0.	-1.0115	8.0157e-006
4386	-0.98167	0.	-1.06	6.4097e-006
4387	-0.92079	0.	-0.99376	1.1904e-005
4388	-0.99456	0.	-1.0101	1.0371e-005
4393	-1.0783	0.	-1.06	8.2004e-006
4394	-1.0429	0.	-1.0101	1.0223e-005
4396	-1.175	0.	-1.06	8.2082e-006
4397	-1.1608	0.	-1.0047	1.2284e-005
4398	-1.0912	0.	-1.0101	1.2161e-005
4403	-1.2717	0.	-1.0118	9.1519e-006
4404	-1.2717	0.	-1.06	5.8855e-006
4405	-1.2092	0.	-1.0047	1.0353e-005
4435	-1.32	0.	-0.91545	2.4036e-005
4436	-1.32	0.	-1.0118	8.7601e-006
4437	-1.2575	0.	-0.95649	1.3228e-005
4439	-1.32	0.	-0.81909	4.4313e-005
4440	-1.2448	0.	-0.84584	3.661e-005
4441	-1.2575	0.	-0.90831	2.5237e-005
4445	-1.32	0.	-0.72273	5.912e-005
4446	-1.2448	0.	-0.79766	4.4878e-005
4447	-1.265	0.	-0.72133	6.2844e-005
4450	-1.32	0.	-0.62636	8.2782e-005
4451	-1.265	0.	-0.67314	6.9382e-005
4455	-1.32	0.	-0.53	1.1318e-004
4456	-1.265	0.	-0.62496	8.6506e-005
4457	-1.2562	0.	-0.55803	1.0972e-004
4462	-1.32	0.	-0.43364	1.3743e-004
4463	-1.2557	0.	-0.45369	1.4312e-004
4464	-1.2562	0.	-0.50984	1.2299e-004
4468	-1.32	0.	-0.33727	1.6066e-004
4469	-1.2557	0.	-0.40551	1.5411e-004
4470	-1.26	0.	-0.34068	1.6328e-004
4473	-1.32	0.	-0.24091	1.8381e-004
4474	-1.26	0.	-0.2925	1.7552e-004
4477	-1.32	0.	-0.14455	2.0223e-004
4478	-1.2505	0.	-0.17153	2.0834e-004
4479	-1.26	0.	-0.24432	1.8643e-004
4482	-1.2745	0.	-4.8182e-002	2.1824e-004
4483	-1.32	0.	-4.8182e-002	2.1099e-004
4484	-1.2505	0.	-0.12335	2.1585e-004
4531	0.13636	0.	0.	1.9677e-002
4532	4.5455e-002	0.	0.	9.0924e-002
4536	0.11993	0.	-3.9028e-002	2.03e-002
4537	8.6423e-002	0.	-4.2021e-002	2.3708e-002
4538	5.9638e-002	0.	-2.5074e-002	4.6769e-002
4546	0.22727	0.	0.	5.7716e-003
4549	0.22075	0.	-4.4552e-002	5.7617e-003
4550	0.16539	0.	-3.9028e-002	8.834e-003
4557	0.31818	0.	0.	2.6688e-003
4560	0.2662	0.	-4.4552e-002	3.3225e-003
4564	0.40909	0.	0.	1.5422e-003
4566	0.38213	0.	-5.9764e-002	1.657e-003
4567	0.31166	0.	-4.4552e-002	2.6589e-003
4570	0.5	0.	0.	8.998e-004
4573	0.42759	0.	-5.9764e-002	1.194e-003
4574	0.48421	0.	-4.048e-002	8.9992e-004
4580	0.59091	0.	0.	5.9313e-004
4583	0.52966	0.	-4.048e-002	7.2064e-004
4587	0.68182	0.	0.	4.0616e-004
4589	0.6153	0.	-8.2001e-002	4.7903e-004
4590	0.67847	0.	-4.5068e-002	4.0364e-004
4591	0.57512	0.	-4.048e-002	5.9326e-004
4596	0.77273	0.	0.	3.124e-004
4599	0.72392	0.	-4.5068e-002	3.4405e-004
4601	0.86364	0.	0.	2.5358e-004
4604	0.84548	0.	-6.7704e-002	2.5217e-004
4605	0.76938	0.	-4.5068e-002	3.0988e-004
4611	0.95455	0.	0.	2.2098e-004
4613	0.89094	0.	-6.7704e-002	2.2752e-004
4618	-1.1836	0.	0.	2.541e-004
4620	-1.2745	0.	0.	2.1949e-004
4622	-1.205	0.	-7.5166e-002	2.2434e-004
4623	-1.1732	0.	-3.148e-002	2.4945e-004
4627	-1.0927	0.	0.	3.1726e-004
4630	-1.1278	0.	-3.148e-002	2.7682e-004
4635	-1.0018	0.	0.	4.0009e-004
4638	-1.032	0.	-7.3163e-002	3.4781e-004
4639	-1.0823	0.	-3.148e-002	3.126e-004
4640	-0.99577	0.	-3.1912e-002	4.0803e-004
4642	-0.91091	0.	0.	5.5666e-004
4644	-0.95032	0.	-3.1912e-002	4.5507e-004
4649	-0.82	0.	0.	8.7621e-004
4652	-0.85627	0.	-8.223e-002	6.6991e-004
4653	-0.80228	0.	-3.7681e-002	9.6416e-004
4654	-0.90486	0.	-3.1912e-002	5.646e-004
4659	-0.72909	0.	0.	1.4967e-003
4661	-0.75682	0.	-3.7681e-002	1.1742e-003
4663	-0.63818	0.	0.	2.9366e-003
4667	-0.63284	0.	-4.4904e-002	2.2844e-003
4668	-0.71137	0.	-3.7681e-002	1.5847e-003
4672	-0.54727	0.	0.	5.6012e-003
4675	-0.58739	0.	-4.4904e-002	3.3138e-003
4681	-0.45636	0.	0.	1.7678e-002
4685	-0.54193	0.	-4.4904e-002	4.949e-003
4686	-0.48539	0.	-3.9028e-002	7.9113e-003
4691	-0.36545	0.	0.	9.517e-002
4695	-0.43993	0.	-3.9028e-002	1.8353e-002
4696	-0.40578	0.	-4.4212e-002	2.1644e-002
4700	-0.38243	0.	-1.2365e-002	5.5737e-002
4701	-0.39105	0.	-2.1607e-002	3.3594e-002
5219	1.4183e-002	0.	-2.5074e-002	0.10655
5231	-0.33698	0.	-1.2365e-002	0.12279
6338	2.9249e-002	0.	-0.41442	-4.7129e-004
6339	5.9672e-002	0.	-0.4606	-2.8725e-004
6340	3.5914e-002	0.	-0.36759	-6.4557e-004
6341	0.11661	0.	-0.38217	-2.6856e-005
6342	0.10924	0.	-0.4274	-1.1823e-004
6343	8.2961e-002	0.	-0.3556	-1.8093e-004
6347	-0.35976	0.	-0.44836	-2.8027e-004
6348	-0.3302	0.	-0.41266	-4.8344e-004
6349	-0.37876	0.	-0.35259	-2.6672e-004
6350	-0.42891	0.	-0.41334	-1.1905e-004
6351	-0.34232	0.	-0.37323	-7.0633e-004
6352	-0.41693	0.	-0.37296	-3.1847e-005
6356	-0.80864	0.	-0.39608	3.609e-004
6357	-0.89092	0.	-0.39093	2.7386e-004
6358	-0.78901	0.	-0.50649	1.8739e-004
6359	-0.91282	0.	-0.45738	2.0584e-004
6360	-0.84454	0.	-0.53427	1.7118e-004
6361	-0.79087	0.	-0.45783	2.5457e-004
6362	-0.90487	0.	-0.50555	1.8716e-004
6368	0.61697	0.	-0.51104	1.6711e-004
6369	0.48266	0.	-0.55971	1.5614e-004
6370	0.55882	0.	-0.57392	1.3913e-004
6371	0.48215	0.	-0.48408	2.1355e-004
6372	0.52394	0.	-0.44456	2.4725e-004
6373	0.58021	0.	-0.46454	2.0554e-004
6377	-0.39344	0.	-0.19347	2.6908e-003
6378	-0.32759	0.	-0.21888	-1.3257e-003
6379	-0.41447	0.	-0.24424	9.1677e-004
6380	-0.33113	0.	-0.25641	-6.5678e-004
6381	-0.37354	0.	-0.27029	1.7432e-004
6382	-0.35974	0.	-0.19888	7.3643e-004
6387	3.4641e-002	0.	-0.20456	5.6816e-004
6388	7.0376e-002	0.	-0.19611	2.3326e-003
6389	-3.0025e-003	0.	-0.25553	-1.088e-003
6390	2.1296e-002	0.	-0.28556	-5.3055e-004
6391	8.7966e-002	0.	-0.23178	8.5073e-004
6392	6.8343e-002	0.	-0.27356	-6.592e-005
6393	1.5551e-002	0.	-0.22128	-9.1662e-004
6398	-0.3037	0.	-0.67812	-1.7124e-004
6399	-0.24949	0.	-0.69692	-1.7073e-004
6400	-0.24251	0.	-0.75043	-1.3469e-004
6401	-0.32596	0.	-0.74473	-1.1097e-004
6402	-0.28252	0.	-0.76842	-1.1849e-004
6405	9.1019e-002	0.	-0.69194	-1.0183e-004
6406	0.23518	0.	-0.73366	-1.0289e-005
6407	7.3539e-002	0.	-0.74902	-7.9014e-005
6408	0.20777	0.	-0.67425	-4.1585e-006
6409	0.13929	0.	-0.66332	-7.0918e-005
6410	0.12265	0.	-0.78454	-3.9291e-005
6411	0.19574	0.	-0.7813	-2.5199e-005
6417	-0.17832	0.	-0.32251	-2.4059e-003
6418	-9.2466e-002	0.	-0.28636	-2.6062e-003
6419	-0.11321	0.	-0.2621	-3.9606e-003
6420	-0.17512	0.	-0.27587	-3.808e-003
6421	-0.10552	0.	-0.33025	-2.2923e-003
6422	-0.14313	0.	-0.26354	-4.7119e-003
6423	-0.13976	0.	-0.33699	-2.2953e-003
6428	-0.56828	0.	-0.53033	8.5498e-005
6429	-0.51976	0.	-0.63357	-2.2998e-005
6430	-0.65262	0.	-0.56847	8.8286e-005
6431	-0.5201	0.	-0.57315	-2.3249e-005
6432	-0.57392	0.	-0.6576	1.5796e-005
6433	-0.63805	0.	-0.62765	4.6443e-005
6434	-0.61284	0.	-0.54436	9.6263e-005
6439	-0.27584	0.	-0.50286	-4.7615e-004
6440	-0.19889	0.	-0.46374	-8.7268e-004
6441	-0.24628	0.	-0.46716	-6.7933e-004
6442	-0.16872	0.	-0.50333	-6.5557e-004
6443	-0.18122	0.	-0.55073	-5.2382e-004
6444	-0.2271	0.	-0.54153	-4.9291e-004
6448	0.73151	0.	-0.76228	5.643e-005
6449	0.70056	0.	-0.8456	3.7278e-005
6450	0.54987	0.	-0.77073	5.0689e-005
6451	0.56965	0.	-0.84551	3.5933e-005
6452	0.6045	0.	-0.71316	7.0832e-005
6453	0.62912	0.	-0.86441	3.1331e-005
6454	0.67079	0.	-0.72125	7.1224e-005
6459	-0.87449	0.	-0.75199	5.3001e-005
6460	-0.91935	0.	-0.85709	3.1966e-005
6461	-0.94116	0.	-0.72282	6.8834e-005
6462	-0.97684	0.	-0.81938	4.0841e-005
6463	-0.86846	0.	-0.81701	3.7125e-005
6464	-0.9952	0.	-0.75936	5.2995e-005
6467	-0.62109	0.	-0.19643	1.4219e-003
6468	-0.5517	0.	-0.27048	1.1861e-003
6469	-0.50648	0.	-0.23283	1.5074e-003
6470	-0.6	0.	-0.24944	1.2415e-003
6471	-0.56823	0.	-0.14879	2.231e-003
6472	-0.52453	0.	-0.17641	2.8797e-003
6477	0.20048	0.	-0.24758	1.4511e-003
6478	0.24605	0.	-0.26365	1.3886e-003
6479	0.28258	0.	-0.21584	1.6982e-003
6480	0.24433	0.	-0.14915	2.7191e-003
6481	0.1804	0.	-0.21737	1.9244e-003
6482	0.203	0.	-0.17856	3.2077e-003
6489	-0.17248	0.	-0.15227	-1.4798e-002
6490	-0.19939	0.	-0.21872	-7.0683e-003
6491	-0.19701	0.	-0.16453	-1.0803e-002
6492	-0.15139	0.	-0.17872	-1.0245e-002
6493	-0.1674	0.	-0.2064	-7.9722e-003
6494	-0.20649	0.	-0.18661	-8.2412e-003
6498	0.27385	0.	-0.46887	2.2591e-004
6499	0.28934	0.	-0.37386	4.9308e-004
6500	0.36889	0.	-0.44614	2.8771e-004
6501	0.35126	0.	-0.38949	3.8968e-004
6502	0.32354	0.	-0.47842	2.3281e-004
6503	0.27157	0.	-0.41855	3.1263e-004
6507	1.3447e-002	0.	-0.7143	-1.3818e-004
6508	-9.0029e-003	0.	-0.61533	-2.6773e-004
6509	3.8468e-002	0.	-0.58817	-2.4191e-004
6510	7.9199e-002	0.	-0.6286	-1.3009e-004
6511	-7.662e-003	0.	-0.6659	-1.9677e-004
6514	0.53352	0.	-0.27828	4.8153e-004
6515	0.59415	0.	-0.23914	4.048e-004
6516	0.66092	0.	-0.34004	2.5831e-004
6517	0.54993	0.	-0.34894	3.1273e-004
6518	0.64607	0.	-0.27527	3.1397e-004
6519	0.6062	0.	-0.36892	2.7102e-004
6523	-0.97384	0.	-0.23059	3.327e-004
6524	-1.0989	0.	-0.14833	2.8226e-004
6525	-0.93193	0.	-0.15539	5.081e-004
6526	-1.0463	0.	-0.20058	2.947e-004
6527	-1.0671	0.	-0.10464	3.0736e-004
6528	-0.98053	0.	-0.10507	4.0279e-004
6533	-1.1915e-002	0.	-0.16907	-2.0896e-003
6534	-5.0941e-003	0.	-0.14579	-2.9348e-003
6535	1.8889e-002	0.	-0.14333	2.5688e-003
6536	6.092e-002	0.	-0.16266	2.9224e-003
6537	3.9542e-002	0.	-0.14849	3.762e-003
6538	6.0953e-003	0.	-0.18783	-3.268e-004
6542	-0.30525	0.	-0.11037	-3.5524e-003
6543	-0.31488	0.	-0.1357	1.9276e-004
6544	-0.33962	0.	-0.14475	2.156e-003
6545	-0.35157	0.	-0.12482	4.9197e-003
6546	-0.34227	0.	-0.11144	7.1478e-003
6547	-0.32251	0.	-0.10243	5.1283e-003
6552	-0.72706	0.	-0.25512	7.7013e-004
6553	-0.76742	0.	-0.17477	8.5849e-004
6554	-0.66667	0.	-0.2381	8.6298e-004
6555	-0.63491	0.	-0.13745	1.8525e-003
6556	-0.71343	0.	-0.13022	1.1527e-003
6560	-0.55369	0.	-0.40144	3.5807e-004
6561	-0.51021	0.	-0.51251	3.5582e-005
6562	-0.60706	0.	-0.43343	2.5391e-004
6563	-0.51768	0.	-0.45061	8.4636e-005
6564	-0.60295	0.	-0.48372	1.5509e-004
6569	-0.62041	0.	-0.89169	-3.0002e-006
6570	-0.6724	0.	-0.86415	1.3572e-005
6571	-0.73409	0.	-0.89649	1.6388e-005
6572	-0.58027	0.	-0.94982	-2.9558e-006
6573	-0.72897	0.	-0.95432	7.8947e-006
6576	0.37125	0.	-0.67728	7.4008e-005
6577	0.34584	0.	-0.81053	1.8254e-005
6578	0.39278	0.	-0.74906	3.6859e-005
6579	0.29185	0.	-0.68124	2.8212e-005
6580	0.27981	0.	-0.78829	7.1711e-006
6584	-0.63109	0.	-0.81023	5.3616e-006
6585	-0.57439	0.	-0.781	-3.1435e-006
6586	-0.52702	0.	-0.8246	-2.3049e-005
6587	-0.53896	0.	-0.8959	-1.1167e-005
6591	-4.2194e-002	0.	-0.14375	-6.1824e-003
6592	-7.0303e-002	0.	-0.19578	-5.1001e-003
6593	-7.1668e-002	0.	-0.14361	-1.1694e-002
6594	-8.4207e-002	0.	-0.16954	-8.1243e-003
6595	-3.1005e-002	0.	-0.18579	-3.5744e-003
6599	0.53361	0.	-0.20314	5.6903e-004
6600	0.40459	0.	-0.23239	9.5821e-004
6601	0.43681	0.	-0.1809	9.773e-004
6602	0.42998	0.	-0.29582	5.4523e-004
6603	0.4894	0.	-0.31294	4.7696e-004
6604	0.49343	0.	-0.16162	6.8326e-004
6608	-1.1957	0.	-0.36074	1.6897e-004
6609	-1.1307	0.	-0.39789	1.8095e-004
6610	-1.1918	0.	-0.48172	1.3967e-004
6611	-1.1286	0.	-0.45558	1.6078e-004
6615	-0.3091	0.	-0.46585	-5.0067e-004
6616	-0.33414	0.	-0.56556	-2.4943e-004
6617	-0.40035	0.	-0.52843	-1.8533e-004
6618	-0.40782	0.	-0.46653	-1.3628e-004
6619	-0.28992	0.	-0.54022	-3.1425e-004
6623	0.77625	0.	-0.4781	1.4377e-004
6624	0.6337	0.	-0.57945	1.199e-004
6625	0.70982	0.	-0.44118	1.736e-004
6626	0.78094	0.	-0.55041	1.2395e-004
6627	0.69999	0.	-0.58754	1.2029e-004
6628	0.6551	0.	-0.47006	1.8631e-004
6633	1.5587e-002	0.	-0.47294	-5.0686e-004
6634	-4.5527e-002	0.	-0.39379	-1.1087e-003
6635	-8.1707e-003	0.	-0.37993	-8.6517e-004
6636	-5.8327e-002	0.	-0.42871	-8.3487e-004
6637	-3.2646e-002	0.	-0.45831	-6.4258e-004
6641	-0.20327	0.	-0.38432	-1.4222e-003
6642	-0.21861	0.	-0.2987	-3.1559e-003
6643	-0.25067	0.	-0.38774	-1.2288e-003
6644	-0.25683	0.	-0.31378	-1.8432e-003
6645	-0.26279	0.	-0.34831	-1.4517e-003
6646	-0.18325	0.	-0.35981	-1.6432e-003
6650	-6.394e-002	0.	-0.74431	-1.5134e-004
6651	-9.0872e-003	0.	-0.84654	-7.9672e-005
6652	-5.9974e-002	0.	-0.80181	-9.8437e-005
6653	4.5082e-002	0.	-0.8069	-7.5646e-005
6654	-2.5141e-002	0.	-0.72298	-1.7396e-004
6659	-0.7508	0.	-0.75	4.0626e-005
6660	-0.88519	0.	-0.68815	7.5151e-005
6661	-0.75823	0.	-0.69083	6.2769e-005
6662	-0.8125	0.	-0.78234	4.3442e-005
6663	-0.82833	0.	-0.65943	8.8403e-005
6668	0.24829	0.	-0.56498	7.5754e-005
6669	0.17981	0.	-0.55405	8.9936e-006
6670	0.18865	0.	-0.48042	6.6198e-005
6671	0.28183	0.	-0.51768	1.2407e-004
6672	0.22987	0.	-0.45781	2.0388e-004
6676	-1.1418	0.	-0.63567	9.2475e-005
6677	-1.0127	0.	-0.62929	1.0141e-004
6678	-1.0667	0.	-0.66583	8.5576e-005
6679	-1.1329	0.	-0.56874	1.1569e-004
6680	-1.0162	0.	-0.57185	1.3064e-004
6681	-1.0696	0.	-0.54259	1.368e-004
6686	-0.43751	0.	-0.20713	2.9885e-003
6687	-0.38278	0.	-0.16177	2.8082e-003
6688	-0.39472	0.	-0.14184	5.5719e-003
6689	-0.44271	0.	-0.11721	6.6743e-003
6690	-0.40857	0.	-0.12239	9.9658e-003
6691	-0.45557	0.	-0.1507	4.3608e-003
6695	-0.26919	0.	-0.17873	-5.6424e-003
6696	-0.23213	0.	-0.14698	-1.0021e-002
6697	-0.26697	0.	-0.12435	-9.2887e-003
6698	-0.2766	0.	-0.14968	-5.5435e-003
6699	-0.23891	0.	-0.12424	-1.4982e-002
6700	-0.2416	0.	-0.16906	-7.4591e-003
6704	-0.17252	0.	-0.69221	-1.9383e-004
6705	-0.11988	0.	-0.77473	-1.3441e-004
6706	-0.16555	0.	-0.74572	-1.578e-004
6707	-0.13663	0.	-0.65727	-2.9007e-004
6708	-8.5049e-002	0.	-0.69591	-2.0993e-004
6712	-1.4607e-003	0.	-0.54628	-3.4864e-004
6713	-8.667e-002	0.	-0.53796	-5.154e-004
6714	-9.9173e-002	0.	-0.58536	-3.8365e-004
6715	-4.9694e-002	0.	-0.53165	-4.8437e-004
6716	-4.7591e-002	0.	-0.62401	-3.0351e-004
6720	-0.29591	0.	-0.89523	-5.1288e-005
6721	-0.17059	0.	-0.85453	-7.548e-005
6722	-0.21625	0.	-0.82551	-9.887e-005
6723	-0.24091	0.	-0.93182	-4.6258e-005
6724	-0.25626	0.	-0.8435	-8.266e-005
6725	-0.17133	0.	-0.91029	-5.1396e-005
6731	-0.23214	0.	-0.42673	-8.972e-004
6732	-0.15458	0.	-0.46289	-8.7345e-004
6733	-0.14328	0.	-0.42698	-1.0347e-003
6734	-0.16472	0.	-0.3988	-1.3116e-003
6738	-1.139e-002	0.	-0.11801	-1.524e-003
6739	-6.4847e-002	0.	-0.12033	-1.2539e-002
6740	-3.1028e-002	0.	-0.1047	-4.8807e-003
6745	3.3246e-002	0.	-0.12071	5.1727e-003
6746	1.1801e-002	0.	-9.8139e-002	1.1618e-002
6747	-7.0448e-003	0.	-0.10225	6.2291e-004
6748	2.5077e-002	0.	-0.10341	1.0245e-002
6752	7.5278e-002	0.	-0.14004	5.5264e-003
6753	0.11425	0.	-0.18988	3.205e-003
6754	0.12281	0.	-0.11613	7.0721e-003
6755	8.9296e-002	0.	-0.11913	1.048e-002
6756	0.13684	0.	-0.15107	4.4883e-003
6760	-0.84862	0.	-0.32001	4.0988e-004
6761	-0.80672	0.	-0.24481	5.8528e-004
6762	-0.71104	0.	-0.36115	4.3021e-004
6763	-0.70597	0.	-0.30813	5.8977e-004
6764	-0.74858	0.	-0.38691	3.9059e-004
6768	0.79862	0.	-0.82389	4.3966e-005
6769	0.8498	0.	-0.66242	8.1568e-005
6770	0.76885	0.	-0.69955	7.7913e-005
6771	0.86313	0.	-0.79336	5.0149e-005
6777	-1.1897	0.	-0.74808	5.5141e-005
6778	-1.0964	0.	-0.83826	3.6087e-005
6779	-1.1823	0.	-0.88688	2.5802e-005
6780	-1.1147	0.	-0.77824	4.8241e-005
6781	-1.1127	0.	-0.8923	2.5679e-005
6785	-0.39549	0.	-0.65287	-1.3702e-004
6786	-0.4617	0.	-0.61575	-7.2915e-005
6787	-0.51551	0.	-0.7002	-3.387e-005
6788	-0.46815	0.	-0.7438	-5.3776e-005
6789	-0.41775	0.	-0.71948	-7.6754e-005
6793	-7.0846e-002	0.	-0.24879	-3.5087e-003
6794	-6.316e-002	0.	-0.31694	-1.8404e-003
6795	-2.5804e-002	0.	-0.30308	-1.5969e-003
6796	-3.1548e-002	0.	-0.2388	-1.983e-003
6800	-0.25009	0.	-0.22962	-3.9142e-003
6801	-0.28831	0.	-0.2447	-2.6015e-003
6802	-0.29219	0.	-0.17813	-3.1715e-003
6803	-0.31693	0.	-0.18717	-1.2083e-003
6804	-0.25719	0.	-0.19751	-5.0871e-003
6808	0.44477	0.	-0.68569	8.8786e-005
6809	0.4994	0.	-0.62812	1.0893e-004
6810	0.34384	0.	-0.61787	8.0138e-005
6811	0.42273	0.	-0.53828	1.8334e-004
6812	0.37738	0.	-0.57057	1.2845e-004
6818	-0.1055	0.	-0.19829	-7.8873e-003
6819	-0.12151	0.	-0.22597	-5.6145e-003
6820	-5.2293e-002	0.	-0.21454	-3.3374e-003
6826	8.6741e-002	0.	-0.55955	-2.11e-004
6827	9.5582e-002	0.	-0.48592	-1.5379e-004
6828	-2.2227e-003	0.	-0.50449	-4.5854e-004
6832	-0.50377	0.	-0.29554	8.9315e-004
6833	-0.60236	0.	-0.36517	4.6765e-004
6834	-0.59729	0.	-0.31215	6.2722e-004
6835	-0.51298	0.	-0.38235	2.9838e-004
6836	-0.501	0.	-0.34196	3.8558e-004
6841	0.13781	0.	-0.88731	-2.3321e-005
6842	0.13036	0.	-0.94559	-1.648e-005
6843	0.2387	0.	-0.94875	-5.7903e-006
6844	0.2109	0.	-0.88408	-9.23e-006
6846	-0.42075	0.	-0.86254	-3.4004e-005
6847	-0.37034	0.	-0.83821	-5.6983e-005
6848	-0.43269	0.	-0.93383	-2.2122e-005
6849	-0.31156	0.	-0.95023	-2.8091e-005
6850	-0.32691	0.	-0.8619	-6.4493e-005
6855	-0.88899	0.	-0.23966	4.9823e-004
6856	-0.95279	0.	-0.3813	2.5481e-004
6857	-1.0033	0.	-0.28485	2.8483e-004
6858	-1.0004	0.	-0.34253	2.6246e-004
6863	-0.12796	0.	-0.11967	-1.9033e-002
6864	-0.18612	0.	-0.13142	-1.6022e-002
6865	-0.1405	0.	-0.1456	-1.5464e-002
6866	-0.1929	0.	-0.10868	-2.0983e-002
6871	0.21756	0.	-0.30204	7.1399e-004
6872	0.16593	0.	-0.32412	4.8722e-004
6873	0.15191	0.	-0.25577	1.2498e-003
6874	0.13229	0.	-0.29754	3.3315e-004
6878	-0.7125	0.	-0.60515	1.0806e-004
6879	-0.78261	0.	-0.57376	1.337e-004
6880	-0.72894	0.	-0.49732	2.1708e-004
6881	-0.68729	0.	-0.52186	1.5788e-004
6885	0.41936	0.	-0.81894	3.3031e-005
6886	0.43913	0.	-0.89372	1.8275e-005
6887	0.3342	0.	-0.92284	6.7826e-006
6888	0.3064	0.	-0.85817	3.3429e-006
6893	-0.25363	0.	-0.26714	-3.2453e-003
6894	-0.18342	0.	-0.23974	-5.4619e-003
6895	-0.22251	0.	-0.21995	-5.7308e-003
6899	-0.29166	0.	-0.39072	-9.2674e-004
6904	0.69623	0.	-0.92602	1.8867e-005
6905	0.82693	0.	-0.92598	2.1941e-005
6906	0.83218	0.	-0.87668	3.0996e-005
6910	0.6574	0.	-0.12707	4.1692e-004
6911	0.64616	0.	-0.20014	4.0147e-004
6912	0.55406	0.	-0.12248	6.0653e-004
6916	-0.41761	0.	-0.28395	4.7205e-004
6917	-0.45578	0.	-0.30432	7.0692e-004
6918	-0.4766	0.	-0.20147	2.5868e-003
6922	0.29966	0.	-0.2703	9.6108e-004
6923	0.21151	0.	-0.34018	4.2474e-004
6924	0.32505	0.	-0.33374	5.481e-004
6925	0.24536	0.	-0.3628	4.7105e-004
6930	-1.1284	0.	-0.20259	2.3439e-004
6931	-1.1905	0.	-0.22312	2.0005e-004
6932	-1.1492	0.	-0.10665	2.4705e-004
6937	0.36841	0.	-0.17101	1.2897e-003
6938	0.36158	0.	-0.28593	8.5768e-004
6939	0.29793	0.	-0.1558	2.2916e-003
6943	0.79421	0.	-0.40272	1.6949e-004
6944	0.86533	0.	-0.51195	1.1984e-004
6945	0.87561	0.	-0.37069	1.6362e-004
6950	-0.10686	0.	-0.14612	-1.4481e-002
6955	0.48607	0.	-0.83225	3.6881e-005
6956	0.52092	0.	-0.6999	7.178e-005
6961	-0.79309	0.	-0.11991	9.6789e-004
6962	-0.89568	0.	-0.11414	5.6832e-004
6967	-0.33426	0.	-0.29611	-1.1015e-003
6968	-0.29781	0.	-0.31675	-1.5411e-003
6973	-0.62638	0.	-0.75346	1.3429e-005
6974	-0.69051	0.	-0.72351	4.4077e-005
6975	-0.74478	0.	-0.81503	2.475e-005
6982	-0.39583	0.	-0.59245	-1.3727e-004
6983	-0.27541	0.	-0.64837	-2.0086e-004
6984	-0.35188	0.	-0.69618	-1.4111e-004
6985	-0.2854	0.	-0.60423	-2.6619e-004
6989	-3.8862e-002	0.	-0.34696	-1.2829e-003
6990	-8.9018e-002	0.	-0.39574	-1.2526e-003
6991	-0.11046	0.	-0.36756	-1.5295e-003
6995	0.56532	0.	-0.92593	1.7523e-005
6999	0.64184	0.	-0.65042	9.2315e-005
7003	-1.0223	0.	-0.40897	1.9444e-004
7004	-0.96675	0.	-0.49592	1.6812e-004
7005	-1.0202	0.	-0.46667	1.7428e-004
7007	4.5542e-002	0.	-0.32111	-5.7481e-004
7011	-0.4695	0.	-0.49342	-2.4111e-005
7015	-0.96574	0.	-0.88981	2.6125e-005
7016	-0.85736	0.	-0.88744	2.2408e-005
7017	-0.85224	0.	-0.94528	1.3914e-005
7018	-0.98202	0.	-0.94385	1.5717e-005
7023	-0.65066	0.	-0.34414	5.2306e-004
7024	-0.69327	0.	-0.42291	3.2388e-004
7025	-0.65162	0.	-0.44745	2.6468e-004
7028	-6.5028e-002	0.	-0.87696	-6.2739e-005
7029	4.0028e-002	0.	-0.88205	-3.9948e-005
7030	3.2579e-002	0.	-0.94033	-3.3107e-005
7031	-6.577e-002	0.	-0.93273	-3.8656e-005
7034	0.33015	0.	-0.10432	2.3107e-003
7035	0.45725	0.	-0.10024	1.0148e-003
7040	0.19596	0.	-0.6109	-3.2418e-005
7041	0.29798	0.	-0.57453	8.2654e-005
7044	-0.13691	0.	-0.54989	-5.2458e-004
7045	-0.11311	0.	-0.46657	-8.1758e-004
7046	-8.7432e-002	0.	-0.49617	-6.253e-004
7048	-0.21743	0.	-0.12094	-1.6988e-002
7049	-0.22013	0.	-0.16576	-9.4653e-003
7053	0.79667	0.	-0.11277	2.8382e-004
7054	0.88168	0.	-0.21858	2.0684e-004
7055	0.78543	0.	-0.18584	2.6837e-004
7061	0.70933	0.	-0.1632	3.2608e-004
7065	-0.13541	0.	-0.19973	-8.6386e-003
7069	0.13631	0.	-0.52635	-4.1973e-005
7074	0.15252	0.	-0.40749	1.066e-004
7075	0.12624	0.	-0.33569	4.3895e-005
7076	0.19374	0.	-0.38487	2.4428e-004
7080	0.80918	0.	-0.33377	1.9344e-004
7081	0.71293	0.	-0.30103	2.5497e-004
7082	0.67306	0.	-0.39468	2.1203e-004
7087	-1.1379	0.	-0.27538	2.1248e-004
7088	-1.0729	0.	-0.31252	2.2446e-004
7092	-0.34022	0.	-0.33064	-7.1001e-004
7093	-0.41484	0.	-0.33037	-3.5527e-005
7097	-0.21422	0.	-0.72068	-1.6432e-004
7098	-0.1853	0.	-0.63223	-2.9659e-004
7099	-0.23119	0.	-0.62303	-2.6568e-004
7104	-0.16158	0.	-0.80321	-1.0489e-004
7105	-0.11666	0.	-0.888	-5.7421e-005
7110	-0.6338	0.	-0.69428	3.5572e-005
7111	-0.52231	0.	-0.76784	-1.4982e-005
7114	-1.135	0.	-0.7019	6.6207e-005
7115	-1.2011	0.	-0.60481	9.6324e-005
7119	0.78908	0.	-0.62139	9.6362e-005
7125	-0.89501	0.	-0.63026	1.0424e-004
7126	-1.0059	0.	-0.69552	7.5146e-005
7127	-0.95534	0.	-0.60154	1.2021e-004
7130	0.4046	0.	-0.40601	3.4273e-004
7131	0.37687	0.	-0.49494	1.8586e-004
7132	0.46401	0.	-0.42313	2.7446e-004
7135	0.44639	0.	-0.36648	3.7643e-004
7144	-0.28996	0.	-0.12375	-6.8178e-003
7145	-0.2976	0.	-9.0476e-002	-1.8822e-003
7146	-0.25227	0.	-9.8307e-002	-1.6256e-002
7151	-0.76804	0.	-0.63294	9.1853e-005
7158	-1.0416	0.	-0.79208	4.7154e-005
7159	-1.0395	0.	-0.90615	2.4591e-005
7164	-0.42454	0.	-0.78711	-5.7866e-005
7165	-0.48688	0.	-0.88273	-2.3005e-005
7168	-0.80135	0.	-0.9052	1.9073e-005
7172	-1.1254	0.	-0.95477	1.4306e-005
7178	-0.32434	0.	-0.15812	-1.1094e-003
7183	0.18637	0.	-0.4301	1.5291e-004
7187	-0.89848	0.	-0.57282	1.3347e-004
7191	-0.46499	0.	-0.39113	1.1214e-004
7194	0.20432	0.	-8.358e-002	6.3849e-003
7195	0.21835	0.	-0.11852	3.8011e-003
7200	-0.66057	0.	-8.2585e-002	1.9619e-003
7201	-0.5255	0.	-8.3932e-002	5.6239e-003
7202	-0.53835	0.	-0.11743	3.3104e-003
7207	-0.24726	0.	-0.79218	-1.1208e-004
7210	0.89144	0.	-0.89545	2.8123e-005
7215	-0.3307	0.	-0.78648	-8.8355e-005
7220	-0.1953	0.	-0.5881	-3.6192e-004
7221	-9.7832e-002	0.	-0.63594	-3.1269e-004
7225	-1.135	0.	-0.33306	1.9012e-004
7233	8.6748e-002	0.	-0.90069	-2.9081e-005
7234	0.16728	0.	-0.83917	-2.1831e-005
7241	-0.36103	0.	-0.14724	3.6176e-003
7249	-0.68916	0.	-0.4732	2.2506e-004
7255	0.79433	0.	-0.26901	2.491e-004
7266	0.56207	0.	-0.40358	2.6645e-004
7270	6.7918e-002	0.	-0.10496	1.132e-002
7271	4.573e-002	0.	-0.10857	1.1438e-002
7275	-7.8364e-003	0.	-8.4829e-002	8.2613e-003
7276	2.4285e-002	0.	-8.5995e-002	1.7884e-002
7277	1.9688e-002	0.	-6.5436e-002	4.0826e-002
7283	-0.36368	0.	-0.11393	8.6094e-003
7284	-0.38682	0.	-0.10787	1.0775e-002
7290	-0.35011	0.	-8.3532e-002	1.8839e-002
7291	-0.37752	0.	-9.4488e-002	1.3003e-002
7292	-0.33462	0.	-9.1542e-002	8.818e-003
7296	-0.37325	0.	-7.747e-002	2.1005e-002
7297	-0.33035	0.	-7.4523e-002	1.6819e-002
7298	-0.35851	0.	-5.4865e-002	3.2954e-002
7299	-0.34233	0.	-5.6962e-002	4.8496e-002
7304	0.11221	0.	-0.26734	8.0647e-004
7305	0.15443	0.	-0.18675	3.0064e-003
7312	0.11545	0.	-8.1049e-002	1.2865e-002
7313	0.16299	0.	-0.113	6.8735e-003
7317	5.9749e-002	0.	-8.7655e-002	1.6392e-002
7318	5.5152e-002	0.	-6.7095e-002	3.9334e-002
7324	-0.43481	0.	-8.324e-002	1.1878e-002
7325	-0.48181	0.	-0.11155	6.2726e-003
7329	-0.38592	0.	-6.582e-002	2.7118e-002
7334	-0.18698	0.	-0.96529	-2.8199e-005
7344	-1.0678	0.	-0.42789	1.8193e-004
7361	-1.129	0.	-0.51173	1.4065e-004
7381	0.26817	0.	-0.90061	-4.3001e-006
7388	-7.6136e-002	0.	-0.46026	-7.8655e-004
7389	-0.12326	0.	-0.40248	-1.2557e-003
7419	-1.0123	0.	-0.51484	1.556e-004
7434	3.2964e-002	0.	-7.0708e-002	3.9453e-002
10547	-0.36257	0.	-3.3972e-002	6.121e-002
10548	-0.34639	0.	-3.607e-002	7.6752e-002
10551	-0.35501	0.	-4.5312e-002	5.4609e-002
82	0.	0.	5.e-002	8.5237e-002
83	0.	0.	6.e-002	3.7945e-002
84	-2.e-002	0.	6.e-002	1.5454e-004
85	-4.e-002	0.	6.e-002	-1.8628e-002
86	-8.e-002	0.	6.e-002	-3.0812e-002
87	-0.12	0.	6.e-002	-3.2153e-002
88	-0.16	0.	6.e-002	-3.2443e-002
89	-0.2	0.	6.e-002	-3.3365e-002
90	-0.24	0.	6.e-002	-2.9487e-002
91	-0.28	0.	6.e-002	-1.5764e-002
92	-0.3	0.	6.e-002	2.2876e-003
93	-0.32	0.	5.e-002	0.1057
94	-0.32	0.	6.e-002	3.3838e-002
95	-0.32	0.	4.e-002	0.13403
104	0.	0.	4.e-002	0.11913
427	9.0909e-002	0.	0.	2.6603e-002
428	0.18182	0.	0.	9.539e-003
429	0.27273	0.	0.	3.0428e-003
430	0.36364	0.	0.	1.9526e-003
431	0.45455	0.	0.	1.0795e-003
432	0.54545	0.	0.	6.5212e-004
433	0.63636	0.	0.	5.0531e-004
434	0.72727	0.	0.	3.7254e-004
435	0.81818	0.	0.	2.6468e-004
436	0.90909	0.	0.	2.2314e-004
437	-1.2291	0.	0.	2.1964e-004
438	-1.1382	0.	0.	2.6252e-004
439	-1.0473	0.	0.	3.5894e-004
440	-0.95636	0.	0.	4.8371e-004
441	-0.86545	0.	0.	7.0681e-004
442	-0.77455	0.	0.	9.8368e-004
443	-0.68364	0.	0.	1.4725e-003
444	-0.59273	0.	0.	3.0531e-003
445	-0.50182	0.	0.	8.8163e-003
446	-0.41091	0.	0.	2.8573e-002
490	-1.32	0.	9.6364e-002	2.0543e-004
491	-1.32	0.	0.19273	1.9064e-004
492	-1.32	0.	0.28909	1.7058e-004
493	-1.32	0.	0.38545	1.4721e-004
494	-1.32	0.	0.48182	1.2241e-004
495	-1.32	0.	0.57818	9.3337e-005
496	-1.32	0.	0.67455	6.7481e-005
497	-1.32	0.	0.77091	4.831e-005
498	-1.32	0.	0.86727	2.954e-005
499	-1.32	0.	0.96364	1.3023e-005
505	-1.2233	0.	1.06	5.6992e-006
506	-1.1267	0.	1.06	7.9752e-006
507	-1.03	0.	1.06	5.639e-006
508	-0.93333	0.	1.06	7.3672e-006
509	-0.83667	0.	1.06	4.1076e-006
510	-0.74	0.	1.06	3.2791e-006
511	-0.64333	0.	1.06	3.5024e-007
512	-0.54667	0.	1.06	-3.6103e-006
513	-0.45	0.	1.06	-4.4532e-006
514	-0.35333	0.	1.06	-1.0206e-005
515	-0.25667	0.	1.06	-1.7644e-005
516	-0.16	0.	1.06	-1.7106e-005
517	-6.3333e-002	0.	1.06	-1.7052e-005
518	3.3333e-002	0.	1.06	-1.1989e-005
519	0.13	0.	1.06	-9.6493e-006
520	0.22667	0.	1.06	-4.7048e-006
521	0.32333	0.	1.06	8.4344e-007
522	0.42	0.	1.06	5.0954e-006
523	0.51667	0.	1.06	4.3799e-006
524	0.61333	0.	1.06	4.9958e-006
525	0.71	0.	1.06	8.1702e-006
526	0.80667	0.	1.06	4.6603e-006
527	0.90333	0.	1.06	8.4689e-006
533	1.	0.	0.96364	1.5268e-005
534	1.	0.	0.86727	3.4072e-005
535	1.	0.	0.77091	4.8056e-005
536	1.	0.	0.67455	7.6312e-005
537	1.	0.	0.57818	9.9025e-005
538	1.	0.	0.48182	1.2337e-004
539	1.	0.	0.38545	1.5244e-004
540	1.	0.	0.28909	1.7421e-004
541	1.	0.	0.19273	1.9821e-004
542	1.	0.	9.6364e-002	2.1256e-004
543	0.	0.	0.	0.1541
544	-0.32	0.	0.	0.15261
550	1.	0.	0.	2.131e-004
552	-1.32	0.	0.	2.1321e-004
555	-1.32	0.	1.06	5.7874e-006
556	1.	0.	1.06	5.9214e-006
557	0.16165	0.	0.74212	-3.8807e-005
558	-0.47111	0.	0.72667	-4.7887e-005
559	-0.39588	0.	0.40292	-2.35e-004
560	6.5302e-002	0.	0.40346	-2.199e-004
561	-0.3613	0.	0.23527	1.3732e-004
562	2.5703e-002	0.	0.22765	-2.0796e-004
563	-0.88127	0.	0.58954	1.1382e-004
564	0.57556	0.	0.60424	1.1465e-004
565	-0.12154	0.	0.57261	-4.4883e-004
566	-0.16429	0.	0.22601	-5.8801e-003
567	-0.65424	0.	0.48425	1.8234e-004
568	0.32513	0.	0.51649	1.5305e-004
569	0.65141	0.	0.30212	3.1506e-004
570	-0.97141	0.	0.30212	2.9641e-004
571	-0.14111	0.	0.39333	-1.3568e-003
572	-0.18312	0.	0.80211	-1.146e-004
573	-0.50167	0.	0.36273	3.9608e-004
574	0.18097	0.	0.34898	4.1713e-004
575	0.3389	0.	0.32571	5.3267e-004
576	-0.81483	0.	0.32232	4.549e-004
577	-0.33739	0.	0.16672	3.6219e-004
578	1.7767e-002	0.	0.11639	6.2818e-003
579	-0.10247	0.	0.18963	-6.3515e-003
580	-0.23852	0.	0.61556	-3.4877e-004
581	-0.21214	0.	0.36206	-1.7045e-003
582	-0.55745	0.	0.24829	1.4067e-003
583	-0.618	0.	0.71623	1.2322e-005
584	0.43867	0.	0.63396	8.5775e-005
585	0.68501	0.	0.90301	2.4351e-005
586	-0.98519	0.	0.90808	2.4506e-005
587	-0.73679	0.	0.75993	3.9099e-005
588	-0.23148	0.	0.51411	-5.4672e-004
589	-0.44593	0.	0.61556	-8.763e-005
590	8.4745e-002	0.	0.50242	-1.8376e-004
591	-0.20552	0.	0.10255	-2.2605e-002
592	0.24237	0.	0.12091	3.8916e-003
593	0.86987	0.	0.51127	1.2891e-004
594	-1.0261	0.	0.58625	1.0781e-004
595	0.39716	0.	0.78337	3.2184e-005
596	-2.5533e-002	0.	0.29305	-1.4375e-003
597	-0.285	0.	0.19976	-3.26e-003
598	0.74961	0.	0.70018	7.3488e-005
599	-1.3843e-002	0.	0.77951	-1.0171e-004
600	-0.29205	0.	0.13245	-4.0422e-003
601	0.13828	0.	0.10925	7.6361e-003
602	8.4989e-002	0.	9.8822e-002	1.2654e-002
603	0.36671	0.	0.12105	1.6371e-003
604	-7.7633e-002	0.	0.13812	-1.221e-002
605	-0.14816	0.	0.11816	-2.1767e-002
606	0.4598	0.	0.4947	1.8971e-004
607	3.8929e-002	0.	7.9508e-002	2.2759e-002
608	-0.34039	0.	0.11333	7.6044e-003
609	0.15057	0.	0.28068	7.3673e-004
610	-2.3333e-002	0.	0.47667	-5.3816e-004
611	-0.40043	0.	0.87488	-4.1864e-005
612	-0.46018	0.	0.2098	2.2425e-003
613	-0.54241	0.	0.84819	-1.3229e-005
614	-0.74828	0.	0.17439	9.2898e-004
615	-1.1342	0.	0.26669	2.2205e-004
616	0.81255	0.	0.26595	2.0925e-004
617	0.17165	0.	0.89418	-1.6164e-005
618	-1.1526	0.	0.83949	3.539e-005
619	-0.1462	0.	0.30395	-3.0397e-003
620	0.48399	0.	0.3319	4.4483e-004
621	-0.34412	0.	0.7558	-1.0576e-004
622	-1.0209	0.	0.75603	5.7487e-005
623	-0.16265	0.	0.69182	-2.1416e-004
624	-0.60637	0.	0.35617	4.9495e-004
625	-0.28811	0.	0.2719	-1.7642e-003
626	-0.46334	0.	0.47902	-5.562e-005
627	-0.35196	0.	0.50605	-3.0659e-004
628	-0.28736	0.	0.41406	-7.3159e-004
629	0.23833	0.	0.61273	3.9679e-005
630	-8.5669e-003	0.	0.17412	-1.9034e-003
631	-1.0749	0.	0.42105	1.7788e-004
632	0.8497	0.	0.90244	2.7688e-005
633	-0.93714	0.	0.13981	4.1904e-004
634	0.61948	0.	0.14861	4.381e-004
635	-1.4368e-002	0.	0.37426	-8.6966e-004
636	1.4259e-002	0.	0.93496	-3.6059e-005
637	-0.18917	0.	0.1656	-1.1277e-002
638	-0.76531	0.	0.90605	1.7421e-005
639	-0.93348	0.	0.45318	2.1283e-004
640	-0.78952	0.	0.47598	2.3643e-004
641	0.61348	0.	0.45318	2.0924e-004
642	0.62037	0.	0.75616	5.7469e-005
643	-0.74267	0.	0.61448	9.04e-005
644	-1.1821	0.	0.686	6.9958e-005
645	0.29504	0.	0.22111	1.4784e-003
646	0.46438	0.	0.93897	1.16e-005
647	0.75497	0.	0.41237	1.8685e-004
648	-0.22173	0.	0.20815	-5.3794e-003
649	-0.67659	0.	0.26573	9.0629e-004
650	-0.42465	0.	0.2999	3.1813e-004
651	-0.39317	0.	0.16101	5.2912e-003
652	0.71704	0.	0.56343	1.1089e-004
653	-0.53207	0.	0.12091	4.25e-003
654	-1.1785	0.	0.52263	1.167e-004
655	0.2026	0.	0.51474	7.08e-005
656	-0.87752	0.	0.81692	3.7176e-005
657	-0.54345	0.	0.54193	5.4473e-005
658	0.11171	0.	0.62008	-9.6224e-005
659	-0.20521	0.	0.93178	-5.2793e-005
660	0.27414	0.	0.75502	-2.3215e-006
661	6.0412e-002	0.	0.29945	-3.6632e-005
662	-0.22342	0.	0.27764	-3.5374e-003
663	0.32494	0.	0.93132	2.9188e-006
664	-0.64065	0.	0.14104	1.7574e-003
665	-0.34222	0.	0.61556	-2.3478e-004
666	-0.13167	0.	0.47667	-8.0139e-004
667	0.75672	0.	0.11648	2.6645e-004
668	-1.0769	0.	0.11585	2.9492e-004
669	-8.2004e-002	0.	0.34918	-1.831e-003
670	7.9097e-002	0.	0.82042	-5.1395e-005
671	-5.3657e-002	0.	0.23072	-3.8275e-003
672	-0.34056	0.	0.33778	-6.5843e-004
673	6.1383e-002	0.	0.16274	3.8112e-003
674	-0.20254	0.	0.43772	-9.2268e-004
675	-0.70883	0.	0.36429	4.7312e-004
676	-9.1181e-002	0.	0.86208	-7.3054e-005
677	0.25878	0.	0.41364	3.1178e-004
678	-0.24174	0.	0.15305	-9.4847e-003
679	-0.62299	0.	0.95813	5.6774e-007
680	0.89724	0.	0.39347	1.5562e-004
681	-0.2578	0.	0.72226	-1.5358e-004
682	0.88078	0.	0.7636	4.9181e-005
683	7.414e-004	0.	0.57613	-2.5434e-004
684	-7.8497e-002	0.	0.41402	-1.1713e-003
685	1.8654e-002	0.	5.9082e-002	5.0532e-002
686	-1.2082	0.	0.15822	2.1846e-004
687	0.88824	0.	0.15822	2.1571e-004
688	-0.46026	0.	0.12781	6.1611e-003
689	0.5374	0.	0.8521	3.1339e-005
690	-0.66248	0.	0.83656	1.1855e-005
691	-7.0694e-002	0.	0.66417	-2.0791e-004
692	-0.29586	0.	9.2407e-002	-3.1537e-003
693	-0.25959	0.	0.10104	-1.8142e-002
694	0.50286	0.	0.73237	6.2793e-005
695	-0.54956	0.	0.44052	1.5822e-004
696	-1.2246	0.	0.39445	1.4975e-004
697	-1.188	0.	0.94975	1.4726e-005
698	0.23599	0.	0.29722	7.3987e-004
699	-0.27032	0.	0.33268	-1.5761e-003
700	0.3362	0.	0.62889	6.7842e-005
701	-3.4709e-002	0.	0.13145	-5.695e-003
702	-0.28442	0.	0.83731	-7.7855e-005
703	-0.14453	0.	0.16973	-1.1307e-002
704	0.15144	0.	0.42341	7.4254e-005
705	-8.2602e-002	0.	0.28641	-3.0829e-003
706	-0.41176	0.	7.8333e-002	1.5285e-002
707	-0.36403	0.	6.7847e-002	2.6842e-002
708	-0.10995	0.	0.96661	-2.7649e-005
709	-0.34026	0.	4.5798e-002	7.8041e-002
710	-0.47944	0.	0.97667	-1.1979e-005
711	0.48598	0.	0.16117	7.1149e-004
712	0.86972	0.	0.63288	8.4197e-005
713	-0.32648	0.	8.2577e-002	1.7602e-002
714	-2.1688e-002	0.	9.09e-002	-4.9298e-003
715	5.3752e-003	0.	8.3088e-002	1.2984e-002
716	-0.53875	0.	0.63892	4.0208e-006
717	0.39391	0.	0.23749	8.257e-004
718	-0.80734	0.	8.0581e-002	9.2084e-004
719	0.75171	0.	0.80555	4.7438e-005
720	-0.86058	0.	0.21834	5.0225e-004
721	-0.10048	0.	0.10333	-2.3945e-002
722	-5.8559e-002	0.	9.447e-002	-1.9721e-002
723	-0.10425	0.	0.77422	-1.2849e-004
724	0.19504	0.	0.20513	2.2752e-003
725	-0.3102	0.	0.93047	-3.3751e-005
726	0.59093	0.	0.98404	1.2549e-005
727	6.918e-002	0.	0.73308	-9.7046e-005
728	-0.85633	0.	0.96851	1.3006e-005
729	0.78241	0.	0.987	1.2092e-005
730	-0.92355	0.	0.6936	6.7954e-005
731	0.38195	0.	0.41558	2.7352e-004
732	0.10798	0.	0.20161	2.2929e-003
733	-5.6602e-002	0.	0.17552	-6.1052e-003
734	-1.0559	0.	0.98404	1.1228e-005
735	0.12171	0.	0.3477	1.3419e-004
736	5.8257e-002	0.	3.995e-002	5.6127e-002
2484	0.	0.	5.5e-002	6.1591e-002
2485	0.	0.	4.5e-002	0.10218
2487	9.3272e-003	0.	5.4541e-002	6.7884e-002
2490	-1.e-002	0.	6.e-002	1.905e-002
2492	9.3272e-003	0.	5.9541e-002	4.4238e-002
2493	2.6876e-003	0.	7.1544e-002	2.5464e-002
2496	-3.e-002	0.	6.e-002	-9.2368e-003
2498	-2.0844e-002	0.	7.545e-002	-2.3876e-003
2499	-7.3124e-003	0.	7.1544e-002	6.5692e-003
2502	-6.e-002	0.	6.e-002	-2.472e-002
2504	-3.0844e-002	0.	7.545e-002	-1.1779e-002
2505	-4.9279e-002	0.	7.7235e-002	-1.9175e-002
2507	-0.1	0.	6.e-002	-3.1483e-002
2509	-9.0241e-002	0.	8.1665e-002	-2.7378e-002
2510	-6.9279e-002	0.	7.7235e-002	-2.5267e-002
2512	-0.14	0.	6.e-002	-3.2298e-002
2514	-0.13408	0.	8.9081e-002	-2.696e-002
2515	-0.11024	0.	8.1665e-002	-2.8049e-002
2518	-0.18	0.	6.e-002	-3.2904e-002
2520	-0.18276	0.	8.1275e-002	-2.7524e-002
2521	-0.15408	0.	8.9081e-002	-2.7105e-002
2524	-0.22	0.	6.e-002	-3.1426e-002
2526	-0.20276	0.	8.1275e-002	-2.7985e-002
2529	-0.26	0.	6.e-002	-2.2625e-002
2531	-0.22276	0.	8.1275e-002	-2.6046e-002
2532	-0.24979	0.	8.0521e-002	-2.3814e-002
2534	-0.29	0.	6.e-002	-6.738e-003
2536	-0.28793	0.	7.6204e-002	-9.4586e-003
2537	-0.26979	0.	8.0521e-002	-1.6953e-002
2539	-0.31	0.	6.e-002	1.8063e-002
2541	-0.29793	0.	7.6204e-002	-4.3301e-004
2542	-0.31324	0.	7.1288e-002	9.9448e-003
2544	-0.32	0.	5.5e-002	6.9769e-002
2545	-0.32	0.	4.5e-002	0.11987
2547	-0.33013	0.	4.7899e-002	9.187e-002
2550	-0.34201	0.	6.3924e-002	3.034e-002
2551	-0.33013	0.	5.2899e-002	5.594e-002
2552	-0.32324	0.	7.1288e-002	2.572e-002
2557	-0.32	0.	2.e-002	0.14332
2558	-0.33013	0.	4.2899e-002	0.10604
2610	0.	0.	2.e-002	0.13662
2611	9.3272e-003	0.	4.9541e-002	8.4831e-002
2612	2.9128e-002	0.	3.9975e-002	8.7629e-002
4531	0.13636	0.	0.	1.8071e-002
4532	4.5455e-002	0.	0.	9.0352e-002
4533	0.11459	0.	5.4627e-002	1.712e-002
4534	8.7949e-002	0.	4.9411e-002	1.9628e-002
4535	7.4583e-002	0.	1.9975e-002	4.1365e-002
4546	0.22727	0.	0.	6.2909e-003
4547	0.2121	0.	6.0455e-002	6.7153e-003
4548	0.16005	0.	5.4627e-002	8.5876e-003
4557	0.31818	0.	0.	2.4977e-003
4558	0.25755	0.	6.0455e-002	3.4672e-003
4559	0.31972	0.	6.0527e-002	2.3399e-003
4564	0.40909	0.	0.	1.5161e-003
4565	0.36518	0.	6.0527e-002	1.7949e-003
4570	0.5	0.	0.	8.658e-004
4571	0.41063	0.	6.0527e-002	1.3583e-003
4572	0.47026	0.	8.0585e-002	8.9549e-004
4580	0.59091	0.	0.	5.7871e-004
4581	0.58247	0.	7.4304e-002	5.4511e-004
4582	0.51572	0.	8.0585e-002	6.818e-004
4587	0.68182	0.	0.	4.3893e-004
4588	0.62792	0.	7.4304e-002	4.7171e-004
4596	0.77273	0.	0.	3.1861e-004
4597	0.67338	0.	7.4304e-002	4.0532e-004
4598	0.742	0.	5.8239e-002	3.195e-004
4601	0.86364	0.	0.	2.4391e-004
4602	0.78745	0.	5.8239e-002	2.6557e-004
4603	0.85321	0.	7.911e-002	2.402e-004
4610	0.95455	0.	4.8182e-002	2.1785e-004
4611	0.95455	0.	0.	2.1812e-004
4612	0.89867	0.	7.911e-002	2.1942e-004
4618	-1.1836	0.	0.	2.4108e-004
4619	-1.2745	0.	4.8182e-002	2.1254e-004
4620	-1.2745	0.	0.	2.1642e-004
4621	-1.2187	0.	7.911e-002	2.1905e-004
4627	-1.0927	0.	0.	3.1073e-004
4628	-1.1075	0.	5.7926e-002	2.7872e-004
4629	-1.1732	0.	7.911e-002	2.4049e-004
4635	-1.0018	0.	0.	4.2133e-004
4636	-0.99221	0.	6.9905e-002	3.8899e-004
4637	-1.0621	0.	5.7926e-002	3.2693e-004
4642	-0.91091	0.	0.	5.9526e-004
4643	-0.94675	0.	6.9905e-002	4.5137e-004
4649	-0.82	0.	0.	8.4524e-004
4650	-0.9013	0.	6.9905e-002	5.6292e-004
4651	-0.8364	0.	4.029e-002	8.1383e-004
4659	-0.72909	0.	0.	1.2281e-003
4660	-0.79094	0.	4.029e-002	9.5226e-004
4663	-0.63818	0.	0.	2.2628e-003
4664	-0.71596	0.	8.7197e-002	1.2007e-003
4665	-0.66214	0.	7.0518e-002	1.6149e-003
4666	-0.74549	0.	4.029e-002	1.1967e-003
4672	-0.54727	0.	0.	5.9347e-003
4673	-0.5624	0.	6.0455e-002	3.6515e-003
4674	-0.61669	0.	7.0518e-002	2.4052e-003
4681	-0.45636	0.	0.	1.8694e-002
4682	-0.51694	0.	6.0455e-002	6.5332e-003
4683	-0.48104	0.	6.3905e-002	7.4887e-003
4684	-0.45679	0.	3.9166e-002	1.2051e-002
4691	-0.36545	0.	0.	9.059e-002
4692	-0.41134	0.	3.9166e-002	2.1929e-002
4693	-0.38747	0.	3.3924e-002	2.7707e-002
4694	-0.37558	0.	2.2899e-002	5.3307e-002
4940	-1.32	0.	0.14455	1.9803e-004
4941	-1.32	0.	4.8182e-002	2.0932e-004
4942	-1.2641	0.	0.12729	2.1194e-004
4946	-1.32	0.	0.24091	1.8061e-004
4947	-1.2271	0.	0.22971	2.0634e-004
4948	-1.2641	0.	0.17547	2.0455e-004
4951	-1.32	0.	0.33727	1.5889e-004
4952	-1.2271	0.	0.27789	1.9631e-004
4953	-1.2723	0.	0.34177	1.6017e-004
4957	-1.32	0.	0.43364	1.3481e-004
4958	-1.2723	0.	0.38995	1.4848e-004
4960	-1.32	0.	0.53	1.0788e-004
4961	-1.2493	0.	0.50222	1.1955e-004
4962	-1.2723	0.	0.43814	1.3608e-004
4966	-1.32	0.	0.62636	8.0409e-005
4967	-1.251	0.	0.63209	8.1648e-005
4968	-1.2493	0.	0.5504	1.0502e-004
4973	-1.32	0.	0.72273	5.7895e-005
4974	-1.251	0.	0.68027	6.8719e-005
4976	-1.32	0.	0.81909	3.8925e-005
4977	-1.2363	0.	0.8052	4.185e-005
4978	-1.251	0.	0.72845	5.9134e-005
4982	-1.32	0.	0.91545	2.1281e-005
4983	-1.2363	0.	0.85338	3.2465e-005
4984	-1.254	0.	0.90851	2.2133e-005
4987	-1.2717	0.	1.0118	9.3609e-006
4988	-1.32	0.	1.0118	9.405e-006
4989	-1.254	0.	0.95669	1.3874e-005
5017	-1.175	0.	1.06	6.8372e-006
5018	-1.2717	0.	1.06	5.7433e-006
5019	-1.2056	0.	1.0049	1.0213e-005
5021	-1.0783	0.	1.06	6.8071e-006
5022	-1.1573	0.	1.0049	1.1351e-005
5023	-1.0913	0.	1.022	9.6015e-006
5027	-0.98167	0.	1.06	6.5031e-006
5028	-1.043	0.	1.022	8.4334e-006
5031	-0.885	0.	1.06	5.7374e-006
5032	-0.95926	0.	0.98404	1.5937e-005
5033	-0.89483	0.	1.0143	1.0186e-005
5034	-0.99463	0.	1.022	9.2975e-006
5038	-0.78833	0.	1.06	3.6934e-006
5039	-0.8465	0.	1.0143	8.5565e-006
5042	-0.69167	0.	1.06	1.8147e-006
5043	-0.75265	0.	0.98303	1.035e-005
5044	-0.6815	0.	1.0091	1.9234e-006
5045	-0.79817	0.	1.0143	8.1423e-006
5047	-0.595	0.	1.06	-1.63e-006
5048	-0.63316	0.	1.0091	4.5899e-007
5051	-0.49833	0.	1.06	-4.0318e-006
5052	-0.58483	0.	1.0091	-1.5213e-006
5053	-0.51306	0.	1.0183	-7.7944e-006
5057	-0.40167	0.	1.06	-7.3295e-006
5058	-0.46472	0.	1.0183	-8.2159e-006
5060	-0.305	0.	1.06	-1.3925e-005
5061	-0.41639	0.	1.0183	-1.1092e-005
5062	-0.33177	0.	0.99524	-2.1978e-005
5066	-0.20833	0.	1.06	-1.7375e-005
5067	-0.23094	0.	0.99589	-3.5218e-005
5068	-0.28343	0.	0.99524	-2.5697e-005
5072	-0.11167	0.	1.06	-1.7079e-005
5073	-0.1826	0.	0.99589	-3.4949e-005
5074	-0.13497	0.	1.0133	-2.2378e-005
5077	-1.5e-002	0.	1.06	-1.4521e-005
5078	-2.4537e-002	0.	0.99748	-2.6555e-005
5079	-8.664e-002	0.	1.0133	-2.2351e-005
5084	8.1667e-002	0.	1.06	-1.0819e-005
5085	2.3796e-002	0.	0.99748	-2.4024e-005
5089	0.17833	0.	1.06	-7.177e-006
5090	0.15082	0.	0.97709	-1.2906e-005
5091	7.2129e-002	0.	0.99748	-2.2854e-005
5094	0.275	0.	1.06	-1.9307e-006
5095	0.19916	0.	0.97709	-1.0434e-005
5096	0.2758	0.	0.99566	-8.93e-007
5100	0.37167	0.	1.06	2.9694e-006
5101	0.32414	0.	0.99566	1.8811e-006
5104	0.46833	0.	1.06	4.7376e-006
5105	0.44219	0.	0.99949	8.3477e-006
5106	0.37247	0.	0.99566	4.0071e-006
5110	0.565	0.	1.06	4.6878e-006
5111	0.49052	0.	0.99949	7.9899e-006
5112	0.5538	0.	1.022	8.4644e-006
5114	0.66167	0.	1.06	6.583e-006
5115	0.60213	0.	1.022	8.7723e-006
5120	0.75833	0.	1.06	6.4153e-006
5121	0.6975	0.	0.9815	1.6261e-005
5122	0.65046	0.	1.022	1.036e-005
5123	0.74621	0.	1.0235	1.0131e-005
5126	0.855	0.	1.06	6.5646e-006
5127	0.79454	0.	1.0235	8.3761e-006
5131	0.95167	0.	1.0118	1.1868e-005
5132	0.95167	0.	1.06	7.1951e-006
5133	0.87652	0.	0.98122	1.8079e-005
5134	0.84287	0.	1.0235	1.028e-005
5164	1.	0.	0.91545	2.467e-005
5165	1.	0.	1.0118	1.0595e-005
5166	0.92485	0.	0.93304	2.1478e-005
5170	1.	0.	0.81909	4.1064e-005
5171	0.92485	0.	0.88485	3.088e-005
5172	0.94039	0.	0.81543	4.1626e-005
5174	1.	0.	0.72273	6.2184e-005
5175	0.94039	0.	0.76725	4.8618e-005
5178	1.	0.	0.62636	8.7669e-005
5179	0.94039	0.	0.71907	6.2746e-005
5180	0.93486	0.	0.65371	8.0254e-005
5186	1.	0.	0.53	1.112e-004
5187	0.93493	0.	0.54472	1.1397e-004
5188	0.93486	0.	0.60553	9.1611e-005
5191	1.	0.	0.43364	1.3791e-004
5192	0.93493	0.	0.49654	1.2614e-004
5193	0.94862	0.	0.43764	1.395e-004
5199	1.	0.	0.33727	1.6333e-004
5200	0.94862	0.	0.38946	1.5403e-004
5202	1.	0.	0.24091	1.8621e-004
5203	0.90628	0.	0.27752	1.9173e-004
5204	0.94862	0.	0.34128	1.6492e-004
5208	1.	0.	0.14455	2.0538e-004
5209	0.90628	0.	0.22934	2.0373e-004
5210	0.94412	0.	0.17547	2.0696e-004
5214	1.	0.	4.8182e-002	2.1283e-004
5215	0.94412	0.	0.12729	2.1413e-004
5218	2.9128e-002	0.	1.9975e-002	0.10511
5228	-0.33013	0.	2.2899e-002	0.11532
5244	0.16665	0.	0.81815	-2.7485e-005
5245	0.19999	0.	0.67742	4.3583e-007
5246	0.13668	0.	0.6811	-6.7515e-005
5247	0.21789	0.	0.74857	-2.0564e-005
5248	0.12037	0.	0.78127	-4.5101e-005
5249	0.11541	0.	0.7376	-6.7927e-005
5253	-0.54456	0.	0.72145	-1.7783e-005
5254	-0.45852	0.	0.67111	-6.7759e-005
5255	-0.43577	0.	0.80077	-4.4875e-005
5256	-0.50676	0.	0.78743	-3.0558e-005
5257	-0.40762	0.	0.74123	-7.6824e-005
5258	-0.50493	0.	0.68279	-2.1933e-005
5262	-0.44877	0.	0.38282	8.0538e-005
5263	-0.42961	0.	0.44097	-1.4531e-004
5264	-0.37392	0.	0.45449	-2.708e-004
5265	-0.34162	0.	0.40849	-4.8329e-004
5266	-0.41027	0.	0.35141	4.1566e-005
5267	-0.36822	0.	0.37035	-4.4672e-004
5272	7.5023e-002	0.	0.45294	-2.0183e-004
5273	2.0984e-002	0.	0.44007	-3.7903e-004
5274	2.5467e-002	0.	0.38886	-5.4478e-004
5275	6.2857e-002	0.	0.35146	-1.2827e-004
5276	0.10837	0.	0.41344	-7.2824e-005
5277	9.3506e-002	0.	0.37558	-4.2858e-005
5281	-0.34934	0.	0.20099	2.4976e-004
5282	-0.32315	0.	0.21751	-1.5613e-003
5283	-0.41074	0.	0.22253	1.1899e-003
5284	-0.3247	0.	0.25358	-8.1344e-004
5285	-0.39297	0.	0.26758	2.2772e-004
5286	-0.37723	0.	0.19814	2.7142e-003
5287	-0.35093	0.	0.28652	-2.6056e-004
5291	8.4853e-005	0.	0.26035	-8.2272e-004
5292	8.568e-003	0.	0.20089	-1.0557e-003
5293	4.3058e-002	0.	0.26355	-1.223e-004
5294	-1.3977e-002	0.	0.22918	-2.0177e-003
5295	4.3543e-002	0.	0.1952	1.8016e-003
5296	6.6841e-002	0.	0.21463	1.0425e-003
5300	-0.80903	0.	0.67474	7.6457e-005
5301	-0.95371	0.	0.58789	1.1081e-004
5302	-0.90738	0.	0.52136	1.6332e-004
5303	-0.8354	0.	0.53276	1.7512e-004
5304	-0.81197	0.	0.60201	1.0211e-004
5305	-0.90241	0.	0.64157	9.0885e-005
5310	0.50711	0.	0.6191	1.0021e-004
5311	0.66258	0.	0.65221	9.4069e-005
5312	0.51768	0.	0.54947	1.5218e-004
5313	0.59452	0.	0.52871	1.6195e-004
5314	0.59796	0.	0.6802	8.6059e-005
5315	0.6463	0.	0.58384	1.1277e-004
5316	0.53921	0.	0.6683	8.8721e-005
5321	-0.18003	0.	0.59408	-3.988e-004
5322	-0.17651	0.	0.54336	-4.9778e-004
5323	-7.2437e-002	0.	0.52464	-4.935e-004
5324	-0.1421	0.	0.63222	-3.315e-004
5325	-0.1266	0.	0.52464	-6.2511e-004
5326	-6.0399e-002	0.	0.57437	-3.5158e-004
5327	-9.6117e-002	0.	0.61839	-3.2837e-004
5332	-0.13338	0.	0.20782	-6.1158e-003
5333	-0.15524	0.	0.26498	-4.4599e-003
5334	-0.17673	0.	0.1958	-8.5787e-003
5335	-0.19301	0.	0.21708	-5.6297e-003
5336	-0.19385	0.	0.25182	-4.7087e-003
5337	-0.15441	0.	0.19787	-8.5936e-003
5338	-0.12345	0.	0.25621	-4.4815e-003
5341	-0.6303	0.	0.42021	3.3865e-004
5342	-0.72188	0.	0.48012	2.0939e-004
5343	-0.69845	0.	0.54937	1.3637e-004
5344	-0.59885	0.	0.51309	1.1841e-004
5345	-0.68153	0.	0.42427	3.2773e-004
5346	-0.6019	0.	0.46239	1.7028e-004
5351	0.3819	0.	0.57523	1.1941e-004
5352	0.39246	0.	0.50559	1.7138e-004
5353	0.28173	0.	0.56461	9.6366e-005
5354	0.26387	0.	0.51561	1.1193e-004
5355	0.29195	0.	0.46506	2.3242e-004
5356	0.33066	0.	0.57269	1.1045e-004
5357	0.35354	0.	0.46603	2.1329e-004
5361	0.73198	0.	0.28404	2.6215e-004
5362	0.5677	0.	0.31701	3.7994e-004
5363	0.63545	0.	0.22536	3.7658e-004
5364	0.63245	0.	0.37765	2.6215e-004
5365	0.70319	0.	0.35725	2.5095e-004
5366	0.70407	0.	0.2093	2.9075e-004
5367	0.5687	0.	0.23165	5.1327e-004
5372	-0.89312	0.	0.31222	3.7566e-004
5373	-1.0528	0.	0.2844	2.5923e-004
5374	-1.0232	0.	0.36159	2.3715e-004
5375	-0.95428	0.	0.22097	3.5772e-004
5376	-0.95245	0.	0.37765	2.5462e-004
5377	-1.0242	0.	0.20899	2.9567e-004
5378	-0.916	0.	0.26023	3.9933e-004
5382	-0.17663	0.	0.37769	-1.5306e-003
5383	-0.14366	0.	0.34864	-2.1983e-003
5384	-0.13639	0.	0.435	-1.0791e-003
5385	-0.11156	0.	0.37126	-1.5939e-003
5386	-0.17183	0.	0.41553	-1.1397e-003
5387	-0.1098	0.	0.40368	-1.2641e-003
5392	-0.17288	0.	0.74696	-1.6438e-004
5393	-0.19416	0.	0.86694	-8.3694e-005
5394	-0.13715	0.	0.8321	-9.3825e-005
5395	-0.22046	0.	0.76219	-1.3409e-004
5396	-0.23377	0.	0.81971	-9.6226e-005
5397	-0.14368	0.	0.78816	-1.2154e-004
5399	-0.52956	0.	0.30551	9.0139e-004
5400	-0.55402	0.	0.35945	4.4551e-004
5401	-0.4825	0.	0.42088	1.7023e-004
5402	-0.46316	0.	0.33131	3.5711e-004
5403	-0.52561	0.	0.40163	2.7715e-004
5408	0.16577	0.	0.31483	5.7693e-004
5409	0.21988	0.	0.38131	3.6446e-004
5410	0.20848	0.	0.3231	5.785e-004
5411	0.16621	0.	0.38619	2.4569e-004
5412	0.15134	0.	0.34834	2.7566e-004
5416	0.41144	0.	0.32881	4.8875e-004
5417	0.31697	0.	0.27341	1.0055e-003
5418	0.29884	0.	0.36968	4.2223e-004
5419	0.28745	0.	0.31147	6.3627e-004
5420	0.36641	0.	0.2816	6.7919e-004
5421	0.36043	0.	0.37064	4.031e-004
5426	-0.78156	0.	0.24836	6.9194e-004
5427	-0.87416	0.	0.38775	3.3387e-004
5428	-0.80218	0.	0.39915	3.4567e-004
5429	-0.74571	0.	0.29403	6.8059e-004
5430	-0.76183	0.	0.34331	4.6401e-004
5431	-0.83771	0.	0.27033	4.7858e-004
5434	-0.3112	0.	0.18324	-1.4489e-003
5435	-0.31472	0.	0.14959	-1.84e-003
5436	-0.33889	0.	0.14002	3.9833e-003
5437	-0.36528	0.	0.16386	2.8267e-003
5442	5.1378e-002	0.	0.10761	9.4677e-003
5443	2.8348e-002	0.	9.7949e-002	1.452e-002
5444	4.5998e-003	0.	0.14526	2.1892e-003
5445	3.9575e-002	0.	0.13957	5.0465e-003
5446	-8.4713e-003	0.	0.12392	2.934e-004
5447	-1.9606e-003	0.	0.10365	6.7599e-004
5448	1.1571e-002	0.	9.9739e-002	9.6328e-003
5453	-9.0051e-002	0.	0.16387	-9.2806e-003
5454	-7.8063e-002	0.	0.21017	-5.0895e-003
5455	-0.1235	0.	0.17968	-8.8293e-003
5456	-9.2535e-002	0.	0.23802	-4.7172e-003
5457	-7.9535e-002	0.	0.18257	-6.2283e-003
5460	-0.235	0.	0.56483	-4.4775e-004
5461	-0.20059	0.	0.65369	-2.8147e-004
5462	-0.29037	0.	0.61556	-2.9178e-004
5463	-0.24816	0.	0.66891	-2.5118e-004
5467	-0.17917	0.	0.333	-2.3721e-003
5468	-0.24975	0.	0.38806	-1.2181e-003
5469	-0.21778	0.	0.31985	-2.6209e-003
5470	-0.20734	0.	0.39989	-1.3136e-003
5471	-0.24123	0.	0.34737	-1.6403e-003
5475	-0.50881	0.	0.22904	1.8246e-003
5476	-0.58191	0.	0.30223	9.5083e-004
5477	-0.61702	0.	0.25701	1.1565e-003
5478	-0.49105	0.	0.27409	8.6242e-004
5479	-0.54476	0.	0.1846	2.8283e-003
5480	-0.59905	0.	0.19466	1.582e-003
5484	-0.6774	0.	0.73808	2.571e-005
5485	-0.58021	0.	0.78221	-4.5358e-007
5486	-0.68033	0.	0.66535	5.1361e-005
5487	-0.64024	0.	0.77639	1.2088e-005
5488	-0.57837	0.	0.67758	8.1714e-006
5492	0.41791	0.	0.70867	5.898e-005
5493	0.44924	0.	0.56433	1.3774e-004
5494	0.47076	0.	0.68317	7.4284e-005
5495	0.38743	0.	0.63143	7.6809e-005
5500	0.76735	0.	0.90272	2.602e-005
5501	0.65269	0.	0.82958	4.091e-005
5502	0.6112	0.	0.87755	2.7845e-005
5503	0.71836	0.	0.85428	3.5895e-005
5504	0.63797	0.	0.94352	1.845e-005
5505	0.73371	0.	0.945	1.8222e-005
5509	-1.0689	0.	0.87379	2.9948e-005
5510	-1.003	0.	0.83206	4.0996e-005
5511	-0.93135	0.	0.8625	3.0841e-005
5512	-0.92076	0.	0.93829	1.8756e-005
5513	-1.0206	0.	0.94606	1.7867e-005
5517	-0.75105	0.	0.83299	2.826e-005
5518	-0.73973	0.	0.68721	6.4749e-005
5519	-0.80715	0.	0.78843	3.8138e-005
5520	-0.69964	0.	0.79824	2.5477e-005
5521	-0.83017	0.	0.72676	5.3527e-005
5527	-0.29172	0.	0.51008	-4.2666e-004
5528	-0.25942	0.	0.46408	-6.3915e-004
5529	-0.28685	0.	0.56483	-3.9075e-004
5530	-0.18157	0.	0.49539	-6.7406e-004
5531	-0.21701	0.	0.47591	-7.347e-004
5534	-0.39503	0.	0.68568	-9.6696e-005
5535	-0.45463	0.	0.54729	-7.1625e-005
5536	-0.39894	0.	0.5608	-1.9711e-004
5537	-0.49469	0.	0.57874	-1.6579e-005
5538	-0.39407	0.	0.61556	-1.612e-004
5539	-0.49234	0.	0.62724	-4.1805e-005
5543	3.0706e-002	0.	0.48954	-3.6096e-004
5544	0.14367	0.	0.50858	-5.6482e-005
5545	9.8228e-002	0.	0.56125	-1.3999e-004
5546	4.2743e-002	0.	0.53927	-2.1905e-004
5547	0.11809	0.	0.46291	-5.4754e-005
5551	-0.17684	0.	0.11036	-2.2186e-002
5552	-0.19734	0.	0.13408	-1.6941e-002
5553	-0.22363	0.	0.1278	-1.6045e-002
5554	-0.23255	0.	0.1018	-2.0374e-002
5559	0.19032	0.	0.11508	5.7638e-003
5560	0.30454	0.	0.12098	2.7643e-003
5561	0.26871	0.	0.17101	2.685e-003
5562	0.21871	0.	0.16302	3.0834e-003
5567	0.81242	0.	0.46182	1.5788e-004
5568	0.79345	0.	0.53735	1.199e-004
5569	0.88355	0.	0.45237	1.4227e-004
5570	0.8698	0.	0.57207	1.0655e-004
5575	-1.0235	0.	0.67114	8.2649e-005
5576	-1.0505	0.	0.50365	1.4285e-004
5577	-0.97981	0.	0.51972	1.6032e-004
5578	-1.1041	0.	0.63613	8.8885e-005
5579	-1.1023	0.	0.55444	1.1225e-004
5580	-0.97485	0.	0.63992	8.7883e-005
5584	0.43077	0.	0.86117	2.1892e-005
5585	0.33565	0.	0.76919	1.4931e-005
5586	0.36105	0.	0.85734	1.7552e-005
5587	0.46728	0.	0.81773	3.1762e-005
5588	0.45001	0.	0.75787	4.7489e-005
5589	0.36668	0.	0.70613	5.0013e-005
5594	-1.9951e-002	0.	0.33366	-1.1536e-003
5595	1.744e-002	0.	0.29625	-7.3706e-004
5596	-5.3769e-002	0.	0.32112	-1.6343e-003
5597	-3.9595e-002	0.	0.26188	-2.6325e-003
5598	-5.4067e-002	0.	0.28973	-2.2602e-003
5603	-0.28853	0.	0.16611	-3.6511e-003
5604	-0.28656	0.	0.23583	-2.5121e-003
5605	-0.25336	0.	0.20395	-4.3197e-003
5606	-0.26337	0.	0.1764	-6.3723e-003
5610	0.68499	0.	0.72817	6.5478e-005
5611	0.73332	0.	0.63181	9.2189e-005
5612	0.81519	0.	0.73189	6.1334e-005
5613	0.80967	0.	0.66653	7.8842e-005
5614	0.75066	0.	0.75286	6.0463e-005
5617	2.0794e-004	0.	0.85723	-6.8884e-005
5618	3.2627e-002	0.	0.79996	-7.6552e-005
5619	-5.2512e-002	0.	0.8208	-8.7381e-005
5620	-4.2269e-002	0.	0.72184	-1.5481e-004
5621	-5.9047e-002	0.	0.77686	-1.151e-004
5622	2.7669e-002	0.	0.7563	-9.9377e-005
5628	-0.31622	0.	0.12289	1.7811e-003
5629	-0.26689	0.	0.14275	-6.7634e-003
5630	-0.29396	0.	0.11243	-3.5979e-003
5631	-0.27582	0.	0.11675	-1.1092e-002
5635	0.11163	0.	0.10404	1.0145e-002
5636	9.9829e-002	0.	0.136	5.7237e-003
5637	0.16666	0.	0.15719	4.9557e-003
5638	0.12313	0.	0.15543	4.9645e-003
5643	6.1959e-002	0.	8.9165e-002	1.7706e-002
5644	7.3186e-002	0.	0.13078	8.2325e-003
5645	7.1623e-002	0.	6.9386e-002	3.439e-002
5650	0.33088	0.	0.17108	1.5577e-003
5651	0.42635	0.	0.14111	1.1743e-003
5652	0.38031	0.	0.17927	1.2314e-003
5656	-5.6171e-002	0.	0.13479	-8.9523e-003
5657	-0.11108	0.	0.15392	-1.1758e-002
5658	-8.9058e-002	0.	0.12072	-1.8077e-002
5659	-6.8096e-002	0.	0.11629	-1.5966e-002
5660	-6.7117e-002	0.	0.15682	-9.1574e-003
5665	-0.16866	0.	0.14188	-1.6522e-002
5666	-0.14634	0.	0.14394	-1.6537e-002
5667	-0.12432	0.	0.11075	-2.2856e-002
5671	0.4719	0.	0.4133	3.1727e-004
5672	0.53664	0.	0.47394	1.9948e-004
5673	0.42088	0.	0.45514	2.3162e-004
5678	2.8792e-002	0.	6.9295e-002	3.6645e-002
5679	2.2152e-002	0.	8.1298e-002	1.7871e-002
5680	4.8593e-002	0.	5.9729e-002	3.9443e-002
5685	-0.36678	0.	0.13717	6.4478e-003
5686	-0.31813	0.	0.10287	2.2253e-003
5687	-0.37608	0.	9.583e-002	1.1445e-002
5688	-0.35221	0.	9.0588e-002	1.7223e-002
5689	-0.33344	0.	9.7952e-002	1.2603e-002
5694	0.10549	0.	0.29007	3.5005e-004
5695	0.19328	0.	0.28895	7.383e-004
5696	0.1728	0.	0.24291	1.506e-003
5697	0.12927	0.	0.24115	1.5148e-003
5698	0.13614	0.	0.31419	4.3546e-004
5702	-1.8851e-002	0.	0.42547	-7.0391e-004
5703	-7.75e-002	0.	0.47667	-6.6978e-004
5704	-1.1296e-002	0.	0.5264	-3.9625e-004
5705	-5.0915e-002	0.	0.44534	-8.5475e-004
5709	-0.47142	0.	0.86153	-2.7546e-005
5710	-0.37227	0.	0.81534	-7.3812e-005
5711	-0.34242	0.	0.85609	-5.9859e-005
5712	-0.43993	0.	0.92577	-2.6921e-005
5713	-0.35531	0.	0.90267	-3.7807e-005
5717	-0.44242	0.	0.25485	1.2803e-003
5718	-0.42668	0.	0.1854	3.7668e-003
5719	-0.49612	0.	0.16535	3.2462e-003
5720	-0.46022	0.	0.1688	4.2018e-003
5725	-0.5827	0.	0.90316	-6.3307e-006
5726	-0.60245	0.	0.84237	-6.873e-007
5727	-0.51093	0.	0.91243	-1.2604e-005
5732	-0.71243	0.	0.22006	9.1763e-004
5733	-0.69447	0.	0.15771	1.3432e-003
5734	-0.77781	0.	0.12749	9.2491e-004
5735	-0.80443	0.	0.19637	7.1562e-004
5739	-1.1045	0.	0.34387	1.9996e-004
5740	-1.1055	0.	0.19127	2.5848e-004
5741	-1.1712	0.	0.21245	2.2025e-004
5742	-1.1794	0.	0.33057	1.859e-004
5746	0.78376	0.	0.33916	1.9805e-004
5747	0.78464	0.	0.19122	2.3785e-004
5748	0.85489	0.	0.32971	1.8244e-004
5749	0.8504	0.	0.21209	2.1248e-004
5753	9.2953e-002	0.	0.91457	-2.6111e-005
5754	0.22289	0.	0.8246	-9.2426e-006
5755	0.24829	0.	0.91275	-6.6224e-006
5756	0.12537	0.	0.8573	-3.378e-005
5762	-1.0867	0.	0.79776	4.6438e-005
5763	-1.1673	0.	0.76275	5.2674e-005
5764	-1.1703	0.	0.89462	2.5058e-005
5765	-1.1043	0.	0.91177	2.3309e-005
5770	-0.18481	0.	0.29079	-3.2886e-003
5771	-0.1141	0.	0.32657	-2.4354e-003
5772	-0.1144	0.	0.29518	-3.0613e-003
5778	0.54874	0.	0.39254	3.2704e-004
5779	0.48498	0.	0.24654	5.7816e-004
5780	0.43895	0.	0.2847	6.3526e-004
5781	0.43297	0.	0.37374	3.5917e-004
5785	-0.34317	0.	0.68568	-1.7027e-004
5786	-0.30096	0.	0.73903	-1.2967e-004
5787	-0.31427	0.	0.79656	-9.1808e-005
5791	-1.1015	0.	0.72102	6.3722e-005
5792	-0.94921	0.	0.78648	4.7331e-005
5793	-0.97222	0.	0.72482	6.272e-005
5797	-0.21023	0.	0.70704	-1.8387e-004
5798	-0.11667	0.	0.67799	-2.1104e-004
5799	-0.13345	0.	0.73302	-1.7132e-004
5803	-0.64148	0.	0.31095	7.0062e-004
5804	-0.6576	0.	0.36023	4.8404e-004
5805	-0.57796	0.	0.39835	3.2659e-004
5809	-0.25492	0.	0.24002	-3.5718e-003
5810	-0.25576	0.	0.27477	-2.6508e-003
5811	-0.31433	0.	0.30484	-1.2113e-003
5812	-0.27921	0.	0.30229	-1.6701e-003
5817	-0.40765	0.	0.49254	-1.8111e-004
5818	-0.5034	0.	0.51048	-5.7348e-007
5819	-0.50645	0.	0.45977	5.1302e-005
5824	-0.31966	0.	0.46005	-5.1909e-004
5825	-0.34709	0.	0.5608	-2.7069e-004
5829	-0.31396	0.	0.37592	-6.9501e-004
5830	-0.24495	0.	0.42589	-8.2713e-004
5831	-0.27884	0.	0.37337	-1.1538e-003
5835	0.22047	0.	0.56373	5.5239e-005
5836	0.17502	0.	0.61641	-2.8273e-005
5837	0.25623	0.	0.68387	1.8679e-005
5838	0.28727	0.	0.62081	5.376e-005
5843	-3.1112e-002	0.	0.20242	-2.8655e-003
5844	2.6408e-002	0.	0.16843	9.539e-004
5845	-2.1638e-002	0.	0.15279	-3.7992e-003
5846	-3.2584e-002	0.	0.17482	-4.0043e-003
5851	-1.0042	0.	0.43712	1.9535e-004
5852	-1.1267	0.	0.47184	1.4729e-004
5853	-1.1498	0.	0.40775	1.6382e-004
5858	0.86524	0.	0.83302	3.8434e-005
5859	0.8007	0.	0.85399	3.7563e-005
5860	0.81606	0.	0.94472	1.989e-005
5865	-1.007	0.	0.12783	3.5698e-004
5866	-0.87224	0.	0.1102	6.6994e-004
5867	-0.89886	0.	0.17907	4.6064e-004
5873	0.6881	0.	0.13254	3.5228e-004
5874	0.55273	0.	0.15489	5.748e-004
5879	2.3022e-002	0.	0.33686	-4.5314e-004
5880	-4.8186e-002	0.	0.36172	-1.3503e-003
5881	-4.6432e-002	0.	0.39414	-1.0205e-003
5887	4.6678e-002	0.	0.87769	-4.3727e-005
5888	-3.8461e-002	0.	0.89852	-5.4556e-005
5889	-4.7844e-002	0.	0.95078	-3.1854e-005
5894	-0.20545	0.	0.18688	-8.3284e-003
5895	-0.21545	0.	0.15933	-1.0381e-002
5896	-0.16685	0.	0.16767	-1.1292e-002
5901	-0.82141	0.	0.86149	2.7299e-005
5902	-0.69415	0.	0.93209	8.9942e-006
5903	-0.71389	0.	0.8713	1.4638e-005
5904	-0.81082	0.	0.93728	1.5213e-005
5909	-0.8615	0.	0.46458	2.2463e-004
5914	-0.76609	0.	0.54523	1.6342e-004
5915	-0.74917	0.	0.42014	3.5478e-004
5919	0.68423	0.	0.43278	1.9805e-004
5920	0.66526	0.	0.50831	1.6007e-004
5924	0.57888	0.	0.80413	4.4404e-005
5925	0.56161	0.	0.74426	6.0131e-005
5926	0.68604	0.	0.78085	5.2454e-005
5931	-0.64306	0.	0.5782	7.2436e-005
5932	-0.64071	0.	0.6267	4.7211e-005
5936	-1.1803	0.	0.60431	9.3327e-005
5941	0.26552	0.	0.25916	1.1091e-003
5942	0.34448	0.	0.2293	1.1521e-003
5943	0.24504	0.	0.21312	1.8768e-003
5949	0.39466	0.	0.93515	7.2594e-006
5950	0.50089	0.	0.89554	2.147e-005
5951	0.52765	0.	0.96151	1.2074e-005
5954	0.736	0.	0.4879	1.4887e-004
5955	0.8261	0.	0.40292	1.7124e-004
5959	-0.22257	0.	0.24289	-4.4584e-003
5960	-0.23173	0.	0.1806	-7.432e-003
5964	-0.65862	0.	0.20338	1.3318e-003
5965	-0.69271	0.	0.31501	6.897e-004
5969	-0.38261	0.	0.31884	-1.7015e-004
5973	-0.42672	0.	0.14441	5.7261e-003
5974	-0.40247	0.	0.11967	1.0288e-002
5979	0.79338	0.	0.59816	9.7544e-005
5985	-0.58636	0.	0.13097	3.0037e-003
5986	-0.49616	0.	0.12436	5.2055e-003
5992	-1.2016	0.	0.45854	1.3322e-004
5996	0.15716	0.	0.56741	-1.2712e-005
5997	0.23069	0.	0.46419	1.9129e-004
5998	0.17702	0.	0.46907	7.2527e-005
6004	-0.86693	0.	0.89272	2.5091e-005
6005	-0.90053	0.	0.75526	5.2565e-005
6009	-0.5465	0.	0.49123	1.0635e-004
6010	-0.5411	0.	0.59043	2.9247e-005
6013	5.6227e-002	0.	0.59811	-1.7528e-004
6014	9.0446e-002	0.	0.67658	-9.6635e-005
6019	-0.14819	0.	0.89693	-6.2923e-005
6020	-0.24482	0.	0.88454	-6.5324e-005
6021	-0.15758	0.	0.94919	-4.0221e-005
6022	-0.2577	0.	0.93112	-4.3272e-005
6026	0.29954	0.	0.84317	2.9863e-007
6027	0.30517	0.	0.69195	3.276e-005
6033	8.4196e-002	0.	0.25053	1.1281e-003
6034	9.1061e-002	0.	0.32358	4.8777e-005
6038	-0.24687	0.	0.30516	-2.5567e-003
6049	-0.30001	0.	0.66891	-1.9418e-004
6054	-0.1671	0.	0.45719	-8.6204e-004
6055	-0.10508	0.	0.44534	-9.8637e-004
6058	0.82248	0.	0.13735	2.4108e-004
6066	-1.1426	0.	0.13704	2.5669e-004
6069	-8.025e-002	0.	0.3816	-1.5012e-003
6070	-8.2303e-002	0.	0.3178	-2.457e-003
6072	7.4139e-002	0.	0.77675	-7.4221e-005
6076	-6.8129e-002	0.	0.25856	-3.4552e-003
6077	-5.5129e-002	0.	0.20312	-4.9663e-003
6081	-0.30544	0.	0.33523	-1.1173e-003
6085	8.4681e-002	0.	0.18218	3.0521e-003
6099	-0.10056	0.	0.91435	-5.0352e-005
6100	-9.7716e-002	0.	0.81815	-1.0077e-004
6104	0.24738	0.	0.35543	5.2583e-004
6105	0.20511	0.	0.41852	1.9302e-004
6106	0.32036	0.	0.41461	2.9265e-004
6109	-0.25066	0.	0.12704	-1.3813e-002
6113	-0.64274	0.	0.89734	6.2111e-006
6114	-0.55122	0.	0.9674	-5.7054e-006
6123	-0.27111	0.	0.77979	-1.1572e-004
6127	0.87525	0.	0.69824	6.6689e-005
6128	0.81624	0.	0.78457	4.8309e-005
6134	-3.4977e-002	0.	0.62015	-2.3112e-004
6135	3.4961e-002	0.	0.65461	-1.7569e-004
6142	1.2015e-002	0.	7.1085e-002	3.1758e-002
6143	3.8456e-002	0.	4.9516e-002	5.3329e-002
6155	-0.43601	0.	0.10307	1.0723e-002
6160	0.52013	0.	0.79223	4.7066e-005
6161	0.56416	0.	0.91807	2.1944e-005
6167	-8.7473e-002	0.	0.71919	-1.682e-004
6168	-7.5711e-004	0.	0.69862	-1.5248e-004
6172	-0.27773	0.	9.6724e-002	-1.0648e-002
6173	-0.31117	0.	8.7492e-002	7.2242e-003
6190	-1.1219	0.	0.96689	1.2977e-005
6194	0.21551	0.	0.25118	1.5075e-003
6202	-2.8198e-002	0.	0.11118	-5.3124e-003
6203	-4.6634e-002	0.	0.11296	-1.2708e-002
6204	-4.5655e-002	0.	0.15348	-5.9001e-003
6207	-0.29731	0.	0.88389	-5.5803e-005
6211	-0.1225	0.	0.13653	-1.7626e-002
6217	0.13658	0.	0.38555	1.0422e-004
6224	-0.3879	0.	7.309e-002	2.1064e-002
6230	-0.35214	0.	5.6823e-002	5.2442e-002
6231	-0.34525	0.	7.5212e-002	2.2222e-002
6244	-0.39482	0.	0.95357	-2.2865e-005
6248	0.43995	0.	0.19933	7.686e-004
6257	-8.1563e-003	0.	8.6994e-002	4.027e-003
6258	-4.0123e-002	0.	9.2685e-002	-1.2326e-002
6272	-0.83396	0.	0.14946	7.1155e-004
6284	-7.9521e-002	0.	9.89e-002	-2.1833e-002
6293	0.15151	0.	0.20337	2.2841e-003
