Node Number	X Location (m)	Y Location (m)	Z Location (m)	Directional Magnetic Flux Density (T)
115	-0.48	0.	6.e-002	0.39264
116	-0.456	0.	6.e-002	0.56705
117	-0.432	0.	6.e-002	0.83324
118	-0.384	0.	6.e-002	1.1306
119	-0.336	0.	6.e-002	1.3252
120	-0.288	0.	6.e-002	1.436
121	-0.24	0.	6.e-002	1.4875
122	-0.192	0.	6.e-002	1.4409
123	-0.144	0.	6.e-002	1.3299
124	-9.6e-002	0.	6.e-002	1.1256
125	-4.8e-002	0.	6.e-002	0.87866
126	0.	0.	6.e-002	0.40941
127	-2.4e-002	0.	6.e-002	0.63139
205	-2.4e-002	0.	-6.e-002	0.59542
206	0.	0.	-6.e-002	0.37759
207	-4.8e-002	0.	-6.e-002	0.85096
208	-9.6e-002	0.	-6.e-002	1.1359
209	-0.144	0.	-6.e-002	1.3456
210	-0.192	0.	-6.e-002	1.4451
211	-0.24	0.	-6.e-002	1.4863
212	-0.288	0.	-6.e-002	1.4555
213	-0.336	0.	-6.e-002	1.3001
214	-0.384	0.	-6.e-002	1.1449
215	-0.432	0.	-6.e-002	0.87808
216	-0.456	0.	-6.e-002	0.58364
217	-0.48	0.	-6.e-002	0.40495
595	0.	0.	0.	0.42396
596	-0.48	0.	0.	0.47708
1054	-4.8e-002	0.	0.	0.86838
1055	-0.14247	0.	-7.4083e-019	1.306
1056	-0.23681	0.	1.6421e-018	1.473
1057	-0.312	0.	0.	1.3914
1058	-0.38325	0.	-6.5055e-019	1.0932
2668	-0.468	0.	6.e-002	0.47985
2670	-0.48	0.	3.e-002	0.43486
2676	-0.444	0.	6.e-002	0.70014
2678	-0.468	0.	3.e-002	0.52206
2681	-0.408	0.	6.e-002	0.98193
2683	-0.456	0.	3.e-002	0.65516
2684	-0.40763	0.	3.e-002	0.9632
2687	-0.36	0.	6.e-002	1.2279
2689	-0.38363	0.	3.e-002	1.1119
2692	-0.312	0.	6.e-002	1.3806
2694	-0.324	0.	3.e-002	1.3583
2695	-0.35963	0.	3.e-002	1.2092
2699	-0.264	0.	6.e-002	1.4617
2701	-0.2624	0.	3.e-002	1.4545
2702	-0.3	0.	3.e-002	1.4137
2706	-0.216	0.	6.e-002	1.4642
2708	-0.2384	0.	3.e-002	1.4802
2711	-0.168	0.	6.e-002	1.3854
2713	-0.16723	0.	3.e-002	1.3734
2714	-0.2144	0.	3.e-002	1.4569
2717	-0.12	0.	6.e-002	1.2278
2719	-0.14323	0.	3.e-002	1.3179
2722	-7.2e-002	0.	6.e-002	1.0021
2724	-7.2e-002	0.	3.e-002	0.99701
2725	-0.11923	0.	3.e-002	1.2158
2728	-3.6e-002	0.	6.e-002	0.75502
2730	-4.8e-002	0.	3.e-002	0.87352
2733	-1.2e-002	0.	6.e-002	0.5204
2735	0.	0.	3.e-002	0.41669
2741	-1.2e-002	0.	3.e-002	0.52767
2742	-3.6e-002	0.	3.e-002	0.74988
3104	-1.2e-002	0.	-6.e-002	0.48651
3105	-3.6e-002	0.	-6.e-002	0.72319
3106	-1.2e-002	0.	-3.e-002	0.50969
3107	-3.6e-002	0.	-3.e-002	0.7319
3113	0.	0.	-3.e-002	0.40078
3117	-7.2e-002	0.	-6.e-002	0.99344
3118	-4.8e-002	0.	-3.e-002	0.85967
3121	-0.12	0.	-6.e-002	1.2407
3122	-7.2e-002	0.	-3.e-002	1.0021
3123	-0.11923	0.	-3.e-002	1.2209
3128	-0.168	0.	-6.e-002	1.3953
3129	-0.14323	0.	-3.e-002	1.3258
3132	-0.216	0.	-6.e-002	1.4657
3133	-0.16723	0.	-3.e-002	1.3755
3134	-0.2144	0.	-3.e-002	1.459
3138	-0.264	0.	-6.e-002	1.4709
3139	-0.2384	0.	-3.e-002	1.4796
3142	-0.312	0.	-6.e-002	1.3778
3143	-0.2624	0.	-3.e-002	1.4642
3144	-0.3	0.	-3.e-002	1.4235
3146	-0.36	0.	-6.e-002	1.2225
3147	-0.324	0.	-3.e-002	1.3458
3148	-0.35963	0.	-3.e-002	1.1966
3150	-0.408	0.	-6.e-002	1.0115
3151	-0.38363	0.	-3.e-002	1.119
3154	-0.444	0.	-6.e-002	0.73086
3155	-0.456	0.	-3.e-002	0.67758
3156	-0.40763	0.	-3.e-002	0.98563
3159	-0.468	0.	-6.e-002	0.4943
3160	-0.468	0.	-3.e-002	0.53036
3165	-0.48	0.	-3.e-002	0.44102
5455	-2.4e-002	0.	0.	0.64617
5465	-0.43163	0.	-3.2527e-019	0.78512
8490	-9.5234e-002	0.	-3.7042e-019	1.0872
8498	-0.18964	0.	4.5064e-019	1.3895
8505	-0.2744	0.	8.2106e-019	1.4322
8514	-0.34763	0.	-3.2527e-019	1.2423
78	-0.456	0.	-7.5e-002	2.8966e-002
79	-0.432	0.	-7.5e-002	-1.6379e-002
80	-0.384	0.	-7.5e-002	-2.6717e-002
81	-0.336	0.	-7.5e-002	-3.1401e-002
82	-0.288	0.	-7.5e-002	-3.2751e-002
83	-0.24	0.	-7.5e-002	-3.314e-002
84	-0.192	0.	-7.5e-002	-3.2808e-002
85	-0.144	0.	-7.5e-002	-3.1515e-002
86	-9.6e-002	0.	-7.5e-002	-2.6606e-002
87	-4.8e-002	0.	-7.5e-002	-1.6177e-002
88	-2.4e-002	0.	-7.5e-002	3.0624e-002
89	-2.4e-002	0.	7.5e-002	2.8545e-002
90	-4.8e-002	0.	7.5e-002	-1.6439e-002
91	-9.6e-002	0.	7.5e-002	-2.6496e-002
92	-0.144	0.	7.5e-002	-3.1282e-002
93	-0.192	0.	7.5e-002	-3.2904e-002
94	-0.24	0.	7.5e-002	-3.3139e-002
95	-0.288	0.	7.5e-002	-3.264e-002
96	-0.336	0.	7.5e-002	-3.1342e-002
97	-0.384	0.	7.5e-002	-2.6793e-002
98	-0.432	0.	7.5e-002	-1.6861e-002
99	-0.456	0.	7.5e-002	2.9938e-002
100	0.	0.	7.5e-002	6.7223e-002
101	0.	0.	9.e-002	4.4601e-002
102	-2.4e-002	0.	9.e-002	1.6638e-002
103	-4.8e-002	0.	9.e-002	-2.3291e-002
104	-9.6e-002	0.	9.e-002	-4.0242e-002
105	-0.144	0.	9.e-002	-4.6781e-002
106	-0.192	0.	9.e-002	-4.9188e-002
107	-0.24	0.	9.e-002	-4.9494e-002
108	-0.288	0.	9.e-002	-4.8801e-002
109	-0.336	0.	9.e-002	-4.6852e-002
110	-0.384	0.	9.e-002	-4.0748e-002
111	-0.432	0.	9.e-002	-2.3601e-002
112	-0.456	0.	9.e-002	1.7036e-002
113	-0.48	0.	7.5e-002	7.0203e-002
114	-0.48	0.	9.e-002	4.483e-002
115	-0.48	0.	6.e-002	9.5576e-002
116	-0.456	0.	6.e-002	4.2839e-002
117	-0.432	0.	6.e-002	-1.0121e-002
118	-0.384	0.	6.e-002	-1.2837e-002
119	-0.336	0.	6.e-002	-1.5831e-002
120	-0.288	0.	6.e-002	-1.648e-002
121	-0.24	0.	6.e-002	-1.6784e-002
122	-0.192	0.	6.e-002	-1.6621e-002
123	-0.144	0.	6.e-002	-1.5783e-002
124	-9.6e-002	0.	6.e-002	-1.275e-002
125	-4.8e-002	0.	6.e-002	-9.5873e-003
126	0.	0.	6.e-002	8.9846e-002
127	-2.4e-002	0.	6.e-002	4.0452e-002
205	-2.4e-002	0.	-6.e-002	4.2759e-002
206	0.	0.	-6.e-002	9.4627e-002
207	-4.8e-002	0.	-6.e-002	-9.5933e-003
208	-9.6e-002	0.	-6.e-002	-1.278e-002
209	-0.144	0.	-6.e-002	-1.5914e-002
210	-0.192	0.	-6.e-002	-1.6571e-002
211	-0.24	0.	-6.e-002	-1.6783e-002
212	-0.288	0.	-6.e-002	-1.6536e-002
213	-0.336	0.	-6.e-002	-1.5849e-002
214	-0.384	0.	-6.e-002	-1.2832e-002
215	-0.432	0.	-6.e-002	-9.5395e-003
216	-0.456	0.	-6.e-002	4.0371e-002
217	-0.48	0.	-6.e-002	8.9551e-002
325	-0.456	0.	-9.e-002	1.7561e-002
326	-0.48	0.	-9.e-002	4.5768e-002
327	-0.432	0.	-9.e-002	-2.3218e-002
328	-0.384	0.	-9.e-002	-4.0603e-002
329	-0.336	0.	-9.e-002	-4.6954e-002
330	-0.288	0.	-9.e-002	-4.8966e-002
331	-0.24	0.	-9.e-002	-4.9497e-002
332	-0.192	0.	-9.e-002	-4.9045e-002
333	-0.144	0.	-9.e-002	-4.7116e-002
334	-9.6e-002	0.	-9.e-002	-4.0432e-002
335	-4.8e-002	0.	-9.e-002	-2.276e-002
336	-2.4e-002	0.	-9.e-002	1.849e-002
337	0.	0.	-9.e-002	4.7329e-002
347	-0.48	0.	-7.5e-002	6.766e-002
351	0.	0.	-7.5e-002	7.0978e-002
2519	-0.444	0.	-7.5e-002	6.2937e-003
2520	-0.456	0.	-6.75e-002	3.4669e-002
2521	-0.456	0.	-8.25e-002	2.3263e-002
2522	-0.468	0.	-7.5e-002	4.8313e-002
2523	-0.408	0.	-7.5e-002	-2.1548e-002
2524	-0.432	0.	-6.75e-002	-1.2959e-002
2525	-0.432	0.	-8.25e-002	-1.9798e-002
2526	-0.36	0.	-7.5e-002	-2.9059e-002
2527	-0.384	0.	-6.75e-002	-1.9775e-002
2528	-0.384	0.	-8.25e-002	-3.366e-002
2529	-0.312	0.	-7.5e-002	-3.2076e-002
2530	-0.336	0.	-6.75e-002	-2.3625e-002
2531	-0.336	0.	-8.25e-002	-3.9177e-002
2532	-0.264	0.	-7.5e-002	-3.2945e-002
2533	-0.288	0.	-6.75e-002	-2.4644e-002
2534	-0.288	0.	-8.25e-002	-4.0858e-002
2535	-0.216	0.	-7.5e-002	-3.2974e-002
2536	-0.24	0.	-6.75e-002	-2.4962e-002
2537	-0.24	0.	-8.25e-002	-4.1318e-002
2538	-0.168	0.	-7.5e-002	-3.2161e-002
2539	-0.192	0.	-6.75e-002	-2.4689e-002
2540	-0.192	0.	-8.25e-002	-4.0926e-002
2541	-0.12	0.	-7.5e-002	-2.906e-002
2542	-0.144	0.	-6.75e-002	-2.3714e-002
2543	-0.144	0.	-8.25e-002	-3.9315e-002
2544	-7.2e-002	0.	-7.5e-002	-2.1391e-002
2545	-9.6e-002	0.	-6.75e-002	-1.9693e-002
2546	-9.6e-002	0.	-8.25e-002	-3.3519e-002
2547	-3.6e-002	0.	-7.5e-002	7.2238e-003
2548	-4.8e-002	0.	-6.75e-002	-1.2885e-002
2549	-4.8e-002	0.	-8.25e-002	-1.9468e-002
2550	-2.4e-002	0.	-6.75e-002	3.6692e-002
2551	-2.4e-002	0.	-8.25e-002	2.4557e-002
2552	-1.2e-002	0.	-7.5e-002	5.0801e-002
2553	-3.6e-002	0.	7.5e-002	6.053e-003
2554	-1.2e-002	0.	7.5e-002	4.7884e-002
2555	-2.4e-002	0.	8.25e-002	2.2592e-002
2556	-2.4e-002	0.	6.75e-002	3.4499e-002
2557	-7.2e-002	0.	7.5e-002	-2.1468e-002
2558	-4.8e-002	0.	8.25e-002	-1.9865e-002
2559	-4.8e-002	0.	6.75e-002	-1.3013e-002
2560	-0.12	0.	7.5e-002	-2.8889e-002
2561	-9.6e-002	0.	8.25e-002	-3.3369e-002
2562	-9.6e-002	0.	6.75e-002	-1.9623e-002
2563	-0.168	0.	7.5e-002	-3.2093e-002
2564	-0.144	0.	8.25e-002	-3.9031e-002
2565	-0.144	0.	6.75e-002	-2.3532e-002
2566	-0.216	0.	7.5e-002	-3.3022e-002
2567	-0.192	0.	8.25e-002	-4.1046e-002
2568	-0.192	0.	6.75e-002	-2.4763e-002
2569	-0.264	0.	7.5e-002	-3.289e-002
2570	-0.24	0.	8.25e-002	-4.1317e-002
2571	-0.24	0.	6.75e-002	-2.4962e-002
2572	-0.312	0.	7.5e-002	-3.1991e-002
2573	-0.288	0.	8.25e-002	-4.0721e-002
2574	-0.288	0.	6.75e-002	-2.456e-002
2575	-0.36	0.	7.5e-002	-2.9067e-002
2576	-0.336	0.	8.25e-002	-3.9097e-002
2577	-0.336	0.	6.75e-002	-2.3586e-002
2578	-0.408	0.	7.5e-002	-2.1827e-002
2579	-0.384	0.	8.25e-002	-3.377e-002
2580	-0.384	0.	6.75e-002	-1.9815e-002
2581	-0.444	0.	7.5e-002	6.5382e-003
2582	-0.432	0.	8.25e-002	-2.0231e-002
2583	-0.432	0.	6.75e-002	-1.3491e-002
2584	-0.456	0.	8.25e-002	2.3487e-002
2585	-0.468	0.	7.5e-002	5.0071e-002
2586	-0.456	0.	6.75e-002	3.6389e-002
2587	0.	0.	8.25e-002	5.5912e-002
2588	0.	0.	6.75e-002	7.8534e-002
2594	-1.2e-002	0.	9.e-002	3.0619e-002
2599	-3.6e-002	0.	9.e-002	-3.3266e-003
2603	-7.2e-002	0.	9.e-002	-3.1766e-002
2610	-0.12	0.	9.e-002	-4.3511e-002
2615	-0.168	0.	9.e-002	-4.7984e-002
2620	-0.216	0.	9.e-002	-4.9341e-002
2626	-0.264	0.	9.e-002	-4.9148e-002
2630	-0.312	0.	9.e-002	-4.7827e-002
2636	-0.36	0.	9.e-002	-4.38e-002
2640	-0.408	0.	9.e-002	-3.2175e-002
2646	-0.444	0.	9.e-002	-3.2825e-003
2652	-0.468	0.	9.e-002	3.0933e-002
2656	-0.48	0.	8.25e-002	5.7517e-002
2657	-0.48	0.	6.75e-002	8.289e-002
2668	-0.468	0.	6.e-002	6.9208e-002
2676	-0.444	0.	6.e-002	1.6359e-002
2681	-0.408	0.	6.e-002	-1.1479e-002
2687	-0.36	0.	6.e-002	-1.4334e-002
2692	-0.312	0.	6.e-002	-1.6155e-002
2699	-0.264	0.	6.e-002	-1.6632e-002
2706	-0.216	0.	6.e-002	-1.6703e-002
2711	-0.168	0.	6.e-002	-1.6202e-002
2717	-0.12	0.	6.e-002	-1.4266e-002
2722	-7.2e-002	0.	6.e-002	-1.1169e-002
2728	-3.6e-002	0.	6.e-002	1.5433e-002
2733	-1.2e-002	0.	6.e-002	6.5149e-002
3104	-1.2e-002	0.	-6.e-002	6.8693e-002
3105	-3.6e-002	0.	-6.e-002	1.6583e-002
3111	0.	0.	-6.75e-002	8.2803e-002
3117	-7.2e-002	0.	-6.e-002	-1.1187e-002
3121	-0.12	0.	-6.e-002	-1.4347e-002
3128	-0.168	0.	-6.e-002	-1.6242e-002
3132	-0.216	0.	-6.e-002	-1.6677e-002
3138	-0.264	0.	-6.e-002	-1.666e-002
3142	-0.312	0.	-6.e-002	-1.6193e-002
3146	-0.36	0.	-6.e-002	-1.434e-002
3150	-0.408	0.	-6.e-002	-1.1186e-002
3154	-0.444	0.	-6.e-002	1.5416e-002
3159	-0.468	0.	-6.e-002	6.4961e-002
3164	-0.48	0.	-6.75e-002	7.8606e-002
3866	-0.468	0.	-9.e-002	3.1664e-002
3867	-0.444	0.	-9.e-002	-2.8285e-003
3871	-0.48	0.	-8.25e-002	5.6714e-002
3876	-0.408	0.	-9.e-002	-3.191e-002
3881	-0.36	0.	-9.e-002	-4.3778e-002
3886	-0.312	0.	-9.e-002	-4.796e-002
3891	-0.264	0.	-9.e-002	-4.9231e-002
3897	-0.216	0.	-9.e-002	-4.9271e-002
3900	-0.168	0.	-9.e-002	-4.808e-002
3904	-0.12	0.	-9.e-002	-4.3774e-002
3909	-7.2e-002	0.	-9.e-002	-3.1596e-002
3914	-3.6e-002	0.	-9.e-002	-2.1353e-003
3917	-1.2e-002	0.	-9.e-002	3.291e-002
3922	0.	0.	-8.25e-002	5.9154e-002
206	0.	0.	-6.e-002	0.1923
217	-0.48	0.	-6.e-002	0.19024
325	-0.456	0.	-9.e-002	4.2571e-003
326	-0.48	0.	-9.e-002	4.7554e-002
327	-0.432	0.	-9.e-002	-1.7803e-002
328	-0.384	0.	-9.e-002	-3.7793e-002
329	-0.336	0.	-9.e-002	-4.8126e-002
330	-0.288	0.	-9.e-002	-5.3276e-002
331	-0.24	0.	-9.e-002	-5.8397e-002
332	-0.192	0.	-9.e-002	-5.0497e-002
333	-0.144	0.	-9.e-002	-4.4012e-002
334	-9.6e-002	0.	-9.e-002	-3.5967e-002
335	-4.8e-002	0.	-9.e-002	-2.7956e-002
336	-2.4e-002	0.	-9.e-002	-9.9555e-003
337	0.	0.	-9.e-002	4.4053e-002
347	-0.48	0.	-7.5e-002	0.11301
351	0.	0.	-7.5e-002	0.1454
418	1.	0.	-9.9091e-002	8.9699e-004
419	1.	0.	-0.19818	8.3117e-004
420	1.	0.	-0.29727	7.59e-004
421	1.	0.	-0.39636	6.3442e-004
422	1.	0.	-0.49545	5.3511e-004
423	1.	0.	-0.59455	3.9755e-004
424	1.	0.	-0.69364	3.0942e-004
425	1.	0.	-0.79273	2.3369e-004
426	1.	0.	-0.89182	1.3237e-004
427	1.	0.	-0.99091	5.2689e-005
438	0.89667	0.	-1.09	3.166e-005
439	0.79333	0.	-1.09	4.1435e-005
440	0.69	0.	-1.09	4.4748e-005
441	0.58667	0.	-1.09	4.2183e-005
442	0.48333	0.	-1.09	2.5824e-005
443	0.38	0.	-1.09	2.088e-005
444	0.27667	0.	-1.09	4.9669e-006
445	0.17333	0.	-1.09	-1.5262e-005
446	7.e-002	0.	-1.09	-3.4959e-005
447	-3.3333e-002	0.	-1.09	-3.6455e-005
448	-0.13667	0.	-1.09	-6.4071e-005
449	-0.24	0.	-1.09	-7.8702e-005
450	-0.34333	0.	-1.09	-4.8043e-005
451	-0.44667	0.	-1.09	-4.1382e-005
452	-0.55	0.	-1.09	-1.821e-005
453	-0.65333	0.	-1.09	-1.542e-005
454	-0.75667	0.	-1.09	2.614e-006
455	-0.86	0.	-1.09	1.4281e-005
456	-0.96333	0.	-1.09	2.3298e-005
457	-1.0667	0.	-1.09	4.0873e-005
458	-1.17	0.	-1.09	4.2412e-005
459	-1.2733	0.	-1.09	3.55e-005
460	-1.3767	0.	-1.09	3.0385e-005
466	-1.48	0.	-0.99091	4.9966e-005
467	-1.48	0.	-0.89182	1.284e-004
468	-1.48	0.	-0.79273	2.2649e-004
469	-1.48	0.	-0.69364	3.3267e-004
470	-1.48	0.	-0.59455	4.0477e-004
471	-1.48	0.	-0.49545	5.4345e-004
472	-1.48	0.	-0.39636	6.3919e-004
473	-1.48	0.	-0.29727	7.3085e-004
474	-1.48	0.	-0.19818	8.3676e-004
475	-1.48	0.	-9.9091e-002	9.0402e-004
481	0.1	0.	0.	7.2308e-002
482	0.2	0.	0.	2.5378e-002
483	0.3	0.	0.	1.0726e-002
484	0.4	0.	0.	5.0065e-003
485	0.5	0.	0.	3.5205e-003
486	0.6	0.	0.	1.9688e-003
487	0.7	0.	0.	1.6297e-003
488	0.8	0.	0.	1.1431e-003
489	0.9	0.	0.	9.5907e-004
490	-1.38	0.	0.	9.6289e-004
491	-1.28	0.	0.	1.1705e-003
492	-1.18	0.	0.	1.5094e-003
493	-1.08	0.	0.	2.147e-003
494	-0.98	0.	0.	3.2323e-003
495	-0.88	0.	0.	5.3955e-003
496	-0.78	0.	0.	8.2718e-003
497	-0.68	0.	0.	2.5072e-002
498	-0.58	0.	0.	7.7538e-002
595	0.	0.	0.	0.24614
596	-0.48	0.	0.	0.2317
601	1.	0.	-1.09	2.6072e-005
602	1.	0.	0.	9.0188e-004
603	-1.48	0.	-1.09	2.395e-005
604	-1.48	0.	0.	9.0995e-004
793	0.17027	0.	-0.59705	4.6976e-005
794	-0.61833	0.	-0.59	-2.2385e-005
795	-0.55263	0.	-0.37883	2.7881e-004
796	6.9167e-002	0.	-0.34	9.1051e-004
797	-0.20763	0.	-0.45053	-3.938e-003
798	-1.0492	0.	-0.49318	8.6826e-004
799	0.58291	0.	-0.48465	9.3532e-004
800	-0.25841	0.	-0.78858	-6.1882e-004
801	-0.27521	0.	-0.28979	-1.377e-002
802	2.4513e-002	0.	-0.2101	4.3299e-003
803	-0.52719	0.	-0.21658	4.2058e-003
804	-0.79917	0.	-0.41659	1.6076e-003
805	0.31917	0.	-0.41659	1.6666e-003
806	0.49269	0.	-0.8078	1.8381e-004
807	-0.95458	0.	-0.79159	2.1116e-004
808	-0.41187	0.	-0.5275	-1.5916e-003
809	-9.2682e-002	0.	-0.31098	-6.6373e-003
810	8.1111e-002	0.	-0.75667	-2.4285e-004
811	-6.312e-004	0.	-0.65064	-6.8678e-004
812	-0.58542	0.	-0.92141	-1.0726e-004
813	-1.3049	0.	-0.72629	3.0654e-004
814	0.67208	0.	-0.77412	2.3887e-004
815	0.2405	0.	-0.35516	2.5977e-003
816	-0.60944	0.	-0.2822	3.5584e-003
817	0.61278	0.	-0.32879	1.3485e-003
818	-1.1367	0.	-0.14181	1.5892e-003
819	-0.36302	0.	-0.28076	-8.8145e-003
820	-0.38139	0.	-0.73024	-7.124e-004
821	-1.7774e-002	0.	-0.37191	-1.6853e-003
822	0.38657	0.	-0.13467	5.038e-003
823	0.24289	0.	-0.13912	9.7843e-003
824	-0.86323	0.	-0.12722	4.7823e-003
825	-0.12399	0.	-0.2336	-1.4806e-002
826	-0.88614	0.	-0.65571	4.2248e-004
827	0.37097	0.	-0.54159	7.1164e-004
828	0.85578	0.	-0.54171	4.8752e-004
829	-1.3502	0.	-0.42899	6.6585e-004
830	-0.68278	0.	-0.83775	-3.6369e-005
831	0.37174	0.	-0.70514	3.0251e-004
832	-0.25035	0.	-0.66383	-1.1987e-003
833	-0.95779	0.	-0.2979	2.3492e-003
834	-0.10004	0.	-0.77537	-5.5854e-004
835	-0.34553	0.	-0.18514	-2.3238e-002
836	0.79255	0.	-0.28401	9.4142e-004
837	0.17744	0.	-0.94384	-3.6473e-005
838	-0.28263	0.	-0.38912	-6.0977e-003
839	-9.6761e-002	0.	-0.15538	-2.3819e-002
840	-7.3461e-003	0.	-0.52885	-9.9644e-004
841	-0.3877	0.	-0.41292	-3.3748e-003
842	-0.49686	0.	-0.14435	1.2801e-002
843	2.5639e-002	0.	-0.15071	1.6945e-002
844	0.14342	0.	-0.16614	1.3749e-002
845	9.0363e-002	0.	-0.11224	3.4295e-002
846	-0.26002	0.	-0.19558	-2.5199e-002
847	-0.12623	0.	-0.61277	-1.4079e-003
848	-1.2374	0.	-0.90814	1.3784e-004
849	-0.4512	0.	-0.88178	-2.7721e-004
850	0.859	0.	-0.84364	1.7537e-004
851	-0.54515	0.	-0.79129	-2.6303e-004
852	-0.70028	0.	-0.22331	5.8533e-003
853	-0.61427	0.	-0.18152	1.187e-002
854	-0.5514	0.	-0.14867	2.0472e-002
855	-0.20552	0.	-0.93375	-2.3995e-004
856	0.10931	0.	-0.49743	1.7107e-004
857	-0.59175	0.	-0.47545	-9.1586e-005
858	-0.19262	0.	-0.34521	-7.9019e-003
859	-1.1297	0.	-0.75894	2.6249e-004
860	5.0415e-002	0.	-0.85991	-1.9368e-004
861	-1.177	0.	-0.60973	5.2939e-004
862	0.56761	0.	-0.1501	2.3599e-003
863	-0.39862	0.	-0.17498	-1.8492e-002
864	-1.0928	0.	-0.32879	1.2276e-003
865	-0.74901	0.	-0.62285	2.9256e-004
866	0.45384	0.	-0.3876	1.6456e-003
867	-1.3649	0.	-0.1533	9.2653e-004
868	0.73458	0.	-0.44477	7.4061e-004
869	0.34875	0.	-0.85516	9.1071e-005
870	-4.8299e-002	0.	-0.22542	-5.9215e-003
871	0.35032	0.	-0.29358	3.1587e-003
872	-0.43906	0.	-0.25667	-4.6494e-003
873	-0.30865	0.	-0.49625	-2.9132e-003
874	-0.17369	0.	-0.16486	-3.2066e-002
875	-0.51954	0.	-0.6627	-4.5442e-004
876	0.60998	0.	-0.94063	9.9185e-005
877	-0.10975	0.	-0.40848	-3.7306e-003
878	0.52188	0.	-0.64239	4.8319e-004
879	0.69215	0.	-0.60186	4.6233e-004
880	0.22181	0.	-0.74053	5.994e-005
881	-0.71979	0.	-0.34858	2.8158e-003
882	-0.98957	0.	-0.94393	8.6921e-005
883	0.10396	0.	-0.24919	4.8775e-003
884	-0.83629	0.	-0.53891	8.7038e-004
885	0.23618	0.	-0.49097	8.6608e-004
886	-0.70999	0.	-0.48643	9.1808e-004
887	2.9503e-002	0.	-8.656e-002	7.7388e-002
888	-0.49582	0.	-0.44963	-1.1636e-003
889	-0.79278	0.	-0.75217	1.7086e-004
890	-0.99472	0.	-0.15163	2.4467e-003
891	-1.1928	0.	-0.46091	7.4176e-004
892	-0.65056	0.	-0.71388	-5.187e-005
893	-0.33163	0.	-0.60042	-1.5026e-003
894	-0.83009	0.	-0.2733	3.854e-003
895	-0.20094	0.	-0.25667	-1.5745e-002
896	1.0434e-002	0.	-0.28271	-1.4394e-003
897	-0.22177	0.	-0.5466	-2.0043e-003
898	0.47546	0.	-0.95994	5.6458e-005
899	-1.3451	0.	-0.57355	4.782e-004
900	-0.41617	0.	-0.32662	-4.2644e-003
901	-1.0264	0.	-0.65165	4.4701e-004
902	-7.3404e-002	0.	-0.87501	-2.8992e-004
903	0.27419	0.	-0.61505	3.2849e-004
904	-0.43249	0.	-0.13597	-1.2118e-002
905	0.73154	0.	-0.12378	1.3441e-003
906	-0.91687	0.	-0.43062	1.3531e-003
907	-0.51141	0.	-0.55382	-8.0716e-004
908	0.88803	0.	-0.41318	6.3538e-004
909	0.4737	0.	-0.2582	2.4006e-003
910	-1.239	0.	-0.35095	8.3924e-004
911	0.87639	0.	-0.97121	9.2394e-005
912	-0.1161	0.	-0.49854	-2.5922e-003
913	1.2149e-002	0.	-0.97716	-9.7698e-005
914	0.86609	0.	-0.6909	3.1218e-004
915	-0.36076	0.	-0.99515	-1.2258e-004
916	0.18444	0.	-0.21897	6.91e-003
917	-3.6149e-002	0.	-0.15771	-5.2645e-003
918	-0.30925	0.	-0.14076	-3.7547e-002
919	-0.8404	0.	-0.87638	1.0567e-004
920	0.8766	0.	-0.16496	9.2696e-004
921	-1.3632	0.	-0.96813	6.5933e-005
922	-0.6713	0.	-0.12946	1.4351e-002
923	-1.3645	0.	-0.29671	7.6524e-004
924	-0.32891	0.	-0.87385	-3.7903e-004
925	0.2641	0.	-0.24222	5.8764e-003
926	-0.50337	0.	-0.30342	3.0856e-004
927	-0.43111	0.	-0.61763	-9.4659e-004
928	-0.32065	0.	-0.23632	-1.4718e-002
929	0.35337	0.	-0.97373	3.464e-005
930	0.75013	0.	-0.9516	1.1486e-004
931	-0.37032	0.	-0.13604	-3.3082e-002
932	0.16413	0.	-0.29929	3.6094e-003
933	-0.49709	0.	-9.169e-002	5.7575e-002
934	-0.94298	0.	-0.55402	6.7666e-004
935	-1.2293	0.	-0.23468	1.052e-003
936	-0.23287	0.	-0.13307	-4.6043e-002
937	7.3525e-002	0.	-0.58275	-3.7911e-004
938	-9.4837e-003	0.	-0.11797	1.3169e-002
939	-0.6377	0.	-0.39286	1.0429e-003
940	0.14909	0.	-0.40103	1.2638e-003
941	-0.47769	0.	-0.36943	-1.6621e-003
942	-0.39441	0.	-0.22542	-1.1932e-002
943	4.5724e-002	0.	-0.42787	-1.0928e-003
944	-1.3502	0.	-0.84661	1.7118e-004
945	0.46484	0.	-0.50464	8.5557e-004
946	-0.7568	0.	-0.12481	9.9035e-003
947	-1.124	0.	-0.92447	1.0958e-004
948	-0.46523	0.	-0.10919	9.7422e-003
949	-1.2556	0.	-9.1157e-002	1.2057e-003
950	-6.2242e-002	0.	-0.12404	-1.9911e-002
951	-0.44964	0.	-0.19235	-3.6548e-003
952	0.17881	0.	-7.2728e-002	1.9472e-002
953	-0.34495	0.	-0.33984	-6.5884e-003
954	-0.10943	0.	-0.98974	-1.325e-004
955	7.8501e-002	0.	-0.18109	1.3652e-002
956	-0.5336	0.	-5.2843e-002	0.10515
957	-2.1137e-002	0.	-0.7695	-3.6483e-004
958	-0.58721	0.	-9.1288e-002	3.6771e-002
959	-0.50972	0.	-1.0067	-6.4983e-005
960	-4.105e-002	0.	-0.44713	-2.0854e-003
961	-0.71288	0.	-0.95998	6.5459e-006
962	-0.86149	0.	-0.98387	2.9356e-005
3111	0.	0.	-6.75e-002	0.16885
3112	5.e-002	0.	-3.e-002	0.1323
3113	0.	0.	-3.e-002	0.21922
3114	1.4751e-002	0.	-7.328e-002	0.13484
3164	-0.48	0.	-6.75e-002	0.15162
3165	-0.48	0.	-3.e-002	0.21097
3166	-0.5068	0.	-5.6421e-002	0.14769
3866	-0.468	0.	-9.e-002	2.5905e-002
3867	-0.444	0.	-9.e-002	-6.773e-003
3868	-0.46062	0.	-9.9597e-002	6.9997e-003
3871	-0.48	0.	-8.25e-002	8.0282e-002
3872	-0.48854	0.	-9.0845e-002	5.2564e-002
3873	-0.47262	0.	-9.9597e-002	2.8648e-002
3876	-0.408	0.	-9.e-002	-2.7798e-002
3877	-0.43225	0.	-0.11298	-1.496e-002
3878	-0.44862	0.	-9.9597e-002	-4.0305e-003
3881	-0.36	0.	-9.e-002	-4.2959e-002
3882	-0.40825	0.	-0.11298	-2.4955e-002
3883	-0.37716	0.	-0.11302	-3.5438e-002
3886	-0.312	0.	-9.e-002	-5.0701e-002
3887	-0.32263	0.	-0.11538	-4.2837e-002
3888	-0.35316	0.	-0.11302	-4.0604e-002
3891	-0.264	0.	-9.e-002	-5.5836e-002
3892	-0.29863	0.	-0.11538	-4.5411e-002
3893	-0.26043	0.	-0.11154	-4.9659e-002
3897	-0.216	0.	-9.e-002	-5.4447e-002
3898	-0.23643	0.	-0.11154	-5.222e-002
3900	-0.168	0.	-9.e-002	-4.7254e-002
3901	-0.18285	0.	-0.12743	-4.1282e-002
3902	-0.21243	0.	-0.11154	-4.827e-002
3904	-0.12	0.	-9.e-002	-3.9989e-002
3905	-0.12038	0.	-0.12269	-3.3915e-002
3906	-0.15885	0.	-0.12743	-3.8039e-002
3909	-7.2e-002	0.	-9.e-002	-3.1961e-002
3910	-9.638e-002	0.	-0.12269	-2.9893e-002
3911	-7.9121e-002	0.	-0.10702	-2.7939e-002
3914	-3.6e-002	0.	-9.e-002	-1.8956e-002
3915	-5.5121e-002	0.	-0.10702	-2.3934e-002
3917	-1.2e-002	0.	-9.e-002	1.7049e-002
3918	-1.6742e-002	0.	-0.10398	1.6067e-003
3919	-4.3121e-002	0.	-0.10702	-1.4933e-002
3922	0.	0.	-8.25e-002	9.4725e-002
3923	1.4751e-002	0.	-8.828e-002	6.072e-002
3924	-4.7418e-003	0.	-0.10398	2.8611e-002
3980	-0.48854	0.	-8.3345e-002	8.5292e-002
3981	-0.5068	0.	-6.3921e-002	0.10908
3994	1.4751e-002	0.	-8.078e-002	0.11139
4430	1.	0.	-0.14864	8.6408e-004
4432	0.95	0.	-4.9545e-002	9.2803e-004
4433	1.	0.	-4.9545e-002	8.9944e-004
4434	0.9383	0.	-0.13203	9.1197e-004
4436	1.	0.	-0.24773	7.9508e-004
4437	0.9383	0.	-0.18157	8.7906e-004
4440	1.	0.	-0.34682	6.9671e-004
4441	0.89628	0.	-0.29064	8.5021e-004
4442	0.94402	0.	-0.35523	6.9719e-004
4443	0.9383	0.	-0.23112	8.4298e-004
4447	1.	0.	-0.44591	5.8476e-004
4448	0.94402	0.	-0.40477	6.349e-004
4450	1.	0.	-0.545	4.6633e-004
4451	0.92789	0.	-0.51858	5.1131e-004
4452	0.94402	0.	-0.45432	5.8524e-004
4455	1.	0.	-0.64409	3.5348e-004
4456	0.92789	0.	-0.56813	4.4253e-004
4457	0.93304	0.	-0.64272	3.5486e-004
4461	1.	0.	-0.74318	2.7155e-004
4462	0.93304	0.	-0.69227	3.108e-004
4466	1.	0.	-0.84227	1.8303e-004
4467	0.9295	0.	-0.81818	2.0453e-004
4468	0.93304	0.	-0.74181	2.7293e-004
4472	1.	0.	-0.94136	9.2529e-005
4473	0.9295	0.	-0.86773	1.5387e-004
4474	0.93819	0.	-0.93151	1.1238e-004
4478	0.94833	0.	-1.0405	4.2174e-005
4479	1.	0.	-1.0405	3.938e-005
4480	0.93819	0.	-0.98106	7.2541e-005
4550	0.845	0.	-1.09	3.6547e-005
4551	0.94833	0.	-1.09	2.8866e-005
4552	0.88653	0.	-1.0306	6.2027e-005
4556	0.74167	0.	-1.09	4.3091e-005
4557	0.83486	0.	-1.0306	6.6914e-005
4558	0.77173	0.	-1.0208	7.8147e-005
4562	0.63833	0.	-1.09	4.3465e-005
4563	0.64999	0.	-1.0153	7.1966e-005
4564	0.72006	0.	-1.0208	7.9803e-005
4568	0.535	0.	-1.09	3.4003e-005
4569	0.59832	0.	-1.0153	7.0684e-005
4570	0.53106	0.	-1.025	4.9321e-005
4574	0.43167	0.	-1.09	2.3352e-005
4575	0.4794	0.	-1.025	4.1141e-005
4578	0.32833	0.	-1.09	1.2923e-005
4579	0.42773	0.	-1.025	3.8669e-005
4580	0.36668	0.	-1.0319	2.776e-005
4582	0.225	0.	-1.09	-5.1473e-006
4583	0.22705	0.	-1.0169	-1.5753e-005
4584	0.31502	0.	-1.0319	1.9803e-005
4588	0.12167	0.	-1.09	-2.511e-005
4589	0.17539	0.	-1.0169	-2.5867e-005
4594	1.8333e-002	0.	-1.09	-3.5707e-005
4595	0.12372	0.	-1.0169	-3.5716e-005
4596	4.1074e-002	0.	-1.0336	-6.6328e-005
4599	-8.5e-002	0.	-1.09	-5.0263e-005
4600	-1.0592e-002	0.	-1.0336	-6.7076e-005
4601	-7.1382e-002	0.	-1.0399	-8.4478e-005
4604	-0.18833	0.	-1.09	-7.1386e-005
4605	-0.12305	0.	-1.0399	-9.8286e-005
4609	-0.29167	0.	-1.09	-6.3372e-005
4610	-0.22276	0.	-1.0119	-1.5933e-004
4611	-0.30038	0.	-1.0426	-1.0064e-004
4612	-0.17472	0.	-1.0399	-1.056e-004
4615	-0.395	0.	-1.09	-4.4712e-005
4616	-0.35205	0.	-1.0426	-8.5312e-005
4620	-0.49833	0.	-1.09	-2.9796e-005
4621	-0.40372	0.	-1.0426	-8.1982e-005
4622	-0.47819	0.	-1.0483	-5.3183e-005
4626	-0.60167	0.	-1.09	-1.6815e-005
4627	-0.52986	0.	-1.0483	-4.1597e-005
4629	-0.705	0.	-1.09	-6.4029e-006
4630	-0.61938	0.	-1.0057	-6.1338e-005
4631	-0.58153	0.	-1.0483	-4.0202e-005
4632	-0.68311	0.	-1.025	-4.437e-006
4636	-0.80833	0.	-1.09	8.4473e-006
4637	-0.73477	0.	-1.025	4.5799e-006
4638	-0.80908	0.	-1.0369	1.5985e-005
4642	-0.91167	0.	-1.09	1.8789e-005
4643	-0.86075	0.	-1.0369	2.1818e-005
4646	-1.015	0.	-1.09	3.2086e-005
4647	-0.97645	0.	-1.017	5.511e-005
4648	-0.91241	0.	-1.0369	2.6327e-005
4650	-1.1183	0.	-1.09	4.1642e-005
4651	-1.0281	0.	-1.017	6.3897e-005
4652	-1.0953	0.	-1.0072	7.5224e-005
4657	-1.2217	0.	-1.09	3.8956e-005
4658	-1.2037	0.	-0.99907	9.0128e-005
4659	-1.147	0.	-1.0072	7.5994e-005
4661	-1.325	0.	-1.09	3.2942e-005
4662	-1.2554	0.	-0.99907	8.6672e-005
4663	-1.3183	0.	-1.0291	5.0716e-005
4667	-1.4283	0.	-1.0405	4.0175e-005
4668	-1.4283	0.	-1.09	2.7167e-005
4669	-1.3699	0.	-1.0291	4.8159e-005
4699	-1.48	0.	-0.94136	8.9182e-005
4700	-1.48	0.	-1.0405	3.6958e-005
4701	-1.4216	0.	-0.97952	5.7949e-005
4704	-1.48	0.	-0.84227	1.7744e-004
4705	-1.4216	0.	-0.92997	9.7166e-005
4706	-1.4151	0.	-0.86921	1.4979e-004
4710	-1.48	0.	-0.74318	2.7958e-004
4711	-1.3924	0.	-0.75951	2.6652e-004
4712	-1.4151	0.	-0.81967	1.9883e-004
4716	-1.48	0.	-0.64409	3.6872e-004
4717	-1.3924	0.	-0.70996	3.1961e-004
4718	-1.4125	0.	-0.63359	4.0544e-004
4720	-1.48	0.	-0.545	4.7411e-004
4721	-1.4125	0.	-0.58405	4.4149e-004
4724	-1.48	0.	-0.44591	5.9132e-004
4725	-1.4151	0.	-0.46222	6.0465e-004
4726	-1.4125	0.	-0.5345	5.1083e-004
4730	-1.48	0.	-0.34682	6.8502e-004
4731	-1.4151	0.	-0.41268	6.5252e-004
4732	-1.4222	0.	-0.34654	7.0221e-004
4735	-1.48	0.	-0.24773	7.8381e-004
4736	-1.4222	0.	-0.29699	7.4805e-004
4739	-1.48	0.	-0.14864	8.7039e-004
4740	-1.4225	0.	-0.17574	8.8165e-004
4741	-1.4222	0.	-0.24745	8.01e-004
4745	-1.43	0.	-4.9545e-002	9.3346e-004
4746	-1.48	0.	-4.9545e-002	9.0699e-004
4747	-1.4225	0.	-0.1262	9.1528e-004
4790	0.15	0.	0.	4.8843e-002
4791	5.e-002	0.	0.	0.15922
4795	9.5181e-002	0.	-5.6122e-002	5.3302e-002
4796	6.4751e-002	0.	-4.328e-002	7.4848e-002
4797	0.13941	0.	-3.6364e-002	4.589e-002
4807	0.25	0.	0.	1.8052e-002
4811	0.18941	0.	-3.6364e-002	2.2425e-002
4817	0.35	0.	0.	7.8664e-003
4820	0.34328	0.	-6.7335e-002	7.8822e-003
4821	0.27145	0.	-6.956e-002	1.0255e-002
4822	0.23941	0.	-3.6364e-002	1.5099e-002
4826	0.45	0.	0.	4.2635e-003
4828	0.39328	0.	-6.7335e-002	5.0223e-003
4832	0.55	0.	0.	2.7447e-003
4835	0.44328	0.	-6.7335e-002	4.2793e-003
4836	0.5338	0.	-7.5051e-002	2.9402e-003
4841	0.65	0.	0.	1.7993e-003
4844	0.5838	0.	-7.5051e-002	2.1644e-003
4845	0.66577	0.	-6.1892e-002	1.6565e-003
4848	0.75	0.	0.	1.3864e-003
4850	0.71577	0.	-6.1892e-002	1.4869e-003
4854	0.85	0.	0.	1.0511e-003
4857	0.76577	0.	-6.1892e-002	1.2436e-003
4858	0.8383	0.	-8.2481e-002	1.035e-003
4864	0.95	0.	0.	9.3048e-004
4866	0.8883	0.	-8.2481e-002	9.4301e-004
4872	-1.33	0.	0.	1.0667e-003
4874	-1.43	0.	0.	9.3642e-004
4876	-1.3725	0.	-7.6652e-002	9.4471e-004
4877	-1.3178	0.	-4.5578e-002	1.0843e-003
4880	-1.23	0.	0.	1.34e-003
4883	-1.2678	0.	-4.5578e-002	1.1881e-003
4887	-1.13	0.	0.	1.8282e-003
4889	-1.1584	0.	-7.0907e-002	1.5493e-003
4890	-1.2178	0.	-4.5578e-002	1.3575e-003
4894	-1.03	0.	0.	2.6897e-003
4897	-1.1084	0.	-7.0907e-002	1.8681e-003
4898	-1.0374	0.	-7.5814e-002	2.2969e-003
4901	-0.93	0.	0.	4.3139e-003
4904	-0.92162	0.	-6.3608e-002	4.0073e-003
4905	-0.98736	0.	-7.5814e-002	2.8395e-003
4912	-0.83	0.	0.	6.8336e-003
4914	-0.87162	0.	-6.3608e-002	5.0889e-003
4916	-0.73	0.	0.	1.6672e-002
4920	-0.82162	0.	-6.3608e-002	6.527e-003
4921	-0.7684	0.	-6.2406e-002	9.0876e-003
4926	-0.63	0.	0.	5.1305e-002
4928	-0.67565	0.	-6.4728e-002	1.9711e-002
4929	-0.7184	0.	-6.2406e-002	1.7488e-002
4930	-0.63361	0.	-4.5644e-002	3.0921e-002
4935	-0.53	0.	0.	0.15462
4937	-0.5568	0.	-2.6421e-002	9.1344e-002
4938	-0.58361	0.	-4.5644e-002	5.7154e-002
5463	-0.5068	0.	-2.6421e-002	0.16843
6603	0.12569	0.	-0.67686	-9.7939e-005
6604	0.13979	0.	-0.54724	1.0902e-004
6605	0.19604	0.	-0.66879	5.3458e-005
6606	0.20323	0.	-0.54401	4.5653e-004
6607	0.22223	0.	-0.60605	1.8773e-004
6608	0.1219	0.	-0.5899	-1.6607e-004
6611	-0.60504	0.	-0.53273	-5.6986e-005
6612	-0.68367	0.	-0.60643	1.3509e-004
6613	-0.56894	0.	-0.62635	-2.384e-004
6614	-0.66416	0.	-0.53822	4.4785e-004
6615	-0.63444	0.	-0.65194	-3.7127e-005
6616	-0.56487	0.	-0.57191	-4.1477e-004
6622	-0.58104	0.	-0.33051	1.9186e-003
6623	-0.57219	0.	-0.42714	9.361e-005
6624	-0.52422	0.	-0.41423	-4.4241e-004
6625	-0.528	0.	-0.34112	2.9368e-004
6626	-0.59516	0.	-0.38585	6.6088e-004
6627	-0.51516	0.	-0.37413	-6.9163e-004
6630	2.5696e-002	0.	-0.35596	-3.8742e-004
6631	8.6565e-002	0.	-0.29459	2.894e-003
6632	3.98e-002	0.	-0.31135	-2.6444e-004
6633	0.11665	0.	-0.31964	2.26e-003
6634	0.10913	0.	-0.37051	1.0871e-003
6635	5.7445e-002	0.	-0.38393	-9.1128e-005
6639	-0.24513	0.	-0.41982	-5.0178e-003
6640	-0.20013	0.	-0.39787	-5.9199e-003
6641	-0.25814	0.	-0.47339	-3.4256e-003
6642	-0.15869	0.	-0.4295	-3.8343e-003
6643	-0.2147	0.	-0.49856	-2.9711e-003
6644	-0.16186	0.	-0.47454	-3.2651e-003
6648	-1.1131	0.	-0.55146	6.9883e-004
6649	-1.071	0.	-0.41098	1.0479e-003
6650	-1.121	0.	-0.47705	8.0501e-004
6651	-1.0378	0.	-0.57242	6.5764e-004
6652	-0.98302	0.	-0.4619	1.1107e-003
6653	-0.99607	0.	-0.5236	7.7246e-004
6657	0.59784	0.	-0.40672	1.1419e-003
6658	0.51837	0.	-0.43612	1.2905e-003
6659	0.65874	0.	-0.46471	8.3796e-004
6660	0.55239	0.	-0.56352	7.0925e-004
6661	0.63753	0.	-0.54325	6.9882e-004
6662	0.52387	0.	-0.49464	8.9544e-004
6667	-0.3199	0.	-0.75941	-6.6561e-004
6668	-0.25438	0.	-0.72621	-9.0878e-004
6669	-0.17922	0.	-0.78198	-5.8868e-004
6670	-0.23196	0.	-0.86117	-4.2938e-004
6671	-0.29366	0.	-0.83122	-4.9892e-004
6675	-0.31911	0.	-0.28528	-1.1292e-002
6676	-0.27892	0.	-0.33946	-9.934e-003
6677	-0.26761	0.	-0.24269	-1.9484e-002
6678	-0.23391	0.	-0.3175	-1.0836e-002
6679	-0.23808	0.	-0.27323	-1.4758e-002
6680	-0.29793	0.	-0.26306	-1.4244e-002
6681	-0.31008	0.	-0.31482	-1.0179e-002
6687	2.5076e-002	0.	-0.1804	1.0637e-002
6688	-1.1893e-002	0.	-0.21776	-7.958e-004
6689	6.4239e-002	0.	-0.22964	4.6037e-003
6690	1.7474e-002	0.	-0.2464	1.4452e-003
6691	-5.8179e-003	0.	-0.1839	-4.6731e-004
6692	5.1507e-002	0.	-0.1956	8.9908e-003
6698	-0.56832	0.	-0.24939	3.8821e-003
6699	-0.51202	0.	-0.18047	8.5033e-003
6700	-0.57073	0.	-0.19905	8.0381e-003
6701	-0.53929	0.	-0.18263	1.2339e-002
6702	-0.48312	0.	-0.23662	-2.2177e-004
6703	-0.51528	0.	-0.26	2.2572e-003
6704	-0.48841	0.	-0.20447	2.7551e-004
6708	-0.75948	0.	-0.38258	2.2117e-003
6709	-0.81773	0.	-0.47775	1.239e-003
6710	-0.75458	0.	-0.45151	1.2629e-003
6711	-0.81463	0.	-0.34494	2.7308e-003
6712	-0.85802	0.	-0.42361	1.4804e-003
6714	0.27984	0.	-0.38587	2.1321e-003
6715	0.34507	0.	-0.47909	1.1891e-003
6716	0.3865	0.	-0.40209	1.6561e-003
6717	0.33474	0.	-0.35509	2.4126e-003
6718	0.27767	0.	-0.45378	1.2663e-003
6719	0.392	0.	-0.46062	1.2611e-003
6725	0.58238	0.	-0.79096	2.1134e-004
6726	0.43222	0.	-0.75647	2.4316e-004
6727	0.42072	0.	-0.83148	1.3744e-004
6728	0.55134	0.	-0.87422	1.415e-004
6729	0.50728	0.	-0.72509	3.335e-004
6730	0.48408	0.	-0.88387	1.2014e-004
6735	-0.92036	0.	-0.72365	3.1682e-004
6736	-1.0422	0.	-0.77527	2.3683e-004
6737	-0.97208	0.	-0.86776	1.4904e-004
6738	-0.87368	0.	-0.77188	1.9101e-004
6739	-0.99052	0.	-0.72162	3.2909e-004
6740	-0.89749	0.	-0.83398	1.5842e-004
6741	-1.0393	0.	-0.85803	1.6037e-004
6745	-0.39979	0.	-0.47021	-2.4832e-003
6746	-0.36026	0.	-0.51188	-2.2524e-003
6747	-0.45385	0.	-0.48857	-1.3776e-003
6748	-0.37175	0.	-0.56396	-1.5471e-003
6749	-0.46164	0.	-0.54066	-1.1994e-003
6750	-0.42149	0.	-0.57257	-1.2691e-003
6755	-5.5228e-002	0.	-0.34145	-4.1613e-003
6756	-0.10834	0.	-0.27229	-1.0721e-002
6757	-0.14265	0.	-0.3281	-7.2696e-003
6758	-7.049e-002	0.	-0.2682	-6.2794e-003
6759	-0.10122	0.	-0.35973	-5.1839e-003
6760	-0.14681	0.	-0.28382	-1.1191e-002
6761	-4.1124e-002	0.	-0.29685	-4.0383e-003
6767	4.024e-002	0.	-0.70365	-4.6482e-004
6768	0.12927	0.	-0.85025	-1.3966e-004
6769	6.5763e-002	0.	-0.80829	-2.1827e-004
6770	0.15146	0.	-0.7486	-9.1457e-005
6771	7.7318e-002	0.	-0.66971	-3.1098e-004
6772	2.9987e-002	0.	-0.76308	-3.0384e-004
6776	-5.0336e-002	0.	-0.713	-6.2266e-004
6777	-3.9887e-003	0.	-0.58974	-8.4161e-004
6778	-6.3432e-002	0.	-0.6317	-1.0473e-003
6779	3.6447e-002	0.	-0.61669	-5.3295e-004
6780	-1.0884e-002	0.	-0.71007	-5.258e-004
6785	-0.6341	0.	-0.87958	-7.1813e-005
6786	-0.51831	0.	-0.90159	-1.9223e-004
6787	-0.56528	0.	-0.85635	-1.8514e-004
6788	-0.54757	0.	-0.96404	-8.612e-005
6789	-0.64915	0.	-0.94069	-5.0356e-005
6793	-1.2711	0.	-0.81722	2.2219e-004
6794	-1.2173	0.	-0.74261	2.8452e-004
6795	-1.2409	0.	-0.66801	4.1797e-004
6796	-1.325	0.	-0.64992	3.9237e-004
6797	-1.3275	0.	-0.78645	2.3886e-004
6802	0.76554	0.	-0.80888	2.0712e-004
6803	0.64103	0.	-0.85738	1.6903e-004
6804	0.59698	0.	-0.70825	3.6103e-004
6805	0.68211	0.	-0.68799	3.506e-004
6806	0.76908	0.	-0.73251	2.7552e-004
6807	0.7111	0.	-0.86286	1.7686e-004
6811	0.29541	0.	-0.32437	2.8782e-003
6812	0.23834	0.	-0.42306	1.7319e-003
6813	0.2523	0.	-0.29869	4.2371e-003
6814	0.20232	0.	-0.32722	3.1036e-003
6815	0.1948	0.	-0.37809	1.9307e-003
6819	-0.65486	0.	-0.25275	4.7058e-003
6820	-0.61186	0.	-0.23186	7.7143e-003
6821	-0.66462	0.	-0.31539	3.1871e-003
6822	-0.55641	0.	-0.29281	1.9335e-003
6823	-0.62357	0.	-0.33753	2.3007e-003
6827	0.70266	0.	-0.3064	1.1449e-003
6828	0.59019	0.	-0.23945	1.8542e-003
6829	0.53331	0.	-0.35819	1.4971e-003
6830	0.67368	0.	-0.38678	1.0445e-003
6831	0.67216	0.	-0.22629	1.3463e-003
6832	0.54324	0.	-0.29349	1.8746e-003
6838	-1.1147	0.	-0.2353	1.4084e-003
6839	-1.0657	0.	-0.14672	2.018e-003
6840	-1.183	0.	-0.18825	1.3206e-003
6841	-1.1962	0.	-0.11649	1.3974e-003
6847	-0.40104	0.	-0.26872	-6.732e-003
6848	-0.3896	0.	-0.30369	-6.5395e-003
6849	-0.34184	0.	-0.25854	-1.1766e-002
6850	-0.37872	0.	-0.25309	-1.0373e-002
6851	-0.35399	0.	-0.3103	-7.7015e-003
6855	-0.31587	0.	-0.69704	-9.5557e-004
6856	-0.4163	0.	-0.80601	-4.9481e-004
6857	-0.46327	0.	-0.76077	-4.8772e-004
6858	-0.45047	0.	-0.69647	-5.8341e-004
6859	-0.35651	0.	-0.66533	-1.1075e-003
6860	-0.35515	0.	-0.80205	-5.4572e-004
6861	-0.40625	0.	-0.67394	-8.295e-004
6866	-6.3764e-002	0.	-0.39019	-2.708e-003
6867	-3.6702e-003	0.	-0.32731	-1.5624e-003
6868	1.3975e-002	0.	-0.39989	-1.3891e-003
6869	-2.9412e-002	0.	-0.40952	-1.8854e-003
6873	0.31473	0.	-0.1369	7.4111e-003
6874	0.47709	0.	-0.14239	3.699e-003
6875	0.36844	0.	-0.21413	4.0983e-003
6876	0.43014	0.	-0.19643	3.7193e-003
6877	0.32534	0.	-0.18845	5.4572e-003
6884	0.19316	0.	-0.15263	1.1767e-002
6885	0.21367	0.	-0.17904	8.3471e-003
6886	0.2535	0.	-0.19067	7.8303e-003
6887	0.21085	0.	-0.10592	1.4628e-002
6890	-0.91051	0.	-0.21256	3.5657e-003
6891	-0.92898	0.	-0.13942	3.6145e-003
6892	-0.84666	0.	-0.20026	4.3182e-003
6893	-0.81002	0.	-0.12601	7.3429e-003
6898	-0.11038	0.	-0.19449	-1.9312e-002
6899	-8.6146e-002	0.	-0.22951	-1.0364e-002
6900	-0.14884	0.	-0.19923	-2.3436e-002
6901	-0.16247	0.	-0.24513	-1.5275e-002
6908	-0.81758	0.	-0.63928	3.5752e-004
6909	-0.86122	0.	-0.59731	6.4643e-004
6910	-0.83946	0.	-0.70394	2.9667e-004
6911	-0.9563	0.	-0.65368	4.3475e-004
6912	-0.91456	0.	-0.60487	5.4957e-004
6917	0.37136	0.	-0.62336	5.0708e-004
6918	0.44642	0.	-0.59199	5.9742e-004
6919	0.30358	0.	-0.51628	7.8886e-004
6920	0.32258	0.	-0.57832	5.2007e-004
6921	0.41791	0.	-0.52312	7.8361e-004
6925	0.79518	0.	-0.49324	6.1407e-004
6926	0.77396	0.	-0.57178	4.7493e-004
6927	0.8719	0.	-0.47745	5.6145e-004
6928	0.86093	0.	-0.6163	3.9985e-004
6932	-1.2715	0.	-0.44495	7.038e-004
6933	-1.3477	0.	-0.50127	5.7202e-004
6934	-1.2946	0.	-0.38997	7.5254e-004
6935	-1.3574	0.	-0.36285	7.1554e-004
6938	-0.61396	0.	-0.81452	-1.497e-004
6939	-0.73778	0.	-0.79496	6.7247e-005
6940	-0.66667	0.	-0.77581	-4.4119e-005
6941	-0.76159	0.	-0.85707	3.4652e-005
6942	-0.69783	0.	-0.89886	-1.4911e-005
6946	0.36025	0.	-0.78015	1.9679e-004
6947	0.44681	0.	-0.67376	3.9285e-004
6948	0.29678	0.	-0.72283	1.8123e-004
6949	0.32297	0.	-0.6601	3.155e-004
6953	-0.1752	0.	-0.7196	-8.7864e-004
6954	-0.18829	0.	-0.6383	-1.3033e-003
6955	-0.29099	0.	-0.63212	-1.3506e-003
6956	-0.23606	0.	-0.60521	-1.6015e-003
6961	-1.0253	0.	-0.31335	1.7884e-003
6962	-0.97626	0.	-0.22477	2.398e-003
6963	-0.89394	0.	-0.2856	3.1016e-003
6964	-0.93733	0.	-0.36426	1.8512e-003
6968	-0.11314	0.	-0.69407	-9.8322e-004
6969	-0.15278	0.	-0.85456	-3.9925e-004
6970	-8.6723e-002	0.	-0.82519	-4.2423e-004
6971	-6.0589e-002	0.	-0.77243	-4.6168e-004
6976	-0.30278	0.	-0.19036	-2.4218e-002
6977	-0.37208	0.	-0.18006	-2.0865e-002
6978	-0.32739	0.	-0.16295	-3.0392e-002
6979	-0.33309	0.	-0.21073	-1.8978e-002
6980	-0.35793	0.	-0.16059	-2.816e-002
6981	-0.36997	0.	-0.20528	-1.7585e-002
6985	0.76357	0.	-0.36439	8.4102e-004
6986	0.76205	0.	-0.2039	1.1428e-003
6987	0.84029	0.	-0.34859	7.884e-004
6988	0.83457	0.	-0.22449	9.3419e-004
6992	0.11393	0.	-0.90187	-1.1508e-004
6993	0.26309	0.	-0.8995	2.7299e-005
6994	0.19962	0.	-0.84218	1.1734e-005
6995	9.4793e-002	0.	-0.9605	-6.7085e-005
6996	0.2654	0.	-0.95878	-9.1632e-007
7000	-0.33517	0.	-0.40102	-4.7363e-003
7001	-0.23763	0.	-0.36716	-6.9998e-003
7002	-0.29564	0.	-0.44268	-4.5054e-003
7003	-0.31379	0.	-0.36448	-6.3431e-003
7007	-7.253e-002	0.	-0.1904	-1.487e-002
7008	-0.13523	0.	-0.16012	-2.7943e-002
7009	-6.6455e-002	0.	-0.15655	-1.4542e-002
7010	-7.9502e-002	0.	-0.13971	-2.1865e-002
7014	-6.679e-002	0.	-0.57081	-1.2022e-003
7015	5.098e-002	0.	-0.51314	-4.1268e-004
7016	-6.1722e-002	0.	-0.5137	-1.7943e-003
7017	3.309e-002	0.	-0.5558	-6.8777e-004
7018	1.9189e-002	0.	-0.47836	-1.0446e-003
7019	-2.4198e-002	0.	-0.48799	-1.5409e-003
7024	-0.34817	0.	-0.45458	-3.144e-003
7025	-0.44176	0.	-0.43127	-2.2692e-003
7026	-0.40194	0.	-0.36977	-3.8196e-003
7027	-0.4327	0.	-0.39117	-2.5185e-003
7028	-0.36632	0.	-0.37638	-4.9816e-003
7033	-0.52413	0.	-0.14651	1.6636e-002
7034	-0.46467	0.	-0.14016	3.4151e-004
7035	-0.49697	0.	-0.11802	3.5188e-002
7036	-0.48104	0.	-0.12677	1.1272e-002
7037	-0.47325	0.	-0.16835	4.573e-003
7042	5.8001e-002	0.	-0.13147	2.562e-002
7043	2.7571e-002	0.	-0.11863	4.7167e-002
7044	-5.255e-003	0.	-0.15421	5.8403e-003
7045	8.0778e-003	0.	-0.13434	1.5057e-002
7046	5.207e-002	0.	-0.1659	1.5298e-002
7050	0.11689	0.	-0.13919	2.4022e-002
7051	0.12369	0.	-0.20766	9.3134e-003
7052	0.16393	0.	-0.19255	1.033e-002
7053	0.16112	0.	-0.11943	1.6611e-002
7054	0.11096	0.	-0.17361	1.37e-002
7058	5.9933e-002	0.	-9.9402e-002	5.5842e-002
7059	0.13459	0.	-9.2486e-002	2.6884e-002
7060	8.4432e-002	0.	-0.14667	2.3973e-002
7066	-0.21686	0.	-0.18022	-2.8632e-002
7067	-0.23048	0.	-0.22612	-2.0472e-002
7068	-0.28464	0.	-0.16817	-3.1373e-002
7069	-0.29034	0.	-0.21595	-1.9958e-002
7070	-0.24644	0.	-0.16432	-3.5621e-002
7074	-0.174	0.	-0.57968	-1.7061e-003
7075	-0.12117	0.	-0.55566	-2.e-003
7080	-1.1836	0.	-0.83354	2.0017e-004
7081	-1.3003	0.	-0.93814	1.0189e-004
7082	-1.2938	0.	-0.87738	1.5451e-004
7083	-1.1807	0.	-0.91631	1.2371e-004
7089	-0.49817	0.	-0.83653	-2.7012e-004
7090	-0.40598	0.	-0.93846	-1.999e-004
7091	-0.39006	0.	-0.87781	-3.2812e-004
7092	-0.48046	0.	-0.94422	-1.711e-004
7097	0.8677	0.	-0.90743	1.3388e-004
7098	0.86255	0.	-0.76727	2.4377e-004
7099	0.80457	0.	-0.89762	1.4511e-004
7105	-0.53235	0.	-0.727	-3.5872e-004
7106	-0.59785	0.	-0.75258	-1.5745e-004
7108	-0.65728	0.	-0.20241	8.8618e-003
7109	-0.71004	0.	-0.28594	4.3346e-003
7110	-0.76519	0.	-0.2483	4.8536e-003
7111	-0.68579	0.	-0.17638	1.0102e-002
7112	-0.72854	0.	-0.17406	7.8784e-003
7116	-0.58284	0.	-0.16509	1.6171e-002
7117	-0.64279	0.	-0.15549	1.3111e-002
7118	-0.60074	0.	-0.1364	2.4321e-002
7122	-0.52424	0.	-0.12018	3.9023e-002
7123	-0.56931	0.	-0.11998	2.8621e-002
7129	-0.13946	0.	-0.90438	-2.6494e-004
7130	-0.28314	0.	-0.96445	-1.8127e-004
7131	-0.26722	0.	-0.9038	-3.0949e-004
7132	-0.15748	0.	-0.96174	-1.8623e-004
7137	0.17274	0.	-0.4942	5.1858e-004
7138	9.1416e-002	0.	-0.54009	-1.0402e-004
7139	0.1292	0.	-0.44923	7.1742e-004
7140	7.7516e-002	0.	-0.46265	-4.6085e-004
7145	-0.65087	0.	-0.48094	4.1325e-004
7146	-0.54379	0.	-0.46254	-6.276e-004
7147	-0.55158	0.	-0.51464	-4.4937e-004
7148	-0.61472	0.	-0.43416	4.7568e-004
7152	-0.15119	0.	-0.37684	-5.8162e-003
7153	-0.19678	0.	-0.30094	-1.1824e-002
7157	-1.1534	0.	-0.68434	3.9594e-004
7158	-1.0781	0.	-0.7053	3.5475e-004
7159	-1.1269	0.	-0.8417	1.8603e-004
7163	-1.1495e-002	0.	-0.86746	-2.418e-004
7164	3.1282e-002	0.	-0.91854	-1.4569e-004
7165	1.4639e-002	0.	-0.81471	-2.7925e-004
7170	-1.1849	0.	-0.53532	6.3557e-004
7171	-1.2611	0.	-0.59164	5.0379e-004
7172	-1.1017	0.	-0.63069	4.882e-004
7178	0.64958	0.	-0.13694	1.852e-003
7179	0.52066	0.	-0.20415	2.3803e-003
7187	-0.41556	0.	-0.15547	-1.5305e-002
7188	-0.38447	0.	-0.15551	-2.5787e-002
7189	-0.39652	0.	-0.2002	-1.5212e-002
7190	-0.42413	0.	-0.18367	-1.1073e-002
7194	-1.0437	0.	-0.24021	1.8372e-003
7195	-1.1428	0.	-0.39485	9.847e-004
7196	-1.0048	0.	-0.37971	1.2904e-003
7197	-1.1659	0.	-0.33987	1.0334e-003
7198	-1.1611	0.	-0.28173	1.1398e-003
7203	-0.79265	0.	-0.58088	5.8147e-004
7204	-0.7295	0.	-0.55464	6.0532e-004
7205	-0.7709	0.	-0.68751	2.3171e-004
7206	-0.69979	0.	-0.66836	1.2034e-004
7210	0.40208	0.	-0.34059	2.4021e-003
7211	0.46377	0.	-0.3229	2.0231e-003
7212	0.45934	0.	-0.44612	1.2506e-003
7216	-1.3647	0.	-0.22501	8.4589e-004
7217	-1.2971	0.	-0.19399	9.8929e-004
7218	-1.3103	0.	-0.12223	1.0661e-003
7225	0.71337	0.	-0.52331	6.0147e-004
7226	0.81131	0.	-0.42898	6.88e-004
7231	0.28528	0.	-0.79785	7.5506e-005
7232	0.41211	0.	-0.90755	7.3765e-005
7233	0.35106	0.	-0.91445	6.2856e-005
7238	-1.8932e-002	0.	-0.25406	-3.6804e-003
7239	-4.2224e-002	0.	-0.19156	-5.593e-003
7243	0.41201	0.	-0.27589	2.7797e-003
7244	0.30721	0.	-0.2679	4.5175e-003
7247	-0.42761	0.	-0.29164	-4.4569e-003
7248	-0.47121	0.	-0.28004	-2.1704e-003
7249	-0.41673	0.	-0.24104	-8.2905e-003
7250	-0.44435	0.	-0.22451	-4.1521e-003
7257	-0.32014	0.	-0.54833	-2.2079e-003
7258	-0.26521	0.	-0.52142	-2.4587e-003
7262	-0.18732	0.	-0.21076	-2.3906e-002
7263	-0.20328	0.	-0.14896	-3.9055e-002
7267	-0.58505	0.	-0.68829	-2.5314e-004
7268	-0.51548	0.	-0.60826	-6.3079e-004
7269	-0.47533	0.	-0.64017	-7.005e-004
7273	0.54272	0.	-0.95029	7.7822e-005
7274	0.68005	0.	-0.94612	1.0702e-004
7276	-0.11293	0.	-0.45351	-3.1614e-003
7277	-7.5401e-002	0.	-0.4278	-2.908e-003
7281	0.60701	0.	-0.62212	4.7276e-004
7282	0.49336	0.	-0.57351	6.6938e-004
7286	0.77912	0.	-0.64638	3.8726e-004
7292	0.248	0.	-0.67779	1.9421e-004
7297	-0.71489	0.	-0.4175	1.867e-003
7298	-0.77494	0.	-0.31094	3.3349e-003
7299	-0.67875	0.	-0.37072	1.9294e-003
7303	-0.91499	0.	-0.91016	9.6297e-005
7304	-1.0568	0.	-0.9342	9.8248e-005
7305	-0.92553	0.	-0.9639	5.8139e-005
7310	5.7199e-002	0.	-0.26595	1.7191e-003
7311	0.1442	0.	-0.23408	5.8938e-003
7312	0.13405	0.	-0.27424	4.2435e-003
7313	9.1232e-002	0.	-0.21514	9.2646e-003
7317	-0.77314	0.	-0.51267	8.9423e-004
7318	-0.87658	0.	-0.48477	1.1117e-003
7319	-0.88964	0.	-0.54646	7.7352e-004
7323	0.25519	0.	-0.55301	5.9729e-004
7324	0.19264	0.	-0.446	1.0649e-003
7327	-0.67384	0.	-0.43965	9.8052e-004
7332	1.0009e-002	0.	-0.10226	4.5278e-002
7338	-0.50361	0.	-0.50173	-9.8539e-004
7339	-0.48676	0.	-0.40953	-1.4128e-003
7342	-0.72167	0.	-0.73302	5.9497e-005
7343	-0.81659	0.	-0.81427	1.3827e-004
7351	-1.2689	0.	-0.51723	6.0998e-004
7352	-1.2159	0.	-0.40593	7.905e-004
7357	-0.2767	0.	-0.57351	-1.7534e-003
7358	-0.38137	0.	-0.60903	-1.2246e-003
7362	-0.87348	0.	-0.35196	2.6036e-003
7363	-0.79345	0.	-0.19905	6.8787e-003
7373	-0.16893	0.	-0.52257	-2.2982e-003
7377	0.41442	0.	-0.96683	4.5549e-005
7387	-0.45977	0.	-0.31502	-1.9779e-003
7388	-0.44693	0.	-0.34802	-2.9632e-003
7389	-0.38056	0.	-0.33323	-5.4264e-003
7392	-0.98472	0.	-0.60283	5.6183e-004
7396	-3.0628e-002	0.	-0.92608	-1.9381e-004
7397	-9.1418e-002	0.	-0.93237	-2.1121e-004
7398	-4.727e-002	0.	-0.82225	-3.2738e-004
7404	-0.40141	0.	-0.136	-2.26e-002
7405	-0.44886	0.	-0.12258	-1.1878e-003
7406	-0.44107	0.	-0.16416	-7.8863e-003
7411	0.80407	0.	-0.14437	1.1355e-003
7416	-0.92993	0.	-0.49232	1.0149e-003
7420	-0.47126	0.	-0.58573	-8.7687e-004
7431	-1.3018	0.	-0.32383	8.0224e-004
7432	-1.2342	0.	-0.29281	9.4564e-004
7434	0.81326	0.	-0.96141	1.0363e-004
7440	-7.8574e-002	0.	-0.47284	-2.3388e-003
7444	-4.8641e-002	0.	-0.98345	-1.151e-004
7451	-0.34484	0.	-0.9345	-2.5081e-004
7452	-0.43524	0.	-1.0009	-9.3783e-005
7457	0.22427	0.	-0.23059	6.3932e-003
7458	0.17429	0.	-0.25913	5.2597e-003
7463	-2.2816e-002	0.	-0.13784	3.9522e-003
7464	-4.9196e-002	0.	-0.14088	-1.2588e-002
7468	-0.33979	0.	-0.1384	-3.5315e-002
7469	-0.27106	0.	-0.13691	-4.1795e-002
7474	-0.77664	0.	-0.91818	5.6109e-005
7475	-0.85095	0.	-0.93012	6.7514e-005
7485	-1.3567	0.	-0.90737	1.1855e-004
7491	-0.71405	0.	-0.12713	1.2127e-002
7492	-0.62926	0.	-0.11037	2.5561e-002
7496	-1.2969	0.	-0.2657	9.0864e-004
7505	0.21412	0.	-0.27076	4.7429e-003
7509	-0.49053	0.	-0.33642	-6.7676e-004
7515	-0.35753	0.	-0.23087	-1.3325e-002
7527	0.15661	0.	-0.35016	2.4366e-003
7530	-0.48116	0.	-0.10044	3.3659e-002
7531	-0.51535	0.	-7.2267e-002	8.1362e-002
7532	-0.54215	0.	-9.1489e-002	4.7173e-002
7539	-1.2425	0.	-0.16292	1.1289e-003
7549	-3.5863e-002	0.	-0.12101	-3.3712e-003
7557	9.7408e-002	0.	-0.41445	8.5501e-005
7566	-0.42203	0.	-0.20888	-7.7932e-003
7570	2.3373e-003	0.	-0.4375	-1.5891e-003
7614	-0.56041	0.	-7.2065e-002	7.096e-002
7631	-0.78719	0.	-0.97192	1.7951e-005
100	0.	0.	7.5e-002	0.12207
101	0.	0.	9.e-002	6.4756e-002
102	-2.4e-002	0.	9.e-002	2.6569e-003
103	-4.8e-002	0.	9.e-002	-2.001e-002
104	-9.6e-002	0.	9.e-002	-4.2048e-002
105	-0.144	0.	9.e-002	-4.793e-002
106	-0.192	0.	9.e-002	-4.8265e-002
107	-0.24	0.	9.e-002	-5.6774e-002
108	-0.288	0.	9.e-002	-5.3729e-002
109	-0.336	0.	9.e-002	-5.0207e-002
110	-0.384	0.	9.e-002	-3.5617e-002
111	-0.432	0.	9.e-002	-1.8656e-002
112	-0.456	0.	9.e-002	3.1778e-003
113	-0.48	0.	7.5e-002	0.13658
114	-0.48	0.	9.e-002	4.5717e-002
115	-0.48	0.	6.e-002	0.19138
126	0.	0.	6.e-002	0.21544
481	0.1	0.	0.	6.757e-002
482	0.2	0.	0.	2.3056e-002
483	0.3	0.	0.	9.3439e-003
484	0.4	0.	0.	5.513e-003
485	0.5	0.	0.	3.2449e-003
486	0.6	0.	0.	1.9593e-003
487	0.7	0.	0.	1.5134e-003
488	0.8	0.	0.	1.1466e-003
489	0.9	0.	0.	9.7623e-004
490	-1.38	0.	0.	9.669e-004
491	-1.28	0.	0.	1.1732e-003
492	-1.18	0.	0.	1.5383e-003
493	-1.08	0.	0.	1.941e-003
494	-0.98	0.	0.	3.2894e-003
495	-0.88	0.	0.	5.3832e-003
496	-0.78	0.	0.	9.6458e-003
497	-0.68	0.	0.	2.1507e-002
498	-0.58	0.	0.	7.7985e-002
542	-1.48	0.	9.9091e-002	9.097e-004
543	-1.48	0.	0.19818	8.3002e-004
544	-1.48	0.	0.29727	7.7756e-004
545	-1.48	0.	0.39636	6.2768e-004
546	-1.48	0.	0.49545	5.4054e-004
547	-1.48	0.	0.59455	4.1882e-004
548	-1.48	0.	0.69364	3.0156e-004
549	-1.48	0.	0.79273	2.2653e-004
550	-1.48	0.	0.89182	1.403e-004
551	-1.48	0.	0.99091	5.3278e-005
557	-1.3767	0.	1.09	3.4574e-005
558	-1.2733	0.	1.09	4.773e-005
559	-1.17	0.	1.09	4.4972e-005
560	-1.0667	0.	1.09	4.3529e-005
561	-0.96333	0.	1.09	2.5896e-005
562	-0.86	0.	1.09	2.4044e-005
563	-0.75667	0.	1.09	1.3981e-005
564	-0.65333	0.	1.09	-2.6459e-005
565	-0.55	0.	1.09	-2.1469e-005
566	-0.44667	0.	1.09	-6.1354e-005
567	-0.34333	0.	1.09	-1.0783e-004
568	-0.24	0.	1.09	-9.3086e-005
569	-0.13667	0.	1.09	-6.0967e-005
570	-3.3333e-002	0.	1.09	-8.4089e-005
571	7.e-002	0.	1.09	-4.0458e-005
572	0.17333	0.	1.09	-1.1585e-005
573	0.27667	0.	1.09	3.0141e-006
574	0.38	0.	1.09	2.6689e-005
575	0.48333	0.	1.09	3.4061e-005
576	0.58667	0.	1.09	3.8959e-005
577	0.69	0.	1.09	3.7933e-005
578	0.79333	0.	1.09	4.0329e-005
579	0.89667	0.	1.09	3.017e-005
585	1.	0.	0.99091	5.3022e-005
586	1.	0.	0.89182	1.4091e-004
587	1.	0.	0.79273	2.2003e-004
588	1.	0.	0.69364	3.224e-004
589	1.	0.	0.59455	4.0399e-004
590	1.	0.	0.49545	5.1008e-004
591	1.	0.	0.39636	6.4304e-004
592	1.	0.	0.29727	7.7106e-004
593	1.	0.	0.19818	8.4618e-004
594	1.	0.	9.9091e-002	9.0998e-004
595	0.	0.	0.	0.25966
596	-0.48	0.	0.	0.23964
602	1.	0.	0.	9.183e-004
604	-1.48	0.	0.	9.2e-004
607	-1.48	0.	1.09	2.6228e-005
608	1.	0.	1.09	2.5595e-005
609	-0.61833	0.	0.59	-3.6024e-005
610	-0.55644	0.	0.35309	6.767e-004
611	-0.21365	0.	0.45458	-3.9529e-003
612	-1.0629	0.	0.48465	8.6493e-004
613	0.5757	0.	0.47432	8.3846e-004
614	-0.28115	0.	0.79296	-6.3592e-004
615	-0.27071	0.	0.2775	-1.3244e-002
616	-0.50836	0.	0.22292	3.2358e-003
617	5.5443e-002	0.	0.21119	5.7413e-003
618	-0.81732	0.	0.42428	1.3167e-003
619	0.32591	0.	0.42333	1.3142e-003
620	0.4407	0.	0.77371	2.3322e-004
621	-0.97418	0.	0.81703	2.0591e-004
622	-0.41934	0.	0.51245	-1.6614e-003
623	-9.2088e-002	0.	0.31675	-5.8271e-003
624	2.3889e-002	0.	0.92333	-1.4946e-004
625	7.6389e-004	0.	0.6525	-6.2254e-004
626	-0.55933	0.	0.74087	-2.5584e-004
627	-1.1523	0.	0.77361	2.4993e-004
628	0.84369	0.	0.74224	2.622e-004
629	-0.72962	0.	0.35572	2.2659e-003
630	0.13098	0.	0.27494	4.2261e-003
631	0.57832	0.	0.31527	1.5738e-003
632	-1.096	0.	0.30364	1.2586e-003
633	-0.36078	0.	0.28712	-9.4467e-003
634	0.31112	0.	0.83868	1.0114e-004
635	-3.423e-002	0.	0.38421	-2.0313e-003
636	0.39102	0.	0.12584	4.8662e-003
637	-0.86657	0.	0.13467	4.9535e-003
638	-0.72289	0.	0.13911	9.0395e-003
639	-0.16159	0.	0.16292	-2.9781e-002
640	-0.84507	0.	0.55638	7.5814e-004
641	0.4385	0.	0.66072	4.1305e-004
642	-1.3358	0.	0.54171	5.0284e-004
643	-0.23742	0.	0.55788	-1.9289e-003
644	0.75371	0.	0.51065	6.5356e-004
645	-0.34553	0.	0.18514	-2.2329e-002
646	-1.2726	0.	0.28401	9.8165e-004
647	0.83814	0.	0.26721	9.4424e-004
648	8.6295e-002	0.	0.77415	-2.1063e-004
649	-6.3503e-002	0.	0.18896	-1.1345e-002
650	-0.28447	0.	0.38167	-6.0169e-003
651	-8.9256e-002	0.	0.58594	-1.4521e-003
652	-3.3742e-002	0.	0.14681	-6.2322e-003
653	-0.76479	0.	0.78311	1.0736e-004
654	-0.3877	0.	0.41292	-3.384e-003
655	-0.49729	0.	0.1525	1.4086e-002
656	-0.62342	0.	0.16614	1.4188e-002
657	-0.57048	0.	0.11155	3.3562e-002
658	1.6015e-002	0.	0.15109	1.436e-002
659	-0.5202	0.	0.90659	-1.558e-004
660	-0.28407	0.	0.19688	-2.4138e-002
661	-0.48679	0.	0.61143	-7.4764e-004
662	-0.12524	0.	0.85042	-3.9773e-004
663	0.75743	0.	0.90814	1.2913e-004
664	5.6721e-002	0.	0.47233	-5.7735e-004
665	-1.339	0.	0.84354	1.6597e-004
666	-0.10138	0.	0.7096	-7.7192e-004
667	0.26623	0.	0.20828	6.6759e-003
668	0.13427	0.	0.18152	1.3161e-002
669	8.4322e-002	0.	0.14273	2.3827e-002
670	-0.58375	0.	0.465	5.7816e-005
671	-0.19262	0.	0.34521	-7.6925e-003
672	-0.17711	0.	0.25406	-1.5873e-002
673	0.19417	0.	0.3783	1.9404e-003
674	0.66489	0.	0.76835	2.8778e-004
675	0.21521	0.	0.7334	3.2025e-005
676	0.23307	0.	0.58618	3.1872e-004
677	-1.0308	0.	0.14091	2.2314e-003
678	0.56549	0.	0.14994	2.2579e-003
679	-0.39863	0.	0.17541	-1.7314e-002
680	-0.73563	0.	0.94167	1.8752e-005
681	-0.95031	0.	0.38236	1.5325e-003
682	0.46597	0.	0.37269	1.6397e-003
683	-0.28687	0.	0.93488	-2.8344e-004
684	-1.2146	0.	0.44477	7.351e-004
685	0.16575	0.	0.86455	-6.9391e-005
686	-0.8436	0.	0.29957	3.0428e-003
687	-0.43906	0.	0.25667	-4.3472e-003
688	-0.31017	0.	0.48482	-3.0998e-003
689	0.35077	0.	0.27647	3.5661e-003
690	-0.36166	0.	0.72868	-7.5213e-004
691	-1.0641	0.	0.963	6.9753e-005
692	-0.11389	0.	0.42333	-3.5958e-003
693	-1.0019	0.	0.64239	4.7994e-004
694	-1.1722	0.	0.60186	5.068e-004
695	0.50707	0.	0.97084	6.8044e-005
696	-0.58396	0.	0.24919	5.0856e-003
697	0.38324	0.	0.55687	6.7127e-004
698	-0.70775	0.	0.48488	8.3321e-004
699	-2.6168e-002	0.	0.25155	-3.0002e-003
700	-0.88656	0.	0.97412	4.8253e-005
701	-0.50467	0.	9.4388e-002	5.6752e-002
702	-0.48573	0.	0.43896	-1.3539e-003
703	0.74591	0.	0.63219	4.3025e-004
704	-0.41586	0.	0.32707	-4.4508e-003
705	-0.45462	0.	0.80732	-4.1661e-004
706	0.16689	0.	0.4743	5.9016e-004
707	-0.10412	0.	0.23479	-1.0297e-002
708	-0.67401	0.	0.72182	-1.0792e-005
709	0.6151	0.	0.60657	4.674e-004
710	-0.26257	0.	0.66711	-1.0516e-003
711	-0.43249	0.	0.13597	-1.4765e-002
712	0.73181	0.	0.12274	1.3621e-003
713	-1.187	0.	0.1306	1.4446e-003
714	-0.88847	0.	0.70826	3.1707e-004
715	-2.6134e-002	0.	0.44704	-1.8599e-003
716	-1.368	0.	0.41318	6.8369e-004
717	-0.9537	0.	0.2582	2.2746e-003
718	-1.3564	0.	0.9712	7.9377e-005
719	-1.3461	0.	0.69082	3.1249e-004
720	0.37526	0.	0.98968	3.0648e-005
721	-2.3003e-002	0.	0.78468	-4.227e-004
722	-0.66444	0.	0.21897	7.1169e-003
723	0.46666	0.	0.24627	2.5814e-003
724	-0.50661	0.	0.50921	-7.7961e-004
725	-0.30956	0.	0.1401	-4.209e-002
726	-1.3566	0.	0.16496	9.4497e-004
727	0.87735	0.	0.14307	9.5339e-004
728	0.13946	0.	8.7399e-002	2.8155e-002
729	0.8832	0.	0.96813	8.6822e-005
730	0.2014	0.	0.13462	1.3575e-002
731	-1.3585e-002	0.	0.53352	-1.1943e-003
732	-0.14504	0.	0.98153	-1.4036e-004
733	0.10884	0.	0.41536	1.9082e-004
734	0.6814	0.	0.25163	1.2185e-003
735	0.50592	0.	0.5806	6.4345e-004
736	-0.7441	0.	0.24222	5.3046e-003
737	0.23854	0.	0.29676	3.3459e-003
738	-0.17432	0.	0.62679	-1.3235e-003
739	-0.49411	0.	0.29833	-1.1406e-003
740	0.71898	0.	0.37382	9.2835e-004
741	-0.75331	0.	0.6423	2.7676e-004
742	-0.32916	0.	0.23377	-1.6342e-002
743	-1.2259	0.	0.95523	9.7481e-005
744	0.23799	0.	0.96938	-2.5288e-006
745	0.88887	0.	0.57891	4.3149e-004
746	0.88662	0.	0.42385	6.7198e-004
747	-0.37037	0.	0.13593	-3.7184e-002
748	7.1534e-002	0.	0.56456	-3.6121e-004
749	-0.65225	0.	0.3043	3.6441e-003
750	-0.65488	0.	0.84437	-5.9817e-005
751	1.8215e-002	0.	9.7439e-002	6.2277e-002
752	-0.24078	0.	0.1394	-4.4579e-002
753	-0.36065	0.	0.60884	-1.4822e-003
754	-8.8387e-002	0.	0.13683	-2.8799e-002
755	0.45135	0.	0.48156	9.1306e-004
756	-0.64414	0.	0.39272	1.5537e-003
757	-0.46797	0.	0.36607	-2.0769e-003
758	-0.40289	0.	0.94043	-2.2701e-004
759	-0.38726	0.	0.22212	-1.1647e-002
760	0.88804	0.	0.85503	1.6837e-004
761	-0.94484	0.	0.50464	9.4163e-004
762	0.27173	0.	9.3747e-002	1.0673e-002
763	5.1875e-002	0.	0.2775	1.4365e-003
764	0.63148	0.	0.94187	9.9769e-005
765	-0.46542	0.	0.10921	7.4147e-003
766	-0.85178	0.	0.84078	1.3028e-004
767	-0.21145	0.	0.87566	-3.6513e-004
768	-0.44658	0.	0.6995	-6.3542e-004
769	0.34312	0.	0.68504	2.8511e-004
770	0.12966	0.	0.97159	-5.5645e-005
771	-1.5876e-002	0.	0.11474	8.9855e-003
772	0.54201	0.	0.70883	3.3568e-004
773	-0.19156	0.	0.75118	-7.3602e-004
774	-0.36033	0.	0.83042	-4.6146e-004
775	0.1936	0.	0.2209	7.2487e-003
776	3.6284e-002	0.	0.39788	-7.6709e-004
777	-0.44385	0.	0.19427	-5.0944e-003
778	-0.65883	0.	7.2693e-002	2.2181e-002
779	-0.59345	0.	0.99377	-4.7151e-005
780	0.54449	0.	0.84534	1.7598e-004
781	-1.2272e-002	0.	0.19366	-4.6196e-004
782	0.10972	0.	0.67333	-1.8895e-004
783	-0.33569	0.	0.33928	-7.5546e-003
784	0.43065	0.	0.87885	1.4153e-004
785	-0.22685	0.	0.20615	-2.4324e-002
786	-0.15387	0.	0.51188	-2.6678e-003
787	-0.55721	0.	0.18296	1.3488e-002
788	4.0388e-003	0.	0.3279	-1.7886e-003
789	8.3145e-002	0.	8.081e-002	5.0967e-002
790	3.8446e-002	0.	6.2946e-002	0.12775
791	-7.9347e-002	0.	0.50034	-2.1692e-003
792	8.8559e-002	0.	0.33953	8.6942e-004
1457	-0.50119	0.	6.8695e-002	0.12198
1458	-0.54104	0.	5.3302e-002	8.2383e-002
1459	-0.5232	0.	3.3418e-002	0.15972
2587	0.	0.	8.25e-002	9.3414e-002
2588	0.	0.	6.75e-002	0.16876
2590	9.1073e-003	0.	8.622e-002	9.2175e-002
2591	1.9223e-002	0.	6.8973e-002	0.12491
2594	-1.2e-002	0.	9.e-002	3.3707e-002
2596	9.1073e-003	0.	9.372e-002	6.3516e-002
2597	-7.9379e-003	0.	0.10237	3.6871e-002
2599	-3.6e-002	0.	9.e-002	-8.6766e-003
2601	-1.9938e-002	0.	0.10237	5.8212e-003
2603	-7.2e-002	0.	9.e-002	-3.1029e-002
2605	-4.0871e-002	0.	0.11841	-1.3121e-002
2606	-6.8194e-002	0.	0.11342	-2.4405e-002
2607	-3.1938e-002	0.	0.10237	-5.5123e-003
2610	-0.12	0.	9.e-002	-4.4989e-002
2612	-9.2194e-002	0.	0.11342	-3.5424e-002
2615	-0.168	0.	9.e-002	-4.8098e-002
2617	-0.1528	0.	0.12646	-3.8856e-002
2618	-0.11619	0.	0.11342	-3.8365e-002
2620	-0.216	0.	9.e-002	-5.252e-002
2622	-0.1768	0.	0.12646	-3.9023e-002
2623	-0.21639	0.	0.1147	-4.6422e-002
2626	-0.264	0.	9.e-002	-5.5252e-002
2628	-0.24039	0.	0.1147	-5.0676e-002
2630	-0.312	0.	9.e-002	-5.1968e-002
2632	-0.29878	0.	0.11505	-4.791e-002
2633	-0.26439	0.	0.1147	-4.9154e-002
2636	-0.36	0.	9.e-002	-4.2912e-002
2638	-0.32278	0.	0.11505	-4.6149e-002
2639	-0.35319	0.	0.11296	-4.3696e-002
2640	-0.408	0.	9.e-002	-2.7136e-002
2642	-0.40825	0.	0.11298	-2.5191e-002
2643	-0.37719	0.	0.11296	-3.6401e-002
2646	-0.444	0.	9.e-002	-7.739e-003
2648	-0.43225	0.	0.11298	-1.6711e-002
2649	-0.44871	0.	9.9604e-002	-5.6206e-003
2652	-0.468	0.	9.e-002	2.4447e-002
2654	-0.46071	0.	9.9604e-002	5.2962e-003
2656	-0.48	0.	8.25e-002	9.1147e-002
2657	-0.48	0.	6.75e-002	0.16398
2659	-0.49234	0.	8.4694e-002	9.6664e-002
2660	-0.4906	0.	7.1847e-002	0.12928
2664	-0.49234	0.	9.2194e-002	5.1234e-002
2665	-0.47271	0.	9.9604e-002	2.6566e-002
2670	-0.48	0.	3.e-002	0.21551
2671	-0.4906	0.	6.4347e-002	0.15668
2672	-0.5016	0.	4.6709e-002	0.17555
2735	0.	0.	3.e-002	0.23755
2736	1.9223e-002	0.	6.1473e-002	0.1716
4790	0.15	0.	0.	4.5313e-002
4791	5.e-002	0.	0.	0.16361
4792	0.11973	0.	4.37e-002	4.7862e-002
4793	9.1572e-002	0.	4.0405e-002	5.9268e-002
4794	6.9223e-002	0.	3.1473e-002	9.7662e-002
4807	0.25	0.	0.	1.62e-002
4808	0.16973	0.	4.37e-002	2.5605e-002
4809	0.2007	0.	6.7309e-002	1.8316e-002
4810	0.23586	0.	4.6874e-002	1.6865e-002
4817	0.35	0.	0.	7.4284e-003
4818	0.34551	0.	6.292e-002	7.105e-003
4819	0.28586	0.	4.6874e-002	1.0009e-002
4826	0.45	0.	0.	4.3789e-003
4827	0.39551	0.	6.292e-002	5.1896e-003
4832	0.55	0.	0.	2.6021e-003
4833	0.44551	0.	6.292e-002	4.0556e-003
4834	0.53275	0.	7.4972e-002	2.7514e-003
4841	0.65	0.	0.	1.7363e-003
4842	0.58275	0.	7.4972e-002	2.1086e-003
4843	0.6659	0.	6.1369e-002	1.6607e-003
4848	0.75	0.	0.	1.33e-003
4849	0.7159	0.	6.1369e-002	1.4377e-003
4854	0.85	0.	0.	1.0614e-003
4855	0.7659	0.	6.1369e-002	1.2544e-003
4856	0.83867	0.	7.1535e-002	1.05e-003
4863	0.95	0.	4.9545e-002	9.4311e-004
4864	0.95	0.	0.	9.4727e-004
4865	0.88867	0.	7.1535e-002	9.6481e-004
4872	-1.33	0.	0.	1.07e-003
4873	-1.43	0.	4.9545e-002	9.383e-004
4874	-1.43	0.	0.	9.4345e-004
4875	-1.3683	0.	8.2481e-002	9.5594e-004
4880	-1.23	0.	0.	1.3557e-003
4881	-1.2335	0.	6.5302e-002	1.3089e-003
4882	-1.3183	0.	8.2481e-002	1.0591e-003
4887	-1.13	0.	0.	1.7396e-003
4888	-1.1835	0.	6.5302e-002	1.4914e-003
4894	-1.03	0.	0.	2.6152e-003
4895	-1.0554	0.	7.0453e-002	2.0862e-003
4896	-1.1335	0.	6.5302e-002	1.6928e-003
4901	-0.93	0.	0.	4.3363e-003
4902	-0.92328	0.	6.7335e-002	4.1215e-003
4903	-1.0054	0.	7.0453e-002	2.7604e-003
4912	-0.83	0.	0.	7.5145e-003
4913	-0.87328	0.	6.7335e-002	5.1684e-003
4916	-0.73	0.	0.	1.5576e-002
4917	-0.82328	0.	6.7335e-002	7.2996e-003
4918	-0.75145	0.	6.9557e-002	9.3426e-003
4919	-0.71942	0.	3.6346e-002	1.5913e-002
4926	-0.63	0.	0.	4.9746e-002
4927	-0.66942	0.	3.6346e-002	2.1844e-002
4935	-0.53	0.	0.	0.15881
4936	-0.61942	0.	3.6346e-002	5.0083e-002
4942	-0.56052	0.	2.6651e-002	8.0184e-002
4943	-0.5516	0.	1.6709e-002	0.11885
5180	-1.48	0.	0.14864	8.6986e-004
5181	-1.48	0.	4.9545e-002	9.1485e-004
5182	-1.4183	0.	0.13203	9.2734e-004
5186	-1.48	0.	0.24773	8.0379e-004
5187	-1.4183	0.	0.18157	8.875e-004
5189	-1.48	0.	0.34682	7.0262e-004
5190	-1.3763	0.	0.29064	8.796e-004
5191	-1.424	0.	0.35523	7.3063e-004
5192	-1.4183	0.	0.23112	8.6127e-004
5196	-1.48	0.	0.44591	5.8411e-004
5197	-1.424	0.	0.40477	6.5569e-004
5200	-1.48	0.	0.545	4.7968e-004
5201	-1.4079	0.	0.51858	5.2169e-004
5202	-1.424	0.	0.45432	6.1212e-004
5204	-1.48	0.	0.64409	3.6019e-004
5205	-1.4079	0.	0.56813	4.6083e-004
5206	-1.413	0.	0.64268	3.6566e-004
5209	-1.48	0.	0.74318	2.6404e-004
5210	-1.413	0.	0.69223	3.0703e-004
5213	-1.48	0.	0.84227	1.8341e-004
5214	-1.4095	0.	0.81814	1.9625e-004
5215	-1.413	0.	0.74177	2.6951e-004
5217	-1.48	0.	0.94136	9.6789e-005
5218	-1.4095	0.	0.86768	1.5314e-004
5219	-1.4182	0.	0.93151	1.0984e-004
5223	-1.4283	0.	1.0405	4.3926e-005
5224	-1.48	0.	1.0405	3.9753e-005
5225	-1.4182	0.	0.98106	6.6328e-005
5252	-1.325	0.	1.09	4.1152e-005
5253	-1.4283	0.	1.09	3.0401e-005
5254	-1.3665	0.	1.0306	5.6976e-005
5258	-1.2217	0.	1.09	4.6351e-005
5259	-1.3149	0.	1.0306	6.3553e-005
5260	-1.2496	0.	1.0226	7.2605e-005
5264	-1.1183	0.	1.09	4.4251e-005
5265	-1.117	0.	1.0265	5.7363e-005
5266	-1.1979	0.	1.0226	7.1227e-005
5270	-1.015	0.	1.09	3.4712e-005
5271	-1.0654	0.	1.0265	5.6641e-005
5275	-0.91167	0.	1.09	2.497e-005
5276	-1.0137	0.	1.0265	4.7825e-005
5277	-0.92495	0.	1.0321	3.7075e-005
5280	-0.80833	0.	1.09	1.9012e-005
5281	-0.87328	0.	1.0321	3.6149e-005
5283	-0.705	0.	1.09	-6.2391e-006
5284	-0.74615	0.	1.0158	1.6367e-005
5285	-0.82161	0.	1.0321	3.1117e-005
5289	-0.60167	0.	1.09	-2.3964e-005
5290	-0.69448	0.	1.0158	-3.8534e-006
5291	-0.62339	0.	1.0419	-3.6805e-005
5295	-0.49833	0.	1.09	-4.1412e-005
5296	-0.57173	0.	1.0419	-3.431e-005
5298	-0.395	0.	1.09	-8.4592e-005
5299	-0.48343	0.	0.99829	-1.0858e-004
5300	-0.42478	0.	1.0152	-1.4418e-004
5301	-0.52006	0.	1.0419	-5.4252e-005
5305	-0.29167	0.	1.09	-1.0046e-004
5306	-0.3151	0.	1.0124	-1.9564e-004
5307	-0.37311	0.	1.0152	-1.6742e-004
5311	-0.18833	0.	1.09	-7.7026e-005
5312	-0.26344	0.	1.0124	-1.8826e-004
5313	-0.19252	0.	1.0358	-1.1672e-004
5316	-8.5e-002	0.	1.09	-7.2528e-005
5317	-0.14085	0.	1.0358	-1.0066e-004
5320	1.8333e-002	0.	1.09	-6.2273e-005
5321	-4.7222e-003	0.	1.0067	-1.1677e-004
5322	-8.9186e-002	0.	1.0358	-1.1222e-004
5327	0.12167	0.	1.09	-2.6021e-005
5328	4.6944e-002	0.	1.0067	-9.4958e-005
5329	9.983e-002	0.	1.0308	-4.8051e-005
5331	0.225	0.	1.09	-4.2854e-006
5332	0.20566	0.	1.0297	-7.0568e-006
5333	0.1515	0.	1.0308	-3.3615e-005
5337	0.32833	0.	1.09	1.4852e-005
5338	0.32596	0.	1.0398	1.6831e-005
5339	0.25733	0.	1.0297	2.4264e-007
5343	0.43167	0.	1.09	3.0375e-005
5344	0.37763	0.	1.0398	2.8669e-005
5348	0.535	0.	1.09	3.651e-005
5349	0.4952	0.	1.0304	5.1052e-005
5350	0.4293	0.	1.0398	3.2354e-005
5353	0.63833	0.	1.09	3.8446e-005
5354	0.54687	0.	1.0304	5.3501e-005
5355	0.60907	0.	1.0159	6.9364e-005
5360	0.74167	0.	1.09	3.9131e-005
5361	0.72372	0.	0.99907	8.3529e-005
5362	0.66074	0.	1.0159	6.8851e-005
5365	0.845	0.	1.09	3.525e-005
5366	0.77538	0.	0.99907	8.4727e-005
5367	0.83827	0.	1.0291	6.3575e-005
5372	0.94833	0.	1.0405	4.1596e-005
5373	0.94833	0.	1.09	2.7882e-005
5374	0.88993	0.	1.0291	5.8496e-005
5405	1.	0.	0.94136	9.6967e-005
5406	1.	0.	1.0405	3.9308e-005
5407	0.9416	0.	0.97952	6.9922e-005
5410	1.	0.	0.84227	1.8047e-004
5411	0.9416	0.	0.92997	1.1387e-004
5412	0.94402	0.	0.87342	1.5464e-004
5415	1.	0.	0.74318	2.7122e-004
5416	0.92185	0.	0.76748	2.4112e-004
5417	0.94402	0.	0.82388	1.942e-004
5419	1.	0.	0.64409	3.6319e-004
5420	0.92185	0.	0.71794	2.923e-004
5421	0.94444	0.	0.63628	3.7695e-004
5425	1.	0.	0.545	4.5703e-004
5426	0.94444	0.	0.58673	4.1774e-004
5428	1.	0.	0.44591	5.7656e-004
5429	0.94444	0.	0.53718	4.7079e-004
5430	0.94331	0.	0.45965	5.9103e-004
5434	1.	0.	0.34682	7.0705e-004
5435	0.94331	0.	0.41011	6.5751e-004
5438	1.	0.	0.24773	8.0862e-004
5439	0.91907	0.	0.28224	8.5765e-004
5440	0.94331	0.	0.36056	7.2152e-004
5443	1.	0.	0.14864	8.7808e-004
5444	0.91907	0.	0.23269	8.9521e-004
5445	0.93867	0.	0.17063	8.9978e-004
5449	1.	0.	4.9545e-002	9.1414e-004
5450	0.93867	0.	0.12108	9.3168e-004
5453	1.9223e-002	0.	3.1473e-002	0.19371
5466	-0.5016	0.	1.6709e-002	0.19968
5480	-0.58883	0.	0.66543	-1.4593e-004
5481	-0.55256	0.	0.60071	-3.9183e-004
5482	-0.60104	0.	0.5275	1.0896e-005
5483	-0.66304	0.	0.53744	3.9859e-004
5484	-0.64617	0.	0.65591	-2.3408e-005
5485	-0.56247	0.	0.54961	-4.0782e-004
5486	-0.68582	0.	0.61615	1.2037e-004
5492	-0.5701	0.	0.40905	3.6726e-004
5493	-0.5702	0.	0.30114	2.8812e-003
5494	-0.52108	0.	0.39603	-3.3859e-004
5495	-0.52528	0.	0.32571	-2.3195e-004
5496	-0.60434	0.	0.3287	2.1604e-003
5497	-0.60029	0.	0.3729	1.1152e-003
5498	-0.5122	0.	0.35958	-7.0011e-004
5505	-0.22554	0.	0.50623	-2.9409e-003
5506	-0.24906	0.	0.41813	-4.9849e-003
5507	-0.20314	0.	0.3999	-5.8227e-003
5508	-0.26191	0.	0.4697	-3.5263e-003
5509	-0.16377	0.	0.43896	-3.7743e-003
5510	-0.18376	0.	0.48323	-3.3103e-003
5513	-1.0794	0.	0.39414	1.0618e-003
5514	-1.0066	0.	0.4335	1.1987e-003
5515	-1.1387	0.	0.46471	8.0001e-004
5516	-1.0324	0.	0.56352	6.7243e-004
5517	-1.1175	0.	0.54325	6.8586e-004
5518	-1.0039	0.	0.49464	9.0328e-004
5521	0.57701	0.	0.39479	1.2062e-003
5522	0.6647	0.	0.49248	7.4601e-004
5523	0.52084	0.	0.4235	1.2391e-003
5524	0.5954	0.	0.54044	6.5293e-004
5525	0.54081	0.	0.52746	7.4096e-004
5526	0.64734	0.	0.42407	8.8341e-004
5527	0.51352	0.	0.47794	8.7576e-004
5532	-0.28401	0.	0.86392	-4.5968e-004
5533	-0.3214	0.	0.76082	-6.9402e-004
5534	-0.27186	0.	0.73003	-8.4378e-004
5535	-0.2463	0.	0.83431	-5.0052e-004
5536	-0.23635	0.	0.77207	-6.8597e-004
5537	-0.32074	0.	0.81169	-5.4869e-004
5541	-0.31574	0.	0.28231	-1.1346e-002
5542	-0.27759	0.	0.32958	-9.6306e-003
5543	-0.27739	0.	0.23719	-1.8691e-002
5544	-0.23166	0.	0.31135	-1.0468e-002
5545	-0.22391	0.	0.26578	-1.4559e-002
5546	-0.29994	0.	0.25563	-1.4793e-002
5547	-0.3032	0.	0.30839	-1.0399e-002
5548	-0.24878	0.	0.24183	-1.8784e-002
5552	-0.50283	0.	0.18771	8.6609e-003
5553	-0.47371	0.	0.23979	-5.5565e-004
5554	-0.54616	0.	0.23605	4.1607e-003
5555	-0.50123	0.	0.26063	1.0476e-003
5556	-0.4761	0.	0.20859	-9.2928e-004
5557	-0.53278	0.	0.20294	8.3619e-003
5561	9.3209e-002	0.	0.24306	4.9837e-003
5562	3.5729e-002	0.	0.18114	1.0051e-002
5563	9.4857e-002	0.	0.19635	9.451e-003
5564	6.9883e-002	0.	0.17696	1.4784e-002
5565	1.4638e-002	0.	0.23137	1.3706e-003
5566	5.3659e-002	0.	0.24434	3.5889e-003
5567	2.1585e-002	0.	0.20242	2.6397e-003
5572	-0.77347	0.	0.39	1.7913e-003
5573	-0.83119	0.	0.49033	1.0374e-003
5574	-0.88381	0.	0.40332	1.4246e-003
5575	-0.83046	0.	0.36193	2.1798e-003
5576	-0.76253	0.	0.45458	1.075e-003
5577	-0.88108	0.	0.46446	1.1292e-003
5581	0.26004	0.	0.40081	1.6273e-003
5582	0.27949	0.	0.50476	8.1648e-004
5583	0.39594	0.	0.39801	1.477e-003
5584	0.33834	0.	0.3499	2.4402e-003
5585	0.35458	0.	0.4901	9.9276e-004
5586	0.2464	0.	0.44881	9.5221e-004
5587	0.28222	0.	0.36004	2.3301e-003
5588	0.38863	0.	0.45245	1.1137e-003
5593	0.37591	0.	0.80619	1.6718e-004
5594	0.4396	0.	0.71721	3.2313e-004
5595	0.39191	0.	0.72937	2.5916e-004
5596	0.49136	0.	0.74127	2.8445e-004
5597	0.49259	0.	0.80952	2.046e-004
5598	0.43568	0.	0.82628	1.8737e-004
5601	-1.0633	0.	0.79532	2.2792e-004
5602	-1.0191	0.	0.89001	1.3783e-004
5603	-0.98803	0.	0.72971	3.4293e-004
5604	-0.93037	0.	0.89557	1.2708e-004
5605	-0.93133	0.	0.76264	2.6149e-004
5606	-0.91298	0.	0.8289	1.681e-004
5612	-0.40352	0.	0.46268	-2.5227e-003
5613	-0.45306	0.	0.56194	-1.2045e-003
5614	-0.36476	0.	0.49864	-2.3806e-003
5615	-0.45253	0.	0.47571	-1.5076e-003
5616	-0.46298	0.	0.51083	-1.2205e-003
5617	-0.38999	0.	0.56065	-1.5718e-003
5622	-6.3159e-002	0.	0.35048	-3.9292e-003
5623	-0.14235	0.	0.33098	-6.7598e-003
5624	-0.1346	0.	0.28541	-1.085e-002
5625	-0.10299	0.	0.37004	-4.7115e-003
5626	-5.9128e-002	0.	0.28415	-4.4137e-003
5627	-9.8105e-002	0.	0.27577	-8.0619e-003
5628	-4.4025e-002	0.	0.32233	-3.8078e-003
5633	5.5092e-002	0.	0.84874	-1.8004e-004
5634	-5.0677e-002	0.	0.88688	-2.7359e-004
5635	9.4817e-002	0.	0.89394	-1.0942e-004
5636	4.43e-004	0.	0.854	-2.8608e-004
5637	-6.0575e-002	0.	0.95243	-1.4491e-004
5638	7.6775e-002	0.	0.94746	-1.0255e-004
5643	4.353e-002	0.	0.71332	-4.1658e-004
5644	-4.4246e-002	0.	0.61922	-1.0373e-003
5645	-5.031e-002	0.	0.68105	-6.9723e-004
5646	-1.1119e-002	0.	0.71859	-5.2262e-004
5647	-6.4106e-003	0.	0.59301	-9.0841e-004
5648	3.6149e-002	0.	0.60853	-4.9187e-004
5649	5.5243e-002	0.	0.66292	-4.0575e-004
5654	-0.53977	0.	0.82373	-2.0582e-004
5655	-0.52306	0.	0.67615	-5.0174e-004
5656	-0.50698	0.	0.7741	-3.3622e-004
5657	-0.61667	0.	0.73135	-1.3331e-004
5658	-0.6071	0.	0.79262	-1.5783e-004
5659	-0.50295	0.	0.72019	-4.4563e-004
5664	-1.2457	0.	0.80858	2.0795e-004
5665	-1.1082	0.	0.8683	1.5984e-004
5666	-1.0771	0.	0.708	3.6494e-004
5667	-1.1622	0.	0.68773	3.7837e-004
5668	-1.2492	0.	0.73221	2.8121e-004
5669	-1.1891	0.	0.86442	1.7371e-004
5676	0.80056	0.	0.82519	1.9566e-004
5677	0.75429	0.	0.7553	2.7499e-004
5678	0.7948	0.	0.68722	3.4622e-004
5679	0.86628	0.	0.66058	3.4685e-004
5680	0.86586	0.	0.79864	2.1528e-004
5684	-0.78661	0.	0.32764	2.6544e-003
5685	-0.71869	0.	0.4203	1.5496e-003
5686	-0.73686	0.	0.29897	3.7853e-003
5687	-0.69093	0.	0.33001	2.955e-003
5688	-0.68688	0.	0.37422	1.9098e-003
5693	0.13262	0.	0.22823	8.6933e-003
5694	0.16257	0.	0.32662	3.0832e-003
5695	0.18476	0.	0.28585	3.786e-003
5696	9.1425e-002	0.	0.27622	2.8313e-003
5697	0.16229	0.	0.24792	5.7374e-003
5698	0.10977	0.	0.30723	2.5478e-003
5704	0.57191	0.	0.23261	1.9159e-003
5705	0.52215	0.	0.34398	1.6068e-003
5706	0.52249	0.	0.28077	2.0776e-003
5707	0.62986	0.	0.28345	1.3962e-003
5708	0.64865	0.	0.34455	1.2511e-003
5712	-1.1843	0.	0.29383	1.1201e-003
5713	-1.0634	0.	0.22227	1.745e-003
5714	-1.0231	0.	0.343	1.3955e-003
5715	-1.1553	0.	0.37421	9.9684e-004
5716	-1.1415	0.	0.21712	1.3516e-003
5717	-1.0248	0.	0.28092	1.7666e-003
5721	-0.39992	0.	0.27189	-6.8969e-003
5722	-0.38832	0.	0.30709	-6.9488e-003
5723	-0.34497	0.	0.26044	-1.2895e-002
5724	-0.37402	0.	0.25462	-1.0547e-002
5725	-0.34823	0.	0.3132	-8.5006e-003
5728	0.26317	0.	0.78604	6.6582e-005
5729	0.23843	0.	0.85161	1.5874e-005
5730	0.34319	0.	0.91418	6.5894e-005
5731	0.27455	0.	0.90403	4.9306e-005
5732	0.32712	0.	0.76186	1.9313e-004
5733	0.37089	0.	0.85877	1.2134e-004
5738	-7.4059e-002	0.	0.40377	-2.8136e-003
5739	-3.0182e-002	0.	0.41563	-1.9456e-003
5740	1.0272e-003	0.	0.39104	-1.3992e-003
5741	-1.5095e-002	0.	0.35606	-1.9099e-003
5746	0.32862	0.	0.16706	5.7711e-003
5747	0.47826	0.	0.13789	3.5621e-003
5748	0.3709	0.	0.20116	4.2162e-003
5749	0.42884	0.	0.18606	3.7238e-003
5750	0.33137	0.	0.10979	7.7698e-003
5756	-0.79473	0.	0.13689	6.9965e-003
5757	-0.94867	0.	0.13779	3.5925e-003
5758	-0.85509	0.	0.21712	3.9982e-003
5759	-0.91014	0.	0.19643	3.6141e-003
5760	-0.80534	0.	0.18845	5.1291e-003
5765	-0.67316	0.	0.15263	1.1614e-002
5766	-0.69367	0.	0.17904	8.0782e-003
5767	-0.7335	0.	0.19067	7.1721e-003
5768	-0.69086	0.	0.1059	1.561e-002
5772	-0.11255	0.	0.17594	-2.0563e-002
5773	-0.16935	0.	0.20849	-2.2827e-002
5774	-0.13286	0.	0.19885	-2.0039e-002
5775	-0.20119	0.	0.15116	-3.718e-002
5776	-0.12499	0.	0.14987	-2.929e-002
5777	-0.19422	0.	0.18453	-2.7052e-002
5781	-0.92347	0.	0.59938	6.1904e-004
5782	-0.77641	0.	0.52063	7.9568e-004
5783	-0.86677	0.	0.63232	5.3761e-004
5784	-0.79919	0.	0.59934	5.1745e-004
5785	-0.89495	0.	0.53051	8.4989e-004
5789	0.41087	0.	0.60879	5.4216e-004
5790	0.47221	0.	0.62066	5.2825e-004
5791	0.39081	0.	0.67288	3.4908e-004
5792	0.49026	0.	0.68477	3.7437e-004
5799	-1.2752	0.	0.49324	6.1897e-004
5800	-1.254	0.	0.57178	5.0482e-004
5801	-1.3519	0.	0.47745	5.9326e-004
5802	-1.3409	0.	0.61627	4.0766e-004
5808	-0.2738	0.	0.52135	-2.5144e-003
5809	-0.25	0.	0.61249	-1.4903e-003
5810	-0.20587	0.	0.59234	-1.6262e-003
5811	-0.29903	0.	0.58336	-1.7056e-003
5812	-0.19565	0.	0.53488	-2.2984e-003
5817	0.74981	0.	0.57142	5.4191e-004
5818	0.68441	0.	0.55861	5.6048e-004
5819	0.73635	0.	0.44224	7.9096e-004
5820	0.82129	0.	0.54478	5.4253e-004
5821	0.82016	0.	0.46725	6.6277e-004
5826	-0.3148	0.	0.19101	-2.3234e-002
5827	-0.37208	0.	0.18028	-1.9821e-002
5828	-0.32755	0.	0.16262	-3.221e-002
5829	-0.33735	0.	0.20945	-1.9336e-002
5830	-0.35795	0.	0.16053	-2.9757e-002
5831	-0.36639	0.	0.20363	-1.6988e-002
5836	-1.2436	0.	0.36439	8.5837e-004
5837	-1.2298	0.	0.20731	1.2131e-003
5838	-1.3203	0.	0.34859	8.3267e-004
5839	-1.3146	0.	0.22449	9.6331e-004
5844	0.78497	0.	0.19497	1.1532e-003
5845	0.85774	0.	0.20514	9.4881e-004
5846	0.75977	0.	0.25942	1.0814e-003
5847	0.77856	0.	0.32051	9.3629e-004
5848	0.86238	0.	0.34553	8.0811e-004
5852	0.15075	0.	0.75377	-8.93e-005
5853	0.12602	0.	0.81935	-1.4001e-004
5854	3.1646e-002	0.	0.77941	-3.1666e-004
5855	9.8009e-002	0.	0.72374	-1.9979e-004
5860	-4.8623e-002	0.	0.16788	-8.7888e-003
5861	-4.4836e-002	0.	0.22026	-7.1728e-003
5862	-8.3812e-002	0.	0.21187	-1.0821e-002
5863	-7.5945e-002	0.	0.16289	-2.0072e-002
5864	-3.7888e-002	0.	0.19131	-5.9036e-003
5868	-0.33609	0.	0.39729	-4.7004e-003
5869	-0.23855	0.	0.36344	-6.8547e-003
5870	-0.29732	0.	0.43324	-4.5583e-003
5871	-0.31008	0.	0.36047	-6.7857e-003
5876	-9.532e-002	0.	0.64777	-1.112e-003
5877	-5.1421e-002	0.	0.55973	-1.3232e-003
5878	-0.13179	0.	0.60637	-1.3878e-003
5879	-0.12156	0.	0.54891	-2.06e-003
5880	-8.4302e-002	0.	0.54314	-1.8107e-003
5885	-8.8637e-003	0.	0.14895	4.0641e-003
5886	-6.1065e-002	0.	0.14182	-1.7516e-002
5887	-2.4809e-002	0.	0.13077	1.3766e-003
5888	-2.3007e-002	0.	0.17024	-3.3471e-003
5893	-0.75021	0.	0.86239	6.3058e-005
5894	-0.7194	0.	0.75247	4.8286e-005
5895	-0.82663	0.	0.74568	2.1222e-004
5896	-0.75905	0.	0.71271	1.9206e-004
5897	-0.70984	0.	0.81374	2.3773e-005
5898	-0.80829	0.	0.81195	1.1882e-004
5901	-0.34893	0.	0.44887	-3.2419e-003
5902	-0.43671	0.	0.42594	-2.3689e-003
5903	-0.40178	0.	0.36999	-3.9174e-003
5904	-0.42783	0.	0.3895	-2.7305e-003
5905	-0.36169	0.	0.3761	-5.4693e-003
5909	-0.53389	0.	0.13203	2.3824e-002
5910	-0.50098	0.	0.12344	3.5419e-002
5911	-0.46489	0.	0.14423	-3.3969e-004
5912	-0.48136	0.	0.13085	1.075e-002
5913	-0.47057	0.	0.17338	4.4958e-003
5914	-0.52725	0.	0.16773	1.3787e-002
5920	-0.59695	0.	0.13884	2.3875e-002
5921	-0.60369	0.	0.20766	9.6369e-003
5922	-0.64393	0.	0.19255	1.0653e-002
5923	-0.64113	0.	0.11941	1.8185e-002
5924	-0.59032	0.	0.17455	1.3838e-002
5929	-0.53758	0.	0.10297	4.5157e-002
5930	-0.61466	0.	9.2122e-002	2.7872e-002
5931	-0.56385	0.	0.14726	2.3525e-002
5932	-0.55576	0.	8.2427e-002	5.7972e-002
5937	5.0168e-002	0.	0.14691	1.9094e-002
5938	1.7115e-002	0.	0.12427	3.8318e-002
5939	6.9501e-005	0.	0.13292	1.1673e-002
5940	1.8713e-003	0.	0.17238	6.9492e-003
5945	-0.48741	0.	0.85695	-2.862e-004
5946	-0.58754	0.	0.87548	-1.0781e-004
5947	-0.46155	0.	0.92351	-1.9141e-004
5948	-0.55683	0.	0.95018	-1.0148e-004
5952	-0.29682	0.	0.16849	-3.3114e-002
5953	-0.30662	0.	0.21532	-2.024e-002
5954	-0.26243	0.	0.16814	-3.4359e-002
5955	-0.25546	0.	0.20152	-2.4231e-002
5958	-0.4967	0.	0.56032	-7.6363e-004
5959	-0.42372	0.	0.61013	-1.1149e-003
5960	-0.46668	0.	0.65546	-6.9153e-004
5963	-0.11331	0.	0.78001	-5.8482e-004
5964	-7.4123e-002	0.	0.81755	-4.1021e-004
5965	-0.13514	0.	0.91597	-2.6904e-004
5966	-0.16835	0.	0.86304	-3.8143e-004
5967	-0.1584	0.	0.8008	-5.6687e-004
5970	0.71116	0.	0.83825	2.0845e-004
5971	0.82032	0.	0.93814	1.0797e-004
5972	0.82273	0.	0.88159	1.4875e-004
5973	0.69445	0.	0.92501	1.1445e-004
5978	0.11181	0.	0.47331	6.4066e-006
5979	1.5294e-002	0.	0.45969	-1.2186e-003
5980	2.1568e-002	0.	0.50292	-8.8582e-004
5981	8.2783e-002	0.	0.44385	-1.9327e-004
5982	6.4127e-002	0.	0.51844	-4.6928e-004
5983	4.6503e-002	0.	0.4351	-6.7222e-004
5987	-1.3477	0.	0.90737	1.2268e-004
5988	-1.3426	0.	0.76718	2.3923e-004
5989	-1.2825	0.	0.89938	1.3173e-004
5994	-6.2193e-002	0.	0.74714	-5.9731e-004
5995	-0.13785	0.	0.6682	-1.0477e-003
5996	-0.14647	0.	0.73039	-7.5397e-004
6000	0.3085	0.	0.24238	5.121e-003
6001	0.23381	0.	0.17145	1.0125e-002
6002	0.25238	0.	0.25252	5.0109e-003
6003	0.26898	0.	0.15101	8.6746e-003
6004	0.22991	0.	0.21459	6.9623e-003
6008	0.1093	0.	0.16212	1.8494e-002
6009	0.13687	0.	0.13446	2.0658e-002
6010	0.16783	0.	0.15807	1.3368e-002
6011	0.16394	0.	0.20121	1.0205e-002
6016	0.11189	0.	0.11507	2.5991e-002
6017	5.1268e-002	0.	0.12009	4.3052e-002
6018	8.3733e-002	0.	0.11177	3.7397e-002
6022	-0.64575	0.	0.47494	4.4551e-004
6023	-0.53474	0.	0.45198	-6.4804e-004
6024	-0.54518	0.	0.48711	-3.609e-004
6025	-0.61394	0.	0.42886	8.0578e-004
6028	-0.18486	0.	0.29964	-1.1783e-002
6029	-0.15326	0.	0.38427	-5.6441e-003
6033	-0.14061	0.	0.24443	-1.3085e-002
6034	-0.20198	0.	0.23011	-2.0099e-002
6040	0.18053	0.	0.4263	1.2653e-003
6041	0.15151	0.	0.39683	1.0656e-003
6042	0.21635	0.	0.33753	2.6431e-003
6043	0.14136	0.	0.35891	1.4049e-003
6047	0.7054	0.	0.70027	3.5901e-004
6048	0.64	0.	0.68746	3.7759e-004
6049	0.64818	0.	0.85511	1.9377e-004
6050	0.60345	0.	0.73859	3.1173e-004
6051	0.60469	0.	0.80684	2.3188e-004
6056	0.22414	0.	0.65979	1.7537e-004
6057	0.19048	0.	0.79898	-1.8683e-005
6058	0.27917	0.	0.70922	1.5857e-004
6059	0.16247	0.	0.70337	-7.8465e-005
6063	0.30816	0.	0.57152	4.9499e-004
6064	0.19998	0.	0.53024	4.5444e-004
6065	0.1523	0.	0.57537	-2.1242e-005
6066	0.28809	0.	0.63561	3.0192e-004
6067	0.17139	0.	0.62976	6.4883e-005
6073	-1.1089	0.	0.13575	1.838e-003
6074	-0.99223	0.	0.19955	2.253e-003
6078	0.64865	0.	0.13634	1.81e-003
6079	0.51607	0.	0.19811	2.4197e-003
6080	0.62344	0.	0.20079	1.7382e-003
6085	-0.41556	0.	0.15569	-1.604e-002
6086	-0.3845	0.	0.15567	-2.7249e-002
6087	-0.39295	0.	0.19877	-1.448e-002
6088	-0.42124	0.	0.18484	-1.1204e-002
6092	-0.8111	0.	0.95789	3.3503e-005
6093	-0.69525	0.	0.89302	-2.0532e-005
6094	-0.79371	0.	0.89122	7.4515e-005
6095	-0.66454	0.	0.96772	-1.4199e-005
6101	-0.89696	0.	0.34097	2.2877e-003
6102	-0.95201	0.	0.32028	1.9036e-003
6103	-0.94758	0.	0.4435	1.2371e-003
6106	0.40837	0.	0.32458	2.6029e-003
6107	0.46632	0.	0.30948	2.1105e-003
6108	0.45866	0.	0.42713	1.2764e-003
6113	-0.21596	0.	0.95821	-2.119e-004
6114	-0.34488	0.	0.93766	-2.5523e-004
6115	-0.24916	0.	0.90527	-3.2428e-004
6116	-0.3236	0.	0.88265	-3.7245e-004
6119	-1.1934	0.	0.52331	6.2095e-004
6120	-1.2913	0.	0.42898	7.094e-004
6125	0.20187	0.	0.91696	-3.596e-005
6126	0.1477	0.	0.91807	-6.2518e-005
6129	-0.89865	0.	0.27889	2.6587e-003
6130	-0.79385	0.	0.2709	4.1737e-003
6134	-0.42746	0.	0.29187	-4.399e-003
6135	-0.46658	0.	0.2775	-2.7439e-003
6136	-0.41316	0.	0.23939	-7.9969e-003
6137	-0.44145	0.	0.22547	-4.7208e-003
6142	-0.33541	0.	0.54683	-2.291e-003
6146	0.40871	0.	0.26137	3.0738e-003
6147	0.29465	0.	0.28661	3.456e-003
6152	-0.40814	0.	0.768	-5.8437e-004
6153	-0.31212	0.	0.69789	-9.0189e-004
6154	-0.36115	0.	0.66876	-1.1172e-003
6155	-0.40412	0.	0.71409	-6.9378e-004
6156	-0.361	0.	0.77955	-6.068e-004
6161	-0.97532	0.	0.96856	5.9003e-005
6162	-1.145	0.	0.95911	8.3617e-005
6165	-7.0012e-002	0.	0.43519	-2.7279e-003
6166	-0.13388	0.	0.4676	-3.1318e-003
6167	-9.6618e-002	0.	0.46184	-2.8825e-003
6171	-1.087	0.	0.62212	4.9337e-004
6172	-0.94517	0.	0.67532	3.9851e-004
6173	-0.97336	0.	0.57351	7.1078e-004
6177	-1.2591	0.	0.64634	4.0965e-004
6180	0.44117	0.	0.98026	4.9346e-005
6181	0.56927	0.	0.95636	8.3907e-005
6182	0.52578	0.	0.90809	1.2201e-004
6183	0.46886	0.	0.92485	1.0479e-004
6187	-0.6242	0.	0.23408	6.1013e-003
6188	-0.53904	0.	0.27376	1.9725e-003
6189	-0.61811	0.	0.27674	4.3649e-003
6190	-0.57059	0.	0.21607	9.2868e-003
6196	0.44458	0.	0.56873	6.5736e-004
6197	0.4173	0.	0.51921	7.9216e-004
6198	0.36318	0.	0.62095	4.7819e-004
6201	-0.73053	0.	0.56359	5.5499e-004
6202	-0.67594	0.	0.4388	1.1935e-003
6205	-6.5144e-002	0.	0.24317	-6.6484e-003
6206	1.2854e-002	0.	0.26453	-7.8188e-004
6207	-1.922e-002	0.	0.22261	-1.7311e-003
6208	-1.1064e-002	0.	0.28973	-2.3944e-003
6211	-0.86917	0.	0.90745	8.9265e-005
6216	-0.48505	0.	0.1018	3.2083e-002
6217	-0.50293	0.	8.1541e-002	8.9366e-002
6218	-0.52286	0.	7.3845e-002	6.9567e-002
6224	-0.49617	0.	0.47408	-1.0668e-003
6225	-0.47685	0.	0.40252	-1.7154e-003
6229	0.68051	0.	0.61938	4.4883e-004
6230	0.81739	0.	0.60555	4.3087e-004
6234	-0.45498	0.	0.3127	-2.7957e-003
6235	-0.44191	0.	0.34657	-3.2639e-003
6236	-0.37577	0.	0.33317	-6.0027e-003
6241	-0.42876	0.	0.87388	-3.2181e-004
6242	-0.4506	0.	0.75341	-5.2601e-004
6243	-0.40748	0.	0.81887	-4.3903e-004
6246	0.13787	0.	0.44483	3.9049e-004
6247	0.11921	0.	0.51943	1.1448e-004
6255	-0.71366	0.	0.68206	1.3299e-004
6256	-0.66444	0.	0.78309	-3.5305e-005
6258	0.56051	0.	0.59358	5.5542e-004
6259	0.57856	0.	0.6577	4.0154e-004
6263	-0.21845	0.	0.64695	-1.1876e-003
6264	-0.31161	0.	0.63797	-1.2669e-003
6265	-0.22707	0.	0.70914	-8.9383e-004
6269	-0.40143	0.	0.13595	-2.5975e-002
6270	-0.44896	0.	0.12259	-3.6754e-003
6271	-0.43817	0.	0.16512	-9.9299e-003
6278	0.80458	0.	0.1329	1.1578e-003
6279	0.7066	0.	0.18718	1.2903e-003
6285	-1.2718	0.	0.14778	1.1948e-003
6290	-0.82089	0.	0.67528	2.9692e-004
6291	-0.87013	0.	0.77452	2.2367e-004
6294	-1.986e-002	0.	0.49028	-1.5271e-003
6295	5.0749e-003	0.	0.42246	-1.3135e-003
6296	-5.2741e-002	0.	0.47369	-2.0146e-003
6311	-1.2911	0.	0.96322	8.8429e-005
6319	0.30662	0.	0.97953	1.4059e-005
6320	0.40296	0.	0.93427	8.6091e-005
6329	-0.70427	0.	0.23059	6.2108e-003
6330	-0.65834	0.	0.26163	5.3805e-003
6338	-0.33997	0.	0.13801	-3.9637e-002
6339	-0.27517	0.	0.13975	-4.3335e-002
6353	0.17043	0.	0.11101	2.0865e-002
6354	0.1113	0.	8.4105e-002	3.9561e-002
6358	0.88562	0.	0.91158	1.276e-004
6363	0.23656	0.	0.11418	1.2124e-002
6364	0.1975	0.	0.17776	1.0412e-002
6369	2.8974e-002	0.	0.54904	-7.7775e-004
6370	-4.6466e-002	0.	0.51693	-1.6817e-003
6375	-0.17825	0.	0.92859	-2.5274e-004
6381	7.2564e-002	0.	0.40662	-2.8814e-004
6382	9.8701e-002	0.	0.37745	5.3012e-004
6387	0.70019	0.	0.31273	1.0734e-003
6391	0.47864	0.	0.53108	7.7825e-004
6392	0.52397	0.	0.64471	4.8956e-004
6395	-0.69818	0.	0.27326	4.4744e-003
6399	0.21607	0.	0.25883	5.2973e-003
6403	-0.18294	0.	0.68899	-1.0298e-003
6404	-0.1641	0.	0.56933	-1.9957e-003
6408	-0.48104	0.	0.3322	-1.6088e-003
6412	0.8028	0.	0.39884	8.0016e-004
6419	-0.35821	0.	0.22795	-1.3994e-002
6427	0.18382	0.	0.97049	-2.9087e-005
6430	0.88775	0.	0.50138	5.5174e-004
6441	9.0628e-002	0.	0.61895	-2.7508e-004
6445	-0.64819	0.	0.34851	2.5989e-003
6449	-0.62417	0.	0.91907	-5.3484e-005
6452	1.1694e-003	0.	0.10609	3.5631e-002
6453	5.068e-002	0.	8.9125e-002	5.6622e-002
6454	2.833e-002	0.	8.0192e-002	9.5016e-002
6460	-0.23382	0.	0.17277	-3.4451e-002
6466	-0.40361	0.	0.65417	-1.0588e-003
6480	-0.38161	0.	0.88542	-3.4424e-004
6486	-0.41555	0.	0.20819	-8.3705e-003
6501	2.7957e-002	0.	0.3027	-1.7605e-004
6502	7.0217e-002	0.	0.30852	1.1529e-003
6506	0.58798	0.	0.8936	1.3788e-004
6515	-0.20151	0.	0.81342	-5.5057e-004
6536	0.54325	0.	0.77708	2.5583e-004
6545	2.0161e-002	0.	0.36289	-1.2778e-003
6546	6.2422e-002	0.	0.3687	5.1163e-005
6553	-0.59994	0.	6.2997e-002	5.2282e-002
6559	0.48757	0.	0.8621	1.5876e-004
6577	-0.11661	0.	0.50611	-2.4185e-003
6585	4.6299e-002	0.	0.33372	-4.5957e-004
6589	6.0795e-002	0.	7.1878e-002	8.9361e-002
10703	-0.52112	0.	6.0999e-002	0.10218
10704	-0.5122	0.	5.1057e-002	0.14085
10709	-0.53212	0.	4.336e-002	0.12105
