Node Number	X Location (m)	Y Location (m)	Z Location (m)	Directional Magnetic Flux Density (T)
95	-0.36	0.	4.5e-002	0.32213
96	-0.3375	0.	4.5e-002	0.50078
97	-0.315	0.	4.5e-002	0.71087
98	-0.27	0.	4.5e-002	0.90192
99	-0.225	0.	4.5e-002	1.0262
100	-0.18	0.	4.5e-002	1.0829
101	-0.135	0.	4.5e-002	1.0629
102	-9.e-002	0.	4.5e-002	0.88636
103	-4.5e-002	0.	4.5e-002	0.70737
104	0.	0.	4.5e-002	0.3777
105	-2.25e-002	0.	4.5e-002	0.53334
169	-2.25e-002	0.	-4.5e-002	0.47467
170	0.	0.	-4.5e-002	0.28263
171	-4.5e-002	0.	-4.5e-002	0.75128
172	-9.e-002	0.	-4.5e-002	0.88236
173	-0.135	0.	-4.5e-002	1.0627
174	-0.18	0.	-4.5e-002	1.0832
175	-0.225	0.	-4.5e-002	1.0518
176	-0.27	0.	-4.5e-002	0.91843
177	-0.315	0.	-4.5e-002	0.69389
178	-0.3375	0.	-4.5e-002	0.47941
179	-0.36	0.	-4.5e-002	0.30592
541	0.	0.	0.	0.34254
542	-0.36	0.	0.	0.33104
971	-4.5e-002	0.	0.	0.69149
972	-0.315	0.	0.	0.67128
973	-0.1125	0.	0.	1.0101
974	-0.2025	0.	0.	1.0867
2490	-0.34875	0.	4.5e-002	0.41145
2492	-0.36	0.	2.25e-002	0.32658
2497	-0.32625	0.	4.5e-002	0.60582
2499	-0.34875	0.	2.25e-002	0.41591
2500	-0.32625	0.	2.25e-002	0.58603
2503	-0.2925	0.	4.5e-002	0.80639
2505	-0.315	0.	2.25e-002	0.69107
2508	-0.2475	0.	4.5e-002	0.96408
2510	-0.27	0.	0.	0.91017
2511	-0.2925	0.	2.25e-002	0.7866
2514	-0.2025	0.	4.5e-002	1.0546
2516	-0.2475	0.	0.	0.97233
2517	-0.21375	0.	2.25e-002	1.0565
2519	-0.1575	0.	4.5e-002	1.0729
2521	-0.14625	0.	2.25e-002	1.0465
2522	-0.19125	0.	2.25e-002	1.0848
2525	-0.1125	0.	4.5e-002	0.97461
2527	-0.12375	0.	2.25e-002	1.0365
2529	-6.75e-002	0.	4.5e-002	0.79687
2531	-6.75e-002	0.	2.25e-002	0.78893
2532	-0.10125	0.	2.25e-002	0.94822
2534	-3.375e-002	0.	4.5e-002	0.62036
2536	-4.5e-002	0.	2.25e-002	0.69943
2539	-1.125e-002	0.	4.5e-002	0.45552
2541	0.	0.	2.25e-002	0.36012
2547	-1.125e-002	0.	2.25e-002	0.43794
2548	-3.375e-002	0.	2.25e-002	0.61242
2832	-1.125e-002	0.	-4.5e-002	0.37865
2833	-3.375e-002	0.	-4.5e-002	0.61298
2834	-1.125e-002	0.	-2.25e-002	0.4086
2835	-3.375e-002	0.	-2.25e-002	0.58308
2838	0.	0.	-2.25e-002	0.31258
2842	-6.75e-002	0.	-4.5e-002	0.81682
2843	-4.5e-002	0.	-2.25e-002	0.72139
2845	-0.1125	0.	-4.5e-002	0.97254
2846	-6.75e-002	0.	-2.25e-002	0.78693
2847	-0.10125	0.	-2.25e-002	0.94622
2850	-0.1575	0.	-4.5e-002	1.0729
2851	-0.12375	0.	-2.25e-002	1.0364
2853	-0.2025	0.	-4.5e-002	1.0675
2854	-0.14625	0.	-2.25e-002	1.0466
2855	-0.19125	0.	-2.25e-002	1.085
2858	-0.2475	0.	-4.5e-002	0.98513
2859	-0.21375	0.	-2.25e-002	1.0693
2861	-0.2925	0.	-4.5e-002	0.80616
2862	-0.2925	0.	-2.25e-002	0.79485
2863	-0.23625	0.	-2.25e-002	1.0026
2867	-0.32625	0.	-4.5e-002	0.58665
2868	-0.315	0.	-2.25e-002	0.68258
2871	-0.34875	0.	-4.5e-002	0.39267
2872	-0.34875	0.	-2.25e-002	0.40522
2873	-0.32625	0.	-2.25e-002	0.57534
2878	-0.36	0.	-2.25e-002	0.31848
5067	-2.25e-002	0.	0.	0.51701
5077	-0.3375	0.	0.	0.50116
7961	-7.875e-002	0.	0.	0.85079
7973	-0.1575	0.	0.	1.0484
64	-0.3375	0.	-5.625e-002	1.5309e-002
65	-0.315	0.	-5.625e-002	-1.6791e-002
66	-0.27	0.	-5.625e-002	-2.1954e-002
67	-0.225	0.	-5.625e-002	-2.4511e-002
68	-0.18	0.	-5.625e-002	-2.4983e-002
69	-0.135	0.	-5.625e-002	-2.4435e-002
70	-9.e-002	0.	-5.625e-002	-2.1797e-002
71	-4.5e-002	0.	-5.625e-002	-1.729e-002
72	-2.25e-002	0.	-5.625e-002	1.4627e-002
73	-2.25e-002	0.	5.625e-002	1.5119e-002
74	-4.5e-002	0.	5.625e-002	-1.6991e-002
75	-9.e-002	0.	5.625e-002	-2.1769e-002
76	-0.135	0.	5.625e-002	-2.432e-002
77	-0.18	0.	5.625e-002	-2.512e-002
78	-0.225	0.	5.625e-002	-2.4664e-002
79	-0.27	0.	5.625e-002	-2.1619e-002
80	-0.315	0.	5.625e-002	-1.6871e-002
81	-0.3375	0.	5.625e-002	1.4379e-002
82	0.	0.	5.625e-002	4.4486e-002
83	0.	0.	6.75e-002	2.6537e-002
84	-2.25e-002	0.	6.75e-002	5.1183e-003
85	-4.5e-002	0.	6.75e-002	-2.3402e-002
86	-9.e-002	0.	6.75e-002	-3.2973e-002
87	-0.135	0.	6.75e-002	-3.6285e-002
88	-0.18	0.	6.75e-002	-3.7552e-002
89	-0.225	0.	6.75e-002	-3.6798e-002
90	-0.27	0.	6.75e-002	-3.2731e-002
91	-0.315	0.	6.75e-002	-2.3315e-002
92	-0.3375	0.	6.75e-002	4.3738e-003
93	-0.36	0.	5.625e-002	4.3188e-002
94	-0.36	0.	6.75e-002	2.5535e-002
95	-0.36	0.	4.5e-002	6.0841e-002
96	-0.3375	0.	4.5e-002	2.4385e-002
97	-0.315	0.	4.5e-002	-1.0427e-002
98	-0.27	0.	4.5e-002	-1.0507e-002
99	-0.225	0.	4.5e-002	-1.253e-002
100	-0.18	0.	4.5e-002	-1.2687e-002
101	-0.135	0.	4.5e-002	-1.2355e-002
102	-9.e-002	0.	4.5e-002	-1.0565e-002
103	-4.5e-002	0.	4.5e-002	-1.0581e-002
104	0.	0.	4.5e-002	6.2435e-002
105	-2.25e-002	0.	4.5e-002	2.512e-002
169	-2.25e-002	0.	-4.5e-002	2.4998e-002
170	0.	0.	-4.5e-002	6.2526e-002
171	-4.5e-002	0.	-4.5e-002	-1.0757e-002
172	-9.e-002	0.	-4.5e-002	-1.0584e-002
173	-0.135	0.	-4.5e-002	-1.242e-002
174	-0.18	0.	-4.5e-002	-1.262e-002
175	-0.225	0.	-4.5e-002	-1.2459e-002
176	-0.27	0.	-4.5e-002	-1.0648e-002
177	-0.315	0.	-4.5e-002	-1.0522e-002
178	-0.3375	0.	-4.5e-002	2.5338e-002
179	-0.36	0.	-4.5e-002	6.276e-002
273	-0.3375	0.	-6.75e-002	5.2802e-003
274	-0.36	0.	-6.75e-002	2.6058e-002
275	-0.315	0.	-6.75e-002	-2.3059e-002
276	-0.27	0.	-6.75e-002	-3.326e-002
277	-0.225	0.	-6.75e-002	-3.6562e-002
278	-0.18	0.	-6.75e-002	-3.7346e-002
279	-0.135	0.	-6.75e-002	-3.645e-002
280	-9.e-002	0.	-6.75e-002	-3.301e-002
281	-4.5e-002	0.	-6.75e-002	-2.3824e-002
282	-2.25e-002	0.	-6.75e-002	4.255e-003
283	0.	0.	-6.75e-002	2.5572e-002
293	-0.36	0.	-5.625e-002	4.4409e-002
297	0.	0.	-5.625e-002	4.4049e-002
2362	-0.32625	0.	-5.625e-002	-7.4067e-004
2363	-0.3375	0.	-5.0625e-002	2.0324e-002
2364	-0.3375	0.	-6.1875e-002	1.0295e-002
2365	-0.34875	0.	-5.625e-002	2.9859e-002
2366	-0.2925	0.	-5.625e-002	-1.9372e-002
2367	-0.315	0.	-5.0625e-002	-1.3656e-002
2368	-0.315	0.	-6.1875e-002	-1.9925e-002
2369	-0.2475	0.	-5.625e-002	-2.3232e-002
2370	-0.27	0.	-5.0625e-002	-1.6301e-002
2371	-0.27	0.	-6.1875e-002	-2.7607e-002
2372	-0.2025	0.	-5.625e-002	-2.4747e-002
2373	-0.225	0.	-5.0625e-002	-1.8485e-002
2374	-0.225	0.	-6.1875e-002	-3.0536e-002
2375	-0.1575	0.	-5.625e-002	-2.4709e-002
2376	-0.18	0.	-5.0625e-002	-1.8801e-002
2377	-0.18	0.	-6.1875e-002	-3.1165e-002
2378	-0.1125	0.	-5.625e-002	-2.3116e-002
2379	-0.135	0.	-5.0625e-002	-1.8428e-002
2380	-0.135	0.	-6.1875e-002	-3.0443e-002
2381	-6.75e-002	0.	-5.625e-002	-1.9544e-002
2382	-9.e-002	0.	-5.0625e-002	-1.6191e-002
2383	-9.e-002	0.	-6.1875e-002	-2.7403e-002
2384	-3.375e-002	0.	-5.625e-002	-1.3319e-003
2385	-4.5e-002	0.	-5.0625e-002	-1.4024e-002
2386	-4.5e-002	0.	-6.1875e-002	-2.0557e-002
2387	-2.25e-002	0.	-5.0625e-002	1.9812e-002
2388	-2.25e-002	0.	-6.1875e-002	9.4408e-003
2389	-1.125e-002	0.	-5.625e-002	2.9338e-002
2390	-3.375e-002	0.	5.625e-002	-9.3623e-004
2391	-1.125e-002	0.	5.625e-002	2.9802e-002
2392	-2.25e-002	0.	6.1875e-002	1.0119e-002
2393	-2.25e-002	0.	5.0625e-002	2.0119e-002
2394	-6.75e-002	0.	5.625e-002	-1.938e-002
2395	-4.5e-002	0.	6.1875e-002	-2.0197e-002
2396	-4.5e-002	0.	5.0625e-002	-1.3786e-002
2397	-0.1125	0.	5.625e-002	-2.3044e-002
2398	-9.e-002	0.	6.1875e-002	-2.7371e-002
2399	-9.e-002	0.	5.0625e-002	-1.6167e-002
2400	-0.1575	0.	5.625e-002	-2.472e-002
2401	-0.135	0.	6.1875e-002	-3.0302e-002
2402	-0.135	0.	5.0625e-002	-1.8337e-002
2403	-0.2025	0.	5.625e-002	-2.4892e-002
2404	-0.18	0.	6.1875e-002	-3.1336e-002
2405	-0.18	0.	5.0625e-002	-1.8903e-002
2406	-0.2475	0.	5.625e-002	-2.3142e-002
2407	-0.225	0.	6.1875e-002	-3.0731e-002
2408	-0.225	0.	5.0625e-002	-1.8597e-002
2409	-0.2925	0.	5.625e-002	-1.9245e-002
2410	-0.27	0.	6.1875e-002	-2.7175e-002
2411	-0.27	0.	5.0625e-002	-1.6063e-002
2412	-0.32625	0.	5.625e-002	-1.2459e-003
2413	-0.315	0.	6.1875e-002	-2.0093e-002
2414	-0.315	0.	5.0625e-002	-1.3649e-002
2415	-0.3375	0.	6.1875e-002	9.3765e-003
2416	-0.34875	0.	5.625e-002	2.8784e-002
2417	-0.3375	0.	5.0625e-002	1.9382e-002
2418	0.	0.	6.1875e-002	3.5512e-002
2419	0.	0.	5.0625e-002	5.346e-002
2422	-1.125e-002	0.	6.75e-002	1.5828e-002
2428	-3.375e-002	0.	6.75e-002	-9.1419e-003
2434	-6.75e-002	0.	6.75e-002	-2.8187e-002
2439	-0.1125	0.	6.75e-002	-3.4629e-002
2445	-0.1575	0.	6.75e-002	-3.6918e-002
2452	-0.2025	0.	6.75e-002	-3.7175e-002
2458	-0.2475	0.	6.75e-002	-3.4765e-002
2464	-0.2925	0.	6.75e-002	-2.8023e-002
2468	-0.32625	0.	6.75e-002	-9.4707e-003
2476	-0.34875	0.	6.75e-002	1.4955e-002
2480	-0.36	0.	6.1875e-002	3.4362e-002
2481	-0.36	0.	5.0625e-002	5.2014e-002
2490	-0.34875	0.	4.5e-002	4.2613e-002
2497	-0.32625	0.	4.5e-002	6.9789e-003
2503	-0.2925	0.	4.5e-002	-1.0467e-002
2508	-0.2475	0.	4.5e-002	-1.1519e-002
2514	-0.2025	0.	4.5e-002	-1.2609e-002
2519	-0.1575	0.	4.5e-002	-1.2521e-002
2525	-0.1125	0.	4.5e-002	-1.146e-002
2529	-6.75e-002	0.	4.5e-002	-1.0573e-002
2534	-3.375e-002	0.	4.5e-002	7.2694e-003
2539	-1.125e-002	0.	4.5e-002	4.3777e-002
2832	-1.125e-002	0.	-4.5e-002	4.3762e-002
2833	-3.375e-002	0.	-4.5e-002	7.1206e-003
2837	0.	0.	-5.0625e-002	5.3288e-002
2842	-6.75e-002	0.	-4.5e-002	-1.0671e-002
2845	-0.1125	0.	-4.5e-002	-1.1502e-002
2850	-0.1575	0.	-4.5e-002	-1.252e-002
2853	-0.2025	0.	-4.5e-002	-1.2539e-002
2858	-0.2475	0.	-4.5e-002	-1.1553e-002
2861	-0.2925	0.	-4.5e-002	-1.0585e-002
2867	-0.32625	0.	-4.5e-002	7.4082e-003
2871	-0.34875	0.	-4.5e-002	4.4049e-002
2877	-0.36	0.	-5.0625e-002	5.3584e-002
3475	-0.34875	0.	-6.75e-002	1.5669e-002
3476	-0.32625	0.	-6.75e-002	-8.8895e-003
3482	-0.36	0.	-6.1875e-002	3.5233e-002
3487	-0.2925	0.	-6.75e-002	-2.8159e-002
3491	-0.2475	0.	-6.75e-002	-3.4911e-002
3496	-0.2025	0.	-6.75e-002	-3.6954e-002
3501	-0.1575	0.	-6.75e-002	-3.6898e-002
3506	-0.1125	0.	-6.75e-002	-3.473e-002
3511	-6.75e-002	0.	-6.75e-002	-2.8417e-002
3516	-3.375e-002	0.	-6.75e-002	-9.7843e-003
3521	-1.125e-002	0.	-6.75e-002	1.4913e-002
3525	0.	0.	-6.1875e-002	3.481e-002
170	0.	0.	-4.5e-002	0.15793
179	-0.36	0.	-4.5e-002	0.16216
273	-0.3375	0.	-6.75e-002	-2.2838e-003
274	-0.36	0.	-6.75e-002	3.4102e-002
275	-0.315	0.	-6.75e-002	-2.1891e-002
276	-0.27	0.	-6.75e-002	-3.2549e-002
277	-0.225	0.	-6.75e-002	-3.709e-002
278	-0.18	0.	-6.75e-002	-3.7129e-002
279	-0.135	0.	-6.75e-002	-3.616e-002
280	-9.e-002	0.	-6.75e-002	-3.2772e-002
281	-4.5e-002	0.	-6.75e-002	-2.0417e-002
282	-2.25e-002	0.	-6.75e-002	-6.76e-003
283	0.	0.	-6.75e-002	2.3318e-002
293	-0.36	0.	-5.625e-002	0.10053
297	0.	0.	-5.625e-002	0.10091
364	1.	0.	-9.7045e-002	3.3234e-004
365	1.	0.	-0.19409	2.9735e-004
366	1.	0.	-0.29114	2.64e-004
367	1.	0.	-0.38818	2.3554e-004
368	1.	0.	-0.48523	1.7676e-004
369	1.	0.	-0.58227	1.4566e-004
370	1.	0.	-0.67932	1.1306e-004
371	1.	0.	-0.77636	7.5013e-005
372	1.	0.	-0.87341	4.7228e-005
373	1.	0.	-0.97045	2.3126e-005
384	0.90167	0.	-1.0675	1.2615e-005
385	0.80333	0.	-1.0675	1.2838e-005
386	0.705	0.	-1.0675	1.1151e-005
387	0.60667	0.	-1.0675	1.0652e-005
388	0.50833	0.	-1.0675	6.0258e-006
389	0.41	0.	-1.0675	5.2548e-006
390	0.31167	0.	-1.0675	2.9224e-006
391	0.21333	0.	-1.0675	-5.4597e-006
392	0.115	0.	-1.0675	-1.139e-005
393	1.6667e-002	0.	-1.0675	-1.4163e-005
394	-8.1667e-002	0.	-1.0675	-2.7882e-005
395	-0.18	0.	-1.0675	-2.9067e-005
396	-0.27833	0.	-1.0675	-2.066e-005
397	-0.37667	0.	-1.0675	-2.1582e-005
398	-0.475	0.	-1.0675	-1.2021e-005
399	-0.57333	0.	-1.0675	-7.1902e-006
400	-0.67167	0.	-1.0675	1.8371e-006
401	-0.77	0.	-1.0675	8.5366e-006
402	-0.86833	0.	-1.0675	1.0175e-005
403	-0.96667	0.	-1.0675	1.2955e-005
404	-1.065	0.	-1.0675	1.6638e-005
405	-1.1633	0.	-1.0675	1.1767e-005
406	-1.2617	0.	-1.0675	1.0072e-005
412	-1.36	0.	-0.97045	1.8593e-005
413	-1.36	0.	-0.87341	5.022e-005
414	-1.36	0.	-0.77636	8.026e-005
415	-1.36	0.	-0.67932	1.0597e-004
416	-1.36	0.	-0.58227	1.4441e-004
417	-1.36	0.	-0.48523	1.9537e-004
418	-1.36	0.	-0.38818	2.2452e-004
419	-1.36	0.	-0.29114	2.6787e-004
420	-1.36	0.	-0.19409	3.0498e-004
421	-1.36	0.	-9.7045e-002	3.2172e-004
427	0.1	0.	0.	3.528e-002
428	0.2	0.	0.	8.9245e-003
429	0.3	0.	0.	2.9415e-003
430	0.4	0.	0.	1.9713e-003
431	0.5	0.	0.	1.2403e-003
432	0.6	0.	0.	8.3666e-004
433	0.7	0.	0.	5.729e-004
434	0.8	0.	0.	4.1644e-004
435	0.9	0.	0.	3.5391e-004
436	-1.26	0.	0.	3.4471e-004
437	-1.16	0.	0.	4.1827e-004
438	-1.06	0.	0.	6.0385e-004
439	-0.96	0.	0.	7.879e-004
440	-0.86	0.	0.	1.2396e-003
441	-0.76	0.	0.	2.3575e-003
442	-0.66	0.	0.	4.1902e-003
443	-0.56	0.	0.	8.3013e-003
444	-0.46	0.	0.	3.6865e-002
541	0.	0.	0.	0.18364
542	-0.36	0.	0.	0.1752
547	1.	0.	-1.0675	9.7371e-006
548	1.	0.	0.	3.2881e-004
549	-1.36	0.	-1.0675	8.5281e-006
550	-1.36	0.	0.	3.2887e-004
719	0.12084	0.	-0.39916	2.0242e-005
720	-0.53584	0.	-0.73895	-4.7789e-005
721	-0.48829	0.	-0.41184	1.0566e-004
722	0.56722	0.	-0.47516	3.0951e-004
723	-0.22722	0.	-0.58359	-5.9413e-004
724	-0.40011	0.	-0.23814	-8.636e-005
725	5.2816e-002	0.	-0.24501	9.1994e-004
726	-0.96984	0.	-0.6232	1.5688e-004
727	0.22166	0.	-0.75064	-6.6411e-006
728	-0.17539	0.	-0.2295	-8.0892e-003
729	-0.71389	0.	-0.50527	3.0744e-004
730	-0.14858	0.	-0.80692	-1.9568e-004
731	-0.20285	0.	-0.38887	-1.9848e-003
732	-1.0209	0.	-0.29113	4.4423e-004
733	-7.4281e-003	0.	-0.66522	-2.8283e-004
734	0.6162	0.	-0.77386	8.2486e-005
735	0.20259	0.	-0.26722	1.8665e-003
736	-9.5892e-002	0.	-0.11094	-2.3975e-002
737	-0.22046	0.	-0.1844	-1.2721e-002
738	0.2566	0.	-0.45088	3.3656e-004
739	-0.70017	0.	-0.16064	2.1222e-003
740	-0.11513	0.	-0.3578	-2.3302e-003
741	0.581	0.	-0.31937	5.3426e-004
742	-0.37731	0.	-0.12306	9.8949e-003
743	3.463e-002	0.	-0.17861	2.6983e-003
744	-4.8056e-002	0.	-0.54898	-6.2714e-004
745	-0.9345	0.	-0.79781	6.6445e-005
746	-0.38627	0.	-0.79214	-1.1273e-004
747	-1.2217	0.	-0.82118	6.7126e-005
748	0.45856	0.	-0.29053	8.3692e-004
749	-0.44921	0.	-0.50662	-2.1297e-004
750	0.71145	0.	-0.53862	2.0531e-004
751	-0.10814	0.	-0.21092	-8.3659e-003
752	-0.33513	0.	-0.2926	-1.9103e-003
753	0.33684	0.	-0.6559	8.3105e-005
754	0.37021	0.	-0.80615	3.6077e-005
755	0.12951	0.	-0.51961	-2.507e-005
756	-4.3571e-002	0.	-0.76478	-1.8111e-004
757	0.78069	0.	-0.2298	3.6159e-004
758	-0.32941	0.	-0.46102	-9.3548e-004
759	-1.1398	0.	-0.55854	1.7144e-004
760	-0.673	0.	-0.94345	5.7702e-006
761	-0.57984	0.	-0.25481	1.9278e-003
762	-0.69593	0.	-0.33684	8.3319e-004
763	-0.84495	0.	-0.23664	9.7242e-004
764	-0.85041	0.	-0.39744	4.776e-004
765	0.86794	0.	-0.76356	8.5349e-005
766	0.3013	0.	-0.13361	3.5563e-003
767	0.18163	0.	-0.16503	5.1121e-003
768	0.1222	0.	-0.10009	1.2524e-002
769	6.5023e-002	0.	-0.1083	1.8485e-002
770	-2.0589e-004	0.	-0.3707	-9.9213e-004
771	-0.15136	0.	-0.14604	-2.2742e-002
772	-0.38032	0.	-0.94011	-4.7773e-005
773	2.7642e-003	0.	-0.11997	4.7388e-003
774	0.153	0.	-0.91719	-2.1162e-005
775	-0.31931	0.	-0.67989	-3.1952e-004
776	-1.2086	0.	-0.25347	3.2586e-004
777	-0.76216	0.	-0.79286	5.9171e-005
778	-5.0354e-002	0.	-0.30039	-2.836e-003
779	-7.4385e-002	0.	-0.44767	-1.1493e-003
780	-0.49867	0.	-0.1	1.2301e-002
781	-0.43311	0.	-9.5367e-002	2.1447e-002
782	0.47549	0.	-0.71641	9.3555e-005
783	-0.25786	0.	-0.25384	-5.6282e-003
784	-0.96254	0.	-0.94408	2.302e-005
785	0.4088	0.	-0.46989	3.5986e-004
786	-0.19438	0.	-0.6925	-3.0506e-004
787	-0.58889	0.	-0.45305	2.3384e-004
788	0.5342	0.	-0.15377	1.0101e-003
789	-0.57556	0.	-0.5787	2.9061e-005
790	-0.51172	0.	-0.90778	-3.2568e-005
791	0.8133	0.	-0.92217	3.7391e-005
792	-1.0852	0.	-0.72303	1.1545e-004
793	0.86436	0.	-0.45022	2.1166e-004
794	0.31751	0.	-0.2597	1.3168e-003
795	0.42107	0.	-0.96442	1.3695e-005
796	-0.19082	0.	-0.30361	-4.1583e-003
797	-0.81989	0.	-0.92377	2.9387e-005
798	-0.26648	0.	-0.34039	-2.8225e-003
799	-1.0031	0.	-0.47818	2.8281e-004
800	-3.7823e-002	0.	-0.18681	-4.1866e-003
801	3.0333e-003	0.	-0.9644	-4.4739e-005
802	-0.32495	0.	-0.22905	-3.5006e-003
803	0.59021	0.	-0.63554	1.6593e-004
804	-0.95626	0.	-0.11541	7.47e-004
805	-0.44182	0.	-0.64157	-1.774e-004
806	2.7917e-002	0.	-0.47491	-4.9823e-004
807	-0.38546	0.	-7.3853e-002	4.5055e-002
808	-1.1538	0.	-0.40523	2.6685e-004
809	0.65179	0.	-0.92618	3.0256e-005
810	-0.31933	0.	-0.10917	-9.7087e-003
811	-0.14517	0.	-0.51471	-9.8789e-004
812	-0.83889	0.	-0.55748	2.2692e-004
813	6.9545e-002	0.	-0.77866	-9.7881e-005
814	0.11238	0.	-0.63694	-1.6442e-004
815	0.45093	0.	-0.58156	1.9378e-004
816	-0.33039	0.	-0.56287	-5.2997e-004
817	2.3482e-002	0.	-7.4232e-002	3.5106e-002
818	0.67064	0.	-0.22308	5.624e-004
819	-0.51934	0.	-0.19214	4.2973e-003
820	-0.12122	0.	-0.62074	-4.9798e-004
821	-0.33635	0.	-0.37537	-1.4297e-003
822	0.28412	0.	-0.93259	1.8536e-006
823	0.72762	0.	-0.36695	3.2675e-004
824	0.23051	0.	-0.58262	6.9385e-005
825	-0.58197	0.	-0.14275	4.5974e-003
826	-1.2388	0.	-0.68432	1.1456e-004
827	0.8788	0.	-0.59707	1.415e-004
828	-0.25198	0.	-0.12462	-2.199e-002
829	-0.23352	0.	-0.48123	-1.2153e-003
830	0.87118	0.	-0.13806	3.5017e-004
831	-0.14899	0.	-0.94249	-8.1515e-005
832	-0.70048	0.	-0.66574	8.5018e-005
833	-0.42776	0.	-0.3276	-1.3573e-004
834	7.7917e-002	0.	-0.3175	1.e-004
835	-0.11758	0.	-0.27341	-4.4736e-003
836	-4.9221e-002	0.	-0.13068	-1.0641e-002
837	0.40384	0.	-0.18356	1.4849e-003
838	-2.3443e-002	0.	-9.3479e-002	-7.0104e-003
839	-1.2407	0.	-0.11473	3.4335e-004
840	-0.8203	0.	-0.10958	1.6575e-003
841	-0.26569	0.	-0.86802	-1.0367e-004
842	0.52924	0.	-0.85448	4.6679e-005
843	0.33673	0.	-0.54817	1.9683e-004
844	-0.10303	0.	-0.71003	-2.713e-004
845	0.72309	0.	-0.68838	1.1555e-004
846	-0.3567	0.	-0.1756	-1.0544e-003
847	3.8375e-002	0.	-0.57913	-3.1891e-004
848	-0.83966	0.	-0.68032	1.1266e-004
849	0.12727	0.	-0.25069	2.1387e-003
850	-1.1022	0.	-0.8974	4.4529e-005
851	-1.234	0.	-0.95194	2.4019e-005
852	0.89202	0.	-0.30383	2.8189e-004
853	-0.28085	0.	-0.18441	-8.3529e-003
854	-0.43763	0.	-0.16975	5.2892e-003
855	-1.1045	0.	-0.13858	4.5992e-004
856	1.1756e-002	0.	-0.2975	-8.6714e-004
857	0.15192	0.	-0.32221	9.0194e-004
858	-8.8163e-002	0.	-0.1581	-1.2817e-002
859	-0.20507	0.	-0.1284	-2.4756e-002
860	0.40763	0.	-8.0204e-002	1.8349e-003
861	-0.24915	0.	-0.76865	-1.9661e-004
862	-0.27372	0.	-0.40938	-1.5998e-003
863	0.93302	0.	-0.85944	5.0989e-005
864	0.54342	0.	-0.97602	1.5292e-005
865	0.22792	0.	-0.34915	9.014e-004
866	-9.4562e-003	0.	-0.24274	-1.955e-003
867	-0.15175	0.	-0.4343	-1.6244e-003
868	-0.47918	0.	-0.25049	1.6835e-003
869	-0.57323	0.	-0.35298	7.3601e-004
870	0.36904	0.	-0.37435	6.4298e-004
871	-0.40236	0.	-0.41894	-4.5797e-004
872	-0.26701	0.	-0.96681	-4.0048e-005
873	0.72738	0.	-0.82214	6.7873e-005
874	0.48098	0.	-0.38753	5.3244e-004
875	-1.2696	0.	-0.36257	2.4713e-004
876	-0.63736	0.	-0.80661	7.2924e-006
877	0.64937	0.	-9.8782e-002	6.5349e-004
878	0.74202	0.	-0.11706	4.8459e-004
879	9.2897e-002	0.	-0.17719	6.3572e-003
880	-6.8116e-002	0.	-0.86743	-1.1396e-004
881	-6.4244e-002	0.	-0.24178	-4.3088e-003
882	-0.35945	0.	-8.9957e-002	1.2652e-002
883	-1.2692	0.	-0.49692	1.7816e-004
884	-6.1607e-002	0.	-9.5813e-002	-2.1138e-002
1374	-0.39722	0.	-2.717e-002	0.10049
1375	-0.41494	0.	-4.5322e-002	4.6925e-002
1376	-0.37764	0.	-5.4279e-002	8.9843e-002
1380	1.5343e-002	0.	-5.5175e-002	8.8664e-002
1381	5.3237e-002	0.	-4.7438e-002	4.7288e-002
1382	3.734e-002	0.	-2.7836e-002	9.8247e-002
2837	0.	0.	-5.0625e-002	0.12942
2838	0.	0.	-2.25e-002	0.17079
2839	7.6716e-003	0.	-5.0087e-002	0.1233
2840	1.867e-002	0.	-3.6418e-002	0.12809
2877	-0.36	0.	-5.0625e-002	0.13135
2878	-0.36	0.	-2.25e-002	0.16868
2879	-0.37861	0.	-3.6085e-002	0.13132
2880	-0.36882	0.	-4.964e-002	0.126
3475	-0.34875	0.	-6.75e-002	1.5909e-002
3476	-0.32625	0.	-6.75e-002	-1.2087e-002
3477	-0.32841	0.	-8.8333e-002	-5.9963e-003
3478	-0.34848	0.	-7.8729e-002	5.1842e-003
3482	-0.36	0.	-6.1875e-002	6.7317e-002
3483	-0.37273	0.	-7.0676e-002	3.9579e-002
3484	-0.35973	0.	-7.8729e-002	2.3377e-002
3485	-0.36882	0.	-6.089e-002	6.1973e-002
3487	-0.2925	0.	-6.75e-002	-2.722e-002
3488	-0.31716	0.	-8.8333e-002	-1.58e-002
3491	-0.2475	0.	-6.75e-002	-3.4819e-002
3492	-0.29466	0.	-8.8333e-002	-2.1129e-002
3493	-0.26099	0.	-9.6062e-002	-2.727e-002
3496	-0.2025	0.	-6.75e-002	-3.7109e-002
3497	-0.23849	0.	-9.6062e-002	-2.954e-002
3498	-0.21504	0.	-9.795e-002	-3.0923e-002
3501	-0.1575	0.	-6.75e-002	-3.6645e-002
3502	-0.16568	0.	-0.10677	-2.9936e-002
3503	-0.19254	0.	-9.795e-002	-3.0943e-002
3506	-0.1125	0.	-6.75e-002	-3.4466e-002
3507	-0.11545	0.	-8.9219e-002	-3.0067e-002
3508	-0.14318	0.	-0.10677	-2.9451e-002
3511	-6.75e-002	0.	-6.75e-002	-2.6594e-002
3512	-9.2946e-002	0.	-8.9219e-002	-2.8373e-002
3513	-7.5803e-002	0.	-8.1657e-002	-2.6955e-002
3516	-3.375e-002	0.	-6.75e-002	-1.3588e-002
3517	-3.4222e-002	0.	-8.0489e-002	-1.3714e-002
3518	-5.3303e-002	0.	-8.1657e-002	-2.0777e-002
3521	-1.125e-002	0.	-6.75e-002	8.2791e-003
3522	-2.2972e-002	0.	-8.0489e-002	-6.8852e-003
3525	0.	0.	-6.1875e-002	6.2112e-002
3526	1.3821e-003	0.	-9.3735e-002	1.4028e-002
3527	1.1741e-002	0.	-7.0866e-002	2.9212e-002
3528	-1.1722e-002	0.	-8.0489e-002	8.1539e-003
3529	7.6716e-003	0.	-6.1337e-002	5.5991e-002
3600	-0.36882	0.	-5.5265e-002	9.5187e-002
3611	7.6716e-003	0.	-5.5712e-002	9.4785e-002
4046	1.	0.	-0.14557	3.1484e-004
4048	0.95	0.	-4.8523e-002	3.4312e-004
4049	1.	0.	-4.8523e-002	3.3057e-004
4050	0.93559	0.	-0.11755	3.4125e-004
4053	1.	0.	-0.24261	2.8068e-004
4054	0.93559	0.	-0.16608	3.2376e-004
4055	0.94601	0.	-0.24896	2.8962e-004
4059	1.	0.	-0.33966	2.4977e-004
4060	0.94601	0.	-0.29748	2.7295e-004
4062	1.	0.	-0.4367	2.0615e-004
4063	0.93218	0.	-0.4192	2.236e-004
4064	0.94601	0.	-0.34601	2.5872e-004
4068	1.	0.	-0.53375	1.6121e-004
4069	0.93218	0.	-0.46772	1.9421e-004
4070	0.9394	0.	-0.54115	1.5913e-004
4074	1.	0.	-0.6308	1.2936e-004
4075	0.9394	0.	-0.58967	1.4358e-004
4077	1.	0.	-0.72784	9.4038e-005
4078	0.93397	0.	-0.72144	9.9206e-005
4079	0.9394	0.	-0.6382	1.2728e-004
4082	1.	0.	-0.82489	6.112e-005
4083	0.93397	0.	-0.76996	8.0181e-005
4084	0.96651	0.	-0.8179	6.3001e-005
4087	1.	0.	-0.92193	3.5177e-005
4088	0.96651	0.	-0.86643	4.9108e-005
4092	0.95083	0.	-1.019	1.7871e-005
4093	1.	0.	-1.019	1.6432e-005
4094	0.90665	0.	-0.94631	3.0259e-005
4095	0.96651	0.	-0.91495	3.7058e-005
4162	0.8525	0.	-1.0675	1.2727e-005
4163	0.95083	0.	-1.0675	1.1176e-005
4164	0.85748	0.	-0.99484	2.5003e-005
4167	0.75417	0.	-1.0675	1.1994e-005
4168	0.80832	0.	-0.99484	2.5114e-005
4172	0.65583	0.	-1.0675	1.0901e-005
4173	0.75915	0.	-0.99484	2.4271e-005
4174	0.6784	0.	-0.99684	2.0703e-005
4176	0.5575	0.	-1.0675	8.3391e-006
4177	0.62923	0.	-0.99684	2.0454e-005
4178	0.57504	0.	-1.0218	1.2972e-005
4181	0.45917	0.	-1.0675	5.6403e-006
4182	0.4647	0.	-1.016	9.8602e-006
4183	0.52588	0.	-1.0218	1.0659e-005
4186	0.36083	0.	-1.0675	4.0886e-006
4187	0.41554	0.	-1.016	9.4747e-006
4189	0.2625	0.	-1.0675	-1.2686e-006
4190	0.36637	0.	-1.016	8.3085e-006
4191	0.29789	0.	-1.	2.388e-006
4196	0.16417	0.	-1.0675	-8.425e-006
4197	0.18317	0.	-0.99235	-1.3311e-005
4198	0.24873	0.	-1.	-1.803e-006
4202	6.5833e-002	0.	-1.0675	-1.2777e-005
4203	0.134	0.	-0.99235	-1.6276e-005
4204	5.9017e-002	0.	-1.0159	-2.8065e-005
4206	-3.25e-002	0.	-1.0675	-2.1023e-005
4207	9.85e-003	0.	-1.0159	-2.9451e-005
4210	-0.13083	0.	-1.0675	-2.8474e-005
4211	-3.9317e-002	0.	-1.0159	-3.6311e-005
4212	-0.11533	0.	-1.005	-5.4698e-005
4216	-0.22917	0.	-1.0675	-2.4863e-005
4217	-0.1645	0.	-1.005	-5.5291e-005
4218	-0.2235	0.	-1.0172	-3.4558e-005
4221	-0.3275	0.	-1.0675	-2.1121e-005
4222	-0.27267	0.	-1.0172	-3.0354e-005
4226	-0.42583	0.	-1.0675	-1.6801e-005
4227	-0.37849	0.	-1.0038	-3.4677e-005
4228	-0.32184	0.	-1.0172	-3.0815e-005
4232	-0.52417	0.	-1.0675	-9.6056e-006
4233	-0.42766	0.	-1.0038	-2.9897e-005
4234	-0.49336	0.	-0.98764	-2.2295e-005
4236	-0.6225	0.	-1.0675	-2.6766e-006
4237	-0.62317	0.	-1.0055	-7.1e-007
4238	-0.54253	0.	-0.98764	-1.9879e-005
4242	-0.72083	0.	-1.0675	5.1869e-006
4243	-0.67233	0.	-1.0055	3.8037e-006
4246	-0.81917	0.	-1.0675	9.3556e-006
4247	-0.7215	0.	-1.0055	7.1534e-006
4248	-0.79494	0.	-0.99563	1.8962e-005
4252	-0.9175	0.	-1.0675	1.1565e-005
4253	-0.91544	0.	-1.0058	1.6597e-005
4254	-0.84411	0.	-0.99563	1.9781e-005
4256	-1.0158	0.	-1.0675	1.4796e-005
4257	-0.9646	0.	-1.0058	1.7988e-005
4262	-1.1142	0.	-1.0675	1.4202e-005
4263	-1.0138	0.	-1.0058	1.9829e-005
4264	-1.0836	0.	-0.98245	3.0583e-005
4267	-1.2125	0.	-1.0675	1.0919e-005
4268	-1.1328	0.	-0.98245	2.8148e-005
4269	-1.1987	0.	-1.0097	1.7893e-005
4273	-1.3108	0.	-1.019	1.4332e-005
4274	-1.3108	0.	-1.0675	9.2998e-006
4275	-1.2479	0.	-1.0097	1.7045e-005
4307	-1.36	0.	-0.92193	3.4407e-005
4308	-1.36	0.	-1.019	1.3561e-005
4309	-1.297	0.	-0.9612	2.1306e-005
4311	-1.36	0.	-0.82489	6.524e-005
4312	-1.2909	0.	-0.84729	5.8673e-005
4313	-1.297	0.	-0.91267	3.7119e-005
4317	-1.36	0.	-0.72784	9.3114e-005
4318	-1.2909	0.	-0.79877	7.3693e-005
4319	-1.2994	0.	-0.73034	9.741e-005
4321	-1.36	0.	-0.6308	1.2519e-004
4322	-1.2994	0.	-0.68182	1.1026e-004
4325	-1.36	0.	-0.53375	1.6989e-004
4326	-1.2994	0.	-0.63329	1.2949e-004
4327	-1.3146	0.	-0.53959	1.6129e-004
4330	-1.36	0.	-0.4367	2.0994e-004
4331	-1.3146	0.	-0.49107	1.8677e-004
4335	-1.36	0.	-0.33966	2.462e-004
4336	-1.3148	0.	-0.37537	2.3582e-004
4337	-1.3146	0.	-0.44255	2.0134e-004
4340	-1.36	0.	-0.24261	2.8643e-004
4341	-1.2843	0.	-0.2723	2.9686e-004
4342	-1.3148	0.	-0.32685	2.575e-004
4346	-1.36	0.	-0.14557	3.1335e-004
4347	-1.2843	0.	-0.22378	3.1542e-004
4348	-1.3003	0.	-0.15441	3.2416e-004
4351	-1.31	0.	-4.8523e-002	3.3322e-004
4352	-1.36	0.	-4.8523e-002	3.2529e-004
4353	-1.3003	0.	-0.10589	3.3253e-004
4395	0.15	0.	0.	2.2102e-002
4396	5.e-002	0.	0.	0.10946
4398	0.1111	0.	-5.0043e-002	2.3902e-002
4404	7.6618e-002	0.	-2.3719e-002	4.1284e-002
4405	6.867e-002	0.	-1.3918e-002	6.6764e-002
4412	0.25	0.	0.	5.933e-003
4415	0.25065	0.	-6.6806e-002	6.2404e-003
4416	0.19081	0.	-8.2515e-002	7.0183e-003
4417	0.1611	0.	-5.0043e-002	1.0724e-002
4423	0.35	0.	0.	2.4564e-003
4426	0.30065	0.	-6.6806e-002	3.2489e-003
4427	0.35382	0.	-4.0102e-002	2.3882e-003
4433	0.45	0.	0.	1.6058e-003
4435	0.40382	0.	-4.0102e-002	1.9031e-003
4439	0.55	0.	0.	1.0385e-003
4442	0.5171	0.	-7.6886e-002	1.1252e-003
4443	0.45382	0.	-4.0102e-002	1.5376e-003
4448	0.65	0.	0.	7.0478e-004
4451	0.5671	0.	-7.6886e-002	9.2337e-004
4452	0.62469	0.	-4.9391e-002	7.4507e-004
4458	0.75	0.	0.	4.9467e-004
4461	0.67469	0.	-4.9391e-002	6.132e-004
4462	0.72101	0.	-5.8529e-002	5.2874e-004
4464	0.85	0.	0.	3.8518e-004
4467	0.83559	0.	-6.9031e-002	3.8331e-004
4468	0.77101	0.	-5.8529e-002	4.5052e-004
4475	0.95	0.	0.	3.4136e-004
4477	0.88559	0.	-6.9031e-002	3.5204e-004
4482	-1.21	0.	0.	3.8149e-004
4484	-1.31	0.	0.	3.3679e-004
4486	-1.2503	0.	-5.7367e-002	3.4403e-004
4488	-1.11	0.	0.	5.1106e-004
4491	-1.2003	0.	-5.7367e-002	3.8081e-004
4492	-1.1322	0.	-6.929e-002	4.391e-004
4499	-1.01	0.	0.	6.9588e-004
4502	-1.0081	0.	-5.7705e-002	6.7543e-004
4503	-1.0822	0.	-6.929e-002	5.3188e-004
4506	-0.91	0.	0.	1.0138e-003
4509	-0.95813	0.	-5.7705e-002	7.6745e-004
4514	-0.81	0.	0.	1.7986e-003
4518	-0.90813	0.	-5.7705e-002	9.933e-004
4519	-0.84015	0.	-5.4788e-002	1.4486e-003
4525	-0.71	0.	0.	3.2739e-003
4527	-0.73008	0.	-8.0319e-002	2.2399e-003
4528	-0.79015	0.	-5.4788e-002	2.0075e-003
4532	-0.61	0.	0.	6.2457e-003
4535	-0.68008	0.	-8.0319e-002	3.1562e-003
4536	-0.62098	0.	-7.1376e-002	4.3938e-003
4543	-0.51	0.	0.	2.2583e-002
4546	-0.52934	0.	-5.0001e-002	1.0301e-002
4547	-0.57098	0.	-7.1376e-002	6.4493e-003
4553	-0.41	0.	0.	0.10603
4555	-0.47934	0.	-5.0001e-002	2.4583e-002
4558	-0.42861	0.	-1.3585e-002	6.8676e-002
4559	-0.43747	0.	-2.2661e-002	4.1895e-002
5069	1.867e-002	0.	-1.3918e-002	0.14094
5078	-0.37861	0.	-1.3585e-002	0.13784
6094	0.18872	0.	-0.42502	1.784e-004
6095	0.12517	0.	-0.45938	-2.414e-006
6096	6.0317e-002	0.	-0.38493	-4.8595e-004
6097	7.4379e-002	0.	-0.43703	-2.3899e-004
6098	9.9379e-002	0.	-0.35833	6.0122e-005
6099	0.13638	0.	-0.36068	4.6109e-004
6100	0.17438	0.	-0.37415	4.6082e-004
6104	-0.46105	0.	-0.76554	-8.0258e-005
6105	-0.5557	0.	-0.65883	-9.3639e-006
6106	-0.52378	0.	-0.82336	-4.0179e-005
6107	-0.48883	0.	-0.69026	-1.126e-004
6108	-0.61816	0.	-0.70235	1.8614e-005
6109	-0.5866	0.	-0.77278	-2.0248e-005
6112	-0.46875	0.	-0.45923	-5.3656e-005
6113	-0.53859	0.	-0.43244	1.6975e-004
6114	-0.45802	0.	-0.36972	-1.5036e-005
6115	-0.53076	0.	-0.38241	4.2084e-004
6116	-0.44532	0.	-0.41539	-1.7616e-004
6121	0.57411	0.	-0.39726	4.2189e-004
6122	0.63934	0.	-0.50689	2.5741e-004
6123	0.48801	0.	-0.47252	3.3468e-004
6124	0.57872	0.	-0.55535	2.3772e-004
6125	0.50908	0.	-0.52836	2.5164e-004
6126	0.64742	0.	-0.42105	3.1813e-004
6127	0.5241	0.	-0.43134	4.2098e-004
6131	-0.27327	0.	-0.63174	-4.5682e-004
6132	-0.2108	0.	-0.63804	-4.496e-004
6133	-0.18619	0.	-0.54915	-7.9101e-004
6134	-0.27881	0.	-0.57323	-5.6205e-004
6135	-0.17422	0.	-0.60216	-5.4605e-004
6136	-0.23037	0.	-0.53241	-9.047e-004
6142	-0.36762	0.	-0.26537	-9.9834e-004
6143	-0.36253	0.	-0.2336	-1.7935e-003
6144	-0.41393	0.	-0.28287	-1.1105e-004
6145	-0.3784	0.	-0.20687	-5.7039e-004
6146	-0.41887	0.	-0.20395	2.6014e-003
6147	-0.43964	0.	-0.24431	7.9857e-004
6151	4.3723e-002	0.	-0.21181	1.8091e-003
6152	6.5366e-002	0.	-0.28126	5.0997e-004
6153	9.0042e-002	0.	-0.24785	1.5293e-003
6154	3.2286e-002	0.	-0.27125	2.6398e-005
6155	2.168e-002	0.	-0.24388	-5.1754e-004
6156	7.2856e-002	0.	-0.2111	3.6385e-003
6160	-0.95217	0.	-0.7105	1.1166e-004
6161	-1.0548	0.	-0.59087	1.6416e-004
6162	-1.0275	0.	-0.67312	1.3616e-004
6163	-0.98648	0.	-0.55069	2.1984e-004
6164	-0.90437	0.	-0.59034	1.919e-004
6165	-0.90475	0.	-0.65176	1.3477e-004
6169	0.27925	0.	-0.70327	3.8232e-005
6170	0.29594	0.	-0.77839	1.4718e-005
6171	0.18733	0.	-0.83391	-1.3902e-005
6172	0.1456	0.	-0.76465	-5.2261e-005
6173	0.16702	0.	-0.69379	-8.5532e-005
6174	0.25289	0.	-0.84161	-2.3937e-006
6175	0.22609	0.	-0.66663	3.1372e-005
6178	-0.19793	0.	-0.20695	-1.0405e-002
6179	-0.14177	0.	-0.22021	-8.2276e-003
6180	-0.16338	0.	-0.18777	-1.5416e-002
6181	-0.21663	0.	-0.24167	-6.8587e-003
6182	-0.18311	0.	-0.26656	-6.1238e-003
6183	-0.14648	0.	-0.25146	-6.2814e-003
6187	-0.70491	0.	-0.42105	5.7032e-004
6188	-0.78215	0.	-0.45135	3.9252e-004
6189	-0.65139	0.	-0.47916	2.7064e-004
6190	-0.64472	0.	-0.54198	1.6825e-004
6191	-0.77639	0.	-0.53137	2.6718e-004
6192	-0.70718	0.	-0.5855	1.9623e-004
6197	-9.6076e-002	0.	-0.78585	-1.8839e-004
6198	-0.17148	0.	-0.74971	-2.5037e-004
6199	-0.14879	0.	-0.8747	-1.386e-004
6200	-0.20714	0.	-0.83747	-1.4967e-004
6201	-0.12581	0.	-0.75847	-2.3349e-004
6202	-0.19886	0.	-0.78778	-1.9615e-004
6203	-0.10835	0.	-0.83717	-1.5482e-004
6207	-0.15899	0.	-0.37334	-2.1575e-003
6208	-0.19684	0.	-0.34624	-3.0715e-003
6209	-0.23466	0.	-0.36463	-2.4036e-003
6210	-0.21818	0.	-0.43505	-1.6e-003
6211	-0.23829	0.	-0.39913	-1.7923e-003
6212	-0.1773	0.	-0.41159	-1.8046e-003
6216	-0.93292	0.	-0.26388	7.0833e-004
6217	-0.93565	0.	-0.34428	4.6091e-004
6218	-1.1148	0.	-0.2723	3.8504e-004
6219	-1.012	0.	-0.38466	3.6352e-004
6220	-0.98857	0.	-0.20327	5.9562e-004
6221	-1.0873	0.	-0.34818	3.5554e-004
6222	-1.0627	0.	-0.21485	4.5207e-004
6226	-2.7742e-002	0.	-0.6071	-4.5499e-004
6227	-2.55e-002	0.	-0.715	-2.3197e-004
6228	3.1059e-002	0.	-0.72194	-1.9036e-004
6229	5.2478e-002	0.	-0.65108	-2.2363e-004
6230	-6.4322e-002	0.	-0.64298	-3.9041e-004
6231	-5.5231e-002	0.	-0.68762	-2.7707e-004
6232	1.5474e-002	0.	-0.62218	-3.0087e-004
6237	0.54584	0.	-0.74513	8.802e-005
6238	0.6032	0.	-0.7047	1.2421e-004
6239	0.63399	0.	-0.85002	5.6371e-005
6240	0.57272	0.	-0.81417	6.4582e-005
6241	0.66964	0.	-0.73112	9.9018e-005
6242	0.67179	0.	-0.798	7.5179e-005
6248	0.25194	0.	-0.20042	2.7114e-003
6249	0.19211	0.	-0.21613	3.4893e-003
6250	0.26005	0.	-0.26346	1.5916e-003
6251	0.16493	0.	-0.25896	2.0026e-003
6252	0.17726	0.	-0.29472	1.3842e-003
6253	0.21525	0.	-0.30818	1.3839e-003
6258	-0.12363	0.	-0.12849	-2.3359e-002
6259	-7.2556e-002	0.	-0.12081	-1.7308e-002
6260	-9.2027e-002	0.	-0.13452	-1.8396e-002
6261	-7.8749e-002	0.	-0.10338	-2.2556e-002
6265	-0.18591	0.	-0.16522	-1.7732e-002
6266	-0.23916	0.	-0.21912	-9.1748e-003
6267	-0.23622	0.	-0.15451	-1.7356e-002
6268	-0.25065	0.	-0.1844	-1.0537e-002
6269	-0.21277	0.	-0.1564	-1.8739e-002
6274	0.19305	0.	-0.48524	1.5574e-004
6275	0.3327	0.	-0.46038	3.4821e-004
6276	0.24355	0.	-0.51675	2.0297e-004
6277	0.29666	0.	-0.49952	2.667e-004
6278	0.24226	0.	-0.40001	6.1898e-004
6279	0.31282	0.	-0.41261	4.8977e-004
6283	-0.64	0.	-0.20772	2.025e-003
6284	-0.69805	0.	-0.24874	1.4777e-003
6285	-0.77256	0.	-0.19864	1.5473e-003
6286	-0.64107	0.	-0.15169	3.3598e-003
6287	-0.76024	0.	-0.13511	1.8898e-003
6292	-5.7669e-002	0.	-0.36425	-1.6612e-003
6293	-8.2743e-002	0.	-0.32909	-2.5831e-003
6294	-9.4758e-002	0.	-0.40273	-1.7398e-003
6295	-0.15298	0.	-0.3307	-3.2443e-003
6296	-0.11635	0.	-0.3156	-3.4019e-003
6297	-0.13344	0.	-0.39605	-1.9773e-003
6303	0.51978	0.	-0.30495	6.8559e-004
6304	0.5576	0.	-0.23657	7.7218e-004
6305	0.62582	0.	-0.27123	5.4833e-004
6306	0.65431	0.	-0.34316	4.3051e-004
6307	0.53099	0.	-0.35345	5.3335e-004
6311	-0.40521	0.	-0.10921	1.5671e-002
6312	-0.38139	0.	-9.8454e-002	2.7475e-002
6313	-0.34832	0.	-0.11611	9.3077e-005
6314	-0.36701	0.	-0.14933	4.4202e-003
6315	-0.40747	0.	-0.1464	7.5921e-003
6316	-0.36838	0.	-0.10651	1.1274e-002
6321	4.9827e-002	0.	-0.14346	1.0591e-002
6322	1.8697e-002	0.	-0.14929	3.7185e-003
6323	-1.5969e-003	0.	-0.18271	-7.4414e-004
6324	1.2587e-002	0.	-0.21068	3.7163e-004
6325	6.3763e-002	0.	-0.1779	4.5277e-003
6330	-6.122e-002	0.	-0.49833	-8.8822e-004
6331	-1.0069e-002	0.	-0.51194	-5.6268e-004
6332	-9.661e-002	0.	-0.53185	-8.0752e-004
6333	-8.4635e-002	0.	-0.58486	-5.6256e-004
6334	-4.8402e-003	0.	-0.56406	-4.7303e-004
6338	-0.84833	0.	-0.79533	6.2808e-005
6339	-0.94852	0.	-0.87095	4.4733e-005
6340	-1.0098	0.	-0.76042	9.0949e-005
6341	-0.87719	0.	-0.86079	4.7916e-005
6342	-0.88708	0.	-0.73907	8.955e-005
6343	-1.0184	0.	-0.84761	5.5487e-005
6348	-0.38329	0.	-0.86612	-8.025e-005
6349	-0.35279	0.	-0.73601	-2.1612e-004
6350	-0.44899	0.	-0.84996	-7.2647e-005
6351	-0.41404	0.	-0.71686	-1.4506e-004
6352	-0.32598	0.	-0.83008	-1.082e-004
6353	-0.31771	0.	-0.78039	-1.5467e-004
6357	-1.1534	0.	-0.77211	9.129e-005
6358	-1.2302	0.	-0.75275	9.0843e-005
6359	-1.162	0.	-0.85929	5.5827e-005
6360	-1.2279	0.	-0.88656	4.5573e-005
6364	0.49638	0.	-0.22215	9.235e-004
6365	0.38803	0.	-0.27512	1.0769e-003
6366	0.4312	0.	-0.23705	1.1609e-003
6367	0.4138	0.	-0.33244	7.3995e-004
6368	0.46977	0.	-0.33903	6.8468e-004
6371	-0.38931	0.	-0.48382	-5.7423e-004
6372	-0.51905	0.	-0.47983	1.0431e-005
6373	-0.51238	0.	-0.54266	-9.1956e-005
6374	-0.44551	0.	-0.5741	-1.9519e-004
6375	-0.3898	0.	-0.53475	-3.7147e-004
6376	-0.42578	0.	-0.46278	-3.3547e-004
6380	0.78791	0.	-0.49442	2.0848e-004
6381	0.65083	0.	-0.58708	1.8562e-004
6382	0.71954	0.	-0.45278	2.6603e-004
6383	0.79513	0.	-0.56785	1.7341e-004
6384	0.71727	0.	-0.6135	1.6043e-004
6391	-0.12975	0.	-0.17848	-1.5554e-002
6392	-7.2984e-002	0.	-0.19887	-6.2762e-003
6393	-0.11286	0.	-0.24217	-6.4197e-003
6394	-9.8154e-002	0.	-0.18451	-1.0591e-002
6395	-8.6195e-002	0.	-0.22635	-6.3373e-003
6400	-0.2965	0.	-0.27322	-3.7693e-003
6401	-0.3008	0.	-0.3165	-2.3664e-003
6402	-0.33004	0.	-0.26083	-2.7055e-003
6403	-0.33574	0.	-0.33399	-1.67e-003
6404	-0.38144	0.	-0.3101	-1.023e-003
6409	0.35353	0.	-0.73102	5.9591e-005
6410	0.40616	0.	-0.68615	8.833e-005
6411	0.39388	0.	-0.61873	1.3844e-004
6412	0.28367	0.	-0.61926	7.6245e-005
6413	0.33679	0.	-0.60203	1.3997e-004
6419	0.42285	0.	-0.76128	6.4816e-005
6420	0.39564	0.	-0.88528	2.4886e-005
6421	0.32717	0.	-0.86937	1.8965e-005
6422	0.44973	0.	-0.83031	4.1378e-005
6426	7.8713e-002	0.	-0.49726	-2.6165e-004
6427	0.12095	0.	-0.57828	-9.4746e-005
6428	0.18001	0.	-0.55112	2.2158e-005
6429	8.3942e-002	0.	-0.54937	-1.7199e-004
6434	1.2987e-002	0.	-0.77172	-1.3949e-004
6435	-7.3303e-002	0.	-0.73741	-2.262e-004
6436	-5.5843e-002	0.	-0.81611	-1.4753e-004
6438	0.72567	0.	-0.22644	4.62e-004
6439	0.75416	0.	-0.29837	3.4417e-004
6440	0.82594	0.	-0.18393	3.5588e-004
6441	0.83636	0.	-0.26681	3.2174e-004
6442	0.76136	0.	-0.17343	4.2309e-004
6447	-0.3299	0.	-0.51194	-7.3273e-004
6448	-0.33288	0.	-0.41819	-1.1826e-003
6449	-0.28147	0.	-0.47112	-1.0754e-003
6450	-0.30157	0.	-0.4352	-1.2676e-003
6451	-0.36589	0.	-0.43998	-6.9673e-004
6456	-1.1125	0.	-0.64079	1.4345e-004
6457	-1.0715	0.	-0.51836	2.2712e-004
6458	-1.1468	0.	-0.48188	2.1915e-004
6459	-1.1893	0.	-0.62143	1.43e-004
6460	-1.2045	0.	-0.52773	1.748e-004
6465	-0.71758	0.	-0.86815	3.2471e-005
6466	-0.59236	0.	-0.92561	-1.3399e-005
6467	-0.74644	0.	-0.93361	1.7579e-005
6468	-0.65518	0.	-0.87503	6.5313e-006
6474	-0.63788	0.	-0.29583	1.3805e-003
6475	-0.54959	0.	-0.22348	3.1125e-003
6476	-0.5809	0.	-0.19878	3.2626e-003
6477	-0.52951	0.	-0.25265	1.8056e-003
6478	-0.57653	0.	-0.3039	1.3319e-003
6484	-0.77044	0.	-0.28674	9.0281e-004
6485	-0.77317	0.	-0.36714	6.5539e-004
6486	-0.64241	0.	-0.39495	5.3351e-004
6487	-0.63458	0.	-0.34491	7.846e-004
6491	-0.84768	0.	-0.31704	7.2501e-004
6492	-0.90061	0.	-0.17602	8.5971e-004
6493	-0.83263	0.	-0.17311	1.315e-003
6497	-0.92677	0.	-0.43781	3.802e-004
6498	-0.84465	0.	-0.47746	3.5226e-004
6504	0.84062	0.	-0.84286	6.137e-005
6505	0.87337	0.	-0.68031	1.1343e-004
6506	0.79551	0.	-0.72597	1.0045e-004
6507	0.90048	0.	-0.8115	6.8169e-005
6508	0.79766	0.	-0.79285	7.6611e-005
6514	0.24146	0.	-0.14932	4.3342e-003
6515	0.3094	0.	-0.19666	2.4366e-003
6516	0.35257	0.	-0.15859	2.5206e-003
6517	0.35446	0.	-0.10691	2.6956e-003
6522	0.15191	0.	-0.13256	8.8179e-003
6523	0.15445	0.	-0.20786	3.6254e-003
6524	0.13726	0.	-0.17111	5.7346e-003
6528	9.361e-002	0.	-0.10419	1.5504e-002
6529	0.10755	0.	-0.13864	9.4404e-003
6530	8.7716e-002	0.	-7.3762e-002	2.9906e-002
6534	3.3894e-002	0.	-0.11414	1.1612e-002
6535	4.4253e-002	0.	-9.1267e-002	2.6795e-002
6536	7.896e-002	0.	-0.14275	1.2421e-002
6537	5.913e-002	0.	-7.787e-002	3.2886e-002
6542	-2.528e-002	0.	-0.33555	-1.9141e-003
6543	-3.7296e-002	0.	-0.40919	-1.0707e-003
6544	1.3855e-002	0.	-0.42281	-7.4518e-004
6545	3.8855e-002	0.	-0.3441	-4.4607e-004
6546	5.7751e-003	0.	-0.3341	-9.2964e-004
6550	-0.11976	0.	-0.15207	-1.7779e-002
6551	-0.17822	0.	-0.13722	-2.3749e-002
6558	-0.44602	0.	-0.92394	-4.0171e-005
6559	-0.32301	0.	-0.90406	-7.5722e-005
6560	-0.32366	0.	-0.95346	-4.3911e-005
6565	-1.753e-002	0.	-0.15339	2.7613e-004
6566	1.3123e-002	0.	-9.7101e-002	1.9923e-002
6567	-2.3228e-002	0.	-0.12532	-2.9511e-003
6568	-1.034e-002	0.	-0.10672	-1.1358e-003
6574	7.8018e-002	0.	-0.9408	-3.2951e-005
6575	0.11127	0.	-0.84793	-5.9521e-005
6576	0.21856	0.	-0.92489	-9.6543e-006
6581	-0.25684	0.	-0.6862	-3.1229e-004
6582	-0.38057	0.	-0.66073	-2.4846e-004
6583	-0.32485	0.	-0.62138	-4.2474e-004
6584	-0.28423	0.	-0.72427	-2.5807e-004
6588	-1.1812	0.	-0.32935	2.9636e-004
6589	-1.2246	0.	-0.1841	3.346e-004
6590	-1.1566	0.	-0.19603	3.9289e-004
6591	-1.2391	0.	-0.30802	2.8649e-004
6597	-0.79102	0.	-0.85831	4.4279e-005
6598	-0.73132	0.	-0.7293	7.2094e-005
6599	-0.80091	0.	-0.73659	8.5913e-005
6600	-0.69976	0.	-0.79973	3.3232e-005
6604	-8.3965e-002	0.	-0.2869	-3.6548e-003
6605	-1.9299e-002	0.	-0.29895	-1.8516e-003
6606	-2.9905e-002	0.	-0.27157	-2.3955e-003
6607	-5.7299e-002	0.	-0.27109	-3.5724e-003
6611	-2.3234e-002	0.	-0.46129	-8.2376e-004
6612	-0.10978	0.	-0.48119	-1.0686e-003
6613	-0.11307	0.	-0.44098	-1.3868e-003
6617	-0.46589	0.	-9.7685e-002	1.6874e-002
6618	-0.509	0.	-0.14607	8.2991e-003
6619	-0.54032	0.	-0.12138	8.4492e-003
6620	-0.46815	0.	-0.13488	8.7951e-003
6622	-0.45681	0.	-7.2662e-002	2.9613e-002
6628	-0.40929	0.	-8.461e-002	3.3251e-002
6629	-0.43537	0.	-0.13256	1.3368e-002
6630	-0.42402	0.	-7.0344e-002	3.4186e-002
6634	0.53285	0.	-0.67598	1.2974e-004
6635	0.46321	0.	-0.64899	1.4367e-004
6636	0.50236	0.	-0.78545	7.0117e-005
6638	-0.22434	0.	-0.27873	-4.8933e-003
6639	-0.26217	0.	-0.29712	-4.2254e-003
6640	-0.29141	0.	-0.24145	-4.5644e-003
6641	-0.26935	0.	-0.21912	-6.9906e-003
6646	-0.89121	0.	-0.93392	2.6204e-005
6647	-1.0324	0.	-0.92074	3.3775e-005
6651	0.42986	0.	-0.52572	2.7682e-004
6652	0.37276	0.	-0.50903	2.7835e-004
6653	0.38892	0.	-0.42212	5.0142e-004
6654	0.44489	0.	-0.42871	4.4615e-004
6658	-0.1578	0.	-0.65662	-4.0152e-004
6659	-0.1487	0.	-0.70127	-2.8818e-004
6660	-0.22176	0.	-0.73057	-2.5084e-004
6664	-0.58222	0.	-0.51588	1.3145e-004
6665	-0.58106	0.	-0.40301	4.8492e-004
6670	0.60242	0.	-0.18843	7.8625e-004
6671	0.46902	0.	-0.16867	1.2475e-003
6672	0.47091	0.	-0.11699	1.4225e-003
6673	0.59178	0.	-0.12628	8.3179e-004
6677	-0.50869	0.	-0.61014	-7.417e-005
6678	-0.63802	0.	-0.62222	5.704e-005
6682	-0.57454	0.	-0.85719	-1.2638e-005
6688	0.73254	0.	-0.92418	3.3823e-005
6689	0.87316	0.	-0.89081	4.419e-005
6690	0.77034	0.	-0.87216	5.2632e-005
6695	-1.162	0.	-0.70368	1.1501e-004
6696	-1.0937	0.	-0.81022	7.9991e-005
6700	0.79599	0.	-0.40858	2.692e-004
6701	0.87158	0.	-0.52364	1.7658e-004
6702	0.87819	0.	-0.37702	2.4677e-004
6706	0.36067	0.	-0.22163	1.4008e-003
6707	0.27271	0.	-0.30443	1.1091e-003
6708	0.34328	0.	-0.31703	9.7989e-004
6712	0.35259	0.	-0.9485	7.7741e-006
6713	0.47515	0.	-0.90945	3.0187e-005
6714	0.48225	0.	-0.97022	1.4493e-005
6718	-0.22865	0.	-0.322	-3.4904e-003
6719	-0.1542	0.	-0.28851	-4.3159e-003
6727	-0.30141	0.	-0.35788	-2.1261e-003
6728	-0.2701	0.	-0.37488	-2.2111e-003
6733	-1.0784	0.	-0.44171	2.7483e-004
6734	-0.92101	0.	-0.51783	2.5486e-004
6738	-4.3522e-002	0.	-0.15874	-7.4138e-003
6739	-6.2993e-002	0.	-0.17246	-8.5015e-003
6740	-2.364e-002	0.	-0.21478	-3.0708e-003
6741	-5.1034e-002	0.	-0.21429	-4.2477e-003
6747	3.6289e-002	0.	-0.87153	-7.131e-005
6748	-7.298e-002	0.	-0.95344	-6.3127e-005
6749	-3.2541e-002	0.	-0.91592	-7.9351e-005
6755	-0.34082	0.	-0.20232	-2.2775e-003
6756	-0.3029	0.	-0.20673	-5.9268e-003
6758	0.52057	0.	-0.60855	1.7985e-004
6759	0.65665	0.	-0.66196	1.4074e-004
6763	-0.88828	0.	-0.11249	1.2023e-003
6764	-1.0304	0.	-0.127	6.0346e-004
6771	-0.38611	0.	-0.60222	-3.5369e-004
6776	3.3146e-002	0.	-0.52702	-4.0857e-004
6781	-0.37246	0.	-8.1905e-002	2.8854e-002
6782	-0.4002	0.	-5.9587e-002	4.599e-002
6783	-0.38155	0.	-6.4066e-002	6.7449e-002
6787	-1.2117	0.	-0.3839	2.5699e-004
6788	-1.2115	0.	-0.45107	2.2251e-004
6794	0.59051	0.	-0.89033	3.8467e-005
6795	0.59761	0.	-0.9511	2.2774e-005
6796	0.68958	0.	-0.87416	4.9064e-005
6801	-0.28565	0.	-0.11689	-1.5849e-002
6802	-0.33801	0.	-0.14238	-5.3816e-003
6803	-0.30009	0.	-0.14679	-9.0308e-003
6804	-0.33939	0.	-9.9562e-002	1.4717e-003
6810	-0.13319	0.	-0.56773	-7.4293e-004
6811	-0.18934	0.	-0.49797	-1.1016e-003
6812	-0.14846	0.	-0.4745	-1.3061e-003
6816	-0.76968	0.	-0.61161	1.5597e-004
6817	-0.83928	0.	-0.6189	1.6979e-004
6822	9.0965e-002	0.	-0.7078	-1.3115e-004
6823	7.1492e-004	0.	-0.82305	-1.0592e-004
6830	0.17145	0.	-0.60978	-4.7519e-005
6831	7.538e-002	0.	-0.60804	-2.4167e-004
6836	0.39383	0.	-0.56486	1.9531e-004
6840	-0.28195	0.	-0.52205	-8.7263e-004
6845	1.9413e-002	0.	-6.4703e-002	6.1885e-002
6846	3.8359e-002	0.	-6.0835e-002	4.1197e-002
6849	0.69913	0.	-0.29501	4.4458e-004
6850	0.66001	0.	-0.16093	6.0795e-004
6851	0.70633	0.	-0.17007	5.235e-004
6857	-0.55065	0.	-0.16745	4.4474e-003
6858	-0.47848	0.	-0.18095	4.7933e-003
6859	-0.49926	0.	-0.22132	2.9904e-003
6861	-0.11212	0.	-0.66539	-3.8464e-004
6865	-0.38205	0.	-0.35149	-7.827e-004
6866	-0.30504	0.	-0.39237	-1.5147e-003
6867	-0.36935	0.	-0.39715	-9.4382e-004
6874	0.80982	0.	-0.33539	3.0432e-004
6879	0.28362	0.	-0.56539	1.3311e-004
6886	-1.254	0.	-0.59062	1.4636e-004
6891	0.80094	0.	-0.64273	1.2853e-004
6896	-0.26641	0.	-0.15451	-1.5171e-002
6897	-0.22853	0.	-0.12651	-2.3373e-002
6904	-0.25362	0.	-0.4453	-1.4075e-003
6905	-0.19263	0.	-0.45776	-1.4198e-003
6908	0.8816	0.	-0.22095	3.1603e-004
6909	0.8066	0.	-0.12756	4.1738e-004
6914	-0.20734	0.	-0.90525	-9.2593e-005
6915	-0.208	0.	-0.95465	-6.0782e-005
6916	-0.10855	0.	-0.90496	-9.7739e-005
6919	-0.77007	0.	-0.67303	9.8837e-005
6920	-0.66892	0.	-0.73618	4.6155e-005
6925	-0.45347	0.	-0.28904	7.7389e-004
6926	-0.50049	0.	-0.34029	3.0014e-004
6927	-0.41506	0.	-0.37327	-2.9685e-004
6931	0.10259	0.	-0.2841	1.1194e-003
6932	4.4836e-002	0.	-0.3075	-3.8357e-004
6933	0.11492	0.	-0.31985	5.0097e-004
6938	-9.091e-002	0.	-0.2576	-4.3912e-003
6940	-3.6332e-002	0.	-0.11208	-8.8257e-003
6941	-6.8692e-002	0.	-0.14439	-1.1729e-002
6942	-5.5414e-002	0.	-0.11325	-1.5889e-002
6947	0.40574	0.	-0.13188	1.6599e-003
6952	-4.2525e-002	0.	-9.4646e-002	-1.4074e-002
6954	-1.1726	0.	-0.12666	4.0163e-004
6962	-0.25742	0.	-0.81833	-1.5014e-004
6963	-0.26635	0.	-0.91741	-7.1859e-005
6968	0.53633	0.	-0.91525	3.0985e-005
6977	0.72523	0.	-0.75526	9.1712e-005
6982	-0.31877	0.	-0.18	-4.7037e-003
6983	-0.39716	0.	-0.17267	2.1174e-003
6994	0.13959	0.	-0.28645	1.5203e-003
6995	0.11008	0.	-0.21394	4.2479e-003
6999	-1.1681	0.	-0.92467	3.4274e-005
7015	-0.4584	0.	-0.21012	3.4864e-003
7022	1.15e-003	0.	-0.27012	-1.4111e-003
7026	0.18992	0.	-0.33568	9.0167e-004
7048	0.29848	0.	-0.36175	7.7219e-004
7052	-3.685e-002	0.	-0.24226	-3.1319e-003
7059	-0.5262	0.	-0.30173	1.2098e-003
7066	0.42501	0.	-0.38094	5.8771e-004
7081	-1.2694	0.	-0.42974	2.1264e-004
7087	0.69569	0.	-0.10792	5.6904e-004
10194	-0.40608	0.	-3.6246e-002	7.3706e-002
10195	-0.38743	0.	-4.0725e-002	9.5165e-002
10199	-0.39629	0.	-4.9801e-002	6.8384e-002
10218	3.429e-002	0.	-5.1306e-002	6.7976e-002
10219	2.6342e-002	0.	-4.1505e-002	9.3455e-002
10223	4.5288e-002	0.	-3.7637e-002	7.2768e-002
82	0.	0.	5.625e-002	0.10128
83	0.	0.	6.75e-002	3.3719e-002
84	-2.25e-002	0.	6.75e-002	-3.7115e-003
85	-4.5e-002	0.	6.75e-002	-2.2059e-002
86	-9.e-002	0.	6.75e-002	-3.1312e-002
87	-0.135	0.	6.75e-002	-3.6613e-002
88	-0.18	0.	6.75e-002	-3.5268e-002
89	-0.225	0.	6.75e-002	-3.3024e-002
90	-0.27	0.	6.75e-002	-3.346e-002
91	-0.315	0.	6.75e-002	-1.8205e-002
92	-0.3375	0.	6.75e-002	-2.1775e-003
93	-0.36	0.	5.625e-002	9.9002e-002
94	-0.36	0.	6.75e-002	3.1861e-002
95	-0.36	0.	4.5e-002	0.16497
104	0.	0.	4.5e-002	0.15752
427	0.1	0.	0.	3.6717e-002
428	0.2	0.	0.	9.0484e-003
429	0.3	0.	0.	3.7495e-003
430	0.4	0.	0.	1.9707e-003
431	0.5	0.	0.	1.3158e-003
432	0.6	0.	0.	8.1968e-004
433	0.7	0.	0.	5.6709e-004
434	0.8	0.	0.	4.2239e-004
435	0.9	0.	0.	3.5406e-004
436	-1.26	0.	0.	3.4395e-004
437	-1.16	0.	0.	4.4302e-004
438	-1.06	0.	0.	5.7682e-004
439	-0.96	0.	0.	7.9622e-004
440	-0.86	0.	0.	1.466e-003
441	-0.76	0.	0.	2.1525e-003
442	-0.66	0.	0.	4.0423e-003
443	-0.56	0.	0.	1.e-002
444	-0.46	0.	0.	3.6001e-002
488	-1.36	0.	9.7045e-002	3.181e-004
489	-1.36	0.	0.19409	2.9857e-004
490	-1.36	0.	0.29114	2.6654e-004
491	-1.36	0.	0.38818	2.2141e-004
492	-1.36	0.	0.48523	1.8802e-004
493	-1.36	0.	0.58227	1.3495e-004
494	-1.36	0.	0.67932	1.0747e-004
495	-1.36	0.	0.77636	7.6013e-005
496	-1.36	0.	0.87341	5.0791e-005
497	-1.36	0.	0.97045	2.1643e-005
503	-1.2617	0.	1.0675	1.2827e-005
504	-1.1633	0.	1.0675	1.3264e-005
505	-1.065	0.	1.0675	9.7778e-006
506	-0.96667	0.	1.0675	8.123e-006
507	-0.86833	0.	1.0675	7.6849e-006
508	-0.77	0.	1.0675	4.64e-006
509	-0.67167	0.	1.0675	1.5137e-006
510	-0.57333	0.	1.0675	-5.1182e-006
511	-0.475	0.	1.0675	-8.9332e-006
512	-0.37667	0.	1.0675	-2.0812e-005
513	-0.27833	0.	1.0675	-2.4042e-005
514	-0.18	0.	1.0675	-2.0522e-005
515	-8.1667e-002	0.	1.0675	-2.3917e-005
516	1.6667e-002	0.	1.0675	-1.383e-005
517	0.115	0.	1.0675	-1.1893e-005
518	0.21333	0.	1.0675	-8.8584e-006
519	0.31167	0.	1.0675	1.7783e-006
520	0.41	0.	1.0675	1.0956e-005
521	0.50833	0.	1.0675	1.1281e-005
522	0.60667	0.	1.0675	1.4505e-005
523	0.705	0.	1.0675	1.3286e-005
524	0.80333	0.	1.0675	1.2421e-005
525	0.90167	0.	1.0675	1.2046e-005
531	1.	0.	0.97045	2.3558e-005
532	1.	0.	0.87341	4.9926e-005
533	1.	0.	0.77636	7.7557e-005
534	1.	0.	0.67932	1.149e-004
535	1.	0.	0.58227	1.4982e-004
536	1.	0.	0.48523	1.8741e-004
537	1.	0.	0.38818	2.2865e-004
538	1.	0.	0.29114	2.6357e-004
539	1.	0.	0.19409	2.9746e-004
540	1.	0.	9.7045e-002	3.2721e-004
541	0.	0.	0.	0.18356
542	-0.36	0.	0.	0.17536
548	1.	0.	0.	3.3086e-004
550	-1.36	0.	0.	3.3022e-004
553	-1.36	0.	1.0675	8.316e-006
554	1.	0.	1.0675	8.2793e-006
555	0.20778	0.	0.73417	-9.5872e-006
556	-0.58033	0.	0.74418	1.047e-006
557	-0.48993	0.	0.41663	9.4148e-005
558	0.10796	0.	0.38643	1.0466e-004
559	5.1944e-002	0.	0.23417	7.2276e-004
560	-0.40789	0.	0.24448	5.2995e-004
561	-0.95245	0.	0.59762	1.7969e-004
562	0.60785	0.	0.61416	1.7424e-004
563	-0.18	0.	0.23417	-8.2889e-003
564	0.36533	0.	0.49805	2.6359e-004
565	-0.71961	0.	0.48554	3.0612e-004
566	-0.14815	0.	0.7884	-2.0738e-004
567	-0.21302	0.	0.40687	-2.0678e-003
568	0.66802	0.	0.29113	4.5031e-004
569	-1.0181	0.	0.28691	4.411e-004
570	1.7239e-003	0.	0.6466	-2.8922e-004
571	-0.14171	0.	0.1844	-1.155e-002
572	-0.27111	0.	0.1171	-2.3663e-002
573	-0.68308	0.	0.35364	8.1197e-004
574	0.33789	0.	0.35779	6.7825e-004
575	-3.4028e-002	0.	0.28972	-2.4759e-003
576	-0.37613	0.	0.1713	2.2019e-003
577	1.7315e-002	0.	0.12306	9.3178e-003
578	0.55294	0.	0.7696	7.8227e-005
579	-0.85459	0.	0.95431	1.8454e-005
580	1.2324e-002	0.	0.39687	-9.1079e-004
581	-0.2834	0.	0.80945	-1.5039e-004
582	-0.3667	0.	0.60562	-3.2776e-004
583	0.86172	0.	0.82118	6.7202e-005
584	-1.0459	0.	0.9515	2.4044e-005
585	-0.25154	0.	0.21565	-8.1855e-003
586	-0.27463	0.	0.34528	-2.4911e-003
587	-0.71559	0.	0.6957	7.8587e-005
588	0.12648	0.	0.51184	-1.5635e-004
589	-0.53315	0.	0.62306	-3.6961e-005
590	-4.3464e-002	0.	0.75538	-1.9881e-004
591	-0.10612	0.	0.50695	-8.8087e-004
592	0.21144	0.	0.31684	1.21e-003
593	-0.56459	0.	0.28708	1.511e-003
594	0.77954	0.	0.55782	1.7605e-004
595	-1.0893	0.	0.51652	2.204e-004
596	0.31166	0.	0.9247	3.5176e-006
597	-0.3623	0.	0.50217	-5.464e-004
598	0.40731	0.	0.12694	1.8114e-003
599	-0.77796	0.	0.16842	1.3372e-003
600	-0.85009	0.	0.38511	5.0016e-004
601	0.491	0.	0.38462	5.3603e-004
602	-0.59572	0.	0.9019	-2.3883e-006
603	-0.44649	0.	0.82526	-8.8029e-005
604	-0.20845	0.	0.14908	-1.9481e-002
605	-0.10969	0.	0.32788	-3.2396e-003
606	-0.37214	0.	0.1096	1.1572e-002
607	0.15602	0.	0.92043	-2.2562e-005
608	-1.201	0.	0.26475	3.2486e-004
609	0.84852	0.	0.25332	3.0981e-004
610	0.3808	0.	0.77087	6.4695e-005
611	-1.8029e-002	0.	0.53254	-5.5685e-004
612	0.13657	0.	9.6986e-002	1.3126e-002
613	7.3027e-002	0.	9.523e-002	2.1702e-002
614	0.2742	0.	0.1247	3.9098e-003
615	-0.60592	0.	0.10649	4.9513e-003
616	-0.50745	0.	0.10692	1.0465e-002
617	0.60464	0.	0.94522	2.0713e-005
618	-0.22345	0.	0.69623	-3.0318e-004
619	-0.59828	0.	0.44744	2.8253e-004
620	-0.93754	0.	0.77825	8.5959e-005
621	0.72515	0.	0.72303	1.0408e-004
622	-1.2233	0.	0.92169	3.7104e-005
623	0.22637	0.	0.44165	3.0988e-004
624	-0.17409	0.	0.5844	-6.2442e-004
625	-0.10861	0.	0.25107	-5.8917e-003
626	0.45957	0.	0.92236	2.5168e-005
627	-0.33174	0.	0.22491	-4.0083e-003
628	-0.33604	0.	0.94873	-5.9223e-005
629	-0.37632	0.	0.39881	-7.1348e-004
630	0.31225	0.	0.63775	1.0196e-004
631	0.64432	0.	0.47733	2.8412e-004
632	-0.44396	0.	0.56612	-2.1917e-004
633	-0.45583	0.	0.67861	-1.27e-004
634	2.0777e-003	0.	0.96678	-4.4544e-005
635	-0.98597	0.	0.15242	6.3869e-004
636	0.62823	0.	0.13239	6.3175e-004
637	-3.7943e-002	0.	0.22689	-3.6526e-003
638	-0.21965	0.	0.28194	-4.5318e-003
639	2.5453e-002	0.	7.383e-002	3.5144e-002
640	0.79513	0.	0.40506	2.7805e-004
641	-4.0671e-002	0.	0.10917	-1.0363e-002
642	-1.2344	0.	0.42312	2.3308e-004
643	-0.81743	0.	0.66569	1.3212e-004
644	0.50477	0.	0.52402	3.078e-004
645	6.7915e-002	0.	0.77695	-1.157e-004
646	0.11238	0.	0.63694	-1.1837e-004
647	3.3325e-002	0.	0.32703	-4.8262e-004
648	-0.88707	0.	0.24333	7.7068e-004
649	0.52501	0.	0.22666	7.5325e-004
650	0.87876	0.	0.68432	1.2262e-004
651	0.17003	0.	0.20382	3.8771e-003
652	-0.10921	0.	0.12462	-2.2161e-002
653	-0.20518	0.	0.48894	-1.0856e-003
654	-0.75168	0.	0.81631	4.9731e-005
655	-0.16748	0.	0.95319	-6.0871e-005
656	-0.46145	0.	0.32277	2.8231e-004
657	-0.30087	0.	0.17398	-7.3447e-003
658	-0.3505	0.	0.29898	-1.6413e-003
659	-0.28612	0.	0.4468	-1.191e-003
660	-0.32366	0.	0.12306	-7.7245e-003
661	-0.66783	0.	0.21052	1.9539e-003
662	-0.84738	0.	0.52812	2.3679e-004
663	-0.15894	0.	0.2918	-4.5489e-003
664	-0.3431	0.	8.6898e-002	7.1709e-004
665	0.11159	0.	0.28881	7.7106e-004
666	-3.9472e-003	0.	0.17075	-4.204e-004
667	-0.61485	0.	0.5527	1.4823e-004
668	-1.2369	0.	0.58272	1.4785e-004
669	0.88063	0.	0.11471	3.4438e-004
670	-1.2409	0.	0.11574	3.4578e-004
671	-1.1036	0.	0.38866	3.0401e-004
672	-0.97493	0.	0.452	3.0754e-004
673	-0.28322	0.	0.26704	-4.2354e-003
674	0.30395	0.	0.2398	1.6103e-003
675	-0.54657	0.	0.194	3.8647e-003
676	0.41902	0.	0.27975	9.8189e-004
677	-0.77768	0.	0.27978	8.6987e-004
678	-0.10323	0.	0.67167	-3.4252e-004
679	-0.18438	0.	0.34435	-3.0378e-003
680	-0.13034	0.	0.41235	-1.8455e-003
681	-0.35784	0.	0.71471	-2.1871e-004
682	0.74232	0.	0.89729	4.1561e-005
683	4.1475e-002	0.	0.47416	-4.1707e-004
684	0.87404	0.	0.95194	2.7193e-005
685	7.4876e-002	0.	0.15517	7.2997e-003
686	-0.46903	0.	0.97655	-2.4663e-005
687	-1.1045	0.	0.13858	4.4414e-004
688	0.75423	0.	0.13192	4.7288e-004
689	0.44059	0.	0.63662	1.7327e-004
690	-1.1158	0.	0.80903	6.504e-005
691	-7.9997e-002	0.	0.58405	-5.5342e-004
692	-0.51471	0.	0.50333	-1.9852e-005
693	-0.15575	0.	0.12808	-2.7805e-002
694	-0.69486	0.	0.98417	5.6949e-006
695	-4.9845e-002	0.	0.36618	-1.6289e-003
696	-0.57141	0.	0.36928	6.1799e-004
697	-4.481e-002	0.	0.44455	-9.1684e-004
698	-0.43473	0.	0.12798	1.3423e-002
699	-0.38368	0.	7.2586e-002	4.1792e-002
700	-0.2783	0.	0.62465	-4.5829e-004
701	0.20714	0.	0.58213	5.8074e-005
702	-8.3313e-002	0.	0.18474	-9.169e-003
703	-1.0901	0.	0.66103	1.3907e-004
704	-0.46005	0.	0.18202	4.3473e-003
705	5.2699e-002	0.	0.56698	-2.9851e-004
706	-1.2557	0.	0.75556	8.3016e-005
707	0.90986	0.	0.3625	2.4756e-004
708	0.53016	0.	0.12399	9.9348e-004
709	-0.88669	0.	0.14206	9.7282e-004
710	-0.72189	0.	0.5976	1.6791e-004
711	-0.44019	0.	0.47248	-2.9425e-004
712	-6.7838e-002	0.	0.86566	-1.1698e-004
713	-0.28526	0.	0.53874	-6.9845e-004
714	-0.71898	0.	8.4211e-002	2.9441e-003
715	-0.63287	0.	0.64747	5.9374e-005
716	-0.48754	0.	0.24745	1.908e-003
717	-5.453e-004	0.	8.9955e-002	1.1046e-002
718	0.90928	0.	0.49698	1.9569e-004
1377	3.7215e-002	0.	2.7164e-002	9.917e-002
1378	5.4929e-002	0.	4.5293e-002	5.5437e-002
1379	1.7637e-002	0.	5.4271e-002	9.328e-002
1383	-0.37376	0.	5.3928e-002	9.8884e-002
1384	-0.41413	0.	4.8595e-002	5.1459e-002
1385	-0.39726	0.	2.7749e-002	0.1088
2418	0.	0.	6.1875e-002	6.75e-002
2419	0.	0.	5.0625e-002	0.1294
2421	8.8185e-003	0.	5.526e-002	9.728e-002
2422	-1.125e-002	0.	6.75e-002	1.5004e-002
2424	1.2726e-002	0.	7.0665e-002	3.4432e-002
2425	-2.7265e-004	0.	7.8728e-002	2.2383e-002
2426	8.8185e-003	0.	6.0885e-002	6.35e-002
2428	-3.375e-002	0.	6.75e-002	-1.2885e-002
2430	-3.1586e-002	0.	8.8333e-002	-7.037e-003
2431	-1.1523e-002	0.	7.8728e-002	3.6672e-003
2434	-6.75e-002	0.	6.75e-002	-2.6686e-002
2436	-4.2836e-002	0.	8.8333e-002	-1.6211e-002
2439	-0.1125	0.	6.75e-002	-3.3962e-002
2441	-6.5336e-002	0.	8.8333e-002	-2.0837e-002
2442	-9.9603e-002	0.	9.6058e-002	-2.6736e-002
2445	-0.1575	0.	6.75e-002	-3.594e-002
2447	-0.1221	0.	9.6058e-002	-2.9387e-002
2448	-0.14538	0.	9.7789e-002	-3.2209e-002
2452	-0.2025	0.	6.75e-002	-3.4146e-002
2454	-0.19423	0.	0.10829	-2.7374e-002
2455	-0.16788	0.	9.7789e-002	-3.1537e-002
2458	-0.2475	0.	6.75e-002	-3.3242e-002
2460	-0.24806	0.	9.2302e-002	-2.8343e-002
2461	-0.21673	0.	0.10829	-2.6252e-002
2464	-0.2925	0.	6.75e-002	-2.5833e-002
2466	-0.27056	0.	9.2302e-002	-2.8561e-002
2468	-0.32625	0.	6.75e-002	-1.0191e-002
2470	-0.29306	0.	9.2302e-002	-2.0934e-002
2471	-0.31933	0.	9.5278e-002	-1.2965e-002
2472	-0.32905	0.	7.7199e-002	-8.7441e-003
2476	-0.34875	0.	6.75e-002	1.4842e-002
2478	-0.3403	0.	7.7199e-002	-7.3021e-004
2480	-0.36	0.	6.1875e-002	6.5431e-002
2481	-0.36	0.	5.0625e-002	0.13198
2483	-0.36688	0.	5.5089e-002	9.8943e-002
2485	-0.36607	0.	8.8548e-002	2.1717e-002
2486	-0.35155	0.	7.7199e-002	1.6289e-002
2487	-0.37184	0.	7.0043e-002	3.6826e-002
2488	-0.36688	0.	6.0714e-002	6.5372e-002
2492	-0.36	0.	2.25e-002	0.17016
2493	-0.36688	0.	4.9464e-002	0.13193
2494	-0.37863	0.	3.6374e-002	0.13689
2541	0.	0.	2.25e-002	0.17054
2542	1.8607e-002	0.	3.6082e-002	0.12834
2543	8.8185e-003	0.	4.9635e-002	0.1254
4395	0.15	0.	0.	2.2883e-002
4396	5.e-002	0.	0.	0.11014
4397	0.11829	0.	4.8493e-002	2.4922e-002
4402	6.8607e-002	0.	1.3582e-002	6.7944e-002
4403	7.7464e-002	0.	2.2647e-002	4.6077e-002
4412	0.25	0.	0.	6.399e-003
4413	0.16829	0.	4.8493e-002	1.1087e-002
4414	0.2371	0.	6.2351e-002	6.4791e-003
4423	0.35	0.	0.	2.8601e-003
4424	0.35366	0.	6.3468e-002	2.7804e-003
4425	0.2871	0.	6.2351e-002	3.8297e-003
4433	0.45	0.	0.	1.6432e-003
4434	0.40366	0.	6.3468e-002	1.8911e-003
4439	0.55	0.	0.	1.0677e-003
4440	0.45366	0.	6.3468e-002	1.5636e-003
4441	0.51508	0.	6.1993e-002	1.1546e-003
4448	0.65	0.	0.	6.9339e-004
4449	0.61412	0.	6.6193e-002	7.2572e-004
4450	0.56508	0.	6.1993e-002	9.0658e-004
4458	0.75	0.	0.	4.9474e-004
4459	0.66412	0.	6.6193e-002	5.9942e-004
4460	0.72712	0.	6.5962e-002	5.1998e-004
4464	0.85	0.	0.	3.8822e-004
4465	0.84032	0.	5.7354e-002	3.8339e-004
4466	0.77712	0.	6.5962e-002	4.4764e-004
4474	0.95	0.	4.8523e-002	3.4063e-004
4475	0.95	0.	0.	3.4246e-004
4476	0.89032	0.	5.7354e-002	3.4922e-004
4482	-1.21	0.	0.	3.9348e-004
4483	-1.31	0.	4.8523e-002	3.3102e-004
4484	-1.31	0.	0.	3.3709e-004
4485	-1.2505	0.	5.7872e-002	3.4487e-004
4488	-1.11	0.	0.	5.0992e-004
4489	-1.2005	0.	5.7872e-002	3.944e-004
4490	-1.1322	0.	6.929e-002	4.4358e-004
4499	-1.01	0.	0.	6.8652e-004
4500	-1.023	0.	7.6212e-002	6.0776e-004
4501	-1.0822	0.	6.929e-002	5.1048e-004
4506	-0.91	0.	0.	1.1311e-003
4507	-0.97299	0.	7.6212e-002	7.1745e-004
4508	-0.92334	0.	7.103e-002	8.8452e-004
4514	-0.81	0.	0.	1.8092e-003
4515	-0.81898	0.	8.4211e-002	1.4016e-003
4516	-0.87334	0.	7.103e-002	1.2194e-003
4517	-0.78949	0.	4.2105e-002	2.2051e-003
4525	-0.71	0.	0.	3.0974e-003
4526	-0.73949	0.	4.2105e-002	2.5483e-003
4532	-0.61	0.	0.	7.0211e-003
4533	-0.63296	0.	5.3243e-002	4.4968e-003
4534	-0.68949	0.	4.2105e-002	3.4932e-003
4543	-0.51	0.	0.	2.3e-002
4544	-0.58296	0.	5.3243e-002	7.4756e-003
4545	-0.53372	0.	5.3462e-002	1.0232e-002
4553	-0.41	0.	0.	0.10568
4554	-0.48372	0.	5.3462e-002	2.3233e-002
4560	-0.43706	0.	2.4297e-002	4.373e-002
4561	-0.42863	0.	1.3874e-002	7.2402e-002
4801	-1.36	0.	0.14557	3.0833e-004
4802	-1.36	0.	4.8523e-002	3.2416e-004
4803	-1.3005	0.	0.10639	3.3194e-004
4806	-1.36	0.	0.24261	2.8255e-004
4807	-1.2805	0.	0.22942	3.1171e-004
4808	-1.3005	0.	0.15492	3.2217e-004
4812	-1.36	0.	0.33966	2.4398e-004
4813	-1.2805	0.	0.27794	2.957e-004
4814	-1.2972	0.	0.35713	2.4981e-004
4819	-1.36	0.	0.4367	2.0472e-004
4820	-1.2972	0.	0.40565	2.2725e-004
4822	-1.36	0.	0.53375	1.6149e-004
4823	-1.2972	0.	0.45418	2.1055e-004
4824	-1.2985	0.	0.53397	1.6793e-004
4828	-1.36	0.	0.6308	1.2121e-004
4829	-1.2985	0.	0.58249	1.414e-004
4832	-1.36	0.	0.72784	9.1742e-005
4833	-1.2985	0.	0.63102	1.2766e-004
4834	-1.3078	0.	0.71744	9.5243e-005
4836	-1.36	0.	0.82489	6.3402e-005
4837	-1.3078	0.	0.76596	7.9514e-005
4840	-1.36	0.	0.92193	3.6217e-005
4841	-1.2917	0.	0.89755	4.3947e-005
4842	-1.3078	0.	0.81448	6.6903e-005
4845	-1.3108	0.	1.019	1.7235e-005
4846	-1.36	0.	1.019	1.4979e-005
4847	-1.2917	0.	0.94607	2.9373e-005
4875	-1.2125	0.	1.0675	1.3046e-005
4876	-1.3108	0.	1.0675	1.0572e-005
4877	-1.2425	0.	0.99459	2.4966e-005
4881	-1.1142	0.	1.0675	1.1521e-005
4882	-1.1046	0.	1.0095	1.8654e-005
4883	-1.1933	0.	0.99459	2.5184e-005
4887	-1.0158	0.	1.0675	8.9504e-006
4888	-1.0555	0.	1.0095	1.6911e-005
4890	-0.9175	0.	1.0675	7.904e-006
4891	-0.91063	0.	1.0109	1.3289e-005
4892	-1.0063	0.	1.0095	1.6084e-005
4895	-0.81917	0.	1.0675	6.1624e-006
4896	-0.86146	0.	1.0109	1.3069e-005
4899	-0.72083	0.	1.0675	3.0769e-006
4900	-0.81229	0.	1.0109	1.1547e-005
4901	-0.73243	0.	1.0258	5.1674e-006
4903	-0.6225	0.	1.0675	-1.8023e-006
4904	-0.68326	0.	1.0258	3.6043e-006
4907	-0.52417	0.	1.0675	-7.0257e-006
4908	-0.58453	0.	0.9847	-3.7533e-006
4909	-0.52118	0.	1.022	-1.489e-005
4910	-0.6341	0.	1.0258	2.8833e-007
4914	-0.42583	0.	1.0675	-1.4873e-005
4915	-0.47201	0.	1.022	-1.6798e-005
4917	-0.3275	0.	1.0675	-2.2427e-005
4918	-0.35636	0.	1.0081	-4.0017e-005
4919	-0.42285	0.	1.022	-2.2737e-005
4924	-0.22917	0.	1.0675	-2.2282e-005
4925	-0.30719	0.	1.0081	-4.1632e-005
4926	-0.22291	0.	1.0103	-4.2456e-005
4930	-0.13083	0.	1.0675	-2.2219e-005
4931	-0.17374	0.	1.0103	-4.0696e-005
4933	-3.25e-002	0.	1.0675	-1.8873e-005
4934	-3.9794e-002	0.	1.0171	-3.423e-005
4935	-0.12457	0.	1.0103	-4.2394e-005
4939	6.5833e-002	0.	1.0675	-1.2862e-005
4940	9.3722e-003	0.	1.0171	-2.9187e-005
4943	0.16417	0.	1.0675	-1.0376e-005
4944	0.13551	0.	0.99397	-1.7227e-005
4945	5.8539e-002	0.	1.0171	-2.8218e-005
4947	0.2625	0.	1.0675	-3.54e-006
4948	0.2625	0.	0.9961	-2.6704e-006
4949	0.18468	0.	0.99397	-1.571e-005
4953	0.36083	0.	1.0675	6.3672e-006
4954	0.31167	0.	0.9961	2.648e-006
4957	0.45917	0.	1.0675	1.1118e-005
4958	0.36083	0.	0.9961	7.2368e-006
4959	0.43479	0.	0.99493	1.8062e-005
4963	0.5575	0.	1.0675	1.2893e-005
4964	0.55649	0.	1.0064	1.5997e-005
4965	0.48395	0.	0.99493	1.8224e-005
4967	0.65583	0.	1.0675	1.3896e-005
4968	0.60565	0.	1.0064	1.7609e-005
4973	0.75417	0.	1.0675	1.2854e-005
4974	0.65482	0.	1.0064	1.7e-005
4975	0.72366	0.	0.98239	2.7424e-005
4977	0.8525	0.	1.0675	1.2233e-005
4978	0.77283	0.	0.98239	2.6991e-005
4979	0.83869	0.	1.0097	1.9807e-005
4983	0.95083	0.	1.019	1.7802e-005
4984	0.95083	0.	1.0675	1.0163e-005
4985	0.88785	0.	1.0097	1.962e-005
5016	1.	0.	0.92193	3.6742e-005
5017	1.	0.	1.019	1.5919e-005
5018	0.93702	0.	0.9612	2.5376e-005
5022	1.	0.	0.82489	6.3742e-005
5023	0.93086	0.	0.84729	5.8564e-005
5024	0.93702	0.	0.91267	3.856e-005
5026	1.	0.	0.72784	9.6229e-005
5027	0.93086	0.	0.79877	7.238e-005
5028	0.93938	0.	0.73034	1.0009e-004
5031	1.	0.	0.6308	1.3236e-004
5032	0.93938	0.	0.68182	1.1876e-004
5037	1.	0.	0.53375	1.6862e-004
5038	0.93938	0.	0.63329	1.3622e-004
5039	0.95464	0.	0.53963	1.7276e-004
5041	1.	0.	0.4367	2.0803e-004
5042	0.95464	0.	0.49111	1.9155e-004
5045	1.	0.	0.33966	2.4611e-004
5046	0.95493	0.	0.37534	2.381e-004
5047	0.95464	0.	0.44258	2.1217e-004
5049	1.	0.	0.24261	2.8051e-004
5050	0.92426	0.	0.27223	2.8669e-004
5051	0.95493	0.	0.32682	2.5556e-004
5055	1.	0.	0.14557	3.1233e-004
5056	0.92426	0.	0.22371	3.0363e-004
5057	0.94032	0.	0.1544	3.2092e-004
5062	1.	0.	4.8523e-002	3.2903e-004
5063	0.94032	0.	0.10588	3.3579e-004
5068	1.8607e-002	0.	1.3582e-002	0.14136
5079	-0.37863	0.	1.3874e-002	0.14208
5094	0.25972	0.	0.82943	-3.0348e-006
5095	0.1819	0.	0.8273	-1.6074e-005
5096	0.29429	0.	0.75252	2.7554e-005
5097	0.26001	0.	0.68596	4.6189e-005
5098	0.13785	0.	0.75556	-6.2644e-005
5099	0.16008	0.	0.68556	-6.3977e-005
5100	0.20746	0.	0.65815	2.4243e-005
5105	-0.64796	0.	0.71994	3.9817e-005
5106	-0.55674	0.	0.68362	-1.7957e-005
5107	-0.58803	0.	0.82304	-6.7065e-007
5108	-0.51341	0.	0.78472	-4.3491e-005
5109	-0.51808	0.	0.7114	-6.2977e-005
5110	-0.66601	0.	0.78025	2.5389e-005
5111	-0.6066	0.	0.69583	3.021e-005
5115	-0.54411	0.	0.43204	1.8834e-004
5116	-0.43313	0.	0.40772	-3.0967e-004
5117	-0.47569	0.	0.3697	1.8823e-004
5118	-0.50232	0.	0.45998	3.7148e-005
5119	-0.53067	0.	0.39295	3.5607e-004
5120	-0.46506	0.	0.44456	-1.0005e-004
5122	6.0143e-002	0.	0.39165	-4.0306e-004
5123	0.11722	0.	0.44914	-2.5847e-005
5124	0.1597	0.	0.35164	6.5734e-004
5125	0.16717	0.	0.41404	2.0727e-004
5126	7.0643e-002	0.	0.35673	-1.8898e-004
5127	0.10978	0.	0.33762	4.3786e-004
5128	7.4718e-002	0.	0.4303	-1.5621e-004
5133	8.9583e-003	0.	0.26194	-8.7658e-004
5134	7.0006e-003	0.	0.23053	-1.4649e-003
5135	4.2635e-002	0.	0.2806	1.2007e-004
5136	0.11099	0.	0.219	2.2999e-003
5137	8.177e-002	0.	0.26149	7.4691e-004
5138	2.3999e-002	0.	0.20246	1.5118e-004
5139	6.341e-002	0.	0.19467	4.0112e-003
5145	-0.39201	0.	0.20789	1.3659e-003
5146	-0.36981	0.	0.23469	-1.7392e-003
5147	-0.43467	0.	0.28362	4.0613e-004
5148	-0.37919	0.	0.27173	-5.5566e-004
5149	-0.43397	0.	0.21325	2.4386e-003
5150	-0.44771	0.	0.24597	1.219e-003
5154	-1.0209	0.	0.55707	2.0004e-004
5155	-0.94499	0.	0.68794	1.3282e-004
5156	-0.88494	0.	0.63166	1.559e-004
5157	-0.89992	0.	0.56287	2.0824e-004
5158	-0.96369	0.	0.52481	2.4362e-004
5159	-1.0213	0.	0.62933	1.5938e-004
5163	0.58039	0.	0.69188	1.2623e-004
5164	0.69369	0.	0.58599	1.7514e-004
5165	0.6665	0.	0.6686	1.3916e-004
5166	0.62609	0.	0.54574	2.2918e-004
5167	0.55631	0.	0.56909	2.4102e-004
5168	0.52422	0.	0.62539	1.7375e-004
5174	-0.16085	0.	0.20928	-9.9193e-003
5175	-0.21577	0.	0.22491	-8.2372e-003
5176	-0.19423	0.	0.19162	-1.3885e-002
5177	-0.1443	0.	0.24262	-7.0903e-003
5178	-0.19982	0.	0.25805	-6.4104e-003
5179	-0.16947	0.	0.26298	-6.4189e-003
5183	0.35161	0.	0.42792	4.7092e-004
5184	0.42817	0.	0.44134	3.9981e-004
5185	0.29585	0.	0.46985	2.8673e-004
5186	0.33879	0.	0.5679	1.8278e-004
5187	0.43505	0.	0.51104	2.8569e-004
5188	0.40296	0.	0.56734	2.1843e-004
5189	0.28624	0.	0.54009	1.6083e-004
5193	-0.70134	0.	0.41959	5.5905e-004
5194	-0.78485	0.	0.43532	4.0314e-004
5195	-0.65895	0.	0.46649	2.9433e-004
5196	-0.7835	0.	0.50683	2.7145e-004
5197	-0.66723	0.	0.51912	2.2718e-004
5198	-0.72075	0.	0.54157	2.3702e-004
5202	-0.21578	0.	0.79893	-1.7889e-004
5203	-9.5806e-002	0.	0.77189	-2.0309e-004
5204	-0.1858	0.	0.74232	-2.5528e-004
5205	-0.15781	0.	0.8708	-1.3413e-004
5206	-0.12569	0.	0.73004	-2.7495e-004
5207	-0.10799	0.	0.82703	-1.6218e-004
5211	-0.24382	0.	0.37607	-2.2794e-003
5212	-0.2091	0.	0.44791	-1.5767e-003
5213	-0.24957	0.	0.42684	-1.6294e-003
5214	-0.1987	0.	0.37561	-2.5528e-003
5215	-0.17168	0.	0.40961	-1.9567e-003
5220	0.57951	0.	0.33787	4.9317e-004
5221	0.75827	0.	0.27222	3.8006e-004
5222	0.65617	0.	0.38423	3.6721e-004
5223	0.64813	0.	0.21176	5.4103e-004
5224	0.73157	0.	0.3481	3.6418e-004
5225	0.59652	0.	0.2589	6.0178e-004
5226	0.71113	0.	0.21153	4.616e-004
5230	-0.93411	0.	0.33601	4.7063e-004
5231	-1.1096	0.	0.27583	3.8298e-004
5232	-1.0021	0.	0.21967	5.399e-004
5233	-0.9526	0.	0.26512	6.0589e-004
5234	-1.0608	0.	0.33778	3.7256e-004
5235	-0.99653	0.	0.36945	3.7432e-004
5236	-1.0613	0.	0.21274	4.4262e-004
5239	-2.087e-002	0.	0.70099	-2.4401e-004
5240	-8.1524e-003	0.	0.58957	-4.2303e-004
5241	3.4819e-002	0.	0.71177	-2.0246e-004
5242	5.7054e-002	0.	0.64177	-2.0379e-004
5243	-5.0753e-002	0.	0.65913	-3.1587e-004
5244	-3.9137e-002	0.	0.61532	-4.2132e-004
5245	2.7212e-002	0.	0.60679	-2.9386e-004
5249	-0.17508	0.	0.16674	-1.5515e-002
5250	-0.12516	0.	0.21773	-8.7207e-003
5251	-0.12546	0.	0.15451	-1.6855e-002
5252	-0.14873	0.	0.15624	-1.9677e-002
5253	-0.11251	0.	0.18457	-1.0359e-002
5258	-0.23978	0.	0.13309	-2.1572e-002
5259	-0.28599	0.	0.14554	-1.5504e-002
5260	-0.29739	0.	0.12008	-1.5694e-002
5265	-0.62383	0.	0.32036	1.1615e-003
5266	-0.76658	0.	0.36937	6.5607e-004
5267	-0.64068	0.	0.40054	5.4725e-004
5268	-0.67545	0.	0.28208	1.3829e-003
5269	-0.73038	0.	0.31671	8.4092e-004
5270	-0.62724	0.	0.36146	7.1498e-004
5273	0.27467	0.	0.33732	9.4414e-004
5274	0.41445	0.	0.3712	6.0714e-004
5275	0.28213	0.	0.39972	4.9407e-004
5276	0.32092	0.	0.2988	1.1443e-003
5277	0.37846	0.	0.31877	8.3007e-004
5282	-7.186e-002	0.	0.3088	-2.8578e-003
5283	-7.1317e-002	0.	0.27039	-4.1838e-003
5284	-3.5986e-002	0.	0.25831	-3.0643e-003
5285	-3.512e-004	0.	0.30838	-1.4793e-003
5286	-4.1936e-002	0.	0.32795	-2.0524e-003
5290	-0.37414	0.	0.14045	6.887e-003
5291	-0.35394	0.	0.1981	-9.0318e-004
5292	-0.3385	0.	0.17264	-2.5714e-003
5293	-0.34989	0.	0.14718	-2.7613e-003
5294	-0.40543	0.	0.14964	7.8127e-003
5295	-0.41809	0.	0.17666	3.2746e-003
5300	4.5171e-002	0.	0.10914	1.551e-002
5301	2.1384e-002	0.	9.8443e-002	2.2231e-002
5302	-1.1678e-002	0.	0.11611	-5.2239e-004
5303	6.6838e-003	0.	0.1469	4.4487e-003
5304	4.6095e-002	0.	0.13911	8.3087e-003
5305	8.3848e-003	0.	0.10651	1.0182e-002
5309	0.46687	0.	0.77023	7.1461e-005
5310	0.57879	0.	0.85741	4.947e-005
5311	0.63904	0.	0.74632	9.1154e-005
5312	0.50625	0.	0.84598	5.1697e-005
5313	0.64763	0.	0.83344	5.9894e-005
5314	0.49676	0.	0.70311	1.2575e-004
5319	-0.95026	0.	0.95291	2.1249e-005
5320	-0.89606	0.	0.86628	5.2207e-005
5321	-0.80313	0.	0.88531	3.4093e-005
5322	-0.77472	0.	0.96924	1.2074e-005
5327	2.2825e-002	0.	0.36195	-6.967e-004
5328	2.69e-002	0.	0.43551	-6.6393e-004
5329	-1.876e-002	0.	0.38152	-1.2699e-003
5330	-1.6243e-002	0.	0.42071	-9.1381e-004
5334	-0.36495	0.	0.81736	-1.1921e-004
5335	-0.25342	0.	0.75284	-2.2679e-004
5336	-0.30972	0.	0.87909	-1.0481e-004
5337	-0.22544	0.	0.88132	-1.0563e-004
5338	-0.32062	0.	0.76208	-1.8455e-004
5343	-0.3645	0.	0.55389	-4.3708e-004
5344	-0.40533	0.	0.58587	-2.7347e-004
5345	-0.41126	0.	0.64211	-2.2738e-004
5346	-0.36227	0.	0.66017	-2.7323e-004
5347	-0.3225	0.	0.61513	-3.9302e-004
5348	-0.32598	0.	0.57218	-5.131e-004
5352	0.79344	0.	0.77211	8.5642e-005
5353	0.87024	0.	0.75275	9.4914e-005
5354	0.80202	0.	0.85923	5.4382e-005
5355	0.86788	0.	0.88656	4.7198e-005
5360	-0.99174	0.	0.86488	5.5002e-005
5361	-1.1346	0.	0.93659	3.0574e-005
5362	-1.0809	0.	0.88027	4.4542e-005
5367	-0.23	0.	0.18236	-1.3833e-002
5368	-0.29164	0.	0.22028	-6.0969e-003
5369	-0.23559	0.	0.2488	-6.3586e-003
5370	-0.27621	0.	0.19481	-7.7651e-003
5371	-0.26738	0.	0.24135	-6.2105e-003
5375	-0.32548	0.	0.37204	-1.6023e-003
5376	-0.24714	0.	0.31361	-3.5114e-003
5377	-0.31257	0.	0.32213	-2.0662e-003
5378	-0.28037	0.	0.39604	-1.841e-003
5379	-0.27892	0.	0.30616	-3.3632e-003
5380	-0.2295	0.	0.34482	-2.7644e-003
5385	-0.76651	0.	0.6807	1.0535e-004
5386	-0.73364	0.	0.75601	6.4159e-005
5387	-0.71874	0.	0.64665	1.2325e-004
5388	-0.67423	0.	0.67159	6.898e-005
5391	0.17643	0.	0.47675	7.6764e-005
5392	0.11943	0.	0.57439	-1.3736e-004
5393	8.3978e-002	0.	0.493	-2.8671e-004
5394	0.16681	0.	0.54699	-4.914e-005
5395	8.959e-002	0.	0.53941	-2.2743e-004
5399	-0.48856	0.	0.59459	-1.2807e-004
5400	-0.49449	0.	0.65083	-8.1981e-005
5401	-0.574	0.	0.58788	5.5637e-005
5402	-0.52393	0.	0.56319	-2.8406e-005
5403	-0.58301	0.	0.63527	1.1206e-005
5408	1.2225e-002	0.	0.76616	-1.5725e-004
5409	-7.3347e-002	0.	0.71352	-2.7066e-004
5410	-5.5651e-002	0.	0.81052	-1.5789e-004
5412	-6.2073e-002	0.	0.51974	-7.1886e-004
5413	-0.1401	0.	0.54567	-7.5264e-004
5414	-0.15565	0.	0.49795	-9.8325e-004
5415	-0.11823	0.	0.45965	-1.3632e-003
5416	-9.3058e-002	0.	0.5455	-7.1715e-004
5417	-7.5464e-002	0.	0.47575	-8.9885e-004
5419	0.21891	0.	0.37925	7.5995e-004
5420	0.19073	0.	0.26033	2.5436e-003
5421	0.16152	0.	0.30282	9.9054e-004
5422	0.25769	0.	0.27832	1.4102e-003
5426	-0.51302	0.	0.30492	8.9665e-004
5427	-0.61621	0.	0.2488	1.7324e-003
5428	-0.55558	0.	0.24054	2.6879e-003
5429	-0.568	0.	0.32818	1.0645e-003
5430	-0.52606	0.	0.26727	1.7095e-003
5435	0.75234	0.	0.64043	1.4006e-004
5436	0.71193	0.	0.51757	2.3008e-004
5437	0.78733	0.	0.48144	2.2705e-004
5438	0.82915	0.	0.62107	1.4934e-004
5439	0.84441	0.	0.5274	1.8587e-004
5441	-1.1619	0.	0.46982	2.2674e-004
5442	-1.1631	0.	0.54962	1.8412e-004
5443	-1.0964	0.	0.45259	2.622e-004
5444	-1.0321	0.	0.48426	2.6397e-004
5445	-1.0897	0.	0.58877	1.7973e-004
5448	0.23384	0.	0.92257	-9.522e-006
5449	0.34623	0.	0.84778	3.4106e-005
5450	0.38562	0.	0.92353	1.4343e-005
5455	-0.36931	0.	0.45049	-6.2994e-004
5456	-0.40313	0.	0.53415	-3.8279e-004
5457	-0.32421	0.	0.47448	-8.687e-004
5458	-0.40124	0.	0.48732	-4.2033e-004
5459	-0.32378	0.	0.52045	-6.2242e-004
5462	0.34076	0.	0.12582	2.8606e-003
5463	0.46616	0.	0.1768	1.2823e-003
5464	0.35563	0.	0.18337	1.7108e-003
5465	0.41317	0.	0.20334	1.3966e-003
5466	0.46874	0.	0.12546	1.4024e-003
5471	-0.83251	0.	0.20588	1.0539e-003
5472	-0.72289	0.	0.18947	1.6455e-003
5473	-0.77782	0.	0.2241	1.1035e-003
5474	-0.83233	0.	0.15524	1.155e-003
5475	-0.74847	0.	0.12632	2.1406e-003
5479	-0.86858	0.	0.31422	6.3542e-004
5480	-0.84873	0.	0.45661	3.6847e-004
5481	-0.91251	0.	0.41855	4.0385e-004
5482	-0.81388	0.	0.33244	6.8502e-004
5489	0.56766	0.	0.43097	4.1007e-004
5490	0.49789	0.	0.45432	4.2191e-004
5491	0.50801	0.	0.30564	6.4464e-004
5492	0.45501	0.	0.33218	7.5896e-004
5496	-0.5211	0.	0.86358	-4.5208e-005
5497	-0.6737	0.	0.85911	2.3671e-005
5498	-0.53237	0.	0.93922	-1.3525e-005
5499	-0.64529	0.	0.94303	1.6533e-006
5504	-0.39127	0.	0.88699	-7.3626e-005
5505	-0.45116	0.	0.75193	-1.0752e-004
5506	-0.40216	0.	0.76999	-1.5337e-004
5507	-0.45776	0.	0.9009	-5.6346e-005
5512	-0.25466	0.	0.16153	-1.3413e-002
5513	-0.1821	0.	0.13858	-2.3643e-002
5518	-0.10915	0.	0.28947	-4.5657e-003
5519	-0.13432	0.	0.30984	-3.8943e-003
5520	-0.14704	0.	0.33612	-3.1387e-003
5521	-0.12002	0.	0.37012	-2.5426e-003
5522	-7.9769e-002	0.	0.34703	-2.4343e-003
5528	-0.3479	0.	0.11633	1.9238e-003
5529	-0.35762	0.	9.8247e-002	6.1446e-003
5530	-0.40344	0.	0.11879	1.2498e-002
5531	-0.37791	0.	9.1091e-002	2.6682e-002
5535	7.9047e-002	0.	0.94361	-3.3553e-005
5536	0.11197	0.	0.84869	-6.9131e-005
5539	-1.2177	0.	0.34393	2.7897e-004
5540	-1.2209	0.	0.19024	3.3532e-004
5541	-1.1523	0.	0.3267	3.1443e-004
5542	-1.1527	0.	0.20166	3.845e-004
5547	0.82182	0.	0.32919	2.9393e-004
5548	0.86457	0.	0.18401	3.271e-004
5549	0.80137	0.	0.19262	3.9135e-004
5550	0.87919	0.	0.30791	2.7868e-004
5557	0.42018	0.	0.84661	4.4931e-005
5558	0.34652	0.	0.70431	8.333e-005
5559	0.4107	0.	0.70375	1.1898e-004
5563	1.1723e-002	0.	0.50335	-4.8696e-004
5564	-4.9013e-002	0.	0.55829	-5.5513e-004
5565	-3.1419e-002	0.	0.48854	-7.3684e-004
5566	1.7335e-002	0.	0.54976	-4.2768e-004
5570	0.1048	0.	9.6108e-002	1.7414e-002
5571	0.20539	0.	0.11084	8.5177e-003
5572	0.1533	0.	0.15041	8.5014e-003
5573	0.10572	0.	0.12608	1.0213e-002
5574	9.575e-002	0.	7.114e-002	3.4281e-002
5580	4.924e-002	0.	8.453e-002	2.8423e-002
5581	7.3952e-002	0.	0.1252	1.4501e-002
5582	6.3978e-002	0.	7.0262e-002	3.857e-002
5587	0.22211	0.	0.16426	3.8935e-003
5588	0.28907	0.	0.18225	2.7601e-003
5592	-0.55668	0.	0.1067	7.7081e-003
5593	-0.63687	0.	0.1585	3.4526e-003
5594	-0.57624	0.	0.15024	4.408e-003
5595	-0.66245	0.	9.5348e-002	3.9477e-003
5598	-0.52701	0.	0.15046	7.1648e-003
5599	-0.47109	0.	0.11745	1.1944e-002
5600	-0.48375	0.	0.14447	7.4061e-003
5601	-0.46079	0.	7.7759e-002	3.0962e-002
5606	0.53211	0.	0.93379	2.2941e-005
5607	0.67348	0.	0.92126	3.1137e-005
5611	-0.19877	0.	0.64031	-4.638e-004
5612	-0.16334	0.	0.68395	-3.2285e-004
5613	-0.29064	0.	0.70547	-2.6094e-004
5614	-0.25087	0.	0.66044	-3.8074e-004
5618	-0.60657	0.	0.50007	2.1538e-004
5619	-0.5565	0.	0.47539	1.3134e-004
5620	-0.58485	0.	0.40836	4.5026e-004
5624	-0.87748	0.	0.72197	1.0904e-004
5625	-0.84461	0.	0.79728	6.7845e-005
5626	-1.0267	0.	0.79364	7.55e-005
5627	-1.0138	0.	0.71964	1.1252e-004
5631	0.80196	0.	0.70368	1.1335e-004
5632	0.73374	0.	0.81016	7.2821e-005
5637	-1.1695	0.	0.86536	5.1072e-005
5638	-1.2395	0.	0.83862	6.006e-005
5643	0.21676	0.	0.51189	1.8398e-004
5647	-0.18963	0.	0.53667	-8.5503e-004
5648	-0.13866	0.	0.62803	-4.8347e-004
5649	-0.12704	0.	0.58422	-5.8892e-004
5650	-0.2262	0.	0.60452	-5.4135e-004
5651	-0.22968	0.	0.56157	-6.6143e-004
5655	-7.3275e-002	0.	0.23898	-4.7722e-003
5656	-0.13377	0.	0.27143	-5.2203e-003
5657	-9.5959e-002	0.	0.2179	-7.5304e-003
5663	-0.31631	0.	0.19944	-5.6765e-003
5664	-0.34112	0.	0.26194	-2.8248e-003
5665	-0.30748	0.	0.24597	-4.1218e-003
5669	-0.25176	0.	0.95096	-6.0047e-005
5670	-0.40254	0.	0.96264	-4.1943e-005
5674	-0.41889	0.	0.36079	-2.1558e-004
5675	-0.36341	0.	0.3489	-1.1774e-003
5676	-0.33122	0.	0.42281	-9.5224e-004
5677	-0.40826	0.	0.43565	-5.0386e-004
5681	0.37642	0.	0.63719	1.3762e-004
5682	0.25969	0.	0.60994	8.0019e-005
5684	0.71972	0.	0.4412	2.8108e-004
5685	0.57454	0.	0.50067	2.9596e-004
5690	-0.4499	0.	0.62237	-1.7309e-004
5691	-0.47934	0.	0.53473	-1.1951e-004
5692	-0.44208	0.	0.5193	-2.5671e-004
5696	-0.40684	0.	0.69666	-1.7285e-004
5699	3.4996e-002	0.	0.87186	-8.0122e-005
5700	-8.2701e-002	0.	0.95999	-5.2707e-005
5701	-3.288e-002	0.	0.91622	-8.076e-005
5707	-0.93652	0.	0.19788	7.0469e-004
5708	-1.0452	0.	0.1455	5.4142e-004
5709	-0.93633	0.	0.14724	8.0576e-004
5715	0.57662	0.	0.17952	6.925e-004
5716	0.69123	0.	0.13216	5.5232e-004
5717	0.5792	0.	0.12819	8.1262e-004
5720	-2.0945e-002	0.	0.19882	-2.0365e-003
5721	-6.0628e-002	0.	0.20581	-6.4108e-003
5725	-0.18929	0.	0.28687	-4.5404e-003
5726	-0.25143	0.	0.27449	-4.3836e-003
5727	-0.20201	0.	0.31315	-3.7848e-003
5732	1.2454e-002	0.	8.1892e-002	2.3095e-002
5733	4.0191e-002	0.	5.9561e-002	4.529e-002
5734	2.1545e-002	0.	6.405e-002	6.4212e-002
5740	0.85249	0.	0.38378	2.628e-004
5741	0.8522	0.	0.45102	2.3687e-004
5746	-7.4938e-002	0.	0.11689	-1.6262e-002
5747	-2.2309e-002	0.	0.13996	-5.3915e-003
5748	-6.1992e-002	0.	0.14695	-9.7658e-003
5749	-2.0608e-002	0.	9.9561e-002	3.4174e-004
5756	-1.2357	0.	0.50292	1.9047e-004
5757	-1.169	0.	0.40589	2.6855e-004
5761	-0.78456	0.	0.741	9.0924e-005
5762	-0.83241	0.	0.59691	1.8445e-004
5763	-0.76966	0.	0.63165	1.5001e-004
5768	0.47268	0.	0.58032	2.4053e-004
5770	9.0149e-002	0.	0.70695	-1.1703e-004
5771	3.843e-005	0.	0.8213	-1.1634e-004
5777	0.15976	0.	0.60954	-3.0146e-005
5778	8.2542e-002	0.	0.60196	-2.0844e-004
5782	7.246e-002	0.	0.30792	1.4422e-004
5783	-8.2597e-003	0.	0.3466	-1.0558e-003
5787	-0.83237	0.	0.26156	8.2028e-004
5788	-0.88688	0.	0.19269	8.7175e-004
5793	0.47202	0.	0.25321	8.6757e-004
5794	0.52759	0.	0.17532	8.7337e-004
5798	0.89402	0.	0.59065	1.5916e-004
5803	0.14081	0.	0.24632	2.3241e-003
5804	0.23699	0.	0.22181	2.7437e-003
5805	0.12245	0.	0.17949	5.5884e-003
5811	-0.13248	0.	0.12635	-2.4983e-002
5812	-9.6259e-002	0.	0.15468	-1.5665e-002
5817	-0.24565	0.	0.46787	-1.1383e-003
5818	-0.16776	0.	0.45065	-1.4656e-003
5819	-0.24522	0.	0.51384	-8.9204e-004
5823	-0.72327	0.	0.90024	2.7713e-005
5828	-0.11766	0.	0.90943	-8.8924e-005
5833	-0.40598	0.	0.31087	-6.7948e-004
5834	-0.51643	0.	0.34602	4.5015e-004
5835	-0.4745	0.	0.28511	1.0952e-003
5840	-0.31226	0.	0.14852	-7.5346e-003
5845	-0.31686	0.	0.28301	-2.9383e-003
5850	-0.28569	0.	0.49277	-9.4472e-004
5854	-0.33338	0.	0.10498	-3.5037e-003
5860	-0.6072	0.	0.20226	2.9093e-003
5861	-0.72275	0.	0.24515	1.4119e-003
5862	-0.6934	0.	0.14736	2.449e-003
5867	-0.91116	0.	0.49006	2.7216e-004
5868	-0.78464	0.	0.56286	2.0235e-004
5872	-0.17166	0.	0.31808	-3.7933e-003
5879	3.5464e-002	0.	0.16296	3.4396e-003
5880	-4.363e-002	0.	0.17775	-4.7947e-003
5885	-0.56478	0.	0.52802	6.4191e-005
5886	-0.66837	0.	0.57515	1.5807e-004
5887	-0.62386	0.	0.60009	1.038e-004
5891	-1.1635	0.	0.62187	1.4346e-004
5892	-1.2463	0.	0.66914	1.1543e-004
5897	0.81743	0.	0.12332	4.0863e-004
5902	-1.1727	0.	0.12716	3.9496e-004
5906	-1.0392	0.	0.42033	3.0578e-004
5915	0.36149	0.	0.25977	1.2961e-003
5919	-0.50331	0.	0.18801	4.106e-003
5920	-0.51705	0.	0.22073	2.8864e-003
5930	-9.1613e-002	0.	0.62786	-4.4797e-004
5934	-0.15736	0.	0.37835	-2.4417e-003
5937	-9.0095e-002	0.	0.38927	-1.7372e-003
5938	-8.7577e-002	0.	0.42845	-1.3812e-003
5944	-0.31807	0.	0.66968	-3.385e-004
5948	0.80818	0.	0.92461	3.4377e-005
5953	-1.6673e-003	0.	0.45935	-6.6695e-004
5954	4.7087e-002	0.	0.52057	-3.5779e-004
5980	-1.1029	0.	0.73503	1.0206e-004
5981	-1.1857	0.	0.78229	7.4028e-005
5989	-0.47745	0.	0.48791	-1.5705e-004
6003	-4.7327e-002	0.	0.40536	-1.2729e-003
6013	-0.4092	0.	0.10028	2.7608e-002
6014	-0.44739	0.	0.155	8.8854e-003
6015	-0.42443	0.	8.8287e-002	3.2441e-002
6021	-0.37872	0.	6.3257e-002	7.0338e-002
6022	-0.3989	0.	6.0591e-002	4.6625e-002
6028	-0.28178	0.	0.58169	-5.7837e-004
6040	-1.1729	0.	0.70829	1.1104e-004
6047	-0.47379	0.	0.21474	3.1277e-003
6060	0.90957	0.	0.42974	2.2162e-004
6068	-0.67738	0.	0.62254	1.1364e-004
10206	4.6072e-002	0.	3.6229e-002	7.7303e-002
10207	2.7426e-002	0.	4.0718e-002	9.6225e-002
10210	3.6283e-002	0.	4.9782e-002	7.4359e-002
10231	-0.39394	0.	5.1261e-002	7.5171e-002
10232	-0.38551	0.	4.0838e-002	0.10384
10235	-0.40569	0.	3.8172e-002	8.0131e-002
