Node Number	X Location (m)	Y Location (m)	Z Location (m)	Directional Magnetic Flux Density (T)
9	-0.12	0.	1.5e-002	1.1131
10	-0.10286	0.	1.5e-002	1.9819
11	-8.5714e-002	0.	1.5e-002	2.4826
12	-6.8571e-002	0.	1.5e-002	2.6334
13	-5.1429e-002	0.	1.5e-002	2.6417
14	-3.4286e-002	0.	1.5e-002	2.5183
15	0.	0.	1.5e-002	1.2615
16	-1.7143e-002	0.	1.5e-002	2.0692
59	-1.7143e-002	0.	-1.5e-002	1.9371
60	0.	0.	-1.5e-002	1.0997
61	-3.4286e-002	0.	-1.5e-002	2.4844
62	-5.1429e-002	0.	-1.5e-002	2.632
63	-6.8571e-002	0.	-1.5e-002	2.6419
64	-8.5714e-002	0.	-1.5e-002	2.5221
65	-0.10286	0.	-1.5e-002	2.225
66	-0.12	0.	-1.5e-002	1.5948
385	0.	0.	0.	0.8404
386	-0.12	0.	0.	1.0544
1810	-0.11143	0.	1.5e-002	1.5475
1812	-0.12	0.	7.5e-003	1.0838
1818	-9.4286e-002	0.	1.5e-002	2.2322
1820	-0.10286	0.	0.	2.1034
1821	-0.11143	0.	7.5e-003	1.5181
1826	-7.7143e-002	0.	1.5e-002	2.558
1828	-8.5714e-002	0.	0.	2.5024
1829	-9.4286e-002	0.	0.	2.3538
1832	-6.e-002	0.	1.5e-002	2.6375
1834	-6.8571e-002	0.	0.	2.6376
1835	-7.7143e-002	0.	0.	2.5778
1838	-4.2857e-002	0.	1.5e-002	2.58
1840	-5.1429e-002	0.	0.	2.6368
1841	-6.e-002	0.	0.	2.6418
1844	-2.5714e-002	0.	1.5e-002	2.2937
1846	-3.4286e-002	0.	0.	2.5013
1847	-4.2857e-002	0.	0.	2.5751
1850	-8.5714e-003	0.	1.5e-002	1.6653
1852	0.	0.	7.5e-003	1.051
1858	-1.7143e-002	0.	0.	2.0032
1859	-2.5714e-002	0.	0.	2.2768
1860	-8.5714e-003	0.	7.5e-003	1.4548
2085	-8.5714e-003	0.	-1.5e-002	1.5184
2086	-2.5714e-002	0.	-1.5e-002	2.2108
2088	-8.5714e-003	0.	-7.5e-003	1.3888
2093	0.	0.	-7.5e-003	0.97006
2097	-4.2857e-002	0.	-1.5e-002	2.5582
2101	-6.e-002	0.	-1.5e-002	2.6369
2105	-7.7143e-002	0.	-1.5e-002	2.582
2109	-9.4286e-002	0.	-1.5e-002	2.3736
2113	-0.11143	0.	-1.5e-002	1.9099
2115	-0.11143	0.	-7.5e-003	1.6397
2121	-0.12	0.	-7.5e-003	1.3246
1	0.	0.	2.25e-002	5.4624e-002
2	-1.7143e-002	0.	2.25e-002	-1.4716e-002
3	-3.4286e-002	0.	2.25e-002	-4.6932e-002
4	-5.1429e-002	0.	2.25e-002	3.4024e-004
5	-6.8571e-002	0.	2.25e-002	-7.6956e-004
6	-8.5714e-002	0.	2.25e-002	-4.6209e-002
7	-0.10286	0.	2.25e-002	-1.7112e-002
8	-0.12	0.	2.25e-002	4.6168e-002
9	-0.12	0.	1.5e-002	4.6168e-002
10	-0.10286	0.	1.5e-002	-1.7112e-002
11	-8.5714e-002	0.	1.5e-002	-4.6209e-002
12	-6.8571e-002	0.	1.5e-002	-7.6956e-004
13	-5.1429e-002	0.	1.5e-002	3.4024e-004
14	-3.4286e-002	0.	1.5e-002	-4.6932e-002
15	0.	0.	1.5e-002	5.4624e-002
16	-1.7143e-002	0.	1.5e-002	-1.4716e-002
59	-1.7143e-002	0.	-1.5e-002	-1.6167e-002
60	0.	0.	-1.5e-002	5.0805e-002
61	-3.4286e-002	0.	-1.5e-002	-4.7118e-002
62	-5.1429e-002	0.	-1.5e-002	-2.2553e-004
63	-6.8571e-002	0.	-1.5e-002	-2.674e-005
64	-8.5714e-002	0.	-1.5e-002	-4.554e-002
65	-0.10286	0.	-1.5e-002	-1.5818e-002
66	-0.12	0.	-1.5e-002	4.8745e-002
131	-0.10286	0.	-2.25e-002	-1.5818e-002
132	-0.12	0.	-2.25e-002	4.8745e-002
133	-8.5714e-002	0.	-2.25e-002	-4.554e-002
134	-6.8571e-002	0.	-2.25e-002	-2.674e-005
135	-5.1429e-002	0.	-2.25e-002	-2.2553e-004
136	-3.4286e-002	0.	-2.25e-002	-4.7118e-002
137	-1.7143e-002	0.	-2.25e-002	-1.6167e-002
138	0.	0.	-2.25e-002	5.0805e-002
1758	-8.5714e-003	0.	2.25e-002	1.9954e-002
1759	0.	0.	1.875e-002	5.4624e-002
1765	-2.5714e-002	0.	2.25e-002	-3.0824e-002
1766	-1.7143e-002	0.	1.875e-002	-1.4716e-002
1771	-4.2857e-002	0.	2.25e-002	-2.3296e-002
1772	-3.4286e-002	0.	1.875e-002	-4.6932e-002
1778	-6.e-002	0.	2.25e-002	-2.1466e-004
1779	-5.1429e-002	0.	1.875e-002	3.4024e-004
1783	-7.7143e-002	0.	2.25e-002	-2.3489e-002
1784	-6.8571e-002	0.	1.875e-002	-7.6956e-004
1790	-9.4286e-002	0.	2.25e-002	-3.1661e-002
1791	-8.5714e-002	0.	1.875e-002	-4.6209e-002
1796	-0.11143	0.	2.25e-002	1.4528e-002
1797	-0.10286	0.	1.875e-002	-1.7112e-002
1803	-0.12	0.	1.875e-002	4.6168e-002
1810	-0.11143	0.	1.5e-002	1.4528e-002
1818	-9.4286e-002	0.	1.5e-002	-3.1661e-002
1826	-7.7143e-002	0.	1.5e-002	-2.3489e-002
1832	-6.e-002	0.	1.5e-002	-2.1466e-004
1838	-4.2857e-002	0.	1.5e-002	-2.3296e-002
1844	-2.5714e-002	0.	1.5e-002	-3.0824e-002
1850	-8.5714e-003	0.	1.5e-002	1.9954e-002
2085	-8.5714e-003	0.	-1.5e-002	1.7319e-002
2086	-2.5714e-002	0.	-1.5e-002	-3.1642e-002
2087	-1.7143e-002	0.	-1.875e-002	-1.6167e-002
2092	0.	0.	-1.875e-002	5.0805e-002
2097	-4.2857e-002	0.	-1.5e-002	-2.3672e-002
2098	-3.4286e-002	0.	-1.875e-002	-4.7118e-002
2101	-6.e-002	0.	-1.5e-002	-1.2613e-004
2102	-5.1429e-002	0.	-1.875e-002	-2.2553e-004
2105	-7.7143e-002	0.	-1.5e-002	-2.2783e-002
2106	-6.8571e-002	0.	-1.875e-002	-2.674e-005
2109	-9.4286e-002	0.	-1.5e-002	-3.0679e-002
2110	-8.5714e-002	0.	-1.875e-002	-4.554e-002
2113	-0.11143	0.	-1.5e-002	1.6463e-002
2114	-0.10286	0.	-1.875e-002	-1.5818e-002
2120	-0.12	0.	-1.875e-002	4.8745e-002
2519	-0.11143	0.	-2.25e-002	1.6463e-002
2520	-9.4286e-002	0.	-2.25e-002	-3.0679e-002
2529	-7.7143e-002	0.	-2.25e-002	-2.2783e-002
2533	-6.e-002	0.	-2.25e-002	-1.2613e-004
2537	-4.2857e-002	0.	-2.25e-002	-2.3672e-002
2543	-2.5714e-002	0.	-2.25e-002	-3.1642e-002
2546	-8.5714e-003	0.	-2.25e-002	1.7319e-002
60	0.	0.	-1.5e-002	0.35551
66	-0.12	0.	-1.5e-002	0.3217
131	-0.10286	0.	-2.25e-002	-6.478e-002
132	-0.12	0.	-2.25e-002	0.10686
133	-8.5714e-002	0.	-2.25e-002	-8.5185e-002
134	-6.8571e-002	0.	-2.25e-002	-8.2789e-002
135	-5.1429e-002	0.	-2.25e-002	-8.481e-002
136	-3.4286e-002	0.	-2.25e-002	-9.7492e-002
137	-1.7143e-002	0.	-2.25e-002	-6.9286e-002
138	0.	0.	-2.25e-002	0.10534
209	1.	0.	-9.2955e-002	4.2725e-005
210	1.	0.	-0.18591	4.0316e-005
211	1.	0.	-0.27886	3.6116e-005
212	1.	0.	-0.37182	3.0677e-005
213	1.	0.	-0.46477	2.3862e-005
214	1.	0.	-0.55773	1.907e-005
215	1.	0.	-0.65068	1.3974e-005
216	1.	0.	-0.74364	1.0059e-005
217	1.	0.	-0.83659	5.6876e-006
218	1.	0.	-0.92955	2.5875e-006
229	0.90783	0.	-1.0225	1.0816e-006
230	0.81565	0.	-1.0225	1.2815e-006
231	0.72348	0.	-1.0225	1.2768e-006
232	0.6313	0.	-1.0225	1.1974e-006
233	0.53913	0.	-1.0225	1.0356e-006
234	0.44696	0.	-1.0225	6.064e-007
235	0.35478	0.	-1.0225	-1.4315e-007
236	0.26261	0.	-1.0225	-8.6934e-007
237	0.17043	0.	-1.0225	-1.5985e-006
238	7.8261e-002	0.	-1.0225	-1.5826e-006
239	-1.3913e-002	0.	-1.0225	-3.3095e-006
240	-0.10609	0.	-1.0225	-2.2353e-006
241	-0.19826	0.	-1.0225	-2.2348e-006
242	-0.29043	0.	-1.0225	-2.042e-006
243	-0.38261	0.	-1.0225	-8.7905e-007
244	-0.47478	0.	-1.0225	-9.7918e-008
245	-0.56696	0.	-1.0225	5.0064e-007
246	-0.65913	0.	-1.0225	1.012e-006
247	-0.7513	0.	-1.0225	1.242e-006
248	-0.84348	0.	-1.0225	1.3734e-006
249	-0.93565	0.	-1.0225	1.6603e-006
250	-1.0278	0.	-1.0225	1.8649e-006
256	-1.12	0.	-0.92955	3.1875e-006
257	-1.12	0.	-0.83659	5.8738e-006
258	-1.12	0.	-0.74364	9.8863e-006
259	-1.12	0.	-0.65068	1.4213e-005
260	-1.12	0.	-0.55773	1.886e-005
261	-1.12	0.	-0.46477	2.4712e-005
262	-1.12	0.	-0.37182	3.0003e-005
263	-1.12	0.	-0.27886	3.5316e-005
264	-1.12	0.	-0.18591	4.0469e-005
265	-1.12	0.	-9.2955e-002	4.3221e-005
271	9.0909e-002	0.	0.	1.1492e-002
272	0.18182	0.	0.	2.5516e-003
273	0.27273	0.	0.	9.6716e-004
274	0.36364	0.	0.	4.6761e-004
275	0.45455	0.	0.	2.3459e-004
276	0.54545	0.	0.	1.571e-004
277	0.63636	0.	0.	1.0355e-004
278	0.72727	0.	0.	7.376e-005
279	0.81818	0.	0.	5.6e-005
280	0.90909	0.	0.	4.566e-005
281	-1.0291	0.	0.	4.6208e-005
282	-0.93818	0.	0.	5.3102e-005
283	-0.84727	0.	0.	7.0573e-005
284	-0.75636	0.	0.	1.1085e-004
285	-0.66545	0.	0.	1.5868e-004
286	-0.57455	0.	0.	2.742e-004
287	-0.48364	0.	0.	4.2371e-004
288	-0.39273	0.	0.	1.1447e-003
289	-0.30182	0.	0.	3.4705e-003
290	-0.21091	0.	0.	1.332e-002
385	0.	0.	0.	0.56325
386	-0.12	0.	0.	0.57456
391	1.	0.	-1.0225	1.1391e-006
392	1.	0.	0.	4.3763e-005
393	-1.12	0.	-1.0225	1.2145e-006
394	-1.12	0.	0.	4.3746e-005
399	4.5455e-002	0.	0.	3.7979e-002
400	2.2727e-002	0.	0.	0.16012
401	-0.16545	0.	0.	5.314e-002
402	-0.14273	0.	0.	0.26808
550	8.5217e-002	0.	-0.5225	-6.6851e-005
551	-1.7391e-002	0.	-0.2725	-7.2399e-004
552	-0.24609	0.	-0.6475	-2.5086e-005
553	0.54852	0.	-0.47513	3.9743e-005
554	-0.69881	0.	-0.56925	2.4013e-005
555	-6.0438e-002	0.	-0.14678	-4.4374e-003
556	-0.15739	0.	-0.3975	-1.724e-004
557	-0.42022	0.	-0.47682	1.7546e-005
558	0.20502	0.	-0.76082	-8.2178e-006
559	0.19309	0.	-0.28707	1.3013e-004
560	-0.78555	0.	-0.28299	7.1785e-005
561	0.5969	0.	-0.79906	6.6271e-006
562	-9.0725e-002	0.	-0.68917	-3.2463e-005
563	-0.32615	0.	-0.10818	1.1073e-003
564	-0.23881	0.	-7.7575e-002	4.8753e-003
565	-0.49228	0.	-0.1646	3.0517e-004
566	0.60416	0.	-0.32909	6.4713e-005
567	-1.5272e-002	0.	-6.7893e-002	-1.2601e-002
568	7.8037e-002	0.	-0.16271	3.7134e-004
569	0.20261	0.	-0.50832	-1.5704e-005
570	-0.61637	0.	-0.73055	8.8327e-006
571	-0.92685	0.	-0.76575	8.6896e-006
572	0.41739	0.	-0.39569	5.7516e-005
573	-8.5797e-002	0.	-0.10583	-8.838e-003
574	0.87137	0.	-0.53862	2.0115e-005
575	-0.12783	0.	-0.31417	-4.1906e-004
576	0.33317	0.	-0.69889	2.4316e-006
577	-0.97546	0.	-0.51191	2.2709e-005
578	-0.38134	0.	-0.35123	7.2647e-005
579	0.37509	0.	-0.25094	2.098e-004
580	-0.32032	0.	-0.88452	-2.9307e-006
581	-0.63841	0.	-0.30606	9.9385e-005
582	0.75235	0.	-0.28958	4.8527e-005
583	-0.42986	0.	-0.67955	7.6434e-007
584	5.6451e-003	0.	-0.84258	-1.4756e-005
585	-0.16494	0.	-0.19199	-5.1402e-004
586	-0.12406	0.	-0.54333	-7.7769e-005
587	-0.28762	0.	-0.27126	4.815e-005
588	5.4427e-002	0.	-0.41393	-1.4122e-004
589	-9.3412e-002	0.	-6.9363e-002	-1.8768e-002
590	0.38725	0.	-0.85102	1.3102e-006
591	0.85589	0.	-0.79496	7.4729e-006
592	5.201e-002	0.	-0.73284	-2.0075e-005
593	-0.17572	0.	-5.4463e-002	1.3472e-002
594	-0.95169	0.	-0.25196	4.6216e-005
595	-0.20818	0.	-0.78169	-1.4688e-005
596	7.1219e-002	0.	-8.5493e-002	5.6408e-003
597	-0.84765	0.	-0.90111	3.5798e-006
598	0.30018	0.	-0.33871	1.0707e-004
599	-0.27694	0.	-0.43898	-3.582e-005
600	-0.56263	0.	-0.90579	1.8404e-006
601	2.1483e-002	0.	-0.1065	-8.3733e-004
602	-0.78242	0.	-0.72227	1.1926e-005
603	0.56558	0.	-0.15395	1.0316e-004
604	0.21685	0.	-0.39669	-3.4375e-006
605	0.1601	0.	-0.63181	-2.5555e-005
606	0.47529	0.	-0.73164	8.8319e-006
607	0.22377	0.	-0.10293	1.2171e-003
608	0.72585	0.	-0.43273	3.873e-005
609	0.67945	0.	-0.5954	1.8746e-005
610	-0.60259	0.	-0.17185	1.8579e-004
611	-0.69773	0.	-0.87239	3.4065e-006
612	2.8698e-002	0.	-4.4136e-002	3.0811e-002
613	-0.88704	0.	-0.39327	3.5628e-005
614	0.37447	0.	-0.54786	1.5882e-005
615	-0.52931	0.	-0.39144	6.4946e-005
616	-2.7536e-003	0.	-0.60583	-5.3621e-005
617	-0.8287	0.	-0.52568	2.44e-005
618	-0.56374	0.	-0.51344	2.8954e-005
619	0.44588	0.	-0.12525	2.1298e-004
620	0.77715	0.	-0.14068	5.6881e-005
621	-0.80622	0.	-0.13903	7.9716e-005
622	8.9692e-002	0.	-0.25621	-1.5505e-004
623	-2.472e-002	0.	-0.48661	-1.2272e-004
624	-0.17855	0.	-0.12535	8.7009e-004
625	-0.10719	0.	-0.23501	-9.8482e-004
626	-0.34514	0.	-0.57686	-1.0324e-005
627	-1.5197e-003	0.	-0.15457	-2.3413e-003
628	0.5915	0.	-0.90681	2.6483e-006
629	-5.9335e-002	0.	-6.8221e-002	-3.2606e-002
630	0.86292	0.	-0.40227	3.0042e-005
631	-1.0019	0.	-0.89468	3.5229e-006
632	-0.32188	0.	-0.73644	-9.7821e-006
633	0.26403	0.	-0.21891	4.2509e-004
634	-0.17517	0.	-0.92063	-5.0831e-006
635	0.13663	0.	-9.4117e-002	2.875e-003
636	0.2041	0.	-0.90763	-3.8751e-006
637	-4.8731e-002	0.	-0.38227	-2.5977e-004
638	0.86805	0.	-0.28011	3.8504e-005
639	0.85346	0.	-0.67194	1.383e-005
640	-0.3827	0.	-0.21596	3.3571e-004
641	-0.22838	0.	-0.5462	-5.6778e-005
642	-3.348e-002	0.	-0.1083	-1.1116e-002
643	-0.64234	0.	-0.43681	4.9985e-005
644	-0.39913	0.	-0.79108	-2.8178e-006
645	-1.0156	0.	-0.37819	3.0044e-005
646	-0.97408	0.	-9.7096e-002	5.1572e-005
647	0.71043	0.	-0.88093	3.8426e-006
648	0.12653	0.	-0.34961	-7.7616e-005
649	-0.11007	0.	-0.82458	-1.5857e-005
650	0.85626	0.	-0.92709	2.455e-006
651	-0.5024	0.	-0.26818	1.426e-004
652	-8.7561e-003	0.	-4.0236e-002	-1.9029e-002
653	-0.88995	0.	-0.62932	1.559e-005
654	0.51145	0.	-0.60622	1.6272e-005
655	-0.21804	0.	-0.33822	-1.1052e-004
656	0.29775	0.	-0.46285	2.3464e-005
657	3.1661e-002	0.	-0.20955	-8.8288e-004
658	-0.23973	0.	-0.17746	5.1195e-004
659	0.1093	0.	-0.8324	-9.6881e-006
660	0.14194	0.	-0.44051	-6.0807e-005
661	-4.5133e-002	0.	-0.19464	-2.1625e-003
662	-0.19526	0.	-0.26703	-2.5468e-004
663	0.32601	0.	-0.12094	4.9238e-004
664	-1.0199	0.	-0.65339	1.3692e-005
665	-0.49392	0.	-0.78079	1.3984e-006
666	-0.1312	0.	-8.6963e-002	-1.4442e-003
667	0.88857	0.	-0.11682	4.8521e-005
668	0.16139	0.	-0.18362	6.1305e-004
669	-7.8313e-002	0.	-4.4204e-002	-6.2515e-002
670	7.2999e-002	0.	-0.93673	-4.025e-006
671	-0.10866	0.	-4.3178e-002	-2.5137e-002
672	-3.5321e-002	0.	-4.0806e-002	-6.4618e-002
673	-0.47722	0.	-0.59271	9.4038e-006
674	0.71621	0.	-0.72541	9.7303e-006
675	-0.11507	0.	-0.1627	-2.5689e-003
676	-0.13963	0.	-3.3061e-002	8.1976e-002
677	0.48848	0.	-0.27652	1.0617e-004
678	-0.76524	0.	-0.40887	4.4323e-005
679	0.275	0.	-0.58981	-5.4852e-006
680	-0.43639	0.	-0.8968	-7.1996e-007
681	0.32493	0.	-0.93676	-4.0454e-007
682	-0.58263	0.	-0.61403	1.1442e-005
683	-0.42865	0.	-9.0511e-002	5.3678e-004
684	0.67598	0.	-0.15261	7.893e-005
685	-5.1836e-002	0.	-0.92684	-5.3204e-006
686	0.5035	0.	-0.88171	2.7579e-006
687	0.2834	0.	-0.84167	-2.1689e-006
688	-5.8129e-002	0.	-4.0973e-002	-6.4722e-002
689	4.4324e-002	0.	-0.32952	-2.3087e-004
690	-0.70626	0.	-0.12872	1.2136e-004
691	-0.54506	0.	-7.6515e-002	2.7547e-004
692	-0.11254	0.	-0.46167	-1.3004e-004
693	-1.0356	0.	-0.78477	7.8171e-006
694	0.58988	0.	-0.68439	1.171e-005
2092	0.	0.	-1.875e-002	0.23043
2093	0.	0.	-7.5e-003	0.45938
2094	1.1364e-002	0.	-7.5e-003	0.25782
2120	-0.12	0.	-1.875e-002	0.21428
2121	-0.12	0.	-7.5e-003	0.44813
2122	-0.13136	0.	-7.5e-003	0.29489
2123	-0.12981	0.	-2.4031e-002	0.20184
2519	-0.11143	0.	-2.25e-002	2.1038e-002
2520	-9.4286e-002	0.	-2.25e-002	-7.4982e-002
2521	-0.10576	0.	-3.2839e-002	-4.4958e-002
2525	-0.11433	0.	-3.2839e-002	4.086e-002
2526	-0.12981	0.	-2.7781e-002	9.4416e-002
2529	-7.7143e-002	0.	-2.25e-002	-8.3987e-002
2530	-8.2014e-002	0.	-3.3352e-002	-7.385e-002
2531	-9.7186e-002	0.	-3.2839e-002	-5.5161e-002
2533	-6.e-002	0.	-2.25e-002	-8.38e-002
2534	-7.3442e-002	0.	-3.3352e-002	-7.2652e-002
2535	-6.335e-002	0.	-3.1737e-002	-7.3755e-002
2537	-4.2857e-002	0.	-2.25e-002	-9.1151e-002
2538	-4.3375e-002	0.	-3.1653e-002	-7.4714e-002
2539	-5.4779e-002	0.	-3.1737e-002	-7.4766e-002
2543	-2.5714e-002	0.	-2.25e-002	-8.3389e-002
2544	-3.4804e-002	0.	-3.1653e-002	-8.1055e-002
2546	-8.5714e-003	0.	-2.25e-002	1.8026e-002
2547	-1.2949e-002	0.	-3.1368e-002	-4.4157e-002
2548	-2.6232e-002	0.	-3.1653e-002	-6.6952e-002
2550	1.1364e-002	0.	-1.125e-002	0.13273
2551	1.4349e-002	0.	-3.3318e-002	6.8075e-002
2552	-4.378e-003	0.	-3.1368e-002	4.3155e-002
3000	1.	0.	-0.13943	4.1521e-005
3002	0.95455	0.	-4.6477e-002	4.4192e-005
3003	1.	0.	-4.6477e-002	4.3244e-005
3004	0.94429	0.	-0.10489	4.5623e-005
3008	1.	0.	-0.23239	3.8216e-005
3009	0.93403	0.	-0.23301	3.941e-005
3010	0.94429	0.	-0.15136	4.4419e-005
3013	1.	0.	-0.32534	3.3396e-005
3014	0.93403	0.	-0.27949	3.731e-005
3018	1.	0.	-0.4183	2.7269e-005
3019	0.93146	0.	-0.38705	3.036e-005
3020	0.93403	0.	-0.32597	3.4591e-005
3024	1.	0.	-0.51125	2.1466e-005
3025	0.93569	0.	-0.5017	2.1988e-005
3026	0.93146	0.	-0.43352	2.6952e-005
3028	1.	0.	-0.6042	1.6522e-005
3029	0.93569	0.	-0.54818	1.9592e-005
3032	1.	0.	-0.69716	1.2016e-005
3033	0.93569	0.	-0.59465	1.7044e-005
3034	0.92673	0.	-0.66131	1.3902e-005
3038	1.	0.	-0.79011	7.8731e-006
3039	0.92795	0.	-0.7693	8.7658e-006
3040	0.92673	0.	-0.70779	1.1944e-005
3044	1.	0.	-0.88307	4.1376e-006
3045	0.92795	0.	-0.81578	6.5803e-006
3046	0.92813	0.	-0.88184	4.0713e-006
3051	0.95391	0.	-0.97602	1.8346e-006
3052	1.	0.	-0.97602	1.8633e-006
3053	0.92813	0.	-0.92832	2.5213e-006
3124	0.86174	0.	-1.0225	1.1816e-006
3125	0.95391	0.	-1.0225	1.1103e-006
3126	0.88204	0.	-0.97479	1.7683e-006
3130	0.76957	0.	-1.0225	1.2791e-006
3131	0.76304	0.	-0.95172	2.562e-006
3132	0.83596	0.	-0.97479	1.8683e-006
3135	0.67739	0.	-1.0225	1.2371e-006
3136	0.71696	0.	-0.95172	2.5597e-006
3141	0.58522	0.	-1.0225	1.1165e-006
3142	0.6114	0.	-0.96465	1.9228e-006
3143	0.67087	0.	-0.95172	2.52e-006
3145	0.49304	0.	-1.0225	8.2101e-007
3146	0.56531	0.	-0.96465	1.842e-006
3147	0.52132	0.	-0.9521	1.8968e-006
3151	0.40087	0.	-1.0225	2.3162e-007
3152	0.4171	0.	-0.93676	9.5832e-007
3153	0.38594	0.	-0.97963	1.0093e-007
3154	0.47523	0.	-0.9521	1.6822e-006
3157	0.3087	0.	-1.0225	-5.0625e-007
3158	0.33986	0.	-0.97963	-2.7384e-007
3162	0.21652	0.	-1.0225	-1.2339e-006
3163	0.23335	0.	-0.96506	-2.3722e-006
3164	0.29377	0.	-0.97963	-6.3694e-007
3169	0.12435	0.	-1.0225	-1.5905e-006
3170	0.18727	0.	-0.96506	-2.7368e-006
3171	0.12172	0.	-0.97962	-2.8118e-006
3174	3.2174e-002	0.	-1.0225	-2.4461e-006
3175	7.563e-002	0.	-0.97962	-2.8038e-006
3178	-6.e-002	0.	-1.0225	-2.7724e-006
3179	2.9543e-002	0.	-0.97962	-3.6673e-006
3180	-3.2875e-002	0.	-0.97467	-4.315e-006
3184	-0.15217	0.	-1.0225	-2.2351e-006
3185	-0.14063	0.	-0.97156	-3.6592e-006
3186	-7.8961e-002	0.	-0.97467	-3.7779e-006
3188	-0.24435	0.	-1.0225	-2.1384e-006
3189	-0.18672	0.	-0.97156	-3.659e-006
3192	-0.33652	0.	-1.0225	-1.4605e-006
3193	-0.30538	0.	-0.95351	-2.4863e-006
3194	-0.2328	0.	-0.97156	-3.5625e-006
3198	-0.4287	0.	-1.0225	-4.8848e-007
3199	-0.35147	0.	-0.95351	-1.9049e-006
3200	-0.4095	0.	-0.95965	-7.995e-007
3202	-0.52087	0.	-1.0225	2.0136e-007
3203	-0.5187	0.	-0.96414	8.7125e-007
3204	-0.45559	0.	-0.95965	-4.0894e-007
3208	-0.61304	0.	-1.0225	7.5634e-007
3209	-0.56479	0.	-0.96414	1.1705e-006
3214	-0.70522	0.	-1.0225	1.127e-006
3215	-0.61088	0.	-0.96414	1.4262e-006
3216	-0.67843	0.	-0.94744	2.2092e-006
3220	-0.79739	0.	-1.0225	1.3077e-006
3221	-0.79947	0.	-0.9618	2.4109e-006
3222	-0.72452	0.	-0.94744	2.3242e-006
3224	-0.88957	0.	-1.0225	1.5169e-006
3225	-0.84556	0.	-0.9618	2.4766e-006
3229	-0.98174	0.	-1.0225	1.7626e-006
3230	-0.89165	0.	-0.9618	2.6201e-006
3231	-0.9688	0.	-0.95859	2.5916e-006
3236	-1.0739	0.	-0.97602	2.5262e-006
3237	-1.0739	0.	-1.0225	1.5397e-006
3238	-1.0149	0.	-0.95859	2.6939e-006
3266	-1.12	0.	-0.88307	4.5307e-006
3267	-1.12	0.	-0.97602	2.201e-006
3268	-1.061	0.	-0.91211	3.3552e-006
3272	-1.12	0.	-0.79011	7.8801e-006
3273	-1.061	0.	-0.86564	4.6983e-006
3274	-1.0778	0.	-0.81068	6.8455e-006
3277	-1.12	0.	-0.69716	1.205e-005
3278	-1.0699	0.	-0.69851	1.1789e-005
3279	-1.0778	0.	-0.7642	8.8517e-006
3284	-1.12	0.	-0.6042	1.6537e-005
3285	-1.0699	0.	-0.65203	1.3953e-005
3287	-1.12	0.	-0.51125	2.1786e-005
3288	-1.0477	0.	-0.53482	2.0784e-005
3289	-1.0699	0.	-0.60556	1.6276e-005
3294	-1.12	0.	-0.4183	2.7358e-005
3295	-1.0477	0.	-0.48834	2.3711e-005
3296	-1.0678	0.	-0.42148	2.7378e-005
3300	-1.12	0.	-0.32534	3.266e-005
3301	-1.0678	0.	-0.375	3.0024e-005
3303	-1.12	0.	-0.23239	3.7892e-005
3304	-1.0358	0.	-0.26541	4.0766e-005
3305	-1.0678	0.	-0.32853	3.268e-005
3310	-1.12	0.	-0.13943	4.1845e-005
3311	-1.0358	0.	-0.21894	4.3342e-005
3312	-1.047	0.	-0.1415	4.602e-005
3317	-1.0745	0.	-4.6477e-002	4.4715e-005
3318	-1.12	0.	-4.6477e-002	4.3483e-005
3319	-1.047	0.	-9.5026e-002	4.7396e-005
3362	0.13636	0.	0.	7.0217e-003
3363	6.8182e-002	0.	0.	2.4736e-002
3366	8.1064e-002	0.	-4.2747e-002	8.5663e-003
3367	5.9804e-002	0.	-2.2068e-002	2.1152e-002
3368	0.11377	0.	-4.7058e-002	7.1834e-003
3375	0.22727	0.	0.	1.7594e-003
3378	0.20279	0.	-5.1466e-002	1.8843e-003
3379	0.15923	0.	-4.7058e-002	2.7133e-003
3386	0.31818	0.	0.	7.1739e-004
3389	0.24825	0.	-5.1466e-002	1.0921e-003
3390	0.29937	0.	-6.047e-002	7.2977e-004
3396	0.40909	0.	0.	3.511e-004
3399	0.40476	0.	-6.2627e-002	3.403e-004
3400	0.34482	0.	-6.047e-002	4.8e-004
3407	0.5	0.	0.	1.9584e-004
3411	0.45021	0.	-6.2627e-002	2.2378e-004
3413	0.59091	0.	0.	1.3032e-004
3415	0.55552	0.	-7.6975e-002	1.3013e-004
3416	0.49567	0.	-6.2627e-002	1.8504e-004
3420	0.68182	0.	0.	8.8655e-005
3423	0.60097	0.	-7.6975e-002	1.0336e-004
3424	0.65617	0.	-7.6307e-002	9.124e-005
3428	0.77273	0.	0.	6.488e-005
3430	0.75221	0.	-7.0341e-002	6.5321e-005
3431	0.70162	0.	-7.6307e-002	7.6345e-005
3435	0.86364	0.	0.	5.083e-005
3438	0.79766	0.	-7.0341e-002	5.6441e-005
3439	0.85338	0.	-5.8409e-002	5.2261e-005
3444	0.95455	0.	0.	4.4711e-005
3446	0.89883	0.	-5.8409e-002	4.7091e-005
3450	-0.98364	0.	0.	4.9655e-005
3452	-1.0745	0.	0.	4.4977e-005
3454	-1.0016	0.	-4.8548e-002	4.889e-005
3458	-0.89273	0.	0.	6.1837e-005
3460	-0.95613	0.	-4.8548e-002	5.2337e-005
3464	-0.80182	0.	0.	9.071e-005
3467	-0.82674	0.	-6.9517e-002	7.5145e-005
3468	-0.91068	0.	-4.8548e-002	6.1072e-005
3473	-0.71091	0.	0.	1.3476e-004
3476	-0.78129	0.	-6.9517e-002	9.5282e-005
3477	-0.73131	0.	-6.436e-002	1.1611e-004
3481	-0.62	0.	0.	2.1644e-004
3483	-0.63402	0.	-8.5924e-002	1.7223e-004
3484	-0.68586	0.	-6.436e-002	1.4002e-004
3485	-0.60526	0.	-3.8258e-002	2.1707e-004
3491	-0.52909	0.	0.	3.4896e-004
3494	-0.5598	0.	-3.8258e-002	2.7484e-004
3496	-0.43818	0.	0.	7.8418e-004
3499	-0.45614	0.	-4.5256e-002	4.8025e-004
3500	-0.51435	0.	-3.8258e-002	3.4959e-004
3505	-0.34727	0.	0.	2.3076e-003
3508	-0.35944	0.	-5.409e-002	1.126e-003
3509	-0.41069	0.	-4.5256e-002	8.4072e-004
3515	-0.25636	0.	0.	8.395e-003
3518	-0.31399	0.	-5.409e-002	2.2889e-003
3519	-0.27032	0.	-3.8788e-002	4.1729e-003
3525	-0.18818	0.	0.	3.323e-002
3528	-0.22486	0.	-3.8788e-002	9.0974e-003
3529	-0.19332	0.	-2.7231e-002	1.3396e-002
4035	1.1364e-002	0.	0.	0.36169
4040	-0.13136	0.	0.	0.42132
4049	3.4091e-002	0.	0.	9.9052e-002
4052	3.7076e-002	0.	-2.2068e-002	3.4395e-002
4060	2.5713e-002	0.	-2.2068e-002	9.5468e-002
4068	-0.15409	0.	0.	0.16061
4071	-0.17059	0.	-2.7231e-002	3.3306e-002
4072	-0.15254	0.	-1.6531e-002	6.7558e-002
4078	-0.14118	0.	-1.6531e-002	0.17503
4993	0.14391	0.	-0.51541	-4.1277e-005
4994	6.9822e-002	0.	-0.46822	-1.0403e-004
4995	0.12266	0.	-0.57715	-4.6203e-005
4996	4.1232e-002	0.	-0.56417	-6.0236e-005
4997	3.0248e-002	0.	-0.50455	-9.4785e-005
4998	0.11358	0.	-0.48151	-6.3829e-005
5002	-7.2609e-002	0.	-0.29333	-5.7153e-004
5003	3.615e-002	0.	-0.26435	-4.3952e-004
5004	-6.2293e-002	0.	-0.25375	-8.5441e-004
5005	-3.3061e-002	0.	-0.32739	-4.9188e-004
5006	7.135e-003	0.	-0.24102	-8.0344e-004
5007	-3.1262e-002	0.	-0.23357	-1.4432e-003
5008	1.3466e-002	0.	-0.30101	-4.7743e-004
5014	-0.16841	0.	-0.66833	-2.8775e-005
5015	-0.18507	0.	-0.59542	-5.1428e-005
5016	-0.22713	0.	-0.71459	-1.9887e-005
5017	-0.29561	0.	-0.61218	-1.7705e-005
5018	-0.28399	0.	-0.69197	-1.7434e-005
5019	-0.23723	0.	-0.59685	-4.0932e-005
5023	0.57634	0.	-0.40211	5.2228e-005
5024	0.48295	0.	-0.43541	4.863e-005
5025	0.63719	0.	-0.45393	3.9237e-005
5026	0.61398	0.	-0.53526	2.9245e-005
5027	0.46149	0.	-0.5115	2.7813e-005
5028	0.52999	0.	-0.54068	2.8008e-005
5029	0.5185	0.	-0.37583	7.2958e-005
5033	-0.65759	0.	-0.6499	1.6423e-005
5034	-0.74061	0.	-0.64576	1.797e-005
5035	-0.76375	0.	-0.54747	2.4207e-005
5036	-0.63128	0.	-0.54135	2.6484e-005
5037	-0.67058	0.	-0.50303	3.6999e-005
5038	-0.73203	0.	-0.48906	3.4168e-005
5039	-0.64072	0.	-0.59164	1.7727e-005
5044	-7.3118e-002	0.	-0.12631	-6.6377e-003
5045	-3.0979e-002	0.	-0.15068	-3.3894e-003
5046	-4.6959e-002	0.	-0.12754	-7.7767e-003
5047	-5.2786e-002	0.	-0.17071	-3.3e-003
5048	-8.7753e-002	0.	-0.15474	-3.5032e-003
5052	-0.14261	0.	-0.35583	-2.9573e-004
5053	-0.21716	0.	-0.41824	-1.0411e-004
5054	-0.10306	0.	-0.38989	-2.1609e-004
5055	-0.19289	0.	-0.47185	-1.1459e-004
5056	-0.18772	0.	-0.36786	-1.4146e-004
5057	-0.13497	0.	-0.42959	-1.5122e-004
5062	-0.40078	0.	-0.41402	4.5097e-005
5063	-0.34858	0.	-0.4579	-9.137e-006
5064	-0.47476	0.	-0.43413	4.1246e-005
5065	-0.49198	0.	-0.49513	2.325e-005
5066	-0.38268	0.	-0.52684	3.6113e-006
5067	-0.44872	0.	-0.53476	1.3475e-005
5071	0.2691	0.	-0.72986	-2.8931e-006
5072	0.12852	0.	-0.74683	-1.4147e-005
5073	0.18256	0.	-0.69631	-1.6887e-005
5074	0.20456	0.	-0.83422	-6.0464e-006
5075	0.15716	0.	-0.79661	-8.953e-006
5076	0.24001	0.	-0.67531	-6.8515e-006
5077	0.24421	0.	-0.80124	-5.1934e-006
5081	0.24664	0.	-0.31289	1.186e-004
5082	0.20497	0.	-0.34188	6.3345e-005
5083	0.14139	0.	-0.27164	-1.246e-005
5084	0.22856	0.	-0.25299	2.7761e-004
5085	0.15981	0.	-0.31834	2.6256e-005
5086	0.17724	0.	-0.23535	3.7159e-004
5091	-0.71198	0.	-0.29453	8.5585e-005
5092	-0.86862	0.	-0.26748	5.9001e-005
5093	-0.8363	0.	-0.33813	5.3706e-005
5094	-0.79588	0.	-0.21101	7.5751e-005
5095	-0.77539	0.	-0.34593	5.8054e-005
5096	-0.7459	0.	-0.20586	9.6575e-005
5100	0.5361	0.	-0.76535	7.7295e-006
5101	0.5942	0.	-0.85294	4.6377e-006
5102	0.65367	0.	-0.84	5.2348e-006
5103	0.65656	0.	-0.76224	8.1787e-006
5104	0.5502	0.	-0.84038	4.6925e-006
5105	0.59339	0.	-0.74173	9.1687e-006
5109	-4.254e-002	0.	-0.76587	-2.361e-005
5110	-0.10739	0.	-0.61625	-5.5116e-005
5111	-1.9357e-002	0.	-0.711	-2.6269e-005
5112	-0.14945	0.	-0.73543	-2.3576e-005
5113	-4.6739e-002	0.	-0.6475	-4.3042e-005
5114	-0.1004	0.	-0.75688	-2.416e-005
5117	-0.28248	0.	-9.2877e-002	2.9913e-003
5118	-0.35443	0.	-0.16207	7.2152e-004
5119	-0.28294	0.	-0.14282	8.0964e-004
5120	-0.3774	0.	-9.9345e-002	8.2205e-004
5124	-0.20727	0.	-6.6019e-002	9.1736e-003
5125	-0.20868	0.	-0.10146	2.8727e-003
5126	-0.23927	0.	-0.12752	2.6936e-003
5131	-0.54743	0.	-0.16822	2.4548e-004
5132	-0.43749	0.	-0.19028	3.2044e-004
5133	-0.49734	0.	-0.21639	2.2388e-004
5134	-0.46047	0.	-0.12756	4.2097e-004
5135	-0.51867	0.	-0.12056	2.9032e-004
5140	0.67826	0.	-0.30934	5.662e-005
5141	0.58487	0.	-0.24152	8.3937e-005
5142	0.66501	0.	-0.38091	5.1721e-005
5143	0.54632	0.	-0.30281	8.5443e-005
5144	0.64007	0.	-0.24085	7.1821e-005
5147	3.1056e-003	0.	-8.7195e-002	-6.719e-003
5148	6.713e-003	0.	-5.6014e-002	9.1053e-003
5149	-3.7303e-002	0.	-6.8057e-002	-2.2604e-002
5150	-2.4376e-002	0.	-8.8096e-002	-1.1858e-002
5151	-1.2014e-002	0.	-5.4064e-002	-1.5815e-002
5152	-2.5297e-002	0.	-5.4349e-002	-3.8609e-002
5157	7.4628e-002	0.	-0.1241	3.0061e-003
5158	4.976e-002	0.	-0.1346	-2.3299e-004
5159	8.3864e-002	0.	-0.20946	1.0815e-004
5160	3.8259e-002	0.	-0.15864	-9.8496e-004
5161	0.10733	0.	-0.12841	1.6232e-003
5162	5.4849e-002	0.	-0.18613	-2.5577e-004
5163	0.11971	0.	-0.17316	4.922e-004
5169	0.20973	0.	-0.45251	-9.5706e-006
5170	0.18135	0.	-0.57007	-2.063e-005
5171	0.25018	0.	-0.48559	3.8802e-006
5172	0.17227	0.	-0.47442	-3.8256e-005
5173	0.2388	0.	-0.54907	-1.0594e-005
5178	-0.5895	0.	-0.81817	5.3366e-006
5179	-0.69939	0.	-0.72641	1.038e-005
5180	-0.65705	0.	-0.80147	6.1196e-006
5181	-0.55514	0.	-0.75567	5.1156e-006
5182	-0.5995	0.	-0.67229	1.0137e-005
5186	-0.88725	0.	-0.83343	6.1347e-006
5187	-0.85463	0.	-0.74401	1.0308e-005
5188	-0.9644	0.	-0.83022	6.1062e-006
5189	-0.9084	0.	-0.69753	1.214e-005
5190	-0.97336	0.	-0.70957	1.1191e-005
5191	-0.98123	0.	-0.77526	8.2534e-006
5197	0.39624	0.	-0.32331	1.3366e-004
5198	0.35878	0.	-0.3672	8.2293e-005
5199	0.39593	0.	-0.47177	3.6699e-005
5200	0.35757	0.	-0.42927	4.049e-005
5201	0.45293	0.	-0.33611	8.1844e-005
5207	-8.9604e-002	0.	-8.7598e-002	-1.3803e-002
5208	-7.2566e-002	0.	-8.7027e-002	-2.0722e-002
5209	-5.9638e-002	0.	-0.10707	-9.977e-003
5210	-0.1085	0.	-9.6398e-002	-5.1411e-003
5211	-0.10043	0.	-0.13427	-5.7034e-003
5217	0.79861	0.	-0.48568	2.9422e-005
5218	0.77541	0.	-0.56701	1.943e-005
5219	0.86715	0.	-0.47045	2.5078e-005
5220	0.86242	0.	-0.60528	1.6972e-005
5225	-0.11751	0.	-0.27459	-7.0194e-004
5226	-8.8279e-002	0.	-0.34822	-3.3941e-004
5227	-0.17293	0.	-0.32619	-2.6479e-004
5228	-0.16154	0.	-0.2906	-3.3687e-004
5233	0.36021	0.	-0.77496	1.8709e-006
5234	0.40423	0.	-0.71526	5.6317e-006
5235	0.35382	0.	-0.62338	9.1568e-006
5236	0.42231	0.	-0.65256	9.3517e-006
5237	0.30409	0.	-0.64435	-1.5268e-006
5238	0.30829	0.	-0.77028	1.3133e-007
5242	-0.93125	0.	-0.45259	2.9168e-005
5243	-0.90208	0.	-0.5188	2.3554e-005
5244	-0.99555	0.	-0.44505	2.6377e-005
5245	-0.93271	0.	-0.57061	1.915e-005
5246	-0.99767	0.	-0.58265	1.8201e-005
5251	-0.33448	0.	-0.31125	6.0399e-005
5252	-0.32914	0.	-0.39511	1.8414e-005
5253	-0.45532	0.	-0.37134	6.8797e-005
5254	-0.38202	0.	-0.28359	2.0418e-004
5255	-0.44187	0.	-0.30971	1.0763e-004
5256	-0.29969	0.	-0.34473	-1.8938e-005
5262	0.33763	0.	-0.29483	1.5844e-004
5263	0.41048	0.	-0.1881	2.1139e-004
5264	0.31956	0.	-0.23492	3.1745e-004
5265	0.35055	0.	-0.18594	3.5109e-004
5266	0.43178	0.	-0.26373	1.5799e-004
5270	-0.26425	0.	-0.8331	-8.8093e-006
5271	-0.3211	0.	-0.81048	-6.3564e-006
5272	-0.24775	0.	-0.90257	-4.0069e-006
5273	-0.35972	0.	-0.8378	-2.8742e-006
5274	-0.37836	0.	-0.89066	-1.8253e-006
5278	-0.6205	0.	-0.23895	1.4259e-004
5279	-0.58386	0.	-0.34875	8.2166e-005
5280	-0.64037	0.	-0.37143	7.4685e-005
5281	-0.57041	0.	-0.28712	1.2099e-004
5282	-0.70182	0.	-0.35747	7.1854e-005
5283	-0.67233	0.	-0.21739	1.1037e-004
5288	0.7391	0.	-0.36116	4.3628e-005
5289	0.76475	0.	-0.21513	5.2704e-005
5290	0.80764	0.	-0.34593	3.9285e-005
5291	0.8102	0.	-0.28485	4.3516e-005
5292	0.71416	0.	-0.2211	6.3729e-005
5295	-0.3875	0.	-0.6282	-4.7797e-006
5296	-0.37587	0.	-0.70799	-4.5089e-006
5297	-0.41449	0.	-0.73531	-1.0267e-006
5298	-0.46189	0.	-0.73017	1.0814e-006
5299	-0.45354	0.	-0.63613	5.0841e-006
5300	-0.50624	0.	-0.64679	6.103e-006
5304	2.8827e-002	0.	-0.78771	-1.7416e-005
5305	-5.2214e-002	0.	-0.83358	-1.5307e-005
5306	5.7471e-002	0.	-0.83749	-1.2222e-005
5307	3.9322e-002	0.	-0.88965	-9.3906e-006
5308	-2.3095e-002	0.	-0.88471	-1.0038e-005
5312	-0.17174	0.	-0.15867	1.7804e-004
5313	-0.13607	0.	-0.2135	-7.4942e-004
5314	-0.20233	0.	-0.18473	-1.0331e-006
5315	-0.1801	0.	-0.22951	-3.8435e-004
5316	-0.14	0.	-0.17734	-1.5414e-003
5319	-6.3406e-002	0.	-0.57458	-6.5695e-005
5320	-7.4389e-002	0.	-0.51497	-1.0024e-004
5321	-0.17622	0.	-0.54477	-6.7274e-005
5322	-0.1183	0.	-0.5025	-1.0391e-004
5328	-0.33516	0.	-0.24361	1.9193e-004
5329	-0.25283	0.	-0.30474	-3.1186e-005
5330	-0.26367	0.	-0.22436	2.8005e-004
5331	-0.24144	0.	-0.26914	-1.0326e-004
5334	1.4854e-002	0.	-0.45027	-1.3197e-004
5335	2.848e-003	0.	-0.3981	-2.0049e-004
5336	9.048e-002	0.	-0.38177	-1.0942e-004
5337	9.8183e-002	0.	-0.42722	-1.0101e-004
5338	4.9376e-002	0.	-0.37172	-1.8604e-004
5343	-7.6373e-002	0.	-6.8792e-002	-2.5687e-002
5344	-0.11231	0.	-7.8163e-002	-1.0106e-002
5345	-8.5862e-002	0.	-5.6784e-002	-4.0642e-002
5346	-0.10104	0.	-5.627e-002	-2.1952e-002
5352	0.43127	0.	-0.79133	5.0711e-006
5353	0.35609	0.	-0.89389	4.5285e-007
5354	0.44538	0.	-0.86636	2.0341e-006
5355	0.33532	0.	-0.84635	-4.2934e-007
5360	0.85468	0.	-0.73345	1.0651e-005
5361	0.78316	0.	-0.83795	5.6577e-006
5362	0.85608	0.	-0.86103	4.9639e-006
5363	0.78605	0.	-0.76019	8.6016e-006
5369	0.10605	0.	-0.68232	-2.2815e-005
5370	2.4628e-002	0.	-0.66934	-3.6848e-005
5371	8.0653e-002	0.	-0.78262	-1.4882e-005
5375	-0.17713	0.	-8.9904e-002	7.1709e-003
5376	-0.15346	0.	-7.0713e-002	6.0138e-003
5377	-0.15767	0.	-4.3762e-002	4.7724e-002
5385	-0.91937	0.	-0.32262	4.0922e-005
5386	-0.87895	0.	-0.1955	6.2966e-005
5387	-0.98366	0.	-0.31508	3.813e-005
5388	-0.96289	0.	-0.17453	4.8894e-005
5393	-0.26503	0.	-0.75906	-1.2235e-005
5394	-0.19168	0.	-0.85116	-9.8855e-006
5395	-0.15913	0.	-0.80314	-1.5273e-005
5399	4.6351e-002	0.	-9.5995e-002	2.4017e-003
5400	4.9958e-002	0.	-6.4815e-002	1.8226e-002
5401	0.10393	0.	-8.9805e-002	4.2579e-003
5407	-0.81503	0.	-0.81169	7.7531e-006
5408	-0.77269	0.	-0.88675	3.4931e-006
5409	-0.92479	0.	-0.8979	3.5513e-006
5413	0.25852	0.	-0.3677	5.1816e-005
5414	0.28211	0.	-0.27881	2.6608e-004
5415	0.29897	0.	-0.40078	6.5267e-005
5419	-0.31104	0.	-0.50792	-2.3072e-005
5420	-0.25266	0.	-0.49259	-4.6299e-005
5421	-0.24749	0.	-0.3886	-7.3171e-005
5427	-0.63018	0.	-0.88909	2.6234e-006
5428	-0.52827	0.	-0.84329	1.6194e-006
5429	-0.49951	0.	-0.90129	5.6023e-007
5433	2.5091e-002	0.	-7.5316e-002	1.4987e-002
5434	9.9819e-003	0.	-0.13054	-1.5893e-003
5435	-5.9982e-003	0.	-0.1074	-5.9766e-003
5440	-0.74007	0.	-0.79733	7.6664e-006
5441	-0.80556	0.	-0.62398	1.8163e-005
5442	-0.83618	0.	-0.6758	1.3758e-005
5446	0.50573	0.	-0.1396	1.5807e-004
5447	0.52703	0.	-0.21524	1.0467e-004
5448	0.62078	0.	-0.15328	9.1045e-005
5452	0.17169	0.	-0.37315	-4.0527e-005
5453	0.2573	0.	-0.42977	1.0013e-005
5454	0.17939	0.	-0.4186	-3.2122e-005
5458	7.8671e-002	0.	-0.61882	-3.9588e-005
5459	0.21755	0.	-0.61081	-1.552e-005
5463	0.49337	0.	-0.66893	1.2552e-005
5464	0.4894	0.	-0.80667	5.7949e-006
5465	0.53258	0.	-0.70801	1.0271e-005
5471	0.2439	0.	-0.16092	8.2108e-004
5472	0.1802	0.	-9.8524e-002	2.046e-003
5473	0.27489	0.	-0.11194	8.5472e-004
5474	0.19258	0.	-0.14328	9.1506e-004
5478	0.70265	0.	-0.51406	2.8738e-005
5479	0.79439	0.	-0.4175	3.4386e-005
5484	0.76646	0.	-0.63367	1.6288e-005
5485	0.59545	0.	-0.60081	1.7509e-005
5486	0.69783	0.	-0.66041	1.4238e-005
5487	0.63466	0.	-0.63989	1.5228e-005
5492	-0.5525	0.	-0.22001	1.6419e-004
5493	-0.65442	0.	-0.15028	1.5357e-004
5494	-0.57382	0.	-0.12418	2.3063e-004
5502	9.971e-003	0.	-4.2186e-002	5.8914e-003
5510	-0.85787	0.	-0.45948	3.0014e-005
5511	-0.95134	0.	-0.38573	3.2836e-005
5512	-0.82614	0.	-0.40107	3.9975e-005
5517	0.44296	0.	-0.57704	1.6077e-005
5518	0.33611	0.	-0.50535	1.9673e-005
5519	0.32473	0.	-0.56883	5.1984e-006
5523	-0.54653	0.	-0.45244	4.695e-005
5524	-0.58583	0.	-0.41412	5.7466e-005
5525	-0.51586	0.	-0.32981	1.0377e-004
5529	-1.3737e-002	0.	-0.54622	-8.8171e-005
5533	-0.85932	0.	-0.5775	1.9995e-005
5534	-0.79697	0.	-0.46728	3.4362e-005
5537	-0.60304	0.	-0.47512	3.947e-005
5538	-0.52048	0.	-0.55308	1.9179e-005
5539	-0.57318	0.	-0.56374	2.0198e-005
5544	0.38594	0.	-0.1231	3.5268e-004
5545	0.46718	0.	-0.20089	1.5958e-004
5551	0.8226	0.	-0.2104	4.7693e-005
5552	0.83286	0.	-0.12875	5.2701e-005
5553	0.72656	0.	-0.14665	6.7906e-005
5559	-0.89015	0.	-0.11807	6.5644e-005
5560	-0.75624	0.	-0.13388	1.0054e-004
5565	0.10811	0.	-0.30291	-1.1633e-004
5566	6.0677e-002	0.	-0.23288	-5.1896e-004
5567	0.12554	0.	-0.21991	2.29e-004
5568	6.7008e-002	0.	-0.29286	-1.9296e-004
5571	-3.6726e-002	0.	-0.43444	-1.9125e-004
5572	-6.8631e-002	0.	-0.47414	-1.2638e-004
5575	-0.20914	0.	-0.15141	6.9102e-004
5576	-0.15487	0.	-0.10615	-2.8706e-004
5577	-0.14681	0.	-0.14402	-8.4939e-004
5582	-7.6164e-002	0.	-0.21482	-1.5736e-003
5583	-0.15123	0.	-0.25102	-6.1975e-004
5584	-0.11113	0.	-0.19885	-1.7768e-003
5588	-0.33351	0.	-0.65665	-1.0053e-005
5589	-0.28676	0.	-0.56153	-3.3551e-005
5590	-0.41118	0.	-0.58479	-4.5995e-007
5594	-1.75e-002	0.	-0.13144	-6.7286e-003
5595	1.5071e-002	0.	-0.18206	-1.6121e-003
5596	-2.3327e-002	0.	-0.1746	-2.2519e-003
5600	0.65097	0.	-0.89387	3.2455e-006
5601	0.5475	0.	-0.89426	2.7031e-006
5606	-4.6407e-002	0.	-8.8261e-002	-2.1861e-002
5607	-6.8824e-002	0.	-5.6213e-002	-4.7561e-002
5608	-4.7328e-002	0.	-5.4514e-002	-4.8612e-002
5609	-5.8732e-002	0.	-5.4597e-002	-4.8664e-002
5615	0.86549	0.	-0.34119	3.4273e-005
5619	-1.0188	0.	-0.83973	5.67e-006
5623	-0.3605	0.	-0.76376	-6.2999e-006
5627	0.29502	0.	-0.16992	4.5874e-004
5628	0.21271	0.	-0.20127	5.1907e-004
5632	-0.14262	0.	-0.87261	-1.047e-005
5633	-0.1135	0.	-0.92374	-5.2018e-006
5639	0.14901	0.	-0.13887	1.744e-003
5641	0.1567	0.	-0.87001	-6.7816e-006
5642	0.13855	0.	-0.92218	-3.95e-006
5643	0.26451	0.	-0.92219	-2.1398e-006
5644	0.24375	0.	-0.87465	-3.022e-006
5648	-2.2037e-003	0.	-0.35589	-2.4532e-004
5649	-8.0637e-002	0.	-0.42197	-1.9491e-004
5653	0.87831	0.	-0.19847	4.3513e-005
5657	0.78484	0.	-0.69868	1.178e-005
5661	-0.44255	0.	-0.24207	2.3915e-004
5662	-0.31122	0.	-0.19671	4.2383e-004
5663	-0.40568	0.	-0.15323	4.3624e-004
5667	-0.17046	0.	-0.50394	-9.3411e-005
5675	-0.70379	0.	-0.42284	4.7154e-005
5680	-0.44652	0.	-0.78594	-7.0969e-007
5681	-0.41776	0.	-0.84394	-1.7689e-006
5693	0.78335	0.	-0.90401	3.1488e-006
5694	0.71332	0.	-0.80317	6.7864e-006
5699	0.13423	0.	-0.39506	-6.9212e-005
5700	8.5428e-002	0.	-0.33956	-1.5424e-004
5703	-8.0954e-002	0.	-0.87571	-1.0589e-005
5717	-2.2039e-002	0.	-4.0521e-002	-4.1823e-002
5722	-0.95491	0.	-0.64135	1.4641e-005
5726	0.55066	0.	-0.64531	1.3991e-005
5730	-0.20665	0.	-0.30262	-1.826e-004
5734	0.28638	0.	-0.52633	8.9895e-006
5737	-6.736e-003	0.	-0.20209	-1.5227e-003
5740	-0.2175	0.	-0.22225	1.2864e-004
5747	9.1148e-002	0.	-0.88457	-6.8566e-006
5750	-8.01e-002	0.	-0.17867	-2.3657e-003
5759	-1.0277	0.	-0.71908	1.0755e-005
5763	-0.46516	0.	-0.8388	3.3922e-007
5764	-0.53827	0.	-0.69741	6.42e-006
5768	-0.11993	0.	-6.507e-002	-1.329e-002
5769	-0.12313	0.	-0.12483	-2.0065e-003
5770	-0.13541	0.	-6.0012e-002	4.0266e-002
5786	-9.3486e-002	0.	-4.3691e-002	-4.3826e-002
5787	-6.8221e-002	0.	-4.2589e-002	-6.3618e-002
5794	1.0582e-002	0.	-0.93179	-4.6727e-006
5800	-0.12414	0.	-3.812e-002	2.8419e-002
5807	-4.6725e-002	0.	-4.089e-002	-6.467e-002
5813	-0.52992	0.	-0.60337	1.0423e-005
5815	0.65304	0.	-0.7049	1.072e-005
5844	0.30416	0.	-0.88921	-1.2867e-006
5853	-0.48685	0.	-8.3513e-002	4.0613e-004
1	0.	0.	2.25e-002	0.1216
2	-1.7143e-002	0.	2.25e-002	-5.8842e-002
3	-3.4286e-002	0.	2.25e-002	-9.3793e-002
4	-5.1429e-002	0.	2.25e-002	-9.0393e-002
5	-6.8571e-002	0.	2.25e-002	-8.1712e-002
6	-8.5714e-002	0.	2.25e-002	-8.684e-002
7	-0.10286	0.	2.25e-002	-5.7823e-002
8	-0.12	0.	2.25e-002	9.7758e-002
9	-0.12	0.	1.5e-002	0.35046
15	0.	0.	1.5e-002	0.3403
271	9.0909e-002	0.	0.	1.2931e-002
272	0.18182	0.	0.	3.2342e-003
273	0.27273	0.	0.	1.0771e-003
274	0.36364	0.	0.	4.4104e-004
275	0.45455	0.	0.	2.1073e-004
276	0.54545	0.	0.	1.4832e-004
277	0.63636	0.	0.	1.0288e-004
278	0.72727	0.	0.	8.038e-005
279	0.81818	0.	0.	5.875e-005
280	0.90909	0.	0.	4.6141e-005
281	-1.0291	0.	0.	4.5643e-005
282	-0.93818	0.	0.	5.4452e-005
283	-0.84727	0.	0.	6.798e-005
284	-0.75636	0.	0.	1.0366e-004
285	-0.66545	0.	0.	1.3947e-004
286	-0.57455	0.	0.	2.517e-004
287	-0.48364	0.	0.	4.5452e-004
288	-0.39273	0.	0.	1.4267e-003
289	-0.30182	0.	0.	3.6642e-003
290	-0.21091	0.	0.	1.3451e-002
333	-1.12	0.	9.2955e-002	4.2177e-005
334	-1.12	0.	0.18591	4.0746e-005
335	-1.12	0.	0.27886	3.4795e-005
336	-1.12	0.	0.37182	2.9191e-005
337	-1.12	0.	0.46477	2.5062e-005
338	-1.12	0.	0.55773	1.809e-005
339	-1.12	0.	0.65068	1.34e-005
340	-1.12	0.	0.74364	1.0087e-005
341	-1.12	0.	0.83659	6.3115e-006
342	-1.12	0.	0.92955	2.3471e-006
348	-1.0278	0.	1.0225	1.2808e-006
349	-0.93565	0.	1.0225	9.5659e-007
350	-0.84348	0.	1.0225	1.5205e-006
351	-0.7513	0.	1.0225	1.1612e-006
352	-0.65913	0.	1.0225	9.7097e-007
353	-0.56696	0.	1.0225	7.2623e-007
354	-0.47478	0.	1.0225	2.6552e-008
355	-0.38261	0.	1.0225	-1.0755e-006
356	-0.29043	0.	1.0225	-1.7346e-006
357	-0.19826	0.	1.0225	-2.7568e-006
358	-0.10609	0.	1.0225	-2.9354e-006
359	-1.3913e-002	0.	1.0225	-2.602e-006
360	7.8261e-002	0.	1.0225	-2.2911e-006
361	0.17043	0.	1.0225	-1.6221e-006
362	0.26261	0.	1.0225	-7.3523e-007
363	0.35478	0.	1.0225	-1.8476e-007
364	0.44696	0.	1.0225	5.6759e-007
365	0.53913	0.	1.0225	1.0325e-006
366	0.6313	0.	1.0225	1.1032e-006
367	0.72348	0.	1.0225	1.6964e-006
368	0.81565	0.	1.0225	2.0919e-006
369	0.90783	0.	1.0225	1.6377e-006
375	1.	0.	0.92955	2.7449e-006
376	1.	0.	0.83659	5.8705e-006
377	1.	0.	0.74364	9.8706e-006
378	1.	0.	0.65068	1.3694e-005
379	1.	0.	0.55773	1.9526e-005
380	1.	0.	0.46477	2.393e-005
381	1.	0.	0.37182	2.9028e-005
382	1.	0.	0.27886	3.5969e-005
383	1.	0.	0.18591	4.0228e-005
384	1.	0.	9.2955e-002	4.3096e-005
385	0.	0.	0.	0.57802
386	-0.12	0.	0.	0.6229
392	1.	0.	0.	4.3669e-005
394	-1.12	0.	0.	4.3544e-005
397	-1.12	0.	1.0225	1.0618e-006
398	1.	0.	1.0225	1.1126e-006
399	4.5455e-002	0.	0.	4.3568e-002
400	2.2727e-002	0.	0.	0.20087
401	-0.16545	0.	0.	5.245e-002
402	-0.14273	0.	0.	0.20845
403	9.8568e-002	0.	0.53298	-5.5861e-005
404	-1.7391e-002	0.	0.2725	-6.7878e-004
405	-0.25674	0.	0.64725	-2.5087e-005
406	0.5315	0.	0.50758	3.1361e-005
407	-0.68304	0.	0.55614	2.665e-005
408	-7.9176e-002	0.	0.14671	-4.0901e-003
409	-0.16723	0.	0.40122	-1.9787e-004
410	-0.42022	0.	0.47682	2.071e-005
411	0.2366	0.	0.78267	-5.6655e-006
412	0.16818	0.	0.26451	1.2363e-004
413	-0.74447	0.	0.27989	8.5434e-005
414	0.67114	0.	0.75283	9.5608e-006
415	5.6184e-002	0.	0.74299	-2.1228e-005
416	-0.31242	0.	0.1161	1.1744e-003
417	-0.21855	0.	8.2805e-002	4.3392e-003
418	-0.60357	0.	0.2458	1.1925e-004
419	0.60416	0.	0.32909	5.8529e-005
420	-4.044e-002	0.	0.10088	-9.5762e-003
421	0.38691	0.	0.52143	2.2693e-005
422	-0.53631	0.	0.84776	2.1227e-006
423	4.5685e-002	0.	0.16413	-4.5392e-004
424	-0.1029	0.	6.4167e-002	-1.7431e-002
425	0.34746	0.	0.25818	2.0257e-004
426	-0.79051	0.	0.88813	3.6867e-006
427	0.67689	0.	0.52533	2.6076e-005
428	-9.8261e-002	0.	0.23083	-1.1233e-003
429	-0.99318	0.	0.61444	1.5639e-005
430	-0.3327	0.	0.22687	2.4447e-004
431	-0.45676	0.	0.59469	5.1284e-006
432	-2.2733e-002	0.	0.58124	-6.7676e-005
433	-0.15787	0.	0.88262	-9.3582e-006
434	-0.29159	0.	0.7725	-9.5484e-006
435	0.50906	0.	0.76044	7.3759e-006
436	0.75092	0.	0.26607	4.9254e-005
437	0.21833	0.	0.40767	1.0862e-007
438	-0.94258	0.	0.37142	3.3693e-005
439	3.3913e-002	0.	0.3975	-1.709e-004
440	0.83598	0.	0.71414	1.1609e-005
441	-0.92637	0.	0.22398	4.7942e-005
442	-0.22393	0.	0.23905	9.3554e-005
443	0.52935	0.	0.16455	1.4015e-004
444	0.23858	0.	0.50166	-6.2764e-006
445	9.7087e-003	0.	6.7546e-002	1.8166e-003
446	-0.2888	0.	0.43716	-2.4877e-005
447	0.30507	0.	0.63788	-1.8178e-006
448	-0.61808	0.	0.72226	8.8397e-006
449	-0.21391	0.	0.52241	-6.1641e-005
450	-0.50804	0.	0.37078	7.286e-005
451	-0.16243	0.	0.16589	-7.8541e-004
452	0.77554	0.	0.87701	5.2682e-006
453	-0.73652	0.	0.71159	9.6848e-006
454	-1.0106	0.	0.87884	4.4841e-006
455	4.5064e-002	0.	0.88045	-7.7198e-006
456	0.22614	0.	0.11413	9.4957e-004
457	0.11686	0.	0.10162	2.8864e-003
458	-0.83291	0.	0.47022	3.016e-005
459	0.8856	0.	0.37047	3.0451e-005
460	-0.41662	0.	0.12364	5.8787e-004
461	0.31269	0.	0.12167	4.3402e-004
462	0.46243	0.	0.30648	9.8895e-005
463	-4.3241e-002	0.	6.7377e-002	-2.5413e-002
464	0.84754	0.	0.53636	2.0468e-005
465	0.68937	0.	0.11884	8.1546e-005
466	0.86305	0.	0.132	4.8454e-005
467	0.4404	0.	0.90847	1.3256e-006
468	-0.54605	0.	0.50163	3.0864e-005
469	0.18211	0.	0.59166	-2.3896e-005
470	0.44275	0.	0.63307	1.278e-005
471	0.10405	0.	0.20944	2.7236e-004
472	6.8981e-002	0.	0.30347	-2.7753e-004
473	-0.80622	0.	0.13903	7.5603e-005
474	-0.73934	0.	0.40487	4.5799e-005
475	-0.2587	0.	0.32451	-5.3211e-005
476	-0.37958	0.	0.34912	5.1886e-005
477	0.374	0.	0.76961	1.4712e-006
478	-0.49912	0.	0.71813	4.9276e-006
479	-0.33315	0.	0.56216	-2.1079e-005
480	-0.40683	0.	0.80779	-1.8001e-006
481	-0.1014	0.	0.49408	-1.162e-004
482	0.58622	0.	0.64077	1.6115e-005
483	-8.6605e-002	0.	0.32242	-4.0447e-004
484	0.60526	0.	0.90428	3.2238e-006
485	-0.46009	0.	0.2499	1.8741e-004
486	0.18226	0.	0.91277	-3.6807e-006
487	-0.13567	0.	9.4782e-002	-1.4822e-003
488	-0.29101	0.	0.8975	-3.4595e-006
489	-0.37657	0.	0.6897	-3.3015e-006
490	-0.8051	0.	0.59527	1.9374e-005
491	-0.87944	0.	0.80375	6.5187e-006
492	0.33697	0.	0.39928	6.4472e-005
493	4.8402e-002	0.	0.10099	1.862e-003
494	7.8672e-002	0.	0.63674	-3.572e-005
495	-5.1873e-002	0.	0.78036	-1.7216e-005
496	-0.15566	0.	0.28703	-4.9473e-004
497	-0.17527	0.	0.74106	-2.1909e-005
498	-0.99112	0.	0.49232	2.3424e-005
499	-0.14623	0.	0.60583	-4.9739e-005
500	-2.3107e-002	0.	0.19832	-1.9029e-003
501	-0.66558	0.	0.89052	2.6835e-006
502	0.72031	0.	0.63393	1.6879e-005
503	-0.52736	0.	0.13739	2.887e-004
504	-0.65872	0.	0.1066	1.6021e-004
505	0.89071	0.	0.9125	3.2075e-006
506	0.72698	0.	0.41519	3.4437e-005
507	0.16414	0.	0.69934	-1.7778e-005
508	4.3478e-003	0.	0.48083	-1.346e-004
509	0.31014	0.	0.89509	-1.0616e-006
510	-5.374e-002	0.	4.0816e-002	-6.797e-002
511	0.13685	0.	0.80364	-1.0769e-005
512	-7.06e-002	0.	6.0297e-002	-3.6932e-002
513	-1.0179	0.	0.74287	9.8964e-006
514	0.14364	0.	0.3591	-1.4933e-005
515	0.11059	0.	0.43791	-7.0184e-005
516	-0.62082	0.	0.38514	5.7128e-005
517	-0.11432	0.	4.3576e-002	-5.4911e-003
518	-2.4203e-002	0.	4.4004e-002	-4.2962e-002
519	5.5813e-002	0.	4.7289e-002	1.7641e-002
520	2.043e-002	0.	2.8624e-002	7.1717e-002
521	-0.13984	0.	2.9284e-002	0.10261
522	0.24907	0.	0.21304	3.9169e-004
523	3.5371e-002	0.	0.2334	-5.6963e-004
524	-0.44634	0.	0.92114	-1.1903e-006
525	-4.4275e-003	0.	0.68335	-3.8418e-005
526	-0.56546	0.	0.61972	1.2273e-005
527	0.89074	0.	0.25142	3.7942e-005
528	-7.7362e-002	0.	9.0657e-002	-1.6189e-002
529	-8.2125e-002	0.	4.1371e-002	-6.2688e-002
530	-0.97802	0.	0.10694	4.9534e-005
531	-5.9416e-002	0.	0.40598	-2.2846e-004
532	-0.88212	0.	0.67213	1.1736e-005
533	0.24394	0.	0.31696	1.066e-004
534	-0.91167	0.	0.93852	2.8162e-006
535	0.17329	0.	0.17991	6.1089e-004
536	0.90044	0.	0.81677	7.114e-006
537	-8.3355e-003	0.	0.13174	-3.078e-003
538	-1.2104e-002	0.	0.34037	-3.1887e-004
539	-1.0241	0.	0.25105	3.9202e-005
540	-0.85387	0.	0.32474	4.671e-005
541	0.61644	0.	0.43538	3.8206e-005
542	-1.0459	0.	0.38593	3.1184e-005
543	0.53244	0.	0.40049	5.148e-005
544	0.58286	0.	8.2273e-002	1.3977e-004
545	0.41709	0.	0.14469	2.3869e-004
546	-5.9833e-002	0.	0.90457	-6.3883e-006
547	-1.675e-004	0.	3.9333e-002	-1.0392e-002
548	-0.13347	0.	5.6836e-002	5.7528e-003
549	-0.17441	0.	5.1617e-002	1.8722e-002
1758	-8.5714e-003	0.	2.25e-002	3.1379e-002
1759	0.	0.	1.875e-002	0.23095
1761	1.0215e-002	0.	2.5562e-002	9.6658e-002
1762	-8.3752e-005	0.	3.0917e-002	5.5603e-002
1765	-2.5714e-002	0.	2.25e-002	-7.6317e-002
1768	-2.0673e-002	0.	3.3252e-002	-5.0902e-002
1769	-8.6552e-003	0.	3.0917e-002	-3.4617e-002
1771	-4.2857e-002	0.	2.25e-002	-9.2093e-002
1774	-4.4013e-002	0.	3.1658e-002	-8.0881e-002
1775	-2.9244e-002	0.	3.3252e-002	-6.8377e-002
1778	-6.e-002	0.	2.25e-002	-8.6052e-002
1781	-5.2584e-002	0.	3.1658e-002	-7.9181e-002
1783	-7.7143e-002	0.	2.25e-002	-8.4276e-002
1786	-6.1156e-002	0.	3.1658e-002	-7.4841e-002
1787	-7.5348e-002	0.	3.1935e-002	-7.22e-002
1790	-9.4286e-002	0.	2.25e-002	-7.2331e-002
1793	-8.392e-002	0.	3.1935e-002	-7.4764e-002
1796	-0.11143	0.	2.25e-002	1.9967e-002
1799	-0.10859	0.	3.3038e-002	-3.1657e-002
1800	-9.2491e-002	0.	3.1935e-002	-6.0255e-002
1803	-0.12	0.	1.875e-002	0.22411
1805	-0.11716	0.	3.3038e-002	4.6133e-002
1806	-0.12992	0.	2.5892e-002	0.10018
1812	-0.12	0.	7.5e-003	0.48668
1813	-0.13136	0.	7.5e-003	0.27945
1814	-0.12992	0.	2.2142e-002	0.22653
1852	0.	0.	7.5e-003	0.45916
1853	1.1364e-002	0.	7.5e-003	0.27058
1854	1.0215e-002	0.	2.1812e-002	0.20601
3362	0.13636	0.	0.	8.0827e-003
3363	6.8182e-002	0.	0.	2.825e-002
3364	0.10388	0.	5.0812e-002	7.9088e-003
3365	7.3361e-002	0.	2.3644e-002	1.5286e-002
3375	0.22727	0.	0.	2.1556e-003
3376	0.20398	0.	5.7067e-002	2.0919e-003
3377	0.14934	0.	5.0812e-002	3.0603e-003
3386	0.31818	0.	0.	7.5905e-004
3387	0.24943	0.	5.7067e-002	1.0133e-003
3388	0.29271	0.	6.0836e-002	7.5554e-004
3396	0.40909	0.	0.	3.2589e-004
3397	0.33816	0.	6.0836e-002	4.3753e-004
3398	0.39036	0.	7.2344e-002	3.3987e-004
3407	0.5	0.	0.	1.7953e-004
3408	0.49195	0.	8.2273e-002	1.7544e-004
3409	0.5187	0.	4.1136e-002	1.7525e-004
3410	0.43582	0.	7.2344e-002	2.2471e-004
3413	0.59091	0.	0.	1.256e-004
3414	0.56416	0.	4.1136e-002	1.4405e-004
3420	0.68182	0.	0.	9.1632e-005
3421	0.66287	0.	5.9422e-002	9.2215e-005
3422	0.60961	0.	4.1136e-002	1.2133e-004
3428	0.77273	0.	0.	6.9565e-005
3429	0.70832	0.	5.9422e-002	8.0963e-005
3435	0.86364	0.	0.	5.2445e-005
3436	0.75378	0.	5.9422e-002	7.0148e-005
3437	0.84062	0.	6.6e-002	5.3602e-005
3443	0.95455	0.	4.6477e-002	4.4619e-005
3444	0.95455	0.	0.	4.4905e-005
3445	0.88607	0.	6.6e-002	4.7298e-005
3450	-0.98364	0.	0.	5.0048e-005
3451	-1.0745	0.	4.6477e-002	4.391e-005
3452	-1.0745	0.	0.	4.4594e-005
3453	-1.0036	0.	5.3469e-002	4.7588e-005
3458	-0.89273	0.	0.	6.1216e-005
3459	-0.9581	0.	5.3469e-002	5.1993e-005
3464	-0.80182	0.	0.	8.5818e-005
3465	-0.82674	0.	6.9517e-002	7.1791e-005
3466	-0.91265	0.	5.3469e-002	5.8757e-005
3473	-0.71091	0.	0.	1.2156e-004
3474	-0.78129	0.	6.9517e-002	8.9629e-005
3475	-0.70754	0.	5.3301e-002	1.3193e-004
3481	-0.62	0.	0.	1.9559e-004
3482	-0.66209	0.	5.3301e-002	1.4984e-004
3491	-0.52909	0.	0.	3.5311e-004
3492	-0.55095	0.	6.8696e-002	2.702e-004
3493	-0.61663	0.	5.3301e-002	2.0595e-004
3496	-0.43818	0.	0.	9.4062e-004
3497	-0.45013	0.	6.1818e-002	5.2119e-004
3498	-0.5055	0.	6.8696e-002	3.7161e-004
3505	-0.34727	0.	0.	2.5455e-003
3506	-0.35258	0.	5.8048e-002	1.3006e-003
3507	-0.40467	0.	6.1818e-002	1.0073e-003
3515	-0.25636	0.	0.	8.5577e-003
3516	-0.30712	0.	5.8048e-002	2.4193e-003
3517	-0.26018	0.	4.1403e-002	4.0017e-003
3525	-0.18818	0.	0.	3.2951e-002
3526	-0.21473	0.	4.1403e-002	8.8952e-003
3527	-0.19266	0.	2.5808e-002	1.6086e-002
3761	-1.12	0.	0.13943	4.1462e-005
3762	-1.12	0.	4.6477e-002	4.2861e-005
3763	-1.049	0.	9.9946e-002	4.5855e-005
3767	-1.12	0.	0.23239	3.7771e-005
3768	-1.049	0.	0.14642	4.514e-005
3769	-1.0721	0.	0.21848	3.9974e-005
3772	-1.12	0.	0.32534	3.1993e-005
3773	-1.0721	0.	0.26496	3.6998e-005
3774	-1.083	0.	0.3324	3.2989e-005
3778	-1.12	0.	0.4183	2.7127e-005
3779	-1.083	0.	0.37887	3.0188e-005
3781	-1.12	0.	0.51125	2.1576e-005
3782	-1.0556	0.	0.47855	2.4243e-005
3783	-1.083	0.	0.42535	2.8123e-005
3787	-1.12	0.	0.6042	1.5745e-005
3788	-1.0566	0.	0.58609	1.6865e-005
3789	-1.0556	0.	0.52503	2.0757e-005
3792	-1.12	0.	0.69716	1.1744e-005
3793	-1.0566	0.	0.63256	1.452e-005
3794	-1.069	0.	0.69677	1.1648e-005
3796	-1.12	0.	0.79011	8.1994e-006
3797	-1.069	0.	0.74325	9.9918e-006
3800	-1.12	0.	0.88307	4.3293e-006
3801	-1.0653	0.	0.85772	5.3978e-006
3802	-1.069	0.	0.78973	8.1039e-006
3807	-1.0739	0.	0.97602	1.814e-006
3808	-1.12	0.	0.97602	1.7044e-006
3809	-1.0653	0.	0.90419	3.4156e-006
3837	-0.98174	0.	1.0225	1.1187e-006
3838	-1.0739	0.	1.0225	1.1713e-006
3839	-1.0192	0.	0.95067	2.8824e-006
3840	-0.96975	0.	0.98051	2.0485e-006
3844	-0.88957	0.	1.0225	1.2386e-006
3845	-0.92366	0.	0.98051	1.8864e-006
3847	-0.79739	0.	1.0225	1.3409e-006
3848	-0.817	0.	0.95532	2.6036e-006
3849	-0.87758	0.	0.98051	2.1684e-006
3854	-0.70522	0.	1.0225	1.0661e-006
3855	-0.77091	0.	0.95532	2.4239e-006
3856	-0.70844	0.	0.95651	1.9223e-006
3858	-0.61304	0.	1.0225	8.486e-007
3859	-0.66235	0.	0.95651	1.8272e-006
3862	-0.52087	0.	1.0225	3.7639e-007
3863	-0.55164	0.	0.93513	1.4245e-006
3864	-0.61627	0.	0.95651	1.7049e-006
3865	-0.50665	0.	0.97182	-2.3202e-007
3868	-0.4287	0.	1.0225	-5.2449e-007
3869	-0.46056	0.	0.97182	-5.8186e-007
3874	-0.33652	0.	1.0225	-1.4051e-006
3875	-0.33681	0.	0.96	-2.2675e-006
3876	-0.41447	0.	0.97182	-1.1329e-006
3880	-0.24435	0.	1.0225	-2.2457e-006
3881	-0.29072	0.	0.96	-2.5971e-006
3883	-0.15217	0.	1.0225	-2.8461e-006
3884	-0.17806	0.	0.95256	-6.0575e-006
3885	-0.24464	0.	0.96	-3.1082e-006
3890	-6.e-002	0.	1.0225	-2.7687e-006
3891	-0.13198	0.	0.95256	-6.1468e-006
3892	-8.296e-002	0.	0.96353	-4.6618e-006
3896	3.2174e-002	0.	1.0225	-2.4465e-006
3897	1.5576e-002	0.	0.95148	-5.1609e-006
3898	-3.6873e-002	0.	0.96353	-4.4951e-006
3900	0.12435	0.	1.0225	-1.9566e-006
3901	6.1663e-002	0.	0.95148	-5.0054e-006
3902	0.13026	0.	0.96764	-2.9859e-006
3906	0.21652	0.	1.0225	-1.1787e-006
3907	0.17635	0.	0.96764	-2.6514e-006
3911	0.3087	0.	1.0225	-4.6e-007
3912	0.22244	0.	0.96764	-2.208e-006
3913	0.28638	0.	0.9588	-8.984e-007
3915	0.40087	0.	1.0225	1.9141e-007
3916	0.39759	0.	0.96549	5.7044e-007
3917	0.33246	0.	0.9588	-6.2316e-007
3921	0.49304	0.	1.0225	8.0002e-007
3922	0.44368	0.	0.96549	9.4661e-007
3926	0.58522	0.	1.0225	1.0678e-006
3927	0.48976	0.	0.96549	1.179e-006
3928	0.5722	0.	0.96339	2.1281e-006
3932	0.67739	0.	1.0225	1.3998e-006
3933	0.61828	0.	0.96339	2.1635e-006
3935	0.76957	0.	1.0225	1.8941e-006
3936	0.74951	0.	0.94975	3.4823e-006
3937	0.66437	0.	0.96339	2.4601e-006
3941	0.86174	0.	1.0225	1.8648e-006
3942	0.79559	0.	0.94975	3.68e-006
3943	0.85318	0.	0.9675	2.6497e-006
3949	0.95391	0.	0.97602	2.1913e-006
3950	0.95391	0.	1.0225	1.3752e-006
3951	0.89927	0.	0.9675	2.4226e-006
3981	1.	0.	0.88307	4.3077e-006
3982	1.	0.	0.97602	1.9287e-006
3983	0.94535	0.	0.92102	2.9762e-006
3986	1.	0.	0.79011	7.8705e-006
3987	0.94535	0.	0.87455	4.539e-006
3988	0.95022	0.	0.82668	6.4923e-006
3992	1.	0.	0.69716	1.1782e-005
3993	0.91799	0.	0.72889	1.074e-005
3994	0.95022	0.	0.78021	8.4923e-006
3997	1.	0.	0.6042	1.661e-005
3998	0.91799	0.	0.68241	1.2652e-005
3999	0.92377	0.	0.59352	1.7081e-005
4005	1.	0.	0.51125	2.1728e-005
4006	0.92377	0.	0.54705	1.9997e-005
4008	1.	0.	0.4183	2.6479e-005
4009	0.9428	0.	0.41762	2.719e-005
4010	0.92377	0.	0.50057	2.2199e-005
4014	1.	0.	0.32534	3.2499e-005
4015	0.9428	0.	0.37114	2.974e-005
4018	1.	0.	0.23239	3.8098e-005
4019	0.9428	0.	0.32467	3.321e-005
4020	0.94537	0.	0.26514	3.6955e-005
4024	1.	0.	0.13943	4.1662e-005
4025	0.93153	0.	0.15895	4.4341e-005
4026	0.94537	0.	0.21866	3.9085e-005
4030	1.	0.	4.6477e-002	4.3383e-005
4031	0.93153	0.	0.11248	4.5775e-005
4035	1.1364e-002	0.	0.	0.38944
4040	-0.13136	0.	0.	0.41567
4049	3.4091e-002	0.	0.	0.12222
4050	5.0634e-002	0.	2.3644e-002	3.0604e-002
4051	3.2942e-002	0.	1.4312e-002	5.7642e-002
4059	2.1578e-002	0.	1.4312e-002	0.13629
4068	-0.15409	0.	0.	0.13045
4069	-0.15265	0.	1.4642e-002	7.7531e-002
4070	-0.16993	0.	2.5808e-002	3.5586e-002
4077	-0.14128	0.	1.4642e-002	0.15553
4084	3.7917e-002	0.	0.55711	-6.1769e-005
4085	0.16857	0.	0.51732	-3.1069e-005
4086	0.14034	0.	0.56232	-3.9878e-005
4087	8.862e-002	0.	0.58486	-4.5791e-005
4088	5.1458e-002	0.	0.50691	-9.5228e-005
4089	0.10458	0.	0.48545	-6.3022e-005
4093	-5.7826e-002	0.	0.25167	-9.0104e-004
4094	2.5795e-002	0.	0.28799	-4.7815e-004
4095	-5.1998e-002	0.	0.29746	-5.4162e-004
4096	-2.0249e-002	0.	0.23541	-1.2908e-003
4097	8.9899e-003	0.	0.25295	-6.242e-004
4098	-1.4747e-002	0.	0.30644	-4.9882e-004
4102	-0.27417	0.	0.70988	-1.7318e-005
4103	-0.23533	0.	0.58483	-4.3364e-005
4104	-0.29495	0.	0.60471	-2.3083e-005
4105	-0.31666	0.	0.66848	-1.4194e-005
4106	-0.21601	0.	0.69416	-2.3498e-005
4107	-0.20149	0.	0.62654	-3.7413e-005
4110	0.4592	0.	0.5145	2.7027e-005
4111	0.6042	0.	0.51645	2.8718e-005
4112	0.48713	0.	0.57032	2.207e-005
4113	0.55886	0.	0.57417	2.3738e-005
4114	0.57397	0.	0.47148	3.4783e-005
4115	0.53197	0.	0.45403	4.1421e-005
4120	-0.65056	0.	0.6392	1.7745e-005
4121	-0.70978	0.	0.63386	1.8168e-005
4122	-0.75798	0.	0.51318	2.8405e-005
4123	-0.61455	0.	0.52889	2.8757e-005
4124	-0.71119	0.	0.48051	3.6224e-005
4125	-0.74407	0.	0.5757	2.3012e-005
4126	-0.65193	0.	0.47064	4.1889e-005
4127	-0.62425	0.	0.58793	1.9462e-005
4132	-5.9808e-002	0.	0.1238	-6.8332e-003
4133	-8.8719e-002	0.	0.18877	-2.6067e-003
4134	-0.1208	0.	0.1563	-2.4378e-003
4135	-0.10742	0.	0.12075	-2.7862e-003
4136	-5.1142e-002	0.	0.17252	-2.9965e-003
4137	-7.8269e-002	0.	0.11869	-1.014e-002
4138	-4.3756e-002	0.	0.13923	-3.5841e-003
4142	-0.22802	0.	0.41919	-1.1137e-004
4143	-0.19057	0.	0.46182	-1.2976e-004
4144	-0.21296	0.	0.36286	-1.2554e-004
4145	-0.13432	0.	0.44765	-1.5703e-004
4146	-0.12692	0.	0.36182	-3.0117e-004
4147	-0.16144	0.	0.34412	-3.463e-004
4148	-0.11332	0.	0.4036	-2.1317e-004
4153	-0.43849	0.	0.53576	1.2919e-005
4154	-0.35451	0.	0.45699	-2.0836e-006
4155	-0.46413	0.	0.4238	4.6785e-005
4156	-0.48313	0.	0.48923	2.5787e-005
4157	-0.3999	0.	0.41297	3.6298e-005
4158	-0.37668	0.	0.51949	-1.8473e-007
4162	0.27084	0.	0.71028	-3.7416e-006
4163	0.3053	0.	0.77614	-2.0972e-006
4164	0.20943	0.	0.84772	-4.6731e-006
4165	0.20037	0.	0.74101	-1.1722e-005
4166	0.27337	0.	0.83888	-3.3635e-006
4167	0.18672	0.	0.79316	-8.2171e-006
4171	0.13611	0.	0.23698	1.98e-004
4172	0.11858	0.	0.28399	-7.6949e-005
4173	0.15591	0.	0.3118	5.4349e-005
4174	0.20863	0.	0.23877	2.5766e-004
4175	0.20606	0.	0.29073	1.1512e-004
4176	0.17073	0.	0.22221	3.6726e-004
4181	-0.67402	0.	0.26284	1.0234e-004
4182	-0.77534	0.	0.20946	8.0518e-005
4183	-0.74191	0.	0.34238	6.5616e-005
4184	-0.70159	0.	0.19324	1.2282e-004
4185	-0.68265	0.	0.33251	7.1281e-005
4186	-0.79917	0.	0.30231	6.6072e-005
4191	0.5901	0.	0.75664	8.4683e-006
4192	0.75356	0.	0.73348	1.0585e-005
4193	0.72334	0.	0.81492	7.4145e-006
4194	0.62868	0.	0.6968	1.2838e-005
4195	0.6382	0.	0.82856	6.3923e-006
4196	0.69572	0.	0.69338	1.322e-005
4201	5.0624e-002	0.	0.81172	-1.4474e-005
4202	6.7428e-002	0.	0.68986	-2.8474e-005
4203	2.1555e-003	0.	0.76167	-1.9222e-005
4204	0.11016	0.	0.72116	-1.9503e-005
4205	9.6516e-002	0.	0.77332	-1.5999e-005
4206	2.5878e-002	0.	0.71317	-2.9823e-005
4211	-0.26549	0.	9.9451e-002	2.7568e-003
4212	-0.32256	0.	0.17148	7.0943e-004
4213	-0.26818	0.	0.17757	6.3397e-004
4214	-0.36452	0.	0.11987	8.8113e-004
4218	-0.22124	0.	0.16093	2.2164e-003
4219	-0.19049	0.	0.12435	1.7769e-003
4220	-0.17711	0.	8.8794e-002	1.4285e-003
4221	-0.19648	0.	6.7211e-002	1.153e-002
4229	-0.5558	0.	0.30829	9.6053e-005
4230	-0.53183	0.	0.24785	1.5333e-004
4231	-0.56547	0.	0.1916	2.0397e-004
4232	-0.63114	0.	0.1762	1.3973e-004
4233	-0.6122	0.	0.31547	8.8186e-005
4238	0.67754	0.	0.29758	5.3891e-005
4239	0.56676	0.	0.24682	9.9338e-005
4240	0.5333	0.	0.31778	7.8712e-005
4241	0.64677	0.	0.22397	7.0037e-005
4242	0.66557	0.	0.37214	4.6483e-005
4243	0.6103	0.	0.38224	4.8367e-005
4244	0.5683	0.	0.36479	5.5004e-005
4248	-1.5366e-002	0.	8.4214e-002	-3.8798e-003
4249	-4.1841e-002	0.	8.413e-002	-1.7495e-002
4250	-5.8901e-002	0.	9.5769e-002	-1.2883e-002
4251	-2.4388e-002	0.	0.11631	-6.3271e-003
4257	0.31274	0.	0.51154	8.2084e-006
4258	0.34599	0.	0.57965	1.0438e-005
4259	0.41483	0.	0.57725	1.7736e-005
4260	0.36194	0.	0.46035	4.3582e-005
4261	0.45968	0.	0.46096	3.7087e-005
4266	-0.5772	0.	0.78501	5.4812e-006
4267	-0.51772	0.	0.78295	3.5251e-006
4268	-0.47157	0.	0.82777	1.6128e-007
4269	-0.60095	0.	0.86914	2.4031e-006
4270	-0.49133	0.	0.88445	4.6621e-007
4273	8.1271e-002	0.	0.13288	1.2163e-003
4274	7.4867e-002	0.	0.18679	-9.0779e-005
4275	4.7044e-002	0.	0.13256	7.0405e-004
4276	1.1289e-002	0.	0.18123	-1.1784e-003
4277	4.0528e-002	0.	0.19877	-5.1178e-004
4278	1.8675e-002	0.	0.14794	-1.766e-003
4283	-0.11928	0.	7.9474e-002	-9.4565e-003
4284	-8.6749e-002	0.	6.2232e-002	-2.7181e-002
4285	-0.10861	0.	5.3872e-002	-1.1461e-002
4286	-9.013e-002	0.	7.7412e-002	-1.681e-002
4287	-9.2512e-002	0.	5.2769e-002	-4.0059e-002
4288	-0.11818	0.	6.0501e-002	-5.839e-003
4294	0.33007	0.	0.18993	3.183e-004
4295	0.40495	0.	0.28233	1.5073e-004
4296	0.34222	0.	0.32873	1.3352e-004
4297	0.29827	0.	0.23561	2.9713e-004
4298	0.2957	0.	0.28757	1.5459e-004
4299	0.38228	0.	0.20143	2.2063e-004
4304	-0.76352	0.	0.79986	6.6857e-006
4305	-0.83497	0.	0.84594	5.1027e-006
4306	-0.72805	0.	0.88933	3.1851e-006
4307	-0.85109	0.	0.91332	3.2514e-006
4312	0.76221	0.	0.53084	2.3272e-005
4313	0.63155	0.	0.58305	2.1095e-005
4314	0.6986	0.	0.57963	2.1477e-005
4315	0.70193	0.	0.47026	3.0256e-005
4316	0.64667	0.	0.48035	3.2141e-005
4320	-0.13034	0.	0.19836	-9.5435e-004
4321	-9.2433e-002	0.	0.27662	-7.6388e-004
4322	-0.12696	0.	0.25893	-8.0901e-004
4323	-6.0684e-002	0.	0.21458	-1.5131e-003
4327	-0.89914	0.	0.60485	1.7506e-005
4328	-0.99215	0.	0.55338	1.9532e-005
4329	-1.0055	0.	0.67865	1.2768e-005
4330	-0.93765	0.	0.64328	1.3687e-005
4335	-0.27831	0.	0.23296	1.6901e-004
4336	-0.37466	0.	0.17525	4.1617e-004
4337	-0.2957	0.	0.27569	9.5628e-005
4338	-0.35614	0.	0.288	1.4818e-004
4339	-0.3964	0.	0.23839	2.1594e-004
4344	-0.5014	0.	0.54816	1.7996e-005
4345	-0.47794	0.	0.65641	5.028e-006
4346	-0.39496	0.	0.57843	-7.9754e-006
4347	-0.41667	0.	0.6422	9.1345e-007
4348	-0.51111	0.	0.60721	8.7007e-006
4352	-6.2068e-002	0.	0.53766	-9.1937e-005
4353	2.7969e-002	0.	0.60899	-5.1698e-005
4354	-8.4482e-002	0.	0.59353	-5.8707e-005
4355	-9.1925e-003	0.	0.53103	-1.0114e-004
4356	-1.358e-002	0.	0.63229	-5.3047e-005
4360	-0.22473	0.	0.82756	-9.4533e-006
4361	-0.22444	0.	0.89006	-6.4089e-006
4362	-0.10487	0.	0.83149	-1.3287e-005
4363	-0.16657	0.	0.81184	-1.5634e-005
4364	-0.10885	0.	0.89359	-7.8733e-006
4369	-0.34921	0.	0.79014	-5.6743e-006
4370	-0.2913	0.	0.835	-6.5039e-006
4371	-0.33408	0.	0.7311	-6.4249e-006
4372	-0.23343	0.	0.75678	-1.5729e-005
4376	0.47473	0.	0.83446	4.3508e-006
4377	0.47591	0.	0.69676	1.0078e-005
4378	0.44153	0.	0.76502	4.4235e-006
4379	0.54764	0.	0.7006	1.1746e-005
4380	0.55716	0.	0.83236	5.2999e-006
4386	0.81826	0.	0.31827	3.9852e-005
4387	0.72015	0.	0.19246	6.54e-005
4388	0.80699	0.	0.19904	4.8854e-005
4389	0.73895	0.	0.34063	4.1845e-005
4390	0.82083	0.	0.25875	4.3598e-005
4396	0.22846	0.	0.45466	-3.0839e-006
4397	0.27765	0.	0.40347	3.229e-005
4398	0.18099	0.	0.38338	-7.4119e-006
4399	0.16446	0.	0.42279	-3.5038e-005
4400	0.23114	0.	0.36231	5.3355e-005
4405	-0.93447	0.	0.2977	4.0817e-005
4406	-0.88774	0.	0.42082	3.1926e-005
4407	-0.96685	0.	0.43187	2.8559e-005
4408	-0.98335	0.	0.31123	3.6447e-005
4409	-0.89822	0.	0.34808	4.0201e-005
4410	-0.99426	0.	0.37867	3.2439e-005
4413	5.1447e-002	0.	0.35049	-2.2421e-004
4414	1.913e-002	0.	0.43917	-1.5275e-004
4415	8.8776e-002	0.	0.3783	-9.2916e-005
4416	7.2254e-002	0.	0.41771	-1.2054e-004
4417	-1.2752e-002	0.	0.40174	-1.9968e-004
4418	1.0905e-002	0.	0.36894	-2.4489e-004
4422	0.80576	0.	0.79557	8.4388e-006
4423	0.84176	0.	0.62525	1.6039e-005
4424	0.77815	0.	0.67403	1.4244e-005
4425	0.86821	0.	0.76546	9.3618e-006
4430	-0.86629	0.	0.18151	6.1772e-005
4431	-0.9522	0.	0.16546	4.8738e-005
4432	-0.97524	0.	0.23751	4.3572e-005
4433	-0.89012	0.	0.27436	4.7326e-005
4438	-0.19318	0.	0.20247	-3.4593e-004
4439	-0.24131	0.	0.28178	2.0172e-005
4440	-0.18979	0.	0.26304	-2.0059e-004
4444	0.49589	0.	0.23551	1.1952e-004
4445	0.60936	0.	0.14169	1.1085e-004
4446	0.55611	0.	0.12341	1.3996e-004
4447	0.47322	0.	0.15462	1.8942e-004
4452	0.27183	0.	0.56977	-4.0471e-006
4453	0.21034	0.	0.54666	-1.5086e-005
4454	0.28777	0.	0.45047	2.9098e-005
4455	0.17459	0.	0.46979	-3.823e-005
4458	-1.6766e-002	0.	6.7462e-002	-1.1798e-002
4459	2.9055e-002	0.	8.4268e-002	1.8393e-003
4460	-7.2472e-003	0.	5.5775e-002	-2.0573e-002
4461	3.2761e-002	0.	5.7418e-002	9.7288e-003
4462	1.5069e-002	0.	4.8085e-002	3.6767e-002
4463	6.8658e-004	0.	9.9641e-002	-6.3073e-004
4464	4.7706e-003	0.	5.344e-002	-4.288e-003
4470	-0.25136	0.	0.47978	-4.3259e-005
4471	-0.27375	0.	0.38083	-3.9044e-005
4472	-0.33419	0.	0.39314	1.3504e-005
4473	-0.31098	0.	0.49966	-2.2978e-005
4477	0.24359	0.	0.61477	-1.2857e-005
4478	0.37391	0.	0.63547	5.4809e-006
4479	0.33954	0.	0.70374	-1.7329e-007
4480	0.2346	0.	0.66861	-9.7978e-006
4485	-0.6773	0.	0.71692	9.2623e-006
4486	-0.5586	0.	0.72019	6.8837e-006
4487	-0.64183	0.	0.80639	5.7616e-006
4488	-0.59177	0.	0.67099	1.0556e-005
4491	-0.27353	0.	0.54228	-4.136e-005
4492	-0.15766	0.	0.50824	-8.8919e-005
4493	-0.18007	0.	0.56412	-5.569e-005
4497	-0.52704	0.	0.43621	5.1862e-005
4498	-0.44381	0.	0.35995	6.2373e-005
4499	-0.48406	0.	0.31034	1.3014e-004
4500	-0.56443	0.	0.37796	6.4994e-005
4505	-0.14905	0.	0.13034	-1.1338e-003
4506	-0.15904	0.	0.22646	-6.4007e-004
4511	0.6904	0.	0.89065	4.246e-006
4512	0.83312	0.	0.89476	4.2379e-006
4513	0.83799	0.	0.84689	6.1911e-006
4517	-0.77081	0.	0.65343	1.4529e-005
4518	-0.80798	0.	0.75767	8.1017e-006
4519	-0.70105	0.	0.80106	6.1841e-006
4520	-0.80932	0.	0.69186	1.071e-005
4525	-0.94502	0.	0.84129	5.5014e-006
4526	-1.0143	0.	0.81085	7.1902e-006
4527	-0.96114	0.	0.90868	3.6502e-006
4531	0.11366	0.	0.89661	-5.7003e-006
4532	-3.4041e-003	0.	0.8304	-1.2468e-005
4533	9.0957e-002	0.	0.84205	-9.2442e-006
4534	-7.3846e-003	0.	0.89251	-7.0541e-006
4539	0.1715	0.	0.10788	1.918e-003
4540	0.26941	0.	0.1179	6.918e-004
4541	0.2376	0.	0.16359	6.7063e-004
4542	0.19971	0.	0.14702	7.8023e-004
4547	0.11045	0.	0.15553	1.5794e-003
4548	8.263e-002	0.	0.10131	2.3742e-003
4549	8.6335e-002	0.	7.4457e-002	1.0264e-002
4550	0.14507	0.	0.14077	1.7487e-003
4556	-0.78613	0.	0.43755	3.7979e-005
4557	-0.819	0.	0.53274	2.4767e-005
4558	-0.91202	0.	0.48127	2.6792e-005
4559	-0.84339	0.	0.39748	3.8435e-005
4563	0.86657	0.	0.45342	2.5459e-005
4564	0.80629	0.	0.39283	3.2444e-005
4565	0.88817	0.	0.31095	3.4196e-005
4572	-0.43835	0.	0.18677	3.8764e-004
4573	-0.47199	0.	0.13051	4.3828e-004
4579	0.28088	0.	0.16736	4.1285e-004
4580	0.36489	0.	0.13318	3.3636e-004
4584	0.3997	0.	0.35288	8.1683e-005
4585	0.49744	0.	0.35348	7.5187e-005
4586	0.43976	0.	0.22558	1.6879e-004
4591	-4.8491e-002	0.	5.4096e-002	-4.6691e-002
4592	-5.692e-002	0.	6.3837e-002	-3.1173e-002
4593	-3.3722e-002	0.	5.5691e-002	-3.4187e-002
4594	-6.0301e-002	0.	7.9017e-002	-2.0801e-002
4598	0.78392	0.	0.58515	1.8673e-005
4599	0.78726	0.	0.47578	2.7452e-005
4604	0.77621	0.	0.12542	6.5e-005
4605	0.63611	0.	0.10056	1.1066e-004
4611	0.8769	0.	0.19171	4.3198e-005
4616	0.4072	0.	0.83904	1.3984e-006
4617	0.52283	0.	0.90638	2.2747e-006
4618	0.37527	0.	0.90178	1.3204e-007
4623	-0.58343	0.	0.44339	4.3996e-005
4624	-0.55576	0.	0.56068	2.1568e-005
4627	0.13039	0.	0.6142	-2.9808e-005
4628	0.17312	0.	0.6455	-2.0837e-005
4630	0.40838	0.	0.70134	7.1254e-006
4631	0.51448	0.	0.63692	1.4447e-005
4634	8.6515e-002	0.	0.25646	-2.5822e-006
4635	6.971e-002	0.	0.22142	-1.4863e-004
4636	0.13867	0.	0.19468	4.4163e-004
4640	0.10631	0.	0.33128	-1.4623e-004
4641	5.2176e-002	0.	0.26844	-4.2358e-004
4642	2.8439e-002	0.	0.32192	-2.982e-004
4647	-0.73247	0.	0.12282	1.179e-004
4648	-0.89212	0.	0.12299	6.2568e-005
4649	-0.83004	0.	0.23189	6.1156e-005
4654	-0.68008	0.	0.39501	5.1463e-005
4655	-0.79661	0.	0.36481	4.6254e-005
4658	-0.31914	0.	0.33682	-6.6263e-007
4659	-0.20718	0.	0.30577	-2.7397e-004
4663	-0.41984	0.	0.29951	1.1965e-004
4666	0.34207	0.	0.83235	2.0481e-007
4671	-0.45297	0.	0.76296	1.5637e-006
4672	-0.43784	0.	0.70391	8.1307e-007
4673	-0.53229	0.	0.66893	8.6003e-006
4676	-0.35486	0.	0.62593	-1.219e-005
4681	-0.34892	0.	0.85264	-2.6298e-006
4682	-0.3917	0.	0.74874	-2.5508e-006
4683	-0.42658	0.	0.86446	-1.4952e-006
4687	-0.12382	0.	0.54996	-8.2968e-005
4688	-4.8528e-002	0.	0.48745	-1.254e-004
4689	-8.041e-002	0.	0.45003	-1.7233e-004
4693	0.65326	0.	0.63735	1.6497e-005
4697	-0.12113	0.	0.30472	-4.496e-004
4698	-7.301e-002	0.	0.3642	-3.1647e-004
4699	-4.9354e-002	0.	0.3314	-3.6167e-004
4707	-0.49373	0.	0.19365	2.3806e-004
4712	0.2462	0.	0.90393	-2.3712e-006
4713	0.15956	0.	0.85821	-7.2247e-006
4718	-0.10652	0.	9.2719e-002	-8.8358e-003
4719	-0.13457	0.	7.5809e-002	2.1353e-003
4720	-0.15504	0.	7.32e-002	8.6197e-003
4725	-0.36868	0.	0.90932	-2.3249e-006
4734	-0.89811	0.	0.54379	2.1399e-005
4735	-0.84361	0.	0.6337	1.5555e-005
4740	-0.94867	0.	0.77331	8.2075e-006
4741	-0.88078	0.	0.73794	9.1271e-006
4742	-0.89556	0.	0.87113	4.6674e-006
4746	0.29046	0.	0.35812	8.5536e-005
4747	0.43471	0.	0.39988	5.7976e-005
4752	5.2107e-002	0.	7.4139e-002	9.7515e-003
4753	2.0033e-002	0.	0.11636	-6.0799e-004
4759	0.1214	0.	0.66804	-2.6749e-005
4760	3.7122e-002	0.	0.66004	-3.7069e-005
4763	-0.11357	0.	0.76071	-1.9563e-005
4764	-2.815e-002	0.	0.73185	-2.7817e-005
4765	-5.5853e-002	0.	0.84246	-1.1802e-005
4771	-0.16075	0.	0.67345	-3.5824e-005
4772	-8.9849e-002	0.	0.71221	-3.0163e-005
4777	-1.0185	0.	0.43913	2.7304e-005
4781	-7.533e-002	0.	0.64459	-4.4078e-005
4785	6.1323e-003	0.	0.21586	-1.2363e-003
4786	-1.5721e-002	0.	0.16503	-2.4904e-003
4799	-0.59304	0.	0.122	2.2445e-004
4807	0.89558	0.	0.86464	5.1608e-006
4811	0.67171	0.	0.42528	3.6321e-005
4814	0.15049	0.	0.75149	-1.4273e-005
4819	5.7471e-002	0.	0.45937	-1.0239e-004
4820	-2.7534e-002	0.	0.44341	-1.8153e-004
4827	-6.217e-002	0.	5.0556e-002	-5.2451e-002
4828	-3.8972e-002	0.	4.241e-002	-5.5466e-002
4829	-6.7932e-002	0.	4.1093e-002	-6.5329e-002
4836	-7.3981e-002	0.	7.5477e-002	-2.6561e-002
4837	-7.6362e-002	0.	5.0834e-002	-4.981e-002
4841	-0.95001	0.	0.7075	1.0816e-005
4846	0.12712	0.	0.39851	-4.2558e-005
4847	0.19379	0.	0.33803	4.5834e-005
4857	-0.12708	0.	3.643e-002	4.856e-002
4858	-9.8223e-002	0.	4.2474e-002	-3.4089e-002
4859	-0.1239	0.	5.0206e-002	1.3083e-004
4864	-1.2185e-002	0.	4.1669e-002	-2.6677e-002
4871	3.8121e-002	0.	3.7957e-002	4.4679e-002
4878	1.0131e-002	0.	3.3979e-002	3.0662e-002
4884	-0.13665	0.	4.306e-002	5.4182e-002
4885	-0.15713	0.	4.0451e-002	6.0667e-002
4893	0.24651	0.	0.265	2.4914e-004
4894	0.21118	0.	0.19647	5.0129e-004
4922	-1.0011	0.	0.17899	4.4368e-005
4926	-3.576e-002	0.	0.37318	-2.7367e-004
4948	-1.035	0.	0.31849	3.5193e-005
4957	0.57444	0.	0.41793	4.4843e-005
4982	-0.15394	0.	5.4227e-002	1.2237e-002
