Node Number	X Location (m)	Y Location (m)	Z Location (m)	Directional Magnetic Flux Density (T)
11162	0.	0.	1.e-002	0.59107
11163	0.	0.	0.	1.2875
11166	-8.e-002	0.	1.e-002	0.74961
11167	-8.e-002	0.	0.	1.2989
11168	-8.e-002	0.	-1.e-002	0.61502
11169	0.	0.	-1.e-002	0.66422
11444	-4.e-002	0.	1.e-002	2.7332
11445	-2.e-002	0.	1.e-002	2.2214
11446	-6.e-002	0.	1.e-002	2.1651
11447	-4.e-002	0.	-1.e-002	2.7246
11448	-6.e-002	0.	-1.e-002	2.1935
11449	-2.e-002	0.	-1.e-002	2.2242
12689	0.	0.	5.e-003	0.93929
12692	-1.e-002	0.	1.e-002	1.4062
12697	0.	0.	-5.e-003	0.97586
12699	-1.e-002	0.	5.e-003	1.7545
12700	-1.e-002	0.	-5.e-003	1.7559
12715	-8.e-002	0.	5.e-003	1.0242
12719	-7.e-002	0.	1.e-002	1.4573
12722	-8.e-002	0.	-5.e-003	0.95694
12726	-7.e-002	0.	5.e-003	1.732
12727	-7.e-002	0.	-5.e-003	1.7462
12734	-7.e-002	0.	-1.e-002	1.4043
12738	-1.e-002	0.	-1.e-002	1.4442
14332	-3.e-002	0.	1.e-002	2.4773
14333	-5.e-002	0.	1.e-002	2.4491
14334	-4.e-002	0.	0.	2.7289
14335	-5.e-002	0.	0.	2.4634
14342	-3.e-002	0.	0.	2.473
14343	-2.e-002	0.	0.	2.2228
14349	-6.e-002	0.	0.	2.1793
14353	-5.e-002	0.	-1.e-002	2.4591
14354	-3.e-002	0.	-1.e-002	2.4744
11162	0.	0.	1.e-002	-1.4182e-002
11166	-8.e-002	0.	1.e-002	0.20073
11168	-8.e-002	0.	-1.e-002	0.22877
11169	0.	0.	-1.e-002	-0.10012
11175	-8.e-002	0.	1.5e-002	3.1697e-002
11177	0.	0.	1.5e-002	0.20435
11178	0.	0.	-1.5e-002	0.21299
11179	-8.e-002	0.	-1.5e-002	1.7334e-003
11444	-4.e-002	0.	1.e-002	0.16137
11445	-2.e-002	0.	1.e-002	9.494e-003
11446	-6.e-002	0.	1.e-002	4.7029e-002
11447	-4.e-002	0.	-1.e-002	7.2303e-002
11448	-6.e-002	0.	-1.e-002	6.0808e-002
11449	-2.e-002	0.	-1.e-002	-9.2821e-002
11450	-4.e-002	0.	1.5e-002	3.2704e-002
11451	-6.e-002	0.	1.5e-002	9.561e-004
11452	-2.e-002	0.	1.5e-002	2.4851e-002
11453	-4.e-002	0.	-1.5e-002	6.17e-002
11454	-2.e-002	0.	-1.5e-002	-3.1918e-002
11455	-6.e-002	0.	-1.5e-002	6.3871e-003
12691	0.	0.	1.25e-002	9.5086e-002
12692	-1.e-002	0.	1.e-002	-2.3439e-003
12693	-1.e-002	0.	1.25e-002	5.3346e-003
12717	-8.e-002	0.	1.25e-002	0.11621
12719	-7.e-002	0.	1.e-002	0.12388
12732	-8.e-002	0.	-1.25e-002	0.11525
12734	-7.e-002	0.	-1.e-002	0.14479
12737	0.	0.	-1.25e-002	5.6435e-002
12738	-1.e-002	0.	-1.e-002	-9.6471e-002
12739	-1.e-002	0.	-1.25e-002	-6.602e-002
12780	-7.e-002	0.	1.25e-002	3.9363e-002
12781	-7.e-002	0.	1.5e-002	1.6327e-002
12798	-1.e-002	0.	1.5e-002	0.1146
12806	-1.e-002	0.	-1.5e-002	9.0537e-002
12813	-7.e-002	0.	-1.25e-002	3.1271e-002
12814	-7.e-002	0.	-1.5e-002	4.0602e-003
14332	-3.e-002	0.	1.e-002	8.5431e-002
14333	-5.e-002	0.	1.e-002	0.1042
14336	-4.e-002	0.	1.25e-002	9.7036e-002
14337	-5.e-002	0.	1.25e-002	8.1162e-002
14344	-3.e-002	0.	1.25e-002	2.1099e-002
14345	-2.e-002	0.	1.25e-002	1.7173e-002
14350	-6.e-002	0.	1.25e-002	2.3993e-002
14353	-5.e-002	0.	-1.e-002	6.6556e-002
14354	-3.e-002	0.	-1.e-002	-1.0259e-002
14355	-4.e-002	0.	-1.25e-002	6.7002e-002
14356	-5.e-002	0.	-1.25e-002	3.9345e-002
14361	-6.e-002	0.	-1.25e-002	3.3598e-002
14364	-3.e-002	0.	-1.25e-002	-1.556e-002
14365	-2.e-002	0.	-1.25e-002	-6.2369e-002
14368	-5.e-002	0.	1.5e-002	1.683e-002
14369	-3.e-002	0.	1.5e-002	2.8778e-002
14383	-3.e-002	0.	-1.5e-002	1.4891e-002
14384	-5.e-002	0.	-1.5e-002	3.4043e-002
11163	0.	0.	0.	0.66779
11167	-8.e-002	0.	0.	0.61676
11168	-8.e-002	0.	-1.e-002	0.35752
11169	0.	0.	-1.e-002	0.47598
11178	0.	0.	-1.5e-002	4.8125e-002
11179	-8.e-002	0.	-1.5e-002	5.513e-002
11254	1.	0.	-1.015	2.5876e-007
11255	1.	0.	0.	1.2412e-005
11256	1.	0.	-0.93042	5.5079e-007
11257	1.	0.	-0.84583	1.4695e-006
11258	1.	0.	-0.76125	2.3893e-006
11259	1.	0.	-0.67667	3.568e-006
11260	1.	0.	-0.59208	4.5335e-006
11261	1.	0.	-0.5075	5.6605e-006
11262	1.	0.	-0.42292	7.2473e-006
11263	1.	0.	-0.33833	8.4845e-006
11264	1.	0.	-0.25375	9.9892e-006
11265	1.	0.	-0.16917	1.1292e-005
11266	1.	0.	-8.4583e-002	1.2171e-005
11277	-1.08	0.	-1.015	3.2005e-007
11278	-0.98957	0.	-1.015	4.0984e-007
11279	-0.89913	0.	-1.015	4.8795e-007
11280	-0.8087	0.	-1.015	4.615e-007
11281	-0.71826	0.	-1.015	4.5858e-007
11282	-0.62783	0.	-1.015	3.1797e-007
11283	-0.53739	0.	-1.015	1.5972e-007
11284	-0.44696	0.	-1.015	-6.4346e-009
11285	-0.35652	0.	-1.015	-8.7437e-008
11286	-0.26609	0.	-1.015	-4.3795e-007
11287	-0.17565	0.	-1.015	-5.7697e-007
11288	-8.5217e-002	0.	-1.015	-6.4056e-007
11289	5.2174e-003	0.	-1.015	-8.415e-007
11290	9.5652e-002	0.	-1.015	-6.0654e-007
11291	0.18609	0.	-1.015	-6.3923e-007
11292	0.27652	0.	-1.015	-3.7707e-007
11293	0.36696	0.	-1.015	-6.4573e-008
11294	0.45739	0.	-1.015	2.1404e-007
11295	0.54783	0.	-1.015	2.7121e-007
11296	0.63826	0.	-1.015	3.1493e-007
11297	0.7287	0.	-1.015	4.1225e-007
11298	0.81913	0.	-1.015	3.1677e-007
11299	0.90957	0.	-1.015	3.4119e-007
11305	-1.08	0.	0.	1.2059e-005
11306	-1.08	0.	-8.4583e-002	1.2033e-005
11307	-1.08	0.	-0.16917	1.135e-005
11308	-1.08	0.	-0.25375	9.9832e-006
11309	-1.08	0.	-0.33833	8.9471e-006
11310	-1.08	0.	-0.42292	7.5346e-006
11311	-1.08	0.	-0.5075	5.6273e-006
11312	-1.08	0.	-0.59208	4.3227e-006
11313	-1.08	0.	-0.67667	3.4139e-006
11314	-1.08	0.	-0.76125	2.2052e-006
11315	-1.08	0.	-0.84583	1.6502e-006
11316	-1.08	0.	-0.93042	6.2219e-007
11322	0.90909	0.	0.	1.3119e-005
11323	0.81818	0.	0.	1.5531e-005
11324	0.72727	0.	0.	2.0115e-005
11325	0.63636	0.	0.	2.9966e-005
11326	0.54545	0.	0.	4.9248e-005
11327	0.45455	0.	0.	7.2918e-005
11328	0.36364	0.	0.	1.5307e-004
11329	0.27273	0.	0.	3.7205e-004
11330	0.18182	0.	0.	1.1086e-003
11331	9.0909e-002	0.	0.	6.0974e-003
11332	-0.17091	0.	0.	5.6052e-003
11333	-0.26182	0.	0.	7.7501e-004
11334	-0.35273	0.	0.	2.151e-004
11335	-0.44364	0.	0.	1.2227e-004
11336	-0.53455	0.	0.	8.1572e-005
11337	-0.62545	0.	0.	4.6262e-005
11338	-0.71636	0.	0.	2.9325e-005
11339	-0.80727	0.	0.	2.2682e-005
11340	-0.89818	0.	0.	1.5439e-005
11341	-0.98909	0.	0.	1.2913e-005
11453	-4.e-002	0.	-1.5e-002	-5.2671e-002
11454	-2.e-002	0.	-1.5e-002	-6.3737e-002
11455	-6.e-002	0.	-1.5e-002	-4.8385e-002
11459	4.5455e-002	0.	0.	2.3113e-002
11460	2.2727e-002	0.	0.	0.20623
11461	-0.12545	0.	0.	1.9311e-002
11462	-0.10273	0.	0.	0.18319
11606	1.8414e-002	0.	-0.52086	-2.7154e-005
11607	5.2174e-003	0.	-0.34833	-8.7118e-005
11608	0.52391	0.	-0.51125	7.6721e-006
11609	-0.51208	0.	-0.50438	8.6311e-006
11610	-4.4397e-002	0.	-0.19059	-5.0574e-004
11611	-0.26218	0.	-0.36295	-8.7156e-006
11612	-0.78538	0.	-0.42292	9.7797e-006
11613	-0.12559	0.	-0.75727	-5.5311e-006
11614	0.24992	0.	-0.43021	2.3504e-006
11615	0.27915	0.	-0.71931	-1.948e-006
11616	-0.76067	0.	-0.70046	3.3854e-006
11617	0.76196	0.	-0.3825	9.9035e-006
11618	0.76977	0.	-0.64825	3.7738e-006
11619	-0.43422	0.	-0.66293	7.3042e-007
11620	-0.16654	0.	-0.64222	-9.2917e-006
11621	-0.51995	0.	-0.16917	6.4175e-005
11622	0.50079	0.	-0.34083	2.3644e-005
11623	-6.2552e-002	0.	-0.12858	-1.8498e-003
11624	0.52895	0.	-0.85387	1.2219e-006
11625	0.30454	0.	-0.2321	7.5058e-005
11626	0.18649	0.	-0.22183	5.8148e-005
11627	-0.12929	0.	-0.18753	-2.8173e-004
11628	-0.87102	0.	-0.13594	1.5653e-005
11629	1.7428e-002	0.	-0.7508	-5.2585e-006
11630	0.72009	0.	-0.255	1.6691e-005
11631	-7.1845e-002	0.	-0.48897	-3.1085e-005
11632	-1.8983e-002	0.	-7.4382e-002	-6.6056e-003
11633	-0.30204	0.	-0.1865	1.7038e-004
11634	-0.34914	0.	-0.82871	-8.5379e-007
11635	-0.32826	0.	-0.58334	-3.842e-006
11636	0.77305	0.	-0.81947	1.8699e-006
11637	-7.3729e-002	0.	-7.1898e-002	-6.0835e-003
11638	-0.67311	0.	-0.29906	2.0304e-005
11639	-0.6197	0.	-0.89827	7.1247e-007
11640	-0.91591	0.	-0.65552	3.8861e-006
11641	-0.90752	0.	-0.83526	1.9432e-006
11642	-0.5028	0.	-0.35141	2.3373e-005
11643	0.16	0.	-0.12786	4.4251e-004
11644	-0.63288	0.	-0.62109	4.6416e-006
11645	0.38957	0.	-0.13568	8.2114e-005
11646	-0.12943	0.	-0.34646	-7.4315e-005
11647	0.15918	0.	-0.6187	-6.4726e-006
11648	0.51134	0.	-0.16411	4.2947e-005
11649	0.38462	0.	-0.61297	2.1966e-006
11650	0.53188	0.	-0.67917	3.0655e-006
11651	0.12376	0.	-0.39194	-3.1935e-005
11652	9.1299e-002	0.	-0.19255	5.2138e-006
11653	0.10243	0.	-0.89601	-1.9555e-006
11654	2.4236e-002	0.	-0.14359	-8.1633e-004
11655	-0.25043	0.	-0.74336	-3.3332e-006
11656	-0.39451	0.	-0.42875	7.9012e-006
11657	-0.87063	0.	-0.30597	1.204e-005
11658	-0.63806	0.	-0.46521	1.0951e-005
11659	0.31283	0.	-0.87992	-4.3335e-007
11660	-0.19622	0.	-0.54497	-1.2236e-005
11661	0.86005	0.	-0.21208	1.1518e-005
11662	-0.21703	0.	-0.87517	-1.3863e-006
11663	-0.7686	0.	-0.57094	6.5562e-006
11664	4.0565e-002	0.	-5.9116e-002	3.5184e-003
11665	0.66751	0.	-0.74131	2.7253e-006
11666	-0.64959	0.	-0.13974	3.4044e-005
11667	0.37978	0.	-0.46055	9.0281e-006
11668	-0.47584	0.	-0.8815	1.9713e-007
11669	-0.39892	0.	-0.23744	6.4824e-005
11670	-6.8442e-002	0.	-0.90159	-1.788e-006
11671	0.41358	0.	-0.76901	8.6434e-007
11672	-0.12748	0.	-0.1084	3.8909e-004
11673	-0.12803	0.	-4.8469e-002	5.6344e-003
11674	0.26554	0.	-0.1025	2.3067e-004
11675	0.89531	0.	-0.58691	4.7497e-006
11676	-7.1424e-002	0.	-0.57469	-1.7781e-005
11677	0.14399	0.	-0.7366	-4.6551e-006
11678	-0.18349	0.	-0.27054	-4.0277e-005
11679	0.63367	0.	-0.43594	9.9354e-006
11680	0.13435	0.	-0.5005	-2.2131e-005
11681	0.64812	0.	-0.58755	5.1161e-006
11682	-0.54071	0.	-0.74043	2.0773e-006
11683	-8.3409e-002	0.	-0.26406	-1.7513e-004
11684	0.65671	0.	-0.12196	2.8208e-005
11685	-0.77103	0.	-0.85983	1.2056e-006
11686	0.89527	0.	-0.75115	2.4561e-006
11687	-0.77294	0.	-0.21661	1.8695e-005
11688	0.64974	0.	-0.8837	8.6196e-007
11689	0.76196	0.	-0.50937	5.9733e-006
11690	4.2779e-002	0.	-0.6101	-1.3525e-005
11691	-0.24987	0.	-0.11815	3.5088e-004
11692	0.90173	0.	-0.33926	9.0378e-006
11693	0.10287	0.	-0.29239	-5.4151e-005
11694	0.88358	0.	-0.89404	9.7529e-007
11695	-0.1656	0.	-0.43642	-2.6926e-005
11696	0.61044	0.	-0.29792	1.8335e-005
11697	0.41086	0.	-0.2434	5.2861e-005
11698	-0.36217	0.	-0.10043	2.4736e-004
11699	-1.2892e-002	0.	-3.8223e-002	-1.9195e-002
11700	1.5142e-002	0.	-3.7934e-002	1.3655e-002
11701	-0.9952	0.	-0.24652	1.0666e-005
11702	9.6646e-003	0.	-0.24048	-2.525e-004
11703	-0.28959	0.	-0.47622	-4.2088e-006
11704	-0.98558	0.	-0.10603	1.2996e-005
11705	-6.6342e-002	0.	-0.66713	-9.6231e-006
11706	0.21295	0.	-0.82798	-1.5736e-006
11707	0.219	0.	-0.32397	1.7244e-005
11708	0.34806	0.	-0.34429	2.3754e-005
11709	0.42025	0.	-0.89385	2.5026e-007
11710	0.88098	0.	-0.46615	6.7869e-006
11711	0.89479	0.	-9.7101e-002	1.3611e-005
11712	-0.29153	0.	-0.26699	3.7979e-005
11713	3.3973e-002	0.	-0.44242	-4.2718e-005
11714	0.27139	0.	-0.52378	-1.1413e-006
11715	-0.35221	0.	-0.70601	-1.1787e-006
11716	0.7814	0.	-0.11677	1.5082e-005
11717	-0.87444	0.	-0.9219	7.9686e-007
11718	-5.0216e-002	0.	-0.41444	-4.8434e-005
11719	-0.99376	0.	-0.88284	1.1727e-006
11720	-0.99795	0.	-0.70839	2.8361e-006
11721	-0.98993	0.	-0.37885	8.5339e-006
11722	-0.98924	0.	-0.50229	5.9772e-006
11723	-0.27656	0.	-0.6476	-3.7944e-006
11724	8.6632e-002	0.	-9.8791e-002	9.7499e-004
11725	0.77084	0.	-0.92544	6.9326e-007
11726	-0.8686	0.	-0.5212	6.3312e-006
11727	-4.2899e-002	0.	-4.2778e-002	-3.6178e-002
11728	-0.18793	0.	-7.1684e-002	1.4824e-003
11729	-0.55463	0.	-6.1782e-002	6.5018e-005
11730	-0.43042	0.	-0.76392	8.9216e-008
11731	-8.8048e-002	0.	-2.8145e-002	1.3601e-002
11732	-0.37716	0.	-0.33312	2.3328e-005
11733	-0.66685	0.	-0.76112	2.0425e-006
11734	-0.38971	0.	-0.93215	-2.3272e-007
11735	-0.51036	0.	-0.61782	3.2836e-006
11736	-0.22095	0.	-0.1965	1.0484e-004
11737	-0.40826	0.	-0.53684	1.7411e-006
11738	-0.74286	0.	-8.2749e-002	2.4544e-005
11739	-0.18022	0.	-0.14185	4.151e-004
12697	0.	0.	-5.e-003	0.57189
12701	1.1364e-002	0.	0.	0.43701
12722	-8.e-002	0.	-5.e-003	0.48714
12728	-9.1364e-002	0.	0.	0.39998
12732	-8.e-002	0.	-1.25e-002	0.20633
12735	-9.1364e-002	0.	-5.e-003	0.27036
12737	0.	0.	-1.25e-002	0.26205
12740	1.1364e-002	0.	-5.e-003	0.34111
12806	-1.e-002	0.	-1.5e-002	-7.8057e-003
12807	1.1364e-002	0.	-7.5e-003	0.12718
12808	-6.4459e-003	0.	-2.6612e-002	1.4465e-002
12809	7.5712e-003	0.	-2.6467e-002	3.089e-002
12814	-7.e-002	0.	-1.5e-002	3.3724e-003
12815	-9.1364e-002	0.	-7.5e-003	0.11916
12816	-8.4024e-002	0.	-2.1572e-002	3.4365e-002
13269	1.	0.	-0.97271	4.0478e-007
13271	0.95478	0.	-1.015	2.9998e-007
13272	1.	0.	-4.2292e-002	1.2291e-005
13274	0.95455	0.	0.	1.2766e-005
13278	1.	0.	-0.88813	1.0101e-006
13280	0.95478	0.	-0.97271	4.4599e-007
13281	0.94179	0.	-0.91223	7.6304e-007
13284	1.	0.	-0.80354	1.9294e-006
13285	0.94764	0.	-0.79849	1.9628e-006
13286	0.94179	0.	-0.86994	1.2224e-006
13289	1.	0.	-0.71896	2.9787e-006
13290	0.94764	0.	-0.7562	2.4227e-006
13293	1.	0.	-0.63437	4.0507e-006
13294	0.94766	0.	-0.63179	4.1588e-006
13295	0.94764	0.	-0.71391	3.012e-006
13299	1.	0.	-0.54979	5.097e-006
13300	0.94766	0.	-0.5895	4.6416e-006
13302	1.	0.	-0.46521	6.4539e-006
13303	0.94766	0.	-0.54721	5.2051e-006
13304	0.94049	0.	-0.48682	6.2237e-006
13307	1.	0.	-0.38063	7.8659e-006
13308	0.95086	0.	-0.38109	8.1426e-006
13309	0.94049	0.	-0.44453	7.0171e-006
13311	1.	0.	-0.29604	9.2368e-006
13312	0.95086	0.	-0.3388	8.7611e-006
13315	1.	0.	-0.21146	1.064e-005
13316	0.93002	0.	-0.23292	1.0754e-005
13317	0.95086	0.	-0.29651	9.5135e-006
13319	1.	0.	-0.12687	1.1731e-005
13320	0.93002	0.	-0.19062	1.1405e-005
13321	0.94739	0.	-0.13313	1.2451e-005
13326	0.95455	0.	-4.2292e-002	1.2645e-005
13327	0.94739	0.	-9.0842e-002	1.2891e-005
13395	-1.0348	0.	-1.015	3.6494e-007
13397	-1.08	0.	-0.97271	4.7112e-007
13399	-0.94435	0.	-1.015	4.4889e-007
13401	-1.0348	0.	-0.97271	5.1602e-007
13402	-0.99166	0.	-0.94892	7.9125e-007
13406	-0.85391	0.	-1.015	4.7472e-007
13407	-0.88678	0.	-0.96845	6.424e-007
13408	-0.94645	0.	-0.94892	8.3031e-007
13412	-0.76348	0.	-1.015	4.6004e-007
13413	-0.78986	0.	-0.93741	8.3354e-007
13414	-0.84157	0.	-0.96845	6.2918e-007
13419	-0.67304	0.	-1.015	3.8827e-007
13420	-0.66898	0.	-0.95663	5.8553e-007
13421	-0.74464	0.	-0.93741	8.3209e-007
13424	-0.58261	0.	-1.015	2.3884e-007
13425	-0.62376	0.	-0.95663	5.1522e-007
13430	-0.49217	0.	-1.015	7.6643e-008
13431	-0.57855	0.	-0.95663	4.361e-007
13432	-0.50662	0.	-0.94825	1.7842e-007
13436	-0.40174	0.	-1.015	-4.6936e-008
13437	-0.4614	0.	-0.94825	9.5347e-008
13438	-0.41834	0.	-0.97358	-1.1958e-007
13442	-0.3113	0.	-1.015	-2.6269e-007
13443	-0.37312	0.	-0.97358	-1.6008e-007
13445	-0.22087	0.	-1.015	-5.0746e-007
13446	-0.24156	0.	-0.94509	-9.1214e-007
13447	-0.3279	0.	-0.97358	-3.3534e-007
13451	-0.13043	0.	-1.015	-6.0876e-007
13452	-0.19634	0.	-0.94509	-9.8165e-007
13453	-0.12205	0.	-0.9583	-1.1825e-006
13456	-4.e-002	0.	-1.015	-7.4103e-007
13457	-7.683e-002	0.	-0.9583	-1.2143e-006
13459	5.0435e-002	0.	-1.015	-7.2402e-007
13460	5.3823e-002	0.	-0.9555	-1.3985e-006
13461	-3.1612e-002	0.	-0.9583	-1.3147e-006
13465	0.14087	0.	-1.015	-6.2289e-007
13466	9.904e-002	0.	-0.9555	-1.281e-006
13471	0.2313	0.	-1.015	-5.0815e-007
13472	0.14426	0.	-0.9555	-1.2974e-006
13473	0.19952	0.	-0.92149	-1.1064e-006
13476	0.32174	0.	-1.015	-2.2082e-007
13477	0.29468	0.	-0.94746	-4.0521e-007
13478	0.24474	0.	-0.92149	-9.7536e-007
13483	0.41217	0.	-1.015	7.4731e-008
13484	0.3399	0.	-0.94746	-2.4896e-007
13485	0.3936	0.	-0.95443	9.2842e-008
13489	0.50261	0.	-1.015	2.4262e-007
13490	0.49317	0.	-0.93443	7.1798e-007
13491	0.43882	0.	-0.95443	2.3215e-007
13494	0.59304	0.	-1.015	2.9307e-007
13495	0.53839	0.	-0.93443	7.4657e-007
13496	0.59878	0.	-0.94935	5.6658e-007
13501	0.68348	0.	-1.015	3.6359e-007
13502	0.644	0.	-0.94935	5.8845e-007
13504	0.77391	0.	-1.015	3.6451e-007
13505	0.68922	0.	-0.94935	6.371e-007
13506	0.74977	0.	-0.97022	5.5276e-007
13510	0.86435	0.	-1.015	3.2898e-007
13511	0.85135	0.	-0.95452	6.4603e-007
13512	0.79498	0.	-0.97022	5.0502e-007
13514	0.89657	0.	-0.95452	6.5824e-007
13545	-1.08	0.	-4.2292e-002	1.2046e-005
13547	-1.0345	0.	0.	1.2486e-005
13549	-1.08	0.	-0.12687	1.1691e-005
13551	-1.0345	0.	-4.2292e-002	1.2473e-005
13552	-1.0328	0.	-9.5309e-002	1.2514e-005
13555	-1.08	0.	-0.21146	1.0667e-005
13556	-1.0376	0.	-0.20784	1.1008e-005
13557	-1.0328	0.	-0.1376	1.2173e-005
13561	-1.08	0.	-0.29604	9.4651e-006
13562	-1.0376	0.	-0.25013	1.0325e-005
13565	-1.08	0.	-0.38063	8.2408e-006
13566	-1.0376	0.	-0.29243	9.8064e-006
13567	-1.035	0.	-0.35859	8.7405e-006
13569	-1.08	0.	-0.46521	6.581e-006
13570	-1.035	0.	-0.40089	8.0343e-006
13571	-1.0346	0.	-0.4626	6.7559e-006
13575	-1.08	0.	-0.54979	4.975e-006
13576	-1.0346	0.	-0.5049	5.8023e-006
13579	-1.08	0.	-0.63437	3.8683e-006
13580	-0.99795	0.	-0.6238	4.1044e-006
13581	-1.039	0.	-0.65023	3.5794e-006
13582	-1.0346	0.	-0.54719	5.1499e-006
13584	-1.08	0.	-0.71896	2.8096e-006
13585	-1.039	0.	-0.69253	3.125e-006
13588	-1.08	0.	-0.80354	1.9277e-006
13589	-1.0369	0.	-0.82204	1.6889e-006
13590	-1.039	0.	-0.73482	2.5207e-006
13593	-1.08	0.	-0.88813	1.1362e-006
13594	-1.0369	0.	-0.86434	1.4115e-006
13598	-1.0369	0.	-0.90663	8.9743e-007
13645	0.86364	0.	0.	1.4325e-005
13648	0.90194	0.	-4.855e-002	1.3365e-005
13654	0.77273	0.	0.	1.7823e-005
13657	0.85648	0.	-4.855e-002	1.4571e-005
13658	0.79979	0.	-5.8385e-002	1.5306e-005
13661	0.68182	0.	0.	2.504e-005
13664	0.69199	0.	-6.0979e-002	2.4162e-005
13665	0.75434	0.	-5.8385e-002	1.7599e-005
13671	0.59091	0.	0.	3.9607e-005
13674	0.64653	0.	-6.0979e-002	2.9087e-005
13677	0.5	0.	0.	6.1083e-005
13680	0.5284	0.	-8.2053e-002	4.6098e-005
13681	0.60108	0.	-6.0979e-002	3.8728e-005
13687	0.40909	0.	0.	1.13e-004
13690	0.42206	0.	-6.7841e-002	7.7516e-005
13691	0.48294	0.	-8.2053e-002	5.7933e-005
13695	0.31818	0.	0.	2.6256e-004
13697	0.37661	0.	-6.7841e-002	1.1759e-004
13698	0.31459	0.	-5.1248e-002	1.9187e-004
13703	0.22727	0.	0.	7.4034e-004
13707	0.26913	0.	-5.1248e-002	3.0136e-004
13713	0.13636	0.	0.	3.603e-003
13716	0.17091	0.	-6.3931e-002	7.7557e-004
13717	0.22368	0.	-5.1248e-002	6.6965e-004
13718	0.13423	0.	-4.9395e-002	1.0418e-003
13725	6.8182e-002	0.	0.	1.4605e-002
13728	6.5737e-002	0.	-2.9558e-002	4.8079e-003
13729	8.8771e-002	0.	-4.9395e-002	3.5362e-003
13736	-0.21636	0.	0.	3.1901e-003
13737	-0.14818	0.	0.	1.2458e-002
13740	-0.14947	0.	-2.4235e-002	5.6198e-003
13741	-0.17942	0.	-3.5842e-002	3.5438e-003
13748	-0.30727	0.	0.	4.9505e-004
13751	-0.25584	0.	-5.9075e-002	5.6295e-004
13752	-0.31199	0.	-5.0216e-002	5.1118e-004
13753	-0.22488	0.	-3.5842e-002	1.1287e-003
13758	-0.39818	0.	0.	1.6868e-004
13761	-0.35745	0.	-5.0216e-002	2.3123e-004
13766	-0.48909	0.	0.	1.0192e-004
13768	-0.48179	0.	-8.4583e-002	9.3224e-005
13769	-0.4029	0.	-5.0216e-002	1.8481e-004
13770	-0.49914	0.	-3.0891e-002	9.3645e-005
13774	-0.58	0.	0.	6.3917e-005
13777	-0.54459	0.	-3.0891e-002	7.3295e-005
13782	-0.67091	0.	0.	3.7793e-005
13785	-0.63752	0.	-6.9871e-002	4.0153e-005
13786	-0.59004	0.	-3.0891e-002	5.564e-005
13787	-0.68416	0.	-4.1375e-002	3.5403e-005
13792	-0.76182	0.	0.	2.6004e-005
13794	-0.72961	0.	-4.1375e-002	2.6935e-005
13796	-0.85273	0.	0.	1.9061e-005
13799	-0.83915	0.	-6.7969e-002	1.9168e-005
13800	-0.77507	0.	-4.1375e-002	2.3613e-005
13803	-0.94364	0.	0.	1.4176e-005
13806	-0.8846	0.	-6.7969e-002	1.5546e-005
13807	-0.94188	0.	-5.3017e-002	1.4217e-005
13815	-0.98734	0.	-5.3017e-002	1.2954e-005
14383	-3.e-002	0.	-1.5e-002	-5.8204e-002
14384	-5.e-002	0.	-1.5e-002	-5.0528e-002
14387	-4.1449e-002	0.	-2.8889e-002	-4.4424e-002
14390	-1.6446e-002	0.	-2.6612e-002	-4.1466e-002
14391	-3.1449e-002	0.	-2.8889e-002	-4.9957e-002
14396	-5.1449e-002	0.	-2.8889e-002	-4.2281e-002
14397	-7.4024e-002	0.	-2.1572e-002	-1.7392e-002
14431	3.4091e-002	0.	0.	0.11467
14433	4.301e-002	0.	-2.9558e-002	1.3316e-002
14434	3.0298e-002	0.	-1.8967e-002	1.8384e-002
14441	1.8935e-002	0.	-1.8967e-002	0.10994
14445	-0.11409	0.	0.	0.10125
14448	-0.12674	0.	-2.4235e-002	1.2473e-002
14449	-0.10675	0.	-1.4072e-002	1.6456e-002
14456	-9.5388e-002	0.	-1.4072e-002	9.8396e-002
15318	-2.6715e-002	0.	-0.50492	-2.9119e-005
15319	-2.6505e-002	0.	-0.54778	-2.2467e-005
15320	7.638e-002	0.	-0.51068	-2.4642e-005
15321	3.0597e-002	0.	-0.56548	-2.0339e-005
15322	2.6194e-002	0.	-0.48164	-3.4936e-005
15324	-6.2105e-002	0.	-0.3474	-8.0717e-005
15325	6.4489e-002	0.	-0.37014	-5.9527e-005
15326	-3.9096e-002	0.	-0.3062	-1.3112e-004
15327	5.4044e-002	0.	-0.32036	-7.0634e-005
15328	7.441e-003	0.	-0.29441	-1.6981e-004
15329	1.9595e-002	0.	-0.39538	-6.4918e-005
15330	-2.25e-002	0.	-0.38139	-6.7776e-005
15335	0.51235	0.	-0.42604	1.5658e-005
15336	0.45427	0.	-0.56211	4.9344e-006
15337	0.5279	0.	-0.59521	5.3688e-006
15338	0.45185	0.	-0.4859	8.3501e-006
15339	0.57879	0.	-0.47359	8.8038e-006
15340	0.58601	0.	-0.5494	6.3941e-006
15345	-0.50744	0.	-0.42789	1.6002e-005
15346	-0.57248	0.	-0.56274	6.6364e-006
15347	-0.45329	0.	-0.46656	8.2662e-006
15348	-0.57507	0.	-0.48479	9.7911e-006
15349	-0.51122	0.	-0.5611	5.9574e-006
15350	-0.46017	0.	-0.52061	5.1861e-006
15355	-5.3474e-002	0.	-0.15959	-1.1778e-003
15356	-8.6845e-002	0.	-0.18906	-3.9374e-004
15357	-1.0081e-002	0.	-0.16709	-6.6104e-004
15358	-6.3903e-002	0.	-0.22733	-3.4043e-004
15359	-1.7366e-002	0.	-0.21553	-3.7912e-004
15363	-0.1958	0.	-0.3547	-4.1515e-005
15364	-0.32834	0.	-0.39585	-4.0723e-007
15365	-0.22283	0.	-0.31675	-2.4496e-005
15366	-0.21389	0.	-0.39969	-1.7821e-005
15367	-0.27588	0.	-0.41958	-6.4622e-006
15368	-0.27685	0.	-0.31497	1.4632e-005
15369	-0.31967	0.	-0.34804	7.306e-006
15372	-0.72924	0.	-0.36099	1.5042e-005
15373	-0.828	0.	-0.36444	1.091e-005
15374	-0.71172	0.	-0.44406	1.0365e-005
15375	-0.77699	0.	-0.49693	8.168e-006
15376	-0.77916	0.	-0.31976	1.4238e-005
15377	-0.88765	0.	-0.40089	9.1568e-006
15378	-0.82699	0.	-0.47206	8.0554e-006
15383	-0.14607	0.	-0.69975	-7.4114e-006
15384	-5.4082e-002	0.	-0.75404	-5.3948e-006
15385	-0.18801	0.	-0.75032	-4.4322e-006
15386	-0.17131	0.	-0.81622	-3.4587e-006
15387	-9.7017e-002	0.	-0.82943	-3.6596e-006
15388	-9.5967e-002	0.	-0.7122	-7.5771e-006
15393	0.18684	0.	-0.41108	-1.4792e-005
15394	0.31485	0.	-0.44538	5.6893e-006
15395	0.19213	0.	-0.46535	-9.8902e-006
15396	0.23446	0.	-0.37709	9.797e-006
15397	0.29899	0.	-0.38725	1.3052e-005
15398	0.26065	0.	-0.47699	6.0453e-007
15403	0.21917	0.	-0.669	-4.2103e-006
15404	0.33189	0.	-0.66614	1.2429e-007
15405	0.29599	0.	-0.79961	-1.1907e-006
15406	0.34636	0.	-0.74416	-5.4185e-007
15407	0.21157	0.	-0.72795	-3.3016e-006
15408	0.24605	0.	-0.77364	-1.7608e-006
15409	0.27527	0.	-0.62154	-1.5447e-006
15412	-0.83829	0.	-0.67799	3.6357e-006
15413	-0.8341	0.	-0.76786	2.6643e-006
15414	-0.69678	0.	-0.66078	4.0135e-006
15415	-0.76463	0.	-0.6357	4.9708e-006
15416	-0.76585	0.	-0.78015	2.2955e-006
15417	-0.71376	0.	-0.73079	2.714e-006
15421	0.74102	0.	-0.31875	1.3297e-005
15422	0.811	0.	-0.29729	1.0711e-005
15423	0.69781	0.	-0.40922	9.9195e-006
15424	0.76196	0.	-0.44594	7.9384e-006
15425	0.83184	0.	-0.36088	9.4707e-006
15426	0.6862	0.	-0.34021	1.4119e-005
15427	0.82147	0.	-0.42432	8.3452e-006
15430	0.77141	0.	-0.73386	2.8218e-006
15431	0.71864	0.	-0.69478	3.2495e-006
15432	0.83254	0.	-0.61758	4.2617e-006
15433	0.70894	0.	-0.6179	4.4449e-006
15434	0.83252	0.	-0.6997	3.1149e-006
15435	0.76586	0.	-0.57881	4.8736e-006
15440	-0.38124	0.	-0.62313	-1.5558e-006
15441	-0.48746	0.	-0.70168	1.4039e-006
15442	-0.39322	0.	-0.68447	-2.2413e-007
15443	-0.43232	0.	-0.71342	4.0982e-007
15444	-0.47229	0.	-0.64037	2.007e-006
15445	-0.42124	0.	-0.59988	1.2358e-006
15450	-0.20849	0.	-0.69279	-6.3124e-006
15451	-0.18138	0.	-0.59359	-1.0764e-005
15452	-0.11898	0.	-0.60846	-1.3536e-005
15453	-0.11644	0.	-0.65468	-9.4574e-006
15454	-0.22155	0.	-0.64491	-6.543e-006
15459	-0.59653	0.	-0.23411	4.224e-005
15460	-0.51138	0.	-0.26029	4.3774e-005
15461	-0.58477	0.	-0.15445	4.911e-005
15462	-0.45944	0.	-0.2033	6.45e-005
15463	-0.44106	0.	-0.1348	1.5577e-004
15464	-0.53729	0.	-0.11547	6.4597e-005
15472	0.50607	0.	-0.25247	3.3296e-005
15473	0.44029	0.	-0.40069	1.6336e-005
15474	0.56723	0.	-0.38839	1.679e-005
15475	0.55562	0.	-0.31938	2.099e-005
15476	0.45583	0.	-0.29212	3.8253e-005
15477	0.42443	0.	-0.34256	2.3699e-005
15481	-9.5923e-002	0.	-0.15806	-1.0658e-003
15482	-4.0767e-002	0.	-0.10148	-4.2277e-003
15483	-6.814e-002	0.	-0.10024	-3.9666e-003
15484	-1.9158e-002	0.	-0.13609	-1.3331e-003
15485	-9.5014e-002	0.	-0.11849	-7.3036e-004
15489	0.53042	0.	-0.76652	2.1437e-006
15490	0.59823	0.	-0.79759	1.9736e-006
15491	0.47127	0.	-0.81144	1.0431e-006
15492	0.58935	0.	-0.86878	1.0419e-006
15493	0.4746	0.	-0.87386	7.3609e-007
15499	0.24551	0.	-0.22697	6.6603e-005
15500	0.34706	0.	-0.18389	7.8586e-005
15501	0.28504	0.	-0.1673	1.5286e-004
15502	0.3577	0.	-0.23775	6.3959e-005
15503	0.26177	0.	-0.27804	4.6151e-005
15504	0.3263	0.	-0.2882	4.9406e-005
15508	0.17324	0.	-0.17485	2.5033e-004
15509	0.13889	0.	-0.20719	3.1681e-005
15510	0.22601	0.	-0.16216	1.4441e-004
15511	0.14468	0.	-0.25711	1.9985e-006
15512	0.20274	0.	-0.2729	3.7696e-005
15517	-0.12838	0.	-0.14796	5.3681e-005
15518	-0.15639	0.	-0.22904	-1.61e-004
15519	-0.10635	0.	-0.2258	-2.2843e-004
15520	-0.17512	0.	-0.19202	-8.8447e-005
15521	-0.15475	0.	-0.16469	6.6686e-005
15526	-0.87082	0.	-0.22095	1.3847e-005
15527	-0.82198	0.	-0.17627	1.7174e-005
15528	-0.93311	0.	-0.19123	1.3159e-005
15529	-0.9283	0.	-0.12099	1.4324e-005
15530	-0.80694	0.	-0.10934	2.0099e-005
15536	5.9928e-002	0.	-0.8234	-3.607e-006
15537	-2.5507e-002	0.	-0.8262	-3.5232e-006
15538	8.0707e-002	0.	-0.7437	-4.9568e-006
15539	3.0103e-002	0.	-0.68045	-9.3917e-006
15540	-2.4457e-002	0.	-0.70897	-7.4408e-006
15545	0.79007	0.	-0.23354	1.4105e-005
15546	0.6884	0.	-0.18848	2.245e-005
15547	0.66527	0.	-0.27646	1.7513e-005
15548	0.75075	0.	-0.18589	1.5887e-005
15552	-0.13403	0.	-0.51697	-2.1661e-005
15553	-7.1634e-002	0.	-0.53183	-2.4433e-005
15554	-0.11872	0.	-0.4627	-2.9005e-005
15555	-1.8936e-002	0.	-0.4657	-3.6901e-005
15556	-6.1031e-002	0.	-0.4517	-3.9759e-005
15560	-4.6356e-002	0.	-7.314e-002	-6.3445e-003
15561	2.6267e-003	0.	-0.10899	-3.711e-003
15562	1.0791e-002	0.	-6.6749e-002	-1.5436e-003
15563	-1.5937e-002	0.	-5.6303e-002	-1.29e-002
15564	-1.9201e-003	0.	-5.6158e-002	3.5245e-003
15565	-3.0941e-002	0.	-5.858e-002	-2.1392e-002
15570	-0.35048	0.	-0.21197	1.176e-004
15571	-0.27596	0.	-0.15233	2.6063e-004
15572	-0.33211	0.	-0.14347	2.0887e-004
15573	-0.29679	0.	-0.22675	1.0418e-004
15574	-0.2615	0.	-0.1915	1.3761e-004
15578	-0.29979	0.	-0.78603	-2.0935e-006
15579	-0.28309	0.	-0.85194	-1.1201e-006
15580	-0.41249	0.	-0.85511	-3.2833e-007
15581	-0.35067	0.	-0.76736	-1.0162e-006
15582	-0.38978	0.	-0.79631	-3.8229e-007
15583	-0.36943	0.	-0.88043	-5.4326e-007
15587	-0.26224	0.	-0.56415	-8.0391e-006
15588	-0.30892	0.	-0.52978	-4.0254e-006
15589	-0.34023	0.	-0.64467	-2.5103e-006
15590	-0.30241	0.	-0.61547	-3.8182e-006
15591	-0.36826	0.	-0.56009	-1.0504e-006
15595	0.72028	0.	-0.78039	2.2976e-006
15596	0.83416	0.	-0.78531	2.163e-006
15597	0.71139	0.	-0.85158	1.3659e-006
15598	0.82831	0.	-0.85676	1.4226e-006
15599	0.77194	0.	-0.87246	1.2816e-006
15604	-0.1006	0.	-9.0147e-002	-2.8472e-003
15605	-0.10088	0.	-6.0184e-002	-2.2456e-004
15606	-5.8314e-002	0.	-5.7338e-002	-2.113e-002
15607	-8.0889e-002	0.	-5.0022e-002	3.7585e-003
15615	-0.58796	0.	-0.32523	2.1839e-005
15616	-0.65559	0.	-0.38214	1.5628e-005
15617	-0.66135	0.	-0.2194	2.7174e-005
15618	-0.72303	0.	-0.25783	1.95e-005
15622	-0.54777	0.	-0.88989	4.548e-007
15623	-0.5802	0.	-0.81935	1.3949e-006
15624	-0.69536	0.	-0.87905	9.5903e-007
15625	-0.64328	0.	-0.82969	1.3775e-006
15629	-0.91171	0.	-0.74539	2.9146e-006
15630	-0.84225	0.	-0.61323	5.2212e-006
15631	-0.95693	0.	-0.68195	3.3611e-006
15632	-0.95258	0.	-0.57891	4.9316e-006
15633	-0.89226	0.	-0.58836	5.1086e-006
15638	-0.83927	0.	-0.84754	1.5744e-006
15639	-0.89098	0.	-0.87858	1.37e-006
15640	-0.95064	0.	-0.85905	1.5579e-006
15641	-0.95274	0.	-0.77182	2.3897e-006
15646	-0.44866	0.	-0.39008	1.5637e-005
15647	-0.57043	0.	-0.40831	1.7162e-005
15648	-0.45086	0.	-0.29442	4.4099e-005
15649	-0.43998	0.	-0.34226	2.3351e-005
15654	0.12565	0.	-0.16021	2.2386e-004
15655	0.21277	0.	-0.11518	3.3659e-004
15656	0.12332	0.	-0.11333	7.0875e-004
15661	-0.63547	0.	-0.54315	7.7963e-006
15662	-0.70074	0.	-0.59601	5.5989e-006
15663	-0.5868	0.	-0.68076	3.3595e-006
15664	-0.64987	0.	-0.69111	3.3421e-006
15665	-0.57162	0.	-0.61946	3.9626e-006
15668	0.45046	0.	-0.14989	6.2531e-005
15669	0.32756	0.	-0.11909	1.5639e-004
15670	0.40022	0.	-0.18954	6.7488e-005
15675	-0.15646	0.	-0.3085	-5.7296e-005
15676	-0.10642	0.	-0.30526	-1.2472e-004
15677	-0.14751	0.	-0.39144	-5.062e-005
15678	-8.9822e-002	0.	-0.38045	-6.1374e-005
15682	0.15159	0.	-0.67765	-5.5638e-006
15683	0.14677	0.	-0.5596	-1.4302e-005
15684	0.10098	0.	-0.6144	-9.9987e-006
15685	0.21529	0.	-0.57124	-3.807e-006
15687	0.58402	0.	-0.14303	3.5578e-005
15688	0.56089	0.	-0.23101	3.0641e-005
15689	0.4611	0.	-0.20375	4.7904e-005
15693	0.45825	0.	-0.64607	2.6311e-006
15694	0.3822	0.	-0.53676	5.6124e-006
15695	0.3991	0.	-0.69099	1.5305e-006
15696	0.328	0.	-0.56837	5.2764e-007
15701	0.5997	0.	-0.71024	2.8954e-006
15702	0.47273	0.	-0.72409	1.9649e-006
15703	0.59	0.	-0.63336	4.0908e-006
15707	0.12905	0.	-0.44622	-2.7033e-005
15708	0.11332	0.	-0.34216	-4.3043e-005
15709	0.17138	0.	-0.35796	-7.3459e-006
15710	7.8867e-002	0.	-0.41718	-3.7327e-005
15713	5.7767e-002	0.	-0.16807	-4.0556e-004
15714	9.7085e-002	0.	-0.24247	-2.4469e-005
15715	5.0482e-002	0.	-0.21651	-1.2364e-004
15716	8.8966e-002	0.	-0.14567	4.901e-004
15719	1.6993e-002	0.	-0.8988	-1.8717e-006
15720	0.12321	0.	-0.8163	-3.3053e-006
15721	0.15769	0.	-0.86199	-1.7646e-006
15725	3.2401e-002	0.	-0.10135	1.351e-003
15726	1.695e-002	0.	-0.19203	-5.3441e-004
15727	5.5434e-002	0.	-0.12119	7.933e-005
15733	-0.23373	0.	-0.80927	-2.3598e-006
15734	-0.30132	0.	-0.72468	-2.2559e-006
15735	-0.2635	0.	-0.69548	-3.5638e-006
15740	-0.34205	0.	-0.45248	1.8462e-006
15741	-0.38583	0.	-0.38093	1.5614e-005
15742	-0.40138	0.	-0.48279	4.8211e-006
15746	-0.82178	0.	-0.26129	1.5368e-005
15747	-0.93291	0.	-0.27624	1.1353e-005
15748	-0.93028	0.	-0.34241	1.0287e-005
15754	-0.70333	0.	-0.51807	8.7536e-006
15758	0.36321	0.	-0.82446	2.155e-007
15759	0.26289	0.	-0.85395	-1.0035e-006
15760	0.36654	0.	-0.88688	-9.1545e-008
15765	-0.13382	0.	-0.55983	-1.5009e-005
15766	-0.18091	0.	-0.4907	-1.9581e-005
15767	-0.2429	0.	-0.51059	-8.2225e-006
15768	-0.23639	0.	-0.59629	-8.0153e-006
15772	0.88089	0.	-0.27567	1.0278e-005
15773	0.87742	0.	-0.15459	1.2565e-005
15774	0.82072	0.	-0.16443	1.33e-005
15778	-0.14274	0.	-0.88838	-1.5872e-006
15779	-0.30337	0.	-0.90366	-8.0953e-007
15784	-0.8186	0.	-0.54607	6.4437e-006
15789	2.7854e-002	0.	-4.8525e-002	8.5865e-003
15790	6.3599e-002	0.	-7.8953e-002	2.2467e-003
15795	0.65781	0.	-0.66443	3.9207e-006
15796	0.65862	0.	-0.8125	1.7936e-006
15799	-0.71126	0.	-0.17817	2.637e-005
15800	-0.60211	0.	-0.10076	4.9531e-005
15801	-0.69622	0.	-0.11125	2.9294e-005
15806	0.36392	0.	-0.40242	1.6391e-005
15807	0.32558	0.	-0.49217	3.9434e-006
15811	-0.50828	0.	-0.81097	1.1372e-006
15812	-0.45313	0.	-0.82271	1.4317e-007
15813	-0.43278	0.	-0.90683	-1.7798e-008
15817	-0.38055	0.	-0.16893	1.5609e-004
15818	-0.34523	0.	-0.25221	5.1401e-005
15819	-0.38804	0.	-0.28528	4.4076e-005
15826	0.41691	0.	-0.83143	5.573e-007
15830	-0.12775	0.	-7.8432e-002	3.0117e-003
15831	-0.15771	0.	-9.0039e-002	9.3573e-004
15832	-0.15385	0.	-0.12512	4.021e-004
15836	-0.15798	0.	-6.0077e-002	3.5584e-003
15837	-0.10804	0.	-3.8307e-002	9.6174e-003
15845	0.89529	0.	-0.66903	3.6029e-006
15846	0.82864	0.	-0.54814	5.3615e-006
15847	0.88815	0.	-0.52653	5.7683e-006
15851	-1.4322e-002	0.	-0.5924	-1.5653e-005
15852	-6.8883e-002	0.	-0.62091	-1.3702e-005
15856	9.3382e-002	0.	-0.67335	-9.09e-006
15857	0.17847	0.	-0.78229	-3.1144e-006
15863	-0.13345	0.	-0.2673	-1.077e-004
15864	-0.23751	0.	-0.26877	-1.1491e-006
15865	-0.20222	0.	-0.23352	3.228e-005
15870	0.64089	0.	-0.51174	7.5258e-006
15871	0.69781	0.	-0.47266	7.9544e-006
15872	0.62205	0.	-0.36693	1.4135e-005
15878	8.8562e-002	0.	-0.5553	-1.7828e-005
15879	8.4159e-002	0.	-0.47146	-3.2424e-005
15880	0.20287	0.	-0.51214	-1.1636e-005
15885	0.70504	0.	-0.54846	5.5447e-006
15887	-0.48557	0.	-0.75217	1.0833e-006
15888	-0.60378	0.	-0.75078	2.0599e-006
15889	-0.52554	0.	-0.67913	2.6805e-006
15894	-3.6872e-002	0.	-0.25227	-2.1381e-004
15898	0.63357	0.	-0.20994	2.3271e-005
15899	0.71905	0.	-0.11936	2.1645e-005
15904	-0.82273	0.	-0.89086	1.0012e-006
15905	-0.71894	0.	-0.81047	1.6241e-006
15909	0.88942	0.	-0.82259	1.7157e-006
15914	-0.7579	0.	-0.14968	2.162e-005
15918	0.71029	0.	-0.90457	7.7761e-007
15924	0.82147	0.	-0.48776	6.3801e-006
15929	-1.1781e-002	0.	-0.63862	-1.1574e-005
15933	-0.30602	0.	-0.10929	2.9912e-004
15934	-0.2189	0.	-9.4917e-002	9.1663e-004
15935	-0.23541	0.	-0.15733	2.2786e-004
15936	-0.21504	0.	-0.13	3.8299e-004
15940	0.89135	0.	-0.4027	7.9123e-006
15945	5.6268e-002	0.	-0.26643	-1.5332e-004
15946	0.16093	0.	-0.30818	-1.8454e-005
15950	0.82721	0.	-0.90974	8.3428e-007
15956	-0.2276	0.	-0.45632	-1.5567e-005
15957	-0.10791	0.	-0.42543	-3.768e-005
15967	0.37946	0.	-0.29385	3.8308e-005
15975	1.1253e-003	0.	-3.8079e-002	-2.7704e-003
15976	-2.7895e-002	0.	-4.0501e-002	-2.7686e-002
15985	-0.99039	0.	-0.17628	1.1831e-005
15986	-0.99256	0.	-0.31269	9.5999e-006
15995	-0.34892	0.	-0.50653	-1.2338e-006
16005	0.28353	0.	-0.33413	2.0499e-005
16020	0.83809	0.	-0.10694	1.4347e-005
16025	-0.33434	0.	-0.30005	3.0653e-005
16026	-0.25624	0.	-0.23174	7.1408e-005
16032	-8.1217e-003	0.	-0.42843	-4.5576e-005
16037	-0.31438	0.	-0.67681	-2.4865e-006
16038	-0.39132	0.	-0.73496	-5.4473e-007
16045	-0.9341	0.	-0.90237	9.8476e-007
16049	-0.99586	0.	-0.79561	2.0044e-006
16058	-0.98959	0.	-0.44057	7.2556e-006
16059	-0.92927	0.	-0.45003	7.4326e-006
16063	-0.92892	0.	-0.51175	6.1542e-006
16079	-6.5473e-002	0.	-3.5461e-002	-1.1288e-002
16085	-0.18408	0.	-0.10677	9.4874e-004
16109	-0.45931	0.	-0.57733	2.5124e-006
16113	-0.20058	0.	-0.16918	2.5997e-004
11162	0.	0.	1.e-002	0.41578
11163	0.	0.	0.	0.58901
11166	-8.e-002	0.	1.e-002	0.3371
11167	-8.e-002	0.	0.	0.56756
11175	-8.e-002	0.	1.5e-002	8.1316e-002
11177	0.	0.	1.5e-002	5.3129e-002
11255	1.	0.	0.	1.2381e-005
11305	-1.08	0.	0.	1.2148e-005
11322	0.90909	0.	0.	1.3509e-005
11323	0.81818	0.	0.	1.5661e-005
11324	0.72727	0.	0.	2.1829e-005
11325	0.63636	0.	0.	2.8517e-005
11326	0.54545	0.	0.	5.239e-005
11327	0.45455	0.	0.	7.83e-005
11328	0.36364	0.	0.	1.6513e-004
11329	0.27273	0.	0.	3.2964e-004
11330	0.18182	0.	0.	1.3372e-003
11331	9.0909e-002	0.	0.	5.4055e-003
11332	-0.17091	0.	0.	4.7684e-003
11333	-0.26182	0.	0.	6.6953e-004
11334	-0.35273	0.	0.	2.4321e-004
11335	-0.44364	0.	0.	1.4459e-004
11336	-0.53455	0.	0.	9.3335e-005
11337	-0.62545	0.	0.	4.4045e-005
11338	-0.71636	0.	0.	2.9726e-005
11339	-0.80727	0.	0.	2.3213e-005
11340	-0.89818	0.	0.	1.5259e-005
11341	-0.98909	0.	0.	1.2618e-005
11388	-1.08	0.	1.015	2.9488e-007
11389	-1.08	0.	0.93042	6.1917e-007
11390	-1.08	0.	0.84583	1.3841e-006
11391	-1.08	0.	0.76125	2.321e-006
11392	-1.08	0.	0.67667	3.5512e-006
11393	-1.08	0.	0.59208	4.426e-006
11394	-1.08	0.	0.5075	5.7072e-006
11395	-1.08	0.	0.42292	7.4435e-006
11396	-1.08	0.	0.33833	8.6605e-006
11397	-1.08	0.	0.25375	1.0434e-005
11398	-1.08	0.	0.16917	1.0959e-005
11399	-1.08	0.	8.4583e-002	1.201e-005
11405	1.	0.	1.015	2.7499e-007
11406	0.90957	0.	1.015	3.3053e-007
11407	0.81913	0.	1.015	4.3445e-007
11408	0.7287	0.	1.015	4.6336e-007
11409	0.63826	0.	1.015	2.441e-007
11410	0.54783	0.	1.015	2.4988e-007
11411	0.45739	0.	1.015	2.5375e-007
11412	0.36696	0.	1.015	5.9429e-009
11413	0.27652	0.	1.015	-1.4654e-007
11414	0.18609	0.	1.015	-5.329e-007
11415	9.5652e-002	0.	1.015	-5.9854e-007
11416	5.2174e-003	0.	1.015	-8.552e-007
11417	-8.5217e-002	0.	1.015	-1.3537e-006
11418	-0.17565	0.	1.015	-7.0886e-007
11419	-0.26609	0.	1.015	-3.4744e-007
11420	-0.35652	0.	1.015	-2.4452e-007
11421	-0.44696	0.	1.015	-6.7507e-008
11422	-0.53739	0.	1.015	1.8327e-007
11423	-0.62783	0.	1.015	2.2083e-007
11424	-0.71826	0.	1.015	3.1346e-007
11425	-0.8087	0.	1.015	4.2826e-007
11426	-0.89913	0.	1.015	4.5332e-007
11427	-0.98957	0.	1.015	4.0899e-007
11433	1.	0.	8.4583e-002	1.2204e-005
11434	1.	0.	0.16917	1.1516e-005
11435	1.	0.	0.25375	1.0302e-005
11436	1.	0.	0.33833	8.6862e-006
11437	1.	0.	0.42292	7.8148e-006
11438	1.	0.	0.5075	5.9617e-006
11439	1.	0.	0.59208	4.522e-006
11440	1.	0.	0.67667	3.6364e-006
11441	1.	0.	0.76125	2.5435e-006
11442	1.	0.	0.84583	1.4007e-006
11443	1.	0.	0.93042	5.5485e-007
11450	-4.e-002	0.	1.5e-002	-9.1333e-002
11451	-6.e-002	0.	1.5e-002	-6.9655e-002
11452	-2.e-002	0.	1.5e-002	-7.013e-002
11459	4.5455e-002	0.	0.	2.0449e-002
11460	2.2727e-002	0.	0.	0.21067
11461	-0.12545	0.	0.	2.2588e-002
11462	-0.10273	0.	0.	0.14235
11469	4.7815e-002	0.	0.53316	-2.1604e-005
11470	-1.9173e-002	0.	0.36155	-8.4262e-005
11471	0.52391	0.	0.51125	8.185e-006
11472	-0.48955	0.	0.52654	5.977e-006
11473	-5.4666e-003	0.	0.1914	-5.5563e-004
11474	-0.29199	0.	0.3597	1.4454e-006
11475	-0.78538	0.	0.59208	4.9124e-006
11476	-0.10926	0.	0.75355	-5.6711e-006
11477	0.26858	0.	0.42148	8.1749e-006
11478	0.25941	0.	0.73986	-1.8894e-006
11479	-0.7425	0.	0.32888	1.4455e-005
11480	0.76019	0.	0.36997	1.1634e-005
11481	0.783	0.	0.6221	4.1462e-006
11482	-0.50747	0.	0.32031	3.5451e-005
11483	-0.43554	0.	0.643	1.3952e-006
11484	-0.20378	0.	0.50234	-1.9607e-005
11485	0.47767	0.	0.17042	5.3413e-005
11486	-7.0948e-002	0.	7.2292e-002	-7.9399e-003
11487	-3.0204e-002	0.	0.12892	-1.8239e-003
11488	0.50278	0.	0.66031	4.2099e-006
11489	0.21232	0.	0.13121	3.078e-004
11490	-0.71854	0.	0.73247	2.6834e-006
11491	0.13236	0.	0.74779	-4.1254e-006
11492	-0.17396	0.	0.18629	-6.4752e-005
11493	0.67823	0.	0.1275	2.3039e-005
11494	0.65925	0.	0.84289	1.2024e-006
11495	-0.35605	0.	0.84583	-9.546e-007
11496	-0.89452	0.	0.78005	2.2392e-006
11497	-0.31397	0.	0.71292	-2.4293e-006
11498	-1.2464e-002	0.	7.0556e-002	-4.0993e-003
11499	0.10228	0.	9.2901e-002	1.2455e-003
11500	0.16196	0.	0.34495	-1.6664e-005
11501	-0.89624	0.	0.36389	1.012e-005
11502	-0.91112	0.	0.21637	1.3025e-005
11503	0.37911	0.	0.31418	3.3968e-005
11504	0.61981	0.	0.27646	2.1588e-005
11505	-0.33036	0.	9.9798e-002	2.7475e-004
11506	0.37003	0.	0.88023	9.3008e-009
11507	-0.48531	0.	0.87903	3.1361e-007
11508	0.87095	0.	0.21361	1.1656e-005
11509	-0.12851	0.	0.29012	-1.0751e-004
11510	-0.56646	0.	0.16016	5.4654e-005
11511	-0.63274	0.	0.4077	1.2776e-005
11512	-0.14295	0.	0.62728	-9.8799e-006
11513	0.15918	0.	0.6187	-7.7134e-006
11514	0.39715	0.	0.58225	4.279e-006
11515	-0.6069	0.	0.63524	3.7293e-006
11516	-3.0652e-002	0.	0.64	-1.0833e-005
11517	-0.31413	0.	0.58127	-5.4339e-006
11518	0.53788	0.	0.88699	7.8907e-007
11519	7.185e-002	0.	0.89549	-1.8494e-006
11520	-0.1036	0.	0.41653	-5.7669e-005
11521	-0.39317	0.	0.43441	7.1084e-006
11522	0.88042	0.	0.80385	1.8638e-006
11523	-0.76812	0.	0.44406	8.7312e-006
11524	-0.71622	0.	0.86251	9.2966e-007
11525	0.21928	0.	0.87225	-1.2037e-006
11526	0.33452	0.	0.15282	1.2978e-004
11527	-0.72686	0.	0.10565	2.5744e-005
11528	0.38723	0.	0.45943	9.4851e-006
11529	-0.40571	0.	0.20842	8.947e-005
11530	-0.12154	0.	0.12361	-3.279e-004
11531	-7.8283e-002	0.	0.52791	-2.0628e-005
11532	0.89719	0.	0.57933	4.8818e-006
11533	1.7428e-002	0.	0.7508	-5.143e-006
11534	-0.22448	0.	0.81183	-3.1795e-006
11535	0.64041	0.	0.43031	1.1596e-005
11536	0.1562	0.	0.4724	-1.3919e-005
11537	0.64664	0.	0.59657	5.3143e-006
11538	-0.13427	0.	0.89838	-1.7946e-006
11539	-0.61228	0.	0.78944	1.4568e-006
11540	-0.13143	0.	5.6278e-002	3.9823e-003
11541	0.38032	0.	0.71056	6.3783e-007
11542	0.27924	0.	0.23279	8.6154e-005
11543	0.28911	0.	0.61792	-7.999e-007
11544	0.76196	0.	0.50937	8.0028e-006
11545	0.90302	0.	0.33615	9.2303e-006
11546	-0.91904	0.	0.65807	3.7782e-006
11547	-6.3099e-003	0.	0.26361	-1.7849e-004
11548	-0.83862	0.	0.90843	8.472e-007
11549	6.5936e-002	0.	0.41588	-3.7951e-005
11550	3.5709e-002	0.	3.8746e-002	1.1421e-002
11551	0.19074	0.	0.24968	3.6037e-005
11552	-0.6768	0.	0.51988	6.9151e-006
11553	0.72946	0.	0.23354	1.6812e-005
11554	-0.9827	0.	0.87143	1.3536e-006
11555	-0.40006	0.	0.33407	2.6998e-005
11556	-0.20998	0.	9.0974e-002	8.8056e-004
11557	-0.30245	0.	0.26953	3.5482e-005
11558	-4.098e-002	0.	0.84198	-2.8213e-006
11559	0.89619	0.	0.91064	9.8305e-007
11560	0.87817	0.	0.6943	3.3087e-006
11561	4.7423e-002	0.	0.15818	-1.3584e-004
11562	-0.43662	0.	9.0531e-002	1.376e-004
11563	-9.8853e-002	0.	3.3537e-002	1.6858e-002
11564	0.11625	0.	0.18633	1.1805e-004
11565	-1.7529e-002	0.	0.45478	-3.9466e-005
11566	-7.0007e-002	0.	3.4719e-002	-1.8675e-002
11567	0.53366	0.	0.34107	2.4023e-005
11568	-0.18384	0.	0.38056	-3.1564e-005
11569	6.4823e-002	0.	0.646	-9.1454e-006
11570	0.88706	0.	0.45421	6.9872e-006
11571	-7.0168e-003	0.	3.7939e-002	-6.9411e-003
11572	0.59339	0.	0.7524	2.001e-006
11573	-0.26355	0.	0.92236	-7.7972e-007
11574	0.23678	0.	0.53056	-8.5005e-007
11575	-4.0233e-002	0.	3.7764e-002	-4.9268e-002
11576	-8.3465e-002	0.	0.19254	-4.0921e-004
11577	-0.79556	0.	0.80113	1.803e-006
11578	-0.22074	0.	0.30616	-9.7817e-006
11579	-0.86025	0.	0.1083	1.7302e-005
11580	-0.9871	0.	0.14008	1.2552e-005
11581	-0.51236	0.	0.74065	5.554e-007
11582	0.58517	0.	0.13079	3.4453e-005
11583	-0.30116	0.	0.46268	-5.0827e-006
11584	-0.99772	0.	0.30661	9.5855e-006
11585	0.89147	0.	9.4997e-002	1.344e-005
11586	-0.98903	0.	0.49105	6.296e-006
11587	0.74638	0.	0.74	2.49e-006
11588	-0.82261	0.	0.71276	2.9951e-006
11589	-0.86822	0.	0.49288	7.1766e-006
11590	0.77617	0.	0.11141	1.7144e-005
11591	-0.61408	0.	0.92861	4.3473e-007
11592	6.317e-002	0.	0.32966	-6.2558e-005
11593	0.77043	0.	0.89255	1.2102e-006
11594	0.64817	0.	0.94253	5.5294e-007
11595	9.8662e-002	0.	0.2678	-7.0233e-005
11596	-0.49911	0.	0.41391	1.4633e-005
11597	-0.81281	0.	0.22654	1.5447e-005
11598	0.38608	0.	6.8308e-002	1.1306e-004
11599	-0.38564	0.	0.93258	-3.1927e-007
11600	-0.99978	0.	0.71543	3.0152e-006
11601	-0.38671	0.	0.52958	1.1254e-006
11602	0.47431	0.	0.78298	1.6065e-006
11603	-0.6967	0.	0.22731	2.6122e-005
11604	-0.20083	0.	0.71298	-5.4269e-006
11605	-0.27651	0.	0.18047	1.2696e-004
12689	0.	0.	5.e-003	0.50239
12691	0.	0.	1.25e-002	0.23445
12694	1.1364e-002	0.	5.e-003	0.31322
12701	1.1364e-002	0.	0.	0.39984
12715	-8.e-002	0.	5.e-003	0.45233
12717	-8.e-002	0.	1.25e-002	0.20921
12720	-9.1364e-002	0.	5.e-003	0.23973
12728	-9.1364e-002	0.	0.	0.35495
12781	-7.e-002	0.	1.5e-002	5.8305e-003
12782	-9.1364e-002	0.	7.5e-003	0.11183
12783	-8.9427e-002	0.	2.4268e-002	4.9087e-002
12784	-7.5003e-002	0.	2.4859e-002	3.132e-002
12798	-1.e-002	0.	1.5e-002	-8.5009e-003
12799	1.1364e-002	0.	7.5e-003	0.1319
12800	1.7855e-002	0.	2.6873e-002	3.2275e-002
12801	-3.5084e-003	0.	2.6469e-002	2.3094e-002
13274	0.95455	0.	0.	1.2945e-005
13275	1.	0.	4.2292e-002	1.2293e-005
13547	-1.0345	0.	0.	1.2383e-005
13548	-1.08	0.	4.2292e-002	1.2079e-005
13645	0.86364	0.	0.	1.4585e-005
13646	0.95455	0.	4.2292e-002	1.2856e-005
13647	0.90028	0.	4.7498e-002	1.3474e-005
13654	0.77273	0.	0.	1.8745e-005
13655	0.85483	0.	4.7498e-002	1.455e-005
13656	0.79717	0.	5.5703e-002	1.6402e-005
13661	0.68182	0.	0.	2.5173e-005
13662	0.70275	0.	6.375e-002	2.2434e-005
13663	0.75172	0.	5.5703e-002	1.9486e-005
13671	0.59091	0.	0.	4.0454e-005
13672	0.6573	0.	6.375e-002	2.5778e-005
13673	0.61077	0.	6.5395e-002	3.1485e-005
13677	0.5	0.	0.	6.5345e-005
13678	0.51156	0.	8.5208e-002	5.2901e-005
13679	0.56531	0.	6.5395e-002	4.3421e-005
13687	0.40909	0.	0.	1.2171e-004
13688	0.46611	0.	8.5208e-002	6.5856e-005
13689	0.42031	0.	3.4154e-002	9.568e-005
13695	0.31818	0.	0.	2.4738e-004
13696	0.37486	0.	3.4154e-002	1.3909e-004
13703	0.22727	0.	0.	8.3342e-004
13704	0.24252	0.	6.5607e-002	3.1872e-004
13705	0.30363	0.	7.6409e-002	2.2971e-004
13706	0.3294	0.	3.4154e-002	2.2135e-004
13713	0.13636	0.	0.	3.3713e-003
13714	0.19707	0.	6.5607e-002	8.225e-004
13715	0.14205	0.	4.645e-002	1.2914e-003
13725	6.8182e-002	0.	0.	1.2927e-002
13726	9.6594e-002	0.	4.645e-002	3.3255e-003
13727	6.3309e-002	0.	1.9373e-002	8.4134e-003
13736	-0.21636	0.	0.	2.719e-003
13737	-0.14818	0.	0.	1.3678e-002
13738	-0.15117	0.	2.8139e-002	4.3754e-003
13739	-0.19044	0.	4.5487e-002	2.8245e-003
13748	-0.30727	0.	0.	4.5637e-004
13749	-0.29609	0.	4.9899e-002	4.7214e-004
13750	-0.2359	0.	4.5487e-002	7.7504e-004
13758	-0.39818	0.	0.	1.939e-004
13759	-0.34154	0.	4.9899e-002	2.5898e-004
13760	-0.39467	0.	4.5265e-002	1.9041e-004
13766	-0.48909	0.	0.	1.1896e-004
13767	-0.44013	0.	4.5265e-002	1.411e-004
13774	-0.58	0.	0.	6.869e-005
13775	-0.5505	0.	8.0078e-002	7.3995e-005
13776	-0.48558	0.	4.5265e-002	1.1547e-004
13782	-0.67091	0.	0.	3.6886e-005
13783	-0.59596	0.	8.0078e-002	4.935e-005
13784	-0.67616	0.	5.2827e-002	3.4894e-005
13792	-0.76182	0.	0.	2.647e-005
13793	-0.72161	0.	5.2827e-002	2.7735e-005
13796	-0.85273	0.	0.	1.9236e-005
13797	-0.76706	0.	5.2827e-002	2.4478e-005
13798	-0.83376	0.	5.4151e-002	2.0257e-005
13803	-0.94364	0.	0.	1.3939e-005
13804	-0.87922	0.	5.4151e-002	1.628e-005
13805	-0.94264	0.	7.0038e-002	1.3905e-005
13813	-1.0345	0.	4.2292e-002	1.2314e-005
13814	-0.98809	0.	7.0038e-002	1.2585e-005
14053	-1.08	0.	0.97271	4.5703e-007
14055	-1.0348	0.	1.015	3.5193e-007
14056	-1.08	0.	0.88813	1.0016e-006
14058	-1.0348	0.	0.97271	5.1408e-007
14059	-1.0314	0.	0.90092	9.8639e-007
14062	-1.08	0.	0.80354	1.8525e-006
14063	-1.0314	0.	0.85863	1.3689e-006
14066	-1.08	0.	0.71896	2.9361e-006
14067	-1.0314	0.	0.81634	1.8373e-006
14068	-1.0399	0.	0.73834	2.6681e-006
14072	-1.08	0.	0.63437	3.9886e-006
14073	-1.0399	0.	0.69605	3.2832e-006
14076	-1.08	0.	0.54979	5.0666e-006
14077	-0.99952	0.	0.62507	4.1021e-006
14078	-1.0345	0.	0.54157	5.361e-006
14079	-1.0399	0.	0.65376	3.7206e-006
14081	-1.08	0.	0.46521	6.5753e-006
14082	-1.0345	0.	0.49928	6.0016e-006
14085	-1.08	0.	0.38063	8.052e-006
14086	-1.0389	0.	0.36477	8.5145e-006
14087	-1.0345	0.	0.45698	6.8698e-006
14091	-1.08	0.	0.29604	9.5473e-006
14092	-1.0389	0.	0.32247	9.123e-006
14096	-1.08	0.	0.21146	1.0696e-005
14097	-1.0335	0.	0.19691	1.1493e-005
14098	-1.0389	0.	0.28018	1.001e-005
14101	-1.08	0.	0.12687	1.1485e-005
14102	-1.0335	0.	0.15462	1.1755e-005
14106	-1.0335	0.	0.11233	1.2281e-005
14135	0.95478	0.	1.015	3.0276e-007
14137	1.	0.	0.97271	4.1492e-007
14139	0.86435	0.	1.015	3.8249e-007
14141	0.95478	0.	0.97271	4.4269e-007
14142	0.90288	0.	0.96282	6.5679e-007
14146	0.77391	0.	1.015	4.4891e-007
14147	0.85766	0.	0.96282	7.0875e-007
14148	0.79478	0.	0.95377	8.2234e-007
14152	0.68348	0.	1.015	3.5373e-007
14153	0.74956	0.	0.95377	8.368e-007
14154	0.68843	0.	0.97877	5.0815e-007
14159	0.59304	0.	1.015	2.4699e-007
14160	0.64322	0.	0.97877	3.9852e-007
14162	0.50261	0.	1.015	2.5182e-007
14163	0.54285	0.	0.951	5.1948e-007
14164	0.598	0.	0.97877	4.0141e-007
14168	0.41217	0.	1.015	1.2985e-007
14169	0.41371	0.	0.94762	1.3153e-007
14170	0.49763	0.	0.951	5.2141e-007
14175	0.32174	0.	1.015	-7.0301e-008
14176	0.36849	0.	0.94762	7.6219e-009
14179	0.2313	0.	1.015	-3.3972e-007
14180	0.32328	0.	0.94762	-6.8622e-008
14181	0.2479	0.	0.94362	-6.7514e-007
14183	0.14087	0.	1.015	-5.6572e-007
14184	0.12897	0.	0.95524	-1.1911e-006
14185	0.20269	0.	0.94362	-8.6832e-007
14189	5.0435e-002	0.	1.015	-7.2687e-007
14190	8.3751e-002	0.	0.95524	-1.2239e-006
14194	-4.e-002	0.	1.015	-1.1044e-006
14195	3.8534e-002	0.	0.95524	-1.3523e-006
14196	-1.7881e-002	0.	0.92849	-1.8382e-006
14198	-0.13043	0.	1.015	-1.0313e-006
14199	-0.10974	0.	0.95669	-1.5741e-006
14200	-6.3099e-002	0.	0.92849	-2.0875e-006
14204	-0.22087	0.	1.015	-5.2815e-007
14205	-0.15496	0.	0.95669	-1.2517e-006
14206	-0.2196	0.	0.96868	-7.4429e-007
14210	-0.3113	0.	1.015	-2.9598e-007
14211	-0.26482	0.	0.96868	-5.6358e-007
14213	-0.40174	0.	1.015	-1.5601e-007
14214	-0.31004	0.	0.96868	-5.1212e-007
14215	-0.37108	0.	0.97379	-2.8189e-007
14219	-0.49217	0.	1.015	5.7883e-008
14220	-0.46613	0.	0.94702	1.2305e-007
14221	-0.4163	0.	0.97379	-1.9339e-007
14225	-0.58261	0.	1.015	2.0205e-007
14226	-0.51135	0.	0.94702	2.4844e-007
14227	-0.57574	0.	0.97181	3.09e-007
14230	-0.67304	0.	1.015	2.6715e-007
14231	-0.62095	0.	0.97181	3.2778e-007
14236	-0.76348	0.	1.015	3.7086e-007
14237	-0.71724	0.	0.93876	6.2156e-007
14238	-0.66617	0.	0.97181	3.7409e-007
14240	-0.85391	0.	1.015	4.4079e-007
14241	-0.76246	0.	0.93876	6.7896e-007
14242	-0.82366	0.	0.96171	6.3773e-007
14246	-0.94435	0.	1.015	4.3116e-007
14247	-0.86887	0.	0.96171	6.5026e-007
14248	-0.94092	0.	0.94321	9.0346e-007
14251	-0.98613	0.	0.94321	8.813e-007
14278	1.	0.	0.12687	1.186e-005
14279	0.94574	0.	8.979e-002	1.2822e-005
14283	1.	0.	0.21146	1.0909e-005
14284	0.93548	0.	0.19139	1.1586e-005
14285	0.94574	0.	0.13208	1.2478e-005
14289	1.	0.	0.29604	9.4943e-006
14290	0.93548	0.	0.23368	1.0979e-005
14291	0.95151	0.	0.29495	9.7664e-006
14295	1.	0.	0.38063	8.2505e-006
14296	0.95151	0.	0.33724	8.9583e-006
14300	1.	0.	0.46521	6.8882e-006
14301	0.95151	0.	0.37954	8.5226e-006
14302	0.94353	0.	0.43856	7.401e-006
14305	1.	0.	0.54979	5.2418e-006
14306	0.94859	0.	0.54341	5.4217e-006
14307	0.94353	0.	0.48085	6.4744e-006
14310	1.	0.	0.63437	4.0792e-006
14311	0.94859	0.	0.58571	4.7019e-006
14314	1.	0.	0.71896	3.0899e-006
14315	0.94859	0.	0.628	4.2591e-006
14316	0.93908	0.	0.68548	3.4725e-006
14318	1.	0.	0.80354	1.9721e-006
14319	0.94021	0.	0.78255	2.2037e-006
14320	0.93908	0.	0.72778	2.9261e-006
14324	1.	0.	0.88813	9.7777e-007
14325	0.94021	0.	0.82484	1.6323e-006
14326	0.94809	0.	0.87824	1.1919e-006
14329	0.94809	0.	0.92053	7.6895e-007
14368	-5.e-002	0.	1.5e-002	-8.0494e-002
14369	-3.e-002	0.	1.5e-002	-8.0732e-002
14371	-4.0117e-002	0.	2.6382e-002	-7.03e-002
14374	-6.5003e-002	0.	2.4859e-002	-4.4165e-002
14375	-5.0117e-002	0.	2.6382e-002	-5.9461e-002
14380	-1.3508e-002	0.	2.6469e-002	-3.8536e-002
14381	-3.0117e-002	0.	2.6382e-002	-5.9699e-002
14431	3.4091e-002	0.	0.	0.11556
14432	4.0582e-002	0.	1.9373e-002	1.5935e-002
14440	2.9218e-002	0.	1.9373e-002	0.11105
14445	-0.11409	0.	0.	8.2467e-002
14446	-0.12844	0.	2.8139e-002	1.3285e-002
14447	-0.11215	0.	1.6768e-002	1.9723e-002
14455	-0.10079	0.	1.6768e-002	7.9602e-002
14481	0.1035	0.	0.57593	-1.4659e-005
14482	8.5814e-003	0.	0.58658	-1.6219e-005
14483	-1.5234e-002	0.	0.53053	-2.1116e-005
14484	0.10201	0.	0.50278	-1.7762e-005
14485	5.6876e-002	0.	0.47452	-2.9777e-005
14486	1.5143e-002	0.	0.49397	-3.0535e-005
14487	5.6319e-002	0.	0.58958	-1.5375e-005
14491	-7.3842e-002	0.	0.32583	-9.5886e-005
14492	-6.1388e-002	0.	0.38904	-7.0966e-005
14493	-1.2741e-002	0.	0.31258	-1.3137e-004
14494	2.3382e-002	0.	0.38872	-6.1107e-005
14495	-1.8351e-002	0.	0.40816	-6.1864e-005
14496	2.1999e-002	0.	0.3456	-7.341e-005
14500	0.51335	0.	0.58578	6.1974e-006
14501	0.46053	0.	0.54675	6.232e-006
14502	0.45557	0.	0.48534	8.835e-006
14503	0.58216	0.	0.47078	9.8907e-006
14504	0.58528	0.	0.55391	6.7497e-006
14505	0.52879	0.	0.42616	1.6104e-005
14509	-0.46254	0.	0.58477	3.6861e-006
14510	-0.56115	0.	0.46712	9.3765e-006
14511	-0.54823	0.	0.58089	4.8531e-006
14512	-0.44136	0.	0.48047	6.5427e-006
14513	-0.58318	0.	0.52321	6.446e-006
14514	-0.49433	0.	0.47022	1.0305e-005
14515	-0.43813	0.	0.52806	3.5512e-006
14519	-1.7835e-002	0.	0.16016	-1.1897e-003
14520	-5.8883e-003	0.	0.22751	-3.6706e-004
14521	2.0978e-002	0.	0.17479	-3.4573e-004
14522	-4.4466e-002	0.	0.19197	-4.8242e-004
14523	4.6597e-002	0.	0.2296	-3.1293e-004
14529	-0.34258	0.	0.39705	4.2769e-006
14530	-0.34603	0.	0.34688	1.4222e-005
14531	-0.29722	0.	0.31462	1.8464e-005
14532	-0.23792	0.	0.37013	-1.5059e-005
14533	-0.25637	0.	0.33293	-4.1681e-006
14534	-0.29658	0.	0.41119	-1.8187e-006
14536	-0.75196	0.	0.66228	3.7979e-006
14537	-0.69614	0.	0.61366	4.3208e-006
14538	-0.77675	0.	0.51807	6.8218e-006
14539	-0.85221	0.	0.62507	4.3453e-006
14540	-0.73109	0.	0.55598	5.9137e-006
14541	-0.80399	0.	0.65242	3.9537e-006
14542	-0.8268	0.	0.54248	6.0445e-006
14547	-0.12611	0.	0.69042	-7.7755e-006
14548	-6.9958e-002	0.	0.69678	-8.2523e-006
14549	-4.5918e-002	0.	0.75218	-5.4071e-006
14550	-0.16687	0.	0.78269	-4.4253e-006
14551	-0.12177	0.	0.82596	-3.7329e-006
14552	-7.5122e-002	0.	0.79777	-4.2462e-006
14553	-0.15505	0.	0.73327	-5.549e-006
14557	0.21527	0.	0.38322	-4.2446e-006
14558	0.32385	0.	0.36783	2.1072e-005
14559	0.32791	0.	0.44045	8.83e-006
14560	0.21239	0.	0.44694	-2.8719e-006
14561	0.27391	0.	0.32713	4.7164e-005
14562	0.22966	0.	0.33558	2.2106e-005
14563	0.25268	0.	0.47602	3.6624e-006
14567	0.19589	0.	0.74382	-3.0074e-006
14568	0.31472	0.	0.81005	-9.4005e-007
14569	0.2093	0.	0.67928	-4.8014e-006
14570	0.23935	0.	0.80605	-1.5466e-006
14571	0.31986	0.	0.72521	-6.2578e-007
14572	0.27426	0.	0.67889	-1.3446e-006
14576	-0.81937	0.	0.34639	1.2288e-005
14577	-0.68762	0.	0.36829	1.3616e-005
14578	-0.75531	0.	0.38647	1.1593e-005
14579	-0.77766	0.	0.27771	1.4951e-005
14580	-0.7196	0.	0.2781	2.0289e-005
14583	0.69	0.	0.32321	1.6611e-005
14584	0.81557	0.	0.29179	1.1645e-005
14585	0.7003	0.	0.40014	1.1615e-005
14586	0.76107	0.	0.43967	9.8184e-006
14587	0.83161	0.	0.35306	1.0432e-005
14588	0.74483	0.	0.30176	1.4223e-005
14589	0.82363	0.	0.41209	9.3106e-006
14594	0.84009	0.	0.60072	4.514e-006
14595	0.71482	0.	0.60934	4.7303e-006
14596	0.77248	0.	0.56574	6.0745e-006
14597	0.83058	0.	0.6582	3.7275e-006
14598	0.76469	0.	0.68105	3.3181e-006
14602	-0.53697	0.	0.24023	4.5053e-005
14603	-0.57011	0.	0.364	2.4114e-005
14604	-0.45659	0.	0.26437	6.2461e-005
14605	-0.45376	0.	0.32719	3.1225e-005
14606	-0.50329	0.	0.36711	2.5042e-005
14607	-0.60209	0.	0.27381	3.0786e-005
14612	-0.37476	0.	0.67796	-5.1706e-007
14613	-0.52122	0.	0.63912	2.5622e-006
14614	-0.37484	0.	0.61213	-2.0194e-006
14615	-0.47395	0.	0.69183	9.7529e-007
14616	-0.41112	0.	0.58629	1.2603e-006
14621	-0.17336	0.	0.56481	-1.4743e-005
14622	-0.25896	0.	0.5418	-1.252e-005
14623	-0.15369	0.	0.45943	-3.8638e-005
14624	-0.14103	0.	0.51512	-2.0118e-005
14625	-0.19381	0.	0.44145	-2.5585e-005
14626	-0.25247	0.	0.48251	-1.2345e-005
14632	0.42839	0.	0.2423	4.3691e-005
14633	0.54874	0.	0.22344	3.75e-005
14634	0.4061	0.	0.16162	9.1597e-005
14635	0.50567	0.	0.25574	3.8718e-005
14636	0.53142	0.	0.1506	4.3933e-005
14637	0.43188	0.	0.11936	8.3236e-005
14641	-5.0576e-002	0.	0.1006	-4.8819e-003
14642	-4.1706e-002	0.	7.1424e-002	-6.0196e-003
14643	-9.6243e-002	0.	9.7951e-002	-4.1339e-003
14644	-0.10119	0.	6.4285e-002	-1.9788e-003
14645	-8.49e-002	0.	5.2914e-002	4.4591e-003
14646	-7.0477e-002	0.	5.3505e-002	-1.3308e-002
14647	-5.5591e-002	0.	5.5028e-002	-2.8604e-002
14653	-2.1334e-002	0.	9.9736e-002	-2.9616e-003
14654	-7.5871e-002	0.	0.12626	-1.0759e-003
14655	8.6092e-003	0.	0.14355	-9.7985e-004
14656	-5.6835e-002	0.	0.16073	-1.1165e-003
14662	0.44997	0.	0.62128	4.2444e-006
14663	0.57471	0.	0.62844	4.7621e-006
14664	0.44155	0.	0.68543	2.4239e-006
14665	0.54809	0.	0.70635	3.1054e-006
14666	0.48855	0.	0.72164	2.9082e-006
14670	0.1573	0.	0.11206	7.7667e-004
14671	0.27342	0.	0.14202	2.1879e-004
14672	0.24578	0.	0.182	1.9698e-004
14673	0.20153	0.	0.19045	1.7192e-004
14674	0.16428	0.	0.15877	2.1293e-004
14679	-0.66272	0.	0.68385	3.2064e-006
14680	-0.71738	0.	0.79749	1.8066e-006
14681	-0.66541	0.	0.76096	2.0701e-006
14682	-0.75705	0.	0.7668	2.2432e-006
14683	-0.77057	0.	0.72261	2.8393e-006
14687	0.14577	0.	0.68324	-5.9194e-006
14688	0.10211	0.	0.82164	-2.9874e-006
14689	0.17582	0.	0.81002	-2.6646e-006
14690	7.4895e-002	0.	0.7493	-4.6342e-006
14691	9.8593e-002	0.	0.6969	-6.6354e-006
14693	-0.15123	0.	0.2382	-8.6131e-005
14694	-0.14775	0.	0.15495	-1.9633e-004
14695	-0.19197	0.	0.13863	4.079e-004
14696	-0.12871	0.	0.18942	-2.3698e-004
14697	-0.19735	0.	0.24622	-3.7267e-005
14698	-0.22523	0.	0.18338	3.1102e-005
14702	0.64902	0.	0.20198	2.2314e-005
14703	0.70385	0.	0.18052	1.9925e-005
14704	0.6317	0.	0.12915	2.8746e-005
14705	0.7272	0.	0.11945	2.0092e-005
14707	0.59856	0.	0.86494	9.9574e-007
14708	0.62632	0.	0.79764	1.6017e-006
14709	0.70281	0.	0.79145	1.8462e-006
14710	0.71484	0.	0.86772	1.2063e-006
14711	0.65371	0.	0.89271	8.7768e-007
14714	-0.33501	0.	0.77938	-1.692e-006
14715	-0.42068	0.	0.86243	-3.2049e-007
14716	-0.29026	0.	0.82883	-2.0671e-006
14717	-0.3098	0.	0.8841	-8.6716e-007
14718	-0.4342	0.	0.79324	-1.996e-007
14719	-0.37084	0.	0.8892	-6.3693e-007
14725	-0.90678	0.	0.71906	3.0087e-006
14726	-0.86657	0.	0.84424	1.5432e-006
14727	-0.93861	0.	0.82574	1.7964e-006
14728	-0.84504	0.	0.79059	2.0211e-006
14729	-0.85856	0.	0.7464	2.6171e-006
14730	-0.94715	0.	0.74774	2.6272e-006
14734	-0.31405	0.	0.6471	-3.9316e-006
14735	-0.26923	0.	0.76238	-2.8044e-006
14736	-0.41317	0.	0.72679	-9.3695e-007
14737	-0.2574	0.	0.71295	-3.9281e-006
14743	1.1623e-002	0.	5.4651e-002	3.6611e-003
14744	1.7479e-002	0.	0.11437	-2.1176e-003
14745	-9.7403e-003	0.	5.4247e-002	-5.5202e-003
14746	-2.6349e-002	0.	5.416e-002	-2.6683e-002
14752	6.8994e-002	0.	6.5823e-002	6.3335e-003
14753	7.485e-002	0.	0.12554	5.5485e-004
14754	0.10926	0.	0.13962	6.818e-004
14759	0.15908	0.	0.40867	-1.5291e-005
14760	0.11395	0.	0.38042	-2.7307e-005
14761	0.17635	0.	0.29732	9.6863e-006
14762	0.11257	0.	0.3373	-3.9611e-005
14763	0.13031	0.	0.30638	-4.3449e-005
14766	-0.90368	0.	0.29013	1.1572e-005
14767	-0.83218	0.	0.40398	9.4256e-006
14768	-0.94698	0.	0.33525	9.8528e-006
14769	-0.94264	0.	0.42747	8.2081e-006
14770	-0.88223	0.	0.42838	8.6483e-006
14771	-0.85453	0.	0.29522	1.2784e-005
14775	-0.88569	0.	0.16234	1.5163e-005
14776	-0.94911	0.	0.17822	1.2788e-005
14777	-0.95442	0.	0.26149	1.1305e-005
14778	-0.86197	0.	0.22146	1.4236e-005
14781	0.35682	0.	0.2335	8.1875e-005
14782	0.38317	0.	0.3868	2.1727e-005
14783	0.32917	0.	0.27348	6.0061e-005
14784	0.45639	0.	0.32762	2.8996e-005
14789	0.63011	0.	0.35339	1.6592e-005
14790	0.67464	0.	0.255	1.92e-005
14791	0.57674	0.	0.30876	2.2806e-005
14792	0.60249	0.	0.20362	2.8021e-005
14796	-0.36804	0.	0.15411	1.8211e-004
14797	-0.27017	0.	9.5386e-002	5.7765e-004
14798	-0.38349	0.	9.5164e-002	2.0617e-004
14799	-0.30344	0.	0.14013	2.0085e-004
14804	0.45395	0.	0.88361	3.9919e-007
14805	0.29466	0.	0.87624	-5.9722e-007
14806	0.37517	0.	0.7954	3.2357e-007
14807	0.42217	0.	0.83161	8.0792e-007
14812	-0.54879	0.	0.83424	8.852e-007
14813	-0.49883	0.	0.80984	4.3451e-007
14814	-0.5497	0.	0.90382	3.7417e-007
14815	-0.43547	0.	0.9058	-2.8267e-009
14820	0.88699	0.	0.27488	1.0443e-005
14821	0.80021	0.	0.22358	1.4234e-005
14822	0.88121	0.	0.1543	1.2548e-005
14823	0.82356	0.	0.16251	1.44e-005
14829	-0.11606	0.	0.35332	-8.2589e-005
14830	-6.7411e-002	0.	0.27686	-1.43e-004
14831	-0.15617	0.	0.33534	-6.9537e-005
14832	-0.10599	0.	0.24133	-2.5836e-004
14833	-0.17463	0.	0.29814	-5.8646e-005
14837	-0.64666	0.	0.1329	4.0199e-005
14838	-0.48609	0.	0.18429	7.2062e-005
14839	-0.50154	0.	0.12534	9.6128e-005
14840	-0.63158	0.	0.19374	4.0388e-005
14845	-0.70043	0.	0.42588	1.0754e-005
14846	-0.65477	0.	0.46379	9.8456e-006
14847	-0.56593	0.	0.4108	1.3705e-005
14848	-0.66472	0.	0.31751	1.9449e-005
14855	-8.68e-002	0.	0.63364	-1.0357e-005
14856	-0.22854	0.	0.60428	-7.6569e-006
14857	-0.11062	0.	0.57759	-1.5254e-005
14858	-0.17189	0.	0.67013	-7.6534e-006
14861	0.15769	0.	0.54555	-1.0816e-005
14862	0.22415	0.	0.61831	-4.2567e-006
14863	0.112	0.	0.63235	-8.4294e-006
14864	0.19798	0.	0.57463	-4.2817e-006
14871	0.39219	0.	0.52084	6.882e-006
14872	0.38873	0.	0.6464	2.4584e-006
14873	0.34313	0.	0.60008	1.7396e-006
14874	0.31697	0.	0.5564	1.7145e-006
14879	-0.60959	0.	0.71234	2.5931e-006
14880	-0.64185	0.	0.57756	5.3222e-006
14881	-0.55963	0.	0.68795	2.1424e-006
14885	-5.4468e-002	0.	0.58395	-1.5731e-005
14886	-6.6123e-003	0.	0.6954	-7.9882e-006
14887	1.7086e-002	0.	0.643	-9.9894e-006
14891	-0.30765	0.	0.52198	-5.2583e-006
14892	-0.35042	0.	0.55542	-2.1543e-006
14893	-0.25748	0.	0.64713	-5.4304e-006
14897	0.56563	0.	0.8197	1.395e-006
14898	0.59302	0.	0.91476	6.71e-007
14899	0.5061	0.	0.83499	1.1978e-006
14902	0.14557	0.	0.88387	-1.5265e-006
14903	4.4639e-002	0.	0.82314	-3.4962e-006
14904	1.5435e-002	0.	0.86873	-2.3353e-006
14909	-9.0943e-002	0.	0.47222	-3.9149e-005
14910	-6.0566e-002	0.	0.43565	-4.8568e-005
14911	-0.14372	0.	0.39854	-4.4617e-005
14915	-0.39661	0.	0.38424	1.7053e-005
14916	-0.34716	0.	0.44854	1.0128e-006
14917	-0.44614	0.	0.42416	1.0871e-005
14918	-0.38994	0.	0.48199	4.1169e-006
14921	0.8883	0.	0.85724	1.4234e-006
14922	0.87929	0.	0.74908	2.5863e-006
14923	0.8134	0.	0.77192	2.1769e-006
14924	0.82542	0.	0.8482	1.537e-006
14930	-0.72246	0.	0.48197	7.8232e-006
14931	-0.81817	0.	0.46847	7.9539e-006
14934	-0.66425	0.	0.82598	1.1932e-006
14935	-0.77742	0.	0.88547	8.8843e-007
14936	-0.75589	0.	0.83182	1.3663e-006
14937	-0.66515	0.	0.89556	6.8219e-007
14947	0.30688	0.	0.1928	1.0797e-004
14948	0.3603	0.	0.11056	1.2142e-004
14951	-0.79355	0.	0.10698	2.1523e-005
14952	-0.76984	0.	0.1661	2.0596e-005
14953	-0.71178	0.	0.16648	2.5933e-005
14959	0.46045	0.	0.40025	1.6754e-005
14960	0.312	0.	0.49499	4.3175e-006
14965	-0.40288	0.	0.27125	5.8234e-005
14966	-0.35408	0.	0.23898	6.2476e-005
14967	-0.42116	0.	0.14947	1.1354e-004
14968	-0.34111	0.	0.19444	1.0821e-004
14973	-0.12648	0.	8.9945e-002	1.8272e-003
14974	-0.16576	0.	0.10729	2.7633e-004
14975	-0.1025	0.	0.15808	-3.6856e-004
14980	-4.7906e-002	0.	0.49134	-3.0047e-005
14985	0.82957	0.	0.54435	6.4423e-006
14986	0.88768	0.	0.63682	4.0953e-006
14987	0.89212	0.	0.51677	5.9345e-006
14991	-1.1776e-002	0.	0.79639	-3.9821e-006
14992	4.1125e-002	0.	0.6984	-7.1442e-006
14996	-0.17937	0.	0.8551	-2.4871e-006
14997	-0.24401	0.	0.8671	-1.9796e-006
14998	-0.21265	0.	0.76241	-4.3032e-006
15003	0.64353	0.	0.51344	8.4554e-006
15004	0.70118	0.	0.46984	9.7996e-006
15005	0.58704	0.	0.38569	1.781e-005
15009	0.11107	0.	0.44414	-2.5935e-005
15010	0.19649	0.	0.50148	-7.3844e-006
15015	0.7043	0.	0.55297	6.6586e-006
15016	0.62001	0.	0.67448	3.6577e-006
15017	0.69651	0.	0.66828	3.9022e-006
15021	-8.7624e-002	0.	0.87018	-2.3079e-006
15022	-0.19891	0.	0.91037	-1.2872e-006
15026	-0.56232	0.	0.76505	1.0061e-006
15027	-0.61318	0.	0.85903	9.4576e-007
15031	-0.1707	0.	7.3626e-002	2.4314e-003
15032	-0.11514	0.	4.4907e-002	1.042e-002
15037	0.33471	0.	0.66424	-8.1033e-008
15038	0.42731	0.	0.74677	1.1222e-006
15043	0.23499	0.	0.24124	6.1095e-005
15048	0.26294	0.	0.57424	-8.2497e-007
15052	0.82451	0.	0.48179	7.495e-006
15057	0.89504	0.	0.39518	8.1088e-006
15060	-0.95403	0.	0.57456	5.0371e-006
15061	-0.87082	0.	0.68541	3.3866e-006
15062	-0.89363	0.	0.57547	5.4774e-006
15063	-0.95941	0.	0.68675	3.3967e-006
15069	-4.4888e-002	0.	0.22807	-2.9385e-004
15070	2.843e-002	0.	0.29663	-1.2052e-004
15071	4.6176e-002	0.	0.2657	-1.2436e-004
15075	-0.91066	0.	0.88993	1.1004e-006
15076	-0.81709	0.	0.85478	1.3251e-006
15081	2.4204e-002	0.	0.43533	-3.8708e-005
15082	6.4553e-002	0.	0.37277	-5.0254e-005
15086	4.1566e-002	0.	9.8461e-002	5.6428e-003
15087	1.4346e-002	0.	3.8342e-002	2.2401e-003
15094	0.15349	0.	0.21801	7.7043e-005
15095	0.1447	0.	0.25874	-1.7098e-005
15102	0.75281	0.	0.17247	1.6978e-005
15106	-0.99124	0.	0.79343	2.1844e-006
15113	-0.35125	0.	0.3018	3.124e-005
15114	-0.44959	0.	0.37399	2.0816e-005
15119	-0.24325	0.	0.13572	5.0376e-004
15124	-0.2616	0.	0.28785	1.285e-005
15125	-0.28948	0.	0.225	8.1219e-005
15132	0.83331	0.	0.90159	1.0966e-006
15138	0.81227	0.	0.71715	2.8994e-006
15143	8.1835e-002	0.	0.17225	-8.8942e-006
15144	7.3042e-002	0.	0.21299	-1.0304e-004
15151	-8.443e-002	0.	3.4128e-002	-9.086e-004
15155	0.10745	0.	0.22707	2.3908e-005
15160	-5.512e-002	0.	3.6241e-002	-3.3971e-002
15171	-0.20229	0.	0.34336	-2.0673e-005
15172	-0.2425	0.	0.42162	-1.8323e-005
15183	-2.3625e-002	0.	3.7852e-002	-2.8104e-002
15189	0.66988	0.	0.7462	2.2455e-006
15190	0.53385	0.	0.76769	1.8038e-006
15196	-0.32459	0.	0.92747	-5.4949e-007
15209	-0.80909	0.	0.75695	2.399e-006
15214	-0.24863	0.	0.24331	5.8587e-005
15219	-0.92368	0.	0.12419	1.4927e-005
15220	-0.83653	0.	0.16742	1.6374e-005
15223	-0.99241	0.	0.22334	1.1069e-005
15235	-0.34393	0.	0.49613	-1.9787e-006
15239	-0.99337	0.	0.39883	7.9408e-006
15243	0.83382	0.	0.1032	1.5292e-005
15248	-0.92862	0.	0.49196	6.7363e-006
15253	0.7584	0.	0.81627	1.8501e-006
15270	8.0916e-002	0.	0.29873	-6.6396e-005
15272	0.7093	0.	0.91754	8.8159e-007
15286	-0.75476	0.	0.22693	2.0784e-005
