Node Number	X Location (m)	Y Location (m)	Z Location (m)	Directional Magnetic Flux Density (T)
115	-0.48	0.	6.e-002	0.57916
116	-0.456	0.	6.e-002	0.83641
117	-0.432	0.	6.e-002	1.229
118	-0.384	0.	6.e-002	1.6677
119	-0.336	0.	6.e-002	1.9547
120	-0.288	0.	6.e-002	2.1181
121	-0.24	0.	6.e-002	2.1941
122	-0.192	0.	6.e-002	2.1253
123	-0.144	0.	6.e-002	1.9616
124	-9.6e-002	0.	6.e-002	1.6604
125	-4.8e-002	0.	6.e-002	1.296
126	0.	0.	6.e-002	0.60389
127	-2.4e-002	0.	6.e-002	0.93131
205	-2.4e-002	0.	-6.e-002	0.87826
206	0.	0.	-6.e-002	0.55696
207	-4.8e-002	0.	-6.e-002	1.2552
208	-9.6e-002	0.	-6.e-002	1.6755
209	-0.144	0.	-6.e-002	1.9847
210	-0.192	0.	-6.e-002	2.1315
211	-0.24	0.	-6.e-002	2.1923
212	-0.288	0.	-6.e-002	2.1469
213	-0.336	0.	-6.e-002	1.9177
214	-0.384	0.	-6.e-002	1.6888
215	-0.432	0.	-6.e-002	1.2952
216	-0.456	0.	-6.e-002	0.86088
217	-0.48	0.	-6.e-002	0.59732
595	0.	0.	0.	0.62535
596	-0.48	0.	0.	0.7037
1054	-4.8e-002	0.	0.	1.2809
1055	-0.14247	0.	-7.4083e-019	1.9263
1056	-0.23681	0.	1.6421e-018	2.1727
1057	-0.312	0.	0.	2.0523
1058	-0.38325	0.	-6.5055e-019	1.6125
2668	-0.468	0.	6.e-002	0.70778
2670	-0.48	0.	3.e-002	0.64143
2676	-0.444	0.	6.e-002	1.0327
2678	-0.468	0.	3.e-002	0.77005
2681	-0.408	0.	6.e-002	1.4484
2683	-0.456	0.	3.e-002	0.96637
2684	-0.40763	0.	3.e-002	1.4207
2687	-0.36	0.	6.e-002	1.8112
2689	-0.38363	0.	3.e-002	1.6401
2692	-0.312	0.	6.e-002	2.0364
2694	-0.324	0.	3.e-002	2.0035
2695	-0.35963	0.	3.e-002	1.7836
2699	-0.264	0.	6.e-002	2.1561
2701	-0.2624	0.	3.e-002	2.1454
2702	-0.3	0.	3.e-002	2.0852
2706	-0.216	0.	6.e-002	2.1597
2708	-0.2384	0.	3.e-002	2.1834
2711	-0.168	0.	6.e-002	2.0434
2713	-0.16723	0.	3.e-002	2.0258
2714	-0.2144	0.	3.e-002	2.149
2717	-0.12	0.	6.e-002	1.811
2719	-0.14323	0.	3.e-002	1.944
2722	-7.2e-002	0.	6.e-002	1.4782
2724	-7.2e-002	0.	3.e-002	1.4706
2725	-0.11923	0.	3.e-002	1.7933
2728	-3.6e-002	0.	6.e-002	1.1137
2730	-4.8e-002	0.	3.e-002	1.2885
2733	-1.2e-002	0.	6.e-002	0.7676
2735	0.	0.	3.e-002	0.61462
2741	-1.2e-002	0.	3.e-002	0.77833
2742	-3.6e-002	0.	3.e-002	1.1061
3104	-1.2e-002	0.	-6.e-002	0.71761
3105	-3.6e-002	0.	-6.e-002	1.0667
3106	-1.2e-002	0.	-3.e-002	0.7518
3107	-3.6e-002	0.	-3.e-002	1.0796
3113	0.	0.	-3.e-002	0.59116
3117	-7.2e-002	0.	-6.e-002	1.4653
3118	-4.8e-002	0.	-3.e-002	1.268
3121	-0.12	0.	-6.e-002	1.8301
3122	-7.2e-002	0.	-3.e-002	1.4782
3123	-0.11923	0.	-3.e-002	1.8009
3128	-0.168	0.	-6.e-002	2.0581
3129	-0.14323	0.	-3.e-002	1.9555
3132	-0.216	0.	-6.e-002	2.1619
3133	-0.16723	0.	-3.e-002	2.0289
3134	-0.2144	0.	-3.e-002	2.1521
3138	-0.264	0.	-6.e-002	2.1696
3139	-0.2384	0.	-3.e-002	2.1825
3142	-0.312	0.	-6.e-002	2.0323
3143	-0.2624	0.	-3.e-002	2.1598
3144	-0.3	0.	-3.e-002	2.0996
3146	-0.36	0.	-6.e-002	1.8032
3147	-0.324	0.	-3.e-002	1.985
3148	-0.35963	0.	-3.e-002	1.7651
3150	-0.408	0.	-6.e-002	1.492
3151	-0.38363	0.	-3.e-002	1.6506
3154	-0.444	0.	-6.e-002	1.078
3155	-0.456	0.	-3.e-002	0.99944
3156	-0.40763	0.	-3.e-002	1.4538
3159	-0.468	0.	-6.e-002	0.7291
3160	-0.468	0.	-3.e-002	0.78229
3165	-0.48	0.	-3.e-002	0.65051
5455	-2.4e-002	0.	0.	0.95312
5465	-0.43163	0.	-3.2527e-019	1.1581
8490	-9.5234e-002	0.	-3.7042e-019	1.6036
8498	-0.18964	0.	4.5064e-019	2.0495
8505	-0.2744	0.	8.2106e-019	2.1125
8514	-0.34763	0.	-3.2527e-019	1.8324
78	-0.456	0.	-7.5e-002	4.2725e-002
79	-0.432	0.	-7.5e-002	-2.4159e-002
80	-0.384	0.	-7.5e-002	-3.9409e-002
81	-0.336	0.	-7.5e-002	-4.6318e-002
82	-0.288	0.	-7.5e-002	-4.8309e-002
83	-0.24	0.	-7.5e-002	-4.8882e-002
84	-0.192	0.	-7.5e-002	-4.8392e-002
85	-0.144	0.	-7.5e-002	-4.6485e-002
86	-9.6e-002	0.	-7.5e-002	-3.9244e-002
87	-4.8e-002	0.	-7.5e-002	-2.3861e-002
88	-2.4e-002	0.	-7.5e-002	4.5172e-002
89	-2.4e-002	0.	7.5e-002	4.2105e-002
90	-4.8e-002	0.	7.5e-002	-2.4248e-002
91	-9.6e-002	0.	7.5e-002	-3.9082e-002
92	-0.144	0.	7.5e-002	-4.6141e-002
93	-0.192	0.	7.5e-002	-4.8535e-002
94	-0.24	0.	7.5e-002	-4.8881e-002
95	-0.288	0.	7.5e-002	-4.8145e-002
96	-0.336	0.	7.5e-002	-4.623e-002
97	-0.384	0.	7.5e-002	-3.952e-002
98	-0.432	0.	7.5e-002	-2.4871e-002
99	-0.456	0.	7.5e-002	4.4159e-002
100	0.	0.	7.5e-002	9.9156e-002
101	0.	0.	9.e-002	6.5787e-002
102	-2.4e-002	0.	9.e-002	2.4541e-002
103	-4.8e-002	0.	9.e-002	-3.4355e-002
104	-9.6e-002	0.	9.e-002	-5.9357e-002
105	-0.144	0.	9.e-002	-6.9002e-002
106	-0.192	0.	9.e-002	-7.2553e-002
107	-0.24	0.	9.e-002	-7.3005e-002
108	-0.288	0.	9.e-002	-7.1983e-002
109	-0.336	0.	9.e-002	-6.9108e-002
110	-0.384	0.	9.e-002	-6.0105e-002
111	-0.432	0.	9.e-002	-3.4813e-002
112	-0.456	0.	9.e-002	2.5129e-002
113	-0.48	0.	7.5e-002	0.10355
114	-0.48	0.	9.e-002	6.6126e-002
115	-0.48	0.	6.e-002	0.14098
116	-0.456	0.	6.e-002	6.3189e-002
117	-0.432	0.	6.e-002	-1.4929e-002
118	-0.384	0.	6.e-002	-1.8935e-002
119	-0.336	0.	6.e-002	-2.3351e-002
120	-0.288	0.	6.e-002	-2.4308e-002
121	-0.24	0.	6.e-002	-2.4757e-002
122	-0.192	0.	6.e-002	-2.4516e-002
123	-0.144	0.	6.e-002	-2.328e-002
124	-9.6e-002	0.	6.e-002	-1.8807e-002
125	-4.8e-002	0.	6.e-002	-1.4141e-002
126	0.	0.	6.e-002	0.13252
127	-2.4e-002	0.	6.e-002	5.9668e-002
205	-2.4e-002	0.	-6.e-002	6.307e-002
206	0.	0.	-6.e-002	0.13958
207	-4.8e-002	0.	-6.e-002	-1.415e-002
208	-9.6e-002	0.	-6.e-002	-1.8851e-002
209	-0.144	0.	-6.e-002	-2.3473e-002
210	-0.192	0.	-6.e-002	-2.4442e-002
211	-0.24	0.	-6.e-002	-2.4756e-002
212	-0.288	0.	-6.e-002	-2.4392e-002
213	-0.336	0.	-6.e-002	-2.3377e-002
214	-0.384	0.	-6.e-002	-1.8927e-002
215	-0.432	0.	-6.e-002	-1.4071e-002
216	-0.456	0.	-6.e-002	5.9548e-002
217	-0.48	0.	-6.e-002	0.13209
325	-0.456	0.	-9.e-002	2.5902e-002
326	-0.48	0.	-9.e-002	6.7509e-002
327	-0.432	0.	-9.e-002	-3.4246e-002
328	-0.384	0.	-9.e-002	-5.989e-002
329	-0.336	0.	-9.e-002	-6.9258e-002
330	-0.288	0.	-9.e-002	-7.2225e-002
331	-0.24	0.	-9.e-002	-7.3009e-002
332	-0.192	0.	-9.e-002	-7.2342e-002
333	-0.144	0.	-9.e-002	-6.9497e-002
334	-9.6e-002	0.	-9.e-002	-5.9638e-002
335	-4.8e-002	0.	-9.e-002	-3.3572e-002
336	-2.4e-002	0.	-9.e-002	2.7273e-002
337	0.	0.	-9.e-002	6.9812e-002
347	-0.48	0.	-7.5e-002	9.98e-002
351	0.	0.	-7.5e-002	0.10469
2519	-0.444	0.	-7.5e-002	9.2833e-003
2520	-0.456	0.	-6.75e-002	5.1137e-002
2521	-0.456	0.	-8.25e-002	3.4314e-002
2522	-0.468	0.	-7.5e-002	7.1263e-002
2523	-0.408	0.	-7.5e-002	-3.1784e-002
2524	-0.432	0.	-6.75e-002	-1.9115e-002
2525	-0.432	0.	-8.25e-002	-2.9203e-002
2526	-0.36	0.	-7.5e-002	-4.2863e-002
2527	-0.384	0.	-6.75e-002	-2.9168e-002
2528	-0.384	0.	-8.25e-002	-4.9649e-002
2529	-0.312	0.	-7.5e-002	-4.7313e-002
2530	-0.336	0.	-6.75e-002	-3.4847e-002
2531	-0.336	0.	-8.25e-002	-5.7788e-002
2532	-0.264	0.	-7.5e-002	-4.8595e-002
2533	-0.288	0.	-6.75e-002	-3.635e-002
2534	-0.288	0.	-8.25e-002	-6.0267e-002
2535	-0.216	0.	-7.5e-002	-4.8637e-002
2536	-0.24	0.	-6.75e-002	-3.6819e-002
2537	-0.24	0.	-8.25e-002	-6.0945e-002
2538	-0.168	0.	-7.5e-002	-4.7439e-002
2539	-0.192	0.	-6.75e-002	-3.6417e-002
2540	-0.192	0.	-8.25e-002	-6.0367e-002
2541	-0.12	0.	-7.5e-002	-4.2865e-002
2542	-0.144	0.	-6.75e-002	-3.4979e-002
2543	-0.144	0.	-8.25e-002	-5.7991e-002
2544	-7.2e-002	0.	-7.5e-002	-3.1553e-002
2545	-9.6e-002	0.	-6.75e-002	-2.9048e-002
2546	-9.6e-002	0.	-8.25e-002	-4.9441e-002
2547	-3.6e-002	0.	-7.5e-002	1.0655e-002
2548	-4.8e-002	0.	-6.75e-002	-1.9006e-002
2549	-4.8e-002	0.	-8.25e-002	-2.8716e-002
2550	-2.4e-002	0.	-6.75e-002	5.4121e-002
2551	-2.4e-002	0.	-8.25e-002	3.6222e-002
2552	-1.2e-002	0.	-7.5e-002	7.4933e-002
2553	-3.6e-002	0.	7.5e-002	8.9283e-003
2554	-1.2e-002	0.	7.5e-002	7.063e-002
2555	-2.4e-002	0.	8.25e-002	3.3323e-002
2556	-2.4e-002	0.	6.75e-002	5.0886e-002
2557	-7.2e-002	0.	7.5e-002	-3.1665e-002
2558	-4.8e-002	0.	8.25e-002	-2.9302e-002
2559	-4.8e-002	0.	6.75e-002	-1.9195e-002
2560	-0.12	0.	7.5e-002	-4.2612e-002
2561	-9.6e-002	0.	8.25e-002	-4.922e-002
2562	-9.6e-002	0.	6.75e-002	-2.8945e-002
2563	-0.168	0.	7.5e-002	-4.7338e-002
2564	-0.144	0.	8.25e-002	-5.7572e-002
2565	-0.144	0.	6.75e-002	-3.471e-002
2566	-0.216	0.	7.5e-002	-4.8708e-002
2567	-0.192	0.	8.25e-002	-6.0544e-002
2568	-0.192	0.	6.75e-002	-3.6526e-002
2569	-0.264	0.	7.5e-002	-4.8513e-002
2570	-0.24	0.	8.25e-002	-6.0943e-002
2571	-0.24	0.	6.75e-002	-3.6819e-002
2572	-0.312	0.	7.5e-002	-4.7188e-002
2573	-0.288	0.	8.25e-002	-6.0064e-002
2574	-0.288	0.	6.75e-002	-3.6227e-002
2575	-0.36	0.	7.5e-002	-4.2875e-002
2576	-0.336	0.	8.25e-002	-5.7669e-002
2577	-0.336	0.	6.75e-002	-3.4791e-002
2578	-0.408	0.	7.5e-002	-3.2195e-002
2579	-0.384	0.	8.25e-002	-4.9812e-002
2580	-0.384	0.	6.75e-002	-2.9227e-002
2581	-0.444	0.	7.5e-002	9.6441e-003
2582	-0.432	0.	8.25e-002	-2.9842e-002
2583	-0.432	0.	6.75e-002	-1.99e-002
2584	-0.456	0.	8.25e-002	3.4644e-002
2585	-0.468	0.	7.5e-002	7.3855e-002
2586	-0.456	0.	6.75e-002	5.3674e-002
2587	0.	0.	8.25e-002	8.2471e-002
2588	0.	0.	6.75e-002	0.11584
2594	-1.2e-002	0.	9.e-002	4.5164e-002
2599	-3.6e-002	0.	9.e-002	-4.9067e-003
2603	-7.2e-002	0.	9.e-002	-4.6856e-002
2610	-0.12	0.	9.e-002	-6.418e-002
2615	-0.168	0.	9.e-002	-7.0778e-002
2620	-0.216	0.	9.e-002	-7.2779e-002
2626	-0.264	0.	9.e-002	-7.2494e-002
2630	-0.312	0.	9.e-002	-7.0545e-002
2636	-0.36	0.	9.e-002	-6.4607e-002
2640	-0.408	0.	9.e-002	-4.7459e-002
2646	-0.444	0.	9.e-002	-4.8418e-003
2652	-0.468	0.	9.e-002	4.5628e-002
2656	-0.48	0.	8.25e-002	8.4839e-002
2657	-0.48	0.	6.75e-002	0.12226
2668	-0.468	0.	6.e-002	0.10208
2676	-0.444	0.	6.e-002	2.413e-002
2681	-0.408	0.	6.e-002	-1.6932e-002
2687	-0.36	0.	6.e-002	-2.1143e-002
2692	-0.312	0.	6.e-002	-2.383e-002
2699	-0.264	0.	6.e-002	-2.4533e-002
2706	-0.216	0.	6.e-002	-2.4637e-002
2711	-0.168	0.	6.e-002	-2.3898e-002
2717	-0.12	0.	6.e-002	-2.1043e-002
2722	-7.2e-002	0.	6.e-002	-1.6474e-002
2728	-3.6e-002	0.	6.e-002	2.2763e-002
2733	-1.2e-002	0.	6.e-002	9.6096e-002
3104	-1.2e-002	0.	-6.e-002	0.10132
3105	-3.6e-002	0.	-6.e-002	2.446e-002
3111	0.	0.	-6.75e-002	0.12214
3117	-7.2e-002	0.	-6.e-002	-1.6501e-002
3121	-0.12	0.	-6.e-002	-2.1162e-002
3128	-0.168	0.	-6.e-002	-2.3958e-002
3132	-0.216	0.	-6.e-002	-2.4599e-002
3138	-0.264	0.	-6.e-002	-2.4574e-002
3142	-0.312	0.	-6.e-002	-2.3885e-002
3146	-0.36	0.	-6.e-002	-2.1152e-002
3150	-0.408	0.	-6.e-002	-1.6499e-002
3154	-0.444	0.	-6.e-002	2.2739e-002
3159	-0.468	0.	-6.e-002	9.5819e-002
3164	-0.48	0.	-6.75e-002	0.11595
3866	-0.468	0.	-9.e-002	4.6706e-002
3867	-0.444	0.	-9.e-002	-4.172e-003
3871	-0.48	0.	-8.25e-002	8.3655e-002
3876	-0.408	0.	-9.e-002	-4.7068e-002
3881	-0.36	0.	-9.e-002	-6.4574e-002
3886	-0.312	0.	-9.e-002	-7.0742e-002
3891	-0.264	0.	-9.e-002	-7.2617e-002
3897	-0.216	0.	-9.e-002	-7.2676e-002
3900	-0.168	0.	-9.e-002	-7.092e-002
3904	-0.12	0.	-9.e-002	-6.4567e-002
3909	-7.2e-002	0.	-9.e-002	-4.6605e-002
3914	-3.6e-002	0.	-9.e-002	-3.1496e-003
3917	-1.2e-002	0.	-9.e-002	4.8542e-002
3922	0.	0.	-8.25e-002	8.7253e-002
206	0.	0.	-6.e-002	0.28365
217	-0.48	0.	-6.e-002	0.28061
325	-0.456	0.	-9.e-002	6.2794e-003
326	-0.48	0.	-9.e-002	7.0143e-002
327	-0.432	0.	-9.e-002	-2.626e-002
328	-0.384	0.	-9.e-002	-5.5745e-002
329	-0.336	0.	-9.e-002	-7.0987e-002
330	-0.288	0.	-9.e-002	-7.8583e-002
331	-0.24	0.	-9.e-002	-8.6137e-002
332	-0.192	0.	-9.e-002	-7.4484e-002
333	-0.144	0.	-9.e-002	-6.4918e-002
334	-9.6e-002	0.	-9.e-002	-5.3052e-002
335	-4.8e-002	0.	-9.e-002	-4.1236e-002
336	-2.4e-002	0.	-9.e-002	-1.4685e-002
337	0.	0.	-9.e-002	6.4979e-002
347	-0.48	0.	-7.5e-002	0.16669
351	0.	0.	-7.5e-002	0.21447
418	1.	0.	-9.9091e-002	1.3231e-003
419	1.	0.	-0.19818	1.226e-003
420	1.	0.	-0.29727	1.1195e-003
421	1.	0.	-0.39636	9.3578e-004
422	1.	0.	-0.49545	7.893e-004
423	1.	0.	-0.59455	5.8639e-004
424	1.	0.	-0.69364	4.564e-004
425	1.	0.	-0.79273	3.447e-004
426	1.	0.	-0.89182	1.9525e-004
427	1.	0.	-0.99091	7.7717e-005
438	0.89667	0.	-1.09	4.6699e-005
439	0.79333	0.	-1.09	6.1117e-005
440	0.69	0.	-1.09	6.6004e-005
441	0.58667	0.	-1.09	6.2221e-005
442	0.48333	0.	-1.09	3.8091e-005
443	0.38	0.	-1.09	3.0798e-005
444	0.27667	0.	-1.09	7.3263e-006
445	0.17333	0.	-1.09	-2.2511e-005
446	7.e-002	0.	-1.09	-5.1565e-005
447	-3.3333e-002	0.	-1.09	-5.3773e-005
448	-0.13667	0.	-1.09	-9.4506e-005
449	-0.24	0.	-1.09	-1.1609e-004
450	-0.34333	0.	-1.09	-7.0864e-005
451	-0.44667	0.	-1.09	-6.1039e-005
452	-0.55	0.	-1.09	-2.686e-005
453	-0.65333	0.	-1.09	-2.2745e-005
454	-0.75667	0.	-1.09	3.8557e-006
455	-0.86	0.	-1.09	2.1064e-005
456	-0.96333	0.	-1.09	3.4366e-005
457	-1.0667	0.	-1.09	6.0289e-005
458	-1.17	0.	-1.09	6.2558e-005
459	-1.2733	0.	-1.09	5.2363e-005
460	-1.3767	0.	-1.09	4.4818e-005
466	-1.48	0.	-0.99091	7.37e-005
467	-1.48	0.	-0.89182	1.8939e-004
468	-1.48	0.	-0.79273	3.3408e-004
469	-1.48	0.	-0.69364	4.907e-004
470	-1.48	0.	-0.59455	5.9705e-004
471	-1.48	0.	-0.49545	8.016e-004
472	-1.48	0.	-0.39636	9.4282e-004
473	-1.48	0.	-0.29727	1.078e-003
474	-1.48	0.	-0.19818	1.2342e-003
475	-1.48	0.	-9.9091e-002	1.3335e-003
481	0.1	0.	0.	0.10666
482	0.2	0.	0.	3.7433e-002
483	0.3	0.	0.	1.5822e-002
484	0.4	0.	0.	7.3847e-003
485	0.5	0.	0.	5.1928e-003
486	0.6	0.	0.	2.9041e-003
487	0.7	0.	0.	2.4039e-003
488	0.8	0.	0.	1.6861e-003
489	0.9	0.	0.	1.4147e-003
490	-1.38	0.	0.	1.4203e-003
491	-1.28	0.	0.	1.7265e-003
492	-1.18	0.	0.	2.2265e-003
493	-1.08	0.	0.	3.1669e-003
494	-0.98	0.	0.	4.7677e-003
495	-0.88	0.	0.	7.9584e-003
496	-0.78	0.	0.	1.2201e-002
497	-0.68	0.	0.	3.6981e-002
498	-0.58	0.	0.	0.11437
595	0.	0.	0.	0.36306
596	-0.48	0.	0.	0.34177
601	1.	0.	-1.09	3.8457e-005
602	1.	0.	0.	1.3303e-003
603	-1.48	0.	-1.09	3.5327e-005
604	-1.48	0.	0.	1.3422e-003
793	0.17027	0.	-0.59705	6.929e-005
794	-0.61833	0.	-0.59	-3.3019e-005
795	-0.55263	0.	-0.37883	4.1125e-004
796	6.9167e-002	0.	-0.34	1.343e-003
797	-0.20763	0.	-0.45053	-5.8086e-003
798	-1.0492	0.	-0.49318	1.2807e-003
799	0.58291	0.	-0.48465	1.3796e-003
800	-0.25841	0.	-0.78858	-9.1277e-004
801	-0.27521	0.	-0.28979	-2.0311e-002
802	2.4513e-002	0.	-0.2101	6.3866e-003
803	-0.52719	0.	-0.21658	6.2037e-003
804	-0.79917	0.	-0.41659	2.3713e-003
805	0.31917	0.	-0.41659	2.4582e-003
806	0.49269	0.	-0.8078	2.7113e-004
807	-0.95458	0.	-0.79159	3.1147e-004
808	-0.41187	0.	-0.5275	-2.3476e-003
809	-9.2682e-002	0.	-0.31098	-9.7901e-003
810	8.1111e-002	0.	-0.75667	-3.5821e-004
811	-6.312e-004	0.	-0.65064	-1.013e-003
812	-0.58542	0.	-0.92141	-1.5821e-004
813	-1.3049	0.	-0.72629	4.5216e-004
814	0.67208	0.	-0.77412	3.5234e-004
815	0.2405	0.	-0.35516	3.8317e-003
816	-0.60944	0.	-0.2822	5.2487e-003
817	0.61278	0.	-0.32879	1.989e-003
818	-1.1367	0.	-0.14181	2.3441e-003
819	-0.36302	0.	-0.28076	-1.3002e-002
820	-0.38139	0.	-0.73024	-1.0508e-003
821	-1.7774e-002	0.	-0.37191	-2.4859e-003
822	0.38657	0.	-0.13467	7.4312e-003
823	0.24289	0.	-0.13912	1.4432e-002
824	-0.86323	0.	-0.12722	7.054e-003
825	-0.12399	0.	-0.2336	-2.1839e-002
826	-0.88614	0.	-0.65571	6.2316e-004
827	0.37097	0.	-0.54159	1.0497e-003
828	0.85578	0.	-0.54171	7.191e-004
829	-1.3502	0.	-0.42899	9.8214e-004
830	-0.68278	0.	-0.83775	-5.3645e-005
831	0.37174	0.	-0.70514	4.4622e-004
832	-0.25035	0.	-0.66383	-1.7682e-003
833	-0.95779	0.	-0.2979	3.4651e-003
834	-0.10004	0.	-0.77537	-8.2386e-004
835	-0.34553	0.	-0.18514	-3.4276e-002
836	0.79255	0.	-0.28401	1.3886e-003
837	0.17744	0.	-0.94384	-5.3798e-005
838	-0.28263	0.	-0.38912	-8.9943e-003
839	-9.6761e-002	0.	-0.15538	-3.5134e-002
840	-7.3461e-003	0.	-0.52885	-1.4698e-003
841	-0.3877	0.	-0.41292	-4.978e-003
842	-0.49686	0.	-0.14435	1.8882e-002
843	2.5639e-002	0.	-0.15071	2.4994e-002
844	0.14342	0.	-0.16614	2.028e-002
845	9.0363e-002	0.	-0.11224	5.0586e-002
846	-0.26002	0.	-0.19558	-3.7169e-002
847	-0.12623	0.	-0.61277	-2.0767e-003
848	-1.2374	0.	-0.90814	2.0332e-004
849	-0.4512	0.	-0.88178	-4.0889e-004
850	0.859	0.	-0.84364	2.5867e-004
851	-0.54515	0.	-0.79129	-3.8798e-004
852	-0.70028	0.	-0.22331	8.6337e-003
853	-0.61427	0.	-0.18152	1.7509e-002
854	-0.5514	0.	-0.14867	3.0196e-002
855	-0.20552	0.	-0.93375	-3.5394e-004
856	0.10931	0.	-0.49743	2.5233e-004
857	-0.59175	0.	-0.47545	-1.3509e-004
858	-0.19262	0.	-0.34521	-1.1655e-002
859	-1.1297	0.	-0.75894	3.8718e-004
860	5.0415e-002	0.	-0.85991	-2.8568e-004
861	-1.177	0.	-0.60973	7.8086e-004
862	0.56761	0.	-0.1501	3.4809e-003
863	-0.39862	0.	-0.17498	-2.7276e-002
864	-1.0928	0.	-0.32879	1.8108e-003
865	-0.74901	0.	-0.62285	4.3153e-004
866	0.45384	0.	-0.3876	2.4273e-003
867	-1.3649	0.	-0.1533	1.3667e-003
868	0.73458	0.	-0.44477	1.0924e-003
869	0.34875	0.	-0.85516	1.3433e-004
870	-4.8299e-002	0.	-0.22542	-8.7343e-003
871	0.35032	0.	-0.29358	4.6591e-003
872	-0.43906	0.	-0.25667	-6.8579e-003
873	-0.30865	0.	-0.49625	-4.297e-003
874	-0.17369	0.	-0.16486	-4.7298e-002
875	-0.51954	0.	-0.6627	-6.7027e-004
876	0.60998	0.	-0.94063	1.463e-004
877	-0.10975	0.	-0.40848	-5.5027e-003
878	0.52188	0.	-0.64239	7.1272e-004
879	0.69215	0.	-0.60186	6.8195e-004
880	0.22181	0.	-0.74053	8.8412e-005
881	-0.71979	0.	-0.34858	4.1534e-003
882	-0.98957	0.	-0.94393	1.2821e-004
883	0.10396	0.	-0.24919	7.1945e-003
884	-0.83629	0.	-0.53891	1.2838e-003
885	0.23618	0.	-0.49097	1.2775e-003
886	-0.70999	0.	-0.48643	1.3542e-003
887	2.9503e-002	0.	-8.656e-002	0.11415
888	-0.49582	0.	-0.44963	-1.7164e-003
889	-0.79278	0.	-0.75217	2.5203e-004
890	-0.99472	0.	-0.15163	3.609e-003
891	-1.1928	0.	-0.46091	1.0941e-003
892	-0.65056	0.	-0.71388	-7.6509e-005
893	-0.33163	0.	-0.60042	-2.2163e-003
894	-0.83009	0.	-0.2733	5.6848e-003
895	-0.20094	0.	-0.25667	-2.3225e-002
896	1.0434e-002	0.	-0.28271	-2.1231e-003
897	-0.22177	0.	-0.5466	-2.9564e-003
898	0.47546	0.	-0.95994	8.3277e-005
899	-1.3451	0.	-0.57355	7.0536e-004
900	-0.41617	0.	-0.32662	-6.29e-003
901	-1.0264	0.	-0.65165	6.5935e-004
902	-7.3404e-002	0.	-0.87501	-4.2764e-004
903	0.27419	0.	-0.61505	4.8453e-004
904	-0.43249	0.	-0.13597	-1.7874e-002
905	0.73154	0.	-0.12378	1.9826e-003
906	-0.91687	0.	-0.43062	1.9959e-003
907	-0.51141	0.	-0.55382	-1.1906e-003
908	0.88803	0.	-0.41318	9.372e-004
909	0.4737	0.	-0.2582	3.541e-003
910	-1.239	0.	-0.35095	1.2379e-003
911	0.87639	0.	-0.97121	1.3628e-004
912	-0.1161	0.	-0.49854	-3.8235e-003
913	1.2149e-002	0.	-0.97716	-1.4411e-004
914	0.86609	0.	-0.6909	4.6047e-004
915	-0.36076	0.	-0.99515	-1.8081e-004
916	0.18444	0.	-0.21897	1.0192e-002
917	-3.6149e-002	0.	-0.15771	-7.7652e-003
918	-0.30925	0.	-0.14076	-5.5383e-002
919	-0.8404	0.	-0.87638	1.5587e-004
920	0.8766	0.	-0.16496	1.3673e-003
921	-1.3632	0.	-0.96813	9.7253e-005
922	-0.6713	0.	-0.12946	2.1168e-002
923	-1.3645	0.	-0.29671	1.1287e-003
924	-0.32891	0.	-0.87385	-5.5908e-004
925	0.2641	0.	-0.24222	8.6679e-003
926	-0.50337	0.	-0.30342	4.5513e-004
927	-0.43111	0.	-0.61763	-1.3962e-003
928	-0.32065	0.	-0.23632	-2.171e-002
929	0.35337	0.	-0.97373	5.1095e-005
930	0.75013	0.	-0.9516	1.6942e-004
931	-0.37032	0.	-0.13604	-4.8797e-002
932	0.16413	0.	-0.29929	5.324e-003
933	-0.49709	0.	-9.169e-002	8.4924e-002
934	-0.94298	0.	-0.55402	9.9808e-004
935	-1.2293	0.	-0.23468	1.5518e-003
936	-0.23287	0.	-0.13307	-6.7915e-002
937	7.3525e-002	0.	-0.58275	-5.5919e-004
938	-9.4837e-003	0.	-0.11797	1.9425e-002
939	-0.6377	0.	-0.39286	1.5384e-003
940	0.14909	0.	-0.40103	1.8641e-003
941	-0.47769	0.	-0.36943	-2.4516e-003
942	-0.39441	0.	-0.22542	-1.76e-002
943	4.5724e-002	0.	-0.42787	-1.6119e-003
944	-1.3502	0.	-0.84661	2.5249e-004
945	0.46484	0.	-0.50464	1.262e-003
946	-0.7568	0.	-0.12481	1.4608e-002
947	-1.124	0.	-0.92447	1.6163e-004
948	-0.46523	0.	-0.10919	1.437e-002
949	-1.2556	0.	-9.1157e-002	1.7784e-003
950	-6.2242e-002	0.	-0.12404	-2.937e-002
951	-0.44964	0.	-0.19235	-5.3909e-003
952	0.17881	0.	-7.2728e-002	2.8722e-002
953	-0.34495	0.	-0.33984	-9.7181e-003
954	-0.10943	0.	-0.98974	-1.9544e-004
955	7.8501e-002	0.	-0.18109	2.0136e-002
956	-0.5336	0.	-5.2843e-002	0.1551
957	-2.1137e-002	0.	-0.7695	-5.3813e-004
958	-0.58721	0.	-9.1288e-002	5.4238e-002
959	-0.50972	0.	-1.0067	-9.5852e-005
960	-4.105e-002	0.	-0.44713	-3.076e-003
961	-0.71288	0.	-0.95998	9.6553e-006
962	-0.86149	0.	-0.98387	4.33e-005
3111	0.	0.	-6.75e-002	0.24906
3112	5.e-002	0.	-3.e-002	0.19515
3113	0.	0.	-3.e-002	0.32335
3114	1.4751e-002	0.	-7.328e-002	0.1989
3164	-0.48	0.	-6.75e-002	0.22365
3165	-0.48	0.	-3.e-002	0.31119
3166	-0.5068	0.	-5.6421e-002	0.21785
3866	-0.468	0.	-9.e-002	3.8211e-002
3867	-0.444	0.	-9.e-002	-9.9903e-003
3868	-0.46062	0.	-9.9597e-002	1.0325e-002
3871	-0.48	0.	-8.25e-002	0.11842
3872	-0.48854	0.	-9.0845e-002	7.7534e-002
3873	-0.47262	0.	-9.9597e-002	4.2256e-002
3876	-0.408	0.	-9.e-002	-4.1003e-002
3877	-0.43225	0.	-0.11298	-2.2067e-002
3878	-0.44862	0.	-9.9597e-002	-5.945e-003
3881	-0.36	0.	-9.e-002	-6.3366e-002
3882	-0.40825	0.	-0.11298	-3.681e-002
3883	-0.37716	0.	-0.11302	-5.2271e-002
3886	-0.312	0.	-9.e-002	-7.4785e-002
3887	-0.32263	0.	-0.11538	-6.3185e-002
3888	-0.35316	0.	-0.11302	-5.9892e-002
3891	-0.264	0.	-9.e-002	-8.236e-002
3892	-0.29863	0.	-0.11538	-6.6983e-002
3893	-0.26043	0.	-0.11154	-7.3249e-002
3897	-0.216	0.	-9.e-002	-8.0311e-002
3898	-0.23643	0.	-0.11154	-7.7026e-002
3900	-0.168	0.	-9.e-002	-6.9701e-002
3901	-0.18285	0.	-0.12743	-6.0891e-002
3902	-0.21243	0.	-0.11154	-7.1199e-002
3904	-0.12	0.	-9.e-002	-5.8985e-002
3905	-0.12038	0.	-0.12269	-5.0026e-002
3906	-0.15885	0.	-0.12743	-5.6108e-002
3909	-7.2e-002	0.	-9.e-002	-4.7144e-002
3910	-9.638e-002	0.	-0.12269	-4.4093e-002
3911	-7.9121e-002	0.	-0.10702	-4.1211e-002
3914	-3.6e-002	0.	-9.e-002	-2.796e-002
3915	-5.5121e-002	0.	-0.10702	-3.5303e-002
3917	-1.2e-002	0.	-9.e-002	2.5147e-002
3918	-1.6742e-002	0.	-0.10398	2.3699e-003
3919	-4.3121e-002	0.	-0.10702	-2.2027e-002
3922	0.	0.	-8.25e-002	0.13972
3923	1.4751e-002	0.	-8.828e-002	8.9564e-002
3924	-4.7418e-003	0.	-0.10398	4.2202e-002
3980	-0.48854	0.	-8.3345e-002	0.12581
3981	-0.5068	0.	-6.3921e-002	0.16089
3994	1.4751e-002	0.	-8.078e-002	0.16431
4430	1.	0.	-0.14864	1.2745e-003
4432	0.95	0.	-4.9545e-002	1.3689e-003
4433	1.	0.	-4.9545e-002	1.3267e-003
4434	0.9383	0.	-0.13203	1.3452e-003
4436	1.	0.	-0.24773	1.1728e-003
4437	0.9383	0.	-0.18157	1.2966e-003
4440	1.	0.	-0.34682	1.0277e-003
4441	0.89628	0.	-0.29064	1.2541e-003
4442	0.94402	0.	-0.35523	1.0284e-003
4443	0.9383	0.	-0.23112	1.2434e-003
4447	1.	0.	-0.44591	8.6254e-004
4448	0.94402	0.	-0.40477	9.3649e-004
4450	1.	0.	-0.545	6.8784e-004
4451	0.92789	0.	-0.51858	7.542e-004
4452	0.94402	0.	-0.45432	8.6325e-004
4455	1.	0.	-0.64409	5.2139e-004
4456	0.92789	0.	-0.56813	6.5274e-004
4457	0.93304	0.	-0.64272	5.2343e-004
4461	1.	0.	-0.74318	4.0055e-004
4462	0.93304	0.	-0.69227	4.5843e-004
4466	1.	0.	-0.84227	2.6997e-004
4467	0.9295	0.	-0.81818	3.0168e-004
4468	0.93304	0.	-0.74181	4.0259e-004
4472	1.	0.	-0.94136	1.3648e-004
4473	0.9295	0.	-0.86773	2.2696e-004
4474	0.93819	0.	-0.93151	1.6577e-004
4478	0.94833	0.	-1.0405	6.2208e-005
4479	1.	0.	-1.0405	5.8087e-005
4480	0.93819	0.	-0.98106	1.07e-004
4550	0.845	0.	-1.09	5.3908e-005
4551	0.94833	0.	-1.09	4.2578e-005
4552	0.88653	0.	-1.0306	9.1491e-005
4556	0.74167	0.	-1.09	6.356e-005
4557	0.83486	0.	-1.0306	9.87e-005
4558	0.77173	0.	-1.0208	1.1527e-004
4562	0.63833	0.	-1.09	6.4112e-005
4563	0.64999	0.	-1.0153	1.0615e-004
4564	0.72006	0.	-1.0208	1.1771e-004
4568	0.535	0.	-1.09	5.0156e-005
4569	0.59832	0.	-1.0153	1.0426e-004
4570	0.53106	0.	-1.025	7.2749e-005
4574	0.43167	0.	-1.09	3.4444e-005
4575	0.4794	0.	-1.025	6.0684e-005
4578	0.32833	0.	-1.09	1.9062e-005
4579	0.42773	0.	-1.025	5.7038e-005
4580	0.36668	0.	-1.0319	4.0946e-005
4582	0.225	0.	-1.09	-7.5924e-006
4583	0.22705	0.	-1.0169	-2.3236e-005
4584	0.31502	0.	-1.0319	2.921e-005
4588	0.12167	0.	-1.09	-3.7038e-005
4589	0.17539	0.	-1.0169	-3.8154e-005
4594	1.8333e-002	0.	-1.09	-5.2669e-005
4595	0.12372	0.	-1.0169	-5.2682e-005
4596	4.1074e-002	0.	-1.0336	-9.7836e-005
4599	-8.5e-002	0.	-1.09	-7.4139e-005
4600	-1.0592e-002	0.	-1.0336	-9.8939e-005
4601	-7.1382e-002	0.	-1.0399	-1.2461e-004
4604	-0.18833	0.	-1.09	-1.053e-004
4605	-0.12305	0.	-1.0399	-1.4497e-004
4609	-0.29167	0.	-1.09	-9.3475e-005
4610	-0.22276	0.	-1.0119	-2.3501e-004
4611	-0.30038	0.	-1.0426	-1.4845e-004
4612	-0.17472	0.	-1.0399	-1.5576e-004
4615	-0.395	0.	-1.09	-6.5952e-005
4616	-0.35205	0.	-1.0426	-1.2584e-004
4620	-0.49833	0.	-1.09	-4.3949e-005
4621	-0.40372	0.	-1.0426	-1.2093e-004
4622	-0.47819	0.	-1.0483	-7.8446e-005
4626	-0.60167	0.	-1.09	-2.4802e-005
4627	-0.52986	0.	-1.0483	-6.1356e-005
4629	-0.705	0.	-1.09	-9.4444e-006
4630	-0.61938	0.	-1.0057	-9.0476e-005
4631	-0.58153	0.	-1.0483	-5.9298e-005
4632	-0.68311	0.	-1.025	-6.5447e-006
4636	-0.80833	0.	-1.09	1.246e-005
4637	-0.73477	0.	-1.025	6.7555e-006
4638	-0.80908	0.	-1.0369	2.3578e-005
4642	-0.91167	0.	-1.09	2.7715e-005
4643	-0.86075	0.	-1.0369	3.2182e-005
4646	-1.015	0.	-1.09	4.7327e-005
4647	-0.97645	0.	-1.017	8.1288e-005
4648	-0.91241	0.	-1.0369	3.8833e-005
4650	-1.1183	0.	-1.09	6.1423e-005
4651	-1.0281	0.	-1.017	9.425e-005
4652	-1.0953	0.	-1.0072	1.1096e-004
4657	-1.2217	0.	-1.09	5.7461e-005
4658	-1.2037	0.	-0.99907	1.3294e-004
4659	-1.147	0.	-1.0072	1.1209e-004
4661	-1.325	0.	-1.09	4.8591e-005
4662	-1.2554	0.	-0.99907	1.2784e-004
4663	-1.3183	0.	-1.0291	7.4808e-005
4667	-1.4283	0.	-1.0405	5.9259e-005
4668	-1.4283	0.	-1.09	4.0072e-005
4669	-1.3699	0.	-1.0291	7.1036e-005
4699	-1.48	0.	-0.94136	1.3155e-004
4700	-1.48	0.	-1.0405	5.4513e-005
4701	-1.4216	0.	-0.97952	8.5477e-005
4704	-1.48	0.	-0.84227	2.6173e-004
4705	-1.4216	0.	-0.92997	1.4332e-004
4706	-1.4151	0.	-0.86921	2.2094e-004
4710	-1.48	0.	-0.74318	4.1239e-004
4711	-1.3924	0.	-0.75951	3.9312e-004
4712	-1.4151	0.	-0.81967	2.9328e-004
4716	-1.48	0.	-0.64409	5.4387e-004
4717	-1.3924	0.	-0.70996	4.7143e-004
4718	-1.4125	0.	-0.63359	5.9803e-004
4720	-1.48	0.	-0.545	6.9932e-004
4721	-1.4125	0.	-0.58405	6.512e-004
4724	-1.48	0.	-0.44591	8.7221e-004
4725	-1.4151	0.	-0.46222	8.9187e-004
4726	-1.4125	0.	-0.5345	7.5348e-004
4730	-1.48	0.	-0.34682	1.0104e-003
4731	-1.4151	0.	-0.41268	9.6248e-004
4732	-1.4222	0.	-0.34654	1.0358e-003
4735	-1.48	0.	-0.24773	1.1561e-003
4736	-1.4222	0.	-0.29699	1.1034e-003
4739	-1.48	0.	-0.14864	1.2839e-003
4740	-1.4225	0.	-0.17574	1.3005e-003
4741	-1.4222	0.	-0.24745	1.1815e-003
4745	-1.43	0.	-4.9545e-002	1.3769e-003
4746	-1.48	0.	-4.9545e-002	1.3378e-003
4747	-1.4225	0.	-0.1262	1.3501e-003
4790	0.15	0.	0.	7.2045e-002
4791	5.e-002	0.	0.	0.23486
4795	9.5181e-002	0.	-5.6122e-002	7.8621e-002
4796	6.4751e-002	0.	-4.328e-002	0.1104
4797	0.13941	0.	-3.6364e-002	6.7689e-002
4807	0.25	0.	0.	2.6627e-002
4811	0.18941	0.	-3.6364e-002	3.3078e-002
4817	0.35	0.	0.	1.1603e-002
4820	0.34328	0.	-6.7335e-002	1.1626e-002
4821	0.27145	0.	-6.956e-002	1.5127e-002
4822	0.23941	0.	-3.6364e-002	2.2272e-002
4826	0.45	0.	0.	6.2888e-003
4828	0.39328	0.	-6.7335e-002	7.408e-003
4832	0.55	0.	0.	4.0485e-003
4835	0.44328	0.	-6.7335e-002	6.312e-003
4836	0.5338	0.	-7.5051e-002	4.3369e-003
4841	0.65	0.	0.	2.654e-003
4844	0.5838	0.	-7.5051e-002	3.1925e-003
4845	0.66577	0.	-6.1892e-002	2.4433e-003
4848	0.75	0.	0.	2.045e-003
4850	0.71577	0.	-6.1892e-002	2.1933e-003
4854	0.85	0.	0.	1.5504e-003
4857	0.76577	0.	-6.1892e-002	1.8343e-003
4858	0.8383	0.	-8.2481e-002	1.5267e-003
4864	0.95	0.	0.	1.3725e-003
4866	0.8883	0.	-8.2481e-002	1.391e-003
4872	-1.33	0.	0.	1.5734e-003
4874	-1.43	0.	0.	1.3812e-003
4876	-1.3725	0.	-7.6652e-002	1.3935e-003
4877	-1.3178	0.	-4.5578e-002	1.5993e-003
4880	-1.23	0.	0.	1.9765e-003
4883	-1.2678	0.	-4.5578e-002	1.7525e-003
4887	-1.13	0.	0.	2.6967e-003
4889	-1.1584	0.	-7.0907e-002	2.2853e-003
4890	-1.2178	0.	-4.5578e-002	2.0024e-003
4894	-1.03	0.	0.	3.9673e-003
4897	-1.1084	0.	-7.0907e-002	2.7555e-003
4898	-1.0374	0.	-7.5814e-002	3.388e-003
4901	-0.93	0.	0.	6.3631e-003
4904	-0.92162	0.	-6.3608e-002	5.9109e-003
4905	-0.98736	0.	-7.5814e-002	4.1884e-003
4912	-0.83	0.	0.	1.008e-002
4914	-0.87162	0.	-6.3608e-002	7.5062e-003
4916	-0.73	0.	0.	2.4591e-002
4920	-0.82162	0.	-6.3608e-002	9.6275e-003
4921	-0.7684	0.	-6.2406e-002	1.3404e-002
4926	-0.63	0.	0.	7.5676e-002
4928	-0.67565	0.	-6.4728e-002	2.9075e-002
4929	-0.7184	0.	-6.2406e-002	2.5795e-002
4930	-0.63361	0.	-4.5644e-002	4.561e-002
4935	-0.53	0.	0.	0.22807
4937	-0.5568	0.	-2.6421e-002	0.13473
4938	-0.58361	0.	-4.5644e-002	8.4304e-002
5463	-0.5068	0.	-2.6421e-002	0.24843
6603	0.12569	0.	-0.67686	-1.4446e-004
6604	0.13979	0.	-0.54724	1.6081e-004
6605	0.19604	0.	-0.66879	7.8851e-005
6606	0.20323	0.	-0.54401	6.7339e-004
6607	0.22223	0.	-0.60605	2.7691e-004
6608	0.1219	0.	-0.5899	-2.4495e-004
6611	-0.60504	0.	-0.53273	-8.4055e-005
6612	-0.68367	0.	-0.60643	1.9926e-004
6613	-0.56894	0.	-0.62635	-3.5165e-004
6614	-0.66416	0.	-0.53822	6.6059e-004
6615	-0.63444	0.	-0.65194	-5.4764e-005
6616	-0.56487	0.	-0.57191	-6.118e-004
6622	-0.58104	0.	-0.33051	2.83e-003
6623	-0.57219	0.	-0.42714	1.3808e-004
6624	-0.52422	0.	-0.41423	-6.5256e-004
6625	-0.528	0.	-0.34112	4.3319e-004
6626	-0.59516	0.	-0.38585	9.7481e-004
6627	-0.51516	0.	-0.37413	-1.0202e-003
6630	2.5696e-002	0.	-0.35596	-5.7145e-004
6631	8.6565e-002	0.	-0.29459	4.2688e-003
6632	3.98e-002	0.	-0.31135	-3.9006e-004
6633	0.11665	0.	-0.31964	3.3335e-003
6634	0.10913	0.	-0.37051	1.6036e-003
6635	5.7445e-002	0.	-0.38393	-1.3442e-004
6639	-0.24513	0.	-0.41982	-7.4014e-003
6640	-0.20013	0.	-0.39787	-8.732e-003
6641	-0.25814	0.	-0.47339	-5.0528e-003
6642	-0.15869	0.	-0.4295	-5.6557e-003
6643	-0.2147	0.	-0.49856	-4.3825e-003
6644	-0.16186	0.	-0.47454	-4.8161e-003
6648	-1.1131	0.	-0.55146	1.0308e-003
6649	-1.071	0.	-0.41098	1.5457e-003
6650	-1.121	0.	-0.47705	1.1874e-003
6651	-1.0378	0.	-0.57242	9.7003e-004
6652	-0.98302	0.	-0.4619	1.6383e-003
6653	-0.99607	0.	-0.5236	1.1394e-003
6657	0.59784	0.	-0.40672	1.6843e-003
6658	0.51837	0.	-0.43612	1.9035e-003
6659	0.65874	0.	-0.46471	1.236e-003
6660	0.55239	0.	-0.56352	1.0462e-003
6661	0.63753	0.	-0.54325	1.0308e-003
6662	0.52387	0.	-0.49464	1.3208e-003
6667	-0.3199	0.	-0.75941	-9.8179e-004
6668	-0.25438	0.	-0.72621	-1.3405e-003
6669	-0.17922	0.	-0.78198	-8.6831e-004
6670	-0.23196	0.	-0.86117	-6.3335e-004
6671	-0.29366	0.	-0.83122	-7.3592e-004
6675	-0.31911	0.	-0.28528	-1.6657e-002
6676	-0.27892	0.	-0.33946	-1.4653e-002
6677	-0.26761	0.	-0.24269	-2.874e-002
6678	-0.23391	0.	-0.3175	-1.5983e-002
6679	-0.23808	0.	-0.27323	-2.1768e-002
6680	-0.29793	0.	-0.26306	-2.1011e-002
6681	-0.31008	0.	-0.31482	-1.5015e-002
6687	2.5076e-002	0.	-0.1804	1.5691e-002
6688	-1.1893e-002	0.	-0.21776	-1.1738e-003
6689	6.4239e-002	0.	-0.22964	6.7906e-003
6690	1.7474e-002	0.	-0.2464	2.1317e-003
6691	-5.8179e-003	0.	-0.1839	-6.8929e-004
6692	5.1507e-002	0.	-0.1956	1.3262e-002
6698	-0.56832	0.	-0.24939	5.7262e-003
6699	-0.51202	0.	-0.18047	1.2543e-002
6700	-0.57073	0.	-0.19905	1.1856e-002
6701	-0.53929	0.	-0.18263	1.82e-002
6702	-0.48312	0.	-0.23662	-3.2712e-004
6703	-0.51528	0.	-0.26	3.3294e-003
6704	-0.48841	0.	-0.20447	4.0639e-004
6708	-0.75948	0.	-0.38258	3.2624e-003
6709	-0.81773	0.	-0.47775	1.8276e-003
6710	-0.75458	0.	-0.45151	1.8628e-003
6711	-0.81463	0.	-0.34494	4.028e-003
6712	-0.85802	0.	-0.42361	2.1836e-003
6714	0.27984	0.	-0.38587	3.1449e-003
6715	0.34507	0.	-0.47909	1.7539e-003
6716	0.3865	0.	-0.40209	2.4428e-003
6717	0.33474	0.	-0.35509	3.5587e-003
6718	0.27767	0.	-0.45378	1.8679e-003
6719	0.392	0.	-0.46062	1.8601e-003
6725	0.58238	0.	-0.79096	3.1173e-004
6726	0.43222	0.	-0.75647	3.5867e-004
6727	0.42072	0.	-0.83148	2.0273e-004
6728	0.55134	0.	-0.87422	2.0871e-004
6729	0.50728	0.	-0.72509	4.9192e-004
6730	0.48408	0.	-0.88387	1.772e-004
6735	-0.92036	0.	-0.72365	4.6731e-004
6736	-1.0422	0.	-0.77527	3.4932e-004
6737	-0.97208	0.	-0.86776	2.1984e-004
6738	-0.87368	0.	-0.77188	2.8175e-004
6739	-0.99052	0.	-0.72162	4.8541e-004
6740	-0.89749	0.	-0.83398	2.3367e-004
6741	-1.0393	0.	-0.85803	2.3655e-004
6745	-0.39979	0.	-0.47021	-3.6628e-003
6746	-0.36026	0.	-0.51188	-3.3223e-003
6747	-0.45385	0.	-0.48857	-2.032e-003
6748	-0.37175	0.	-0.56396	-2.282e-003
6749	-0.46164	0.	-0.54066	-1.7691e-003
6750	-0.42149	0.	-0.57257	-1.8719e-003
6755	-5.5228e-002	0.	-0.34145	-6.138e-003
6756	-0.10834	0.	-0.27229	-1.5814e-002
6757	-0.14265	0.	-0.3281	-1.0723e-002
6758	-7.049e-002	0.	-0.2682	-9.2622e-003
6759	-0.10122	0.	-0.35973	-7.6464e-003
6760	-0.14681	0.	-0.28382	-1.6507e-002
6761	-4.1124e-002	0.	-0.29685	-5.9566e-003
6767	4.024e-002	0.	-0.70365	-6.8562e-004
6768	0.12927	0.	-0.85025	-2.0601e-004
6769	6.5763e-002	0.	-0.80829	-3.2195e-004
6770	0.15146	0.	-0.7486	-1.349e-004
6771	7.7318e-002	0.	-0.66971	-4.587e-004
6772	2.9987e-002	0.	-0.76308	-4.4817e-004
6776	-5.0336e-002	0.	-0.713	-9.1844e-004
6777	-3.9887e-003	0.	-0.58974	-1.2414e-003
6778	-6.3432e-002	0.	-0.6317	-1.5449e-003
6779	3.6447e-002	0.	-0.61669	-7.8611e-004
6780	-1.0884e-002	0.	-0.71007	-7.7557e-004
6785	-0.6341	0.	-0.87958	-1.0593e-004
6786	-0.51831	0.	-0.90159	-2.8355e-004
6787	-0.56528	0.	-0.85635	-2.7309e-004
6788	-0.54757	0.	-0.96404	-1.2703e-004
6789	-0.64915	0.	-0.94069	-7.4276e-005
6793	-1.2711	0.	-0.81722	3.2774e-004
6794	-1.2173	0.	-0.74261	4.1967e-004
6795	-1.2409	0.	-0.66801	6.1651e-004
6796	-1.325	0.	-0.64992	5.7876e-004
6797	-1.3275	0.	-0.78645	3.5232e-004
6802	0.76554	0.	-0.80888	3.055e-004
6803	0.64103	0.	-0.85738	2.4932e-004
6804	0.59698	0.	-0.70825	5.3253e-004
6805	0.68211	0.	-0.68799	5.1715e-004
6806	0.76908	0.	-0.73251	4.064e-004
6807	0.7111	0.	-0.86286	2.6088e-004
6811	0.29541	0.	-0.32437	4.2454e-003
6812	0.23834	0.	-0.42306	2.5546e-003
6813	0.2523	0.	-0.29869	6.2498e-003
6814	0.20232	0.	-0.32722	4.5778e-003
6815	0.1948	0.	-0.37809	2.8479e-003
6819	-0.65486	0.	-0.25275	6.9412e-003
6820	-0.61186	0.	-0.23186	1.1379e-002
6821	-0.66462	0.	-0.31539	4.7011e-003
6822	-0.55641	0.	-0.29281	2.8519e-003
6823	-0.62357	0.	-0.33753	3.3936e-003
6827	0.70266	0.	-0.3064	1.6888e-003
6828	0.59019	0.	-0.23945	2.735e-003
6829	0.53331	0.	-0.35819	2.2082e-003
6830	0.67368	0.	-0.38678	1.5407e-003
6831	0.67216	0.	-0.22629	1.9858e-003
6832	0.54324	0.	-0.29349	2.765e-003
6838	-1.1147	0.	-0.2353	2.0774e-003
6839	-1.0657	0.	-0.14672	2.9765e-003
6840	-1.183	0.	-0.18825	1.9479e-003
6841	-1.1962	0.	-0.11649	2.0612e-003
6847	-0.40104	0.	-0.26872	-9.9298e-003
6848	-0.3896	0.	-0.30369	-9.6458e-003
6849	-0.34184	0.	-0.25854	-1.7356e-002
6850	-0.37872	0.	-0.25309	-1.5301e-002
6851	-0.35399	0.	-0.3103	-1.136e-002
6855	-0.31587	0.	-0.69704	-1.4095e-003
6856	-0.4163	0.	-0.80601	-7.2985e-004
6857	-0.46327	0.	-0.76077	-7.194e-004
6858	-0.45047	0.	-0.69647	-8.6054e-004
6859	-0.35651	0.	-0.66533	-1.6336e-003
6860	-0.35515	0.	-0.80205	-8.0495e-004
6861	-0.40625	0.	-0.67394	-1.2235e-003
6866	-6.3764e-002	0.	-0.39019	-3.9943e-003
6867	-3.6702e-003	0.	-0.32731	-2.3045e-003
6868	1.3975e-002	0.	-0.39989	-2.0489e-003
6869	-2.9412e-002	0.	-0.40952	-2.781e-003
6873	0.31473	0.	-0.1369	1.0932e-002
6874	0.47709	0.	-0.14239	5.4561e-003
6875	0.36844	0.	-0.21413	6.0452e-003
6876	0.43014	0.	-0.19643	5.4861e-003
6877	0.32534	0.	-0.18845	8.0495e-003
6884	0.19316	0.	-0.15263	1.7356e-002
6885	0.21367	0.	-0.17904	1.2312e-002
6886	0.2535	0.	-0.19067	1.155e-002
6887	0.21085	0.	-0.10592	2.1577e-002
6890	-0.91051	0.	-0.21256	5.2596e-003
6891	-0.92898	0.	-0.13942	5.3315e-003
6892	-0.84666	0.	-0.20026	6.3694e-003
6893	-0.81002	0.	-0.12601	1.0831e-002
6898	-0.11038	0.	-0.19449	-2.8486e-002
6899	-8.6146e-002	0.	-0.22951	-1.5286e-002
6900	-0.14884	0.	-0.19923	-3.4569e-002
6901	-0.16247	0.	-0.24513	-2.2532e-002
6908	-0.81758	0.	-0.63928	5.2735e-004
6909	-0.86122	0.	-0.59731	9.535e-004
6910	-0.83946	0.	-0.70394	4.376e-004
6911	-0.9563	0.	-0.65368	6.4126e-004
6912	-0.91456	0.	-0.60487	8.1062e-004
6917	0.37136	0.	-0.62336	7.4795e-004
6918	0.44642	0.	-0.59199	8.812e-004
6919	0.30358	0.	-0.51628	1.1636e-003
6920	0.32258	0.	-0.57832	7.6711e-004
6921	0.41791	0.	-0.52312	1.1558e-003
6925	0.79518	0.	-0.49324	9.0576e-004
6926	0.77396	0.	-0.57178	7.0053e-004
6927	0.8719	0.	-0.47745	8.2815e-004
6928	0.86093	0.	-0.6163	5.8978e-004
6932	-1.2715	0.	-0.44495	1.0381e-003
6933	-1.3477	0.	-0.50127	8.4375e-004
6934	-1.2946	0.	-0.38997	1.11e-003
6935	-1.3574	0.	-0.36285	1.0554e-003
6938	-0.61396	0.	-0.81452	-2.2081e-004
6939	-0.73778	0.	-0.79496	9.9192e-005
6940	-0.66667	0.	-0.77581	-6.5077e-005
6941	-0.76159	0.	-0.85707	5.1112e-005
6942	-0.69783	0.	-0.89886	-2.1995e-005
6946	0.36025	0.	-0.78015	2.9027e-004
6947	0.44681	0.	-0.67376	5.7947e-004
6948	0.29678	0.	-0.72283	2.6731e-004
6949	0.32297	0.	-0.6601	4.6537e-004
6953	-0.1752	0.	-0.7196	-1.296e-003
6954	-0.18829	0.	-0.6383	-1.9224e-003
6955	-0.29099	0.	-0.63212	-1.9922e-003
6956	-0.23606	0.	-0.60521	-2.3623e-003
6961	-1.0253	0.	-0.31335	2.638e-003
6962	-0.97626	0.	-0.22477	3.5371e-003
6963	-0.89394	0.	-0.2856	4.5749e-003
6964	-0.93733	0.	-0.36426	2.7305e-003
6968	-0.11314	0.	-0.69407	-1.4503e-003
6969	-0.15278	0.	-0.85456	-5.889e-004
6970	-8.6723e-002	0.	-0.82519	-6.2575e-004
6971	-6.0589e-002	0.	-0.77243	-6.8099e-004
6976	-0.30278	0.	-0.19036	-3.5722e-002
6977	-0.37208	0.	-0.18006	-3.0776e-002
6978	-0.32739	0.	-0.16295	-4.4829e-002
6979	-0.33309	0.	-0.21073	-2.7993e-002
6980	-0.35793	0.	-0.16059	-4.1537e-002
6981	-0.36997	0.	-0.20528	-2.5938e-002
6985	0.76357	0.	-0.36439	1.2405e-003
6986	0.76205	0.	-0.2039	1.6856e-003
6987	0.84029	0.	-0.34859	1.1629e-003
6988	0.83457	0.	-0.22449	1.3779e-003
6992	0.11393	0.	-0.90187	-1.6974e-004
6993	0.26309	0.	-0.8995	4.0267e-005
6994	0.19962	0.	-0.84218	1.7307e-005
6995	9.4793e-002	0.	-0.9605	-9.8952e-005
6996	0.2654	0.	-0.95878	-1.3516e-006
7000	-0.33517	0.	-0.40102	-6.9861e-003
7001	-0.23763	0.	-0.36716	-1.0325e-002
7002	-0.29564	0.	-0.44268	-6.6456e-003
7003	-0.31379	0.	-0.36448	-9.3562e-003
7007	-7.253e-002	0.	-0.1904	-2.1934e-002
7008	-0.13523	0.	-0.16012	-4.1216e-002
7009	-6.6455e-002	0.	-0.15655	-2.1449e-002
7010	-7.9502e-002	0.	-0.13971	-3.2252e-002
7014	-6.679e-002	0.	-0.57081	-1.7732e-003
7015	5.098e-002	0.	-0.51314	-6.0872e-004
7016	-6.1722e-002	0.	-0.5137	-2.6467e-003
7017	3.309e-002	0.	-0.5558	-1.0145e-003
7018	1.9189e-002	0.	-0.47836	-1.5408e-003
7019	-2.4198e-002	0.	-0.48799	-2.2729e-003
7024	-0.34817	0.	-0.45458	-4.6375e-003
7025	-0.44176	0.	-0.43127	-3.3472e-003
7026	-0.40194	0.	-0.36977	-5.634e-003
7027	-0.4327	0.	-0.39117	-3.7148e-003
7028	-0.36632	0.	-0.37638	-7.348e-003
7033	-0.52413	0.	-0.14651	2.4539e-002
7034	-0.46467	0.	-0.14016	5.0374e-004
7035	-0.49697	0.	-0.11802	5.1903e-002
7036	-0.48104	0.	-0.12677	1.6626e-002
7037	-0.47325	0.	-0.16835	6.7453e-003
7042	5.8001e-002	0.	-0.13147	3.779e-002
7043	2.7571e-002	0.	-0.11863	6.9572e-002
7044	-5.255e-003	0.	-0.15421	8.6146e-003
7045	8.0778e-003	0.	-0.13434	2.2209e-002
7046	5.207e-002	0.	-0.1659	2.2565e-002
7050	0.11689	0.	-0.13919	3.5433e-002
7051	0.12369	0.	-0.20766	1.3737e-002
7052	0.16393	0.	-0.19255	1.5236e-002
7053	0.16112	0.	-0.11943	2.4501e-002
7054	0.11096	0.	-0.17361	2.0208e-002
7058	5.9933e-002	0.	-9.9402e-002	8.2368e-002
7059	0.13459	0.	-9.2486e-002	3.9654e-002
7060	8.4432e-002	0.	-0.14667	3.5361e-002
7066	-0.21686	0.	-0.18022	-4.2234e-002
7067	-0.23048	0.	-0.22612	-3.0197e-002
7068	-0.28464	0.	-0.16817	-4.6276e-002
7069	-0.29034	0.	-0.21595	-2.9439e-002
7070	-0.24644	0.	-0.16432	-5.2542e-002
7074	-0.174	0.	-0.57968	-2.5165e-003
7075	-0.12117	0.	-0.55566	-2.9501e-003
7080	-1.1836	0.	-0.83354	2.9525e-004
7081	-1.3003	0.	-0.93814	1.5029e-004
7082	-1.2938	0.	-0.87738	2.2791e-004
7083	-1.1807	0.	-0.91631	1.8247e-004
7089	-0.49817	0.	-0.83653	-3.9843e-004
7090	-0.40598	0.	-0.93846	-2.9485e-004
7091	-0.39006	0.	-0.87781	-4.8398e-004
7092	-0.48046	0.	-0.94422	-2.5237e-004
7097	0.8677	0.	-0.90743	1.9748e-004
7098	0.86255	0.	-0.76727	3.5957e-004
7099	0.80457	0.	-0.89762	2.1404e-004
7105	-0.53235	0.	-0.727	-5.2913e-004
7106	-0.59785	0.	-0.75258	-2.3224e-004
7108	-0.65728	0.	-0.20241	1.3071e-002
7109	-0.71004	0.	-0.28594	6.3936e-003
7110	-0.76519	0.	-0.2483	7.1592e-003
7111	-0.68579	0.	-0.17638	1.4901e-002
7112	-0.72854	0.	-0.17406	1.1621e-002
7116	-0.58284	0.	-0.16509	2.3852e-002
7117	-0.64279	0.	-0.15549	1.9338e-002
7118	-0.60074	0.	-0.1364	3.5874e-002
7122	-0.52424	0.	-0.12018	5.756e-002
7123	-0.56931	0.	-0.11998	4.2217e-002
7129	-0.13946	0.	-0.90438	-3.9079e-004
7130	-0.28314	0.	-0.96445	-2.6737e-004
7131	-0.26722	0.	-0.9038	-4.5651e-004
7132	-0.15748	0.	-0.96174	-2.7469e-004
7137	0.17274	0.	-0.4942	7.6491e-004
7138	9.1416e-002	0.	-0.54009	-1.5343e-004
7139	0.1292	0.	-0.44923	1.0582e-003
7140	7.7516e-002	0.	-0.46265	-6.7976e-004
7145	-0.65087	0.	-0.48094	6.0955e-004
7146	-0.54379	0.	-0.46254	-9.2573e-004
7147	-0.55158	0.	-0.51464	-6.6283e-004
7148	-0.61472	0.	-0.43416	7.0164e-004
7152	-0.15119	0.	-0.37684	-8.5791e-003
7153	-0.19678	0.	-0.30094	-1.744e-002
7157	-1.1534	0.	-0.68434	5.8402e-004
7158	-1.0781	0.	-0.7053	5.2327e-004
7159	-1.1269	0.	-0.8417	2.744e-004
7163	-1.1495e-002	0.	-0.86746	-3.5666e-004
7164	3.1282e-002	0.	-0.91854	-2.1489e-004
7165	1.4639e-002	0.	-0.81471	-4.119e-004
7170	-1.1849	0.	-0.53532	9.3749e-004
7171	-1.2611	0.	-0.59164	7.4311e-004
7172	-1.1017	0.	-0.63069	7.2011e-004
7178	0.64958	0.	-0.13694	2.7318e-003
7179	0.52066	0.	-0.20415	3.511e-003
7187	-0.41556	0.	-0.15547	-2.2575e-002
7188	-0.38447	0.	-0.15551	-3.8037e-002
7189	-0.39652	0.	-0.2002	-2.2438e-002
7190	-0.42413	0.	-0.18367	-1.6334e-002
7194	-1.0437	0.	-0.24021	2.7099e-003
7195	-1.1428	0.	-0.39485	1.4524e-003
7196	-1.0048	0.	-0.37971	1.9033e-003
7197	-1.1659	0.	-0.33987	1.5243e-003
7198	-1.1611	0.	-0.28173	1.6813e-003
7203	-0.79265	0.	-0.58088	8.5768e-004
7204	-0.7295	0.	-0.55464	8.9286e-004
7205	-0.7709	0.	-0.68751	3.4178e-004
7206	-0.69979	0.	-0.66836	1.7751e-004
7210	0.40208	0.	-0.34059	3.5432e-003
7211	0.46377	0.	-0.3229	2.9842e-003
7212	0.45934	0.	-0.44612	1.8447e-003
7216	-1.3647	0.	-0.22501	1.2477e-003
7217	-1.2971	0.	-0.19399	1.4592e-003
7218	-1.3103	0.	-0.12223	1.5725e-003
7225	0.71337	0.	-0.52331	8.8719e-004
7226	0.81131	0.	-0.42898	1.0148e-003
7231	0.28528	0.	-0.79785	1.1137e-004
7232	0.41211	0.	-0.90755	1.088e-004
7233	0.35106	0.	-0.91445	9.2714e-005
7238	-1.8932e-002	0.	-0.25406	-5.4287e-003
7239	-4.2224e-002	0.	-0.19156	-8.2498e-003
7243	0.41201	0.	-0.27589	4.1001e-003
7244	0.30721	0.	-0.2679	6.6635e-003
7247	-0.42761	0.	-0.29164	-6.574e-003
7248	-0.47121	0.	-0.28004	-3.2014e-003
7249	-0.41673	0.	-0.24104	-1.2229e-002
7250	-0.44435	0.	-0.22451	-6.1244e-003
7257	-0.32014	0.	-0.54833	-3.2566e-003
7258	-0.26521	0.	-0.52142	-3.6267e-003
7262	-0.18732	0.	-0.21076	-3.5262e-002
7263	-0.20328	0.	-0.14896	-5.7607e-002
7267	-0.58505	0.	-0.68829	-3.7339e-004
7268	-0.51548	0.	-0.60826	-9.3043e-004
7269	-0.47533	0.	-0.64017	-1.0333e-003
7273	0.54272	0.	-0.95029	1.1479e-004
7274	0.68005	0.	-0.94612	1.5786e-004
7276	-0.11293	0.	-0.45351	-4.6631e-003
7277	-7.5401e-002	0.	-0.4278	-4.2894e-003
7281	0.60701	0.	-0.62212	6.9734e-004
7282	0.49336	0.	-0.57351	9.8735e-004
7286	0.77912	0.	-0.64638	5.7121e-004
7292	0.248	0.	-0.67779	2.8647e-004
7297	-0.71489	0.	-0.4175	2.7538e-003
7298	-0.77494	0.	-0.31094	4.9191e-003
7299	-0.67875	0.	-0.37072	2.8459e-003
7303	-0.91499	0.	-0.91016	1.4204e-004
7304	-1.0568	0.	-0.9342	1.4492e-004
7305	-0.92553	0.	-0.9639	8.5756e-005
7310	5.7199e-002	0.	-0.26595	2.5357e-003
7311	0.1442	0.	-0.23408	8.6934e-003
7312	0.13405	0.	-0.27424	6.2593e-003
7313	9.1232e-002	0.	-0.21514	1.3665e-002
7317	-0.77314	0.	-0.51267	1.319e-003
7318	-0.87658	0.	-0.48477	1.6399e-003
7319	-0.88964	0.	-0.54646	1.141e-003
7323	0.25519	0.	-0.55301	8.8101e-004
7324	0.19264	0.	-0.446	1.5708e-003
7327	-0.67384	0.	-0.43965	1.4463e-003
7332	1.0009e-002	0.	-0.10226	6.6787e-002
7338	-0.50361	0.	-0.50173	-1.4535e-003
7339	-0.48676	0.	-0.40953	-2.084e-003
7342	-0.72167	0.	-0.73302	8.7759e-005
7343	-0.81659	0.	-0.81427	2.0395e-004
7351	-1.2689	0.	-0.51723	8.9974e-004
7352	-1.2159	0.	-0.40593	1.166e-003
7357	-0.2767	0.	-0.57351	-2.5863e-003
7358	-0.38137	0.	-0.60903	-1.8063e-003
7362	-0.87348	0.	-0.35196	3.8403e-003
7363	-0.79345	0.	-0.19905	1.0146e-002
7373	-0.16893	0.	-0.52257	-3.39e-003
7377	0.41442	0.	-0.96683	6.7186e-005
7387	-0.45977	0.	-0.31502	-2.9175e-003
7388	-0.44693	0.	-0.34802	-4.3708e-003
7389	-0.38056	0.	-0.33323	-8.0041e-003
7392	-0.98472	0.	-0.60283	8.2872e-004
7396	-3.0628e-002	0.	-0.92608	-2.8588e-004
7397	-9.1418e-002	0.	-0.93237	-3.1154e-004
7398	-4.727e-002	0.	-0.82225	-4.8289e-004
7404	-0.40141	0.	-0.136	-3.3336e-002
7405	-0.44886	0.	-0.12258	-1.7521e-003
7406	-0.44107	0.	-0.16416	-1.1633e-002
7411	0.80407	0.	-0.14437	1.6749e-003
7416	-0.92993	0.	-0.49232	1.497e-003
7420	-0.47126	0.	-0.58573	-1.2934e-003
7431	-1.3018	0.	-0.32383	1.1833e-003
7432	-1.2342	0.	-0.29281	1.3948e-003
7434	0.81326	0.	-0.96141	1.5285e-004
7440	-7.8574e-002	0.	-0.47284	-3.4498e-003
7444	-4.8641e-002	0.	-0.98345	-1.6977e-004
7451	-0.34484	0.	-0.9345	-3.6994e-004
7452	-0.43524	0.	-1.0009	-1.3833e-004
7457	0.22427	0.	-0.23059	9.4301e-003
7458	0.17429	0.	-0.25913	7.7582e-003
7463	-2.2816e-002	0.	-0.13784	5.8296e-003
7464	-4.9196e-002	0.	-0.14088	-1.8568e-002
7468	-0.33979	0.	-0.1384	-5.209e-002
7469	-0.27106	0.	-0.13691	-6.1649e-002
7474	-0.77664	0.	-0.91818	8.2762e-005
7475	-0.85095	0.	-0.93012	9.9585e-005
7485	-1.3567	0.	-0.90737	1.7487e-004
7491	-0.71405	0.	-0.12713	1.7888e-002
7492	-0.62926	0.	-0.11037	3.7703e-002
7496	-1.2969	0.	-0.2657	1.3403e-003
7505	0.21412	0.	-0.27076	6.9959e-003
7509	-0.49053	0.	-0.33642	-9.9823e-004
7515	-0.35753	0.	-0.23087	-1.9655e-002
7527	0.15661	0.	-0.35016	3.594e-003
7530	-0.48116	0.	-0.10044	4.9647e-002
7531	-0.51535	0.	-7.2267e-002	0.12001
7532	-0.54215	0.	-9.1489e-002	6.9581e-002
7539	-1.2425	0.	-0.16292	1.6651e-003
7549	-3.5863e-002	0.	-0.12101	-4.9727e-003
7557	9.7408e-002	0.	-0.41445	1.2612e-004
7566	-0.42203	0.	-0.20888	-1.1495e-002
7570	2.3373e-003	0.	-0.4375	-2.3439e-003
7614	-0.56041	0.	-7.2065e-002	0.10467
7631	-0.78719	0.	-0.97192	2.6478e-005
100	0.	0.	7.5e-002	0.18006
101	0.	0.	9.e-002	9.5517e-002
102	-2.4e-002	0.	9.e-002	3.919e-003
103	-4.8e-002	0.	9.e-002	-2.9515e-002
104	-9.6e-002	0.	9.e-002	-6.2022e-002
105	-0.144	0.	9.e-002	-7.0698e-002
106	-0.192	0.	9.e-002	-7.1193e-002
107	-0.24	0.	9.e-002	-8.3743e-002
108	-0.288	0.	9.e-002	-7.9252e-002
109	-0.336	0.	9.e-002	-7.4057e-002
110	-0.384	0.	9.e-002	-5.2536e-002
111	-0.432	0.	9.e-002	-2.7518e-002
112	-0.456	0.	9.e-002	4.6873e-003
113	-0.48	0.	7.5e-002	0.20145
114	-0.48	0.	9.e-002	6.7434e-002
115	-0.48	0.	6.e-002	0.28228
126	0.	0.	6.e-002	0.31778
481	0.1	0.	0.	9.9667e-002
482	0.2	0.	0.	3.4009e-002
483	0.3	0.	0.	1.3782e-002
484	0.4	0.	0.	8.1318e-003
485	0.5	0.	0.	4.7863e-003
486	0.6	0.	0.	2.89e-003
487	0.7	0.	0.	2.2322e-003
488	0.8	0.	0.	1.6913e-003
489	0.9	0.	0.	1.44e-003
490	-1.38	0.	0.	1.4262e-003
491	-1.28	0.	0.	1.7305e-003
492	-1.18	0.	0.	2.269e-003
493	-1.08	0.	0.	2.863e-003
494	-0.98	0.	0.	4.852e-003
495	-0.88	0.	0.	7.9404e-003
496	-0.78	0.	0.	1.4228e-002
497	-0.68	0.	0.	3.1723e-002
498	-0.58	0.	0.	0.11503
542	-1.48	0.	9.9091e-002	1.3418e-003
543	-1.48	0.	0.19818	1.2243e-003
544	-1.48	0.	0.29727	1.1469e-003
545	-1.48	0.	0.39636	9.2585e-004
546	-1.48	0.	0.49545	7.9731e-004
547	-1.48	0.	0.59455	6.1777e-004
548	-1.48	0.	0.69364	4.448e-004
549	-1.48	0.	0.79273	3.3413e-004
550	-1.48	0.	0.89182	2.0695e-004
551	-1.48	0.	0.99091	7.8586e-005
557	-1.3767	0.	1.09	5.0998e-005
558	-1.2733	0.	1.09	7.0402e-005
559	-1.17	0.	1.09	6.6335e-005
560	-1.0667	0.	1.09	6.4206e-005
561	-0.96333	0.	1.09	3.8197e-005
562	-0.86	0.	1.09	3.5465e-005
563	-0.75667	0.	1.09	2.0622e-005
564	-0.65333	0.	1.09	-3.9028e-005
565	-0.55	0.	1.09	-3.1668e-005
566	-0.44667	0.	1.09	-9.0498e-005
567	-0.34333	0.	1.09	-1.5905e-004
568	-0.24	0.	1.09	-1.373e-004
569	-0.13667	0.	1.09	-8.9928e-005
570	-3.3333e-002	0.	1.09	-1.2403e-004
571	7.e-002	0.	1.09	-5.9676e-005
572	0.17333	0.	1.09	-1.7088e-005
573	0.27667	0.	1.09	4.4459e-006
574	0.38	0.	1.09	3.9367e-005
575	0.48333	0.	1.09	5.024e-005
576	0.58667	0.	1.09	5.7466e-005
577	0.69	0.	1.09	5.5952e-005
578	0.79333	0.	1.09	5.9486e-005
579	0.89667	0.	1.09	4.4502e-005
585	1.	0.	0.99091	7.8209e-005
586	1.	0.	0.89182	2.0785e-004
587	1.	0.	0.79273	3.2456e-004
588	1.	0.	0.69364	4.7554e-004
589	1.	0.	0.59455	5.9589e-004
590	1.	0.	0.49545	7.5237e-004
591	1.	0.	0.39636	9.485e-004
592	1.	0.	0.29727	1.1373e-003
593	1.	0.	0.19818	1.2481e-003
594	1.	0.	9.9091e-002	1.3422e-003
595	0.	0.	0.	0.383
596	-0.48	0.	0.	0.35347
602	1.	0.	0.	1.3545e-003
604	-1.48	0.	0.	1.357e-003
607	-1.48	0.	1.09	3.8687e-005
608	1.	0.	1.09	3.7753e-005
609	-0.61833	0.	0.59	-5.3137e-005
610	-0.55644	0.	0.35309	9.9815e-004
611	-0.21365	0.	0.45458	-5.8306e-003
612	-1.0629	0.	0.48465	1.2758e-003
613	0.5757	0.	0.47432	1.2368e-003
614	-0.28115	0.	0.79296	-9.3799e-004
615	-0.27071	0.	0.2775	-1.9536e-002
616	-0.50836	0.	0.22292	4.7729e-003
617	5.5443e-002	0.	0.21119	8.4686e-003
618	-0.81732	0.	0.42428	1.9422e-003
619	0.32591	0.	0.42333	1.9385e-003
620	0.4407	0.	0.77371	3.44e-004
621	-0.97418	0.	0.81703	3.0373e-004
622	-0.41934	0.	0.51245	-2.4506e-003
623	-9.2088e-002	0.	0.31675	-8.5951e-003
624	2.3889e-002	0.	0.92333	-2.2045e-004
625	7.6389e-004	0.	0.6525	-9.1826e-004
626	-0.55933	0.	0.74087	-3.7737e-004
627	-1.1523	0.	0.77361	3.6865e-004
628	0.84369	0.	0.74224	3.8675e-004
629	-0.72962	0.	0.35572	3.3422e-003
630	0.13098	0.	0.27494	6.2336e-003
631	0.57832	0.	0.31527	2.3215e-003
632	-1.096	0.	0.30364	1.8564e-003
633	-0.36078	0.	0.28712	-1.3934e-002
634	0.31112	0.	0.83868	1.4918e-004
635	-3.423e-002	0.	0.38421	-2.9963e-003
636	0.39102	0.	0.12584	7.1778e-003
637	-0.86657	0.	0.13467	7.3066e-003
638	-0.72289	0.	0.13911	1.3333e-002
639	-0.16159	0.	0.16292	-4.3928e-002
640	-0.84507	0.	0.55638	1.1183e-003
641	0.4385	0.	0.66072	6.0926e-004
642	-1.3358	0.	0.54171	7.4169e-004
643	-0.23742	0.	0.55788	-2.8452e-003
644	0.75371	0.	0.51065	9.6402e-004
645	-0.34553	0.	0.18514	-3.2936e-002
646	-1.2726	0.	0.28401	1.4479e-003
647	0.83814	0.	0.26721	1.3928e-003
648	8.6295e-002	0.	0.77415	-3.1068e-004
649	-6.3503e-002	0.	0.18896	-1.6735e-002
650	-0.28447	0.	0.38167	-8.875e-003
651	-8.9256e-002	0.	0.58594	-2.1419e-003
652	-3.3742e-002	0.	0.14681	-9.1927e-003
653	-0.76479	0.	0.78311	1.5836e-004
654	-0.3877	0.	0.41292	-4.9914e-003
655	-0.49729	0.	0.1525	2.0777e-002
656	-0.62342	0.	0.16614	2.0928e-002
657	-0.57048	0.	0.11155	4.9505e-002
658	1.6015e-002	0.	0.15109	2.1182e-002
659	-0.5202	0.	0.90659	-2.2981e-004
660	-0.28407	0.	0.19688	-3.5605e-002
661	-0.48679	0.	0.61143	-1.1028e-003
662	-0.12524	0.	0.85042	-5.8666e-004
663	0.75743	0.	0.90814	1.9046e-004
664	5.6721e-002	0.	0.47233	-8.516e-004
665	-1.339	0.	0.84354	2.4481e-004
666	-0.10138	0.	0.7096	-1.1386e-003
667	0.26623	0.	0.20828	9.8471e-003
668	0.13427	0.	0.18152	1.9412e-002
669	8.4322e-002	0.	0.14273	3.5145e-002
670	-0.58375	0.	0.465	8.528e-005
671	-0.19262	0.	0.34521	-1.1347e-002
672	-0.17711	0.	0.25406	-2.3414e-002
673	0.19417	0.	0.3783	2.8621e-003
674	0.66489	0.	0.76835	4.2448e-004
675	0.21521	0.	0.7334	4.7237e-005
676	0.23307	0.	0.58618	4.7012e-004
677	-1.0308	0.	0.14091	3.2913e-003
678	0.56549	0.	0.14994	3.3305e-003
679	-0.39863	0.	0.17541	-2.5538e-002
680	-0.73563	0.	0.94167	2.766e-005
681	-0.95031	0.	0.38236	2.2605e-003
682	0.46597	0.	0.37269	2.4185e-003
683	-0.28687	0.	0.93488	-4.1808e-004
684	-1.2146	0.	0.44477	1.0843e-003
685	0.16575	0.	0.86455	-1.0235e-004
686	-0.8436	0.	0.29957	4.4882e-003
687	-0.43906	0.	0.25667	-6.4122e-003
688	-0.31017	0.	0.48482	-4.5723e-003
689	0.35077	0.	0.27647	5.2601e-003
690	-0.36166	0.	0.72868	-1.1094e-003
691	-1.0641	0.	0.963	1.0289e-004
692	-0.11389	0.	0.42333	-5.3039e-003
693	-1.0019	0.	0.64239	7.0792e-004
694	-1.1722	0.	0.60186	7.4754e-004
695	0.50707	0.	0.97084	1.0037e-004
696	-0.58396	0.	0.24919	7.5014e-003
697	0.38324	0.	0.55687	9.9013e-004
698	-0.70775	0.	0.48488	1.229e-003
699	-2.6168e-002	0.	0.25155	-4.4254e-003
700	-0.88656	0.	0.97412	7.1175e-005
701	-0.50467	0.	9.4388e-002	8.3711e-002
702	-0.48573	0.	0.43896	-1.997e-003
703	0.74591	0.	0.63219	6.3463e-004
704	-0.41586	0.	0.32707	-6.5651e-003
705	-0.45462	0.	0.80732	-6.145e-004
706	0.16689	0.	0.4743	8.705e-004
707	-0.10412	0.	0.23479	-1.5188e-002
708	-0.67401	0.	0.72182	-1.5918e-005
709	0.6151	0.	0.60657	6.8943e-004
710	-0.26257	0.	0.66711	-1.5512e-003
711	-0.43249	0.	0.13597	-2.1779e-002
712	0.73181	0.	0.12274	2.0092e-003
713	-1.187	0.	0.1306	2.1309e-003
714	-0.88847	0.	0.70826	4.6769e-004
715	-2.6134e-002	0.	0.44704	-2.7434e-003
716	-1.368	0.	0.41318	1.0085e-003
717	-0.9537	0.	0.2582	3.3551e-003
718	-1.3564	0.	0.9712	1.1708e-004
719	-1.3461	0.	0.69082	4.6094e-004
720	0.37526	0.	0.98968	4.5206e-005
721	-2.3003e-002	0.	0.78468	-6.2349e-004
722	-0.66444	0.	0.21897	1.0498e-002
723	0.46666	0.	0.24627	3.8076e-003
724	-0.50661	0.	0.50921	-1.1499e-003
725	-0.30956	0.	0.1401	-6.2084e-002
726	-1.3566	0.	0.16496	1.3939e-003
727	0.87735	0.	0.14307	1.4063e-003
728	0.13946	0.	8.7399e-002	4.1529e-002
729	0.8832	0.	0.96813	1.2806e-004
730	0.2014	0.	0.13462	2.0023e-002
731	-1.3585e-002	0.	0.53352	-1.7616e-003
732	-0.14504	0.	0.98153	-2.0703e-004
733	0.10884	0.	0.41536	2.8146e-004
734	0.6814	0.	0.25163	1.7973e-003
735	0.50592	0.	0.5806	9.491e-004
736	-0.7441	0.	0.24222	7.8244e-003
737	0.23854	0.	0.29676	4.9352e-003
738	-0.17432	0.	0.62679	-1.9523e-003
739	-0.49411	0.	0.29833	-1.6824e-003
740	0.71898	0.	0.37382	1.3693e-003
741	-0.75331	0.	0.6423	4.0823e-004
742	-0.32916	0.	0.23377	-2.4105e-002
743	-1.2259	0.	0.95523	1.4379e-004
744	0.23799	0.	0.96938	-3.7301e-006
745	0.88887	0.	0.57891	6.3646e-004
746	0.88662	0.	0.42385	9.9118e-004
747	-0.37037	0.	0.13593	-5.4848e-002
748	7.1534e-002	0.	0.56456	-5.3279e-004
749	-0.65225	0.	0.3043	5.3751e-003
750	-0.65488	0.	0.84437	-8.8232e-005
751	1.8215e-002	0.	9.7439e-002	9.1859e-002
752	-0.24078	0.	0.1394	-6.5755e-002
753	-0.36065	0.	0.60884	-2.1863e-003
754	-8.8387e-002	0.	0.13683	-4.248e-002
755	0.45135	0.	0.48156	1.3468e-003
756	-0.64414	0.	0.39272	2.2918e-003
757	-0.46797	0.	0.36607	-3.0635e-003
758	-0.40289	0.	0.94043	-3.3485e-004
759	-0.38726	0.	0.22212	-1.7179e-002
760	0.88804	0.	0.85503	2.4835e-004
761	-0.94484	0.	0.50464	1.3889e-003
762	0.27173	0.	9.3747e-002	1.5743e-002
763	5.1875e-002	0.	0.2775	2.1188e-003
764	0.63148	0.	0.94187	1.4716e-004
765	-0.46542	0.	0.10921	1.0937e-002
766	-0.85178	0.	0.84078	1.9216e-004
767	-0.21145	0.	0.87566	-5.3857e-004
768	-0.44658	0.	0.6995	-9.3726e-004
769	0.34312	0.	0.68504	4.2055e-004
770	0.12966	0.	0.97159	-8.2078e-005
771	-1.5876e-002	0.	0.11474	1.3254e-002
772	0.54201	0.	0.70883	4.9514e-004
773	-0.19156	0.	0.75118	-1.0856e-003
774	-0.36033	0.	0.83042	-6.8066e-004
775	0.1936	0.	0.2209	1.0692e-002
776	3.6284e-002	0.	0.39788	-1.1315e-003
777	-0.44385	0.	0.19427	-7.5144e-003
778	-0.65883	0.	7.2693e-002	3.2718e-002
779	-0.59345	0.	0.99377	-6.9549e-005
780	0.54449	0.	0.84534	2.5958e-004
781	-1.2272e-002	0.	0.19366	-6.814e-004
782	0.10972	0.	0.67333	-2.7871e-004
783	-0.33569	0.	0.33928	-1.1143e-002
784	0.43065	0.	0.87885	2.0877e-004
785	-0.22685	0.	0.20615	-3.5878e-002
786	-0.15387	0.	0.51188	-3.935e-003
787	-0.55721	0.	0.18296	1.9895e-002
788	4.0388e-003	0.	0.3279	-2.6382e-003
789	8.3145e-002	0.	8.081e-002	7.5177e-002
790	3.8446e-002	0.	6.2946e-002	0.18844
791	-7.9347e-002	0.	0.50034	-3.1996e-003
792	8.8559e-002	0.	0.33953	1.2824e-003
1457	-0.50119	0.	6.8695e-002	0.17992
1458	-0.54104	0.	5.3302e-002	0.12152
1459	-0.5232	0.	3.3418e-002	0.2356
2587	0.	0.	8.25e-002	0.13779
2588	0.	0.	6.75e-002	0.24892
2590	9.1073e-003	0.	8.622e-002	0.13596
2591	1.9223e-002	0.	6.8973e-002	0.18425
2594	-1.2e-002	0.	9.e-002	4.9718e-002
2596	9.1073e-003	0.	9.372e-002	9.3688e-002
2597	-7.9379e-003	0.	0.10237	5.4385e-002
2599	-3.6e-002	0.	9.e-002	-1.2798e-002
2601	-1.9938e-002	0.	0.10237	8.5864e-003
2603	-7.2e-002	0.	9.e-002	-4.5769e-002
2605	-4.0871e-002	0.	0.11841	-1.9354e-002
2606	-6.8194e-002	0.	0.11342	-3.5997e-002
2607	-3.1938e-002	0.	0.10237	-8.1307e-003
2610	-0.12	0.	9.e-002	-6.636e-002
2612	-9.2194e-002	0.	0.11342	-5.2251e-002
2615	-0.168	0.	9.e-002	-7.0945e-002
2617	-0.1528	0.	0.12646	-5.7313e-002
2618	-0.11619	0.	0.11342	-5.6589e-002
2620	-0.216	0.	9.e-002	-7.7468e-002
2622	-0.1768	0.	0.12646	-5.756e-002
2623	-0.21639	0.	0.1147	-6.8474e-002
2626	-0.264	0.	9.e-002	-8.1497e-002
2628	-0.24039	0.	0.1147	-7.4749e-002
2630	-0.312	0.	9.e-002	-7.6654e-002
2632	-0.29878	0.	0.11505	-7.0668e-002
2633	-0.26439	0.	0.1147	-7.2503e-002
2636	-0.36	0.	9.e-002	-6.3297e-002
2638	-0.32278	0.	0.11505	-6.8071e-002
2639	-0.35319	0.	0.11296	-6.4452e-002
2640	-0.408	0.	9.e-002	-4.0027e-002
2642	-0.40825	0.	0.11298	-3.7158e-002
2643	-0.37719	0.	0.11296	-5.3692e-002
2646	-0.444	0.	9.e-002	-1.1415e-002
2648	-0.43225	0.	0.11298	-2.4649e-002
2649	-0.44871	0.	9.9604e-002	-8.2905e-003
2652	-0.468	0.	9.e-002	3.606e-002
2654	-0.46071	0.	9.9604e-002	7.8121e-003
2656	-0.48	0.	8.25e-002	0.13444
2657	-0.48	0.	6.75e-002	0.24187
2659	-0.49234	0.	8.4694e-002	0.14258
2660	-0.4906	0.	7.1847e-002	0.19069
2664	-0.49234	0.	9.2194e-002	7.5572e-002
2665	-0.47271	0.	9.9604e-002	3.9185e-002
2670	-0.48	0.	3.e-002	0.31788
2671	-0.4906	0.	6.4347e-002	0.2311
2672	-0.5016	0.	4.6709e-002	0.25894
2735	0.	0.	3.e-002	0.35039
2736	1.9223e-002	0.	6.1473e-002	0.25311
4790	0.15	0.	0.	6.6838e-002
4791	5.e-002	0.	0.	0.24133
4792	0.11973	0.	4.37e-002	7.0598e-002
4793	9.1572e-002	0.	4.0405e-002	8.7422e-002
4794	6.9223e-002	0.	3.1473e-002	0.14405
4807	0.25	0.	0.	2.3895e-002
4808	0.16973	0.	4.37e-002	3.7769e-002
4809	0.2007	0.	6.7309e-002	2.7016e-002
4810	0.23586	0.	4.6874e-002	2.4876e-002
4817	0.35	0.	0.	1.0957e-002
4818	0.34551	0.	6.292e-002	1.048e-002
4819	0.28586	0.	4.6874e-002	1.4763e-002
4826	0.45	0.	0.	6.459e-003
4827	0.39551	0.	6.292e-002	7.6548e-003
4832	0.55	0.	0.	3.8381e-003
4833	0.44551	0.	6.292e-002	5.982e-003
4834	0.53275	0.	7.4972e-002	4.0584e-003
4841	0.65	0.	0.	2.5611e-003
4842	0.58275	0.	7.4972e-002	3.1102e-003
4843	0.6659	0.	6.1369e-002	2.4496e-003
4848	0.75	0.	0.	1.9618e-003
4849	0.7159	0.	6.1369e-002	2.1207e-003
4854	0.85	0.	0.	1.5656e-003
4855	0.7659	0.	6.1369e-002	1.8502e-003
4856	0.83867	0.	7.1535e-002	1.5488e-003
4863	0.95	0.	4.9545e-002	1.3911e-003
4864	0.95	0.	0.	1.3972e-003
4865	0.88867	0.	7.1535e-002	1.4231e-003
4872	-1.33	0.	0.	1.5783e-003
4873	-1.43	0.	4.9545e-002	1.384e-003
4874	-1.43	0.	0.	1.3916e-003
4875	-1.3683	0.	8.2481e-002	1.41e-003
4880	-1.23	0.	0.	1.9997e-003
4881	-1.2335	0.	6.5302e-002	1.9307e-003
4882	-1.3183	0.	8.2481e-002	1.5622e-003
4887	-1.13	0.	0.	2.566e-003
4888	-1.1835	0.	6.5302e-002	2.1999e-003
4894	-1.03	0.	0.	3.8575e-003
4895	-1.0554	0.	7.0453e-002	3.0772e-003
4896	-1.1335	0.	6.5302e-002	2.4969e-003
4901	-0.93	0.	0.	6.3962e-003
4902	-0.92328	0.	6.7335e-002	6.0793e-003
4903	-1.0054	0.	7.0453e-002	4.0717e-003
4912	-0.83	0.	0.	1.1084e-002
4913	-0.87328	0.	6.7335e-002	7.6235e-003
4916	-0.73	0.	0.	2.2975e-002
4917	-0.82328	0.	6.7335e-002	1.0767e-002
4918	-0.75145	0.	6.9557e-002	1.3781e-002
4919	-0.71942	0.	3.6346e-002	2.3473e-002
4926	-0.63	0.	0.	7.3376e-002
4927	-0.66942	0.	3.6346e-002	3.222e-002
4935	-0.53	0.	0.	0.23425
4936	-0.61942	0.	3.6346e-002	7.3874e-002
4942	-0.56052	0.	2.6651e-002	0.11827
4943	-0.5516	0.	1.6709e-002	0.17531
5180	-1.48	0.	0.14864	1.2831e-003
5181	-1.48	0.	4.9545e-002	1.3494e-003
5182	-1.4183	0.	0.13203	1.3678e-003
5186	-1.48	0.	0.24773	1.1856e-003
5187	-1.4183	0.	0.18157	1.3091e-003
5189	-1.48	0.	0.34682	1.0364e-003
5190	-1.3763	0.	0.29064	1.2974e-003
5191	-1.424	0.	0.35523	1.0777e-003
5192	-1.4183	0.	0.23112	1.2704e-003
5196	-1.48	0.	0.44591	8.6158e-004
5197	-1.424	0.	0.40477	9.6715e-004
5200	-1.48	0.	0.545	7.0754e-004
5201	-1.4079	0.	0.51858	7.695e-004
5202	-1.424	0.	0.45432	9.0288e-004
5204	-1.48	0.	0.64409	5.3128e-004
5205	-1.4079	0.	0.56813	6.7973e-004
5206	-1.413	0.	0.64268	5.3935e-004
5209	-1.48	0.	0.74318	3.8947e-004
5210	-1.413	0.	0.69223	4.5287e-004
5213	-1.48	0.	0.84227	2.7054e-004
5214	-1.4095	0.	0.81814	2.8947e-004
5215	-1.413	0.	0.74177	3.9753e-004
5217	-1.48	0.	0.94136	1.4277e-004
5218	-1.4095	0.	0.86768	2.2588e-004
5219	-1.4182	0.	0.93151	1.6201e-004
5223	-1.4283	0.	1.0405	6.4792e-005
5224	-1.48	0.	1.0405	5.8637e-005
5225	-1.4182	0.	0.98106	9.7835e-005
5252	-1.325	0.	1.09	6.07e-005
5253	-1.4283	0.	1.09	4.4842e-005
5254	-1.3665	0.	1.0306	8.4041e-005
5258	-1.2217	0.	1.09	6.8369e-005
5259	-1.3149	0.	1.0306	9.3743e-005
5260	-1.2496	0.	1.0226	1.0709e-004
5264	-1.1183	0.	1.09	6.5271e-005
5265	-1.117	0.	1.0265	8.4611e-005
5266	-1.1979	0.	1.0226	1.0506e-004
5270	-1.015	0.	1.09	5.1202e-005
5271	-1.0654	0.	1.0265	8.3547e-005
5275	-0.91167	0.	1.09	3.6831e-005
5276	-1.0137	0.	1.0265	7.0542e-005
5277	-0.92495	0.	1.0321	5.4686e-005
5280	-0.80833	0.	1.09	2.8044e-005
5281	-0.87328	0.	1.0321	5.332e-005
5283	-0.705	0.	1.09	-9.2028e-006
5284	-0.74615	0.	1.0158	2.4141e-005
5285	-0.82161	0.	1.0321	4.5899e-005
5289	-0.60167	0.	1.09	-3.5348e-005
5290	-0.69448	0.	1.0158	-5.6839e-006
5291	-0.62339	0.	1.0419	-5.4288e-005
5295	-0.49833	0.	1.09	-6.1083e-005
5296	-0.57173	0.	1.0419	-5.0608e-005
5298	-0.395	0.	1.09	-1.2478e-004
5299	-0.48343	0.	0.99829	-1.6016e-004
5300	-0.42478	0.	1.0152	-2.1267e-004
5301	-0.52006	0.	1.0419	-8.0024e-005
5305	-0.29167	0.	1.09	-1.4818e-004
5306	-0.3151	0.	1.0124	-2.8857e-004
5307	-0.37311	0.	1.0152	-2.4695e-004
5311	-0.18833	0.	1.09	-1.1362e-004
5312	-0.26344	0.	1.0124	-2.7769e-004
5313	-0.19252	0.	1.0358	-1.7217e-004
5316	-8.5e-002	0.	1.09	-1.0698e-004
5317	-0.14085	0.	1.0358	-1.4848e-004
5320	1.8333e-002	0.	1.09	-9.1855e-005
5321	-4.7222e-003	0.	1.0067	-1.7224e-004
5322	-8.9186e-002	0.	1.0358	-1.6553e-004
5327	0.12167	0.	1.09	-3.8382e-005
5328	4.6944e-002	0.	1.0067	-1.4007e-004
5329	9.983e-002	0.	1.0308	-7.0877e-005
5331	0.225	0.	1.09	-6.321e-006
5332	0.20566	0.	1.0297	-1.0409e-005
5333	0.1515	0.	1.0308	-4.9583e-005
5337	0.32833	0.	1.09	2.1907e-005
5338	0.32596	0.	1.0398	2.4826e-005
5339	0.25733	0.	1.0297	3.579e-007
5343	0.43167	0.	1.09	4.4804e-005
5344	0.37763	0.	1.0398	4.2287e-005
5348	0.535	0.	1.09	5.3853e-005
5349	0.4952	0.	1.0304	7.5303e-005
5350	0.4293	0.	1.0398	4.7723e-005
5353	0.63833	0.	1.09	5.6709e-005
5354	0.54687	0.	1.0304	7.8916e-005
5355	0.60907	0.	1.0159	1.0231e-004
5360	0.74167	0.	1.09	5.7719e-005
5361	0.72372	0.	0.99907	1.2321e-004
5362	0.66074	0.	1.0159	1.0156e-004
5365	0.845	0.	1.09	5.1994e-005
5366	0.77538	0.	0.99907	1.2497e-004
5367	0.83827	0.	1.0291	9.3775e-005
5372	0.94833	0.	1.0405	6.1355e-005
5373	0.94833	0.	1.09	4.1127e-005
5374	0.88993	0.	1.0291	8.6283e-005
5405	1.	0.	0.94136	1.4303e-004
5406	1.	0.	1.0405	5.7981e-005
5407	0.9416	0.	0.97952	1.0314e-004
5410	1.	0.	0.84227	2.662e-004
5411	0.9416	0.	0.92997	1.6796e-004
5412	0.94402	0.	0.87342	2.281e-004
5415	1.	0.	0.74318	4.0005e-004
5416	0.92185	0.	0.76748	3.5565e-004
5417	0.94402	0.	0.82388	2.8645e-004
5419	1.	0.	0.64409	5.3572e-004
5420	0.92185	0.	0.71794	4.3114e-004
5421	0.94444	0.	0.63628	5.56e-004
5425	1.	0.	0.545	6.7413e-004
5426	0.94444	0.	0.58673	6.1618e-004
5428	1.	0.	0.44591	8.5044e-004
5429	0.94444	0.	0.53718	6.9442e-004
5430	0.94331	0.	0.45965	8.7178e-004
5434	1.	0.	0.34682	1.0429e-003
5435	0.94331	0.	0.41011	9.6984e-004
5438	1.	0.	0.24773	1.1927e-003
5439	0.91907	0.	0.28224	1.265e-003
5440	0.94331	0.	0.36056	1.0643e-003
5443	1.	0.	0.14864	1.2952e-003
5444	0.91907	0.	0.23269	1.3205e-003
5445	0.93867	0.	0.17063	1.3272e-003
5449	1.	0.	4.9545e-002	1.3484e-003
5450	0.93867	0.	0.12108	1.3743e-003
5453	1.9223e-002	0.	3.1473e-002	0.28572
5466	-0.5016	0.	1.6709e-002	0.29453
5480	-0.58883	0.	0.66543	-2.1525e-004
5481	-0.55256	0.	0.60071	-5.7796e-004
5482	-0.60104	0.	0.5275	1.6071e-005
5483	-0.66304	0.	0.53744	5.8793e-004
5484	-0.64617	0.	0.65591	-3.4528e-005
5485	-0.56247	0.	0.54961	-6.0154e-004
5486	-0.68582	0.	0.61615	1.7755e-004
5492	-0.5701	0.	0.40905	5.4172e-004
5493	-0.5702	0.	0.30114	4.2498e-003
5494	-0.52108	0.	0.39603	-4.9943e-004
5495	-0.52528	0.	0.32571	-3.4212e-004
5496	-0.60434	0.	0.3287	3.1866e-003
5497	-0.60029	0.	0.3729	1.645e-003
5498	-0.5122	0.	0.35958	-1.0327e-003
5505	-0.22554	0.	0.50623	-4.3379e-003
5506	-0.24906	0.	0.41813	-7.3528e-003
5507	-0.20314	0.	0.3999	-8.5886e-003
5508	-0.26191	0.	0.4697	-5.2014e-003
5509	-0.16377	0.	0.43896	-5.5672e-003
5510	-0.18376	0.	0.48323	-4.8828e-003
5513	-1.0794	0.	0.39414	1.5661e-003
5514	-1.0066	0.	0.4335	1.7681e-003
5515	-1.1387	0.	0.46471	1.18e-003
5516	-1.0324	0.	0.56352	9.9186e-004
5517	-1.1175	0.	0.54325	1.0117e-003
5518	-1.0039	0.	0.49464	1.3324e-003
5521	0.57701	0.	0.39479	1.7791e-003
5522	0.6647	0.	0.49248	1.1004e-003
5523	0.52084	0.	0.4235	1.8276e-003
5524	0.5954	0.	0.54044	9.6309e-004
5525	0.54081	0.	0.52746	1.0929e-003
5526	0.64734	0.	0.42407	1.303e-003
5527	0.51352	0.	0.47794	1.2918e-003
5532	-0.28401	0.	0.86392	-6.7804e-004
5533	-0.3214	0.	0.76082	-1.0237e-003
5534	-0.27186	0.	0.73003	-1.2446e-003
5535	-0.2463	0.	0.83431	-7.3828e-004
5536	-0.23635	0.	0.77207	-1.0118e-003
5537	-0.32074	0.	0.81169	-8.0933e-004
5541	-0.31574	0.	0.28231	-1.6735e-002
5542	-0.27759	0.	0.32958	-1.4205e-002
5543	-0.27739	0.	0.23719	-2.757e-002
5544	-0.23166	0.	0.31135	-1.5441e-002
5545	-0.22391	0.	0.26578	-2.1475e-002
5546	-0.29994	0.	0.25563	-2.1821e-002
5547	-0.3032	0.	0.30839	-1.5339e-002
5548	-0.24878	0.	0.24183	-2.7707e-002
5552	-0.50283	0.	0.18771	1.2775e-002
5553	-0.47371	0.	0.23979	-8.196e-004
5554	-0.54616	0.	0.23605	6.1372e-003
5555	-0.50123	0.	0.26063	1.5453e-003
5556	-0.4761	0.	0.20859	-1.3707e-003
5557	-0.53278	0.	0.20294	1.2334e-002
5561	9.3209e-002	0.	0.24306	7.3511e-003
5562	3.5729e-002	0.	0.18114	1.4825e-002
5563	9.4857e-002	0.	0.19635	1.394e-002
5564	6.9883e-002	0.	0.17696	2.1807e-002
5565	1.4638e-002	0.	0.23137	2.0216e-003
5566	5.3659e-002	0.	0.24434	5.2937e-003
5567	2.1585e-002	0.	0.20242	3.8936e-003
5572	-0.77347	0.	0.39	2.6422e-003
5573	-0.83119	0.	0.49033	1.5302e-003
5574	-0.88381	0.	0.40332	2.1013e-003
5575	-0.83046	0.	0.36193	3.2152e-003
5576	-0.76253	0.	0.45458	1.5856e-003
5577	-0.88108	0.	0.46446	1.6655e-003
5581	0.26004	0.	0.40081	2.4003e-003
5582	0.27949	0.	0.50476	1.2043e-003
5583	0.39594	0.	0.39801	2.1785e-003
5584	0.33834	0.	0.3499	3.5993e-003
5585	0.35458	0.	0.4901	1.4643e-003
5586	0.2464	0.	0.44881	1.4045e-003
5587	0.28222	0.	0.36004	3.4369e-003
5588	0.38863	0.	0.45245	1.6427e-003
5593	0.37591	0.	0.80619	2.4659e-004
5594	0.4396	0.	0.71721	4.7663e-004
5595	0.39191	0.	0.72937	3.8227e-004
5596	0.49136	0.	0.74127	4.1957e-004
5597	0.49259	0.	0.80952	3.0179e-004
5598	0.43568	0.	0.82628	2.7638e-004
5601	-1.0633	0.	0.79532	3.3619e-004
5602	-1.0191	0.	0.89001	2.0331e-004
5603	-0.98803	0.	0.72971	5.0583e-004
5604	-0.93037	0.	0.89557	1.8745e-004
5605	-0.93133	0.	0.76264	3.8571e-004
5606	-0.91298	0.	0.8289	2.4794e-004
5612	-0.40352	0.	0.46268	-3.721e-003
5613	-0.45306	0.	0.56194	-1.7767e-003
5614	-0.36476	0.	0.49864	-3.5114e-003
5615	-0.45253	0.	0.47571	-2.2238e-003
5616	-0.46298	0.	0.51083	-1.8003e-003
5617	-0.38999	0.	0.56065	-2.3184e-003
5622	-6.3159e-002	0.	0.35048	-5.7957e-003
5623	-0.14235	0.	0.33098	-9.9708e-003
5624	-0.1346	0.	0.28541	-1.6004e-002
5625	-0.10299	0.	0.37004	-6.9495e-003
5626	-5.9128e-002	0.	0.28415	-6.5103e-003
5627	-9.8105e-002	0.	0.27577	-1.1891e-002
5628	-4.4025e-002	0.	0.32233	-5.6167e-003
5633	5.5092e-002	0.	0.84874	-2.6557e-004
5634	-5.0677e-002	0.	0.88688	-4.0356e-004
5635	9.4817e-002	0.	0.89394	-1.614e-004
5636	4.43e-004	0.	0.854	-4.2197e-004
5637	-6.0575e-002	0.	0.95243	-2.1374e-004
5638	7.6775e-002	0.	0.94746	-1.5127e-004
5643	4.353e-002	0.	0.71332	-6.1447e-004
5644	-4.4246e-002	0.	0.61922	-1.5301e-003
5645	-5.031e-002	0.	0.68105	-1.0284e-003
5646	-1.1119e-002	0.	0.71859	-7.7087e-004
5647	-6.4106e-003	0.	0.59301	-1.3399e-003
5648	3.6149e-002	0.	0.60853	-7.2552e-004
5649	5.5243e-002	0.	0.66292	-5.9848e-004
5654	-0.53977	0.	0.82373	-3.0359e-004
5655	-0.52306	0.	0.67615	-7.4008e-004
5656	-0.50698	0.	0.7741	-4.9593e-004
5657	-0.61667	0.	0.73135	-1.9664e-004
5658	-0.6071	0.	0.79262	-2.328e-004
5659	-0.50295	0.	0.72019	-6.5731e-004
5664	-1.2457	0.	0.80858	3.0673e-004
5665	-1.1082	0.	0.8683	2.3577e-004
5666	-1.0771	0.	0.708	5.3829e-004
5667	-1.1622	0.	0.68773	5.581e-004
5668	-1.2492	0.	0.73221	4.148e-004
5669	-1.1891	0.	0.86442	2.5622e-004
5676	0.80056	0.	0.82519	2.886e-004
5677	0.75429	0.	0.7553	4.0561e-004
5678	0.7948	0.	0.68722	5.1069e-004
5679	0.86628	0.	0.66058	5.1161e-004
5680	0.86586	0.	0.79864	3.1755e-004
5684	-0.78661	0.	0.32764	3.9152e-003
5685	-0.71869	0.	0.4203	2.2856e-003
5686	-0.73686	0.	0.29897	5.5833e-003
5687	-0.69093	0.	0.33001	4.3587e-003
5688	-0.68688	0.	0.37422	2.817e-003
5693	0.13262	0.	0.22823	1.2823e-002
5694	0.16257	0.	0.32662	4.5478e-003
5695	0.18476	0.	0.28585	5.5844e-003
5696	9.1425e-002	0.	0.27622	4.1762e-003
5697	0.16229	0.	0.24792	8.4628e-003
5698	0.10977	0.	0.30723	3.758e-003
5704	0.57191	0.	0.23261	2.826e-003
5705	0.52215	0.	0.34398	2.37e-003
5706	0.52249	0.	0.28077	3.0646e-003
5707	0.62986	0.	0.28345	2.0594e-003
5708	0.64865	0.	0.34455	1.8454e-003
5712	-1.1843	0.	0.29383	1.6522e-003
5713	-1.0634	0.	0.22227	2.5739e-003
5714	-1.0231	0.	0.343	2.0585e-003
5715	-1.1553	0.	0.37421	1.4704e-003
5716	-1.1415	0.	0.21712	1.9936e-003
5717	-1.0248	0.	0.28092	2.6058e-003
5721	-0.39992	0.	0.27189	-1.0173e-002
5722	-0.38832	0.	0.30709	-1.025e-002
5723	-0.34497	0.	0.26044	-1.902e-002
5724	-0.37402	0.	0.25462	-1.5557e-002
5725	-0.34823	0.	0.3132	-1.2539e-002
5728	0.26317	0.	0.78604	9.821e-005
5729	0.23843	0.	0.85161	2.3415e-005
5730	0.34319	0.	0.91418	9.7195e-005
5731	0.27455	0.	0.90403	7.2727e-005
5732	0.32712	0.	0.76186	2.8487e-004
5733	0.37089	0.	0.85877	1.7897e-004
5738	-7.4059e-002	0.	0.40377	-4.1501e-003
5739	-3.0182e-002	0.	0.41563	-2.8698e-003
5740	1.0272e-003	0.	0.39104	-2.0639e-003
5741	-1.5095e-002	0.	0.35606	-2.8172e-003
5746	0.32862	0.	0.16706	8.5125e-003
5747	0.47826	0.	0.13789	5.2541e-003
5748	0.3709	0.	0.20116	6.2189e-003
5749	0.42884	0.	0.18606	5.4927e-003
5750	0.33137	0.	0.10979	1.1461e-002
5756	-0.79473	0.	0.13689	1.032e-002
5757	-0.94867	0.	0.13779	5.299e-003
5758	-0.85509	0.	0.21712	5.8974e-003
5759	-0.91014	0.	0.19643	5.3309e-003
5760	-0.80534	0.	0.18845	7.5655e-003
5765	-0.67316	0.	0.15263	1.7131e-002
5766	-0.69367	0.	0.17904	1.1916e-002
5767	-0.7335	0.	0.19067	1.0579e-002
5768	-0.69086	0.	0.1059	2.3026e-002
5772	-0.11255	0.	0.17594	-3.0331e-002
5773	-0.16935	0.	0.20849	-3.3671e-002
5774	-0.13286	0.	0.19885	-2.9558e-002
5775	-0.20119	0.	0.15116	-5.4841e-002
5776	-0.12499	0.	0.14987	-4.3204e-002
5777	-0.19422	0.	0.18453	-3.9903e-002
5781	-0.92347	0.	0.59938	9.131e-004
5782	-0.77641	0.	0.52063	1.1736e-003
5783	-0.86677	0.	0.63232	7.9298e-004
5784	-0.79919	0.	0.59934	7.6326e-004
5785	-0.89495	0.	0.53051	1.2536e-003
5789	0.41087	0.	0.60879	7.997e-004
5790	0.47221	0.	0.62066	7.7918e-004
5791	0.39081	0.	0.67288	5.149e-004
5792	0.49026	0.	0.68477	5.522e-004
5799	-1.2752	0.	0.49324	9.1299e-004
5800	-1.254	0.	0.57178	7.4462e-004
5801	-1.3519	0.	0.47745	8.7508e-004
5802	-1.3409	0.	0.61627	6.0132e-004
5808	-0.2738	0.	0.52135	-3.7087e-003
5809	-0.25	0.	0.61249	-2.1982e-003
5810	-0.20587	0.	0.59234	-2.3987e-003
5811	-0.29903	0.	0.58336	-2.5157e-003
5812	-0.19565	0.	0.53488	-3.3901e-003
5817	0.74981	0.	0.57142	7.9933e-004
5818	0.68441	0.	0.55861	8.2673e-004
5819	0.73635	0.	0.44224	1.1667e-003
5820	0.82129	0.	0.54478	8.0024e-004
5821	0.82016	0.	0.46725	9.776e-004
5826	-0.3148	0.	0.19101	-3.427e-002
5827	-0.37208	0.	0.18028	-2.9237e-002
5828	-0.32755	0.	0.16262	-4.751e-002
5829	-0.33735	0.	0.20945	-2.8521e-002
5830	-0.35795	0.	0.16053	-4.3892e-002
5831	-0.36639	0.	0.20363	-2.5057e-002
5836	-1.2436	0.	0.36439	1.2661e-003
5837	-1.2298	0.	0.20731	1.7894e-003
5838	-1.3203	0.	0.34859	1.2282e-003
5839	-1.3146	0.	0.22449	1.4209e-003
5844	0.78497	0.	0.19497	1.701e-003
5845	0.85774	0.	0.20514	1.3995e-003
5846	0.75977	0.	0.25942	1.595e-003
5847	0.77856	0.	0.32051	1.3811e-003
5848	0.86238	0.	0.34553	1.192e-003
5852	0.15075	0.	0.75377	-1.3172e-004
5853	0.12602	0.	0.81935	-2.0652e-004
5854	3.1646e-002	0.	0.77941	-4.6708e-004
5855	9.8009e-002	0.	0.72374	-2.9469e-004
5860	-4.8623e-002	0.	0.16788	-1.2964e-002
5861	-4.4836e-002	0.	0.22026	-1.058e-002
5862	-8.3812e-002	0.	0.21187	-1.5961e-002
5863	-7.5945e-002	0.	0.16289	-2.9607e-002
5864	-3.7888e-002	0.	0.19131	-8.708e-003
5868	-0.33609	0.	0.39729	-6.9332e-003
5869	-0.23855	0.	0.36344	-1.0111e-002
5870	-0.29732	0.	0.43324	-6.7236e-003
5871	-0.31008	0.	0.36047	-1.0009e-002
5876	-9.532e-002	0.	0.64777	-1.6403e-003
5877	-5.1421e-002	0.	0.55973	-1.9518e-003
5878	-0.13179	0.	0.60637	-2.0471e-003
5879	-0.12156	0.	0.54891	-3.0385e-003
5880	-8.4302e-002	0.	0.54314	-2.6708e-003
5885	-8.8637e-003	0.	0.14895	5.9946e-003
5886	-6.1065e-002	0.	0.14182	-2.5836e-002
5887	-2.4809e-002	0.	0.13077	2.0306e-003
5888	-2.3007e-002	0.	0.17024	-4.937e-003
5893	-0.75021	0.	0.86239	9.3012e-005
5894	-0.7194	0.	0.75247	7.1222e-005
5895	-0.82663	0.	0.74568	3.1303e-004
5896	-0.75905	0.	0.71271	2.833e-004
5897	-0.70984	0.	0.81374	3.5066e-005
5898	-0.80829	0.	0.81195	1.7526e-004
5901	-0.34893	0.	0.44887	-4.7819e-003
5902	-0.43671	0.	0.42594	-3.4942e-003
5903	-0.40178	0.	0.36999	-5.7783e-003
5904	-0.42783	0.	0.3895	-4.0275e-003
5905	-0.36169	0.	0.3761	-8.0673e-003
5909	-0.53389	0.	0.13203	3.5141e-002
5910	-0.50098	0.	0.12344	5.2244e-002
5911	-0.46489	0.	0.14423	-5.0106e-004
5912	-0.48136	0.	0.13085	1.5857e-002
5913	-0.47057	0.	0.17338	6.6314e-003
5914	-0.52725	0.	0.16773	2.0336e-002
5920	-0.59695	0.	0.13884	3.5216e-002
5921	-0.60369	0.	0.20766	1.4215e-002
5922	-0.64393	0.	0.19255	1.5713e-002
5923	-0.64113	0.	0.11941	2.6823e-002
5924	-0.59032	0.	0.17455	2.0412e-002
5929	-0.53758	0.	0.10297	6.6608e-002
5930	-0.61466	0.	9.2122e-002	4.1111e-002
5931	-0.56385	0.	0.14726	3.47e-002
5932	-0.55576	0.	8.2427e-002	8.5511e-002
5937	5.0168e-002	0.	0.14691	2.8163e-002
5938	1.7115e-002	0.	0.12427	5.6521e-002
5939	6.9501e-005	0.	0.13292	1.7218e-002
5940	1.8713e-003	0.	0.17238	1.025e-002
5945	-0.48741	0.	0.85695	-4.2216e-004
5946	-0.58754	0.	0.87548	-1.5902e-004
5947	-0.46155	0.	0.92351	-2.8233e-004
5948	-0.55683	0.	0.95018	-1.4968e-004
5952	-0.29682	0.	0.16849	-4.8844e-002
5953	-0.30662	0.	0.21532	-2.9855e-002
5954	-0.26243	0.	0.16814	-5.068e-002
5955	-0.25546	0.	0.20152	-3.5741e-002
5958	-0.4967	0.	0.56032	-1.1264e-003
5959	-0.42372	0.	0.61013	-1.6445e-003
5960	-0.46668	0.	0.65546	-1.02e-003
5963	-0.11331	0.	0.78001	-8.6263e-004
5964	-7.4123e-002	0.	0.81755	-6.0507e-004
5965	-0.13514	0.	0.91597	-3.9685e-004
5966	-0.16835	0.	0.86304	-5.6261e-004
5967	-0.1584	0.	0.8008	-8.3615e-004
5970	0.71116	0.	0.83825	3.0747e-004
5971	0.82032	0.	0.93814	1.5926e-004
5972	0.82273	0.	0.88159	2.1941e-004
5973	0.69445	0.	0.92501	1.6881e-004
5978	0.11181	0.	0.47331	9.4499e-006
5979	1.5294e-002	0.	0.45969	-1.7975e-003
5980	2.1568e-002	0.	0.50292	-1.3066e-003
5981	8.2783e-002	0.	0.44385	-2.8507e-004
5982	6.4127e-002	0.	0.51844	-6.922e-004
5983	4.6503e-002	0.	0.4351	-9.9154e-004
5987	-1.3477	0.	0.90737	1.8095e-004
5988	-1.3426	0.	0.76718	3.5288e-004
5989	-1.2825	0.	0.89938	1.943e-004
5994	-6.2193e-002	0.	0.74714	-8.8104e-004
5995	-0.13785	0.	0.6682	-1.5454e-003
5996	-0.14647	0.	0.73039	-1.1121e-003
6000	0.3085	0.	0.24238	7.5536e-003
6001	0.23381	0.	0.17145	1.4935e-002
6002	0.25238	0.	0.25252	7.3912e-003
6003	0.26898	0.	0.15101	1.2795e-002
6004	0.22991	0.	0.21459	1.027e-002
6008	0.1093	0.	0.16212	2.7279e-002
6009	0.13687	0.	0.13446	3.047e-002
6010	0.16783	0.	0.15807	1.9718e-002
6011	0.16394	0.	0.20121	1.5052e-002
6016	0.11189	0.	0.11507	3.8337e-002
6017	5.1268e-002	0.	0.12009	6.3502e-002
6018	8.3733e-002	0.	0.11177	5.5161e-002
6022	-0.64575	0.	0.47494	6.5714e-004
6023	-0.53474	0.	0.45198	-9.5587e-004
6024	-0.54518	0.	0.48711	-5.3234e-004
6025	-0.61394	0.	0.42886	1.1885e-003
6028	-0.18486	0.	0.29964	-1.738e-002
6029	-0.15326	0.	0.38427	-8.3252e-003
6033	-0.14061	0.	0.24443	-1.9301e-002
6034	-0.20198	0.	0.23011	-2.9646e-002
6040	0.18053	0.	0.4263	1.8663e-003
6041	0.15151	0.	0.39683	1.5718e-003
6042	0.21635	0.	0.33753	3.8987e-003
6043	0.14136	0.	0.35891	2.0723e-003
6047	0.7054	0.	0.70027	5.2956e-004
6048	0.64	0.	0.68746	5.5695e-004
6049	0.64818	0.	0.85511	2.8582e-004
6050	0.60345	0.	0.73859	4.5981e-004
6051	0.60469	0.	0.80684	3.4203e-004
6056	0.22414	0.	0.65979	2.5868e-004
6057	0.19048	0.	0.79898	-2.7558e-005
6058	0.27917	0.	0.70922	2.3389e-004
6059	0.16247	0.	0.70337	-1.1574e-004
6063	0.30816	0.	0.57152	7.3013e-004
6064	0.19998	0.	0.53024	6.7031e-004
6065	0.1523	0.	0.57537	-3.1333e-005
6066	0.28809	0.	0.63561	4.4534e-004
6067	0.17139	0.	0.62976	9.5704e-005
6073	-1.1089	0.	0.13575	2.7111e-003
6074	-0.99223	0.	0.19955	3.3232e-003
6078	0.64865	0.	0.13634	2.6698e-003
6079	0.51607	0.	0.19811	3.5691e-003
6080	0.62344	0.	0.20079	2.5639e-003
6085	-0.41556	0.	0.15569	-2.3659e-002
6086	-0.3845	0.	0.15567	-4.0193e-002
6087	-0.39295	0.	0.19877	-2.1359e-002
6088	-0.42124	0.	0.18484	-1.6526e-002
6092	-0.8111	0.	0.95789	4.9418e-005
6093	-0.69525	0.	0.89302	-3.0286e-005
6094	-0.79371	0.	0.89122	1.0991e-004
6095	-0.66454	0.	0.96772	-2.0944e-005
6101	-0.89696	0.	0.34097	3.3744e-003
6102	-0.95201	0.	0.32028	2.8078e-003
6103	-0.94758	0.	0.4435	1.8247e-003
6106	0.40837	0.	0.32458	3.8393e-003
6107	0.46632	0.	0.30948	3.1131e-003
6108	0.45866	0.	0.42713	1.8827e-003
6113	-0.21596	0.	0.95821	-3.1256e-004
6114	-0.34488	0.	0.93766	-3.7647e-004
6115	-0.24916	0.	0.90527	-4.7833e-004
6116	-0.3236	0.	0.88265	-5.4937e-004
6119	-1.1934	0.	0.52331	9.1592e-004
6120	-1.2913	0.	0.42898	1.0464e-003
6125	0.20187	0.	0.91696	-5.3042e-005
6126	0.1477	0.	0.91807	-9.2216e-005
6129	-0.89865	0.	0.27889	3.9217e-003
6130	-0.79385	0.	0.2709	6.1563e-003
6134	-0.42746	0.	0.29187	-6.4886e-003
6135	-0.46658	0.	0.2775	-4.0473e-003
6136	-0.41316	0.	0.23939	-1.1796e-002
6137	-0.44145	0.	0.22547	-6.9633e-003
6142	-0.33541	0.	0.54683	-3.3793e-003
6146	0.40871	0.	0.26137	4.5339e-003
6147	0.29465	0.	0.28661	5.0977e-003
6152	-0.40814	0.	0.768	-8.6196e-004
6153	-0.31212	0.	0.69789	-1.3303e-003
6154	-0.36115	0.	0.66876	-1.6478e-003
6155	-0.40412	0.	0.71409	-1.0233e-003
6156	-0.361	0.	0.77955	-8.9504e-004
6161	-0.97532	0.	0.96856	8.7031e-005
6162	-1.145	0.	0.95911	1.2334e-004
6165	-7.0012e-002	0.	0.43519	-4.0237e-003
6166	-0.13388	0.	0.4676	-4.6195e-003
6167	-9.6618e-002	0.	0.46184	-4.2518e-003
6171	-1.087	0.	0.62212	7.2773e-004
6172	-0.94517	0.	0.67532	5.8781e-004
6173	-0.97336	0.	0.57351	1.0484e-003
6177	-1.2591	0.	0.64634	6.0424e-004
6180	0.44117	0.	0.98026	7.2786e-005
6181	0.56927	0.	0.95636	1.2376e-004
6182	0.52578	0.	0.90809	1.7997e-004
6183	0.46886	0.	0.92485	1.5457e-004
6187	-0.6242	0.	0.23408	8.9995e-003
6188	-0.53904	0.	0.27376	2.9095e-003
6189	-0.61811	0.	0.27674	6.4383e-003
6190	-0.57059	0.	0.21607	1.3698e-002
6196	0.44458	0.	0.56873	9.6962e-004
6197	0.4173	0.	0.51921	1.1685e-003
6198	0.36318	0.	0.62095	7.0534e-004
6201	-0.73053	0.	0.56359	8.1862e-004
6202	-0.67594	0.	0.4388	1.7604e-003
6205	-6.5144e-002	0.	0.24317	-9.8066e-003
6206	1.2854e-002	0.	0.26453	-1.1533e-003
6207	-1.922e-002	0.	0.22261	-2.5534e-003
6208	-1.1064e-002	0.	0.28973	-3.5318e-003
6211	-0.86917	0.	0.90745	1.3167e-004
6216	-0.48505	0.	0.1018	4.7324e-002
6217	-0.50293	0.	8.1541e-002	0.13182
6218	-0.52286	0.	7.3845e-002	0.10261
6224	-0.49617	0.	0.47408	-1.5735e-003
6225	-0.47685	0.	0.40252	-2.5303e-003
6229	0.68051	0.	0.61938	6.6203e-004
6230	0.81739	0.	0.60555	6.3555e-004
6234	-0.45498	0.	0.3127	-4.1237e-003
6235	-0.44191	0.	0.34657	-4.8143e-003
6236	-0.37577	0.	0.33317	-8.8541e-003
6241	-0.42876	0.	0.87388	-4.7468e-004
6242	-0.4506	0.	0.75341	-7.7588e-004
6243	-0.40748	0.	0.81887	-6.4758e-004
6246	0.13787	0.	0.44483	5.7598e-004
6247	0.11921	0.	0.51943	1.6886e-004
6255	-0.71366	0.	0.68206	1.9616e-004
6256	-0.66444	0.	0.78309	-5.2075e-005
6258	0.56051	0.	0.59358	8.1926e-004
6259	0.57856	0.	0.6577	5.9228e-004
6263	-0.21845	0.	0.64695	-1.7517e-003
6264	-0.31161	0.	0.63797	-1.8687e-003
6265	-0.22707	0.	0.70914	-1.3184e-003
6269	-0.40143	0.	0.13595	-3.8314e-002
6270	-0.44896	0.	0.12259	-5.4212e-003
6271	-0.43817	0.	0.16512	-1.4647e-002
6278	0.80458	0.	0.1329	1.7077e-003
6279	0.7066	0.	0.18718	1.9032e-003
6285	-1.2718	0.	0.14778	1.7624e-003
6290	-0.82089	0.	0.67528	4.3796e-004
6291	-0.87013	0.	0.77452	3.2993e-004
6294	-1.986e-002	0.	0.49028	-2.2525e-003
6295	5.0749e-003	0.	0.42246	-1.9375e-003
6296	-5.2741e-002	0.	0.47369	-2.9715e-003
6311	-1.2911	0.	0.96322	1.3043e-004
6319	0.30662	0.	0.97953	2.0738e-005
6320	0.40296	0.	0.93427	1.2699e-004
6329	-0.70427	0.	0.23059	9.161e-003
6330	-0.65834	0.	0.26163	7.9364e-003
6338	-0.33997	0.	0.13801	-5.8466e-002
6339	-0.27517	0.	0.13975	-6.392e-002
6353	0.17043	0.	0.11101	3.0776e-002
6354	0.1113	0.	8.4105e-002	5.8353e-002
6358	0.88562	0.	0.91158	1.8821e-004
6363	0.23656	0.	0.11418	1.7883e-002
6364	0.1975	0.	0.17776	1.5358e-002
6369	2.8974e-002	0.	0.54904	-1.1472e-003
6370	-4.6466e-002	0.	0.51693	-2.4806e-003
6375	-0.17825	0.	0.92859	-3.728e-004
6381	7.2564e-002	0.	0.40662	-4.2501e-004
6382	9.8701e-002	0.	0.37745	7.8194e-004
6387	0.70019	0.	0.31273	1.5833e-003
6391	0.47864	0.	0.53108	1.1479e-003
6392	0.52397	0.	0.64471	7.2212e-004
6395	-0.69818	0.	0.27326	6.5998e-003
6399	0.21607	0.	0.25883	7.8136e-003
6403	-0.18294	0.	0.68899	-1.519e-003
6404	-0.1641	0.	0.56933	-2.9436e-003
6408	-0.48104	0.	0.3322	-2.373e-003
6412	0.8028	0.	0.39884	1.1803e-003
6419	-0.35821	0.	0.22795	-2.0642e-002
6427	0.18382	0.	0.97049	-4.2904e-005
6430	0.88775	0.	0.50138	8.1382e-004
6441	9.0628e-002	0.	0.61895	-4.0575e-004
6445	-0.64819	0.	0.34851	3.8335e-003
6449	-0.62417	0.	0.91907	-7.889e-005
6452	1.1694e-003	0.	0.10609	5.2557e-002
6453	5.068e-002	0.	8.9125e-002	8.3518e-002
6454	2.833e-002	0.	8.0192e-002	0.14015
6460	-0.23382	0.	0.17277	-5.0817e-002
6466	-0.40361	0.	0.65417	-1.5618e-003
6480	-0.38161	0.	0.88542	-5.0776e-004
6486	-0.41555	0.	0.20819	-1.2347e-002
6501	2.7957e-002	0.	0.3027	-2.5968e-004
6502	7.0217e-002	0.	0.30852	1.7006e-003
6506	0.58798	0.	0.8936	2.0337e-004
6515	-0.20151	0.	0.81342	-8.1211e-004
6536	0.54325	0.	0.77708	3.7736e-004
6545	2.0161e-002	0.	0.36289	-1.8848e-003
6546	6.2422e-002	0.	0.3687	7.5466e-005
6553	-0.59994	0.	6.2997e-002	7.7117e-002
6559	0.48757	0.	0.8621	2.3417e-004
6577	-0.11661	0.	0.50611	-3.5673e-003
6585	4.6299e-002	0.	0.33372	-6.7787e-004
6589	6.0795e-002	0.	7.1878e-002	0.13181
10703	-0.52112	0.	6.0999e-002	0.15072
10704	-0.5122	0.	5.1057e-002	0.20776
10709	-0.53212	0.	4.336e-002	0.17856
