Node Number	X Location (m)	Y Location (m)	Z Location (m)	Directional Magnetic Flux Density (T)
95	-0.32	0.	4.e-002	0.66004
96	-0.3	0.	4.e-002	1.131
97	-0.28	0.	4.e-002	1.6353
98	-0.24	0.	4.e-002	2.1204
99	-0.2	0.	4.e-002	2.3581
100	-0.16	0.	4.e-002	2.4295
101	-0.12	0.	4.e-002	2.3743
102	-8.e-002	0.	4.e-002	2.0641
103	-4.e-002	0.	4.e-002	1.7402
104	0.	0.	4.e-002	0.68249
105	-2.e-002	0.	4.e-002	1.0818
169	-2.e-002	0.	-4.e-002	1.1405
170	0.	0.	-4.e-002	0.6986
171	-4.e-002	0.	-4.e-002	1.6536
172	-8.e-002	0.	-4.e-002	2.1084
173	-0.12	0.	-4.e-002	2.3738
174	-0.16	0.	-4.e-002	2.4289
175	-0.2	0.	-4.e-002	2.352
176	-0.24	0.	-4.e-002	2.0961
177	-0.28	0.	-4.e-002	1.6649
178	-0.3	0.	-4.e-002	1.2224
179	-0.32	0.	-4.e-002	0.72614
543	0.	0.	0.	0.73312
544	-0.32	0.	0.	0.76866
1009	-4.e-002	0.	0.	1.6734
1010	-0.28	0.	0.	1.5353
1011	-0.11728	0.	8.1836e-019	2.3745
1012	-0.18695	0.	0.	2.4183
2555	-0.31	0.	4.e-002	0.8955
2557	-0.32	0.	2.e-002	0.71435
2562	-0.29	0.	4.e-002	1.3831
2564	-0.31	0.	2.e-002	0.9498
2565	-0.29	0.	2.e-002	1.3331
2569	-0.26	0.	4.e-002	1.8779
2571	-0.28	0.	2.e-002	1.5853
2574	-0.22	0.	4.e-002	2.2393
2576	-0.24	0.	0.	2.1083
2577	-0.26	0.	2.e-002	1.8279
2578	-0.21348	0.	2.e-002	2.2693
2582	-0.18	0.	4.e-002	2.3938
2584	-0.19348	0.	2.e-002	2.3882
2586	-0.14	0.	4.e-002	2.4019
2588	-0.13864	0.	2.e-002	2.402
2589	-0.17348	0.	2.e-002	2.4239
2592	-0.1	0.	4.e-002	2.2192
2594	-0.11864	0.	2.e-002	2.3744
2597	-6.e-002	0.	4.e-002	1.9022
2599	-6.e-002	0.	2.e-002	1.8688
2600	-9.8642e-002	0.	2.e-002	2.2193
2604	-3.e-002	0.	4.e-002	1.411
2606	-4.e-002	0.	2.e-002	1.7068
2608	-1.e-002	0.	4.e-002	0.88213
2610	0.	0.	2.e-002	0.7078
2617	-1.e-002	0.	2.e-002	0.90745
2618	-3.e-002	0.	2.e-002	1.3776
2923	-1.e-002	0.	-4.e-002	0.91956
2924	-3.e-002	0.	-4.e-002	1.3971
2925	-1.e-002	0.	-2.e-002	0.93682
2926	-3.e-002	0.	-2.e-002	1.407
2931	0.	0.	-2.e-002	0.71586
2934	-6.e-002	0.	-4.e-002	1.881
2935	-4.e-002	0.	-2.e-002	1.6635
2938	-0.1	0.	-4.e-002	2.2411
2939	-6.e-002	0.	-2.e-002	1.8909
2940	-9.8642e-002	0.	-2.e-002	2.2415
2944	-0.14	0.	-4.e-002	2.4013
2945	-0.11864	0.	-2.e-002	2.3741
2948	-0.18	0.	-4.e-002	2.3904
2949	-0.13864	0.	-2.e-002	2.4017
2950	-0.17348	0.	-2.e-002	2.4236
2953	-0.22	0.	-4.e-002	2.224
2954	-0.19348	0.	-2.e-002	2.3851
2956	-0.26	0.	-4.e-002	1.8805
2957	-0.26	0.	-2.e-002	1.8157
2958	-0.21348	0.	-2.e-002	2.2572
2962	-0.29	0.	-4.e-002	1.4436
2963	-0.28	0.	-2.e-002	1.6001
2966	-0.31	0.	-4.e-002	0.97425
2967	-0.31	0.	-2.e-002	0.99551
2968	-0.29	0.	-2.e-002	1.3788
2974	-0.32	0.	-2.e-002	0.7474
5221	-2.e-002	0.	0.	1.2033
5230	-0.3	0.	0.	1.152
8288	-7.8642e-002	0.	4.0918e-019	2.024
8304	-0.15212	0.	4.0918e-019	2.3964
64	-0.3	0.	-5.e-002	3.5635e-002
65	-0.28	0.	-5.e-002	-4.0743e-002
66	-0.24	0.	-5.e-002	-5.0962e-002
67	-0.2	0.	-5.e-002	-4.7548e-002
68	-0.16	0.	-5.e-002	-4.1681e-002
69	-0.12	0.	-5.e-002	-4.8641e-002
70	-8.e-002	0.	-5.e-002	-5.1276e-002
71	-4.e-002	0.	-5.e-002	-3.956e-002
72	-2.e-002	0.	-5.e-002	3.772e-002
73	-2.e-002	0.	5.e-002	3.66e-002
74	-4.e-002	0.	5.e-002	-4.0945e-002
75	-8.e-002	0.	5.e-002	-5.1281e-002
76	-0.12	0.	5.e-002	-4.8056e-002
77	-0.16	0.	5.e-002	-4.1375e-002
78	-0.2	0.	5.e-002	-4.7507e-002
79	-0.24	0.	5.e-002	-5.1264e-002
80	-0.28	0.	5.e-002	-4.0973e-002
81	-0.3	0.	5.e-002	3.4755e-002
82	0.	0.	5.e-002	0.10705
83	0.	0.	6.e-002	6.4332e-002
84	-2.e-002	0.	6.e-002	1.2797e-002
85	-4.e-002	0.	6.e-002	-5.6386e-002
86	-8.e-002	0.	6.e-002	-7.8208e-002
87	-0.12	0.	6.e-002	-7.8013e-002
88	-0.16	0.	6.e-002	-7.3457e-002
89	-0.2	0.	6.e-002	-7.7414e-002
90	-0.24	0.	6.e-002	-7.8292e-002
91	-0.28	0.	6.e-002	-5.6408e-002
92	-0.3	0.	6.e-002	1.0617e-002
93	-0.32	0.	5.e-002	0.10279
94	-0.32	0.	6.e-002	5.9023e-002
95	-0.32	0.	4.e-002	0.14655
96	-0.3	0.	4.e-002	5.8893e-002
97	-0.28	0.	4.e-002	-2.5538e-002
98	-0.24	0.	4.e-002	-2.4236e-002
99	-0.2	0.	4.e-002	-1.76e-002
100	-0.16	0.	4.e-002	-9.2936e-003
101	-0.12	0.	4.e-002	-1.8099e-002
102	-8.e-002	0.	4.e-002	-2.4353e-002
103	-4.e-002	0.	4.e-002	-2.5504e-002
104	0.	0.	4.e-002	0.14976
105	-2.e-002	0.	4.e-002	6.0404e-002
169	-2.e-002	0.	-4.e-002	5.9359e-002
170	0.	0.	-4.e-002	0.1457
171	-4.e-002	0.	-4.e-002	-2.4373e-002
172	-8.e-002	0.	-4.e-002	-2.4354e-002
173	-0.12	0.	-4.e-002	-1.839e-002
174	-0.16	0.	-4.e-002	-9.4768e-003
175	-0.2	0.	-4.e-002	-1.7621e-002
176	-0.24	0.	-4.e-002	-2.4087e-002
177	-0.28	0.	-4.e-002	-2.5368e-002
178	-0.3	0.	-4.e-002	5.9354e-002
179	-0.32	0.	-4.e-002	0.1474
273	-0.3	0.	-6.e-002	1.1916e-002
274	-0.32	0.	-6.e-002	6.1956e-002
275	-0.28	0.	-6.e-002	-5.6119e-002
276	-0.24	0.	-6.e-002	-7.7837e-002
277	-0.2	0.	-6.e-002	-7.7474e-002
278	-0.16	0.	-6.e-002	-7.3886e-002
279	-0.12	0.	-6.e-002	-7.8892e-002
280	-8.e-002	0.	-6.e-002	-7.8197e-002
281	-4.e-002	0.	-6.e-002	-5.4747e-002
282	-2.e-002	0.	-6.e-002	1.6082e-002
283	0.	0.	-6.e-002	6.8665e-002
293	-0.32	0.	-5.e-002	0.10468
297	0.	0.	-5.e-002	0.10718
2428	-0.29	0.	-5.e-002	-2.5542e-003
2429	-0.3	0.	-4.5e-002	4.7494e-002
2430	-0.3	0.	-5.5e-002	2.3775e-002
2431	-0.31	0.	-5.e-002	7.0156e-002
2432	-0.26	0.	-5.e-002	-4.5852e-002
2433	-0.28	0.	-4.5e-002	-3.3055e-002
2434	-0.28	0.	-5.5e-002	-4.8431e-002
2435	-0.22	0.	-5.e-002	-4.9255e-002
2436	-0.24	0.	-4.5e-002	-3.7524e-002
2437	-0.24	0.	-5.5e-002	-6.4399e-002
2438	-0.18	0.	-5.e-002	-4.4615e-002
2439	-0.2	0.	-4.5e-002	-3.2585e-002
2440	-0.2	0.	-5.5e-002	-6.2511e-002
2441	-0.14	0.	-5.e-002	-4.5161e-002
2442	-0.16	0.	-4.5e-002	-2.5579e-002
2443	-0.16	0.	-5.5e-002	-5.7784e-002
2444	-0.1	0.	-5.e-002	-4.9958e-002
2445	-0.12	0.	-4.5e-002	-3.3515e-002
2446	-0.12	0.	-5.5e-002	-6.3766e-002
2447	-6.e-002	0.	-5.e-002	-4.5418e-002
2448	-8.e-002	0.	-4.5e-002	-3.7815e-002
2449	-8.e-002	0.	-5.5e-002	-6.4736e-002
2450	-3.e-002	0.	-5.e-002	-9.1985e-004
2451	-4.e-002	0.	-4.5e-002	-3.1966e-002
2452	-4.e-002	0.	-5.5e-002	-4.7154e-002
2453	-2.e-002	0.	-4.5e-002	4.854e-002
2454	-2.e-002	0.	-5.5e-002	2.6901e-002
2455	-1.e-002	0.	-5.e-002	7.245e-002
2456	-3.e-002	0.	5.e-002	-2.1724e-003
2457	-1.e-002	0.	5.e-002	7.1823e-002
2458	-2.e-002	0.	5.5e-002	2.4699e-002
2459	-2.e-002	0.	4.5e-002	4.8502e-002
2460	-6.e-002	0.	5.e-002	-4.6113e-002
2461	-4.e-002	0.	5.5e-002	-4.8666e-002
2462	-4.e-002	0.	4.5e-002	-3.3225e-002
2463	-0.1	0.	5.e-002	-4.9668e-002
2464	-8.e-002	0.	5.5e-002	-6.4744e-002
2465	-8.e-002	0.	4.5e-002	-3.7817e-002
2466	-0.14	0.	5.e-002	-4.4716e-002
2467	-0.12	0.	5.5e-002	-6.3034e-002
2468	-0.12	0.	4.5e-002	-3.3077e-002
2469	-0.18	0.	5.e-002	-4.4441e-002
2470	-0.16	0.	5.5e-002	-5.7416e-002
2471	-0.16	0.	4.5e-002	-2.5334e-002
2472	-0.22	0.	5.e-002	-4.9386e-002
2473	-0.2	0.	5.5e-002	-6.2461e-002
2474	-0.2	0.	4.5e-002	-3.2553e-002
2475	-0.26	0.	5.e-002	-4.6119e-002
2476	-0.24	0.	5.5e-002	-6.4778e-002
2477	-0.24	0.	4.5e-002	-3.775e-002
2478	-0.29	0.	5.e-002	-3.109e-003
2479	-0.28	0.	5.5e-002	-4.869e-002
2480	-0.28	0.	4.5e-002	-3.3256e-002
2481	-0.3	0.	5.5e-002	2.2686e-002
2482	-0.31	0.	5.e-002	6.8771e-002
2483	-0.3	0.	4.5e-002	4.6824e-002
2484	0.	0.	5.5e-002	8.5689e-002
2485	0.	0.	4.5e-002	0.1284
2490	-1.e-002	0.	6.e-002	3.8565e-002
2496	-3.e-002	0.	6.e-002	-2.1794e-002
2502	-6.e-002	0.	6.e-002	-6.7297e-002
2507	-0.1	0.	6.e-002	-7.811e-002
2512	-0.14	0.	6.e-002	-7.5735e-002
2518	-0.18	0.	6.e-002	-7.5436e-002
2524	-0.22	0.	6.e-002	-7.7853e-002
2529	-0.26	0.	6.e-002	-6.735e-002
2534	-0.29	0.	6.e-002	-2.2895e-002
2539	-0.31	0.	6.e-002	3.482e-002
2544	-0.32	0.	5.5e-002	8.0905e-002
2545	-0.32	0.	4.5e-002	0.12467
2555	-0.31	0.	4.e-002	0.10272
2562	-0.29	0.	4.e-002	1.6677e-002
2569	-0.26	0.	4.e-002	-2.4887e-002
2574	-0.22	0.	4.e-002	-2.0918e-002
2582	-0.18	0.	4.e-002	-1.3447e-002
2586	-0.14	0.	4.e-002	-1.3696e-002
2592	-0.1	0.	4.e-002	-2.1226e-002
2597	-6.e-002	0.	4.e-002	-2.4929e-002
2604	-3.e-002	0.	4.e-002	1.745e-002
2608	-1.e-002	0.	4.e-002	0.10508
2923	-1.e-002	0.	-4.e-002	0.10253
2924	-3.e-002	0.	-4.e-002	1.7493e-002
2930	0.	0.	-4.5e-002	0.12644
2934	-6.e-002	0.	-4.e-002	-2.4364e-002
2938	-0.1	0.	-4.e-002	-2.1372e-002
2944	-0.14	0.	-4.e-002	-1.3933e-002
2948	-0.18	0.	-4.e-002	-1.3549e-002
2953	-0.22	0.	-4.e-002	-2.0854e-002
2956	-0.26	0.	-4.e-002	-2.4727e-002
2962	-0.29	0.	-4.e-002	1.6993e-002
2966	-0.31	0.	-4.e-002	0.10338
2973	-0.32	0.	-4.5e-002	0.12604
3610	-0.31	0.	-6.e-002	3.6936e-002
3611	-0.29	0.	-6.e-002	-2.2101e-002
3617	-0.32	0.	-5.5e-002	8.3316e-002
3623	-0.26	0.	-6.e-002	-6.6978e-002
3627	-0.22	0.	-6.e-002	-7.7656e-002
3632	-0.18	0.	-6.e-002	-7.568e-002
3637	-0.14	0.	-6.e-002	-7.6389e-002
3641	-0.1	0.	-6.e-002	-7.8544e-002
3646	-6.e-002	0.	-6.e-002	-6.6472e-002
3652	-3.e-002	0.	-6.e-002	-1.9333e-002
3657	-1.e-002	0.	-6.e-002	4.2374e-002
3662	0.	0.	-5.5e-002	8.7923e-002
170	0.	0.	-4.e-002	0.39318
179	-0.32	0.	-4.e-002	0.36719
273	-0.3	0.	-6.e-002	-5.1533e-003
274	-0.32	0.	-6.e-002	7.4322e-002
275	-0.28	0.	-6.e-002	-5.1435e-002
276	-0.24	0.	-6.e-002	-7.5119e-002
277	-0.2	0.	-6.e-002	-8.4121e-002
278	-0.16	0.	-6.e-002	-7.7534e-002
279	-0.12	0.	-6.e-002	-7.6631e-002
280	-8.e-002	0.	-6.e-002	-6.3996e-002
281	-4.e-002	0.	-6.e-002	-3.8782e-002
282	-2.e-002	0.	-6.e-002	-6.9449e-003
283	0.	0.	-6.e-002	5.6926e-002
293	-0.32	0.	-5.e-002	0.23716
297	0.	0.	-5.e-002	0.24118
364	1.	0.	-9.6364e-002	5.4302e-004
365	1.	0.	-0.19273	4.9202e-004
366	1.	0.	-0.28909	4.4408e-004
367	1.	0.	-0.38545	3.9223e-004
368	1.	0.	-0.48182	2.9425e-004
369	1.	0.	-0.57818	2.4092e-004
370	1.	0.	-0.67455	1.7895e-004
371	1.	0.	-0.77091	1.3099e-004
372	1.	0.	-0.86727	7.5628e-005
373	1.	0.	-0.96364	2.9237e-005
384	0.90333	0.	-1.06	1.7775e-005
385	0.80667	0.	-1.06	2.377e-005
386	0.71	0.	-1.06	2.2842e-005
387	0.61333	0.	-1.06	2.2539e-005
388	0.51667	0.	-1.06	1.9918e-005
389	0.42	0.	-1.06	1.4077e-005
390	0.32333	0.	-1.06	1.5351e-006
391	0.22667	0.	-1.06	-1.1338e-005
392	0.13	0.	-1.06	-1.9887e-005
393	3.3333e-002	0.	-1.06	-3.4178e-005
394	-6.3333e-002	0.	-1.06	-4.9093e-005
395	-0.16	0.	-1.06	-2.9195e-005
396	-0.25667	0.	-1.06	-2.7943e-005
397	-0.35333	0.	-1.06	-3.32e-005
398	-0.45	0.	-1.06	-1.7382e-005
399	-0.54667	0.	-1.06	-6.4158e-006
400	-0.64333	0.	-1.06	3.9038e-006
401	-0.74	0.	-1.06	1.4642e-005
402	-0.83667	0.	-1.06	1.4007e-005
403	-0.93333	0.	-1.06	1.6851e-005
404	-1.03	0.	-1.06	1.6094e-005
405	-1.1267	0.	-1.06	2.6062e-005
406	-1.2233	0.	-1.06	1.6137e-005
412	-1.32	0.	-0.96364	3.0918e-005
413	-1.32	0.	-0.86727	9.2667e-005
414	-1.32	0.	-0.77091	1.3518e-004
415	-1.32	0.	-0.67455	1.6881e-004
416	-1.32	0.	-0.57818	2.5689e-004
417	-1.32	0.	-0.48182	3.2516e-004
418	-1.32	0.	-0.38545	3.8169e-004
419	-1.32	0.	-0.28909	4.4469e-004
420	-1.32	0.	-0.19273	5.0083e-004
421	-1.32	0.	-9.6364e-002	5.3949e-004
427	9.0909e-002	0.	0.	8.0779e-002
428	0.18182	0.	0.	2.121e-002
429	0.27273	0.	0.	8.5924e-003
430	0.36364	0.	0.	5.1667e-003
431	0.45455	0.	0.	2.7783e-003
432	0.54545	0.	0.	1.8545e-003
433	0.63636	0.	0.	1.1985e-003
434	0.72727	0.	0.	8.9167e-004
435	0.81818	0.	0.	7.1577e-004
436	0.90909	0.	0.	5.8892e-004
437	-1.2291	0.	0.	5.8322e-004
438	-1.1382	0.	0.	7.2408e-004
439	-1.0473	0.	0.	9.0826e-004
440	-0.95636	0.	0.	1.1504e-003
441	-0.86545	0.	0.	1.7145e-003
442	-0.77455	0.	0.	2.7965e-003
443	-0.68364	0.	0.	4.9135e-003
444	-0.59273	0.	0.	1.0227e-002
445	-0.50182	0.	0.	1.8685e-002
446	-0.41091	0.	0.	7.2924e-002
543	0.	0.	0.	0.39277
544	-0.32	0.	0.	0.42281
549	1.	0.	-1.06	1.4804e-005
550	1.	0.	0.	5.4796e-004
551	-1.32	0.	-1.06	1.4123e-005
552	-1.32	0.	0.	5.4593e-004
737	7.3333e-002	0.	-0.40208	-6.5147e-004
738	-0.38086	0.	-0.39517	-6.7944e-004
739	-0.85094	0.	-0.46701	5.78e-004
740	0.54208	0.	-0.50551	4.7894e-004
741	-0.3704	0.	-0.23059	1.5436e-003
742	4.4097e-002	0.	-0.23801	-9.8191e-005
743	-0.27778	0.	-0.72667	-3.6241e-004
744	0.15111	0.	-0.72667	-1.0981e-004
745	-0.13483	0.	-0.29968	-7.8192e-003
746	-0.57817	0.	-0.59096	6.8037e-005
747	-0.21303	0.	-0.50417	-1.6801e-003
748	0.63345	0.	-0.78399	1.2783e-004
749	-0.93045	0.	-0.78666	1.1996e-004
750	-0.55441	0.	-0.20777	4.629e-003
751	0.22897	0.	-0.20919	5.4655e-003
752	-0.18337	0.	-0.18538	-2.4323e-002
753	0.31555	0.	-0.42962	8.59e-004
754	3.0926e-002	0.	-0.65722	-4.1365e-004
755	0.59406	0.	-0.31428	8.1605e-004
756	-1.0168	0.	-0.14633	8.8126e-004
757	2.5185e-002	0.	-0.17111	2.7984e-003
758	-0.33016	0.	-0.12232	8.4699e-003
759	-0.68777	0.	-0.18508	2.6844e-003
760	-0.55838	0.	-0.4697	3.6944e-004
761	-0.66171	0.	-0.94561	1.3355e-005
762	0.31925	0.	-0.74065	5.658e-005
763	-0.5791	0.	-0.83777	-2.8887e-005
764	-4.9015e-002	0.	-0.16703	-1.3837e-002
765	0.47299	0.	-0.24228	1.6613e-003
766	-1.1914	0.	-0.42557	4.1094e-004
767	-0.33866	0.	-0.50154	-7.6466e-004
768	0.69185	0.	-0.51657	3.8019e-004
769	-1.4836e-002	0.	-0.42676	-1.7752e-003
770	-0.2218	0.	-0.34533	-4.4942e-003
771	-4.0329e-003	0.	-0.77138	-2.9636e-004
772	-0.81852	0.	-0.71732	1.5237e-004
773	0.23214	0.	-0.50813	2.9992e-004
774	-1.0736	0.	-0.5996	2.8753e-004
775	-0.41647	0.	-0.15636	1.222e-002
776	-0.2536	0.	-0.15028	-2.0774e-002
777	-0.12385	0.	-0.71724	-4.8096e-004
778	-4.8932e-002	0.	-0.57343	-9.6136e-004
779	-0.22526	0.	-0.87682	-1.7839e-004
780	-0.18474	0.	-0.42331	-2.796e-003
781	-3.5373e-002	0.	-0.12047	-1.8763e-002
782	1.2593e-002	0.	-0.11556	9.7821e-003
783	9.6655e-002	0.	-0.15421	1.2025e-002
784	-0.76635	0.	-0.32515	1.2775e-003
785	0.82958	0.	-0.74058	1.6227e-004
786	-1.1695	0.	-0.82441	9.5566e-005
787	-0.46136	0.	-0.67617	-1.8692e-004
788	-5.0102e-002	0.	-0.27305	-5.5425e-003
789	-0.28478	0.	-0.20718	-8.4719e-003
790	0.42324	0.	-0.61391	3.2341e-004
791	-9.1591e-002	0.	-0.22453	-1.2458e-002
792	4.601e-002	0.	-0.51912	-8.2972e-004
793	-0.54899	0.	-0.33318	1.4656e-003
794	0.18143	0.	-0.93222	-2.757e-005
795	-0.36655	0.	-0.91364	-8.5096e-005
796	-0.9309	0.	-0.31486	8.303e-004
797	-0.1616	0.	-0.11916	-5.0038e-002
798	0.17199	0.	-0.28597	1.9891e-003
799	-0.72707	0.	-0.54597	3.8491e-004
800	0.37242	0.	-0.88041	3.7018e-005
801	-0.21541	0.	-0.25206	-1.1648e-002
802	-0.27954	0.	-0.43016	-1.8074e-003
803	0.76767	0.	-0.90721	6.3782e-005
804	0.59424	0.	-0.164	1.2666e-003
805	-0.45855	0.	-0.2579	3.1089e-003
806	0.26313	0.	-0.31811	1.6726e-003
807	-1.1809	0.	-0.15033	5.709e-004
808	0.33619	0.	-0.2225	3.2689e-003
809	0.86064	0.	-0.43964	3.5918e-004
810	-9.4321e-002	0.	-0.12019	-4.643e-002
811	0.4663	0.	-0.75747	1.326e-004
812	-0.84708	0.	-0.16446	1.7334e-003
813	-0.29185	0.	-0.28222	-4.9733e-003
814	-0.68309	0.	-0.78269	5.6242e-005
815	-0.32963	0.	-0.62957	-5.173e-004
816	-7.6218e-002	0.	-0.36082	-3.9145e-003
817	0.50584	0.	-0.90703	5.6832e-005
818	0.57555	0.	-0.64233	2.3622e-004
819	-0.97469	0.	-0.44774	4.8027e-004
820	-1.5054e-003	0.	-0.3331	-2.6764e-003
821	-0.46204	0.	-0.55533	-1.888e-004
822	-0.90825	0.	-0.92751	4.4319e-005
823	-0.65573	0.	-0.39716	9.3323e-004
824	-1.4142e-002	0.	-0.92169	-1.1297e-004
825	0.40063	0.	-0.11953	3.3698e-003
826	0.26444	0.	-0.62182	8.7789e-005
827	-0.12441	0.	-0.50248	-1.684e-003
828	-0.21065	0.	-0.14368	-3.0733e-002
829	0.87278	0.	-0.13541	5.8162e-004
830	0.72057	0.	-9.0137e-002	8.787e-004
831	-0.1194	0.	-0.17205	-2.7732e-002
832	0.12747	0.	-0.59997	-2.554e-004
833	0.15988	0.	-0.36226	5.0347e-004
834	0.72778	0.	-0.3658	5.1258e-004
835	-1.0758	0.	-0.25484	6.3487e-004
836	-0.37667	0.	-0.31	-7.1017e-004
837	-0.22119	0.	-0.66717	-5.1445e-004
838	-0.11591	0.	-0.83223	-2.0933e-004
839	-0.56967	0.	-0.72423	1.2425e-005
840	-1.21	0.	-0.67174	1.8796e-004
841	0.87003	0.	-0.58426	2.5717e-004
842	-0.95187	0.	-0.65897	2.3385e-004
843	0.42222	0.	-0.46265	6.1848e-004
844	0.38698	0.	-0.34936	1.1429e-003
845	0.62479	0.	-0.94484	3.3198e-005
846	-0.28033	0.	-9.842e-002	-2.8475e-002
847	-0.69793	0.	-0.66434	1.6997e-004
848	-0.64558	0.	-0.29111	1.7538e-003
849	-1.0232	0.	-0.8521	8.9951e-005
850	-0.47494	0.	-0.81144	-8.9723e-005
851	-0.80647	0.	-0.84736	7.0796e-005
852	-1.195	0.	-0.94935	3.7093e-005
853	0.70812	0.	-0.65852	2.3832e-004
854	-0.29959	0.	-0.14907	-8.2854e-003
855	0.14515	0.	-0.45272	3.7128e-005
856	-0.83815	0.	-0.60154	3.0189e-004
857	-0.47697	0.	-0.43152	6.1659e-005
858	0.25968	0.	-8.9103e-002	8.5395e-003
859	-0.58204	0.	-8.9809e-002	6.8581e-003
860	-0.20725	0.	-0.7742	-3.2944e-004
861	0.8862	0.	-0.94475	4.9018e-005
862	-0.37414	0.	-0.76279	-2.0773e-004
863	-0.14941	0.	-0.5973	-1.0083e-003
864	-1.2	0.	-0.29591	4.5815e-004
865	0.33152	0.	-0.52723	3.3602e-004
866	9.4198e-002	0.	-0.84241	-9.2339e-005
867	-0.30378	0.	-0.35129	-2.9534e-003
868	-0.34909	0.	-0.16717	2.0375e-003
869	-0.49883	0.	-0.95402	-2.8602e-005
870	-0.7308	0.	-0.44866	7.3022e-004
871	7.9299e-002	0.	-0.95897	-5.715e-005
872	0.89057	0.	-0.30175	4.8245e-004
873	-1.0599	0.	-0.73207	1.5246e-004
874	0.5058	0.	-0.3836	7.9229e-004
875	5.39e-002	0.	-0.12587	1.6272e-002
876	1.1009e-002	0.	-8.0723e-002	4.908e-002
877	-0.37298	0.	-0.12732	1.6282e-002
878	-0.35438	0.	-0.10055	2.7653e-002
879	-0.34583	0.	-6.6514e-002	6.9114e-002
880	0.13184	0.	-0.22556	4.4089e-003
881	-0.7391	0.	-7.5362e-002	3.2496e-003
882	0.14896	0.	-7.8056e-002	2.4422e-002
883	8.1937e-002	0.	-8.4042e-002	4.2006e-002
884	-0.46896	0.	-7.8056e-002	2.2162e-002
885	-0.40066	0.	-8.8425e-002	3.9153e-002
886	-0.25657	0.	-0.98682	-5.9234e-005
887	9.2589e-002	0.	-0.30911	-2.9612e-004
888	-0.45301	0.	-0.35074	5.0493e-004
889	-1.0699	0.	-0.3702	5.1972e-004
890	0.69808	0.	-0.23627	7.9908e-004
891	-0.31486	0.	-8.2533e-002	1.6276e-002
892	0.61834	0.	-0.42356	5.7786e-004
893	-0.15142	0.	-0.22741	-1.6219e-002
894	-0.79622	0.	-0.96304	2.7168e-005
895	-1.1923	0.	-0.53787	3.0738e-004
896	-2.6682e-002	0.	-8.8935e-002	-8.5919e-003
897	0.89669	0.	-0.84614	9.5583e-005
898	-1.1174	0.	-6.2959e-002	7.001e-004
899	-0.22421	0.	-9.8194e-002	-5.6323e-002
900	0.29597	0.	-0.96528	-2.2402e-006
901	0.22759	0.	-0.40749	7.4447e-004
902	-0.28727	0.	-0.81017	-2.4623e-004
903	-0.10182	0.	-0.43066	-2.5107e-003
904	-5.0456e-002	0.	-0.48986	-1.5254e-003
905	0.24037	0.	-0.83594	-1.9954e-005
906	-0.1174	0.	-0.94377	-8.5627e-005
907	-0.14469	0.	-0.3743	-3.9268e-003
908	0.51387	0.	-8.096e-002	1.855e-003
909	-0.24118	0.	-0.57889	-8.498e-004
910	-0.94427	0.	-6.3823e-002	1.1913e-003
911	-0.49466	0.	-0.14505	1.0189e-002
912	0.17702	0.	-0.14794	1.1042e-002
913	-0.22961	0.	-0.18784	-1.7668e-002
914	-0.95881	0.	-0.5441	3.8417e-004
915	-0.64751	0.	-0.49775	4.2564e-004
916	-4.625e-002	0.	-0.67458	-5.9717e-004
917	-1.0558	0.	-0.96019	3.6454e-005
918	-1.2995e-002	0.	-0.20454	-4.7499e-003
919	-1.0657	0.	-0.48559	4.1594e-004
920	3.7561e-002	0.	-9.1268e-002	4.2438e-002
921	2.8366e-002	0.	-5.0148e-002	0.16201
1413	-0.35395	0.	-2.473e-002	0.21683
1414	-0.37119	0.	-4.3215e-002	0.10129
1415	-0.33883	0.	-4.7409e-002	0.18209
2930	0.	0.	-4.5e-002	0.31718
2931	0.	0.	-2.e-002	0.39298
2932	1.4183e-002	0.	-4.5074e-002	0.27759
2973	-0.32	0.	-4.5e-002	0.30218
2974	-0.32	0.	-2.e-002	0.395
2975	-0.33698	0.	-3.2365e-002	0.29201
2976	-0.32941	0.	-4.3705e-002	0.27464
3610	-0.31	0.	-6.e-002	3.4584e-002
3611	-0.29	0.	-6.e-002	-2.8294e-002
3612	-0.29017	0.	-7.921e-002	-1.6814e-002
3613	-0.30743	0.	-7.1266e-002	5.5613e-003
3617	-0.32	0.	-5.5e-002	0.15574
3618	-0.33292	0.	-6.3257e-002	7.1718e-002
3619	-0.31743	0.	-7.1266e-002	4.5299e-002
3620	-0.32941	0.	-5.3705e-002	0.12821
3623	-0.26	0.	-6.e-002	-6.3277e-002
3624	-0.28017	0.	-7.921e-002	-3.9955e-002
3627	-0.22	0.	-6.e-002	-7.962e-002
3628	-0.26017	0.	-7.921e-002	-5.1797e-002
3629	-0.23211	0.	-7.9097e-002	-6.5721e-002
3632	-0.18	0.	-6.e-002	-8.0827e-002
3633	-0.1808	0.	-8.9578e-002	-6.7079e-002
3634	-0.21211	0.	-7.9097e-002	-7.0222e-002
3637	-0.14	0.	-6.e-002	-7.7083e-002
3638	-0.1608	0.	-8.9578e-002	-6.3786e-002
3641	-0.1	0.	-6.e-002	-7.0314e-002
3642	-0.1408	0.	-8.9578e-002	-6.3334e-002
3643	-0.10716	0.	-9.0093e-002	-6.1531e-002
3646	-6.e-002	0.	-6.e-002	-5.1389e-002
3647	-5.7687e-002	0.	-9.0235e-002	-4.1379e-002
3648	-8.716e-002	0.	-9.0093e-002	-5.5213e-002
3649	-5.3341e-002	0.	-7.4468e-002	-3.6294e-002
3652	-3.e-002	0.	-6.e-002	-2.2864e-002
3653	-3.3341e-002	0.	-7.4468e-002	-2.3687e-002
3657	-1.e-002	0.	-6.e-002	2.499e-002
3658	-2.3341e-002	0.	-7.4468e-002	-7.7684e-003
3662	0.	0.	-5.5e-002	0.14905
3663	5.5046e-003	0.	-7.0362e-002	5.3003e-002
3664	-1.3341e-002	0.	-7.4468e-002	2.4167e-002
3665	1.4183e-002	0.	-5.5074e-002	0.10947
3726	-0.32941	0.	-4.8705e-002	0.20963
3741	1.4183e-002	0.	-5.0074e-002	0.20159
4164	1.	0.	-0.14455	5.1752e-004
4166	0.95455	0.	-4.8182e-002	5.6597e-004
4167	1.	0.	-4.8182e-002	5.4549e-004
4168	0.93639	0.	-0.11589	5.6232e-004
4171	1.	0.	-0.24091	4.6805e-004
4172	0.93639	0.	-0.16407	5.3682e-004
4173	0.94529	0.	-0.24724	4.8723e-004
4176	1.	0.	-0.33727	4.1816e-004
4177	0.94529	0.	-0.29542	4.6326e-004
4179	1.	0.	-0.43364	3.4324e-004
4180	0.93032	0.	-0.41255	3.757e-004
4181	0.94529	0.	-0.3436	4.3734e-004
4185	1.	0.	-0.53	2.6759e-004
4186	0.93032	0.	-0.46073	3.2671e-004
4187	0.93501	0.	-0.53304	2.7571e-004
4191	1.	0.	-0.62636	2.0994e-004
4192	0.93501	0.	-0.58122	2.4905e-004
4194	1.	0.	-0.72273	1.5497e-004
4195	0.91479	0.	-0.70756	1.7061e-004
4196	0.93501	0.	-0.6294	2.1806e-004
4200	1.	0.	-0.81909	1.0331e-004
4201	0.91479	0.	-0.75574	1.4663e-004
4202	0.94834	0.	-0.80853	1.1328e-004
4206	1.	0.	-0.91545	5.2433e-005
4207	0.9431	0.	-0.90601	6.2323e-005
4208	0.94834	0.	-0.85671	8.5606e-005
4212	0.95167	0.	-1.0118	2.3506e-005
4213	1.	0.	-1.0118	2.2021e-005
4214	0.9431	0.	-0.95419	3.9128e-005
4280	0.855	0.	-1.06	2.0772e-005
4281	0.95167	0.	-1.06	1.6289e-005
4282	0.89477	0.	-1.0024	3.3396e-005
4286	0.75833	0.	-1.06	2.3306e-005
4287	0.78717	0.	-0.9836	4.3776e-005
4288	0.84643	0.	-1.0024	3.6394e-005
4292	0.66167	0.	-1.06	2.2691e-005
4293	0.73883	0.	-0.9836	4.3312e-005
4294	0.6674	0.	-1.0024	2.802e-005
4298	0.565	0.	-1.06	2.1229e-005
4299	0.61906	0.	-1.0024	2.7869e-005
4303	0.46833	0.	-1.06	1.6997e-005
4304	0.51126	0.	-0.98351	3.8375e-005
4305	0.57073	0.	-1.0024	2.6558e-005
4309	0.37167	0.	-1.06	7.806e-006
4310	0.39621	0.	-0.9702	2.5548e-005
4311	0.46292	0.	-0.98351	3.5455e-005
4312	0.35799	0.	-1.0126	5.9183e-006
4316	0.275	0.	-1.06	-4.9014e-006
4317	0.30965	0.	-1.0126	-3.5253e-007
4322	0.17833	0.	-1.06	-1.5612e-005
4323	0.20405	0.	-0.99611	-1.9454e-005
4324	0.26132	0.	-1.0126	-6.7891e-006
4328	8.1667e-002	0.	-1.06	-2.7033e-005
4329	0.15571	0.	-0.99611	-2.3729e-005
4330	0.10465	0.	-1.0095	-3.8518e-005
4333	-1.5e-002	0.	-1.06	-4.1635e-005
4334	9.5959e-003	0.	-0.99085	-7.3572e-005
4335	5.6316e-002	0.	-1.0095	-4.5664e-005
4339	-0.11167	0.	-1.06	-3.9144e-005
4340	-3.8737e-002	0.	-0.99085	-8.1029e-005
4341	-9.0366e-002	0.	-1.0019	-6.736e-005
4345	-0.20833	0.	-1.06	-2.8569e-005
4346	-0.20828	0.	-1.0234	-4.4215e-005
4347	-0.1387	0.	-1.0019	-5.7411e-005
4349	-0.305	0.	-1.06	-3.0571e-005
4350	-0.25662	0.	-1.0234	-4.3588e-005
4354	-0.40167	0.	-1.06	-2.5291e-005
4355	-0.35994	0.	-0.98682	-5.9148e-005
4356	-0.30495	0.	-1.0234	-4.6217e-005
4360	-0.49833	0.	-1.06	-1.1899e-005
4361	-0.40828	0.	-0.98682	-5.1239e-005
4362	-0.47441	0.	-1.007	-2.2992e-005
4364	-0.595	0.	-1.06	-1.256e-006
4365	-0.60419	0.	-1.0028	3.4694e-006
4366	-0.52275	0.	-1.007	-1.7509e-005
4370	-0.69167	0.	-1.06	9.2729e-006
4371	-0.65252	0.	-1.0028	8.6293e-006
4376	-0.78833	0.	-1.06	1.4324e-005
4377	-0.70086	0.	-1.0028	1.3998e-005
4378	-0.76811	0.	-1.0115	2.0905e-005
4382	-0.885	0.	-1.06	1.5429e-005
4383	-0.87246	0.	-0.99376	2.9163e-005
4384	-0.81644	0.	-1.0115	2.0588e-005
4386	-0.98167	0.	-1.06	1.6472e-005
4387	-0.92079	0.	-0.99376	3.0585e-005
4388	-0.99456	0.	-1.0101	2.6652e-005
4393	-1.0783	0.	-1.06	2.1078e-005
4394	-1.0429	0.	-1.0101	2.6274e-005
4396	-1.175	0.	-1.06	2.1099e-005
4397	-1.1608	0.	-1.0047	3.1577e-005
4398	-1.0912	0.	-1.0101	3.1258e-005
4403	-1.2717	0.	-1.0118	2.3527e-005
4404	-1.2717	0.	-1.06	1.513e-005
4405	-1.2092	0.	-1.0047	2.6615e-005
4435	-1.32	0.	-0.91545	6.1792e-005
4436	-1.32	0.	-1.0118	2.252e-005
4437	-1.2575	0.	-0.95649	3.4005e-005
4439	-1.32	0.	-0.81909	1.1393e-004
4440	-1.2448	0.	-0.84584	9.4116e-005
4441	-1.2575	0.	-0.90831	6.488e-005
4445	-1.32	0.	-0.72273	1.52e-004
4446	-1.2448	0.	-0.79766	1.1538e-004
4447	-1.265	0.	-0.72133	1.6157e-004
4450	-1.32	0.	-0.62636	2.1285e-004
4451	-1.265	0.	-0.67314	1.7839e-004
4455	-1.32	0.	-0.53	2.9103e-004
4456	-1.265	0.	-0.62496	2.2243e-004
4457	-1.2562	0.	-0.55803	2.8213e-004
4462	-1.32	0.	-0.43364	3.5343e-004
4463	-1.2557	0.	-0.45369	3.6805e-004
4464	-1.2562	0.	-0.50984	3.1627e-004
4468	-1.32	0.	-0.33727	4.1319e-004
4469	-1.2557	0.	-0.40551	3.9631e-004
4470	-1.26	0.	-0.34068	4.1992e-004
4473	-1.32	0.	-0.24091	4.7276e-004
4474	-1.26	0.	-0.2925	4.5142e-004
4477	-1.32	0.	-0.14455	5.2016e-004
4478	-1.2505	0.	-0.17153	5.3587e-004
4479	-1.26	0.	-0.24432	4.7949e-004
4482	-1.2745	0.	-4.8182e-002	5.6135e-004
4483	-1.32	0.	-4.8182e-002	5.4271e-004
4484	-1.2505	0.	-0.12335	5.5519e-004
4531	0.13636	0.	0.	5.0994e-002
4532	4.5455e-002	0.	0.	0.23677
4536	0.11993	0.	-3.9028e-002	5.26e-002
4537	8.6423e-002	0.	-4.2021e-002	6.1392e-002
4538	5.9638e-002	0.	-2.5074e-002	0.12139
4546	0.22727	0.	0.	1.4901e-002
4549	0.22075	0.	-4.4552e-002	1.4875e-002
4550	0.16539	0.	-3.9028e-002	2.2816e-002
4557	0.31818	0.	0.	6.8795e-003
4560	0.2662	0.	-4.4552e-002	8.5659e-003
4564	0.40909	0.	0.	3.9725e-003
4566	0.38213	0.	-5.9764e-002	4.2682e-003
4567	0.31166	0.	-4.4552e-002	6.8531e-003
4570	0.5	0.	0.	2.3164e-003
4573	0.42759	0.	-5.9764e-002	3.0741e-003
4574	0.48421	0.	-4.048e-002	2.3167e-003
4580	0.59091	0.	0.	1.5265e-003
4583	0.52966	0.	-4.048e-002	1.8548e-003
4587	0.68182	0.	0.	1.0451e-003
4589	0.6153	0.	-8.2001e-002	1.2326e-003
4590	0.67847	0.	-4.5068e-002	1.0386e-003
4591	0.57512	0.	-4.048e-002	1.5268e-003
4596	0.77273	0.	0.	8.0372e-004
4599	0.72392	0.	-4.5068e-002	8.8519e-004
4601	0.86364	0.	0.	6.5235e-004
4604	0.84548	0.	-6.7704e-002	6.487e-004
4605	0.76938	0.	-4.5068e-002	7.9724e-004
4611	0.95455	0.	0.	5.6844e-004
4613	0.89094	0.	-6.7704e-002	5.8527e-004
4618	-1.1836	0.	0.	6.5365e-004
4620	-1.2745	0.	0.	5.6457e-004
4622	-1.205	0.	-7.5166e-002	5.7706e-004
4623	-1.1732	0.	-3.148e-002	6.4166e-004
4627	-1.0927	0.	0.	8.1617e-004
4630	-1.1278	0.	-3.148e-002	7.1209e-004
4635	-1.0018	0.	0.	1.0293e-003
4638	-1.032	0.	-7.3163e-002	8.9476e-004
4639	-1.0823	0.	-3.148e-002	8.0418e-004
4640	-0.99577	0.	-3.1912e-002	1.0498e-003
4642	-0.91091	0.	0.	1.4324e-003
4644	-0.95032	0.	-3.1912e-002	1.1709e-003
4649	-0.82	0.	0.	2.2555e-003
4652	-0.85627	0.	-8.223e-002	1.7239e-003
4653	-0.80228	0.	-3.7681e-002	2.482e-003
4654	-0.90486	0.	-3.1912e-002	1.4529e-003
4659	-0.72909	0.	0.	3.855e-003
4661	-0.75682	0.	-3.7681e-002	3.023e-003
4663	-0.63818	0.	0.	7.5701e-003
4667	-0.63284	0.	-4.4904e-002	5.8858e-003
4668	-0.71137	0.	-3.7681e-002	4.0815e-003
4672	-0.54727	0.	0.	1.4456e-002
4675	-0.58739	0.	-4.4904e-002	8.5424e-003
4681	-0.45636	0.	0.	4.5804e-002
4685	-0.54193	0.	-4.4904e-002	1.2771e-002
4686	-0.48539	0.	-3.9028e-002	2.0423e-002
4691	-0.36545	0.	0.	0.24787
4695	-0.43993	0.	-3.9028e-002	4.7543e-002
4696	-0.40578	0.	-4.4212e-002	5.6038e-002
4700	-0.38243	0.	-1.2365e-002	0.14488
4701	-0.39105	0.	-2.1607e-002	8.7106e-002
5219	1.4183e-002	0.	-2.5074e-002	0.27739
5231	-0.33698	0.	-1.2365e-002	0.31982
6338	2.9249e-002	0.	-0.41442	-1.2133e-003
6339	5.9672e-002	0.	-0.4606	-7.406e-004
6340	3.5914e-002	0.	-0.36759	-1.6639e-003
6341	0.11661	0.	-0.38217	-7.4e-005
6342	0.10924	0.	-0.4274	-3.0717e-004
6343	8.2961e-002	0.	-0.3556	-4.738e-004
6347	-0.35976	0.	-0.44836	-7.2205e-004
6348	-0.3302	0.	-0.41266	-1.2434e-003
6349	-0.37876	0.	-0.35259	-6.9481e-004
6350	-0.42891	0.	-0.41334	-3.0889e-004
6351	-0.34232	0.	-0.37323	-1.8164e-003
6352	-0.41693	0.	-0.37296	-8.7252e-005
6356	-0.80864	0.	-0.39608	9.2774e-004
6357	-0.89092	0.	-0.39093	7.0415e-004
6358	-0.78901	0.	-0.50649	4.8145e-004
6359	-0.91282	0.	-0.45738	5.2913e-004
6360	-0.84454	0.	-0.53427	4.3994e-004
6361	-0.79087	0.	-0.45783	6.5411e-004
6362	-0.90487	0.	-0.50555	4.8108e-004
6368	0.61697	0.	-0.51104	4.2956e-004
6369	0.48266	0.	-0.55971	4.0117e-004
6370	0.55882	0.	-0.57392	3.5758e-004
6371	0.48215	0.	-0.48408	5.4871e-004
6372	0.52394	0.	-0.44456	6.3561e-004
6373	0.58021	0.	-0.46454	5.284e-004
6377	-0.39344	0.	-0.19347	6.882e-003
6378	-0.32759	0.	-0.21888	-3.4641e-003
6379	-0.41447	0.	-0.24424	2.3262e-003
6380	-0.33113	0.	-0.25641	-1.7149e-003
6381	-0.37354	0.	-0.27029	4.1671e-004
6382	-0.35974	0.	-0.19888	1.7905e-003
6387	3.4641e-002	0.	-0.20456	1.3501e-003
6388	7.0376e-002	0.	-0.19611	5.9635e-003
6389	-3.0025e-003	0.	-0.25553	-2.8204e-003
6390	2.1296e-002	0.	-0.28556	-1.3873e-003
6391	8.7966e-002	0.	-0.23178	2.1554e-003
6392	6.8343e-002	0.	-0.27356	-1.9716e-004
6393	1.5551e-002	0.	-0.22128	-2.424e-003
6398	-0.3037	0.	-0.67812	-4.3985e-004
6399	-0.24949	0.	-0.69692	-4.3843e-004
6400	-0.24251	0.	-0.75043	-3.4593e-004
6401	-0.32596	0.	-0.74473	-2.8507e-004
6402	-0.28252	0.	-0.76842	-3.0432e-004
6405	9.1019e-002	0.	-0.69194	-2.6173e-004
6406	0.23518	0.	-0.73366	-2.6616e-005
6407	7.3539e-002	0.	-0.74902	-2.0309e-004
6408	0.20777	0.	-0.67425	-1.1011e-005
6409	0.13929	0.	-0.66332	-1.8261e-004
6410	0.12265	0.	-0.78454	-1.0107e-004
6411	0.19574	0.	-0.7813	-6.4882e-005
6417	-0.17832	0.	-0.32251	-6.1567e-003
6418	-9.2466e-002	0.	-0.28636	-6.6809e-003
6419	-0.11321	0.	-0.2621	-1.0139e-002
6420	-0.17512	0.	-0.27587	-9.7337e-003
6421	-0.10552	0.	-0.33025	-5.8668e-003
6422	-0.14313	0.	-0.26354	-1.2019e-002
6423	-0.13976	0.	-0.33699	-5.873e-003
6428	-0.56828	0.	-0.53033	2.1874e-004
6429	-0.51976	0.	-0.63357	-5.9441e-005
6430	-0.65262	0.	-0.56847	2.2647e-004
6431	-0.5201	0.	-0.57315	-6.0383e-005
6432	-0.57392	0.	-0.6576	4.0231e-005
6433	-0.63805	0.	-0.62765	1.19e-004
6434	-0.61284	0.	-0.54436	2.4684e-004
6439	-0.27584	0.	-0.50286	-1.2224e-003
6440	-0.19889	0.	-0.46374	-2.2381e-003
6441	-0.24628	0.	-0.46716	-1.7438e-003
6442	-0.16872	0.	-0.50333	-1.682e-003
6443	-0.18122	0.	-0.55073	-1.3442e-003
6444	-0.2271	0.	-0.54153	-1.265e-003
6448	0.73151	0.	-0.76228	1.4505e-004
6449	0.70056	0.	-0.8456	9.5808e-005
6450	0.54987	0.	-0.77073	1.3022e-004
6451	0.56965	0.	-0.84551	9.2333e-005
6452	0.6045	0.	-0.71316	1.8203e-004
6453	0.62912	0.	-0.86441	8.0516e-005
6454	0.67079	0.	-0.72125	1.8308e-004
6459	-0.87449	0.	-0.75199	1.3617e-004
6460	-0.91935	0.	-0.85709	8.214e-005
6461	-0.94116	0.	-0.72282	1.769e-004
6462	-0.97684	0.	-0.81938	1.0496e-004
6463	-0.86846	0.	-0.81701	9.5378e-005
6464	-0.9952	0.	-0.75936	1.3621e-004
6467	-0.62109	0.	-0.19643	3.6567e-003
6468	-0.5517	0.	-0.27048	3.0473e-003
6469	-0.50648	0.	-0.23283	3.8689e-003
6470	-0.6	0.	-0.24944	3.1914e-003
6471	-0.56823	0.	-0.14879	5.7435e-003
6472	-0.52453	0.	-0.17641	7.4089e-003
6477	0.20048	0.	-0.24758	3.7273e-003
6478	0.24605	0.	-0.26365	3.5691e-003
6479	0.28258	0.	-0.21584	4.3672e-003
6480	0.24433	0.	-0.14915	7.0025e-003
6481	0.1804	0.	-0.21737	4.9372e-003
6482	0.203	0.	-0.17856	8.2537e-003
6489	-0.17248	0.	-0.15227	-3.718e-002
6490	-0.19939	0.	-0.21872	-1.7985e-002
6491	-0.19701	0.	-0.16453	-2.7528e-002
6492	-0.15139	0.	-0.17872	-2.6027e-002
6493	-0.1674	0.	-0.2064	-2.0271e-002
6494	-0.20649	0.	-0.18661	-2.0995e-002
6498	0.27385	0.	-0.46887	5.7946e-004
6499	0.28934	0.	-0.37386	1.2658e-003
6500	0.36889	0.	-0.44614	7.3874e-004
6501	0.35126	0.	-0.38949	1.001e-003
6502	0.32354	0.	-0.47842	5.9751e-004
6503	0.27157	0.	-0.41855	8.0174e-004
6507	1.3447e-002	0.	-0.7143	-3.5501e-004
6508	-9.0029e-003	0.	-0.61533	-6.8751e-004
6509	3.8468e-002	0.	-0.58817	-6.2169e-004
6510	7.9199e-002	0.	-0.6286	-3.3453e-004
6511	-7.662e-003	0.	-0.6659	-5.0541e-004
6514	0.53352	0.	-0.27828	1.2387e-003
6515	0.59415	0.	-0.23914	1.0413e-003
6516	0.66092	0.	-0.34004	6.6432e-004
6517	0.54993	0.	-0.34894	8.0417e-004
6518	0.64607	0.	-0.27527	8.0757e-004
6519	0.6062	0.	-0.36892	6.9696e-004
6523	-0.97384	0.	-0.23059	8.5578e-004
6524	-1.0989	0.	-0.14833	7.2608e-004
6525	-0.93193	0.	-0.15539	1.3073e-003
6526	-1.0463	0.	-0.20058	7.5806e-004
6527	-1.0671	0.	-0.10464	7.9068e-004
6528	-0.98053	0.	-0.10507	1.0363e-003
6533	-1.1915e-002	0.	-0.16907	-5.5191e-003
6534	-5.0941e-003	0.	-0.14579	-7.9823e-003
6535	1.8889e-002	0.	-0.14333	6.2903e-003
6536	6.092e-002	0.	-0.16266	7.4118e-003
6537	3.9542e-002	0.	-0.14849	9.5351e-003
6538	6.0953e-003	0.	-0.18783	-9.7574e-004
6542	-0.30525	0.	-0.11037	-1.0003e-002
6543	-0.31488	0.	-0.1357	9.2262e-005
6544	-0.33962	0.	-0.14475	5.2537e-003
6545	-0.35157	0.	-0.12482	1.2376e-002
6546	-0.34227	0.	-0.11144	1.8061e-002
6547	-0.32251	0.	-0.10243	1.2373e-002
6552	-0.72706	0.	-0.25512	1.9809e-003
6553	-0.76742	0.	-0.17477	2.2089e-003
6554	-0.66667	0.	-0.2381	2.2191e-003
6555	-0.63491	0.	-0.13745	4.7712e-003
6556	-0.71343	0.	-0.13022	2.967e-003
6560	-0.55369	0.	-0.40144	9.1751e-004
6561	-0.51021	0.	-0.51251	9.0316e-005
6562	-0.60706	0.	-0.43343	6.5133e-004
6563	-0.51768	0.	-0.45061	2.1555e-004
6564	-0.60295	0.	-0.48372	3.9754e-004
6569	-0.62041	0.	-0.89169	-7.7663e-006
6570	-0.6724	0.	-0.86415	3.4798e-005
6571	-0.73409	0.	-0.89649	4.2075e-005
6572	-0.58027	0.	-0.94982	-7.6238e-006
6573	-0.72897	0.	-0.95432	2.0262e-005
6576	0.37125	0.	-0.67728	1.9e-004
6577	0.34584	0.	-0.81053	4.6799e-005
6578	0.39278	0.	-0.74906	9.459e-005
6579	0.29185	0.	-0.68124	7.2184e-005
6580	0.27981	0.	-0.78829	1.8313e-005
6584	-0.63109	0.	-0.81023	1.3677e-005
6585	-0.57439	0.	-0.781	-8.2312e-006
6586	-0.52702	0.	-0.8246	-5.9305e-005
6587	-0.53896	0.	-0.8959	-2.8745e-005
6591	-4.2194e-002	0.	-0.14375	-1.63e-002
6592	-7.0303e-002	0.	-0.19578	-1.3147e-002
6593	-7.1668e-002	0.	-0.14361	-3.0133e-002
6594	-8.4207e-002	0.	-0.16954	-2.0785e-002
6595	-3.1005e-002	0.	-0.18579	-9.2933e-003
6599	0.53361	0.	-0.20314	1.464e-003
6600	0.40459	0.	-0.23239	2.4651e-003
6601	0.43681	0.	-0.1809	2.5155e-003
6602	0.42998	0.	-0.29582	1.4021e-003
6603	0.4894	0.	-0.31294	1.2268e-003
6604	0.49343	0.	-0.16162	1.7582e-003
6608	-1.1957	0.	-0.36074	4.3455e-004
6609	-1.1307	0.	-0.39789	4.6533e-004
6610	-1.1918	0.	-0.48172	3.5916e-004
6611	-1.1286	0.	-0.45558	4.1344e-004
6615	-0.3091	0.	-0.46585	-1.286e-003
6616	-0.33414	0.	-0.56556	-6.4098e-004
6617	-0.40035	0.	-0.52843	-4.7673e-004
6618	-0.40782	0.	-0.46653	-3.515e-004
6619	-0.28992	0.	-0.54022	-8.0723e-004
6623	0.77625	0.	-0.4781	3.6968e-004
6624	0.6337	0.	-0.57945	3.0821e-004
6625	0.70982	0.	-0.44118	4.4638e-004
6626	0.78094	0.	-0.55041	3.1868e-004
6627	0.69999	0.	-0.58754	3.0925e-004
6628	0.6551	0.	-0.47006	4.7902e-004
6633	1.5587e-002	0.	-0.47294	-1.3025e-003
6634	-4.5527e-002	0.	-0.39379	-2.8448e-003
6635	-8.1707e-003	0.	-0.37993	-2.2258e-003
6636	-5.8327e-002	0.	-0.42871	-2.1429e-003
6637	-3.2646e-002	0.	-0.45831	-1.6503e-003
6641	-0.20327	0.	-0.38432	-3.6451e-003
6642	-0.21861	0.	-0.2987	-8.0712e-003
6643	-0.25067	0.	-0.38774	-3.1508e-003
6644	-0.25683	0.	-0.31378	-4.7338e-003
6645	-0.26279	0.	-0.34831	-3.7238e-003
6646	-0.18325	0.	-0.35981	-4.2105e-003
6650	-6.394e-002	0.	-0.74431	-3.8866e-004
6651	-9.0872e-003	0.	-0.84654	-2.0466e-004
6652	-5.9974e-002	0.	-0.80181	-2.5285e-004
6653	4.5082e-002	0.	-0.8069	-1.9435e-004
6654	-2.5141e-002	0.	-0.72298	-4.4676e-004
6659	-0.7508	0.	-0.75	1.0431e-004
6660	-0.88519	0.	-0.68815	1.9311e-004
6661	-0.75823	0.	-0.69083	1.6117e-004
6662	-0.8125	0.	-0.78234	1.1159e-004
6663	-0.82833	0.	-0.65943	2.2713e-004
6668	0.24829	0.	-0.56498	1.9385e-004
6669	0.17981	0.	-0.55405	2.2259e-005
6670	0.18865	0.	-0.48042	1.6852e-004
6671	0.28183	0.	-0.51768	3.1797e-004
6672	0.22987	0.	-0.45781	5.222e-004
6676	-1.1418	0.	-0.63567	2.3775e-004
6677	-1.0127	0.	-0.62929	2.6069e-004
6678	-1.0667	0.	-0.66583	2.1999e-004
6679	-1.1329	0.	-0.56874	2.9746e-004
6680	-1.0162	0.	-0.57185	3.3585e-004
6681	-1.0696	0.	-0.54259	3.5173e-004
6686	-0.43751	0.	-0.20713	7.6647e-003
6687	-0.38278	0.	-0.16177	7.129e-003
6688	-0.39472	0.	-0.14184	1.4251e-002
6689	-0.44271	0.	-0.11721	1.7191e-002
6690	-0.40857	0.	-0.12239	2.5687e-002
6691	-0.45557	0.	-0.1507	1.1205e-002
6695	-0.26919	0.	-0.17873	-1.4623e-002
6696	-0.23213	0.	-0.14698	-2.5753e-002
6697	-0.26697	0.	-0.12435	-2.4625e-002
6698	-0.2766	0.	-0.14968	-1.453e-002
6699	-0.23891	0.	-0.12424	-3.8548e-002
6700	-0.2416	0.	-0.16906	-1.9221e-002
6704	-0.17252	0.	-0.69221	-4.9771e-004
6705	-0.11988	0.	-0.77473	-3.4515e-004
6706	-0.16555	0.	-0.74572	-4.052e-004
6707	-0.13663	0.	-0.65727	-7.4461e-004
6708	-8.5049e-002	0.	-0.69591	-5.3907e-004
6712	-1.4607e-003	0.	-0.54628	-8.9554e-004
6713	-8.667e-002	0.	-0.53796	-1.3227e-003
6714	-9.9173e-002	0.	-0.58536	-9.8481e-004
6715	-4.9694e-002	0.	-0.53165	-1.2434e-003
6716	-4.7591e-002	0.	-0.62401	-7.7926e-004
6720	-0.29591	0.	-0.89523	-1.3174e-004
6721	-0.17059	0.	-0.85453	-1.9386e-004
6722	-0.21625	0.	-0.82551	-2.5391e-004
6723	-0.24091	0.	-0.93182	-1.1881e-004
6724	-0.25626	0.	-0.8435	-2.1231e-004
6725	-0.17133	0.	-0.91029	-1.3201e-004
6731	-0.23214	0.	-0.42673	-2.3017e-003
6732	-0.15458	0.	-0.46289	-2.24e-003
6733	-0.14328	0.	-0.42698	-2.6534e-003
6734	-0.16472	0.	-0.3988	-3.3614e-003
6738	-1.139e-002	0.	-0.11801	-4.4905e-003
6739	-6.4847e-002	0.	-0.12033	-3.2597e-002
6740	-3.1028e-002	0.	-0.1047	-1.3677e-002
6745	3.3246e-002	0.	-0.12071	1.3027e-002
6746	1.1801e-002	0.	-9.8139e-002	2.9431e-002
6747	-7.0448e-003	0.	-0.10225	5.951e-004
6748	2.5077e-002	0.	-0.10341	2.611e-002
6752	7.5278e-002	0.	-0.14004	1.4149e-002
6753	0.11425	0.	-0.18988	8.2171e-003
6754	0.12281	0.	-0.11613	1.8224e-002
6755	8.9296e-002	0.	-0.11913	2.7015e-002
6756	0.13684	0.	-0.15107	1.1533e-002
6760	-0.84862	0.	-0.32001	1.0539e-003
6761	-0.80672	0.	-0.24481	1.5054e-003
6762	-0.71104	0.	-0.36115	1.1054e-003
6763	-0.70597	0.	-0.30813	1.5157e-003
6764	-0.74858	0.	-0.38691	1.0039e-003
6768	0.79862	0.	-0.82389	1.1303e-004
6769	0.8498	0.	-0.66242	2.0972e-004
6770	0.76885	0.	-0.69955	2.003e-004
6771	0.86313	0.	-0.79336	1.2893e-004
6777	-1.1897	0.	-0.74808	1.4176e-004
6778	-1.0964	0.	-0.83826	9.2758e-005
6779	-1.1823	0.	-0.88688	6.6329e-005
6780	-1.1147	0.	-0.77824	1.2401e-004
6781	-1.1127	0.	-0.8923	6.601e-005
6785	-0.39549	0.	-0.65287	-3.5211e-004
6786	-0.4617	0.	-0.61575	-1.8786e-004
6787	-0.51551	0.	-0.7002	-8.7247e-005
6788	-0.46815	0.	-0.7438	-1.3832e-004
6789	-0.41775	0.	-0.71948	-1.9732e-004
6793	-7.0846e-002	0.	-0.24879	-9.0003e-003
6794	-6.316e-002	0.	-0.31694	-4.7285e-003
6795	-2.5804e-002	0.	-0.30308	-4.1095e-003
6796	-3.1548e-002	0.	-0.2388	-5.1462e-003
6800	-0.25009	0.	-0.22962	-1.006e-002
6801	-0.28831	0.	-0.2447	-6.7226e-003
6802	-0.29219	0.	-0.17813	-8.3786e-003
6803	-0.31693	0.	-0.18717	-3.2172e-003
6804	-0.25719	0.	-0.19751	-1.307e-002
6808	0.44477	0.	-0.68569	2.2801e-004
6809	0.4994	0.	-0.62812	2.7982e-004
6810	0.34384	0.	-0.61787	2.056e-004
6811	0.42273	0.	-0.53828	4.7095e-004
6812	0.37738	0.	-0.57057	3.2972e-004
6818	-0.1055	0.	-0.19829	-2.0095e-002
6819	-0.12151	0.	-0.22597	-1.4339e-002
6820	-5.2293e-002	0.	-0.21454	-8.6039e-003
6826	8.6741e-002	0.	-0.55955	-5.4256e-004
6827	9.5582e-002	0.	-0.48592	-3.963e-004
6828	-2.2227e-003	0.	-0.50449	-1.1776e-003
6832	-0.50377	0.	-0.29554	2.2872e-003
6833	-0.60236	0.	-0.36517	1.1994e-003
6834	-0.59729	0.	-0.31215	1.6097e-003
6835	-0.51298	0.	-0.38235	7.6362e-004
6836	-0.501	0.	-0.34196	9.8526e-004
6841	0.13781	0.	-0.88731	-5.9955e-005
6842	0.13036	0.	-0.94559	-4.236e-005
6843	0.2387	0.	-0.94875	-1.4905e-005
6844	0.2109	0.	-0.88408	-2.3762e-005
6846	-0.42075	0.	-0.86254	-8.741e-005
6847	-0.37034	0.	-0.83821	-1.4641e-004
6848	-0.43269	0.	-0.93383	-5.6849e-005
6849	-0.31156	0.	-0.95023	-7.2165e-005
6850	-0.32691	0.	-0.8619	-1.6567e-004
6855	-0.88899	0.	-0.23966	1.2818e-003
6856	-0.95279	0.	-0.3813	6.5529e-004
6857	-1.0033	0.	-0.28485	7.3258e-004
6858	-1.0004	0.	-0.34253	6.7501e-004
6863	-0.12796	0.	-0.11967	-4.8234e-002
6864	-0.18612	0.	-0.13142	-4.0385e-002
6865	-0.1405	0.	-0.1456	-3.8885e-002
6866	-0.1929	0.	-0.10868	-5.318e-002
6871	0.21756	0.	-0.30204	1.8309e-003
6872	0.16593	0.	-0.32412	1.2463e-003
6873	0.15191	0.	-0.25577	3.199e-003
6874	0.13229	0.	-0.29754	8.4651e-004
6878	-0.7125	0.	-0.60515	2.7744e-004
6879	-0.78261	0.	-0.57376	3.434e-004
6880	-0.72894	0.	-0.49732	5.5757e-004
6881	-0.68729	0.	-0.52186	4.0527e-004
6885	0.41936	0.	-0.81894	8.4809e-005
6886	0.43913	0.	-0.89372	4.6925e-005
6887	0.3342	0.	-0.92284	1.7389e-005
6888	0.3064	0.	-0.85817	8.5319e-006
6893	-0.25363	0.	-0.26714	-8.3108e-003
6894	-0.18342	0.	-0.23974	-1.3934e-002
6895	-0.22251	0.	-0.21995	-1.4658e-002
6899	-0.29166	0.	-0.39072	-2.3804e-003
6904	0.69623	0.	-0.92602	4.849e-005
6905	0.82693	0.	-0.92598	5.64e-005
6906	0.83218	0.	-0.87668	7.9683e-005
6910	0.6574	0.	-0.12707	1.0727e-003
6911	0.64616	0.	-0.20014	1.0329e-003
6912	0.55406	0.	-0.12248	1.5608e-003
6916	-0.41761	0.	-0.28395	1.1993e-003
6917	-0.45578	0.	-0.30432	1.8069e-003
6918	-0.4766	0.	-0.20147	6.6489e-003
6922	0.29966	0.	-0.2703	2.4708e-003
6923	0.21151	0.	-0.34018	1.088e-003
6924	0.32505	0.	-0.33374	1.4078e-003
6925	0.24536	0.	-0.3628	1.2085e-003
6930	-1.1284	0.	-0.20259	6.0288e-004
6931	-1.1905	0.	-0.22312	5.1453e-004
6932	-1.1492	0.	-0.10665	6.355e-004
6937	0.36841	0.	-0.17101	3.3194e-003
6938	0.36158	0.	-0.28593	2.2059e-003
6939	0.29793	0.	-0.1558	5.9042e-003
6943	0.79421	0.	-0.40272	4.3588e-004
6944	0.86533	0.	-0.51195	3.0817e-004
6945	0.87561	0.	-0.37069	4.2081e-004
6950	-0.10686	0.	-0.14612	-3.7081e-002
6955	0.48607	0.	-0.83225	9.4716e-005
6956	0.52092	0.	-0.6999	1.8441e-004
6961	-0.79309	0.	-0.11991	2.4915e-003
6962	-0.89568	0.	-0.11414	1.4623e-003
6967	-0.33426	0.	-0.29611	-2.8417e-003
6968	-0.29781	0.	-0.31675	-3.9633e-003
6973	-0.62638	0.	-0.75346	3.4334e-005
6974	-0.69051	0.	-0.72351	1.131e-004
6975	-0.74478	0.	-0.81503	6.3519e-005
6982	-0.39583	0.	-0.59245	-3.5305e-004
6983	-0.27541	0.	-0.64837	-5.1588e-004
6984	-0.35188	0.	-0.69618	-3.6251e-004
6985	-0.2854	0.	-0.60423	-6.8355e-004
6989	-3.8862e-002	0.	-0.34696	-3.2954e-003
6990	-8.9018e-002	0.	-0.39574	-3.2126e-003
6991	-0.11046	0.	-0.36756	-3.9206e-003
6995	0.56532	0.	-0.92593	4.5015e-005
6999	0.64184	0.	-0.65042	2.3727e-004
7003	-1.0223	0.	-0.40897	5.e-004
7004	-0.96675	0.	-0.49592	4.3222e-004
7005	-1.0202	0.	-0.46667	4.481e-004
7007	4.5542e-002	0.	-0.32111	-1.4863e-003
7011	-0.4695	0.	-0.49342	-6.3573e-005
7015	-0.96574	0.	-0.88981	6.7135e-005
7016	-0.85736	0.	-0.88744	5.7557e-005
7017	-0.85224	0.	-0.94528	3.5744e-005
7018	-0.98202	0.	-0.94385	4.0387e-005
7023	-0.65066	0.	-0.34414	1.3435e-003
7024	-0.69327	0.	-0.42291	8.3172e-004
7025	-0.65162	0.	-0.44745	6.7943e-004
7028	-6.5028e-002	0.	-0.87696	-1.6115e-004
7029	4.0028e-002	0.	-0.88205	-1.0265e-004
7030	3.2579e-002	0.	-0.94033	-8.5058e-005
7031	-6.577e-002	0.	-0.93273	-9.9296e-005
7034	0.33015	0.	-0.10432	5.9547e-003
7035	0.45725	0.	-0.10024	2.6124e-003
7040	0.19596	0.	-0.6109	-8.3806e-005
7041	0.29798	0.	-0.57453	2.119e-004
7044	-0.13691	0.	-0.54989	-1.3461e-003
7045	-0.11311	0.	-0.46657	-2.0973e-003
7046	-8.7432e-002	0.	-0.49617	-1.6047e-003
7048	-0.21743	0.	-0.12094	-4.3528e-002
7049	-0.22013	0.	-0.16576	-2.4201e-002
7053	0.79667	0.	-0.11277	7.3016e-004
7054	0.88168	0.	-0.21858	5.3203e-004
7055	0.78543	0.	-0.18584	6.9035e-004
7061	0.70933	0.	-0.1632	8.3889e-004
7065	-0.13541	0.	-0.19973	-2.1976e-002
7069	0.13631	0.	-0.52635	-1.0914e-004
7074	0.15252	0.	-0.40749	2.703e-004
7075	0.12624	0.	-0.33569	1.0367e-004
7076	0.19374	0.	-0.38487	6.2397e-004
7080	0.80918	0.	-0.33377	4.9751e-004
7081	0.71293	0.	-0.30103	6.5583e-004
7082	0.67306	0.	-0.39468	5.4522e-004
7087	-1.1379	0.	-0.27538	5.4651e-004
7088	-1.0729	0.	-0.31252	5.773e-004
7092	-0.34022	0.	-0.33064	-1.8318e-003
7093	-0.41484	0.	-0.33037	-1.0262e-004
7097	-0.21422	0.	-0.72068	-4.2195e-004
7098	-0.1853	0.	-0.63223	-7.6136e-004
7099	-0.23119	0.	-0.62303	-6.8212e-004
7104	-0.16158	0.	-0.80321	-2.6939e-004
7105	-0.11666	0.	-0.888	-1.4748e-004
7110	-0.6338	0.	-0.69428	9.1196e-005
7111	-0.52231	0.	-0.76784	-3.8649e-005
7114	-1.135	0.	-0.7019	1.7021e-004
7115	-1.2011	0.	-0.60481	2.4767e-004
7119	0.78908	0.	-0.62139	2.4774e-004
7125	-0.89501	0.	-0.63026	2.6787e-004
7126	-1.0059	0.	-0.69552	1.9315e-004
7127	-0.95534	0.	-0.60154	3.0901e-004
7130	0.4046	0.	-0.40601	8.807e-004
7131	0.37687	0.	-0.49494	4.7725e-004
7132	0.46401	0.	-0.42313	7.0538e-004
7135	0.44639	0.	-0.36648	9.676e-004
7144	-0.28996	0.	-0.12375	-1.838e-002
7145	-0.2976	0.	-9.0476e-002	-6.0997e-003
7146	-0.25227	0.	-9.8307e-002	-4.2399e-002
7151	-0.76804	0.	-0.63294	2.3593e-004
7158	-1.0416	0.	-0.79208	1.212e-004
7159	-1.0395	0.	-0.90615	6.3203e-005
7164	-0.42454	0.	-0.78711	-1.4872e-004
7165	-0.48688	0.	-0.88273	-5.9163e-005
7168	-0.80135	0.	-0.9052	4.8982e-005
7172	-1.1254	0.	-0.95477	3.6774e-005
7178	-0.32434	0.	-0.15812	-3.124e-003
7183	0.18637	0.	-0.4301	3.908e-004
7187	-0.89848	0.	-0.57282	3.4303e-004
7191	-0.46499	0.	-0.39113	2.833e-004
7194	0.20432	0.	-8.358e-002	1.6481e-002
7195	0.21835	0.	-0.11852	9.7906e-003
7200	-0.66057	0.	-8.2585e-002	5.0538e-003
7201	-0.5255	0.	-8.3932e-002	1.451e-002
7202	-0.53835	0.	-0.11743	8.5235e-003
7207	-0.24726	0.	-0.79218	-2.8784e-004
7210	0.89144	0.	-0.89545	7.2301e-005
7215	-0.3307	0.	-0.78648	-2.2698e-004
7220	-0.1953	0.	-0.5881	-9.2903e-004
7221	-9.7832e-002	0.	-0.63594	-8.0271e-004
7225	-1.135	0.	-0.33306	4.8894e-004
7233	8.6748e-002	0.	-0.90069	-7.4744e-005
7234	0.16728	0.	-0.83917	-5.6147e-005
7241	-0.36103	0.	-0.14724	9.1596e-003
7249	-0.68916	0.	-0.4732	5.7793e-004
7255	0.79433	0.	-0.26901	6.4077e-004
7266	0.56207	0.	-0.40358	6.8507e-004
7270	6.7918e-002	0.	-0.10496	2.9139e-002
7271	4.573e-002	0.	-0.10857	2.9355e-002
7275	-7.8364e-003	0.	-8.4829e-002	2.0244e-002
7276	2.4285e-002	0.	-8.5995e-002	4.5759e-002
7277	1.9688e-002	0.	-6.5436e-002	0.10554
7283	-0.36368	0.	-0.11393	2.1967e-002
7284	-0.38682	0.	-0.10787	2.7717e-002
7290	-0.35011	0.	-8.3532e-002	4.8384e-002
7291	-0.37752	0.	-9.4488e-002	3.3403e-002
7292	-0.33462	0.	-9.1542e-002	2.1964e-002
7296	-0.37325	0.	-7.747e-002	5.4133e-002
7297	-0.33035	0.	-7.4523e-002	4.2695e-002
7298	-0.35851	0.	-5.4865e-002	8.5201e-002
7299	-0.34233	0.	-5.6962e-002	0.1256
7304	0.11221	0.	-0.26734	2.0564e-003
7305	0.15443	0.	-0.18675	7.7254e-003
7312	0.11545	0.	-8.1049e-002	3.3214e-002
7313	0.16299	0.	-0.113	1.7732e-002
7317	5.9749e-002	0.	-8.7655e-002	4.2222e-002
7318	5.5152e-002	0.	-6.7095e-002	0.10201
7324	-0.43481	0.	-8.324e-002	3.0657e-002
7325	-0.48181	0.	-0.11155	1.6175e-002
7329	-0.38592	0.	-6.582e-002	7.022e-002
7334	-0.18698	0.	-0.96529	-7.243e-005
7344	-1.0678	0.	-0.42789	4.6783e-004
7361	-1.129	0.	-0.51173	3.6166e-004
7381	0.26817	0.	-0.90061	-1.1097e-005
7388	-7.6136e-002	0.	-0.46026	-2.0181e-003
7389	-0.12326	0.	-0.40248	-3.2188e-003
7419	-1.0123	0.	-0.51484	4.0005e-004
7434	3.2964e-002	0.	-7.0708e-002	0.10222
10547	-0.36257	0.	-3.3972e-002	0.15906
10548	-0.34639	0.	-3.607e-002	0.19946
10551	-0.35501	0.	-4.5312e-002	0.14169
82	0.	0.	5.e-002	0.22137
83	0.	0.	6.e-002	9.7342e-002
84	-2.e-002	0.	6.e-002	-1.8766e-003
85	-4.e-002	0.	6.e-002	-5.0772e-002
86	-8.e-002	0.	6.e-002	-8.0766e-002
87	-0.12	0.	6.e-002	-8.0868e-002
88	-0.16	0.	6.e-002	-7.9511e-002
89	-0.2	0.	6.e-002	-8.3812e-002
90	-0.24	0.	6.e-002	-7.7046e-002
91	-0.28	0.	6.e-002	-4.3145e-002
92	-0.3	0.	6.e-002	3.8668e-003
93	-0.32	0.	5.e-002	0.27496
94	-0.32	0.	6.e-002	8.6759e-002
95	-0.32	0.	4.e-002	0.34917
104	0.	0.	4.e-002	0.31024
427	9.0909e-002	0.	0.	6.8969e-002
428	0.18182	0.	0.	2.4648e-002
429	0.27273	0.	0.	7.8449e-003
430	0.36364	0.	0.	5.0307e-003
431	0.45455	0.	0.	2.7793e-003
432	0.54545	0.	0.	1.6783e-003
433	0.63636	0.	0.	1.3003e-003
434	0.72727	0.	0.	9.5853e-004
435	0.81818	0.	0.	6.8092e-004
436	0.90909	0.	0.	5.74e-004
437	-1.2291	0.	0.	5.6497e-004
438	-1.1382	0.	0.	6.7529e-004
439	-1.0473	0.	0.	9.2345e-004
440	-0.95636	0.	0.	1.2446e-003
441	-0.86545	0.	0.	1.819e-003
442	-0.77455	0.	0.	2.5322e-003
443	-0.68364	0.	0.	3.7918e-003
444	-0.59273	0.	0.	7.87e-003
445	-0.50182	0.	0.	2.2774e-002
446	-0.41091	0.	0.	7.4093e-002
490	-1.32	0.	9.6364e-002	5.284e-004
491	-1.32	0.	0.19273	4.9032e-004
492	-1.32	0.	0.28909	4.3872e-004
493	-1.32	0.	0.38545	3.7857e-004
494	-1.32	0.	0.48182	3.1479e-004
495	-1.32	0.	0.57818	2.3999e-004
496	-1.32	0.	0.67455	1.735e-004
497	-1.32	0.	0.77091	1.242e-004
498	-1.32	0.	0.86727	7.5941e-005
499	-1.32	0.	0.96364	3.3478e-005
505	-1.2233	0.	1.06	1.4651e-005
506	-1.1267	0.	1.06	2.05e-005
507	-1.03	0.	1.06	1.4492e-005
508	-0.93333	0.	1.06	1.8932e-005
509	-0.83667	0.	1.06	1.0551e-005
510	-0.74	0.	1.06	8.4179e-006
511	-0.64333	0.	1.06	8.9083e-007
512	-0.54667	0.	1.06	-9.2871e-006
513	-0.45	0.	1.06	-1.1445e-005
514	-0.35333	0.	1.06	-2.6217e-005
515	-0.25667	0.	1.06	-4.5321e-005
516	-0.16	0.	1.06	-4.3937e-005
517	-6.3333e-002	0.	1.06	-4.3804e-005
518	3.3333e-002	0.	1.06	-3.0806e-005
519	0.13	0.	1.06	-2.4803e-005
520	0.22667	0.	1.06	-1.2107e-005
521	0.32333	0.	1.06	2.1525e-006
522	0.42	0.	1.06	1.308e-005
523	0.51667	0.	1.06	1.1249e-005
524	0.61333	0.	1.06	1.2837e-005
525	0.71	0.	1.06	2.0997e-005
526	0.80667	0.	1.06	1.1979e-005
527	0.90333	0.	1.06	2.1771e-005
533	1.	0.	0.96364	3.9251e-005
534	1.	0.	0.86727	8.7595e-005
535	1.	0.	0.77091	1.2355e-004
536	1.	0.	0.67455	1.9622e-004
537	1.	0.	0.57818	2.5464e-004
538	1.	0.	0.48182	3.1727e-004
539	1.	0.	0.38545	3.9207e-004
540	1.	0.	0.28909	4.4809e-004
541	1.	0.	0.19273	5.0984e-004
542	1.	0.	9.6364e-002	5.4678e-004
543	0.	0.	0.	0.40167
544	-0.32	0.	0.	0.39771
550	1.	0.	0.	5.4818e-004
552	-1.32	0.	0.	5.4841e-004
555	-1.32	0.	1.06	1.4878e-005
556	1.	0.	1.06	1.5223e-005
557	0.16165	0.	0.74212	-9.9889e-005
558	-0.47111	0.	0.72667	-1.2318e-004
559	-0.39588	0.	0.40292	-6.0785e-004
560	6.5302e-002	0.	0.40346	-5.6902e-004
561	-0.3613	0.	0.23527	3.0217e-004
562	2.5703e-002	0.	0.22765	-6.0345e-004
563	-0.88127	0.	0.58954	2.9248e-004
564	0.57556	0.	0.60424	2.9465e-004
565	-0.12154	0.	0.57261	-1.1519e-003
566	-0.16429	0.	0.22601	-1.4982e-002
567	-0.65424	0.	0.48425	4.68e-004
568	0.32513	0.	0.51649	3.9266e-004
569	0.65141	0.	0.30212	8.1031e-004
570	-0.97141	0.	0.30212	7.6232e-004
571	-0.14111	0.	0.39333	-3.477e-003
572	-0.18312	0.	0.80211	-2.9428e-004
573	-0.50167	0.	0.36273	1.0133e-003
574	0.18097	0.	0.34898	1.0666e-003
575	0.3389	0.	0.32571	1.3685e-003
576	-0.81483	0.	0.32232	1.1698e-003
577	-0.33739	0.	0.16672	7.5748e-004
578	1.7767e-002	0.	0.11639	1.5809e-002
579	-0.10247	0.	0.18963	-1.6271e-002
580	-0.23852	0.	0.61556	-8.9528e-004
581	-0.21214	0.	0.36206	-4.3682e-003
582	-0.55745	0.	0.24829	3.6146e-003
583	-0.618	0.	0.71623	3.1466e-005
584	0.43867	0.	0.63396	2.2024e-004
585	0.68501	0.	0.90301	6.2582e-005
586	-0.98519	0.	0.90808	6.2979e-005
587	-0.73679	0.	0.75993	1.0037e-004
588	-0.23148	0.	0.51411	-1.4031e-003
589	-0.44593	0.	0.61556	-2.2562e-004
590	8.4745e-002	0.	0.50242	-4.7331e-004
591	-0.20552	0.	0.10255	-5.7267e-002
592	0.24237	0.	0.12091	1.0034e-002
593	0.86987	0.	0.51127	3.3148e-004
594	-1.0261	0.	0.58625	2.7716e-004
595	0.39716	0.	0.78337	8.2601e-005
596	-2.5533e-002	0.	0.29305	-3.7072e-003
597	-0.285	0.	0.19976	-8.4547e-003
598	0.74961	0.	0.70018	1.8891e-004
599	-1.3843e-002	0.	0.77951	-2.6127e-004
600	-0.29205	0.	0.13245	-1.0813e-002
601	0.13828	0.	0.10925	1.9702e-002
602	8.4989e-002	0.	9.8822e-002	3.2626e-002
603	0.36671	0.	0.12105	4.2165e-003
604	-7.7633e-002	0.	0.13812	-3.1605e-002
605	-0.14816	0.	0.11816	-5.4215e-002
606	0.4598	0.	0.4947	4.8745e-004
607	3.8929e-002	0.	7.9508e-002	5.8679e-002
608	-0.34039	0.	0.11333	1.918e-002
609	0.15057	0.	0.28068	1.8811e-003
610	-2.3333e-002	0.	0.47667	-1.3821e-003
611	-0.40043	0.	0.87488	-1.0757e-004
612	-0.46018	0.	0.2098	5.7468e-003
613	-0.54241	0.	0.84819	-3.4058e-005
614	-0.74828	0.	0.17439	2.3908e-003
615	-1.1342	0.	0.26669	5.711e-004
616	0.81255	0.	0.26595	5.3822e-004
617	0.17165	0.	0.89418	-4.1574e-005
618	-1.1526	0.	0.83949	9.0972e-005
619	-0.1462	0.	0.30395	-7.7709e-003
620	0.48399	0.	0.3319	1.1438e-003
621	-0.34412	0.	0.7558	-2.7174e-004
622	-1.0209	0.	0.75603	1.4776e-004
623	-0.16265	0.	0.69182	-5.4983e-004
624	-0.60637	0.	0.35617	1.2707e-003
625	-0.28811	0.	0.2719	-4.5445e-003
626	-0.46334	0.	0.47902	-1.4452e-004
627	-0.35196	0.	0.50605	-7.8825e-004
628	-0.28736	0.	0.41406	-1.8787e-003
629	0.23833	0.	0.61273	1.0148e-004
630	-8.5669e-003	0.	0.17412	-5.0885e-003
631	-1.0749	0.	0.42105	4.5742e-004
632	0.8497	0.	0.90244	7.1179e-005
633	-0.93714	0.	0.13981	1.0781e-003
634	0.61948	0.	0.14861	1.1272e-003
635	-1.4368e-002	0.	0.37426	-2.2357e-003
636	1.4259e-002	0.	0.93496	-9.2643e-005
637	-0.18917	0.	0.1656	-2.8667e-002
638	-0.76531	0.	0.90605	4.473e-005
639	-0.93348	0.	0.45318	5.4716e-004
640	-0.78952	0.	0.47598	6.0756e-004
641	0.61348	0.	0.45318	5.3792e-004
642	0.62037	0.	0.75616	1.4767e-004
643	-0.74267	0.	0.61448	2.3209e-004
644	-1.1821	0.	0.686	1.7986e-004
645	0.29504	0.	0.22111	3.8036e-003
646	0.46438	0.	0.93897	2.9787e-005
647	0.75497	0.	0.41237	4.8051e-004
648	-0.22173	0.	0.20815	-1.3771e-002
649	-0.67659	0.	0.26573	2.3309e-003
650	-0.42465	0.	0.2999	8.0462e-004
651	-0.39317	0.	0.16101	1.3528e-002
652	0.71704	0.	0.56343	2.8509e-004
653	-0.53207	0.	0.12091	1.0951e-002
654	-1.1785	0.	0.52263	3.0006e-004
655	0.2026	0.	0.51474	1.8065e-004
656	-0.87752	0.	0.81692	9.5512e-005
657	-0.54345	0.	0.54193	1.3924e-004
658	0.11171	0.	0.62008	-2.4773e-004
659	-0.20521	0.	0.93178	-1.3559e-004
660	0.27414	0.	0.75502	-6.1401e-006
661	6.0412e-002	0.	0.29945	-1.1148e-004
662	-0.22342	0.	0.27764	-9.0438e-003
663	0.32494	0.	0.93132	7.462e-006
664	-0.64065	0.	0.14104	4.5242e-003
665	-0.34222	0.	0.61556	-6.0308e-004
666	-0.13167	0.	0.47667	-2.0555e-003
667	0.75672	0.	0.11648	6.8546e-004
668	-1.0769	0.	0.11585	7.5866e-004
669	-8.2004e-002	0.	0.34918	-4.6936e-003
670	7.9097e-002	0.	0.82042	-1.321e-004
671	-5.3657e-002	0.	0.23072	-9.8539e-003
672	-0.34056	0.	0.33778	-1.7015e-003
673	6.1383e-002	0.	0.16274	9.7161e-003
674	-0.20254	0.	0.43772	-2.3664e-003
675	-0.70883	0.	0.36429	1.2159e-003
676	-9.1181e-002	0.	0.86208	-1.8763e-004
677	0.25878	0.	0.41364	7.9941e-004
678	-0.24174	0.	0.15305	-2.4499e-002
679	-0.62299	0.	0.95813	1.4345e-006
680	0.89724	0.	0.39347	4.0025e-004
681	-0.2578	0.	0.72226	-3.9441e-004
682	0.88078	0.	0.7636	1.2644e-004
683	7.414e-004	0.	0.57613	-6.5345e-004
684	-7.8497e-002	0.	0.41402	-3.0039e-003
685	1.8654e-002	0.	5.9082e-002	0.1308
686	-1.2082	0.	0.15822	5.619e-004
687	0.88824	0.	0.15822	5.5488e-004
688	-0.46026	0.	0.12781	1.5861e-002
689	0.5374	0.	0.8521	8.0503e-005
690	-0.66248	0.	0.83656	3.0379e-005
691	-7.0694e-002	0.	0.66417	-5.3388e-004
692	-0.29586	0.	9.2407e-002	-9.337e-003
693	-0.25959	0.	0.10104	-4.8155e-002
694	0.50286	0.	0.73237	1.613e-004
695	-0.54956	0.	0.44052	4.0506e-004
696	-1.2246	0.	0.39445	3.8512e-004
697	-1.188	0.	0.94975	3.7856e-005
698	0.23599	0.	0.29722	1.8985e-003
699	-0.27032	0.	0.33268	-4.0441e-003
700	0.3362	0.	0.62889	1.7402e-004
701	-3.4709e-002	0.	0.13145	-1.5112e-002
702	-0.28442	0.	0.83731	-1.9996e-004
703	-0.14453	0.	0.16973	-2.8691e-002
704	0.15144	0.	0.42341	1.8735e-004
705	-8.2602e-002	0.	0.28641	-7.8988e-003
706	-0.41176	0.	7.8333e-002	3.9474e-002
707	-0.36403	0.	6.7847e-002	6.9268e-002
708	-0.10995	0.	0.96661	-7.1017e-005
709	-0.34026	0.	4.5798e-002	0.20283
710	-0.47944	0.	0.97667	-3.0788e-005
711	0.48598	0.	0.16117	1.831e-003
712	0.86972	0.	0.63288	2.1649e-004
713	-0.32648	0.	8.2577e-002	4.4596e-002
714	-2.1688e-002	0.	9.09e-002	-1.4212e-002
715	5.3752e-003	0.	8.3088e-002	3.2434e-002
716	-0.53875	0.	0.63892	9.9011e-006
717	0.39391	0.	0.23749	2.1242e-003
718	-0.80734	0.	8.0581e-002	2.3703e-003
719	0.75171	0.	0.80555	1.2193e-004
720	-0.86058	0.	0.21834	1.292e-003
721	-0.10048	0.	0.10333	-6.143e-002
722	-5.8559e-002	0.	9.447e-002	-5.2584e-002
723	-0.10425	0.	0.77422	-3.2996e-004
724	0.19504	0.	0.20513	5.8435e-003
725	-0.3102	0.	0.93047	-8.6704e-005
726	0.59093	0.	0.98404	3.224e-005
727	6.918e-002	0.	0.73308	-2.4944e-004
728	-0.85633	0.	0.96851	3.3413e-005
729	0.78241	0.	0.987	3.1081e-005
730	-0.92355	0.	0.6936	1.7463e-004
731	0.38195	0.	0.41558	7.0252e-004
732	0.10798	0.	0.20161	5.869e-003
733	-5.6602e-002	0.	0.17552	-1.5778e-002
734	-1.0559	0.	0.98404	2.8858e-005
735	0.12171	0.	0.3477	3.3749e-004
736	5.8257e-002	0.	3.995e-002	0.14581
2484	0.	0.	5.5e-002	0.15935
2485	0.	0.	4.5e-002	0.2658
2487	9.3272e-003	0.	5.4541e-002	0.17608
2490	-1.e-002	0.	6.e-002	4.7733e-002
2492	9.3272e-003	0.	5.9541e-002	0.11407
2493	2.6876e-003	0.	7.1544e-002	6.4888e-002
2496	-3.e-002	0.	6.e-002	-2.6324e-002
2498	-2.0844e-002	0.	7.545e-002	-8.0444e-003
2499	-7.3124e-003	0.	7.1544e-002	1.5278e-002
2502	-6.e-002	0.	6.e-002	-6.5769e-002
2504	-3.0844e-002	0.	7.545e-002	-3.2492e-002
2505	-4.9279e-002	0.	7.7235e-002	-5.1678e-002
2507	-0.1	0.	6.e-002	-8.0817e-002
2509	-9.0241e-002	0.	8.1665e-002	-7.1098e-002
2510	-6.9279e-002	0.	7.7235e-002	-6.6675e-002
2512	-0.14	0.	6.e-002	-8.0189e-002
2514	-0.13408	0.	8.9081e-002	-6.7541e-002
2515	-0.11024	0.	8.1665e-002	-7.1149e-002
2518	-0.18	0.	6.e-002	-8.1662e-002
2520	-0.18276	0.	8.1275e-002	-6.8389e-002
2521	-0.15408	0.	8.9081e-002	-6.6863e-002
2524	-0.22	0.	6.e-002	-8.0429e-002
2526	-0.20276	0.	8.1275e-002	-7.054e-002
2529	-0.26	0.	6.e-002	-6.0096e-002
2531	-0.22276	0.	8.1275e-002	-6.7157e-002
2532	-0.24979	0.	8.0521e-002	-6.2601e-002
2534	-0.29	0.	6.e-002	-1.9639e-002
2536	-0.28793	0.	7.6204e-002	-2.6241e-002
2537	-0.26979	0.	8.0521e-002	-4.565e-002
2539	-0.31	0.	6.e-002	4.5313e-002
2541	-0.29793	0.	7.6204e-002	-2.7351e-003
2542	-0.31324	0.	7.1288e-002	2.4231e-002
2544	-0.32	0.	5.5e-002	0.18086
2545	-0.32	0.	4.5e-002	0.31207
2547	-0.33013	0.	4.7899e-002	0.23889
2550	-0.34201	0.	6.3924e-002	7.8013e-002
2551	-0.33013	0.	5.2899e-002	0.14479
2552	-0.32324	0.	7.1288e-002	6.5677e-002
2557	-0.32	0.	2.e-002	0.37344
2558	-0.33013	0.	4.2899e-002	0.276
2610	0.	0.	2.e-002	0.35596
2611	9.3272e-003	0.	4.9541e-002	0.22052
2612	2.9128e-002	0.	3.9975e-002	0.22803
4531	0.13636	0.	0.	4.6808e-002
4532	4.5455e-002	0.	0.	0.23532
4533	0.11459	0.	5.4627e-002	4.4335e-002
4534	8.7949e-002	0.	4.9411e-002	5.0797e-002
4535	7.4583e-002	0.	1.9975e-002	0.10739
4546	0.22727	0.	0.	1.6246e-002
4547	0.2121	0.	6.0455e-002	1.7341e-002
4548	0.16005	0.	5.4627e-002	2.2175e-002
4557	0.31818	0.	0.	6.4378e-003
4558	0.25755	0.	6.0455e-002	8.9393e-003
4559	0.31972	0.	6.0527e-002	6.0307e-003
4564	0.40909	0.	0.	3.905e-003
4565	0.36518	0.	6.0527e-002	4.6236e-003
4570	0.5	0.	0.	2.2288e-003
4571	0.41063	0.	6.0527e-002	3.4979e-003
4572	0.47026	0.	8.0585e-002	2.3052e-003
4580	0.59091	0.	0.	1.4893e-003
4581	0.58247	0.	7.4304e-002	1.4028e-003
4582	0.51572	0.	8.0585e-002	1.7546e-003
4587	0.68182	0.	0.	1.1294e-003
4588	0.62792	0.	7.4304e-002	1.2138e-003
4596	0.77273	0.	0.	8.1973e-004
4597	0.67338	0.	7.4304e-002	1.0429e-003
4598	0.742	0.	5.8239e-002	8.2199e-004
4601	0.86364	0.	0.	6.2746e-004
4602	0.78745	0.	5.8239e-002	6.8319e-004
4603	0.85321	0.	7.911e-002	6.179e-004
4610	0.95455	0.	4.8182e-002	5.6039e-004
4611	0.95455	0.	0.	5.6109e-004
4612	0.89867	0.	7.911e-002	5.6444e-004
4618	-1.1836	0.	0.	6.2013e-004
4619	-1.2745	0.	4.8182e-002	5.4668e-004
4620	-1.2745	0.	0.	5.5669e-004
4621	-1.2187	0.	7.911e-002	5.6344e-004
4627	-1.0927	0.	0.	7.9937e-004
4628	-1.1075	0.	5.7926e-002	7.1698e-004
4629	-1.1732	0.	7.911e-002	6.186e-004
4635	-1.0018	0.	0.	1.084e-003
4636	-0.99221	0.	6.9905e-002	1.0008e-003
4637	-1.0621	0.	5.7926e-002	8.4105e-004
4642	-0.91091	0.	0.	1.5318e-003
4643	-0.94675	0.	6.9905e-002	1.1613e-003
4649	-0.82	0.	0.	2.1756e-003
4650	-0.9013	0.	6.9905e-002	1.4486e-003
4651	-0.8364	0.	4.029e-002	2.0947e-003
4659	-0.72909	0.	0.	3.162e-003
4660	-0.79094	0.	4.029e-002	2.4513e-003
4663	-0.63818	0.	0.	5.8309e-003
4664	-0.71596	0.	8.7197e-002	3.0913e-003
4665	-0.66214	0.	7.0518e-002	4.158e-003
4666	-0.74549	0.	4.029e-002	3.0811e-003
4672	-0.54727	0.	0.	1.5322e-002
4673	-0.5624	0.	6.0455e-002	9.4107e-003
4674	-0.61669	0.	7.0518e-002	6.1971e-003
4681	-0.45636	0.	0.	4.8433e-002
4682	-0.51694	0.	6.0455e-002	1.6862e-002
4683	-0.48104	0.	6.3905e-002	1.9317e-002
4684	-0.45679	0.	3.9166e-002	3.1124e-002
4691	-0.36545	0.	0.	0.2359
4692	-0.41134	0.	3.9166e-002	5.6783e-002
4693	-0.38747	0.	3.3924e-002	7.168e-002
4694	-0.37558	0.	2.2899e-002	0.13846
4940	-1.32	0.	0.14455	5.0936e-004
4941	-1.32	0.	4.8182e-002	5.384e-004
4942	-1.2641	0.	0.12729	5.4515e-004
4946	-1.32	0.	0.24091	4.6452e-004
4947	-1.2271	0.	0.22971	5.3071e-004
4948	-1.2641	0.	0.17547	5.2611e-004
4951	-1.32	0.	0.33727	4.0864e-004
4952	-1.2271	0.	0.27789	5.0491e-004
4953	-1.2723	0.	0.34177	4.1192e-004
4957	-1.32	0.	0.43364	3.4668e-004
4958	-1.2723	0.	0.38995	3.8184e-004
4960	-1.32	0.	0.53	2.7739e-004
4961	-1.2493	0.	0.50222	3.0742e-004
4962	-1.2723	0.	0.43814	3.4995e-004
4966	-1.32	0.	0.62636	2.0675e-004
4967	-1.251	0.	0.63209	2.0993e-004
4968	-1.2493	0.	0.5504	2.7003e-004
4973	-1.32	0.	0.72273	1.4885e-004
4974	-1.251	0.	0.68027	1.7668e-004
4976	-1.32	0.	0.81909	1.0007e-004
4977	-1.2363	0.	0.8052	1.0759e-004
4978	-1.251	0.	0.72845	1.5203e-004
4982	-1.32	0.	0.91545	5.4709e-005
4983	-1.2363	0.	0.85338	8.3456e-005
4984	-1.254	0.	0.90851	5.6898e-005
4987	-1.2717	0.	1.0118	2.4064e-005
4988	-1.32	0.	1.0118	2.4178e-005
4989	-1.254	0.	0.95669	3.5667e-005
5017	-1.175	0.	1.06	1.7575e-005
5018	-1.2717	0.	1.06	1.4764e-005
5019	-1.2056	0.	1.0049	2.6253e-005
5021	-1.0783	0.	1.06	1.7496e-005
5022	-1.1573	0.	1.0049	2.9178e-005
5023	-1.0913	0.	1.022	2.4679e-005
5027	-0.98167	0.	1.06	1.6712e-005
5028	-1.043	0.	1.022	2.1675e-005
5031	-0.885	0.	1.06	1.4741e-005
5032	-0.95926	0.	0.98404	4.0955e-005
5033	-0.89483	0.	1.0143	2.6172e-005
5034	-0.99463	0.	1.022	2.3895e-005
5038	-0.78833	0.	1.06	9.4845e-006
5039	-0.8465	0.	1.0143	2.1982e-005
5042	-0.69167	0.	1.06	4.6544e-006
5043	-0.75265	0.	0.98303	2.6574e-005
5044	-0.6815	0.	1.0091	4.9262e-006
5045	-0.79817	0.	1.0143	2.0915e-005
5047	-0.595	0.	1.06	-4.1981e-006
5048	-0.63316	0.	1.0091	1.1627e-006
5051	-0.49833	0.	1.06	-1.0366e-005
5052	-0.58483	0.	1.0091	-3.9263e-006
5053	-0.51306	0.	1.0183	-2.0037e-005
5057	-0.40167	0.	1.06	-1.8831e-005
5058	-0.46472	0.	1.0183	-2.1116e-005
5060	-0.305	0.	1.06	-3.5769e-005
5061	-0.41639	0.	1.0183	-2.8503e-005
5062	-0.33177	0.	0.99524	-5.6461e-005
5066	-0.20833	0.	1.06	-4.4629e-005
5067	-0.23094	0.	0.99589	-9.0455e-005
5068	-0.28343	0.	0.99524	-6.6012e-005
5072	-0.11167	0.	1.06	-4.387e-005
5073	-0.1826	0.	0.99589	-8.9763e-005
5074	-0.13497	0.	1.0133	-5.7477e-005
5077	-1.5e-002	0.	1.06	-3.7305e-005
5078	-2.4537e-002	0.	0.99748	-6.8223e-005
5079	-8.664e-002	0.	1.0133	-5.741e-005
5084	8.1667e-002	0.	1.06	-2.7804e-005
5085	2.3796e-002	0.	0.99748	-6.1724e-005
5089	0.17833	0.	1.06	-1.8455e-005
5090	0.15082	0.	0.97709	-3.3188e-005
5091	7.2129e-002	0.	0.99748	-5.8723e-005
5094	0.275	0.	1.06	-4.9772e-006
5095	0.19916	0.	0.97709	-2.684e-005
5096	0.2758	0.	0.99566	-2.3224e-006
5100	0.37167	0.	1.06	7.6162e-006
5101	0.32414	0.	0.99566	4.8073e-006
5104	0.46833	0.	1.06	1.2164e-005
5105	0.44219	0.	0.99949	2.1433e-005
5106	0.37247	0.	0.99566	1.0271e-005
5110	0.565	0.	1.06	1.2043e-005
5111	0.49052	0.	0.99949	2.0518e-005
5112	0.5538	0.	1.022	2.1744e-005
5114	0.66167	0.	1.06	1.6917e-005
5115	0.60213	0.	1.022	2.2538e-005
5120	0.75833	0.	1.06	1.6488e-005
5121	0.6975	0.	0.9815	4.1789e-005
5122	0.65046	0.	1.022	2.6618e-005
5123	0.74621	0.	1.0235	2.6039e-005
5126	0.855	0.	1.06	1.6875e-005
5127	0.79454	0.	1.0235	2.153e-005
5131	0.95167	0.	1.0118	3.0511e-005
5132	0.95167	0.	1.06	1.8497e-005
5133	0.87652	0.	0.98122	4.6475e-005
5134	0.84287	0.	1.0235	2.6426e-005
5164	1.	0.	0.91545	6.3423e-005
5165	1.	0.	1.0118	2.7237e-005
5166	0.92485	0.	0.93304	5.5215e-005
5170	1.	0.	0.81909	1.0557e-004
5171	0.92485	0.	0.88485	7.9387e-005
5172	0.94039	0.	0.81543	1.0702e-004
5174	1.	0.	0.72273	1.5989e-004
5175	0.94039	0.	0.76725	1.25e-004
5178	1.	0.	0.62636	2.2543e-004
5179	0.94039	0.	0.71907	1.6133e-004
5180	0.93486	0.	0.65371	2.0635e-004
5186	1.	0.	0.53	2.8595e-004
5187	0.93493	0.	0.54472	2.9306e-004
5188	0.93486	0.	0.60553	2.3556e-004
5191	1.	0.	0.43364	3.5467e-004
5192	0.93493	0.	0.49654	3.2438e-004
5193	0.94862	0.	0.43764	3.5876e-004
5199	1.	0.	0.33727	4.2008e-004
5200	0.94862	0.	0.38946	3.9616e-004
5202	1.	0.	0.24091	4.7897e-004
5203	0.90628	0.	0.27752	4.9315e-004
5204	0.94862	0.	0.34128	4.2417e-004
5208	1.	0.	0.14455	5.2831e-004
5209	0.90628	0.	0.22934	5.2403e-004
5210	0.94412	0.	0.17547	5.3236e-004
5214	1.	0.	4.8182e-002	5.4748e-004
5215	0.94412	0.	0.12729	5.5083e-004
5218	2.9128e-002	0.	1.9975e-002	0.27374
5228	-0.33013	0.	2.2899e-002	0.30027
5244	0.16665	0.	0.81815	-7.0731e-005
5245	0.19999	0.	0.67742	7.9593e-007
5246	0.13668	0.	0.6811	-1.7381e-004
5247	0.21789	0.	0.74857	-5.3015e-005
5248	0.12037	0.	0.78127	-1.1599e-004
5249	0.11541	0.	0.7376	-1.7466e-004
5253	-0.54456	0.	0.72145	-4.5859e-005
5254	-0.45852	0.	0.67111	-1.744e-004
5255	-0.43577	0.	0.80077	-1.1538e-004
5256	-0.50676	0.	0.78743	-7.8621e-005
5257	-0.40762	0.	0.74123	-1.9746e-004
5258	-0.50493	0.	0.68279	-5.6642e-005
5262	-0.44877	0.	0.38282	2.0272e-004
5263	-0.42961	0.	0.44097	-3.7618e-004
5264	-0.37392	0.	0.45449	-6.9805e-004
5265	-0.34162	0.	0.40849	-1.2433e-003
5266	-0.41027	0.	0.35141	9.8387e-005
5267	-0.36822	0.	0.37035	-1.1547e-003
5272	7.5023e-002	0.	0.45294	-5.2116e-004
5273	2.0984e-002	0.	0.44007	-9.7554e-004
5274	2.5467e-002	0.	0.38886	-1.4024e-003
5275	6.2857e-002	0.	0.35146	-3.4025e-004
5276	0.10837	0.	0.41344	-1.9084e-004
5277	9.3506e-002	0.	0.37558	-1.1577e-004
5281	-0.34934	0.	0.20099	5.2982e-004
5282	-0.32315	0.	0.21751	-4.0763e-003
5283	-0.41074	0.	0.22253	3.0245e-003
5284	-0.3247	0.	0.25358	-2.1212e-003
5285	-0.39297	0.	0.26758	5.5339e-004
5286	-0.37723	0.	0.19814	6.9151e-003
5287	-0.35093	0.	0.28652	-6.9968e-004
5291	8.4853e-005	0.	0.26035	-2.1553e-003
5292	8.568e-003	0.	0.20089	-2.846e-003
5293	4.3058e-002	0.	0.26355	-3.5747e-004
5294	-1.3977e-002	0.	0.22918	-5.2287e-003
5295	4.3543e-002	0.	0.1952	4.5563e-003
5296	6.6841e-002	0.	0.21463	2.6328e-003
5300	-0.80903	0.	0.67474	1.9643e-004
5301	-0.95371	0.	0.58789	2.8482e-004
5302	-0.90738	0.	0.52136	4.1982e-004
5303	-0.8354	0.	0.53276	4.5002e-004
5304	-0.81197	0.	0.60201	2.6228e-004
5305	-0.90241	0.	0.64157	2.3356e-004
5310	0.50711	0.	0.6191	2.5744e-004
5311	0.66258	0.	0.65221	2.4178e-004
5312	0.51768	0.	0.54947	3.9105e-004
5313	0.59452	0.	0.52871	4.1628e-004
5314	0.59796	0.	0.6802	2.2116e-004
5315	0.6463	0.	0.58384	2.8987e-004
5316	0.53921	0.	0.6683	2.2797e-004
5321	-0.18003	0.	0.59408	-1.0236e-003
5322	-0.17651	0.	0.54336	-1.2775e-003
5323	-7.2437e-002	0.	0.52464	-1.267e-003
5324	-0.1421	0.	0.63222	-8.5085e-004
5325	-0.1266	0.	0.52464	-1.6037e-003
5326	-6.0399e-002	0.	0.57437	-9.0266e-004
5327	-9.6117e-002	0.	0.61839	-8.4288e-004
5332	-0.13338	0.	0.20782	-1.5627e-002
5333	-0.15524	0.	0.26498	-1.1377e-002
5334	-0.17673	0.	0.1958	-2.1825e-002
5335	-0.19301	0.	0.21708	-1.4376e-002
5336	-0.19385	0.	0.25182	-1.2013e-002
5337	-0.15441	0.	0.19787	-2.1837e-002
5338	-0.12345	0.	0.25621	-1.1441e-002
5341	-0.6303	0.	0.42021	8.6934e-004
5342	-0.72188	0.	0.48012	5.3778e-004
5343	-0.69845	0.	0.54937	3.5004e-004
5344	-0.59885	0.	0.51309	3.0362e-004
5345	-0.68153	0.	0.42427	8.4197e-004
5346	-0.6019	0.	0.46239	4.3653e-004
5351	0.3819	0.	0.57523	3.0645e-004
5352	0.39246	0.	0.50559	4.4005e-004
5353	0.28173	0.	0.56461	2.4707e-004
5354	0.26387	0.	0.51561	2.8665e-004
5355	0.29195	0.	0.46506	5.9603e-004
5356	0.33066	0.	0.57269	2.8334e-004
5357	0.35354	0.	0.46603	5.4759e-004
5361	0.73198	0.	0.28404	6.7427e-004
5362	0.5677	0.	0.31701	9.7704e-004
5363	0.63545	0.	0.22536	9.6877e-004
5364	0.63245	0.	0.37765	6.7412e-004
5365	0.70319	0.	0.35725	6.4541e-004
5366	0.70407	0.	0.2093	7.4788e-004
5367	0.5687	0.	0.23165	1.3206e-003
5372	-0.89312	0.	0.31222	9.6606e-004
5373	-1.0528	0.	0.2844	6.6671e-004
5374	-1.0232	0.	0.36159	6.0987e-004
5375	-0.95428	0.	0.22097	9.202e-004
5376	-0.95245	0.	0.37765	6.5474e-004
5377	-1.0242	0.	0.20899	7.6049e-004
5378	-0.916	0.	0.26023	1.0272e-003
5382	-0.17663	0.	0.37769	-3.9226e-003
5383	-0.14366	0.	0.34864	-5.624e-003
5384	-0.13639	0.	0.435	-2.7663e-003
5385	-0.11156	0.	0.37126	-4.0853e-003
5386	-0.17183	0.	0.41553	-2.9217e-003
5387	-0.1098	0.	0.40368	-3.2405e-003
5392	-0.17288	0.	0.74696	-4.2205e-004
5393	-0.19416	0.	0.86694	-2.1494e-004
5394	-0.13715	0.	0.8321	-2.4096e-004
5395	-0.22046	0.	0.76219	-3.4435e-004
5396	-0.23377	0.	0.81971	-2.4712e-004
5397	-0.14368	0.	0.78816	-3.1212e-004
5399	-0.52956	0.	0.30551	2.3139e-003
5400	-0.55402	0.	0.35945	1.142e-003
5401	-0.4825	0.	0.42088	4.3439e-004
5402	-0.46316	0.	0.33131	9.0895e-004
5403	-0.52561	0.	0.40163	7.0917e-004
5408	0.16577	0.	0.31483	1.4739e-003
5409	0.21988	0.	0.38131	9.3302e-004
5410	0.20848	0.	0.3231	1.4826e-003
5411	0.16621	0.	0.38619	6.2699e-004
5412	0.15134	0.	0.34834	7.0206e-004
5416	0.41144	0.	0.32881	1.2561e-003
5417	0.31697	0.	0.27341	2.586e-003
5418	0.29884	0.	0.36968	1.084e-003
5419	0.28745	0.	0.31147	1.6335e-003
5420	0.36641	0.	0.2816	1.7463e-003
5421	0.36043	0.	0.37064	1.0355e-003
5426	-0.78156	0.	0.24836	1.7803e-003
5427	-0.87416	0.	0.38775	8.5848e-004
5428	-0.80218	0.	0.39915	8.8867e-004
5429	-0.74571	0.	0.29403	1.7503e-003
5430	-0.76183	0.	0.34331	1.1929e-003
5431	-0.83771	0.	0.27033	1.2309e-003
5434	-0.3112	0.	0.18324	-3.8486e-003
5435	-0.31472	0.	0.14959	-5.0279e-003
5436	-0.33889	0.	0.14002	9.9689e-003
5437	-0.36528	0.	0.16386	7.1428e-003
5442	5.1378e-002	0.	0.10761	2.4217e-002
5443	2.8348e-002	0.	9.7949e-002	3.7244e-002
5444	4.5998e-003	0.	0.14526	5.3605e-003
5445	3.9575e-002	0.	0.13957	1.2763e-002
5446	-8.4713e-003	0.	0.12392	3.4877e-004
5447	-1.9606e-003	0.	0.10365	7.9856e-004
5448	1.1571e-002	0.	9.9739e-002	2.4121e-002
5453	-9.0051e-002	0.	0.16387	-2.3938e-002
5454	-7.8063e-002	0.	0.21017	-1.3063e-002
5455	-0.1235	0.	0.17968	-2.2481e-002
5456	-9.2535e-002	0.	0.23802	-1.2085e-002
5457	-7.9535e-002	0.	0.18257	-1.6025e-002
5460	-0.235	0.	0.56483	-1.1492e-003
5461	-0.20059	0.	0.65369	-7.2255e-004
5462	-0.29037	0.	0.61556	-7.4918e-004
5463	-0.24816	0.	0.66891	-6.4484e-004
5467	-0.17917	0.	0.333	-6.0695e-003
5468	-0.24975	0.	0.38806	-3.1235e-003
5469	-0.21778	0.	0.31985	-6.706e-003
5470	-0.20734	0.	0.39989	-3.3673e-003
5471	-0.24123	0.	0.34737	-4.2061e-003
5475	-0.50881	0.	0.22904	4.6807e-003
5476	-0.58191	0.	0.30223	2.4426e-003
5477	-0.61702	0.	0.25701	2.9727e-003
5478	-0.49105	0.	0.27409	2.2096e-003
5479	-0.54476	0.	0.1846	7.283e-003
5480	-0.59905	0.	0.19466	4.0694e-003
5484	-0.6774	0.	0.73808	6.5918e-005
5485	-0.58021	0.	0.78221	-1.2961e-006
5486	-0.68033	0.	0.66535	1.3178e-004
5487	-0.64024	0.	0.77639	3.0923e-005
5488	-0.57837	0.	0.67758	2.0684e-005
5492	0.41791	0.	0.70867	1.5142e-004
5493	0.44924	0.	0.56433	3.5384e-004
5494	0.47076	0.	0.68317	1.9077e-004
5495	0.38743	0.	0.63143	1.9713e-004
5500	0.76735	0.	0.90272	6.688e-005
5501	0.65269	0.	0.82958	1.0513e-004
5502	0.6112	0.	0.87755	7.1542e-005
5503	0.71836	0.	0.85428	9.2258e-005
5504	0.63797	0.	0.94352	4.7411e-005
5505	0.73371	0.	0.945	4.6832e-005
5509	-1.0689	0.	0.87379	7.6975e-005
5510	-1.003	0.	0.83206	1.0537e-004
5511	-0.93135	0.	0.8625	7.9246e-005
5512	-0.92076	0.	0.93829	4.8196e-005
5513	-1.0206	0.	0.94606	4.5918e-005
5517	-0.75105	0.	0.83299	7.2549e-005
5518	-0.73973	0.	0.68721	1.6623e-004
5519	-0.80715	0.	0.78843	9.7941e-005
5520	-0.69964	0.	0.79824	6.5374e-005
5521	-0.83017	0.	0.72676	1.375e-004
5527	-0.29172	0.	0.51008	-1.0957e-003
5528	-0.25942	0.	0.46408	-1.6409e-003
5529	-0.28685	0.	0.56483	-1.0031e-003
5530	-0.18157	0.	0.49539	-1.7293e-003
5531	-0.21701	0.	0.47591	-1.8847e-003
5534	-0.39503	0.	0.68568	-2.4868e-004
5535	-0.45463	0.	0.54729	-1.8507e-004
5536	-0.39894	0.	0.5608	-5.0693e-004
5537	-0.49469	0.	0.57874	-4.3189e-005
5538	-0.39407	0.	0.61556	-4.1435e-004
5539	-0.49234	0.	0.62724	-1.0786e-004
5543	3.0706e-002	0.	0.48954	-9.2768e-004
5544	0.14367	0.	0.50858	-1.4633e-004
5545	9.8228e-002	0.	0.56125	-3.6052e-004
5546	4.2743e-002	0.	0.53927	-5.6338e-004
5547	0.11809	0.	0.46291	-1.4298e-004
5551	-0.17684	0.	0.11036	-5.5741e-002
5552	-0.19734	0.	0.13408	-4.2967e-002
5553	-0.22363	0.	0.1278	-4.0883e-002
5554	-0.23255	0.	0.1018	-5.2711e-002
5559	0.19032	0.	0.11508	1.4868e-002
5560	0.30454	0.	0.12098	7.1251e-003
5561	0.26871	0.	0.17101	6.9186e-003
5562	0.21871	0.	0.16302	7.9386e-003
5567	0.81242	0.	0.46182	4.06e-004
5568	0.79345	0.	0.53735	3.0829e-004
5569	0.88355	0.	0.45237	3.6587e-004
5570	0.8698	0.	0.57207	2.7398e-004
5575	-1.0235	0.	0.67114	2.1246e-004
5576	-1.0505	0.	0.50365	3.6729e-004
5577	-0.97981	0.	0.51972	4.1216e-004
5578	-1.1041	0.	0.63613	2.2851e-004
5579	-1.1023	0.	0.55444	2.8861e-004
5580	-0.97485	0.	0.63992	2.2589e-004
5584	0.43077	0.	0.86117	5.6194e-005
5585	0.33565	0.	0.76919	3.823e-005
5586	0.36105	0.	0.85734	4.5031e-005
5587	0.46728	0.	0.81773	8.1552e-005
5588	0.45001	0.	0.75787	1.2195e-004
5589	0.36668	0.	0.70613	1.2831e-004
5594	-1.9951e-002	0.	0.33366	-2.9714e-003
5595	1.744e-002	0.	0.29625	-1.9093e-003
5596	-5.3769e-002	0.	0.32112	-4.2004e-003
5597	-3.9595e-002	0.	0.26188	-6.7806e-003
5598	-5.4067e-002	0.	0.28973	-5.803e-003
5603	-0.28853	0.	0.16611	-9.634e-003
5604	-0.28656	0.	0.23583	-6.4996e-003
5605	-0.25336	0.	0.20395	-1.1113e-002
5606	-0.26337	0.	0.1764	-1.6477e-002
5610	0.68499	0.	0.72817	1.6829e-004
5611	0.73332	0.	0.63181	2.37e-004
5612	0.81519	0.	0.73189	1.5767e-004
5613	0.80967	0.	0.66653	2.027e-004
5614	0.75066	0.	0.75286	1.5542e-004
5617	2.0794e-004	0.	0.85723	-1.7695e-004
5618	3.2627e-002	0.	0.79996	-1.9668e-004
5619	-5.2512e-002	0.	0.8208	-2.2445e-004
5620	-4.2269e-002	0.	0.72184	-3.9757e-004
5621	-5.9047e-002	0.	0.77686	-2.9562e-004
5622	2.7669e-002	0.	0.7563	-2.5535e-004
5628	-0.31622	0.	0.12289	4.1835e-003
5629	-0.26689	0.	0.14275	-1.7656e-002
5630	-0.29396	0.	0.11243	-1.0075e-002
5631	-0.27582	0.	0.11675	-2.9484e-002
5635	0.11163	0.	0.10404	2.6164e-002
5636	9.9829e-002	0.	0.136	1.4709e-002
5637	0.16666	0.	0.15719	1.2773e-002
5638	0.12313	0.	0.15543	1.2785e-002
5643	6.1959e-002	0.	8.9165e-002	4.5652e-002
5644	7.3186e-002	0.	0.13078	2.1171e-002
5645	7.1623e-002	0.	6.9386e-002	8.9219e-002
5650	0.33088	0.	0.17108	4.01e-003
5651	0.42635	0.	0.14111	3.0237e-003
5652	0.38031	0.	0.17927	3.1703e-003
5656	-5.6171e-002	0.	0.13479	-2.3358e-002
5657	-0.11108	0.	0.15392	-3.0148e-002
5658	-8.9058e-002	0.	0.12072	-4.6518e-002
5659	-6.8096e-002	0.	0.11629	-4.2095e-002
5660	-6.7117e-002	0.	0.15682	-2.3691e-002
5665	-0.16866	0.	0.14188	-4.1441e-002
5666	-0.14634	0.	0.14394	-4.1453e-002
5667	-0.12432	0.	0.11075	-5.7823e-002
5671	0.4719	0.	0.4133	8.1561e-004
5672	0.53664	0.	0.47394	5.1268e-004
5673	0.42088	0.	0.45514	5.9498e-004
5678	2.8792e-002	0.	6.9295e-002	9.4737e-002
5679	2.2152e-002	0.	8.1298e-002	4.5556e-002
5680	4.8593e-002	0.	5.9729e-002	0.10225
5685	-0.36678	0.	0.13717	1.6354e-002
5686	-0.31813	0.	0.10287	4.9216e-003
5687	-0.37608	0.	9.583e-002	2.9327e-002
5688	-0.35221	0.	9.0588e-002	4.4224e-002
5689	-0.33344	0.	9.7952e-002	3.1888e-002
5694	0.10549	0.	0.29007	8.8483e-004
5695	0.19328	0.	0.28895	1.8898e-003
5696	0.1728	0.	0.24291	3.8623e-003
5697	0.12927	0.	0.24115	3.8751e-003
5698	0.13614	0.	0.31419	1.1093e-003
5702	-1.8851e-002	0.	0.42547	-1.8089e-003
5703	-7.75e-002	0.	0.47667	-1.7188e-003
5704	-1.1296e-002	0.	0.5264	-1.0178e-003
5705	-5.0915e-002	0.	0.44534	-2.193e-003
5709	-0.47142	0.	0.86153	-7.0815e-005
5710	-0.37227	0.	0.81534	-1.8965e-004
5711	-0.34242	0.	0.85609	-1.5377e-004
5712	-0.43993	0.	0.92577	-6.918e-005
5713	-0.35531	0.	0.90267	-9.7138e-005
5717	-0.44242	0.	0.25485	3.2757e-003
5718	-0.42668	0.	0.1854	9.6374e-003
5719	-0.49612	0.	0.16535	8.3491e-003
5720	-0.46022	0.	0.1688	1.0804e-002
5725	-0.5827	0.	0.90316	-1.6312e-005
5726	-0.60245	0.	0.84237	-1.8396e-006
5727	-0.51093	0.	0.91243	-3.2423e-005
5732	-0.71243	0.	0.22006	2.3608e-003
5733	-0.69447	0.	0.15771	3.4575e-003
5734	-0.77781	0.	0.12749	2.3806e-003
5735	-0.80443	0.	0.19637	1.8414e-003
5739	-1.1045	0.	0.34387	5.1426e-004
5740	-1.1055	0.	0.19127	6.6488e-004
5741	-1.1712	0.	0.21245	5.665e-004
5742	-1.1794	0.	0.33057	4.7811e-004
5746	0.78376	0.	0.33916	5.0937e-004
5747	0.78464	0.	0.19122	6.1184e-004
5748	0.85489	0.	0.32971	4.6923e-004
5749	0.8504	0.	0.21209	5.4655e-004
5753	9.2953e-002	0.	0.91457	-6.7108e-005
5754	0.22289	0.	0.8246	-2.3857e-005
5755	0.24829	0.	0.91275	-1.7056e-005
5756	0.12537	0.	0.8573	-8.6837e-005
5762	-1.0867	0.	0.79776	1.1937e-004
5763	-1.1673	0.	0.76275	1.3541e-004
5764	-1.1703	0.	0.89462	6.4414e-005
5765	-1.1043	0.	0.91177	5.9915e-005
5770	-0.18481	0.	0.29079	-8.4073e-003
5771	-0.1141	0.	0.32657	-6.2322e-003
5772	-0.1144	0.	0.29518	-7.8348e-003
5778	0.54874	0.	0.39254	8.4085e-004
5779	0.48498	0.	0.24654	1.4874e-003
5780	0.43895	0.	0.2847	1.634e-003
5781	0.43297	0.	0.37374	9.2315e-004
5785	-0.34317	0.	0.68568	-4.3741e-004
5786	-0.30096	0.	0.73903	-3.3307e-004
5787	-0.31427	0.	0.79656	-2.3585e-004
5791	-1.1015	0.	0.72102	1.6381e-004
5792	-0.94921	0.	0.78648	1.2164e-004
5793	-0.97222	0.	0.72482	1.6119e-004
5797	-0.21023	0.	0.70704	-4.7212e-004
5798	-0.11667	0.	0.67799	-5.4185e-004
5799	-0.13345	0.	0.73302	-4.399e-004
5803	-0.64148	0.	0.31095	1.8008e-003
5804	-0.6576	0.	0.36023	1.2433e-003
5805	-0.57796	0.	0.39835	8.3788e-004
5809	-0.25492	0.	0.24002	-9.1576e-003
5810	-0.25576	0.	0.27477	-6.7941e-003
5811	-0.31433	0.	0.30484	-3.123e-003
5812	-0.27921	0.	0.30229	-4.2943e-003
5817	-0.40765	0.	0.49254	-4.6638e-004
5818	-0.5034	0.	0.51048	-2.6384e-006
5819	-0.50645	0.	0.45977	1.3027e-004
5824	-0.31966	0.	0.46005	-1.3335e-003
5825	-0.34709	0.	0.5608	-6.9567e-004
5829	-0.31396	0.	0.37592	-1.7901e-003
5830	-0.24495	0.	0.42589	-2.1226e-003
5831	-0.27884	0.	0.37337	-2.9614e-003
5835	0.22047	0.	0.56373	1.4106e-004
5836	0.17502	0.	0.61641	-7.3123e-005
5837	0.25623	0.	0.68387	4.767e-005
5838	0.28727	0.	0.62081	1.3775e-004
5843	-3.1112e-002	0.	0.20242	-7.4712e-003
5844	2.6408e-002	0.	0.16843	2.3138e-003
5845	-2.1638e-002	0.	0.15279	-1.01e-002
5846	-3.2584e-002	0.	0.17482	-1.0433e-002
5851	-1.0042	0.	0.43712	5.0229e-004
5852	-1.1267	0.	0.47184	3.7874e-004
5853	-1.1498	0.	0.40775	4.2127e-004
5858	0.86524	0.	0.83302	9.8809e-005
5859	0.8007	0.	0.85399	9.6557e-005
5860	0.81606	0.	0.94472	5.113e-005
5865	-1.007	0.	0.12783	9.1837e-004
5866	-0.87224	0.	0.1102	1.7242e-003
5867	-0.89886	0.	0.17907	1.185e-003
5873	0.6881	0.	0.13254	9.0634e-004
5874	0.55273	0.	0.15489	1.4791e-003
5879	2.3022e-002	0.	0.33686	-1.1736e-003
5880	-4.8186e-002	0.	0.36172	-3.4646e-003
5881	-4.6432e-002	0.	0.39414	-2.6198e-003
5887	4.6678e-002	0.	0.87769	-1.1237e-004
5888	-3.8461e-002	0.	0.89852	-1.4014e-004
5889	-4.7844e-002	0.	0.95078	-8.183e-005
5894	-0.20545	0.	0.18688	-2.1219e-002
5895	-0.21545	0.	0.15933	-2.6583e-002
5896	-0.16685	0.	0.16767	-2.8679e-002
5901	-0.82141	0.	0.86149	7.0121e-005
5902	-0.69415	0.	0.93209	2.3082e-005
5903	-0.71389	0.	0.8713	3.7554e-005
5904	-0.81082	0.	0.93728	3.9071e-005
5909	-0.8615	0.	0.46458	5.7736e-004
5914	-0.76609	0.	0.54523	4.1982e-004
5915	-0.74917	0.	0.42014	9.1175e-004
5919	0.68423	0.	0.43278	5.0921e-004
5920	0.66526	0.	0.50831	4.1151e-004
5924	0.57888	0.	0.80413	1.1409e-004
5925	0.56161	0.	0.74426	1.5448e-004
5926	0.68604	0.	0.78085	1.348e-004
5931	-0.64306	0.	0.5782	1.8566e-004
5932	-0.64071	0.	0.6267	1.2099e-004
5936	-1.1803	0.	0.60431	2.3996e-004
5941	0.26552	0.	0.25916	2.851e-003
5942	0.34448	0.	0.2293	2.9639e-003
5943	0.24504	0.	0.21312	4.8235e-003
5949	0.39466	0.	0.93515	1.8624e-005
5950	0.50089	0.	0.89554	5.5145e-005
5951	0.52765	0.	0.96151	3.1013e-005
5954	0.736	0.	0.4879	3.828e-004
5955	0.8261	0.	0.40292	4.4038e-004
5959	-0.22257	0.	0.24289	-1.1407e-002
5960	-0.23173	0.	0.1806	-1.9135e-002
5964	-0.65862	0.	0.20338	3.4276e-003
5965	-0.69271	0.	0.31501	1.7734e-003
5969	-0.38261	0.	0.31884	-4.4845e-004
5973	-0.42672	0.	0.14441	1.4694e-002
5974	-0.40247	0.	0.11967	2.6501e-002
5979	0.79338	0.	0.59816	2.5079e-004
5985	-0.58636	0.	0.13097	7.7379e-003
5986	-0.49616	0.	0.12436	1.3406e-002
5992	-1.2016	0.	0.45854	3.4259e-004
5996	0.15716	0.	0.56741	-3.3539e-005
5997	0.23069	0.	0.46419	4.9003e-004
5998	0.17702	0.	0.46907	1.84e-004
6004	-0.86693	0.	0.89272	6.4462e-005
6005	-0.90053	0.	0.75526	1.3507e-004
6009	-0.5465	0.	0.49123	2.7215e-004
6010	-0.5411	0.	0.59043	7.4571e-005
6013	5.6227e-002	0.	0.59811	-4.5059e-004
6014	9.0446e-002	0.	0.67658	-2.4858e-004
6019	-0.14819	0.	0.89693	-1.6161e-004
6020	-0.24482	0.	0.88454	-1.6778e-004
6021	-0.15758	0.	0.94919	-1.033e-004
6022	-0.2577	0.	0.93112	-1.1115e-004
6026	0.29954	0.	0.84317	6.6095e-007
6027	0.30517	0.	0.69195	8.3942e-005
6033	8.4196e-002	0.	0.25053	2.8787e-003
6034	9.1061e-002	0.	0.32358	1.13e-004
6038	-0.24687	0.	0.30516	-6.5439e-003
6049	-0.30001	0.	0.66891	-4.9875e-004
6054	-0.1671	0.	0.45719	-2.211e-003
6055	-0.10508	0.	0.44534	-2.5297e-003
6058	0.82248	0.	0.13735	6.2017e-004
6066	-1.1426	0.	0.13704	6.6028e-004
6069	-8.025e-002	0.	0.3816	-3.8487e-003
6070	-8.2303e-002	0.	0.3178	-6.2962e-003
6072	7.4139e-002	0.	0.77675	-1.9077e-004
6076	-6.8129e-002	0.	0.25856	-8.8764e-003
6077	-5.5129e-002	0.	0.20312	-1.2816e-002
6081	-0.30544	0.	0.33523	-2.8728e-003
6085	8.4681e-002	0.	0.18218	7.7925e-003
6099	-0.10056	0.	0.91435	-1.2932e-004
6100	-9.7716e-002	0.	0.81815	-2.588e-004
6104	0.24738	0.	0.35543	1.349e-003
6105	0.20511	0.	0.41852	4.9338e-004
6106	0.32036	0.	0.41461	7.5096e-004
6109	-0.25066	0.	0.12704	-3.6327e-002
6113	-0.64274	0.	0.89734	1.5907e-005
6114	-0.55122	0.	0.9674	-1.4677e-005
6123	-0.27111	0.	0.77979	-2.9719e-004
6127	0.87525	0.	0.69824	1.7146e-004
6128	0.81624	0.	0.78457	1.2419e-004
6134	-3.4977e-002	0.	0.62015	-5.9366e-004
6135	3.4961e-002	0.	0.65461	-4.5144e-004
6142	1.2015e-002	0.	7.1085e-002	8.1615e-002
6143	3.8456e-002	0.	4.9516e-002	0.1383
6155	-0.43601	0.	0.10307	2.7667e-002
6160	0.52013	0.	0.79223	1.209e-004
6161	0.56416	0.	0.91807	5.6371e-005
6167	-8.7473e-002	0.	0.71919	-4.3192e-004
6168	-7.5711e-004	0.	0.69862	-3.9166e-004
6172	-0.27773	0.	9.6724e-002	-2.8746e-002
6173	-0.31117	0.	8.7492e-002	1.763e-002
6190	-1.1219	0.	0.96689	3.3357e-005
6194	0.21551	0.	0.25118	3.871e-003
6202	-2.8198e-002	0.	0.11118	-1.4662e-002
6203	-4.6634e-002	0.	0.11296	-3.3848e-002
6204	-4.5655e-002	0.	0.15348	-1.5445e-002
6207	-0.29731	0.	0.88389	-1.4333e-004
6211	-0.1225	0.	0.13653	-4.5061e-002
6217	0.13658	0.	0.38555	2.6242e-004
6224	-0.3879	0.	7.309e-002	5.4371e-002
6230	-0.35214	0.	5.6823e-002	0.13605
6231	-0.34525	0.	7.5212e-002	5.6932e-002
6244	-0.39482	0.	0.95357	-5.8746e-005
6248	0.43995	0.	0.19933	1.9776e-003
6257	-8.1563e-003	0.	8.6994e-002	9.1106e-003
6258	-4.0123e-002	0.	9.2685e-002	-3.3398e-002
6272	-0.83396	0.	0.14946	1.8312e-003
6284	-7.9521e-002	0.	9.89e-002	-5.7007e-002
6293	0.15151	0.	0.20337	5.8562e-003
