Node Number	X Location (m)	Y Location (m)	Z Location (m)	Directional Magnetic Flux Density (T)
95	-0.36	0.	4.5e-002	0.71952
96	-0.3375	0.	4.5e-002	1.1164
97	-0.315	0.	4.5e-002	1.5743
98	-0.27	0.	4.5e-002	2.0108
99	-0.225	0.	4.5e-002	2.2917
100	-0.18	0.	4.5e-002	2.3961
101	-0.135	0.	4.5e-002	2.333
102	-9.e-002	0.	4.5e-002	1.9728
103	-4.5e-002	0.	4.5e-002	1.5665
104	0.	0.	4.5e-002	0.8441
105	-2.25e-002	0.	4.5e-002	1.1908
169	-2.25e-002	0.	-4.5e-002	1.0584
170	0.	0.	-4.5e-002	0.62993
171	-4.5e-002	0.	-4.5e-002	1.6634
172	-9.e-002	0.	-4.5e-002	1.9598
173	-0.135	0.	-4.5e-002	2.335
174	-0.18	0.	-4.5e-002	2.3956
175	-0.225	0.	-4.5e-002	2.312
176	-0.27	0.	-4.5e-002	2.0569
177	-0.315	0.	-4.5e-002	1.5498
178	-0.3375	0.	-4.5e-002	1.0719
179	-0.36	0.	-4.5e-002	0.68397
541	0.	0.	0.	0.76271
542	-0.36	0.	0.	0.73672
971	-4.5e-002	0.	0.	1.5633
972	-0.315	0.	0.	1.5035
973	-0.1125	0.	0.	2.2392
974	-0.2025	0.	0.	2.3901
2490	-0.34875	0.	4.5e-002	0.91793
2492	-0.36	0.	2.25e-002	0.72812
2497	-0.32625	0.	4.5e-002	1.3453
2499	-0.34875	0.	2.25e-002	0.92653
2500	-0.32625	0.	2.25e-002	1.31
2503	-0.2925	0.	4.5e-002	1.7926
2505	-0.315	0.	2.25e-002	1.5389
2508	-0.2475	0.	4.5e-002	2.1513
2510	-0.27	0.	0.	2.0338
2511	-0.2925	0.	2.25e-002	1.7572
2514	-0.2025	0.	4.5e-002	2.3439
2516	-0.2475	0.	0.	2.1743
2517	-0.21375	0.	2.25e-002	2.3409
2519	-0.1575	0.	4.5e-002	2.3646
2521	-0.14625	0.	2.25e-002	2.3177
2522	-0.19125	0.	2.25e-002	2.3931
2525	-0.1125	0.	4.5e-002	2.1529
2527	-0.12375	0.	2.25e-002	2.2861
2529	-6.75e-002	0.	4.5e-002	1.7696
2531	-6.75e-002	0.	2.25e-002	1.7681
2532	-0.10125	0.	2.25e-002	2.106
2534	-3.375e-002	0.	4.5e-002	1.3786
2536	-4.5e-002	0.	2.25e-002	1.5649
2539	-1.125e-002	0.	4.5e-002	1.0174
2541	0.	0.	2.25e-002	0.8034
2547	-1.125e-002	0.	2.25e-002	0.97673
2548	-3.375e-002	0.	2.25e-002	1.377
2832	-1.125e-002	0.	-4.5e-002	0.84415
2833	-3.375e-002	0.	-4.5e-002	1.3609
2834	-1.125e-002	0.	-2.25e-002	0.91054
2835	-3.375e-002	0.	-2.25e-002	1.3109
2838	0.	0.	-2.25e-002	0.69632
2842	-6.75e-002	0.	-4.5e-002	1.8116
2843	-4.5e-002	0.	-2.25e-002	1.6134
2845	-0.1125	0.	-4.5e-002	2.1474
2846	-6.75e-002	0.	-2.25e-002	1.7616
2847	-0.10125	0.	-2.25e-002	2.0995
2850	-0.1575	0.	-4.5e-002	2.3653
2851	-0.12375	0.	-2.25e-002	2.2871
2853	-0.2025	0.	-4.5e-002	2.3538
2854	-0.14625	0.	-2.25e-002	2.3174
2855	-0.19125	0.	-2.25e-002	2.3929
2858	-0.2475	0.	-4.5e-002	2.1845
2859	-0.21375	0.	-2.25e-002	2.3511
2861	-0.2925	0.	-4.5e-002	1.8033
2862	-0.2925	0.	-2.25e-002	1.7802
2863	-0.23625	0.	-2.25e-002	2.2235
2867	-0.32625	0.	-4.5e-002	1.3109
2868	-0.315	0.	-2.25e-002	1.5267
2871	-0.34875	0.	-4.5e-002	0.87792
2872	-0.34875	0.	-2.25e-002	0.9043
2873	-0.32625	0.	-2.25e-002	1.2877
2878	-0.36	0.	-2.25e-002	0.71034
5067	-2.25e-002	0.	0.	1.163
5077	-0.3375	0.	0.	1.1201
7961	-7.875e-002	0.	0.	1.9013
7973	-0.1575	0.	0.	2.3147
64	-0.3375	0.	-5.625e-002	3.3582e-002
65	-0.315	0.	-5.625e-002	-3.8198e-002
66	-0.27	0.	-5.625e-002	-4.9268e-002
67	-0.225	0.	-5.625e-002	-5.1186e-002
68	-0.18	0.	-5.625e-002	-4.8802e-002
69	-0.135	0.	-5.625e-002	-5.0779e-002
70	-9.e-002	0.	-5.625e-002	-4.8793e-002
71	-4.5e-002	0.	-5.625e-002	-3.9302e-002
72	-2.25e-002	0.	-5.625e-002	3.2054e-002
73	-2.25e-002	0.	5.625e-002	3.3151e-002
74	-4.5e-002	0.	5.625e-002	-3.8634e-002
75	-9.e-002	0.	5.625e-002	-4.8729e-002
76	-0.135	0.	5.625e-002	-5.0515e-002
77	-0.18	0.	5.625e-002	-4.9068e-002
78	-0.225	0.	5.625e-002	-5.1514e-002
79	-0.27	0.	5.625e-002	-4.8571e-002
80	-0.315	0.	5.625e-002	-3.8394e-002
81	-0.3375	0.	5.625e-002	3.1518e-002
82	0.	0.	5.625e-002	9.8798e-002
83	0.	0.	6.75e-002	5.8426e-002
84	-2.25e-002	0.	6.75e-002	1.0488e-002
85	-4.5e-002	0.	6.75e-002	-5.33e-002
86	-9.e-002	0.	6.75e-002	-7.3998e-002
87	-0.135	0.	6.75e-002	-7.8128e-002
88	-0.18	0.	6.75e-002	-7.8408e-002
89	-0.225	0.	6.75e-002	-7.9444e-002
90	-0.27	0.	6.75e-002	-7.3635e-002
91	-0.315	0.	6.75e-002	-5.3145e-002
92	-0.3375	0.	6.75e-002	8.8481e-003
93	-0.36	0.	5.625e-002	9.5919e-002
94	-0.36	0.	6.75e-002	5.62e-002
95	-0.36	0.	4.5e-002	0.13564
96	-0.3375	0.	4.5e-002	5.4188e-002
97	-0.315	0.	4.5e-002	-2.3642e-002
98	-0.27	0.	4.5e-002	-2.3506e-002
99	-0.225	0.	4.5e-002	-2.3583e-002
100	-0.18	0.	4.5e-002	-1.9727e-002
101	-0.135	0.	4.5e-002	-2.2902e-002
102	-9.e-002	0.	4.5e-002	-2.346e-002
103	-4.5e-002	0.	4.5e-002	-2.3969e-002
104	0.	0.	4.5e-002	0.13917
105	-2.25e-002	0.	4.5e-002	5.5813e-002
169	-2.25e-002	0.	-4.5e-002	5.5544e-002
170	0.	0.	-4.5e-002	0.13938
171	-4.5e-002	0.	-4.5e-002	-2.4363e-002
172	-9.e-002	0.	-4.5e-002	-2.3508e-002
173	-0.135	0.	-4.5e-002	-2.3051e-002
174	-0.18	0.	-4.5e-002	-1.9596e-002
175	-0.225	0.	-4.5e-002	-2.3439e-002
176	-0.27	0.	-4.5e-002	-2.379e-002
177	-0.315	0.	-4.5e-002	-2.3841e-002
178	-0.3375	0.	-4.5e-002	5.631e-002
179	-0.36	0.	-4.5e-002	0.13993
273	-0.3375	0.	-6.75e-002	1.0854e-002
274	-0.36	0.	-6.75e-002	5.7372e-002
275	-0.315	0.	-6.75e-002	-5.2555e-002
276	-0.27	0.	-6.75e-002	-7.4745e-002
277	-0.225	0.	-6.75e-002	-7.8934e-002
278	-0.18	0.	-6.75e-002	-7.8008e-002
279	-0.135	0.	-6.75e-002	-7.8507e-002
280	-9.e-002	0.	-6.75e-002	-7.4079e-002
281	-4.5e-002	0.	-6.75e-002	-5.424e-002
282	-2.25e-002	0.	-6.75e-002	8.5641e-003
283	0.	0.	-6.75e-002	5.6272e-002
293	-0.36	0.	-5.625e-002	9.8651e-002
297	0.	0.	-5.625e-002	9.7825e-002
2362	-0.32625	0.	-5.625e-002	-2.3078e-003
2363	-0.3375	0.	-5.0625e-002	4.4946e-002
2364	-0.3375	0.	-6.1875e-002	2.2218e-002
2365	-0.34875	0.	-5.625e-002	6.6116e-002
2366	-0.2925	0.	-5.625e-002	-4.3733e-002
2367	-0.315	0.	-5.0625e-002	-3.1019e-002
2368	-0.315	0.	-6.1875e-002	-4.5376e-002
2369	-0.2475	0.	-5.625e-002	-5.0227e-002
2370	-0.27	0.	-5.0625e-002	-3.6529e-002
2371	-0.27	0.	-6.1875e-002	-6.2007e-002
2372	-0.2025	0.	-5.625e-002	-4.9994e-002
2373	-0.225	0.	-5.0625e-002	-3.7313e-002
2374	-0.225	0.	-6.1875e-002	-6.506e-002
2375	-0.1575	0.	-5.625e-002	-4.979e-002
2376	-0.18	0.	-5.0625e-002	-3.4199e-002
2377	-0.18	0.	-6.1875e-002	-6.3405e-002
2378	-0.1125	0.	-5.625e-002	-4.9786e-002
2379	-0.135	0.	-5.0625e-002	-3.6915e-002
2380	-0.135	0.	-6.1875e-002	-6.4643e-002
2381	-6.75e-002	0.	-5.625e-002	-4.4048e-002
2382	-9.e-002	0.	-5.0625e-002	-3.6151e-002
2383	-9.e-002	0.	-6.1875e-002	-6.1436e-002
2384	-3.375e-002	0.	-5.625e-002	-3.6239e-003
2385	-4.5e-002	0.	-5.0625e-002	-3.1832e-002
2386	-4.5e-002	0.	-6.1875e-002	-4.6771e-002
2387	-2.25e-002	0.	-5.0625e-002	4.3799e-002
2388	-2.25e-002	0.	-6.1875e-002	2.0309e-002
2389	-1.125e-002	0.	-5.625e-002	6.4939e-002
2390	-3.375e-002	0.	5.625e-002	-2.7419e-003
2391	-1.125e-002	0.	5.625e-002	6.5974e-002
2392	-2.25e-002	0.	6.1875e-002	2.1819e-002
2393	-2.25e-002	0.	5.0625e-002	4.4482e-002
2394	-6.75e-002	0.	5.625e-002	-4.3682e-002
2395	-4.5e-002	0.	6.1875e-002	-4.5967e-002
2396	-4.5e-002	0.	5.0625e-002	-3.1302e-002
2397	-0.1125	0.	5.625e-002	-4.9622e-002
2398	-9.e-002	0.	6.1875e-002	-6.1363e-002
2399	-9.e-002	0.	5.0625e-002	-3.6094e-002
2400	-0.1575	0.	5.625e-002	-4.9791e-002
2401	-0.135	0.	6.1875e-002	-6.4321e-002
2402	-0.135	0.	5.0625e-002	-3.6709e-002
2403	-0.2025	0.	5.625e-002	-5.0291e-002
2404	-0.18	0.	6.1875e-002	-6.3738e-002
2405	-0.18	0.	5.0625e-002	-3.4397e-002
2406	-0.2475	0.	5.625e-002	-5.0042e-002
2407	-0.225	0.	6.1875e-002	-6.5479e-002
2408	-0.225	0.	5.0625e-002	-3.7549e-002
2409	-0.2925	0.	5.625e-002	-4.3482e-002
2410	-0.27	0.	6.1875e-002	-6.1103e-002
2411	-0.27	0.	5.0625e-002	-3.6038e-002
2412	-0.32625	0.	5.625e-002	-3.4378e-003
2413	-0.315	0.	6.1875e-002	-4.577e-002
2414	-0.315	0.	5.0625e-002	-3.1018e-002
2415	-0.3375	0.	6.1875e-002	2.0183e-002
2416	-0.34875	0.	5.625e-002	6.3719e-002
2417	-0.3375	0.	5.0625e-002	4.2853e-002
2418	0.	0.	6.1875e-002	7.8612e-002
2419	0.	0.	5.0625e-002	0.11898
2422	-1.125e-002	0.	6.75e-002	3.4457e-002
2428	-3.375e-002	0.	6.75e-002	-2.1406e-002
2434	-6.75e-002	0.	6.75e-002	-6.3649e-002
2439	-0.1125	0.	6.75e-002	-7.6063e-002
2445	-0.1575	0.	6.75e-002	-7.8268e-002
2452	-0.2025	0.	6.75e-002	-7.8926e-002
2458	-0.2475	0.	6.75e-002	-7.654e-002
2464	-0.2925	0.	6.75e-002	-6.339e-002
2468	-0.32625	0.	6.75e-002	-2.2149e-002
2476	-0.34875	0.	6.75e-002	3.2524e-002
2480	-0.36	0.	6.1875e-002	7.606e-002
2481	-0.36	0.	5.0625e-002	0.11578
2490	-0.34875	0.	4.5e-002	9.4913e-002
2497	-0.32625	0.	4.5e-002	1.5273e-002
2503	-0.2925	0.	4.5e-002	-2.3574e-002
2508	-0.2475	0.	4.5e-002	-2.3545e-002
2514	-0.2025	0.	4.5e-002	-2.1655e-002
2519	-0.1575	0.	4.5e-002	-2.1315e-002
2525	-0.1125	0.	4.5e-002	-2.3181e-002
2529	-6.75e-002	0.	4.5e-002	-2.3714e-002
2534	-3.375e-002	0.	4.5e-002	1.5922e-002
2539	-1.125e-002	0.	4.5e-002	9.7492e-002
2832	-1.125e-002	0.	-4.5e-002	9.7461e-002
2833	-3.375e-002	0.	-4.5e-002	1.559e-002
2837	0.	0.	-5.0625e-002	0.1186
2842	-6.75e-002	0.	-4.5e-002	-2.3936e-002
2845	-0.1125	0.	-4.5e-002	-2.3279e-002
2850	-0.1575	0.	-4.5e-002	-2.1323e-002
2853	-0.2025	0.	-4.5e-002	-2.1517e-002
2858	-0.2475	0.	-4.5e-002	-2.3614e-002
2861	-0.2925	0.	-4.5e-002	-2.3815e-002
2867	-0.32625	0.	-4.5e-002	1.6235e-002
2871	-0.34875	0.	-4.5e-002	9.812e-002
2877	-0.36	0.	-5.0625e-002	0.11929
3475	-0.34875	0.	-6.75e-002	3.4113e-002
3476	-0.32625	0.	-6.75e-002	-2.085e-002
3482	-0.36	0.	-6.1875e-002	7.8011e-002
3487	-0.2925	0.	-6.75e-002	-6.365e-002
3491	-0.2475	0.	-6.75e-002	-7.684e-002
3496	-0.2025	0.	-6.75e-002	-7.8471e-002
3501	-0.1575	0.	-6.75e-002	-7.8257e-002
3506	-0.1125	0.	-6.75e-002	-7.6293e-002
3511	-6.75e-002	0.	-6.75e-002	-6.416e-002
3516	-3.375e-002	0.	-6.75e-002	-2.2838e-002
3521	-1.125e-002	0.	-6.75e-002	3.2418e-002
3525	0.	0.	-6.1875e-002	7.7048e-002
170	0.	0.	-4.5e-002	0.35249
179	-0.36	0.	-4.5e-002	0.36201
273	-0.3375	0.	-6.75e-002	-6.0882e-003
274	-0.36	0.	-6.75e-002	7.5442e-002
275	-0.315	0.	-6.75e-002	-4.9864e-002
276	-0.27	0.	-6.75e-002	-7.3057e-002
277	-0.225	0.	-6.75e-002	-8.1633e-002
278	-0.18	0.	-6.75e-002	-8.046e-002
279	-0.135	0.	-6.75e-002	-7.9437e-002
280	-9.e-002	0.	-6.75e-002	-7.3487e-002
281	-4.5e-002	0.	-6.75e-002	-4.6524e-002
282	-2.25e-002	0.	-6.75e-002	-1.6064e-002
283	0.	0.	-6.75e-002	5.1389e-002
293	-0.36	0.	-5.625e-002	0.22413
297	0.	0.	-5.625e-002	0.22491
364	1.	0.	-9.7045e-002	7.3772e-004
365	1.	0.	-0.19409	6.6004e-004
366	1.	0.	-0.29114	5.8601e-004
367	1.	0.	-0.38818	5.2282e-004
368	1.	0.	-0.48523	3.9232e-004
369	1.	0.	-0.58227	3.2329e-004
370	1.	0.	-0.67932	2.5093e-004
371	1.	0.	-0.77636	1.6647e-004
372	1.	0.	-0.87341	1.0481e-004
373	1.	0.	-0.97045	5.1322e-005
384	0.90167	0.	-1.0675	2.7995e-005
385	0.80333	0.	-1.0675	2.8487e-005
386	0.705	0.	-1.0675	2.4742e-005
387	0.60667	0.	-1.0675	2.3634e-005
388	0.50833	0.	-1.0675	1.3366e-005
389	0.41	0.	-1.0675	1.1653e-005
390	0.31167	0.	-1.0675	6.474e-006
391	0.21333	0.	-1.0675	-1.2121e-005
392	0.115	0.	-1.0675	-2.5272e-005
393	1.6667e-002	0.	-1.0675	-3.142e-005
394	-8.1667e-002	0.	-1.0675	-6.1846e-005
395	-0.18	0.	-1.0675	-6.4474e-005
396	-0.27833	0.	-1.0675	-4.5829e-005
397	-0.37667	0.	-1.0675	-4.7879e-005
398	-0.475	0.	-1.0675	-2.6679e-005
399	-0.57333	0.	-1.0675	-1.5967e-005
400	-0.67167	0.	-1.0675	4.0644e-006
401	-0.77	0.	-1.0675	1.8928e-005
402	-0.86833	0.	-1.0675	2.2568e-005
403	-0.96667	0.	-1.0675	2.8743e-005
404	-1.065	0.	-1.0675	3.6917e-005
405	-1.1633	0.	-1.0675	2.6112e-005
406	-1.2617	0.	-1.0675	2.2351e-005
412	-1.36	0.	-0.97045	4.1263e-005
413	-1.36	0.	-0.87341	1.1145e-004
414	-1.36	0.	-0.77636	1.7813e-004
415	-1.36	0.	-0.67932	2.3519e-004
416	-1.36	0.	-0.58227	3.2052e-004
417	-1.36	0.	-0.48523	4.3365e-004
418	-1.36	0.	-0.38818	4.9837e-004
419	-1.36	0.	-0.29114	5.9463e-004
420	-1.36	0.	-0.19409	6.7704e-004
421	-1.36	0.	-9.7045e-002	7.1421e-004
427	0.1	0.	0.	7.8592e-002
428	0.2	0.	0.	1.9842e-002
429	0.3	0.	0.	6.5345e-003
430	0.4	0.	0.	4.3782e-003
431	0.5	0.	0.	2.7541e-003
432	0.6	0.	0.	1.8576e-003
433	0.7	0.	0.	1.2719e-003
434	0.8	0.	0.	9.2447e-004
435	0.9	0.	0.	7.8563e-004
436	-1.26	0.	0.	7.6526e-004
437	-1.16	0.	0.	9.286e-004
438	-1.06	0.	0.	1.3407e-003
439	-0.96	0.	0.	1.7495e-003
440	-0.86	0.	0.	2.7529e-003
441	-0.76	0.	0.	5.237e-003
442	-0.66	0.	0.	9.3115e-003
443	-0.56	0.	0.	1.8459e-002
444	-0.46	0.	0.	8.2151e-002
541	0.	0.	0.	0.40995
542	-0.36	0.	0.	0.39116
547	1.	0.	-1.0675	2.1608e-005
548	1.	0.	0.	7.299e-004
549	-1.36	0.	-1.0675	1.8926e-005
550	-1.36	0.	0.	7.3008e-004
719	0.12084	0.	-0.39916	4.2325e-005
720	-0.53584	0.	-0.73895	-1.0619e-004
721	-0.48829	0.	-0.41184	2.3139e-004
722	0.56722	0.	-0.47516	6.8682e-004
723	-0.22722	0.	-0.58359	-1.3173e-003
724	-0.40011	0.	-0.23814	-2.2587e-004
725	5.2816e-002	0.	-0.24501	2.0162e-003
726	-0.96984	0.	-0.6232	3.4809e-004
727	0.22166	0.	-0.75064	-1.4864e-005
728	-0.17539	0.	-0.2295	-1.7866e-002
729	-0.71389	0.	-0.50527	6.8177e-004
730	-0.14858	0.	-0.80692	-4.3399e-004
731	-0.20285	0.	-0.38887	-4.3974e-003
732	-1.0209	0.	-0.29113	9.8613e-004
733	-7.4281e-003	0.	-0.66522	-6.2736e-004
734	0.6162	0.	-0.77386	1.8301e-004
735	0.20259	0.	-0.26722	4.1388e-003
736	-9.5892e-002	0.	-0.11094	-5.3431e-002
737	-0.22046	0.	-0.1844	-2.8058e-002
738	0.2566	0.	-0.45088	7.4574e-004
739	-0.70017	0.	-0.16064	4.7128e-003
740	-0.11513	0.	-0.3578	-5.1637e-003
741	0.581	0.	-0.31937	1.1859e-003
742	-0.37731	0.	-0.12306	2.1805e-002
743	3.463e-002	0.	-0.17861	5.9213e-003
744	-4.8056e-002	0.	-0.54898	-1.3908e-003
745	-0.9345	0.	-0.79781	1.4741e-004
746	-0.38627	0.	-0.79214	-2.5012e-004
747	-1.2217	0.	-0.82118	1.4897e-004
748	0.45856	0.	-0.29053	1.8576e-003
749	-0.44921	0.	-0.50662	-4.7351e-004
750	0.71145	0.	-0.53862	4.5564e-004
751	-0.10814	0.	-0.21092	-1.8526e-002
752	-0.33513	0.	-0.2926	-4.2492e-003
753	0.33684	0.	-0.6559	1.8419e-004
754	0.37021	0.	-0.80615	7.9984e-005
755	0.12951	0.	-0.51961	-5.6517e-005
756	-4.3571e-002	0.	-0.76478	-4.0171e-004
757	0.78069	0.	-0.2298	8.0265e-004
758	-0.32941	0.	-0.46102	-2.0754e-003
759	-1.1398	0.	-0.55854	3.8049e-004
760	-0.673	0.	-0.94345	1.2773e-005
761	-0.57984	0.	-0.25481	4.2765e-003
762	-0.69593	0.	-0.33684	1.8486e-003
763	-0.84495	0.	-0.23664	2.1589e-003
764	-0.85041	0.	-0.39744	1.0599e-003
765	0.86794	0.	-0.76356	1.8941e-004
766	0.3013	0.	-0.13361	7.9001e-003
767	0.18163	0.	-0.16503	1.1352e-002
768	0.1222	0.	-0.10009	2.784e-002
769	6.5023e-002	0.	-0.1083	4.1035e-002
770	-2.0589e-004	0.	-0.3707	-2.2038e-003
771	-0.15136	0.	-0.14604	-4.9954e-002
772	-0.38032	0.	-0.94011	-1.0599e-004
773	2.7642e-003	0.	-0.11997	1.0238e-002
774	0.153	0.	-0.91719	-4.697e-005
775	-0.31931	0.	-0.67989	-7.0868e-004
776	-1.2086	0.	-0.25347	7.2338e-004
777	-0.76216	0.	-0.79286	1.3121e-004
778	-5.0354e-002	0.	-0.30039	-6.2948e-003
779	-7.4385e-002	0.	-0.44767	-2.548e-003
780	-0.49867	0.	-0.1	2.7347e-002
781	-0.43311	0.	-9.5367e-002	4.7669e-002
782	0.47549	0.	-0.71641	2.0752e-004
783	-0.25786	0.	-0.25384	-1.2468e-002
784	-0.96254	0.	-0.94408	5.1071e-005
785	0.4088	0.	-0.46989	7.9817e-004
786	-0.19438	0.	-0.6925	-6.7654e-004
787	-0.58889	0.	-0.45305	5.1774e-004
788	0.5342	0.	-0.15377	2.2427e-003
789	-0.57556	0.	-0.5787	6.4014e-005
790	-0.51172	0.	-0.90778	-7.231e-005
791	0.8133	0.	-0.92217	8.2973e-005
792	-1.0852	0.	-0.72303	2.5621e-004
793	0.86436	0.	-0.45022	4.6978e-004
794	0.31751	0.	-0.2597	2.9222e-003
795	0.42107	0.	-0.96442	3.037e-005
796	-0.19082	0.	-0.30361	-9.2032e-003
797	-0.81989	0.	-0.92377	6.5176e-005
798	-0.26648	0.	-0.34039	-6.254e-003
799	-1.0031	0.	-0.47818	6.2768e-004
800	-3.7823e-002	0.	-0.18681	-9.3955e-003
801	3.0333e-003	0.	-0.9644	-9.9246e-005
802	-0.32495	0.	-0.22905	-7.8003e-003
803	0.59021	0.	-0.63554	3.6815e-004
804	-0.95626	0.	-0.11541	1.6586e-003
805	-0.44182	0.	-0.64157	-3.9385e-004
806	2.7917e-002	0.	-0.47491	-1.1061e-003
807	-0.38546	0.	-7.3853e-002	0.10022
808	-1.1538	0.	-0.40523	5.9233e-004
809	0.65179	0.	-0.92618	6.713e-005
810	-0.31933	0.	-0.10917	-2.2122e-002
811	-0.14517	0.	-0.51471	-2.1899e-003
812	-0.83889	0.	-0.55748	5.0342e-004
813	6.9545e-002	0.	-0.77866	-2.1718e-004
814	0.11238	0.	-0.63694	-3.6502e-004
815	0.45093	0.	-0.58156	4.2985e-004
816	-0.33039	0.	-0.56287	-1.1755e-003
817	2.3482e-002	0.	-7.4232e-002	7.7949e-002
818	0.67064	0.	-0.22308	1.2485e-003
819	-0.51934	0.	-0.19214	9.5351e-003
820	-0.12122	0.	-0.62074	-1.1042e-003
821	-0.33635	0.	-0.37537	-3.1733e-003
822	0.28412	0.	-0.93259	4.0801e-006
823	0.72762	0.	-0.36695	7.2524e-004
824	0.23051	0.	-0.58262	1.5353e-004
825	-0.58197	0.	-0.14275	1.0212e-002
826	-1.2388	0.	-0.68432	2.5426e-004
827	0.8788	0.	-0.59707	3.1404e-004
828	-0.25198	0.	-0.12462	-4.8771e-002
829	-0.23352	0.	-0.48123	-2.694e-003
830	0.87118	0.	-0.13806	7.7732e-004
831	-0.14899	0.	-0.94249	-1.808e-004
832	-0.70048	0.	-0.66574	1.8844e-004
833	-0.42776	0.	-0.3276	-3.0955e-004
834	7.7917e-002	0.	-0.3175	2.1431e-004
835	-0.11758	0.	-0.27341	-9.9067e-003
836	-4.9221e-002	0.	-0.13068	-2.4025e-002
837	0.40384	0.	-0.18356	3.2968e-003
838	-2.3443e-002	0.	-9.3479e-002	-1.6335e-002
839	-1.2407	0.	-0.11473	7.6223e-004
840	-0.8203	0.	-0.10958	3.6813e-003
841	-0.26569	0.	-0.86802	-2.2995e-004
842	0.52924	0.	-0.85448	1.0354e-004
843	0.33673	0.	-0.54817	4.3642e-004
844	-0.10303	0.	-0.71003	-6.0169e-004
845	0.72309	0.	-0.68838	2.5642e-004
846	-0.3567	0.	-0.1756	-2.4564e-003
847	3.8375e-002	0.	-0.57913	-7.0776e-004
848	-0.83966	0.	-0.68032	2.4989e-004
849	0.12727	0.	-0.25069	4.7341e-003
850	-1.1022	0.	-0.8974	9.881e-005
851	-1.234	0.	-0.95194	5.3303e-005
852	0.89202	0.	-0.30383	6.257e-004
853	-0.28085	0.	-0.18441	-1.8587e-002
854	-0.43763	0.	-0.16975	1.1706e-002
855	-1.1045	0.	-0.13858	1.0211e-003
856	1.1756e-002	0.	-0.2975	-1.9377e-003
857	0.15192	0.	-0.32221	1.9962e-003
858	-8.8163e-002	0.	-0.1581	-2.8511e-002
859	-0.20507	0.	-0.1284	-5.4217e-002
860	0.40763	0.	-8.0204e-002	4.0752e-003
861	-0.24915	0.	-0.76865	-4.361e-004
862	-0.27372	0.	-0.40938	-3.5469e-003
863	0.93302	0.	-0.85944	1.1315e-004
864	0.54342	0.	-0.97602	3.3923e-005
865	0.22792	0.	-0.34915	1.9984e-003
866	-9.4562e-003	0.	-0.24274	-4.3625e-003
867	-0.15175	0.	-0.4343	-3.5996e-003
868	-0.47918	0.	-0.25049	3.7211e-003
869	-0.57323	0.	-0.35298	1.6301e-003
870	0.36904	0.	-0.37435	1.4265e-003
871	-0.40236	0.	-0.41894	-1.0184e-003
872	-0.26701	0.	-0.96681	-8.8835e-005
873	0.72738	0.	-0.82214	1.5061e-004
874	0.48098	0.	-0.38753	1.1816e-003
875	-1.2696	0.	-0.36257	5.4856e-004
876	-0.63736	0.	-0.80661	1.6075e-005
877	0.64937	0.	-9.8782e-002	1.4508e-003
878	0.74202	0.	-0.11706	1.0758e-003
879	9.2897e-002	0.	-0.17719	1.4092e-002
880	-6.8116e-002	0.	-0.86743	-2.5278e-004
881	-6.4244e-002	0.	-0.24178	-9.5646e-003
882	-0.35945	0.	-8.9957e-002	2.759e-002
883	-1.2692	0.	-0.49692	3.9545e-004
884	-6.1607e-002	0.	-9.5813e-002	-4.7757e-002
1374	-0.39722	0.	-2.717e-002	0.2242
1375	-0.41494	0.	-4.5322e-002	0.10454
1376	-0.37764	0.	-5.4279e-002	0.20031
1380	1.5343e-002	0.	-5.5175e-002	0.19764
1381	5.3237e-002	0.	-4.7438e-002	0.10533
1382	3.734e-002	0.	-2.7836e-002	0.21915
2837	0.	0.	-5.0625e-002	0.2887
2838	0.	0.	-2.25e-002	0.38122
2839	7.6716e-003	0.	-5.0087e-002	0.27506
2840	1.867e-002	0.	-3.6418e-002	0.28582
2877	-0.36	0.	-5.0625e-002	0.29307
2878	-0.36	0.	-2.25e-002	0.37659
2879	-0.37861	0.	-3.6085e-002	0.2931
2880	-0.36882	0.	-4.964e-002	0.28116
3475	-0.34875	0.	-6.75e-002	3.4677e-002
3476	-0.32625	0.	-6.75e-002	-2.7976e-002
3477	-0.32841	0.	-8.8333e-002	-1.4105e-002
3478	-0.34848	0.	-7.8729e-002	1.0751e-002
3482	-0.36	0.	-6.1875e-002	0.14978
3483	-0.37273	0.	-7.0676e-002	8.7829e-002
3484	-0.35973	0.	-7.8729e-002	5.1516e-002
3485	-0.36882	0.	-6.089e-002	0.13788
3487	-0.2925	0.	-6.75e-002	-6.146e-002
3488	-0.31716	0.	-8.8333e-002	-3.5993e-002
3491	-0.2475	0.	-6.75e-002	-7.7345e-002
3492	-0.29466	0.	-8.8333e-002	-4.7589e-002
3493	-0.26099	0.	-9.6062e-002	-6.0914e-002
3496	-0.2025	0.	-6.75e-002	-8.1046e-002
3497	-0.23849	0.	-9.6062e-002	-6.5202e-002
3498	-0.21504	0.	-9.795e-002	-6.7925e-002
3501	-0.1575	0.	-6.75e-002	-7.9948e-002
3502	-0.16568	0.	-0.10677	-6.5207e-002
3503	-0.19254	0.	-9.795e-002	-6.7339e-002
3506	-0.1125	0.	-6.75e-002	-7.6462e-002
3507	-0.11545	0.	-8.9219e-002	-6.6434e-002
3508	-0.14318	0.	-0.10677	-6.4695e-002
3511	-6.75e-002	0.	-6.75e-002	-6.0005e-002
3512	-9.2946e-002	0.	-8.9219e-002	-6.3459e-002
3513	-7.5803e-002	0.	-8.1657e-002	-6.0622e-002
3516	-3.375e-002	0.	-6.75e-002	-3.1294e-002
3517	-3.4222e-002	0.	-8.0489e-002	-3.143e-002
3518	-5.3303e-002	0.	-8.1657e-002	-4.7141e-002
3521	-1.125e-002	0.	-6.75e-002	1.7663e-002
3522	-2.2972e-002	0.	-8.0489e-002	-1.6199e-002
3525	0.	0.	-6.1875e-002	0.13815
3526	1.3821e-003	0.	-9.3735e-002	3.0813e-002
3527	1.1741e-002	0.	-7.0866e-002	6.4669e-002
3528	-1.1722e-002	0.	-8.0489e-002	1.7527e-002
3529	7.6716e-003	0.	-6.1337e-002	0.12451
3600	-0.36882	0.	-5.5265e-002	0.21222
3611	7.6716e-003	0.	-5.5712e-002	0.21127
4046	1.	0.	-0.14557	6.9888e-004
4048	0.95	0.	-4.8523e-002	7.6168e-004
4049	1.	0.	-4.8523e-002	7.3381e-004
4050	0.93559	0.	-0.11755	7.5752e-004
4053	1.	0.	-0.24261	6.2303e-004
4054	0.93559	0.	-0.16608	7.1868e-004
4055	0.94601	0.	-0.24896	6.4287e-004
4059	1.	0.	-0.33966	5.5441e-004
4060	0.94601	0.	-0.29748	6.0585e-004
4062	1.	0.	-0.4367	4.5757e-004
4063	0.93218	0.	-0.4192	4.963e-004
4064	0.94601	0.	-0.34601	5.7426e-004
4068	1.	0.	-0.53375	3.578e-004
4069	0.93218	0.	-0.46772	4.3105e-004
4070	0.9394	0.	-0.54115	3.5318e-004
4074	1.	0.	-0.6308	2.8711e-004
4075	0.9394	0.	-0.58967	3.1867e-004
4077	1.	0.	-0.72784	2.087e-004
4078	0.93397	0.	-0.72144	2.2017e-004
4079	0.9394	0.	-0.6382	2.8249e-004
4082	1.	0.	-0.82489	1.3564e-004
4083	0.93397	0.	-0.76996	1.7794e-004
4084	0.96651	0.	-0.8179	1.3981e-004
4087	1.	0.	-0.92193	7.8065e-005
4088	0.96651	0.	-0.86643	1.0898e-004
4092	0.95083	0.	-1.019	3.9658e-005
4093	1.	0.	-1.019	3.6465e-005
4094	0.90665	0.	-0.94631	6.7147e-005
4095	0.96651	0.	-0.91495	8.2238e-005
4162	0.8525	0.	-1.0675	2.8241e-005
4163	0.95083	0.	-1.0675	2.4802e-005
4164	0.85748	0.	-0.99484	5.5484e-005
4167	0.75417	0.	-1.0675	2.6614e-005
4168	0.80832	0.	-0.99484	5.573e-005
4172	0.65583	0.	-1.0675	2.4188e-005
4173	0.75915	0.	-0.99484	5.3857e-005
4174	0.6784	0.	-0.99684	4.5936e-005
4176	0.5575	0.	-1.0675	1.85e-005
4177	0.62923	0.	-0.99684	4.5382e-005
4178	0.57504	0.	-1.0218	2.8779e-005
4181	0.45917	0.	-1.0675	1.2509e-005
4182	0.4647	0.	-1.016	2.1868e-005
4183	0.52588	0.	-1.0218	2.3645e-005
4186	0.36083	0.	-1.0675	9.0634e-006
4187	0.41554	0.	-1.016	2.1011e-005
4189	0.2625	0.	-1.0675	-2.8235e-006
4190	0.36637	0.	-1.016	1.8422e-005
4191	0.29789	0.	-1.	5.277e-006
4196	0.16417	0.	-1.0675	-1.8696e-005
4197	0.18317	0.	-0.99235	-2.9546e-005
4198	0.24873	0.	-1.	-4.0204e-006
4202	6.5833e-002	0.	-1.0675	-2.8346e-005
4203	0.134	0.	-0.99235	-3.6121e-005
4204	5.9017e-002	0.	-1.0159	-6.2259e-005
4206	-3.25e-002	0.	-1.0675	-4.6633e-005
4207	9.85e-003	0.	-1.0159	-6.5333e-005
4210	-0.13083	0.	-1.0675	-6.316e-005
4211	-3.9317e-002	0.	-1.0159	-8.0546e-005
4212	-0.11533	0.	-1.005	-1.2132e-004
4216	-0.22917	0.	-1.0675	-5.5151e-005
4217	-0.1645	0.	-1.005	-1.2264e-004
4218	-0.2235	0.	-1.0172	-7.6654e-005
4221	-0.3275	0.	-1.0675	-4.6854e-005
4222	-0.27267	0.	-1.0172	-6.7332e-005
4226	-0.42583	0.	-1.0675	-3.7279e-005
4227	-0.37849	0.	-1.0038	-7.6934e-005
4228	-0.32184	0.	-1.0172	-6.8357e-005
4232	-0.52417	0.	-1.0675	-2.1323e-005
4233	-0.42766	0.	-1.0038	-6.6334e-005
4234	-0.49336	0.	-0.98764	-4.9494e-005
4236	-0.6225	0.	-1.0675	-5.9513e-006
4237	-0.62317	0.	-1.0055	-1.5968e-006
4238	-0.54253	0.	-0.98764	-4.4138e-005
4242	-0.72083	0.	-1.0675	1.1496e-005
4243	-0.67233	0.	-1.0055	8.4189e-006
4246	-0.81917	0.	-1.0675	2.0748e-005
4247	-0.7215	0.	-1.0055	1.5851e-005
4248	-0.79494	0.	-0.99563	4.2052e-005
4252	-0.9175	0.	-1.0675	2.5655e-005
4253	-0.91544	0.	-1.0058	3.6819e-005
4254	-0.84411	0.	-0.99563	4.3872e-005
4256	-1.0158	0.	-1.0675	3.283e-005
4257	-0.9646	0.	-1.0058	3.9907e-005
4262	-1.1142	0.	-1.0675	3.1514e-005
4263	-1.0138	0.	-1.0058	4.3994e-005
4264	-1.0836	0.	-0.98245	6.7863e-005
4267	-1.2125	0.	-1.0675	2.4231e-005
4268	-1.1328	0.	-0.98245	6.2461e-005
4269	-1.1987	0.	-1.0097	3.9707e-005
4273	-1.3108	0.	-1.019	3.1807e-005
4274	-1.3108	0.	-1.0675	2.0638e-005
4275	-1.2479	0.	-1.0097	3.7827e-005
4307	-1.36	0.	-0.92193	7.6358e-005
4308	-1.36	0.	-1.019	3.0095e-005
4309	-1.297	0.	-0.9612	4.7283e-005
4311	-1.36	0.	-0.82489	1.4479e-004
4312	-1.2909	0.	-0.84729	1.3021e-004
4313	-1.297	0.	-0.91267	8.2378e-005
4317	-1.36	0.	-0.72784	2.0666e-004
4318	-1.2909	0.	-0.79877	1.6355e-004
4319	-1.2994	0.	-0.73034	2.1619e-004
4321	-1.36	0.	-0.6308	2.7786e-004
4322	-1.2994	0.	-0.68182	2.4472e-004
4325	-1.36	0.	-0.53375	3.7709e-004
4326	-1.2994	0.	-0.63329	2.8739e-004
4327	-1.3146	0.	-0.53959	3.5799e-004
4330	-1.36	0.	-0.4367	4.6601e-004
4331	-1.3146	0.	-0.49107	4.1455e-004
4335	-1.36	0.	-0.33966	5.465e-004
4336	-1.3148	0.	-0.37537	5.2346e-004
4337	-1.3146	0.	-0.44255	4.4691e-004
4340	-1.36	0.	-0.24261	6.3584e-004
4341	-1.2843	0.	-0.2723	6.59e-004
4342	-1.3148	0.	-0.32685	5.716e-004
4346	-1.36	0.	-0.14557	6.9562e-004
4347	-1.2843	0.	-0.22378	7.0021e-004
4348	-1.3003	0.	-0.15441	7.1963e-004
4351	-1.31	0.	-4.8523e-002	7.3973e-004
4352	-1.36	0.	-4.8523e-002	7.2214e-004
4353	-1.3003	0.	-0.10589	7.3822e-004
4395	0.15	0.	0.	4.9217e-002
4396	5.e-002	0.	0.	0.24427
4398	0.1111	0.	-5.0043e-002	5.3216e-002
4404	7.6618e-002	0.	-2.3719e-002	9.1962e-002
4405	6.867e-002	0.	-1.3918e-002	0.14887
4412	0.25	0.	0.	1.3188e-002
4415	0.25065	0.	-6.6806e-002	1.3871e-002
4416	0.19081	0.	-8.2515e-002	1.5597e-002
4417	0.1611	0.	-5.0043e-002	2.3841e-002
4423	0.35	0.	0.	5.4564e-003
4426	0.30065	0.	-6.6806e-002	7.2173e-003
4427	0.35382	0.	-4.0102e-002	5.3048e-003
4433	0.45	0.	0.	3.5662e-003
4435	0.40382	0.	-4.0102e-002	4.2267e-003
4439	0.55	0.	0.	2.3059e-003
4442	0.5171	0.	-7.6886e-002	2.4984e-003
4443	0.45382	0.	-4.0102e-002	3.4146e-003
4448	0.65	0.	0.	1.5647e-003
4451	0.5671	0.	-7.6886e-002	2.0501e-003
4452	0.62469	0.	-4.9391e-002	1.6542e-003
4458	0.75	0.	0.	1.0982e-003
4461	0.67469	0.	-4.9391e-002	1.3613e-003
4462	0.72101	0.	-5.8529e-002	1.1738e-003
4464	0.85	0.	0.	8.5505e-004
4467	0.83559	0.	-6.9031e-002	8.5089e-004
4468	0.77101	0.	-5.8529e-002	1.0001e-003
4475	0.95	0.	0.	7.5776e-004
4477	0.88559	0.	-6.9031e-002	7.8147e-004
4482	-1.21	0.	0.	8.4693e-004
4484	-1.31	0.	0.	7.4767e-004
4486	-1.2503	0.	-5.7367e-002	7.6374e-004
4488	-1.11	0.	0.	1.1347e-003
4491	-1.2003	0.	-5.7367e-002	8.4542e-004
4492	-1.1322	0.	-6.929e-002	9.7483e-004
4499	-1.01	0.	0.	1.5451e-003
4502	-1.0081	0.	-5.7705e-002	1.4997e-003
4503	-1.0822	0.	-6.929e-002	1.1809e-003
4506	-0.91	0.	0.	2.2512e-003
4509	-0.95813	0.	-5.7705e-002	1.704e-003
4514	-0.81	0.	0.	3.9949e-003
4518	-0.90813	0.	-5.7705e-002	2.2057e-003
4519	-0.84015	0.	-5.4788e-002	3.2171e-003
4525	-0.71	0.	0.	7.2742e-003
4527	-0.73008	0.	-8.0319e-002	4.9749e-003
4528	-0.79015	0.	-5.4788e-002	4.4592e-003
4532	-0.61	0.	0.	1.3885e-002
4535	-0.68008	0.	-8.0319e-002	7.0121e-003
4536	-0.62098	0.	-7.1376e-002	9.7619e-003
4543	-0.51	0.	0.	5.0305e-002
4546	-0.52934	0.	-5.0001e-002	2.2903e-002
4547	-0.57098	0.	-7.1376e-002	1.4335e-002
4553	-0.41	0.	0.	0.23666
4555	-0.47934	0.	-5.0001e-002	5.4749e-002
4558	-0.42861	0.	-1.3585e-002	0.15317
4559	-0.43747	0.	-2.2661e-002	9.3348e-002
5069	1.867e-002	0.	-1.3918e-002	0.31455
5078	-0.37861	0.	-1.3585e-002	0.30768
6094	0.18872	0.	-0.42502	3.9403e-004
6095	0.12517	0.	-0.45938	-7.0962e-006
6096	6.0317e-002	0.	-0.38493	-1.0807e-003
6097	7.4379e-002	0.	-0.43703	-5.3187e-004
6098	9.9379e-002	0.	-0.35833	1.2832e-004
6099	0.13638	0.	-0.36068	1.0193e-003
6100	0.17438	0.	-0.37415	1.0203e-003
6104	-0.46105	0.	-0.76554	-1.7815e-004
6105	-0.5557	0.	-0.65883	-2.1086e-005
6106	-0.52378	0.	-0.82336	-8.9248e-005
6107	-0.48883	0.	-0.69026	-2.5002e-004
6108	-0.61816	0.	-0.70235	4.1125e-005
6109	-0.5866	0.	-0.77278	-4.5056e-005
6112	-0.46875	0.	-0.45923	-1.2106e-004
6113	-0.53859	0.	-0.43244	3.7456e-004
6114	-0.45802	0.	-0.36972	-3.9082e-005
6115	-0.53076	0.	-0.38241	9.3072e-004
6116	-0.44532	0.	-0.41539	-3.9352e-004
6121	0.57411	0.	-0.39726	9.3635e-004
6122	0.63934	0.	-0.50689	5.7123e-004
6123	0.48801	0.	-0.47252	7.425e-004
6124	0.57872	0.	-0.55535	5.2749e-004
6125	0.50908	0.	-0.52836	5.5834e-004
6126	0.64742	0.	-0.42105	7.0603e-004
6127	0.5241	0.	-0.43134	9.3422e-004
6131	-0.27327	0.	-0.63174	-1.013e-003
6132	-0.2108	0.	-0.63804	-9.9694e-004
6133	-0.18619	0.	-0.54915	-1.7536e-003
6134	-0.27881	0.	-0.57323	-1.2464e-003
6135	-0.17422	0.	-0.60216	-1.2108e-003
6136	-0.23037	0.	-0.53241	-2.0057e-003
6142	-0.36762	0.	-0.26537	-2.2376e-003
6143	-0.36253	0.	-0.2336	-4.0131e-003
6144	-0.41393	0.	-0.28287	-2.6771e-004
6145	-0.3784	0.	-0.20687	-1.3411e-003
6146	-0.41887	0.	-0.20395	5.7403e-003
6147	-0.43964	0.	-0.24431	1.7476e-003
6151	4.3723e-002	0.	-0.21181	3.9687e-003
6152	6.5366e-002	0.	-0.28126	1.1153e-003
6153	9.0042e-002	0.	-0.24785	3.3752e-003
6154	3.2286e-002	0.	-0.27125	3.925e-005
6155	2.168e-002	0.	-0.24388	-1.1731e-003
6156	7.2856e-002	0.	-0.2111	8.0542e-003
6160	-0.95217	0.	-0.7105	2.4775e-004
6161	-1.0548	0.	-0.59087	3.6429e-004
6162	-1.0275	0.	-0.67312	3.0215e-004
6163	-0.98648	0.	-0.55069	4.8789e-004
6164	-0.90437	0.	-0.59034	4.2575e-004
6165	-0.90475	0.	-0.65176	2.9899e-004
6169	0.27925	0.	-0.70327	8.4664e-005
6170	0.29594	0.	-0.77839	3.256e-005
6171	0.18733	0.	-0.83391	-3.0917e-005
6172	0.1456	0.	-0.76465	-1.1602e-004
6173	0.16702	0.	-0.69379	-1.8994e-004
6174	0.25289	0.	-0.84161	-5.3919e-006
6175	0.22609	0.	-0.66663	6.9336e-005
6178	-0.19793	0.	-0.20695	-2.2962e-002
6179	-0.14177	0.	-0.22021	-1.8196e-002
6180	-0.16338	0.	-0.18777	-3.391e-002
6181	-0.21663	0.	-0.24167	-1.5167e-002
6182	-0.18311	0.	-0.26656	-1.3535e-002
6183	-0.14648	0.	-0.25146	-1.3887e-002
6187	-0.70491	0.	-0.42105	1.2652e-003
6188	-0.78215	0.	-0.45135	8.7083e-004
6189	-0.65139	0.	-0.47916	5.9976e-004
6190	-0.64472	0.	-0.54198	3.7289e-004
6191	-0.77639	0.	-0.53137	5.926e-004
6192	-0.70718	0.	-0.5855	4.3511e-004
6197	-9.6076e-002	0.	-0.78585	-4.1785e-004
6198	-0.17148	0.	-0.74971	-5.5526e-004
6199	-0.14879	0.	-0.8747	-3.074e-004
6200	-0.20714	0.	-0.83747	-3.3197e-004
6201	-0.12581	0.	-0.75847	-5.1784e-004
6202	-0.19886	0.	-0.78778	-4.3504e-004
6203	-0.10835	0.	-0.83717	-3.4339e-004
6207	-0.15899	0.	-0.37334	-4.7806e-003
6208	-0.19684	0.	-0.34624	-6.8003e-003
6209	-0.23466	0.	-0.36463	-5.3257e-003
6210	-0.21818	0.	-0.43505	-3.5457e-003
6211	-0.23829	0.	-0.39913	-3.9721e-003
6212	-0.1773	0.	-0.41159	-3.9985e-003
6216	-0.93292	0.	-0.26388	1.5725e-003
6217	-0.93565	0.	-0.34428	1.023e-003
6218	-1.1148	0.	-0.2723	8.5475e-004
6219	-1.012	0.	-0.38466	8.069e-004
6220	-0.98857	0.	-0.20327	1.3224e-003
6221	-1.0873	0.	-0.34818	7.8923e-004
6222	-1.0627	0.	-0.21485	1.0036e-003
6226	-2.7742e-002	0.	-0.6071	-1.0091e-003
6227	-2.55e-002	0.	-0.715	-5.1453e-004
6228	3.1059e-002	0.	-0.72194	-4.2227e-004
6229	5.2478e-002	0.	-0.65108	-4.9619e-004
6230	-6.4322e-002	0.	-0.64298	-8.658e-004
6231	-5.5231e-002	0.	-0.68762	-6.1452e-004
6232	1.5474e-002	0.	-0.62218	-6.6756e-004
6237	0.54584	0.	-0.74513	1.9527e-004
6238	0.6032	0.	-0.7047	2.7558e-004
6239	0.63399	0.	-0.85002	1.2507e-004
6240	0.57272	0.	-0.81417	1.4328e-004
6241	0.66964	0.	-0.73112	2.1972e-004
6242	0.67179	0.	-0.798	1.6681e-004
6248	0.25194	0.	-0.20042	6.0194e-003
6249	0.19211	0.	-0.21613	7.7453e-003
6250	0.26005	0.	-0.26346	3.5305e-003
6251	0.16493	0.	-0.25896	4.4365e-003
6252	0.17726	0.	-0.29472	3.0675e-003
6253	0.21525	0.	-0.30818	3.0686e-003
6258	-0.12363	0.	-0.12849	-5.1693e-002
6259	-7.2556e-002	0.	-0.12081	-3.8728e-002
6260	-9.2027e-002	0.	-0.13452	-4.0971e-002
6261	-7.8749e-002	0.	-0.10338	-5.0594e-002
6265	-0.18591	0.	-0.16522	-3.9006e-002
6266	-0.23916	0.	-0.21912	-2.0263e-002
6267	-0.23622	0.	-0.15451	-3.8414e-002
6268	-0.25065	0.	-0.1844	-2.3323e-002
6269	-0.21277	0.	-0.1564	-4.1138e-002
6274	0.19305	0.	-0.48524	3.4461e-004
6275	0.3327	0.	-0.46038	7.7196e-004
6276	0.24355	0.	-0.51675	4.4964e-004
6277	0.29666	0.	-0.49952	5.9108e-004
6278	0.24226	0.	-0.40001	1.3721e-003
6279	0.31282	0.	-0.41261	1.0861e-003
6283	-0.64	0.	-0.20772	4.4947e-003
6284	-0.69805	0.	-0.24874	3.2807e-003
6285	-0.77256	0.	-0.19864	3.4358e-003
6286	-0.64107	0.	-0.15169	7.4625e-003
6287	-0.76024	0.	-0.13511	4.1971e-003
6292	-5.7669e-002	0.	-0.36425	-3.6838e-003
6293	-8.2743e-002	0.	-0.32909	-5.7293e-003
6294	-9.4758e-002	0.	-0.40273	-3.8559e-003
6295	-0.15298	0.	-0.3307	-7.1835e-003
6296	-0.11635	0.	-0.3156	-7.5352e-003
6297	-0.13344	0.	-0.39605	-4.3817e-003
6303	0.51978	0.	-0.30495	1.5217e-003
6304	0.5576	0.	-0.23657	1.7143e-003
6305	0.62582	0.	-0.27123	1.2172e-003
6306	0.65431	0.	-0.34316	9.5556e-004
6307	0.53099	0.	-0.35345	1.1838e-003
6311	-0.40521	0.	-0.10921	3.4737e-002
6312	-0.38139	0.	-9.8454e-002	6.101e-002
6313	-0.34832	0.	-0.11611	-1.5816e-004
6314	-0.36701	0.	-0.14933	9.6745e-003
6315	-0.40747	0.	-0.1464	1.6756e-002
6316	-0.36838	0.	-0.10651	2.4698e-002
6321	4.9827e-002	0.	-0.14346	2.3478e-002
6322	1.8697e-002	0.	-0.14929	8.0797e-003
6323	-1.5969e-003	0.	-0.18271	-1.7371e-003
6324	1.2587e-002	0.	-0.21068	7.7943e-004
6325	6.3763e-002	0.	-0.1779	1.0007e-002
6330	-6.122e-002	0.	-0.49833	-1.9694e-003
6331	-1.0069e-002	0.	-0.51194	-1.2485e-003
6332	-9.661e-002	0.	-0.53185	-1.7903e-003
6333	-8.4635e-002	0.	-0.58486	-1.2475e-003
6334	-4.8402e-003	0.	-0.56406	-1.0493e-003
6338	-0.84833	0.	-0.79533	1.3931e-004
6339	-0.94852	0.	-0.87095	9.9241e-005
6340	-1.0098	0.	-0.76042	2.0181e-004
6341	-0.87719	0.	-0.86079	1.0629e-004
6342	-0.88708	0.	-0.73907	1.9865e-004
6343	-1.0184	0.	-0.84761	1.2311e-004
6348	-0.38329	0.	-0.86612	-1.7805e-004
6349	-0.35279	0.	-0.73601	-4.794e-004
6350	-0.44899	0.	-0.84996	-1.6121e-004
6351	-0.41404	0.	-0.71686	-3.2198e-004
6352	-0.32598	0.	-0.83008	-2.4004e-004
6353	-0.31771	0.	-0.78039	-3.4311e-004
6357	-1.1534	0.	-0.77211	2.0259e-004
6358	-1.2302	0.	-0.75275	2.0161e-004
6359	-1.162	0.	-0.85929	1.2389e-004
6360	-1.2279	0.	-0.88656	1.0114e-004
6364	0.49638	0.	-0.22215	2.0502e-003
6365	0.38803	0.	-0.27512	2.3899e-003
6366	0.4312	0.	-0.23705	2.5772e-003
6367	0.4138	0.	-0.33244	1.6421e-003
6368	0.46977	0.	-0.33903	1.5196e-003
6371	-0.38931	0.	-0.48382	-1.2745e-003
6372	-0.51905	0.	-0.47983	2.2115e-005
6373	-0.51238	0.	-0.54266	-2.0475e-004
6374	-0.44551	0.	-0.5741	-4.3368e-004
6375	-0.3898	0.	-0.53475	-8.2449e-004
6376	-0.42578	0.	-0.46278	-7.4597e-004
6380	0.78791	0.	-0.49442	4.6271e-004
6381	0.65083	0.	-0.58708	4.1189e-004
6382	0.71954	0.	-0.45278	5.9044e-004
6383	0.79513	0.	-0.56785	3.8484e-004
6384	0.71727	0.	-0.6135	3.5603e-004
6391	-0.12975	0.	-0.17848	-3.424e-002
6392	-7.2984e-002	0.	-0.19887	-1.3961e-002
6393	-0.11286	0.	-0.24217	-1.4216e-002
6394	-9.8154e-002	0.	-0.18451	-2.3518e-002
6395	-8.6195e-002	0.	-0.22635	-1.4045e-002
6400	-0.2965	0.	-0.27322	-8.3588e-003
6401	-0.3008	0.	-0.3165	-5.2516e-003
6402	-0.33004	0.	-0.26083	-6.0248e-003
6403	-0.33574	0.	-0.33399	-3.7113e-003
6404	-0.38144	0.	-0.3101	-2.2794e-003
6409	0.35353	0.	-0.73102	1.3209e-004
6410	0.40616	0.	-0.68615	1.9585e-004
6411	0.39388	0.	-0.61873	3.0702e-004
6412	0.28367	0.	-0.61926	1.6886e-004
6413	0.33679	0.	-0.60203	3.1031e-004
6419	0.42285	0.	-0.76128	1.4375e-004
6420	0.39564	0.	-0.88528	5.5177e-005
6421	0.32717	0.	-0.86937	4.2032e-005
6422	0.44973	0.	-0.83031	9.1762e-005
6426	7.8713e-002	0.	-0.49726	-5.8129e-004
6427	0.12095	0.	-0.57828	-2.1077e-004
6428	0.18001	0.	-0.55112	4.8509e-005
6429	8.3942e-002	0.	-0.54937	-3.8214e-004
6434	1.2987e-002	0.	-0.77172	-3.0945e-004
6435	-7.3303e-002	0.	-0.73741	-5.017e-004
6436	-5.5843e-002	0.	-0.81611	-3.2724e-004
6438	0.72567	0.	-0.22644	1.0256e-003
6439	0.75416	0.	-0.29837	7.6395e-004
6440	0.82594	0.	-0.18393	7.8999e-004
6441	0.83636	0.	-0.26681	7.1418e-004
6442	0.76136	0.	-0.17343	9.3921e-004
6447	-0.3299	0.	-0.51194	-1.6254e-003
6448	-0.33288	0.	-0.41819	-2.6243e-003
6449	-0.28147	0.	-0.47112	-2.3847e-003
6450	-0.30157	0.	-0.4352	-2.8111e-003
6451	-0.36589	0.	-0.43998	-1.5469e-003
6456	-1.1125	0.	-0.64079	3.1835e-004
6457	-1.0715	0.	-0.51836	5.0409e-004
6458	-1.1468	0.	-0.48188	4.8641e-004
6459	-1.1893	0.	-0.62143	3.1737e-004
6460	-1.2045	0.	-0.52773	3.8797e-004
6465	-0.71758	0.	-0.86815	7.199e-005
6466	-0.59236	0.	-0.92561	-2.9768e-005
6467	-0.74644	0.	-0.93361	3.8975e-005
6468	-0.65518	0.	-0.87503	1.4424e-005
6474	-0.63788	0.	-0.29583	3.0625e-003
6475	-0.54959	0.	-0.22348	6.9058e-003
6476	-0.5809	0.	-0.19878	7.2444e-003
6477	-0.52951	0.	-0.25265	3.9988e-003
6478	-0.57653	0.	-0.3039	2.9533e-003
6484	-0.77044	0.	-0.28674	2.0037e-003
6485	-0.77317	0.	-0.36714	1.4542e-003
6486	-0.64241	0.	-0.39495	1.1832e-003
6487	-0.63458	0.	-0.34491	1.7393e-003
6491	-0.84768	0.	-0.31704	1.6094e-003
6492	-0.90061	0.	-0.17602	1.9087e-003
6493	-0.83263	0.	-0.17311	2.9201e-003
6497	-0.92677	0.	-0.43781	8.4378e-004
6498	-0.84465	0.	-0.47746	7.8165e-004
6504	0.84062	0.	-0.84286	1.3619e-004
6505	0.87337	0.	-0.68031	2.5173e-004
6506	0.79551	0.	-0.72597	2.2291e-004
6507	0.90048	0.	-0.8115	1.5128e-004
6508	0.79766	0.	-0.79285	1.7001e-004
6514	0.24146	0.	-0.14932	9.626e-003
6515	0.3094	0.	-0.19666	5.4112e-003
6516	0.35257	0.	-0.15859	5.5984e-003
6517	0.35446	0.	-0.10691	5.9876e-003
6522	0.15191	0.	-0.13256	1.9596e-002
6523	0.15445	0.	-0.20786	8.043e-003
6524	0.13726	0.	-0.17111	1.2722e-002
6528	9.361e-002	0.	-0.10419	3.4437e-002
6529	0.10755	0.	-0.13864	2.0966e-002
6530	8.7716e-002	0.	-7.3762e-002	6.6586e-002
6534	3.3894e-002	0.	-0.11414	2.5636e-002
6535	4.4253e-002	0.	-9.1267e-002	5.9492e-002
6536	7.896e-002	0.	-0.14275	2.7563e-002
6537	5.913e-002	0.	-7.787e-002	7.3183e-002
6542	-2.528e-002	0.	-0.33555	-4.2493e-003
6543	-3.7296e-002	0.	-0.40919	-2.3759e-003
6544	1.3855e-002	0.	-0.42281	-1.6549e-003
6545	3.8855e-002	0.	-0.3441	-9.9474e-004
6546	5.7751e-003	0.	-0.3341	-2.0707e-003
6550	-0.11976	0.	-0.15207	-3.9233e-002
6551	-0.17822	0.	-0.13722	-5.2086e-002
6558	-0.44602	0.	-0.92394	-8.9149e-005
6559	-0.32301	0.	-0.90406	-1.6797e-004
6560	-0.32366	0.	-0.95346	-9.7412e-005
6565	-1.753e-002	0.	-0.15339	4.2133e-004
6566	1.3123e-002	0.	-9.7101e-002	4.4094e-002
6567	-2.3228e-002	0.	-0.12532	-6.8932e-003
6568	-1.034e-002	0.	-0.10672	-3.0486e-003
6574	7.8018e-002	0.	-0.9408	-7.3108e-005
6575	0.11127	0.	-0.84793	-1.3208e-004
6576	0.21856	0.	-0.92489	-2.1445e-005
6581	-0.25684	0.	-0.6862	-6.9261e-004
6582	-0.38057	0.	-0.66073	-5.5127e-004
6583	-0.32485	0.	-0.62138	-9.4207e-004
6584	-0.28423	0.	-0.72427	-5.7239e-004
6588	-1.1812	0.	-0.32935	6.5785e-004
6589	-1.2246	0.	-0.1841	7.428e-004
6590	-1.1566	0.	-0.19603	8.7222e-004
6591	-1.2391	0.	-0.30802	6.3597e-004
6597	-0.79102	0.	-0.85831	9.8191e-005
6598	-0.73132	0.	-0.7293	1.5982e-004
6599	-0.80091	0.	-0.73659	1.9055e-004
6600	-0.69976	0.	-0.79973	7.3641e-005
6604	-8.3965e-002	0.	-0.2869	-8.1008e-003
6605	-1.9299e-002	0.	-0.29895	-4.1163e-003
6606	-2.9905e-002	0.	-0.27157	-5.3286e-003
6607	-5.7299e-002	0.	-0.27109	-7.9297e-003
6611	-2.3234e-002	0.	-0.46129	-1.827e-003
6612	-0.10978	0.	-0.48119	-2.3689e-003
6613	-0.11307	0.	-0.44098	-3.0738e-003
6617	-0.46589	0.	-9.7685e-002	3.7508e-002
6618	-0.509	0.	-0.14607	1.8441e-002
6619	-0.54032	0.	-0.12138	1.878e-002
6620	-0.46815	0.	-0.13488	1.9527e-002
6622	-0.45681	0.	-7.2662e-002	6.5945e-002
6628	-0.40929	0.	-8.461e-002	7.3942e-002
6629	-0.43537	0.	-0.13256	2.9688e-002
6630	-0.42402	0.	-7.0344e-002	7.6107e-002
6634	0.53285	0.	-0.67598	2.8783e-004
6635	0.46321	0.	-0.64899	3.1868e-004
6636	0.50236	0.	-0.78545	1.5553e-004
6638	-0.22434	0.	-0.27873	-1.0836e-002
6639	-0.26217	0.	-0.29712	-9.3612e-003
6640	-0.29141	0.	-0.24145	-1.0134e-002
6641	-0.26935	0.	-0.21912	-1.5528e-002
6646	-0.89121	0.	-0.93392	5.8123e-005
6647	-1.0324	0.	-0.92074	7.494e-005
6651	0.42986	0.	-0.52572	6.1401e-004
6652	0.37276	0.	-0.50903	6.173e-004
6653	0.38892	0.	-0.42212	1.1123e-003
6654	0.44489	0.	-0.42871	9.899e-004
6658	-0.1578	0.	-0.65662	-8.9039e-004
6659	-0.1487	0.	-0.70127	-6.3911e-004
6660	-0.22176	0.	-0.73057	-5.5632e-004
6664	-0.58222	0.	-0.51588	2.9088e-004
6665	-0.58106	0.	-0.40301	1.0739e-003
6670	0.60242	0.	-0.18843	1.7456e-003
6671	0.46902	0.	-0.16867	2.7697e-003
6672	0.47091	0.	-0.11699	3.1589e-003
6673	0.59178	0.	-0.12628	1.8468e-003
6677	-0.50869	0.	-0.61014	-1.6492e-004
6678	-0.63802	0.	-0.62222	1.2623e-004
6682	-0.57454	0.	-0.85719	-2.8117e-005
6688	0.73254	0.	-0.92418	7.5051e-005
6689	0.87316	0.	-0.89081	9.8064e-005
6690	0.77034	0.	-0.87216	1.1679e-004
6695	-1.162	0.	-0.70368	2.5523e-004
6696	-1.0937	0.	-0.81022	1.7751e-004
6700	0.79599	0.	-0.40858	5.9751e-004
6701	0.87158	0.	-0.52364	3.9191e-004
6702	0.87819	0.	-0.37702	5.4774e-004
6706	0.36067	0.	-0.22163	3.1095e-003
6707	0.27271	0.	-0.30443	2.4603e-003
6708	0.34328	0.	-0.31703	2.1744e-003
6712	0.35259	0.	-0.9485	1.7225e-005
6713	0.47515	0.	-0.90945	6.6955e-005
6714	0.48225	0.	-0.97022	3.2147e-005
6718	-0.22865	0.	-0.322	-7.7286e-003
6719	-0.1542	0.	-0.28851	-9.5549e-003
6727	-0.30141	0.	-0.35788	-4.7136e-003
6728	-0.2701	0.	-0.37488	-4.9004e-003
6733	-1.0784	0.	-0.44171	6.1001e-004
6734	-0.92101	0.	-0.51783	5.6555e-004
6738	-4.3522e-002	0.	-0.15874	-1.671e-002
6739	-6.2993e-002	0.	-0.17246	-1.8953e-002
6740	-2.364e-002	0.	-0.21478	-6.879e-003
6741	-5.1034e-002	0.	-0.21429	-9.4801e-003
6747	3.6289e-002	0.	-0.87153	-1.5821e-004
6748	-7.298e-002	0.	-0.95344	-1.4002e-004
6749	-3.2541e-002	0.	-0.91592	-1.7601e-004
6755	-0.34082	0.	-0.20232	-5.1283e-003
6756	-0.3029	0.	-0.20673	-1.3194e-002
6758	0.52057	0.	-0.60855	3.99e-004
6759	0.65665	0.	-0.66196	3.1228e-004
6763	-0.88828	0.	-0.11249	2.67e-003
6764	-1.0304	0.	-0.127	1.3398e-003
6771	-0.38611	0.	-0.60222	-7.8466e-004
6776	3.3146e-002	0.	-0.52702	-9.0692e-004
6781	-0.37246	0.	-8.1905e-002	6.3903e-002
6782	-0.4002	0.	-5.9587e-002	0.10238
6783	-0.38155	0.	-6.4066e-002	0.15026
6787	-1.2117	0.	-0.3839	5.7045e-004
6788	-1.2115	0.	-0.45107	4.9389e-004
6794	0.59051	0.	-0.89033	8.5335e-005
6795	0.59761	0.	-0.9511	5.0527e-005
6796	0.68958	0.	-0.87416	1.0887e-004
6801	-0.28565	0.	-0.11689	-3.5446e-002
6802	-0.33801	0.	-0.14238	-1.2289e-002
6803	-0.30009	0.	-0.14679	-2.0354e-002
6804	-0.33939	0.	-9.9562e-002	2.7342e-003
6810	-0.13319	0.	-0.56773	-1.6471e-003
6811	-0.18934	0.	-0.49797	-2.4419e-003
6812	-0.14846	0.	-0.4745	-2.8948e-003
6816	-0.76968	0.	-0.61161	3.4593e-004
6817	-0.83928	0.	-0.6189	3.7666e-004
6822	9.0965e-002	0.	-0.7078	-2.911e-004
6823	7.1492e-004	0.	-0.82305	-2.3498e-004
6830	0.17145	0.	-0.60978	-1.0574e-004
6831	7.538e-002	0.	-0.60804	-5.3639e-004
6836	0.39383	0.	-0.56486	4.3314e-004
6840	-0.28195	0.	-0.52205	-1.9347e-003
6845	1.9413e-002	0.	-6.4703e-002	0.13779
6846	3.8359e-002	0.	-6.0835e-002	9.1641e-002
6849	0.69913	0.	-0.29501	9.8687e-004
6850	0.66001	0.	-0.16093	1.3497e-003
6851	0.70633	0.	-0.17007	1.1621e-003
6857	-0.55065	0.	-0.16745	9.8737e-003
6858	-0.47848	0.	-0.18095	1.0621e-002
6859	-0.49926	0.	-0.22132	6.6281e-003
6861	-0.11212	0.	-0.66539	-8.5297e-004
6865	-0.38205	0.	-0.35149	-1.7414e-003
6866	-0.30504	0.	-0.39237	-3.3601e-003
6867	-0.36935	0.	-0.39715	-2.0958e-003
6874	0.80982	0.	-0.33539	6.7547e-004
6879	0.28362	0.	-0.56539	2.9498e-004
6886	-1.254	0.	-0.59062	3.2485e-004
6891	0.80094	0.	-0.64273	2.8523e-004
6896	-0.26641	0.	-0.15451	-3.3679e-002
6897	-0.22853	0.	-0.12651	-5.1494e-002
6904	-0.25362	0.	-0.4453	-3.1204e-003
6905	-0.19263	0.	-0.45776	-3.1468e-003
6908	0.8816	0.	-0.22095	7.0151e-004
6909	0.8066	0.	-0.12756	9.2654e-004
6914	-0.20734	0.	-0.90525	-2.0538e-004
6915	-0.208	0.	-0.95465	-1.3482e-004
6916	-0.10855	0.	-0.90496	-2.1679e-004
6919	-0.77007	0.	-0.67303	2.1917e-004
6920	-0.66892	0.	-0.73618	1.0226e-004
6925	-0.45347	0.	-0.28904	1.7058e-003
6926	-0.50049	0.	-0.34029	6.6025e-004
6927	-0.41506	0.	-0.37327	-6.6399e-004
6931	0.10259	0.	-0.2841	2.4742e-003
6932	4.4836e-002	0.	-0.3075	-8.6169e-004
6933	0.11492	0.	-0.31985	1.1053e-003
6938	-9.091e-002	0.	-0.2576	-9.7356e-003
6940	-3.6332e-002	0.	-0.11208	-2.018e-002
6941	-6.8692e-002	0.	-0.14439	-2.6268e-002
6942	-5.5414e-002	0.	-0.11325	-3.5891e-002
6947	0.40574	0.	-0.13188	3.686e-003
6952	-4.2525e-002	0.	-9.4646e-002	-3.2046e-002
6954	-1.1726	0.	-0.12666	8.9164e-004
6962	-0.25742	0.	-0.81833	-3.3303e-004
6963	-0.26635	0.	-0.91741	-1.5939e-004
6968	0.53633	0.	-0.91525	6.8732e-005
6977	0.72523	0.	-0.75526	2.0351e-004
6982	-0.31877	0.	-0.18	-1.0522e-002
6983	-0.39716	0.	-0.17267	4.625e-003
6994	0.13959	0.	-0.28645	3.3652e-003
6995	0.11008	0.	-0.21394	9.4132e-003
6999	-1.1681	0.	-0.92467	7.6056e-005
7015	-0.4584	0.	-0.21012	7.7138e-003
7022	1.15e-003	0.	-0.27012	-3.1501e-003
7026	0.18992	0.	-0.33568	1.9973e-003
7048	0.29848	0.	-0.36175	1.7124e-003
7052	-3.685e-002	0.	-0.24226	-6.9635e-003
7059	-0.5262	0.	-0.30173	2.6756e-003
7066	0.42501	0.	-0.38094	1.3041e-003
7081	-1.2694	0.	-0.42974	4.7201e-004
7087	0.69569	0.	-0.10792	1.2633e-003
10194	-0.40608	0.	-3.6246e-002	0.16437
10195	-0.38743	0.	-4.0725e-002	0.21226
10199	-0.39629	0.	-4.9801e-002	0.15243
10218	3.429e-002	0.	-5.1306e-002	0.15149
10219	2.6342e-002	0.	-4.1505e-002	0.20839
10223	4.5288e-002	0.	-3.7637e-002	0.16224
82	0.	0.	5.625e-002	0.22575
83	0.	0.	6.75e-002	7.4557e-002
84	-2.25e-002	0.	6.75e-002	-9.263e-003
85	-4.5e-002	0.	6.75e-002	-5.0183e-002
86	-9.e-002	0.	6.75e-002	-7.0178e-002
87	-0.135	0.	6.75e-002	-8.0397e-002
88	-0.18	0.	6.75e-002	-7.6548e-002
89	-0.225	0.	6.75e-002	-7.2684e-002
90	-0.27	0.	6.75e-002	-7.5136e-002
91	-0.315	0.	6.75e-002	-4.1534e-002
92	-0.3375	0.	6.75e-002	-5.9422e-003
93	-0.36	0.	5.625e-002	0.2207
94	-0.36	0.	6.75e-002	7.05e-002
95	-0.36	0.	4.5e-002	0.36828
104	0.	0.	4.5e-002	0.35156
427	0.1	0.	0.	8.1802e-002
428	0.2	0.	0.	2.0119e-002
429	0.3	0.	0.	8.3308e-003
430	0.4	0.	0.	4.3769e-003
431	0.5	0.	0.	2.9218e-003
432	0.6	0.	0.	1.8199e-003
433	0.7	0.	0.	1.259e-003
434	0.8	0.	0.	9.3766e-004
435	0.9	0.	0.	7.8594e-004
436	-1.26	0.	0.	7.6357e-004
437	-1.16	0.	0.	9.8355e-004
438	-1.06	0.	0.	1.2807e-003
439	-0.96	0.	0.	1.7679e-003
440	-0.86	0.	0.	3.2559e-003
441	-0.76	0.	0.	4.7813e-003
442	-0.66	0.	0.	8.9833e-003
443	-0.56	0.	0.	2.2242e-002
444	-0.46	0.	0.	8.0225e-002
488	-1.36	0.	9.7045e-002	7.0617e-004
489	-1.36	0.	0.19409	6.6279e-004
490	-1.36	0.	0.29114	5.9168e-004
491	-1.36	0.	0.38818	4.9148e-004
492	-1.36	0.	0.48523	4.1733e-004
493	-1.36	0.	0.58227	2.9953e-004
494	-1.36	0.	0.67932	2.3852e-004
495	-1.36	0.	0.77636	1.687e-004
496	-1.36	0.	0.87341	1.1272e-004
497	-1.36	0.	0.97045	4.8032e-005
503	-1.2617	0.	1.0675	2.8466e-005
504	-1.1633	0.	1.0675	2.9435e-005
505	-1.065	0.	1.0675	2.1696e-005
506	-0.96667	0.	1.0675	1.8022e-005
507	-0.86833	0.	1.0675	1.7045e-005
508	-0.77	0.	1.0675	1.0288e-005
509	-0.67167	0.	1.0675	3.3506e-006
510	-0.57333	0.	1.0675	-1.1368e-005
511	-0.475	0.	1.0675	-1.9823e-005
512	-0.37667	0.	1.0675	-4.6174e-005
513	-0.27833	0.	1.0675	-5.333e-005
514	-0.18	0.	1.0675	-4.552e-005
515	-8.1667e-002	0.	1.0675	-5.3051e-005
516	1.6667e-002	0.	1.0675	-3.068e-005
517	0.115	0.	1.0675	-2.6389e-005
518	0.21333	0.	1.0675	-1.9662e-005
519	0.31167	0.	1.0675	3.9355e-006
520	0.41	0.	1.0675	2.4295e-005
521	0.50833	0.	1.0675	2.5024e-005
522	0.60667	0.	1.0675	3.218e-005
523	0.705	0.	1.0675	2.948e-005
524	0.80333	0.	1.0675	2.7561e-005
525	0.90167	0.	1.0675	2.6731e-005
531	1.	0.	0.97045	5.228e-005
532	1.	0.	0.87341	1.108e-004
533	1.	0.	0.77636	1.7212e-004
534	1.	0.	0.67932	2.55e-004
535	1.	0.	0.58227	3.3251e-004
536	1.	0.	0.48523	4.1596e-004
537	1.	0.	0.38818	5.0751e-004
538	1.	0.	0.29114	5.8504e-004
539	1.	0.	0.19409	6.6027e-004
540	1.	0.	9.7045e-002	7.2633e-004
541	0.	0.	0.	0.40976
542	-0.36	0.	0.	0.39152
548	1.	0.	0.	7.3445e-004
550	-1.36	0.	0.	7.3309e-004
553	-1.36	0.	1.0675	1.8455e-005
554	1.	0.	1.0675	1.8373e-005
555	0.20778	0.	0.73417	-2.139e-005
556	-0.58033	0.	0.74418	2.1531e-006
557	-0.48993	0.	0.41663	2.0598e-004
558	0.10796	0.	0.38643	2.2909e-004
559	5.1944e-002	0.	0.23417	1.5765e-003
560	-0.40789	0.	0.24448	1.1507e-003
561	-0.95245	0.	0.59762	3.9873e-004
562	0.60785	0.	0.61416	3.866e-004
563	-0.18	0.	0.23417	-1.8309e-002
564	0.36533	0.	0.49805	5.8454e-004
565	-0.71961	0.	0.48554	6.7887e-004
566	-0.14815	0.	0.7884	-4.5994e-004
567	-0.21302	0.	0.40687	-4.5812e-003
568	0.66802	0.	0.29113	9.9955e-004
569	-1.0181	0.	0.28691	9.7917e-004
570	1.7239e-003	0.	0.6466	-6.4156e-004
571	-0.14171	0.	0.1844	-2.55e-002
572	-0.27111	0.	0.1171	-5.28e-002
573	-0.68308	0.	0.35364	1.8012e-003
574	0.33789	0.	0.35779	1.5046e-003
575	-3.4028e-002	0.	0.28972	-5.501e-003
576	-0.37613	0.	0.1713	4.7883e-003
577	1.7315e-002	0.	0.12306	2.0541e-002
578	0.55294	0.	0.7696	1.7354e-004
579	-0.85459	0.	0.95431	4.0932e-005
580	1.2324e-002	0.	0.39687	-2.0223e-003
581	-0.2834	0.	0.80945	-3.3361e-004
582	-0.3667	0.	0.60562	-7.2725e-004
583	0.86172	0.	0.82118	1.4913e-004
584	-1.0459	0.	0.9515	5.335e-005
585	-0.25154	0.	0.21565	-1.8115e-002
586	-0.27463	0.	0.34528	-5.5217e-003
587	-0.71559	0.	0.6957	1.7418e-004
588	0.12648	0.	0.51184	-3.479e-004
589	-0.53315	0.	0.62306	-8.2374e-005
590	-4.3464e-002	0.	0.75538	-4.4096e-004
591	-0.10612	0.	0.50695	-1.9529e-003
592	0.21144	0.	0.31684	2.6823e-003
593	-0.56459	0.	0.28708	3.3503e-003
594	0.77954	0.	0.55782	3.907e-004
595	-1.0893	0.	0.51652	4.8915e-004
596	0.31166	0.	0.9247	7.7815e-006
597	-0.3623	0.	0.50217	-1.2127e-003
598	0.40731	0.	0.12694	4.0225e-003
599	-0.77796	0.	0.16842	2.9693e-003
600	-0.85009	0.	0.38511	1.11e-003
601	0.491	0.	0.38462	1.1896e-003
602	-0.59572	0.	0.9019	-5.3577e-006
603	-0.44649	0.	0.82526	-1.9535e-004
604	-0.20845	0.	0.14908	-4.2811e-002
605	-0.10969	0.	0.32788	-7.1775e-003
606	-0.37214	0.	0.1096	2.5449e-002
607	0.15602	0.	0.92043	-5.007e-005
608	-1.201	0.	0.26475	7.2116e-004
609	0.84852	0.	0.25332	6.8769e-004
610	0.3808	0.	0.77087	1.4346e-004
611	-1.8029e-002	0.	0.53254	-1.2351e-003
612	0.13657	0.	9.6986e-002	2.9184e-002
613	7.3027e-002	0.	9.523e-002	4.8239e-002
614	0.2742	0.	0.1247	8.6854e-003
615	-0.60592	0.	0.10649	1.1003e-002
616	-0.50745	0.	0.10692	2.3263e-002
617	0.60464	0.	0.94522	4.5954e-005
618	-0.22345	0.	0.69623	-6.7238e-004
619	-0.59828	0.	0.44744	6.2566e-004
620	-0.93754	0.	0.77825	1.9072e-004
621	0.72515	0.	0.72303	2.3097e-004
622	-1.2233	0.	0.92169	8.2342e-005
623	0.22637	0.	0.44165	6.8646e-004
624	-0.17409	0.	0.5844	-1.3845e-003
625	-0.10861	0.	0.25107	-1.3047e-002
626	0.45957	0.	0.92236	5.5823e-005
627	-0.33174	0.	0.22491	-8.9252e-003
628	-0.33604	0.	0.94873	-1.3138e-004
629	-0.37632	0.	0.39881	-1.5854e-003
630	0.31225	0.	0.63775	2.2602e-004
631	0.64432	0.	0.47733	6.3051e-004
632	-0.44396	0.	0.56612	-4.8673e-004
633	-0.45583	0.	0.67861	-2.8193e-004
634	2.0777e-003	0.	0.96678	-9.8812e-005
635	-0.98597	0.	0.15242	1.418e-003
636	0.62823	0.	0.13239	1.4025e-003
637	-3.7943e-002	0.	0.22689	-8.146e-003
638	-0.21965	0.	0.28194	-1.0031e-002
639	2.5453e-002	0.	7.383e-002	7.806e-002
640	0.79513	0.	0.40506	6.1713e-004
641	-4.0671e-002	0.	0.10917	-2.3522e-002
642	-1.2344	0.	0.42312	5.1738e-004
643	-0.81743	0.	0.66569	2.9302e-004
644	0.50477	0.	0.52402	6.8292e-004
645	6.7915e-002	0.	0.77695	-2.5671e-004
646	0.11238	0.	0.63694	-2.6289e-004
647	3.3325e-002	0.	0.32703	-1.0774e-003
648	-0.88707	0.	0.24333	1.711e-003
649	0.52501	0.	0.22666	1.6721e-003
650	0.87876	0.	0.68432	2.7214e-004
651	0.17003	0.	0.20382	8.6037e-003
652	-0.10921	0.	0.12462	-4.921e-002
653	-0.20518	0.	0.48894	-2.4064e-003
654	-0.75168	0.	0.81631	1.1028e-004
655	-0.16748	0.	0.95319	-1.3502e-004
656	-0.46145	0.	0.32277	6.185e-004
657	-0.30087	0.	0.17398	-1.6432e-002
658	-0.3505	0.	0.29898	-3.6548e-003
659	-0.28612	0.	0.4468	-2.6413e-003
660	-0.32366	0.	0.12306	-1.7663e-002
661	-0.66783	0.	0.21052	4.3382e-003
662	-0.84738	0.	0.52812	5.2535e-004
663	-0.15894	0.	0.2918	-1.0066e-002
664	-0.3431	0.	8.6898e-002	7.7388e-004
665	0.11159	0.	0.28881	1.7029e-003
666	-3.9472e-003	0.	0.17075	-1.0572e-003
667	-0.61485	0.	0.5527	3.2832e-004
668	-1.2369	0.	0.58272	3.2816e-004
669	0.88063	0.	0.11471	7.6446e-004
670	-1.2409	0.	0.11574	7.6764e-004
671	-1.1036	0.	0.38866	6.7481e-004
672	-0.97493	0.	0.452	6.8256e-004
673	-0.28322	0.	0.26704	-9.3905e-003
674	0.30395	0.	0.2398	3.5739e-003
675	-0.54657	0.	0.194	8.578e-003
676	0.41902	0.	0.27975	2.1795e-003
677	-0.77768	0.	0.27978	1.9306e-003
678	-0.10323	0.	0.67167	-7.596e-004
679	-0.18438	0.	0.34435	-6.7272e-003
680	-0.13034	0.	0.41235	-4.089e-003
681	-0.35784	0.	0.71471	-4.852e-004
682	0.74232	0.	0.89729	9.2219e-005
683	4.1475e-002	0.	0.47416	-9.2625e-004
684	0.87404	0.	0.95194	6.0345e-005
685	7.4876e-002	0.	0.15517	1.6166e-002
686	-0.46903	0.	0.97655	-5.4736e-005
687	-1.1045	0.	0.13858	9.8602e-004
688	0.75423	0.	0.13192	1.0498e-003
689	0.44059	0.	0.63662	3.8433e-004
690	-1.1158	0.	0.80903	1.4433e-004
691	-7.9997e-002	0.	0.58405	-1.2272e-003
692	-0.51471	0.	0.50333	-4.5307e-005
693	-0.15575	0.	0.12808	-6.0736e-002
694	-0.69486	0.	0.98417	1.2617e-005
695	-4.9845e-002	0.	0.36618	-3.6137e-003
696	-0.57141	0.	0.36928	1.3692e-003
697	-4.481e-002	0.	0.44455	-2.0335e-003
698	-0.43473	0.	0.12798	2.9778e-002
699	-0.38368	0.	7.2586e-002	9.2913e-002
700	-0.2783	0.	0.62465	-1.0163e-003
701	0.20714	0.	0.58213	1.284e-004
702	-8.3313e-002	0.	0.18474	-2.0391e-002
703	-1.0901	0.	0.66103	3.0864e-004
704	-0.46005	0.	0.18202	9.6281e-003
705	5.2699e-002	0.	0.56698	-6.6251e-004
706	-1.2557	0.	0.75556	1.8424e-004
707	0.90986	0.	0.3625	5.4948e-004
708	0.53016	0.	0.12399	2.2058e-003
709	-0.88669	0.	0.14206	2.1601e-003
710	-0.72189	0.	0.5976	3.723e-004
711	-0.44019	0.	0.47248	-6.5425e-004
712	-6.7838e-002	0.	0.86566	-2.5946e-004
713	-0.28526	0.	0.53874	-1.5489e-003
714	-0.71898	0.	8.4211e-002	6.5405e-003
715	-0.63287	0.	0.64747	1.3144e-004
716	-0.48754	0.	0.24745	4.2243e-003
717	-5.453e-004	0.	8.9955e-002	2.3962e-002
718	0.90928	0.	0.49698	4.3433e-004
1377	3.7215e-002	0.	2.7164e-002	0.22122
1378	5.4929e-002	0.	4.5293e-002	0.12353
1379	1.7637e-002	0.	5.4271e-002	0.20795
1383	-0.37376	0.	5.3928e-002	0.22051
1384	-0.41413	0.	4.8595e-002	0.11468
1385	-0.39726	0.	2.7749e-002	0.24278
2418	0.	0.	6.1875e-002	0.15015
2419	0.	0.	5.0625e-002	0.28866
2421	8.8185e-003	0.	5.526e-002	0.21685
2422	-1.125e-002	0.	6.75e-002	3.2647e-002
2424	1.2726e-002	0.	7.0665e-002	7.6309e-002
2425	-2.7265e-004	0.	7.8728e-002	4.926e-002
2426	8.8185e-003	0.	6.0885e-002	0.14125
2428	-3.375e-002	0.	6.75e-002	-2.9723e-002
2430	-3.1586e-002	0.	8.8333e-002	-1.6392e-002
2431	-1.1523e-002	0.	7.8728e-002	7.3495e-003
2434	-6.75e-002	0.	6.75e-002	-6.018e-002
2436	-4.2836e-002	0.	8.8333e-002	-3.6852e-002
2439	-0.1125	0.	6.75e-002	-7.5287e-002
2441	-6.5336e-002	0.	8.8333e-002	-4.685e-002
2442	-9.9603e-002	0.	9.6058e-002	-5.9694e-002
2445	-0.1575	0.	6.75e-002	-7.8473e-002
2447	-0.1221	0.	9.6058e-002	-6.4803e-002
2448	-0.14538	0.	9.7789e-002	-7.0567e-002
2452	-0.2025	0.	6.75e-002	-7.4616e-002
2454	-0.19423	0.	0.10829	-5.968e-002
2455	-0.16788	0.	9.7789e-002	-6.8642e-002
2458	-0.2475	0.	6.75e-002	-7.391e-002
2460	-0.24806	0.	9.2302e-002	-6.2742e-002
2461	-0.21673	0.	0.10829	-5.7747e-002
2464	-0.2925	0.	6.75e-002	-5.8335e-002
2466	-0.27056	0.	9.2302e-002	-6.3968e-002
2468	-0.32625	0.	6.75e-002	-2.3738e-002
2470	-0.29306	0.	9.2302e-002	-4.7167e-002
2471	-0.31933	0.	9.5278e-002	-2.9598e-002
2472	-0.32905	0.	7.7199e-002	-2.038e-002
2476	-0.34875	0.	6.75e-002	3.2279e-002
2478	-0.3403	0.	7.7199e-002	-2.5842e-003
2480	-0.36	0.	6.1875e-002	0.1456
2481	-0.36	0.	5.0625e-002	0.29449
2483	-0.36688	0.	5.5089e-002	0.22061
2485	-0.36607	0.	8.8548e-002	4.7974e-002
2486	-0.35155	0.	7.7199e-002	3.5637e-002
2487	-0.37184	0.	7.0043e-002	8.1706e-002
2488	-0.36688	0.	6.0714e-002	0.14551
2492	-0.36	0.	2.25e-002	0.3799
2493	-0.36688	0.	4.9464e-002	0.2944
2494	-0.37863	0.	3.6374e-002	0.30553
2541	0.	0.	2.25e-002	0.38066
2542	1.8607e-002	0.	3.6082e-002	0.28639
2543	8.8185e-003	0.	4.9635e-002	0.27975
4395	0.15	0.	0.	5.0961e-002
4396	5.e-002	0.	0.	0.24578
4397	0.11829	0.	4.8493e-002	5.5493e-002
4402	6.8607e-002	0.	1.3582e-002	0.15151
4403	7.7464e-002	0.	2.2647e-002	0.10267
4412	0.25	0.	0.	1.4225e-002
4413	0.16829	0.	4.8493e-002	2.4652e-002
4414	0.2371	0.	6.2351e-002	1.4402e-002
4423	0.35	0.	0.	6.3538e-003
4424	0.35366	0.	6.3468e-002	6.1766e-003
4425	0.2871	0.	6.2351e-002	8.5081e-003
4433	0.45	0.	0.	3.6493e-003
4434	0.40366	0.	6.3468e-002	4.1997e-003
4439	0.55	0.	0.	2.3709e-003
4440	0.45366	0.	6.3468e-002	3.4721e-003
4441	0.51508	0.	6.1993e-002	2.5638e-003
4448	0.65	0.	0.	1.5394e-003
4449	0.61412	0.	6.6193e-002	1.6112e-003
4450	0.56508	0.	6.1993e-002	2.0128e-003
4458	0.75	0.	0.	1.0983e-003
4459	0.66412	0.	6.6193e-002	1.3307e-003
4460	0.72712	0.	6.5962e-002	1.1544e-003
4464	0.85	0.	0.	8.618e-004
4465	0.84032	0.	5.7354e-002	8.5106e-004
4466	0.77712	0.	6.5962e-002	9.9371e-004
4474	0.95	0.	4.8523e-002	7.5614e-004
4475	0.95	0.	0.	7.602e-004
4476	0.89032	0.	5.7354e-002	7.752e-004
4482	-1.21	0.	0.	8.7356e-004
4483	-1.31	0.	4.8523e-002	7.3487e-004
4484	-1.31	0.	0.	7.4833e-004
4485	-1.2505	0.	5.7872e-002	7.656e-004
4488	-1.11	0.	0.	1.1321e-003
4489	-1.2005	0.	5.7872e-002	8.7559e-004
4490	-1.1322	0.	6.929e-002	9.8478e-004
4499	-1.01	0.	0.	1.5243e-003
4500	-1.023	0.	7.6212e-002	1.3493e-003
4501	-1.0822	0.	6.929e-002	1.1333e-003
4506	-0.91	0.	0.	2.5119e-003
4507	-0.97299	0.	7.6212e-002	1.593e-003
4508	-0.92334	0.	7.103e-002	1.964e-003
4514	-0.81	0.	0.	4.0186e-003
4515	-0.81898	0.	8.4211e-002	3.1126e-003
4516	-0.87334	0.	7.103e-002	2.708e-003
4517	-0.78949	0.	4.2105e-002	4.8982e-003
4525	-0.71	0.	0.	6.8823e-003
4526	-0.73949	0.	4.2105e-002	5.6609e-003
4532	-0.61	0.	0.	1.5613e-002
4533	-0.63296	0.	5.3243e-002	9.9929e-003
4534	-0.68949	0.	4.2105e-002	7.7619e-003
4543	-0.51	0.	0.	5.1234e-002
4544	-0.58296	0.	5.3243e-002	1.6622e-002
4545	-0.53372	0.	5.3462e-002	2.2752e-002
4553	-0.41	0.	0.	0.23587
4554	-0.48372	0.	5.3462e-002	5.1744e-002
4560	-0.43706	0.	2.4297e-002	9.7451e-002
4561	-0.42863	0.	1.3874e-002	0.1615
4801	-1.36	0.	0.14557	6.8448e-004
4802	-1.36	0.	4.8523e-002	7.1963e-004
4803	-1.3005	0.	0.10639	7.369e-004
4806	-1.36	0.	0.24261	6.2724e-004
4807	-1.2805	0.	0.22942	6.9197e-004
4808	-1.3005	0.	0.15492	7.1521e-004
4812	-1.36	0.	0.33966	5.4158e-004
4813	-1.2805	0.	0.27794	6.5642e-004
4814	-1.2972	0.	0.35713	5.5453e-004
4819	-1.36	0.	0.4367	4.5441e-004
4820	-1.2972	0.	0.40565	5.0443e-004
4822	-1.36	0.	0.53375	3.5843e-004
4823	-1.2972	0.	0.45418	4.6735e-004
4824	-1.2985	0.	0.53397	3.7274e-004
4828	-1.36	0.	0.6308	2.6903e-004
4829	-1.2985	0.	0.58249	3.1385e-004
4832	-1.36	0.	0.72784	2.0361e-004
4833	-1.2985	0.	0.63102	2.8334e-004
4834	-1.3078	0.	0.71744	2.1138e-004
4836	-1.36	0.	0.82489	1.4071e-004
4837	-1.3078	0.	0.76596	1.7647e-004
4840	-1.36	0.	0.92193	8.0376e-005
4841	-1.2917	0.	0.89755	9.7531e-005
4842	-1.3078	0.	0.81448	1.4848e-004
4845	-1.3108	0.	1.019	3.8249e-005
4846	-1.36	0.	1.019	3.3243e-005
4847	-1.2917	0.	0.94607	6.5187e-005
4875	-1.2125	0.	1.0675	2.895e-005
4876	-1.3108	0.	1.0675	2.3461e-005
4877	-1.2425	0.	0.99459	5.5404e-005
4881	-1.1142	0.	1.0675	2.5565e-005
4882	-1.1046	0.	1.0095	4.1392e-005
4883	-1.1933	0.	0.99459	5.5888e-005
4887	-1.0158	0.	1.0675	1.9859e-005
4888	-1.0555	0.	1.0095	3.7523e-005
4890	-0.9175	0.	1.0675	1.7534e-005
4891	-0.91063	0.	1.0109	2.9477e-005
4892	-1.0063	0.	1.0095	3.5686e-005
4895	-0.81917	0.	1.0675	1.3666e-005
4896	-0.86146	0.	1.0109	2.8989e-005
4899	-0.72083	0.	1.0675	6.8191e-006
4900	-0.81229	0.	1.0109	2.561e-005
4901	-0.73243	0.	1.0258	1.1452e-005
4903	-0.6225	0.	1.0675	-4.0089e-006
4904	-0.68326	0.	1.0258	7.9838e-006
4907	-0.52417	0.	1.0675	-1.5596e-005
4908	-0.58453	0.	0.9847	-8.3631e-006
4909	-0.52118	0.	1.022	-3.3052e-005
4910	-0.6341	0.	1.0258	6.2428e-007
4914	-0.42583	0.	1.0675	-3.2998e-005
4915	-0.47201	0.	1.022	-3.728e-005
4917	-0.3275	0.	1.0675	-4.9752e-005
4918	-0.35636	0.	1.0081	-8.8775e-005
4919	-0.42285	0.	1.022	-5.0455e-005
4924	-0.22917	0.	1.0675	-4.9425e-005
4925	-0.30719	0.	1.0081	-9.2354e-005
4926	-0.22291	0.	1.0103	-9.4174e-005
4930	-0.13083	0.	1.0675	-4.9286e-005
4931	-0.17374	0.	1.0103	-9.0269e-005
4933	-3.25e-002	0.	1.0675	-4.1865e-005
4934	-3.9794e-002	0.	1.0171	-7.5932e-005
4935	-0.12457	0.	1.0103	-9.4035e-005
4939	6.5833e-002	0.	1.0675	-2.8534e-005
4940	9.3722e-003	0.	1.0171	-6.4746e-005
4943	0.16417	0.	1.0675	-2.3026e-005
4944	0.13551	0.	0.99397	-3.823e-005
4945	5.8539e-002	0.	1.0171	-6.2601e-005
4947	0.2625	0.	1.0675	-7.8632e-006
4948	0.2625	0.	0.9961	-5.9402e-006
4949	0.18468	0.	0.99397	-3.4866e-005
4953	0.36083	0.	1.0675	1.4115e-005
4954	0.31167	0.	0.9961	5.8585e-006
4957	0.45917	0.	1.0675	2.4659e-005
4958	0.36083	0.	0.9961	1.6038e-005
4959	0.43479	0.	0.99493	4.0059e-005
4963	0.5575	0.	1.0675	2.8602e-005
4964	0.55649	0.	1.0064	3.5489e-005
4965	0.48395	0.	0.99493	4.0423e-005
4967	0.65583	0.	1.0675	3.083e-005
4968	0.60565	0.	1.0064	3.9067e-005
4973	0.75417	0.	1.0675	2.8521e-005
4974	0.65482	0.	1.0064	3.7717e-005
4975	0.72366	0.	0.98239	6.085e-005
4977	0.8525	0.	1.0675	2.7146e-005
4978	0.77283	0.	0.98239	5.989e-005
4979	0.83869	0.	1.0097	4.3953e-005
4983	0.95083	0.	1.019	3.9505e-005
4984	0.95083	0.	1.0675	2.2552e-005
4985	0.88785	0.	1.0097	4.3538e-005
5016	1.	0.	0.92193	8.1538e-005
5017	1.	0.	1.019	3.5326e-005
5018	0.93702	0.	0.9612	5.6312e-005
5022	1.	0.	0.82489	1.4146e-004
5023	0.93086	0.	0.84729	1.2996e-004
5024	0.93702	0.	0.91267	8.557e-005
5026	1.	0.	0.72784	2.1356e-004
5027	0.93086	0.	0.79877	1.6062e-004
5028	0.93938	0.	0.73034	2.2213e-004
5031	1.	0.	0.6308	2.9376e-004
5032	0.93938	0.	0.68182	2.6357e-004
5037	1.	0.	0.53375	3.7424e-004
5038	0.93938	0.	0.63329	3.0233e-004
5039	0.95464	0.	0.53963	3.8342e-004
5041	1.	0.	0.4367	4.6173e-004
5042	0.95464	0.	0.49111	4.2515e-004
5045	1.	0.	0.33966	5.4627e-004
5046	0.95493	0.	0.37534	5.2849e-004
5047	0.95464	0.	0.44258	4.7092e-004
5049	1.	0.	0.24261	6.2266e-004
5050	0.92426	0.	0.27223	6.3637e-004
5051	0.95493	0.	0.32682	5.6726e-004
5055	1.	0.	0.14557	6.933e-004
5056	0.92426	0.	0.22371	6.7398e-004
5057	0.94032	0.	0.1544	7.1237e-004
5062	1.	0.	4.8523e-002	7.3039e-004
5063	0.94032	0.	0.10588	7.454e-004
5068	1.8607e-002	0.	1.3582e-002	0.31549
5079	-0.37863	0.	1.3874e-002	0.31715
5094	0.25972	0.	0.82943	-6.8044e-006
5095	0.1819	0.	0.8273	-3.573e-005
5096	0.29429	0.	0.75252	6.1033e-005
5097	0.26001	0.	0.68596	1.0232e-004
5098	0.13785	0.	0.75556	-1.3905e-004
5099	0.16008	0.	0.68556	-1.4214e-004
5100	0.20746	0.	0.65815	5.3507e-005
5105	-0.64796	0.	0.71994	8.8168e-005
5106	-0.55674	0.	0.68362	-4.011e-005
5107	-0.58803	0.	0.82304	-1.6023e-006
5108	-0.51341	0.	0.78472	-9.6599e-005
5109	-0.51808	0.	0.7114	-1.3989e-004
5110	-0.66601	0.	0.78025	5.6217e-005
5111	-0.6066	0.	0.69583	6.6796e-005
5115	-0.54411	0.	0.43204	4.1582e-004
5116	-0.43313	0.	0.40772	-6.8972e-004
5117	-0.47569	0.	0.3697	4.1224e-004
5118	-0.50232	0.	0.45998	8.0336e-005
5119	-0.53067	0.	0.39295	7.876e-004
5120	-0.46506	0.	0.44456	-2.2413e-004
5122	6.0143e-002	0.	0.39165	-8.9663e-004
5123	0.11722	0.	0.44914	-5.9409e-005
5124	0.1597	0.	0.35164	1.4557e-003
5125	0.16717	0.	0.41404	4.5777e-004
5126	7.0643e-002	0.	0.35673	-4.2418e-004
5127	0.10978	0.	0.33762	9.6599e-004
5128	7.4718e-002	0.	0.4303	-3.4858e-004
5133	8.9583e-003	0.	0.26194	-1.9623e-003
5134	7.0006e-003	0.	0.23053	-3.2848e-003
5135	4.2635e-002	0.	0.2806	2.4952e-004
5136	0.11099	0.	0.219	5.0901e-003
5137	8.177e-002	0.	0.26149	1.6397e-003
5138	2.3999e-002	0.	0.20246	2.5963e-004
5139	6.341e-002	0.	0.19467	8.871e-003
5145	-0.39201	0.	0.20789	2.9695e-003
5146	-0.36981	0.	0.23469	-3.8873e-003
5147	-0.43467	0.	0.28362	8.8458e-004
5148	-0.37919	0.	0.27173	-1.2521e-003
5149	-0.43397	0.	0.21325	5.3894e-003
5150	-0.44771	0.	0.24597	2.6875e-003
5154	-1.0209	0.	0.55707	4.4394e-004
5155	-0.94499	0.	0.68794	2.9472e-004
5156	-0.88494	0.	0.63166	3.4588e-004
5157	-0.89992	0.	0.56287	4.6204e-004
5158	-0.96369	0.	0.52481	5.4065e-004
5159	-1.0213	0.	0.62933	3.5369e-004
5163	0.58039	0.	0.69188	2.8007e-004
5164	0.69369	0.	0.58599	3.8865e-004
5165	0.6665	0.	0.6686	3.0878e-004
5166	0.62609	0.	0.54574	5.0855e-004
5167	0.55631	0.	0.56909	5.3476e-004
5168	0.52422	0.	0.62539	3.8546e-004
5174	-0.16085	0.	0.20928	-2.1905e-002
5175	-0.21577	0.	0.22491	-1.8212e-002
5176	-0.19423	0.	0.19162	-3.056e-002
5177	-0.1443	0.	0.24262	-1.5678e-002
5178	-0.19982	0.	0.25805	-1.417e-002
5179	-0.16947	0.	0.26298	-1.4188e-002
5183	0.35161	0.	0.42792	1.0446e-003
5184	0.42817	0.	0.44134	8.8706e-004
5185	0.29585	0.	0.46985	6.355e-004
5186	0.33879	0.	0.5679	4.0528e-004
5187	0.43505	0.	0.51104	6.3373e-004
5188	0.40296	0.	0.56734	4.8444e-004
5189	0.28624	0.	0.54009	3.5647e-004
5193	-0.70134	0.	0.41959	1.24e-003
5194	-0.78485	0.	0.43532	8.9442e-004
5195	-0.65895	0.	0.46649	6.5226e-004
5196	-0.7835	0.	0.50683	6.0211e-004
5197	-0.66723	0.	0.51912	5.0359e-004
5198	-0.72075	0.	0.54157	5.2558e-004
5202	-0.21578	0.	0.79893	-3.9677e-004
5203	-9.5806e-002	0.	0.77189	-4.5045e-004
5204	-0.1858	0.	0.74232	-5.6616e-004
5205	-0.15781	0.	0.8708	-2.9748e-004
5206	-0.12569	0.	0.73004	-6.0977e-004
5207	-0.10799	0.	0.82703	-3.597e-004
5211	-0.24382	0.	0.37607	-5.0515e-003
5212	-0.2091	0.	0.44791	-3.4938e-003
5213	-0.24957	0.	0.42684	-3.6113e-003
5214	-0.1987	0.	0.37561	-5.6542e-003
5215	-0.17168	0.	0.40961	-4.3351e-003
5220	0.57951	0.	0.33787	1.0946e-003
5221	0.75827	0.	0.27222	8.4362e-004
5222	0.65617	0.	0.38423	8.1503e-004
5223	0.64813	0.	0.21176	1.201e-003
5224	0.73157	0.	0.3481	8.0834e-004
5225	0.59652	0.	0.2589	1.3358e-003
5226	0.71113	0.	0.21153	1.0247e-003
5230	-0.93411	0.	0.33601	1.0446e-003
5231	-1.1096	0.	0.27583	8.5016e-004
5232	-1.0021	0.	0.21967	1.1986e-003
5233	-0.9526	0.	0.26512	1.3451e-003
5234	-1.0608	0.	0.33778	8.2699e-004
5235	-0.99653	0.	0.36945	8.3086e-004
5236	-1.0613	0.	0.21274	9.8259e-004
5239	-2.087e-002	0.	0.70099	-5.4126e-004
5240	-8.1524e-003	0.	0.58957	-9.3833e-004
5241	3.4819e-002	0.	0.71177	-4.4913e-004
5242	5.7054e-002	0.	0.64177	-4.5222e-004
5243	-5.0753e-002	0.	0.65913	-7.0058e-004
5244	-3.9137e-002	0.	0.61532	-9.3437e-004
5245	2.7212e-002	0.	0.60679	-6.5203e-004
5249	-0.17508	0.	0.16674	-3.4155e-002
5250	-0.12516	0.	0.21773	-1.9273e-002
5251	-0.12546	0.	0.15451	-3.7355e-002
5252	-0.14873	0.	0.15624	-4.3118e-002
5253	-0.11251	0.	0.18457	-2.2945e-002
5258	-0.23978	0.	0.13309	-4.7805e-002
5259	-0.28599	0.	0.14554	-3.4616e-002
5260	-0.29739	0.	0.12008	-3.5231e-002
5265	-0.62383	0.	0.32036	2.5758e-003
5266	-0.76658	0.	0.36937	1.4556e-003
5267	-0.64068	0.	0.40054	1.2134e-003
5268	-0.67545	0.	0.28208	3.0697e-003
5269	-0.73038	0.	0.31671	1.8659e-003
5270	-0.62724	0.	0.36146	1.5852e-003
5273	0.27467	0.	0.33732	2.0935e-003
5274	0.41445	0.	0.3712	1.3471e-003
5275	0.28213	0.	0.39972	1.0955e-003
5276	0.32092	0.	0.2988	2.5393e-003
5277	0.37846	0.	0.31877	1.8421e-003
5282	-7.186e-002	0.	0.3088	-6.3392e-003
5283	-7.1317e-002	0.	0.27039	-9.2739e-003
5284	-3.5986e-002	0.	0.25831	-6.8235e-003
5285	-3.512e-004	0.	0.30838	-3.2892e-003
5286	-4.1936e-002	0.	0.32795	-4.5573e-003
5290	-0.37414	0.	0.14045	1.5119e-002
5291	-0.35394	0.	0.1981	-2.0685e-003
5292	-0.3385	0.	0.17264	-5.8218e-003
5293	-0.34989	0.	0.14718	-6.4372e-003
5294	-0.40543	0.	0.14964	1.7283e-002
5295	-0.41809	0.	0.17666	7.2082e-003
5300	4.5171e-002	0.	0.10914	3.439e-002
5301	2.1384e-002	0.	9.8443e-002	4.9301e-002
5302	-1.1678e-002	0.	0.11611	-1.4902e-003
5303	6.6838e-003	0.	0.1469	9.742e-003
5304	4.6095e-002	0.	0.13911	1.8353e-002
5305	8.3848e-003	0.	0.10651	2.2252e-002
5309	0.46687	0.	0.77023	1.585e-004
5310	0.57879	0.	0.85741	1.0975e-004
5311	0.63904	0.	0.74632	2.0225e-004
5312	0.50625	0.	0.84598	1.1468e-004
5313	0.64763	0.	0.83344	1.3288e-004
5314	0.49676	0.	0.70311	2.7894e-004
5319	-0.95026	0.	0.95291	4.7141e-005
5320	-0.89606	0.	0.86628	1.1583e-004
5321	-0.80313	0.	0.88531	7.5606e-005
5322	-0.77472	0.	0.96924	2.6775e-005
5327	2.2825e-002	0.	0.36195	-1.5499e-003
5328	2.69e-002	0.	0.43551	-1.4743e-003
5329	-1.876e-002	0.	0.38152	-2.818e-003
5330	-1.6243e-002	0.	0.42071	-2.0279e-003
5334	-0.36495	0.	0.81736	-2.6448e-004
5335	-0.25342	0.	0.75284	-5.0299e-004
5336	-0.30972	0.	0.87909	-2.3249e-004
5337	-0.22544	0.	0.88132	-2.3431e-004
5338	-0.32062	0.	0.76208	-4.094e-004
5343	-0.3645	0.	0.55389	-9.6999e-004
5344	-0.40533	0.	0.58587	-6.0699e-004
5345	-0.41126	0.	0.64211	-5.0459e-004
5346	-0.36227	0.	0.66017	-6.0622e-004
5347	-0.3225	0.	0.61513	-8.7179e-004
5348	-0.32598	0.	0.57218	-1.1381e-003
5352	0.79344	0.	0.77211	1.9005e-004
5353	0.87024	0.	0.75275	2.1064e-004
5354	0.80202	0.	0.85923	1.2068e-004
5355	0.86788	0.	0.88656	1.0474e-004
5360	-0.99174	0.	0.86488	1.2203e-004
5361	-1.1346	0.	0.93659	6.7846e-005
5362	-1.0809	0.	0.88027	9.8839e-005
5367	-0.23	0.	0.18236	-3.0463e-002
5368	-0.29164	0.	0.22028	-1.352e-002
5369	-0.23559	0.	0.2488	-1.4073e-002
5370	-0.27621	0.	0.19481	-1.7273e-002
5371	-0.26738	0.	0.24135	-1.3753e-002
5375	-0.32548	0.	0.37204	-3.5536e-003
5376	-0.24714	0.	0.31361	-7.7764e-003
5377	-0.31257	0.	0.32213	-4.5883e-003
5378	-0.28037	0.	0.39604	-4.0815e-003
5379	-0.27892	0.	0.30616	-7.4561e-003
5380	-0.2295	0.	0.34482	-6.1245e-003
5385	-0.76651	0.	0.6807	2.336e-004
5386	-0.73364	0.	0.75601	1.4223e-004
5387	-0.71874	0.	0.64665	2.7324e-004
5388	-0.67423	0.	0.67159	1.5281e-004
5391	0.17643	0.	0.47675	1.6928e-004
5392	0.11943	0.	0.57439	-3.054e-004
5393	8.3978e-002	0.	0.493	-6.3708e-004
5394	0.16681	0.	0.54699	-1.0975e-004
5395	8.959e-002	0.	0.53941	-5.0521e-004
5399	-0.48856	0.	0.59459	-2.8455e-004
5400	-0.49449	0.	0.65083	-1.8215e-004
5401	-0.574	0.	0.58788	1.2297e-004
5402	-0.52393	0.	0.56319	-6.384e-005
5403	-0.58301	0.	0.63527	2.4532e-005
5408	1.2225e-002	0.	0.76616	-3.4883e-004
5409	-7.3347e-002	0.	0.71352	-6.0028e-004
5410	-5.5651e-002	0.	0.81052	-3.5021e-004
5412	-6.2073e-002	0.	0.51974	-1.594e-003
5413	-0.1401	0.	0.54567	-1.6687e-003
5414	-0.15565	0.	0.49795	-2.1797e-003
5415	-0.11823	0.	0.45965	-3.021e-003
5416	-9.3058e-002	0.	0.5455	-1.59e-003
5417	-7.5464e-002	0.	0.47575	-1.9932e-003
5419	0.21891	0.	0.37925	1.6844e-003
5420	0.19073	0.	0.26033	5.643e-003
5421	0.16152	0.	0.30282	2.1926e-003
5422	0.25769	0.	0.27832	3.1281e-003
5426	-0.51302	0.	0.30492	1.9844e-003
5427	-0.61621	0.	0.2488	3.8443e-003
5428	-0.55558	0.	0.24054	5.9642e-003
5429	-0.568	0.	0.32818	2.3598e-003
5430	-0.52606	0.	0.26727	3.7873e-003
5435	0.75234	0.	0.64043	3.1083e-004
5436	0.71193	0.	0.51757	5.106e-004
5437	0.78733	0.	0.48144	5.0391e-004
5438	0.82915	0.	0.62107	3.3142e-004
5439	0.84441	0.	0.5274	4.1252e-004
5441	-1.1619	0.	0.46982	5.0326e-004
5442	-1.1631	0.	0.54962	4.0866e-004
5443	-1.0964	0.	0.45259	5.8198e-004
5444	-1.0321	0.	0.48426	5.8586e-004
5445	-1.0897	0.	0.58877	3.989e-004
5448	0.23384	0.	0.92257	-2.1144e-005
5449	0.34623	0.	0.84778	7.5619e-005
5450	0.38562	0.	0.92353	3.1802e-005
5455	-0.36931	0.	0.45049	-1.3991e-003
5456	-0.40313	0.	0.53415	-8.4973e-004
5457	-0.32421	0.	0.47448	-1.927e-003
5458	-0.40124	0.	0.48732	-9.3349e-004
5459	-0.32378	0.	0.52045	-1.3808e-003
5462	0.34076	0.	0.12582	6.3539e-003
5463	0.46616	0.	0.1768	2.8473e-003
5464	0.35563	0.	0.18337	3.7982e-003
5465	0.41317	0.	0.20334	3.101e-003
5466	0.46874	0.	0.12546	3.1141e-003
5471	-0.83251	0.	0.20588	2.3402e-003
5472	-0.72289	0.	0.18947	3.6538e-003
5473	-0.77782	0.	0.2241	2.45e-003
5474	-0.83233	0.	0.15524	2.5647e-003
5475	-0.74847	0.	0.12632	4.7549e-003
5479	-0.86858	0.	0.31422	1.4105e-003
5480	-0.84873	0.	0.45661	8.1766e-004
5481	-0.91251	0.	0.41855	8.9627e-004
5482	-0.81388	0.	0.33244	1.5203e-003
5489	0.56766	0.	0.43097	9.1005e-004
5490	0.49789	0.	0.45432	9.3625e-004
5491	0.50801	0.	0.30564	1.4308e-003
5492	0.45501	0.	0.33218	1.6845e-003
5496	-0.5211	0.	0.86358	-1.0035e-004
5497	-0.6737	0.	0.85911	5.2461e-005
5498	-0.53237	0.	0.93922	-3.0047e-005
5499	-0.64529	0.	0.94303	3.6296e-006
5504	-0.39127	0.	0.88699	-1.6336e-004
5505	-0.45116	0.	0.75193	-2.3864e-004
5506	-0.40216	0.	0.76999	-3.4027e-004
5507	-0.45776	0.	0.9009	-1.2504e-004
5512	-0.25466	0.	0.16153	-2.9621e-002
5513	-0.1821	0.	0.13858	-5.1773e-002
5518	-0.10915	0.	0.28947	-1.0112e-002
5519	-0.13432	0.	0.30984	-8.6218e-003
5520	-0.14704	0.	0.33612	-6.9524e-003
5521	-0.12002	0.	0.37012	-5.6332e-003
5522	-7.9769e-002	0.	0.34703	-5.3956e-003
5528	-0.3479	0.	0.11633	3.8931e-003
5529	-0.35762	0.	9.8247e-002	1.3111e-002
5530	-0.40344	0.	0.11879	2.7614e-002
5531	-0.37791	0.	9.1091e-002	5.9181e-002
5535	7.9047e-002	0.	0.94361	-7.4441e-005
5536	0.11197	0.	0.84869	-1.5339e-004
5539	-1.2177	0.	0.34393	6.1927e-004
5540	-1.2209	0.	0.19024	7.444e-004
5541	-1.1523	0.	0.3267	6.9799e-004
5542	-1.1527	0.	0.20166	8.5359e-004
5547	0.82182	0.	0.32919	6.5241e-004
5548	0.86457	0.	0.18401	7.2608e-004
5549	0.80137	0.	0.19262	8.6872e-004
5550	0.87919	0.	0.30791	6.1859e-004
5557	0.42018	0.	0.84661	9.964e-005
5558	0.34652	0.	0.70431	1.8474e-004
5559	0.4107	0.	0.70375	2.639e-004
5563	1.1723e-002	0.	0.50335	-1.0807e-003
5564	-4.9013e-002	0.	0.55829	-1.2311e-003
5565	-3.1419e-002	0.	0.48854	-1.6343e-003
5566	1.7335e-002	0.	0.54976	-9.488e-004
5570	0.1048	0.	9.6108e-002	3.8712e-002
5571	0.20539	0.	0.11084	1.8935e-002
5572	0.1533	0.	0.15041	1.8894e-002
5573	0.10572	0.	0.12608	2.2675e-002
5574	9.575e-002	0.	7.114e-002	7.6358e-002
5580	4.924e-002	0.	8.453e-002	6.3149e-002
5581	7.3952e-002	0.	0.1252	3.2202e-002
5582	6.3978e-002	0.	7.0262e-002	8.5886e-002
5587	0.22211	0.	0.16426	8.6446e-003
5588	0.28907	0.	0.18225	6.1297e-003
5592	-0.55668	0.	0.1067	1.7133e-002
5593	-0.63687	0.	0.1585	7.6704e-003
5594	-0.57624	0.	0.15024	9.7903e-003
5595	-0.66245	0.	9.5348e-002	8.7715e-003
5598	-0.52701	0.	0.15046	1.592e-002
5599	-0.47109	0.	0.11745	2.6521e-002
5600	-0.48375	0.	0.14447	1.6445e-002
5601	-0.46079	0.	7.7759e-002	6.897e-002
5606	0.53211	0.	0.93379	5.0889e-005
5607	0.67348	0.	0.92126	6.9086e-005
5611	-0.19877	0.	0.64031	-1.0284e-003
5612	-0.16334	0.	0.68395	-7.1599e-004
5613	-0.29064	0.	0.70547	-5.7879e-004
5614	-0.25087	0.	0.66044	-8.4436e-004
5618	-0.60657	0.	0.50007	4.7699e-004
5619	-0.5565	0.	0.47539	2.9018e-004
5620	-0.58485	0.	0.40836	9.9744e-004
5624	-0.87748	0.	0.72197	2.4187e-004
5625	-0.84461	0.	0.79728	1.505e-004
5626	-1.0267	0.	0.79364	1.6752e-004
5627	-1.0138	0.	0.71964	2.4968e-004
5631	0.80196	0.	0.70368	2.5155e-004
5632	0.73374	0.	0.81016	1.6159e-004
5637	-1.1695	0.	0.86536	1.1333e-004
5638	-1.2395	0.	0.83862	1.3329e-004
5643	0.21676	0.	0.51189	4.0743e-004
5647	-0.18963	0.	0.53667	-1.8954e-003
5648	-0.13866	0.	0.62803	-1.072e-003
5649	-0.12704	0.	0.58422	-1.3058e-003
5650	-0.2262	0.	0.60452	-1.2004e-003
5651	-0.22968	0.	0.56157	-1.4667e-003
5655	-7.3275e-002	0.	0.23898	-1.0596e-002
5656	-0.13377	0.	0.27143	-1.1556e-002
5657	-9.5959e-002	0.	0.2179	-1.6719e-002
5663	-0.31631	0.	0.19944	-1.2679e-002
5664	-0.34112	0.	0.26194	-6.29e-003
5665	-0.30748	0.	0.24597	-9.1578e-003
5669	-0.25176	0.	0.95096	-1.332e-004
5670	-0.40254	0.	0.96264	-9.3056e-005
5674	-0.41889	0.	0.36079	-4.8346e-004
5675	-0.36341	0.	0.3489	-2.6201e-003
5676	-0.33122	0.	0.42281	-2.1134e-003
5677	-0.40826	0.	0.43565	-1.1198e-003
5681	0.37642	0.	0.63719	3.0518e-004
5682	0.25969	0.	0.60994	1.7721e-004
5684	0.71972	0.	0.4412	6.2382e-004
5685	0.57454	0.	0.50067	6.5672e-004
5690	-0.4499	0.	0.62237	-3.8433e-004
5691	-0.47934	0.	0.53473	-2.6602e-004
5692	-0.44208	0.	0.5193	-5.7049e-004
5696	-0.40684	0.	0.69666	-3.8356e-004
5699	3.4996e-002	0.	0.87186	-1.7776e-004
5700	-8.2701e-002	0.	0.95999	-1.1691e-004
5701	-3.288e-002	0.	0.91622	-1.7914e-004
5707	-0.93652	0.	0.19788	1.5645e-003
5708	-1.0452	0.	0.1455	1.202e-003
5709	-0.93633	0.	0.14724	1.7891e-003
5715	0.57662	0.	0.17952	1.5373e-003
5716	0.69123	0.	0.13216	1.2261e-003
5717	0.5792	0.	0.12819	1.8041e-003
5720	-2.0945e-002	0.	0.19882	-4.6016e-003
5721	-6.0628e-002	0.	0.20581	-1.4269e-002
5725	-0.18929	0.	0.28687	-1.0049e-002
5726	-0.25143	0.	0.27449	-9.7108e-003
5727	-0.20201	0.	0.31315	-8.3792e-003
5732	1.2454e-002	0.	8.1892e-002	5.1011e-002
5733	4.0191e-002	0.	5.9561e-002	0.1008
5734	2.1545e-002	0.	6.405e-002	0.143
5740	0.85249	0.	0.38378	5.833e-004
5741	0.8522	0.	0.45102	5.2573e-004
5746	-7.4938e-002	0.	0.11689	-3.6366e-002
5747	-2.2309e-002	0.	0.13996	-1.2289e-002
5748	-6.1992e-002	0.	0.14695	-2.1956e-002
5749	-2.0608e-002	0.	9.9561e-002	2.2013e-004
5756	-1.2357	0.	0.50292	4.2277e-004
5757	-1.169	0.	0.40589	5.961e-004
5761	-0.78456	0.	0.741	2.0165e-004
5762	-0.83241	0.	0.59691	4.0918e-004
5763	-0.76966	0.	0.63165	3.3266e-004
5768	0.47268	0.	0.58032	5.3363e-004
5770	9.0149e-002	0.	0.70695	-2.598e-004
5771	3.843e-005	0.	0.8213	-2.5808e-004
5777	0.15976	0.	0.60954	-6.7244e-005
5778	8.2542e-002	0.	0.60196	-4.627e-004
5782	7.246e-002	0.	0.30792	3.1272e-004
5783	-8.2597e-003	0.	0.3466	-2.3456e-003
5787	-0.83237	0.	0.26156	1.8208e-003
5788	-0.88688	0.	0.19269	1.9356e-003
5793	0.47202	0.	0.25321	1.9258e-003
5794	0.52759	0.	0.17532	1.9389e-003
5798	0.89402	0.	0.59065	3.5324e-004
5803	0.14081	0.	0.24632	5.1533e-003
5804	0.23699	0.	0.22181	6.0888e-003
5805	0.12245	0.	0.17949	1.2385e-002
5811	-0.13248	0.	0.12635	-5.4973e-002
5812	-9.6259e-002	0.	0.15468	-3.48e-002
5817	-0.24565	0.	0.46787	-2.5239e-003
5818	-0.16776	0.	0.45065	-3.2477e-003
5819	-0.24522	0.	0.51384	-1.9777e-003
5823	-0.72327	0.	0.90024	6.1449e-005
5828	-0.11766	0.	0.90943	-1.9724e-004
5833	-0.40598	0.	0.31087	-1.5182e-003
5834	-0.51643	0.	0.34602	9.9386e-004
5835	-0.4745	0.	0.28511	2.4214e-003
5840	-0.31226	0.	0.14852	-1.7047e-002
5845	-0.31686	0.	0.28301	-6.5227e-003
5850	-0.28569	0.	0.49277	-2.0951e-003
5854	-0.33338	0.	0.10498	-8.4443e-003
5860	-0.6072	0.	0.20226	6.4581e-003
5861	-0.72275	0.	0.24515	3.1344e-003
5862	-0.6934	0.	0.14736	5.4393e-003
5867	-0.91116	0.	0.49006	6.0395e-004
5868	-0.78464	0.	0.56286	4.4882e-004
5872	-0.17166	0.	0.31808	-8.3967e-003
5879	3.5464e-002	0.	0.16296	7.5542e-003
5880	-4.363e-002	0.	0.17775	-1.0724e-002
5885	-0.56478	0.	0.52802	1.4151e-004
5886	-0.66837	0.	0.57515	3.5031e-004
5887	-0.62386	0.	0.60009	2.2988e-004
5891	-1.1635	0.	0.62187	3.184e-004
5892	-1.2463	0.	0.66914	2.562e-004
5897	0.81743	0.	0.12332	9.0711e-004
5902	-1.1727	0.	0.12716	8.7683e-004
5906	-1.0392	0.	0.42033	6.7869e-004
5915	0.36149	0.	0.25977	2.8767e-003
5919	-0.50331	0.	0.18801	9.103e-003
5920	-0.51705	0.	0.22073	6.4012e-003
5930	-9.1613e-002	0.	0.62786	-9.9339e-004
5934	-0.15736	0.	0.37835	-5.4081e-003
5937	-9.0095e-002	0.	0.38927	-3.8513e-003
5938	-8.7577e-002	0.	0.42845	-3.0612e-003
5944	-0.31807	0.	0.66968	-7.5077e-004
5948	0.80818	0.	0.92461	7.6282e-005
5953	-1.6673e-003	0.	0.45935	-1.4799e-003
5954	4.7087e-002	0.	0.52057	-7.9438e-004
5980	-1.1029	0.	0.73503	2.2648e-004
5981	-1.1857	0.	0.78229	1.6428e-004
5989	-0.47745	0.	0.48791	-3.4978e-004
6003	-4.7327e-002	0.	0.40536	-2.8236e-003
6013	-0.4092	0.	0.10028	6.1346e-002
6014	-0.44739	0.	0.155	1.9703e-002
6015	-0.42443	0.	8.8287e-002	7.2228e-002
6021	-0.37872	0.	6.3257e-002	0.15671
6022	-0.3989	0.	6.0591e-002	0.1038
6028	-0.28178	0.	0.58169	-1.2826e-003
6040	-1.1729	0.	0.70829	2.4644e-004
6047	-0.47379	0.	0.21474	6.9262e-003
6060	0.90957	0.	0.42974	4.9191e-004
6068	-0.67738	0.	0.62254	2.5187e-004
10206	4.6072e-002	0.	3.6229e-002	0.17238
10207	2.7426e-002	0.	4.0718e-002	0.21459
10210	3.6283e-002	0.	4.9782e-002	0.16574
10231	-0.39394	0.	5.1261e-002	0.16759
10232	-0.38551	0.	4.0838e-002	0.23165
10235	-0.40569	0.	3.8172e-002	0.17873
