Node Number	X Location (m)	Y Location (m)	Z Location (m)	Directional Magnetic Flux Density (T)
9	-0.16	0.	2.e-002	0.8239
10	-0.13714	0.	2.e-002	1.7148
11	-0.11429	0.	2.e-002	2.4386
12	-9.1429e-002	0.	2.e-002	2.5721
13	-6.8571e-002	0.	2.e-002	2.5752
14	-4.5714e-002	0.	2.e-002	2.44
15	0.	0.	2.e-002	1.4213
16	-2.2857e-002	0.	2.e-002	2.0856
59	-2.2857e-002	0.	-2.e-002	1.372
60	0.	0.	-2.e-002	-0.61171
61	-4.5714e-002	0.	-2.e-002	2.408
62	-6.8571e-002	0.	-2.e-002	2.5641
63	-9.1429e-002	0.	-2.e-002	2.5675
64	-0.11429	0.	-2.e-002	2.4018
65	-0.13714	0.	-2.e-002	1.7676
66	-0.16	0.	-2.e-002	1.066
385	0.	0.	0.	0.72041
386	-0.16	0.	0.	0.77678
1875	-0.14857	0.	2.e-002	1.2694
1877	-0.16	0.	1.e-002	0.80034
1883	-0.12571	0.	2.e-002	2.0767
1885	-0.12571	0.	0.	2.0583
1886	-0.13714	0.	0.	1.7412
1887	-0.14857	0.	1.e-002	1.2458
1892	-0.10286	0.	2.e-002	2.5054
1894	-0.10286	0.	0.	2.5031
1895	-0.11429	0.	0.	2.4202
1898	-8.e-002	0.	2.e-002	2.5737
1900	-9.1429e-002	0.	0.	2.5698
1903	-5.7143e-002	0.	2.e-002	2.5076
1905	-6.8571e-002	0.	0.	2.5697
1906	-8.e-002	0.	0.	2.5714
1909	-3.4286e-002	0.	2.e-002	2.2628
1911	-4.5714e-002	0.	0.	2.424
1912	-5.7143e-002	0.	0.	2.5021
1915	-1.1429e-002	0.	2.e-002	1.7534
1917	0.	0.	1.e-002	1.0708
1922	-2.2857e-002	0.	0.	1.7288
1923	-3.4286e-002	0.	0.	2.2468
1924	-1.1429e-002	0.	1.e-002	1.403
2152	-1.1429e-002	0.	-2.e-002	0.38014
2153	-3.4286e-002	0.	-2.e-002	1.89
2155	-1.1429e-002	0.	-1.e-002	1.0462
2160	0.	0.	-1.e-002	5.4349e-002
2165	-5.7143e-002	0.	-2.e-002	2.4861
2169	-8.e-002	0.	-2.e-002	2.5658
2173	-0.10286	0.	-2.e-002	2.4846
2177	-0.12571	0.	-2.e-002	2.0847
2181	-0.14857	0.	-2.e-002	1.4168
2183	-0.14857	0.	-1.e-002	1.2722
2188	-0.16	0.	-1.e-002	0.9214
1	0.	0.	3.e-002	5.4038e-002
2	-2.2857e-002	0.	3.e-002	-1.4518e-002
3	-4.5714e-002	0.	3.e-002	-5.5625e-002
4	-6.8571e-002	0.	3.e-002	-1.8144e-002
5	-9.1429e-002	0.	3.e-002	-1.8211e-002
6	-0.11429	0.	3.e-002	-5.5894e-002
7	-0.13714	0.	3.e-002	-1.0568e-002
8	-0.16	0.	3.e-002	6.234e-002
9	-0.16	0.	2.e-002	6.234e-002
10	-0.13714	0.	2.e-002	-1.0568e-002
11	-0.11429	0.	2.e-002	-5.5894e-002
12	-9.1429e-002	0.	2.e-002	-1.8211e-002
13	-6.8571e-002	0.	2.e-002	-1.8144e-002
14	-4.5714e-002	0.	2.e-002	-5.5625e-002
15	0.	0.	2.e-002	5.4038e-002
16	-2.2857e-002	0.	2.e-002	-1.4518e-002
59	-2.2857e-002	0.	-2.e-002	-1.5724e-002
60	0.	0.	-2.e-002	4.8827e-002
61	-4.5714e-002	0.	-2.e-002	-5.4139e-002
62	-6.8571e-002	0.	-2.e-002	-1.7636e-002
63	-9.1429e-002	0.	-2.e-002	-1.8605e-002
64	-0.11429	0.	-2.e-002	-5.6509e-002
65	-0.13714	0.	-2.e-002	-1.5705e-002
66	-0.16	0.	-2.e-002	5.1666e-002
131	-0.13714	0.	-3.e-002	-1.5705e-002
132	-0.16	0.	-3.e-002	5.1666e-002
133	-0.11429	0.	-3.e-002	-5.6509e-002
134	-9.1429e-002	0.	-3.e-002	-1.8605e-002
135	-6.8571e-002	0.	-3.e-002	-1.7636e-002
136	-4.5714e-002	0.	-3.e-002	-5.4139e-002
137	-2.2857e-002	0.	-3.e-002	-1.5724e-002
138	0.	0.	-3.e-002	4.8827e-002
1815	-1.1429e-002	0.	3.e-002	1.976e-002
1816	0.	0.	2.5e-002	5.4038e-002
1825	-3.4286e-002	0.	3.e-002	-3.5072e-002
1826	-2.2857e-002	0.	2.5e-002	-1.4518e-002
1833	-5.7143e-002	0.	3.e-002	-3.6884e-002
1834	-4.5714e-002	0.	2.5e-002	-5.5625e-002
1842	-8.e-002	0.	3.e-002	-1.8178e-002
1843	-6.8571e-002	0.	2.5e-002	-1.8144e-002
1847	-0.10286	0.	3.e-002	-3.7053e-002
1848	-9.1429e-002	0.	2.5e-002	-1.8211e-002
1853	-0.12571	0.	3.e-002	-3.3231e-002
1854	-0.11429	0.	2.5e-002	-5.5894e-002
1860	-0.14857	0.	3.e-002	2.5886e-002
1861	-0.13714	0.	2.5e-002	-1.0568e-002
1866	-0.16	0.	2.5e-002	6.234e-002
1875	-0.14857	0.	2.e-002	2.5886e-002
1883	-0.12571	0.	2.e-002	-3.3231e-002
1892	-0.10286	0.	2.e-002	-3.7053e-002
1898	-8.e-002	0.	2.e-002	-1.8178e-002
1903	-5.7143e-002	0.	2.e-002	-3.6884e-002
1909	-3.4286e-002	0.	2.e-002	-3.5072e-002
1915	-1.1429e-002	0.	2.e-002	1.976e-002
2152	-1.1429e-002	0.	-2.e-002	1.6552e-002
2153	-3.4286e-002	0.	-2.e-002	-3.4931e-002
2154	-2.2857e-002	0.	-2.5e-002	-1.5724e-002
2159	0.	0.	-2.5e-002	4.8827e-002
2165	-5.7143e-002	0.	-2.e-002	-3.5888e-002
2166	-4.5714e-002	0.	-2.5e-002	-5.4139e-002
2169	-8.e-002	0.	-2.e-002	-1.812e-002
2170	-6.8571e-002	0.	-2.5e-002	-1.7636e-002
2173	-0.10286	0.	-2.e-002	-3.7557e-002
2174	-9.1429e-002	0.	-2.5e-002	-1.8605e-002
2177	-0.12571	0.	-2.e-002	-3.6107e-002
2178	-0.11429	0.	-2.5e-002	-5.6509e-002
2181	-0.14857	0.	-2.e-002	1.798e-002
2182	-0.13714	0.	-2.5e-002	-1.5705e-002
2187	-0.16	0.	-2.5e-002	5.1666e-002
2594	-0.14857	0.	-3.e-002	1.798e-002
2595	-0.12571	0.	-3.e-002	-3.6107e-002
2608	-0.10286	0.	-3.e-002	-3.7557e-002
2613	-8.e-002	0.	-3.e-002	-1.812e-002
2617	-5.7143e-002	0.	-3.e-002	-3.5888e-002
2623	-3.4286e-002	0.	-3.e-002	-3.4931e-002
2629	-1.1429e-002	0.	-3.e-002	1.6552e-002
60	0.	0.	-2.e-002	0.2674
66	-0.16	0.	-2.e-002	0.31227
131	-0.13714	0.	-3.e-002	-4.3139e-002
132	-0.16	0.	-3.e-002	9.5851e-002
133	-0.11429	0.	-3.e-002	-8.1913e-002
134	-9.1429e-002	0.	-3.e-002	-8.756e-002
135	-6.8571e-002	0.	-3.e-002	-8.0407e-002
136	-4.5714e-002	0.	-3.e-002	-8.0821e-002
137	-2.2857e-002	0.	-3.e-002	-6.5816e-002
138	0.	0.	-3.e-002	4.5136e-002
209	1.	0.	-9.3636e-002	9.0793e-005
210	1.	0.	-0.18727	8.6087e-005
211	1.	0.	-0.28091	7.5578e-005
212	1.	0.	-0.37455	6.1309e-005
213	1.	0.	-0.46818	5.0592e-005
214	1.	0.	-0.56182	3.953e-005
215	1.	0.	-0.65545	2.8694e-005
216	1.	0.	-0.74909	2.1136e-005
217	1.	0.	-0.84273	1.264e-005
218	1.	0.	-0.93636	5.4988e-006
229	0.90609	0.	-1.03	2.3618e-006
230	0.81217	0.	-1.03	2.7775e-006
231	0.71826	0.	-1.03	2.7365e-006
232	0.62435	0.	-1.03	2.4792e-006
233	0.53043	0.	-1.03	2.1486e-006
234	0.43652	0.	-1.03	1.2538e-006
235	0.34261	0.	-1.03	-1.7325e-007
236	0.2487	0.	-1.03	-2.2783e-006
237	0.15478	0.	-1.03	-3.6433e-006
238	6.087e-002	0.	-1.03	-6.2233e-006
239	-3.3043e-002	0.	-1.03	-6.4655e-006
240	-0.12696	0.	-1.03	-6.8441e-006
241	-0.22087	0.	-1.03	-6.6527e-006
242	-0.31478	0.	-1.03	-3.4054e-006
243	-0.4087	0.	-1.03	-1.3146e-006
244	-0.50261	0.	-1.03	-1.0032e-007
245	-0.59652	0.	-1.03	1.6427e-006
246	-0.69043	0.	-1.03	2.2453e-006
247	-0.78435	0.	-1.03	2.6041e-006
248	-0.87826	0.	-1.03	3.8908e-006
249	-0.97217	0.	-1.03	4.3767e-006
250	-1.0661	0.	-1.03	3.8281e-006
256	-1.16	0.	-0.93636	6.6963e-006
257	-1.16	0.	-0.84273	1.2306e-005
258	-1.16	0.	-0.74909	2.1658e-005
259	-1.16	0.	-0.65545	3.072e-005
260	-1.16	0.	-0.56182	4.1643e-005
261	-1.16	0.	-0.46818	5.3259e-005
262	-1.16	0.	-0.37455	6.3729e-005
263	-1.16	0.	-0.28091	7.5345e-005
264	-1.16	0.	-0.18727	8.7323e-005
265	-1.16	0.	-9.3636e-002	9.315e-005
271	9.0909e-002	0.	0.	1.8826e-002
272	0.18182	0.	0.	7.3263e-003
273	0.27273	0.	0.	2.0183e-003
274	0.36364	0.	0.	1.0088e-003
275	0.45455	0.	0.	5.3162e-004
276	0.54545	0.	0.	3.1093e-004
277	0.63636	0.	0.	2.0621e-004
278	0.72727	0.	0.	1.5716e-004
279	0.81818	0.	0.	1.1613e-004
280	0.90909	0.	0.	9.7245e-005
281	-1.0691	0.	0.	1.0077e-004
282	-0.97818	0.	0.	1.1785e-004
283	-0.88727	0.	0.	1.5308e-004
284	-0.79636	0.	0.	1.9093e-004
285	-0.70545	0.	0.	3.2837e-004
286	-0.61455	0.	0.	5.0293e-004
287	-0.52364	0.	0.	9.5193e-004
288	-0.43273	0.	0.	1.9164e-003
289	-0.34182	0.	0.	5.6678e-003
290	-0.25091	0.	0.	2.9611e-002
385	0.	0.	0.	0.5462
386	-0.16	0.	0.	0.48573
391	1.	0.	-1.03	2.5009e-006
392	1.	0.	0.	9.3032e-005
393	-1.16	0.	-1.03	2.6423e-006
394	-1.16	0.	0.	9.3977e-005
399	4.5455e-002	0.	0.	0.10534
400	-0.20545	0.	0.	0.1204
557	5.9947e-002	0.	-0.37264	-2.9558e-004
558	0.5258	0.	-0.46258	8.1626e-005
559	-7.1085e-002	0.	-0.22435	-2.8075e-003
560	-0.35275	0.	-0.7348	-2.1711e-005
561	-0.20232	0.	-0.46432	-2.2843e-004
562	-0.75657	0.	-0.6102	4.4295e-005
563	0.15014	0.	-0.69667	-3.4523e-005
564	-0.36365	0.	-0.23722	6.4291e-004
565	-0.26183	0.	-0.13361	3.2324e-003
566	-0.46711	0.	-0.52835	2.4317e-005
567	-0.1074	0.	-0.10591	-1.9095e-002
568	-0.82192	0.	-0.3051	1.239e-004
569	0.61155	0.	-0.74924	2.0856e-005
570	0.28053	0.	-0.42159	8.2033e-005
571	-0.1015	0.	-0.72444	-7.0293e-005
572	-2.3114e-002	0.	-0.1169	-1.0569e-002
573	-0.49832	0.	-0.26348	3.8721e-004
574	-5.0467e-002	0.	-0.60407	-1.2185e-004
575	0.59284	0.	-0.31968	1.3274e-004
576	-0.11233	0.	-0.29802	-1.2035e-003
577	0.29483	0.	-0.74243	-5.0752e-006
578	3.0147e-002	0.	-0.29782	-7.4796e-004
579	0.68386	0.	-0.49566	5.9247e-005
580	0.25458	0.	-0.30332	2.5663e-004
581	9.6024e-002	0.	-0.46471	-1.4501e-004
582	-0.64031	0.	-0.63281	3.522e-005
583	-0.6053	0.	-0.451	1.0279e-004
584	-0.85241	0.	-0.89659	7.9664e-006
585	4.7211e-002	0.	-0.18667	-3.2049e-004
586	4.0742e-002	0.	-0.1296	1.5518e-003
587	-1.0436	0.	-0.51218	5.0108e-005
588	0.7145	0.	-0.26156	1.3304e-004
589	-0.95975	0.	-0.71946	2.6467e-005
590	-0.21382	0.	-9.7366e-002	5.6539e-003
591	-0.43823	0.	-0.39599	1.2172e-004
592	-0.55428	0.	-0.86004	3.1976e-006
593	-8.6811e-002	0.	-0.42876	-4.4452e-004
594	-0.24312	0.	-0.25167	-2.7968e-004
595	-0.17829	0.	-0.19449	-1.5013e-003
596	0.80102	0.	-0.80173	1.3878e-005
597	-0.28582	0.	-0.62967	-6.2566e-005
598	-0.12165	0.	-6.2228e-002	-4.9185e-002
599	0.34707	0.	-0.11806	8.4009e-004
600	0.41474	0.	-0.25938	3.1627e-004
601	-1.5516e-002	0.	-0.91903	-1.4793e-005
602	0.21608	0.	-0.87576	-8.7599e-006
603	0.26283	0.	-0.53836	1.848e-005
604	-0.99888	0.	-0.26452	9.4252e-005
605	-0.16118	0.	-0.87722	-2.08e-005
606	0.38652	0.	-0.51067	6.1039e-005
607	0.49564	0.	-0.61123	3.4628e-005
608	0.86152	0.	-0.55941	4.0069e-005
609	0.37198	0.	-0.8716	2.2744e-006
610	1.6163e-002	0.	-7.2821e-002	1.761e-002
611	-0.61093	0.	-0.12992	4.9711e-004
612	0.48201	0.	-0.1295	4.0396e-004
613	-0.65861	0.	-0.26291	2.5997e-004
614	0.78632	0.	-0.40092	7.958e-005
615	-1.0078	0.	-0.90809	7.7299e-006
616	-0.3301	0.	-0.50207	-5.4891e-005
617	-0.70704	0.	-0.77204	1.5567e-005
618	0.16616	0.	-0.37226	9.0846e-006
619	-0.8771	0.	-0.15187	1.46e-004
620	-0.15385	0.	-0.38185	-5.1589e-004
621	-0.79963	0.	-0.46588	7.1596e-005
622	-0.30125	0.	-0.31728	1.6596e-005
623	-8.3172e-002	0.	-7.1115e-002	-4.8363e-002
624	-0.4809	0.	-0.72204	-1.0771e-006
625	1.7255e-002	0.	-0.70091	-6.2311e-005
626	5.5709e-002	0.	-0.60814	-9.4851e-005
627	0.6908	0.	-0.89931	6.9487e-006
628	0.52729	0.	-0.9035	5.5252e-006
629	-0.3973	0.	-0.92907	-4.0083e-006
630	-0.47457	0.	-0.12992	1.153e-003
631	-0.93975	0.	-0.41956	7.0834e-005
632	-0.22732	0.	-0.73833	-3.924e-005
633	0.67714	0.	-0.12217	1.6827e-004
634	-0.3575	0.	-0.11821	2.6863e-003
635	0.77341	0.	-0.13401	1.2366e-004
636	-0.90015	0.	-0.58459	4.1486e-005
637	-0.17038	0.	-0.62496	-1.0651e-004
638	0.10665	0.	-6.7222e-002	1.0612e-002
639	0.2177	0.	-9.1329e-002	2.9941e-003
640	0.43465	0.	-0.74955	1.2145e-005
641	0.74802	0.	-0.66133	2.9938e-005
642	-3.6408e-002	0.	-7.1667e-002	-3.9392e-002
643	0.86682	0.	-0.26142	8.8236e-005
644	-0.13571	0.	-0.52958	-2.1611e-004
645	-2.1187e-002	0.	-0.36126	-6.4278e-004
646	-0.25629	0.	-0.39819	-2.1372e-004
647	-1.03	0.	-0.12309	1.0187e-004
648	0.12545	0.	-0.16237	1.9013e-003
649	-0.39414	0.	-0.64325	-1.7144e-005
650	8.0378e-002	0.	-0.80696	-3.1233e-005
651	-0.15901	0.	-9.7569e-002	-4.3741e-003
652	-0.70257	0.	-0.92262	5.153e-006
653	-5.0874e-002	0.	-0.50685	-2.4482e-004
654	0.85026	0.	-0.93278	5.1545e-006
655	-0.74506	0.	-0.14163	2.2051e-004
656	-0.15428	0.	-5.5881e-002	-4.5189e-003
657	0.40537	0.	-0.40238	1.6603e-004
658	-1.8204e-002	0.	-5.0833e-002	-4.1179e-002
659	-0.55523	0.	-0.36155	1.6573e-004
660	0.62403	0.	-0.61326	4.0839e-005
661	0.10963	0.	-0.29903	-2.0904e-004
662	-6.119e-002	0.	-9.8156e-002	-2.4214e-002
663	-1.0744	0.	-0.38511	6.405e-005
664	-0.30412	0.	-0.81472	-1.7614e-005
665	-0.27735	0.	-0.93195	-7.6447e-006
666	9.8695e-002	0.	-0.9254	-9.8684e-006
667	-0.19136	0.	-5.7331e-002	3.1557e-002
668	4.2029e-003	0.	-0.44667	-3.2495e-004
669	0.34898	0.	-0.62791	1.6598e-005
670	0.88997	0.	-0.14081	9.9826e-005
671	0.90551	0.	-0.72498	2.1443e-005
672	-7.382e-002	0.	-0.14943	-8.6382e-003
673	-1.0661	0.	-0.65576	3.0732e-005
674	-0.68203	0.	-0.51918	7.2589e-005
675	-0.11757	0.	-0.18795	-3.7557e-003
676	-0.41924	0.	-0.80674	-7.7452e-006
677	-0.13886	0.	-0.14618	-5.6047e-003
678	-0.1971	0.	-0.14171	-4.8677e-004
679	0.66066	0.	-0.38808	1.0657e-004
680	0.91209	0.	-0.39282	6.1411e-005
681	-0.20278	0.	-0.31529	-7.2443e-004
682	0.18306	0.	-0.4761	-3.8319e-005
683	-0.71102	0.	-0.38052	1.1559e-004
684	0.22892	0.	-0.19868	9.0035e-004
685	-0.1542	0.	-0.24529	-1.9025e-003
686	-4.0845e-002	0.	-0.29218	-1.2736e-003
687	-0.51673	0.	-0.43866	8.4364e-005
688	-0.24239	0.	-0.19052	3.5318e-004
689	-0.83075	0.	-0.7383	2.1067e-005
690	-1.1329e-002	0.	-0.17128	-3.3113e-003
691	6.5464e-003	0.	-0.2293	-1.7024e-003
692	0.49009	0.	-0.34674	1.9138e-004
693	-0.57772	0.	-0.53952	5.4786e-005
694	-0.94603	0.	-0.81404	1.6408e-005
695	0.18255	0.	-0.27624	2.4538e-004
696	0.14465	0.	-0.56281	-6.4932e-005
697	-8.2702e-002	0.	-0.3509	-7.7815e-004
698	2.9293e-002	0.	-0.51958	-1.756e-004
699	0.24717	0.	-0.63308	-6.3345e-006
700	-0.22711	0.	-0.54925	-1.4222e-004
701	-0.34625	0.	-0.38659	5.444e-005
702	0.58636	0.	-0.12293	2.553e-004
703	-0.53267	0.	-0.6222	1.876e-005
704	-9.6273e-002	0.	-4.5124e-002	-7.2056e-002
705	0.31985	0.	-0.96499	-6.3414e-007
706	7.7315e-002	0.	-0.23475	-1.3145e-004
707	-0.58304	0.	-0.72183	1.4567e-005
708	-0.25995	0.	-5.7e-002	1.5728e-002
709	-3.4089e-002	0.	-0.79867	-3.7572e-005
710	0.53419	0.	-0.23937	2.3094e-004
711	0.31491	0.	-0.23637	4.4634e-004
712	0.62493	0.	-0.21454	1.7412e-004
713	-1.0657	0.	-0.80365	1.6384e-005
714	-0.91639	0.	-7.6275e-002	1.4651e-004
2159	0.	0.	-2.5e-002	0.15627
2160	0.	0.	-1.e-002	0.4068
2161	2.2727e-002	0.	-1.e-002	0.18637
2187	-0.16	0.	-2.5e-002	0.20406
2188	-0.16	0.	-1.e-002	0.399
2189	-0.18273	0.	-1.e-002	0.21633
2594	-0.14857	0.	-3.e-002	2.6356e-002
2595	-0.12571	0.	-3.e-002	-6.2526e-002
2596	-0.1294	0.	-4.6114e-002	-4.6162e-002
2597	-0.14571	0.	-4.2941e-002	-2.3829e-002
2601	-0.18273	0.	-1.5e-002	0.10812
2602	-0.15714	0.	-4.2941e-002	4.5666e-002
2603	-0.17568	0.	-4.3666e-002	6.3704e-002
2608	-0.10286	0.	-3.e-002	-8.4737e-002
2609	-0.11797	0.	-4.6114e-002	-6.5549e-002
2610	-0.10528	0.	-3.7562e-002	-7.6985e-002
2613	-8.e-002	0.	-3.e-002	-8.3983e-002
2614	-9.3851e-002	0.	-3.7562e-002	-7.9808e-002
2617	-5.7143e-002	0.	-3.e-002	-8.0614e-002
2618	-7.5872e-002	0.	-5.0558e-002	-6.4385e-002
2619	-5.249e-002	0.	-5.0833e-002	-5.9899e-002
2620	-8.2422e-002	0.	-3.7562e-002	-7.6231e-002
2623	-3.4286e-002	0.	-3.e-002	-7.3318e-002
2624	-4.1061e-002	0.	-5.0833e-002	-6.0107e-002
2625	-3.1959e-002	0.	-4.0417e-002	-6.1e-002
2629	-1.1429e-002	0.	-3.e-002	-1.034e-002
2630	-2.0531e-002	0.	-4.0417e-002	-5.3497e-002
2634	2.2727e-002	0.	-1.5e-002	7.5237e-002
2635	8.0817e-003	0.	-5.141e-002	3.1373e-002
2636	-9.102e-003	0.	-4.0417e-002	1.9785e-003
3094	1.	0.	-0.14045	8.844e-005
3096	0.95455	0.	-4.6818e-002	9.4019e-005
3097	1.	0.	-4.6818e-002	9.1912e-005
3098	0.94498	0.	-0.11722	9.531e-005
3103	1.	0.	-0.23409	8.0833e-005
3104	0.93341	0.	-0.22435	8.7162e-005
3105	0.94498	0.	-0.16404	9.2957e-005
3108	1.	0.	-0.32773	6.8443e-005
3109	0.93341	0.	-0.27116	8.1907e-005
3110	0.95605	0.	-0.33687	6.8494e-005
3115	1.	0.	-0.42136	5.5951e-005
3116	0.95605	0.	-0.38368	6.136e-005
3119	1.	0.	-0.515	4.5061e-005
3120	0.93076	0.	-0.51379	4.5331e-005
3121	0.95605	0.	-0.4305	5.6002e-005
3124	1.	0.	-0.60864	3.4112e-005
3125	0.93076	0.	-0.56061	3.98e-005
3130	1.	0.	-0.70227	2.4915e-005
3131	0.93076	0.	-0.60743	3.4382e-005
3132	0.95275	0.	-0.69022	2.5069e-005
3134	1.	0.	-0.79591	1.6888e-005
3135	0.95275	0.	-0.73704	2.129e-005
3138	1.	0.	-0.88955	9.0692e-006
3139	0.90051	0.	-0.82223	1.3259e-005
3140	0.92513	0.	-0.88775	8.897e-006
3141	0.95275	0.	-0.78385	1.7041e-005
3146	0.95304	0.	-0.98318	3.9303e-006
3147	1.	0.	-0.98318	3.9999e-006
3148	0.92513	0.	-0.93457	5.3266e-006
3219	0.85913	0.	-1.03	2.5697e-006
3220	0.95304	0.	-1.03	2.4314e-006
3221	0.87817	0.	-0.98139	3.7581e-006
3225	0.76522	0.	-1.03	2.757e-006
3226	0.75149	0.	-0.96466	4.8631e-006
3227	0.83122	0.	-0.98139	3.966e-006
3230	0.6713	0.	-1.03	2.6079e-006
3231	0.70453	0.	-0.96466	4.8426e-006
3236	0.57739	0.	-1.03	2.3139e-006
3237	0.65757	0.	-0.96466	4.714e-006
3238	0.57582	0.	-0.96675	4.0022e-006
3240	0.48348	0.	-1.03	1.7012e-006
3241	0.52886	0.	-0.96675	3.8369e-006
3245	0.38957	0.	-1.03	5.4026e-007
3246	0.40425	0.	-0.9508	1.7641e-006
3247	0.4819	0.	-0.96675	3.3895e-006
3248	0.37818	0.	-0.99749	3.0981e-007
3251	0.29565	0.	-1.03	-1.2258e-006
3252	0.33123	0.	-0.99749	-4.0369e-007
3255	0.20174	0.	-1.03	-2.9608e-006
3256	0.23239	0.	-0.95288	-5.5191e-006
3257	0.28427	0.	-0.99749	-1.4562e-006
3261	0.10783	0.	-1.03	-4.9333e-006
3262	0.18543	0.	-0.95288	-6.2016e-006
3263	0.12674	0.	-0.9777	-6.7559e-006
3266	1.3913e-002	0.	-1.03	-6.3444e-006
3267	2.2677e-002	0.	-0.97452	-1.0508e-005
3268	7.9782e-002	0.	-0.9777	-8.0458e-006
3272	-8.e-002	0.	-1.03	-6.6548e-006
3273	-2.428e-002	0.	-0.97452	-1.0629e-005
3278	-0.17391	0.	-1.03	-6.7484e-006
3279	-7.1236e-002	0.	-0.97452	-1.0818e-005
3280	-0.14407	0.	-0.95361	-1.3822e-005
3283	-0.26783	0.	-1.03	-5.029e-006
3284	-0.19103	0.	-0.95361	-1.3726e-005
3285	-0.24911	0.	-0.98097	-7.1487e-006
3289	-0.36174	0.	-1.03	-2.36e-006
3290	-0.35604	0.	-0.97953	-3.7068e-006
3291	-0.29607	0.	-0.98097	-5.525e-006
3295	-0.45565	0.	-1.03	-7.0745e-007
3296	-0.403	0.	-0.97953	-2.6614e-006
3298	-0.54957	0.	-1.03	7.712e-007
3299	-0.52844	0.	-0.94502	1.5487e-006
3300	-0.44995	0.	-0.97953	-2.0543e-006
3305	-0.64348	0.	-1.03	1.944e-006
3306	-0.5754	0.	-0.94502	2.4202e-006
3307	-0.64955	0.	-0.97631	3.3979e-006
3311	-0.73739	0.	-1.03	2.4247e-006
3312	-0.6965	0.	-0.97631	3.6991e-006
3316	-0.8313	0.	-1.03	3.2474e-006
3317	-0.81838	0.	-0.9633	5.2853e-006
3318	-0.74346	0.	-0.97631	3.8786e-006
3320	-0.92522	0.	-1.03	4.1338e-006
3321	-0.86533	0.	-0.9633	5.9286e-006
3325	-1.0191	0.	-1.03	4.1024e-006
3326	-0.91229	0.	-0.9633	6.1716e-006
3327	-0.99	0.	-0.96905	6.0533e-006
3332	-1.113	0.	-0.98318	5.2622e-006
3333	-1.113	0.	-1.03	3.2352e-006
3334	-1.037	0.	-0.96905	5.779e-006
3362	-1.16	0.	-0.88955	9.5012e-006
3363	-1.16	0.	-0.98318	4.6693e-006
3364	-1.0839	0.	-0.92223	7.2131e-006
3368	-1.16	0.	-0.79591	1.6982e-005
3369	-1.0839	0.	-0.87541	1.0018e-005
3370	-1.1128	0.	-0.82319	1.4345e-005
3373	-1.16	0.	-0.70227	2.6189e-005
3374	-1.1131	0.	-0.70243	2.6195e-005
3375	-1.1128	0.	-0.77637	1.9021e-005
3380	-1.16	0.	-0.60864	3.6181e-005
3381	-1.1131	0.	-0.65561	3.0726e-005
3383	-1.16	0.	-0.515	4.7451e-005
3384	-1.1018	0.	-0.537	4.5876e-005
3385	-1.1131	0.	-0.60879	3.6188e-005
3390	-1.16	0.	-0.42136	5.8494e-005
3391	-1.1018	0.	-0.49018	5.1683e-005
3392	-1.1172	0.	-0.42665	5.8655e-005
3396	-1.16	0.	-0.32773	6.9537e-005
3397	-1.1172	0.	-0.37983	6.389e-005
3399	-1.16	0.	-0.23409	8.1334e-005
3400	-1.0794	0.	-0.27272	8.4799e-005
3401	-1.1172	0.	-0.33301	6.9698e-005
3406	-1.16	0.	-0.14045	9.0237e-005
3407	-1.0794	0.	-0.2259	9.0788e-005
3408	-1.095	0.	-0.15518	9.4595e-005
3413	-1.1145	0.	-4.6818e-002	9.6958e-005
3414	-1.16	0.	-4.6818e-002	9.3564e-005
3415	-1.095	0.	-0.10836	9.7509e-005
3455	0.13636	0.	0.	1.3076e-002
3456	6.8182e-002	0.	0.	6.2082e-002
3459	9.8778e-002	0.	-3.3611e-002	1.4719e-002
3467	0.22727	0.	0.	4.6723e-003
3470	0.14423	0.	-3.3611e-002	8.9692e-003
3471	0.19976	0.	-4.5664e-002	5.1602e-003
3476	0.31818	0.	0.	1.5135e-003
3479	0.3099	0.	-5.9029e-002	1.4292e-003
3480	0.24521	0.	-4.5664e-002	2.5062e-003
3485	0.40909	0.	0.	7.7019e-004
3489	0.35535	0.	-5.9029e-002	9.2443e-004
3497	0.5	0.	0.	4.2128e-004
3499	0.40081	0.	-5.9029e-002	6.8585e-004
3500	0.46828	0.	-6.4751e-002	4.6779e-004
3504	0.59091	0.	0.	2.5857e-004
3507	0.51373	0.	-6.4751e-002	3.5745e-004
3508	0.5659	0.	-6.1467e-002	2.8312e-004
3514	0.68182	0.	0.	1.8168e-004
3517	0.65675	0.	-6.1087e-002	1.8724e-004
3518	0.61136	0.	-6.1467e-002	2.3076e-004
3521	0.77273	0.	0.	1.3665e-004
3523	0.70221	0.	-6.1087e-002	1.6271e-004
3524	0.75034	0.	-6.7003e-002	1.4041e-004
3528	0.86364	0.	0.	1.0669e-004
3531	0.7958	0.	-6.7003e-002	1.199e-004
3532	0.85407	0.	-7.0404e-002	1.0798e-004
3540	0.95455	0.	0.	9.5138e-005
3542	0.89953	0.	-7.0404e-002	9.8536e-005
3546	-1.0236	0.	0.	1.0931e-004
3548	-1.1145	0.	0.	9.7372e-005
3550	-1.0496	0.	-6.1547e-002	1.0132e-004
3554	-0.93273	0.	0.	1.3546e-004
3556	-1.0041	0.	-6.1547e-002	1.0986e-004
3557	-0.94729	0.	-3.8138e-002	1.3218e-004
3562	-0.84182	0.	0.	1.72e-004
3565	-0.90183	0.	-3.8138e-002	1.4979e-004
3571	-0.75091	0.	0.	2.5965e-004
3574	-0.83673	0.	-7.5937e-002	1.6846e-004
3575	-0.77071	0.	-7.0817e-002	2.0572e-004
3576	-0.85638	0.	-3.8138e-002	1.6872e-004
3579	-0.66	0.	0.	4.1565e-004
3581	-0.65819	0.	-6.4962e-002	4.1274e-004
3582	-0.72526	0.	-7.0817e-002	2.7444e-004
3588	-0.56909	0.	0.	7.2743e-004
3591	-0.61274	0.	-6.4962e-002	5.0002e-004
3595	-0.47818	0.	0.	1.4342e-003
3598	-0.56728	0.	-6.4962e-002	7.2452e-004
3599	-0.4991	0.	-6.4962e-002	1.0525e-003
3606	-0.38727	0.	0.	3.7921e-003
3609	-0.45365	0.	-6.4962e-002	1.5347e-003
3610	-0.39511	0.	-5.9106e-002	2.3013e-003
3616	-0.29636	0.	0.	1.764e-002
3619	-0.34966	0.	-5.9106e-002	4.1771e-003
3620	-0.30088	0.	-2.85e-002	1.0698e-002
3626	-0.22818	0.	0.	7.5004e-002
3629	-0.25543	0.	-2.85e-002	2.267e-002
4134	2.2727e-002	0.	0.	0.32577
4139	-0.18273	0.	0.	0.30306
4151	3.0809e-002	0.	-3.641e-002	6.1474e-002
4152	7.605e-002	0.	-3.3611e-002	5.7975e-002
4163	-0.19841	0.	-2.8666e-002	7.5977e-002
4164	-0.2327	0.	-2.85e-002	6.8063e-002
5126	4.5047e-002	0.	-0.33523	-5.2177e-004
5127	7.7985e-002	0.	-0.41868	-2.203e-004
5128	0.11305	0.	-0.37245	-1.4325e-004
5129	1.938e-002	0.	-0.36695	-4.6918e-004
5130	8.4786e-002	0.	-0.33584	-2.5231e-004
5131	3.2075e-002	0.	-0.40965	-3.1027e-004
5135	0.55932	0.	-0.39113	1.0718e-004
5136	0.60483	0.	-0.47912	7.0436e-005
5137	0.45616	0.	-0.48663	7.1332e-005
5138	0.51072	0.	-0.5369	5.8127e-005
5139	0.46558	0.	-0.43248	1.2383e-004
5140	0.57491	0.	-0.53792	6.1232e-005
5141	0.59323	0.	-0.42533	9.4096e-005
5142	0.50794	0.	-0.40466	1.3651e-004
5147	-9.1709e-002	0.	-0.26118	-2.0055e-003
5148	-7.2453e-002	0.	-0.18689	-5.7228e-003
5149	-9.4326e-002	0.	-0.20615	-3.2816e-003
5150	-0.11264	0.	-0.23482	-2.355e-003
5151	-5.5965e-002	0.	-0.25827	-2.0406e-003
5152	-4.1207e-002	0.	-0.19782	-3.0594e-003
5153	-3.2269e-002	0.	-0.22682	-2.255e-003
5157	-0.31928	0.	-0.68223	-4.2138e-005
5158	-0.41683	0.	-0.72842	-1.1394e-005
5159	-0.29004	0.	-0.73656	-3.0475e-005
5160	-0.37345	0.	-0.68902	-1.9427e-005
5161	-0.32844	0.	-0.77476	-1.9662e-005
5162	-0.386	0.	-0.77077	-1.4728e-005
5164	-0.14456	0.	-0.44654	-3.3647e-004
5165	-0.26621	0.	-0.4832	-1.4166e-004
5166	-0.17808	0.	-0.42309	-3.7216e-004
5167	-0.16901	0.	-0.49695	-2.2227e-004
5168	-0.22931	0.	-0.43125	-2.2108e-004
5169	-0.21471	0.	-0.50679	-1.8532e-004
5173	-0.69844	0.	-0.62151	3.9757e-005
5174	-0.7318	0.	-0.69112	2.9931e-005
5175	-0.7781	0.	-0.53804	5.7945e-005
5176	-0.82836	0.	-0.59739	4.289e-005
5177	-0.7193	0.	-0.56469	5.8442e-005
5178	-0.79366	0.	-0.67425	3.2681e-005
5182	0.22249	0.	-0.71955	-1.9799e-005
5183	0.18311	0.	-0.78621	-2.1642e-005
5184	8.37e-002	0.	-0.69879	-4.8417e-005
5185	0.10293	0.	-0.65241	-6.4687e-005
5186	0.11526	0.	-0.75181	-3.2878e-005
5187	0.1474	0.	-0.62974	-4.9727e-005
5188	0.19866	0.	-0.66487	-2.0429e-005
5192	-0.31274	0.	-0.18542	1.9377e-003
5193	-0.43098	0.	-0.25035	5.1506e-004
5194	-0.40094	0.	-0.3166	3.8231e-004
5195	-0.30339	0.	-0.24445	1.8162e-004
5196	-0.33245	0.	-0.27725	3.2975e-004
5197	-0.41911	0.	-0.18357	8.9795e-004
5198	-0.36058	0.	-0.17772	1.6646e-003
5199	-0.30302	0.	-0.21387	4.9804e-004
5200	-0.35495	0.	-0.31191	3.4867e-004
5205	-0.23782	0.	-0.11549	4.4432e-003
5206	-0.30966	0.	-0.12591	2.9593e-003
5207	-0.22947	0.	-0.13766	1.3728e-003
5208	-0.25211	0.	-0.16206	1.7928e-003
5209	-0.26089	0.	-9.5305e-002	9.48e-003
5215	-0.45267	0.	-0.46217	7.3018e-005
5216	-0.3986	0.	-0.51521	-1.5287e-005
5217	-0.43062	0.	-0.5858	3.5866e-006
5218	-0.49192	0.	-0.48351	5.4341e-005
5219	-0.52241	0.	-0.53394	3.9552e-005
5220	-0.49989	0.	-0.57528	2.1539e-005
5225	-0.11453	0.	-8.4068e-002	-3.414e-002
5226	-9.5286e-002	0.	-8.8511e-002	-3.3729e-002
5227	-0.1332	0.	-0.10174	-1.1734e-002
5228	-8.4295e-002	0.	-0.10203	-2.1654e-002
5229	-9.061e-002	0.	-0.12767	-1.3866e-002
5230	-0.12313	0.	-0.12604	-1.235e-002
5235	-0.9104	0.	-0.28481	1.0907e-004
5236	-0.74027	0.	-0.284	1.9193e-004
5237	-0.84951	0.	-0.22849	1.3495e-004
5238	-0.81078	0.	-0.38549	9.7747e-005
5239	-0.88083	0.	-0.36233	9.7366e-005
5240	-0.78349	0.	-0.22337	1.722e-004
5241	-0.76647	0.	-0.34281	1.1974e-004
5246	0.70628	0.	-0.77549	1.7367e-005
5247	0.55359	0.	-0.68024	2.7742e-005
5248	0.65117	0.	-0.82428	1.3902e-005
5249	0.56942	0.	-0.82637	1.3191e-005
5250	0.5231	0.	-0.74939	1.65e-005
5251	0.67978	0.	-0.70529	2.5397e-005
5252	0.61779	0.	-0.68125	3.0847e-005
5255	0.26755	0.	-0.36245	1.6933e-004
5256	0.27168	0.	-0.47997	5.0257e-005
5257	0.33353	0.	-0.46613	7.1536e-005
5258	0.22334	0.	-0.39692	4.5559e-005
5259	0.34295	0.	-0.41198	1.2403e-004
5260	0.2318	0.	-0.44884	2.1857e-005
5265	-7.5982e-002	0.	-0.66426	-9.607e-005
5266	-0.13134	0.	-0.80083	-4.5546e-005
5267	-4.2121e-002	0.	-0.71268	-6.6302e-005
5268	-0.16441	0.	-0.73139	-5.4766e-005
5269	-0.13594	0.	-0.6747	-8.8402e-005
5270	-6.7793e-002	0.	-0.76156	-5.3932e-005
5274	8.8141e-003	0.	-0.12325	-4.5087e-003
5275	-3.4751e-003	0.	-9.4859e-002	3.5205e-003
5276	-2.9761e-002	0.	-9.4282e-002	-2.4981e-002
5277	-4.2152e-002	0.	-0.10753	-1.7392e-002
5278	-4.8467e-002	0.	-0.13317	-9.6037e-003
5279	-1.7221e-002	0.	-0.14409	-6.9402e-003
5284	-0.46827	0.	-0.32973	2.5447e-004
5285	-0.55462	0.	-0.1967	4.4216e-004
5286	-0.57846	0.	-0.26319	3.2359e-004
5287	-0.48644	0.	-0.1967	7.7011e-004
5288	-0.52677	0.	-0.31251	2.7647e-004
5292	-1.6606e-002	0.	-0.65249	-9.2078e-005
5293	2.6208e-003	0.	-0.60611	-1.0835e-004
5294	-0.11042	0.	-0.61452	-1.1418e-004
5295	-9.3089e-002	0.	-0.56683	-1.6898e-004
5296	-5.067e-002	0.	-0.55546	-1.8333e-004
5297	-1.0587e-002	0.	-0.56183	-1.4872e-004
5301	0.65367	0.	-0.29062	1.3289e-004
5302	0.62675	0.	-0.35388	1.1965e-004
5303	0.54147	0.	-0.33321	1.6206e-004
5304	0.56352	0.	-0.27952	1.8184e-004
5305	0.60889	0.	-0.26711	1.5343e-004
5309	-0.13309	0.	-0.33993	-8.597e-004
5310	-0.15756	0.	-0.30665	-9.6397e-004
5311	-0.13326	0.	-0.27166	-1.553e-003
5312	-7.6589e-002	0.	-0.2951	-1.2386e-003
5313	-9.7517e-002	0.	-0.32446	-9.9083e-004
5316	0.25546	0.	-0.80909	-6.9175e-006
5317	0.33341	0.	-0.80702	-1.4004e-006
5318	0.36474	0.	-0.74599	3.5348e-006
5319	0.32191	0.	-0.68517	5.7612e-006
5320	0.271	0.	-0.68775	-5.7049e-006
5325	4.4799e-003	0.	-0.32954	-6.9537e-004
5326	6.9886e-002	0.	-0.29843	-4.785e-004
5327	-5.349e-003	0.	-0.295	-1.0108e-003
5328	1.8347e-002	0.	-0.26356	-1.2252e-003
5329	5.3731e-002	0.	-0.26628	-4.3971e-004
5333	0.77269	0.	-0.52753	4.9658e-005
5334	0.73509	0.	-0.44829	6.9413e-005
5335	0.71594	0.	-0.57849	4.4592e-005
5336	0.65395	0.	-0.55446	5.0043e-005
5337	0.67226	0.	-0.44187	8.2906e-005
5341	0.21037	0.	-0.33779	1.3286e-004
5342	0.32997	0.	-0.35285	2.1133e-004
5343	0.24175	0.	-0.251	5.7849e-004
5344	0.21857	0.	-0.28978	2.5101e-004
5345	0.28475	0.	-0.26984	3.5148e-004
5350	0.13109	0.	-0.41849	-6.7965e-005
5351	5.0113e-002	0.	-0.45569	-2.3498e-004
5352	0.13954	0.	-0.47041	-9.1667e-005
5353	0.12033	0.	-0.51376	-1.0497e-004
5354	6.2659e-002	0.	-0.49215	-1.6031e-004
5357	-0.67367	0.	-0.70243	2.5393e-005
5358	-0.66117	0.	-0.576	5.3904e-005
5359	-0.60901	0.	-0.58617	4.5003e-005
5360	-0.58649	0.	-0.62751	2.699e-005
5361	-0.61167	0.	-0.67732	2.4893e-005
5366	-0.58026	0.	-0.40628	1.3426e-004
5367	-0.64366	0.	-0.48509	8.7691e-005
5368	-0.65816	0.	-0.41576	1.0919e-004
5369	-0.56102	0.	-0.44483	9.3579e-005
5370	-0.59151	0.	-0.49526	7.879e-005
5374	-0.93012	0.	-0.90234	7.8482e-006
5375	-0.77972	0.	-0.83432	1.1767e-005
5376	-0.77749	0.	-0.90961	6.5597e-006
5377	-0.84158	0.	-0.81745	1.4517e-005
5378	-0.89922	0.	-0.85532	1.2187e-005
5382	4.3977e-002	0.	-0.15814	6.1564e-004
5383	8.6329e-002	0.	-0.17452	7.904e-004
5384	1.7941e-002	0.	-0.17898	-1.8159e-003
5385	2.6879e-002	0.	-0.20798	-1.0115e-003
5386	6.2263e-002	0.	-0.21071	-2.2597e-004
5390	2.8453e-002	0.	-0.10121	9.581e-003
5391	7.3694e-002	0.	-9.8413e-002	6.0819e-003
5392	8.3094e-002	0.	-0.14599	1.7265e-003
5393	1.4706e-002	0.	-0.15044	-8.7977e-004
5397	-0.99165	0.	-0.46587	6.0471e-005
5398	-0.97185	0.	-0.54839	4.5797e-005
5399	-1.059	0.	-0.44865	5.7079e-005
5400	-1.0548	0.	-0.58397	4.042e-005
5404	0.75041	0.	-0.33124	1.0631e-004
5405	0.69582	0.	-0.19187	1.5065e-004
5406	0.74395	0.	-0.19778	1.2835e-004
5407	0.79066	0.	-0.26149	1.1064e-004
5408	0.68758	0.	-0.32482	1.198e-004
5409	0.66971	0.	-0.23805	1.5358e-004
5413	-0.92995	0.	-0.65202	3.3977e-005
5414	-1.0129	0.	-0.68761	2.86e-005
5415	-0.89525	0.	-0.72888	2.3767e-005
5416	-0.95289	0.	-0.76675	2.1437e-005
5417	-1.0127	0.	-0.76155	2.1425e-005
5421	-0.18641	0.	-9.7468e-002	6.3992e-004
5422	-0.20259	0.	-7.7349e-002	1.8605e-002
5423	-0.20546	0.	-0.11954	2.5836e-003
5424	-0.23688	0.	-7.7183e-002	1.0691e-002
5429	-0.38417	0.	-0.44903	3.3413e-005
5430	-0.49673	0.	-0.37877	1.4372e-004
5431	-0.47748	0.	-0.41732	1.0304e-004
5432	-0.39224	0.	-0.39129	8.8079e-005
5436	-0.63066	0.	-0.81604	9.3824e-006
5437	-0.51759	0.	-0.79104	1.0602e-006
5438	-0.47579	0.	-0.89455	-4.0532e-007
5439	-0.62842	0.	-0.89133	4.1753e-006
5440	-0.48676	0.	-0.83339	-2.2738e-006
5441	-0.56866	0.	-0.79094	8.8823e-006
5446	-0.12033	0.	-0.40531	-4.802e-004
5447	-0.11126	0.	-0.47917	-3.3032e-004
5448	-5.3999e-002	0.	-0.39501	-5.4365e-004
5449	-6.8842e-002	0.	-0.4678	-3.4467e-004
5450	-4.1304e-002	0.	-0.43771	-3.8474e-004
5451	-8.4757e-002	0.	-0.38983	-6.1133e-004
5455	-0.2107	0.	-0.22308	-8.9051e-004
5456	-0.27218	0.	-0.28448	-1.3154e-004
5457	-0.22295	0.	-0.28348	-5.0205e-004
5458	-0.19866	0.	-0.24848	-1.0911e-003
5459	-0.24275	0.	-0.2211	3.6751e-005
5463	-0.14793	0.	-0.19122	-2.6285e-003
5464	-0.15857	0.	-0.17034	-3.553e-003
5465	-0.18769	0.	-0.1681	-9.9406e-004
5466	-0.16624	0.	-0.21989	-1.7019e-003
5467	-0.21034	0.	-0.19251	-5.7408e-004
5471	0.74591	0.	-0.85052	1.0413e-005
5472	0.77452	0.	-0.73153	2.1908e-005
5473	0.82564	0.	-0.86725	9.5163e-006
5474	0.85326	0.	-0.76336	1.7661e-005
5480	-0.30796	0.	-0.56587	-5.8729e-005
5481	-0.25657	0.	-0.684	-5.0903e-005
5482	-0.2281	0.	-0.62731	-8.4539e-005
5483	-0.33998	0.	-0.63646	-3.9855e-005
5484	-0.25646	0.	-0.58946	-1.0239e-004
5489	-0.10241	0.	-6.6672e-002	-4.8774e-002
5490	-0.14033	0.	-7.9899e-002	-2.678e-002
5491	-0.13797	0.	-5.9055e-002	-2.6852e-002
5492	-0.10896	0.	-5.3676e-002	-6.062e-002
5497	0.3809	0.	-0.18872	5.7818e-004
5498	0.41454	0.	-0.12378	6.2202e-004
5499	0.28238	0.	-0.10469	1.9171e-003
5500	0.288	0.	-0.15837	8.7022e-004
5501	0.33099	0.	-0.17722	6.4321e-004
5506	0.44837	0.	-0.19444	3.6012e-004
5507	0.41005	0.	-0.33088	2.4115e-004
5508	0.45242	0.	-0.30306	2.5383e-004
5509	0.47447	0.	-0.24938	2.7361e-004
5510	0.36483	0.	-0.24788	3.8131e-004
5513	-8.835e-002	0.	-0.89813	-1.7796e-005
5514	3.2431e-002	0.	-0.863	-2.3013e-005
5515	4.159e-002	0.	-0.92221	-1.2331e-005
5516	-2.4802e-002	0.	-0.85885	-2.6182e-005
5520	0.29403	0.	-0.87368	-3.2428e-006
5521	0.14823	0.	-0.84136	-1.9996e-005
5522	0.15739	0.	-0.90058	-9.3142e-006
5523	0.26796	0.	-0.92037	-4.697e-006
5527	0.32468	0.	-0.52452	3.976e-005
5528	0.30591	0.	-0.58314	1.7539e-005
5529	0.22295	0.	-0.50723	-9.9194e-006
5530	0.20374	0.	-0.55059	-2.3226e-005
5531	0.255	0.	-0.58572	6.0727e-006
5535	-0.93799	0.	-0.2082	1.2013e-004
5536	-0.96931	0.	-0.34204	8.2543e-005
5537	-1.0145	0.	-0.19381	9.806e-005
5538	-1.0366	0.	-0.32482	7.9151e-005
5543	-0.19425	0.	-0.80778	-3.002e-005
5544	-0.23265	0.	-0.84597	-1.9207e-005
5545	-0.21927	0.	-0.90459	-1.4222e-005
5546	-9.7636e-002	0.	-0.83795	-2.9186e-005
5552	0.44108	0.	-0.56095	4.7833e-005
5553	0.39595	0.	-0.45653	1.1353e-004
5554	0.36775	0.	-0.56929	3.8818e-005
5559	0.46515	0.	-0.68039	2.3386e-005
5560	0.55984	0.	-0.61224	3.7733e-005
5561	0.42231	0.	-0.61957	2.5613e-005
5566	0.82392	0.	-0.48017	5.9825e-005
5567	0.80477	0.	-0.61037	3.5004e-005
5568	0.88351	0.	-0.64219	3.0756e-005
5569	0.88681	0.	-0.47612	5.074e-005
5574	0.44963	0.	-0.88755	3.8998e-006
5575	0.40332	0.	-0.81058	7.2096e-006
5576	0.34591	0.	-0.9183	8.2011e-007
5579	6.1405e-002	0.	-7.0021e-002	1.4111e-002
5580	-1.0122e-002	0.	-7.2244e-002	-1.0891e-002
5581	-1.0203e-003	0.	-6.1827e-002	-1.1784e-002
5591	-0.63477	0.	-0.19642	3.7854e-004
5592	-0.54275	0.	-0.12992	8.2506e-004
5593	-0.678	0.	-0.13578	3.5881e-004
5597	0.53418	0.	-0.12622	3.2963e-004
5598	0.5081	0.	-0.18444	3.1745e-004
5602	-0.70184	0.	-0.20227	2.4024e-004
5603	-0.60692	0.	-0.31223	2.1285e-004
5604	-0.68482	0.	-0.32171	1.8778e-004
5609	0.82657	0.	-0.33117	8.3908e-005
5610	0.72349	0.	-0.3945	9.3073e-005
5611	0.8492	0.	-0.39687	7.0496e-005
5618	-0.97693	0.	-0.86107	1.2069e-005
5619	-1.0368	0.	-0.85587	1.2057e-005
5623	-0.2932	0.	-0.45013	-1.343e-004
5624	-0.36212	0.	-0.57266	-3.6018e-005
5625	-0.27861	0.	-0.52566	-9.8554e-005
5626	-0.33817	0.	-0.44433	-2.2582e-007
5631	-0.7048	0.	-0.84733	1.036e-005
5632	-0.7689	0.	-0.75517	1.8317e-005
5633	-0.64504	0.	-0.74694	1.5067e-005
5638	0.13789	0.	-0.33565	-9.9979e-005
5639	0.17461	0.	-0.42418	-1.4617e-005
5640	0.17435	0.	-0.32425	1.2723e-004
5643	-0.95356	0.	-0.13748	1.2393e-004
5644	-0.81108	0.	-0.14675	1.8326e-004
5645	-0.89674	0.	-0.11407	1.4625e-004
5651	-0.20507	0.	-0.39002	-3.648e-004
5652	-0.17831	0.	-0.34857	-6.2016e-004
5653	-0.11828	0.	-0.36638	-6.4702e-004
5657	-0.86969	0.	-0.44272	7.1215e-005
5658	-0.84989	0.	-0.52523	5.6541e-005
5659	-0.74083	0.	-0.49253	7.2092e-005
5660	-0.75533	0.	-0.4232	9.3592e-005
5663	-0.27877	0.	-0.35773	-9.8561e-005
5664	-0.25201	0.	-0.31628	-3.5392e-004
5665	-0.32375	0.	-0.35194	3.5518e-005
5670	-5.979e-002	0.	-7.1391e-002	-4.3878e-002
5671	-7.2181e-002	0.	-8.4636e-002	-3.6289e-002
5672	-8.9723e-002	0.	-5.812e-002	-6.021e-002
5677	-0.43752	0.	-0.68265	-9.1107e-006
5678	-0.45007	0.	-0.76439	-4.4112e-006
5679	-0.50679	0.	-0.67212	8.8415e-006
5680	-0.53197	0.	-0.72193	6.7449e-006
5684	3.6482e-002	0.	-0.65453	-7.8581e-005
5685	4.8817e-002	0.	-0.75394	-4.6772e-005
5686	-8.417e-003	0.	-0.74979	-4.9941e-005
5689	0.10018	0.	-0.58548	-7.9891e-005
5690	4.2501e-002	0.	-0.56386	-1.3523e-004
5694	0.60904	0.	-0.90141	6.2369e-006
5695	0.77053	0.	-0.91605	6.0516e-006
5699	0.48097	0.	-0.82653	8.835e-006
5703	-0.35071	0.	-0.87189	-1.0811e-005
5704	-0.33732	0.	-0.93051	-5.8265e-006
5705	-0.40827	0.	-0.86791	-5.8767e-006
5709	-0.41603	0.	-0.12407	1.9196e-003
5713	-0.91995	0.	-0.50208	5.616e-005
5714	-1.0071	0.	-0.40234	6.7442e-005
5719	-0.19885	0.	-0.68165	-7.2876e-005
5720	-0.26572	0.	-0.77653	-2.8427e-005
5724	0.72527	0.	-0.12809	1.4596e-004
5725	0.63175	0.	-0.12255	2.1179e-004
5726	0.65103	0.	-0.16836	1.7119e-004
5731	-0.30873	0.	-8.7605e-002	9.207e-003
5735	0.82011	0.	-0.19771	1.0595e-004
5736	0.83169	0.	-0.13741	1.1174e-004
5740	-0.98314	0.	-0.62017	3.6109e-005
5741	-0.86545	0.	-0.66144	3.1277e-005
5746	-0.15304	0.	-0.57727	-1.6131e-004
5747	-0.19875	0.	-0.58711	-1.2436e-004
5751	0.16217	0.	-7.9276e-002	6.8031e-003
5752	0.11605	0.	-0.1148	6.2567e-003
5757	0.17157	0.	-0.12685	2.4477e-003
5758	0.22331	0.	-0.14501	1.9472e-003
5763	0.39181	0.	-0.68873	1.4371e-005
5769	0.68602	0.	-0.6373	3.5388e-005
5770	0.82676	0.	-0.69316	2.5691e-005
5776	-2.7306e-002	0.	-6.125e-002	-4.0286e-002
5777	-4.8799e-002	0.	-8.4911e-002	-3.1803e-002
5784	0.87839	0.	-0.20111	9.4031e-005
5785	0.88945	0.	-0.32712	7.4824e-005
5789	-9.3292e-002	0.	-0.51821	-2.3046e-004
5790	-0.18141	0.	-0.53942	-1.7916e-004
5796	-8.4921e-003	0.	-0.40396	-4.8387e-004
5797	-3.1016e-002	0.	-0.32672	-9.582e-004
5798	-5.1945e-002	0.	-0.35608	-7.1047e-004
5804	-0.22954	0.	-0.35674	-4.6907e-004
5805	-0.30127	0.	-0.39239	-7.9639e-005
5809	-0.97321	0.	-9.9684e-002	1.2419e-004
5814	0.17718	0.	-0.18053	1.4008e-003
5815	0.154	0.	-0.21931	1.0733e-003
5816	0.10138	0.	-0.19856	8.8491e-004
5822	-0.4634	0.	-0.63273	8.0802e-007
5826	8.9537e-002	0.	-0.86618	-2.0551e-005
5827	2.3145e-002	0.	-0.80282	-3.4402e-005
5832	-0.15665	0.	-7.6725e-002	-4.4465e-003
5833	-0.17518	0.	-7.745e-002	1.3591e-002
5834	-0.14894	0.	-0.12187	-4.9894e-003
5835	-0.17806	0.	-0.11964	-2.4304e-003
5843	-2.3335e-002	0.	-0.47676	-2.8488e-004
5844	-1.079e-002	0.	-0.51321	-2.1021e-004
5856	-0.17282	0.	-5.6606e-002	1.3519e-002
5862	0.44773	0.	-0.37456	1.7871e-004
5863	0.36014	0.	-0.31938	3.0618e-004
5873	-0.63313	0.	-0.37104	1.4066e-004
5874	-0.53598	0.	-0.40011	1.2505e-004
5879	0.14609	0.	-0.28764	1.8169e-005
5880	9.347e-002	0.	-0.26689	-1.7025e-004
5885	-6.7505e-002	0.	-0.12379	-1.6426e-002
5893	-0.29073	0.	-0.87334	-1.2629e-005
5894	-0.36168	0.	-0.81073	-1.2679e-005
5905	-0.22565	0.	-5.7166e-002	2.3642e-002
5911	1.6748e-002	0.	-0.48313	-2.5028e-004
5915	0.29808	0.	-0.6305	5.1316e-006
5926	-9.5693e-002	0.	-0.16869	-6.1969e-003
5927	-0.10634	0.	-0.14781	-7.1214e-003
5928	-4.2575e-002	0.	-0.16036	-5.9747e-003
5935	-1.0659	0.	-0.7297	2.3558e-005
5939	-0.69653	0.	-0.44985	9.4088e-005
5940	-0.62987	0.	-0.52935	6.3687e-005
5942	-0.12821	0.	-0.16706	-4.6802e-003
5943	-0.13588	0.	-0.21662	-2.8291e-003
5951	-0.16798	0.	-0.14395	-3.0457e-003
5955	-0.21974	0.	-0.16612	-6.6796e-005
5965	-0.17849	0.	-0.28029	-1.3135e-003
5970	0.16386	0.	-0.51946	-5.1625e-005
5978	0.20574	0.	-0.23746	5.7287e-004
5979	0.27192	0.	-0.21753	6.7334e-004
5988	-1.7149e-002	0.	-0.26074	-1.488e-003
5989	-6.1774e-002	0.	-0.32154	-1.0259e-003
5993	-0.54722	0.	-0.48909	6.9575e-005
5998	-0.88839	0.	-0.77617	1.8737e-005
6003	-2.3914e-003	0.	-0.20029	-2.5069e-003
6007	4.193e-002	0.	-0.23202	-9.1695e-004
6011	0.51214	0.	-0.29306	2.1116e-004
6016	-0.55519	0.	-0.58086	3.6773e-005
6020	-1.0059	0.	-0.80884	1.6396e-005
6024	0.12993	0.	-0.2555	5.6964e-005
6028	8.697e-002	0.	-0.5412	-1.2027e-004
6029	0.19591	0.	-0.59794	-3.5633e-005
6046	0.56027	0.	-0.18115	2.4312e-004
6047	0.60564	0.	-0.16874	2.1471e-004
6052	-0.55785	0.	-0.67202	1.6664e-005
6078	0.57956	0.	-0.22696	2.0253e-004
1	0.	0.	3.e-002	7.8667e-002
2	-2.2857e-002	0.	3.e-002	-5.2119e-002
3	-4.5714e-002	0.	3.e-002	-8.1951e-002
4	-6.8571e-002	0.	3.e-002	-8.6536e-002
5	-9.1429e-002	0.	3.e-002	-7.8958e-002
6	-0.11429	0.	3.e-002	-7.875e-002
7	-0.13714	0.	3.e-002	-5.8921e-002
8	-0.16	0.	3.e-002	7.0055e-002
9	-0.16	0.	2.e-002	0.30871
15	0.	0.	2.e-002	0.3062
271	9.0909e-002	0.	0.	2.8311e-002
272	0.18182	0.	0.	6.2782e-003
273	0.27273	0.	0.	2.0338e-003
274	0.36364	0.	0.	9.4751e-004
275	0.45455	0.	0.	4.9119e-004
276	0.54545	0.	0.	3.0059e-004
277	0.63636	0.	0.	2.0911e-004
278	0.72727	0.	0.	1.539e-004
279	0.81818	0.	0.	1.182e-004
280	0.90909	0.	0.	9.5185e-005
281	-1.0691	0.	0.	9.9519e-005
282	-0.97818	0.	0.	1.1487e-004
283	-0.88727	0.	0.	1.5596e-004
284	-0.79636	0.	0.	2.2025e-004
285	-0.70545	0.	0.	2.8825e-004
286	-0.61455	0.	0.	5.2711e-004
287	-0.52364	0.	0.	8.664e-004
288	-0.43273	0.	0.	1.7633e-003
289	-0.34182	0.	0.	5.8623e-003
290	-0.25091	0.	0.	2.5596e-002
333	-1.16	0.	9.3636e-002	9.325e-005
334	-1.16	0.	0.18727	8.5114e-005
335	-1.16	0.	0.28091	7.2501e-005
336	-1.16	0.	0.37455	6.3854e-005
337	-1.16	0.	0.46818	5.2593e-005
338	-1.16	0.	0.56182	4.0655e-005
339	-1.16	0.	0.65545	2.9942e-005
340	-1.16	0.	0.74909	2.1333e-005
341	-1.16	0.	0.84273	1.3442e-005
342	-1.16	0.	0.93636	4.5881e-006
348	-1.0661	0.	1.03	2.2858e-006
349	-0.97217	0.	1.03	3.0255e-006
350	-0.87826	0.	1.03	1.7356e-006
351	-0.78435	0.	1.03	2.3189e-006
352	-0.69043	0.	1.03	2.0744e-006
353	-0.59652	0.	1.03	1.3835e-006
354	-0.50261	0.	1.03	-2.5722e-007
355	-0.4087	0.	1.03	-2.1926e-006
356	-0.31478	0.	1.03	-3.5888e-006
357	-0.22087	0.	1.03	-4.9173e-006
358	-0.12696	0.	1.03	-6.6262e-006
359	-3.3043e-002	0.	1.03	-7.6393e-006
360	6.087e-002	0.	1.03	-5.3948e-006
361	0.15478	0.	1.03	-2.5354e-006
362	0.2487	0.	1.03	-1.3055e-006
363	0.34261	0.	1.03	-1.1823e-007
364	0.43652	0.	1.03	1.3625e-006
365	0.53043	0.	1.03	3.8872e-006
366	0.62435	0.	1.03	3.1077e-006
367	0.71826	0.	1.03	2.5594e-006
368	0.81217	0.	1.03	4.4182e-006
369	0.90609	0.	1.03	3.7068e-006
375	1.	0.	0.93636	7.2241e-006
376	1.	0.	0.84273	1.3403e-005
377	1.	0.	0.74909	2.0068e-005
378	1.	0.	0.65545	3.0256e-005
379	1.	0.	0.56182	4.1401e-005
380	1.	0.	0.46818	5.2887e-005
381	1.	0.	0.37455	6.1428e-005
382	1.	0.	0.28091	7.8587e-005
383	1.	0.	0.18727	8.4031e-005
384	1.	0.	9.3636e-002	9.1196e-005
385	0.	0.	0.	0.48253
386	-0.16	0.	0.	0.52263
392	1.	0.	0.	9.1844e-005
394	-1.16	0.	0.	9.3032e-005
397	-1.16	0.	1.03	2.0768e-006
398	1.	0.	1.03	2.4721e-006
399	4.5455e-002	0.	0.	0.13783
400	-0.20545	0.	0.	0.10392
401	0.11435	0.	0.68155	-5.279e-005
402	-2.8406e-002	0.	0.36333	-7.1908e-004
403	-0.65249	0.	0.515	7.2226e-005
404	0.55159	0.	0.58242	4.3595e-005
405	-0.10261	0.	0.20325	-3.4011e-003
406	-0.38883	0.	0.37756	9.4347e-005
407	-0.29711	0.	0.69292	-3.4063e-005
408	0.27636	0.	0.47289	3.4912e-005
409	0.62066	0.	0.2994	1.5338e-004
410	-4.7618e-002	0.	0.10749	-1.5953e-002
411	-0.77044	0.	0.24253	1.6664e-004
412	-0.13378	0.	9.5603e-002	-1.5663e-002
413	-0.25022	0.	0.23458	-2.0228e-004
414	-0.76376	0.	0.79532	1.7957e-005
415	-0.17876	0.	0.53108	-1.7663e-004
416	0.28045	0.	0.31822	2.7813e-004
417	0.1102	0.	0.21502	1.7355e-004
418	5.9824e-002	0.	0.13464	2.1051e-003
419	-1.0163	0.	0.51298	5.0285e-005
420	-0.45541	0.	0.74004	-3.0212e-006
421	0.40213	0.	0.62051	2.7614e-005
422	0.84995	0.	0.71177	2.3347e-005
423	2.0943e-002	0.	0.46729	-2.3391e-004
424	-0.16368	0.	0.69417	-6.6286e-005
425	-0.63729	0.	0.2513	2.6762e-004
426	0.57979	0.	0.87616	7.4396e-006
427	0.7221	0.	0.40907	8.203e-005
428	0.3365	0.	0.76386	2.4353e-006
429	-0.22658	0.	0.34342	-3.4517e-004
430	-0.41954	0.	0.6179	-1.1296e-006
431	-0.39364	0.	0.17311	1.3434e-003
432	0.42186	0.	0.46176	8.3869e-005
433	6.9856e-002	0.	0.34437	-2.8269e-004
434	-0.96494	0.	0.22239	1.1407e-004
435	-0.10172	0.	0.88125	-2.2345e-005
436	0.39194	0.	0.16473	5.4853e-004
437	1.5025e-002	0.	0.20548	-1.8599e-003
438	0.81972	0.	0.23924	1.0312e-004
439	-0.80759	0.	0.61449	3.9289e-005
440	-3.4822e-002	0.	7.0832e-002	-3.5695e-002
441	-0.52072	0.	0.44479	8.9578e-005
442	-6.1373e-002	0.	0.55184	-1.5213e-004
443	0.12812	0.	0.88325	-1.4271e-005
444	-0.29104	0.	0.89704	-9.8706e-006
445	-0.76778	0.	0.44083	7.9639e-005
446	-0.27732	0.	0.44324	-9.7565e-005
447	-0.53314	0.	0.89288	2.0299e-006
448	-0.18866	0.	0.17396	-1.105e-003
449	-0.1661	0.	0.12229	-3.8195e-003
450	-0.29107	0.	0.15194	2.3956e-003
451	0.25266	0.	0.65859	-1.1673e-005
452	4.1881e-002	0.	5.9058e-002	2.5737e-002
453	-0.13807	0.	5.5869e-002	-3.7441e-002
454	0.83945	0.	0.88329	1.0658e-005
455	-0.60727	0.	0.75914	1.0577e-005
456	0.23493	0.	0.16644	1.2461e-003
457	-0.17463	0.	7.4295e-002	1.1459e-002
458	-0.92047	0.	0.87199	1.0965e-005
459	0.19498	0.	0.57044	-2.4547e-005
460	-0.57802	0.	0.11376	5.9324e-004
461	0.69416	0.	0.65028	3.4894e-005
462	-0.15764	0.	0.26455	-1.4107e-003
463	0.86585	0.	0.48397	5.161e-005
464	0.39934	0.	0.30323	2.8564e-004
465	-3.1236e-002	0.	0.67601	-7.1279e-005
466	-0.2993	0.	0.5655	-8.003e-005
467	-0.518	0.	0.33021	2.2844e-004
468	-7.004e-002	0.	6.1903e-002	-6.1125e-002
469	0.14633	0.	0.48442	-6.9864e-005
470	-5.6769e-002	0.	0.26682	-2.0556e-003
471	0.60765	0.	0.1373	2.2025e-004
472	0.59667	0.	0.73011	1.9939e-005
473	6.3054e-002	0.	0.57449	-1.1621e-004
474	-9.3615e-002	0.	0.45465	-3.7136e-004
475	0.16841	0.	0.33425	7.9747e-005
476	0.1559	0.	0.15405	1.8733e-003
477	0.58822	0.	0.43646	9.0533e-005
478	-0.40456	0.	0.49629	-3.9008e-006
479	-0.12661	0.	0.35514	-9.1514e-004
480	0.26562	0.	0.90452	-3.915e-006
481	0.43258	0.	0.90295	3.0861e-006
482	-0.84934	0.	0.13392	1.6637e-004
483	0.7036	0.	0.79669	1.5846e-005
484	-0.87684	0.	0.32919	1.0663e-004
485	-0.22215	0.	0.10861	5.4512e-003
486	-0.73505	0.	0.91852	6.2909e-006
487	4.9371e-002	0.	0.77937	-3.7033e-005
488	0.49589	0.	0.22442	2.7153e-004
489	-0.9822	0.	0.36968	7.1714e-005
490	0.1911	0.	0.77852	-1.4064e-005
491	-0.52707	0.	0.56168	3.712e-005
492	0.74346	0.	0.10758	1.4899e-004
493	-0.10728	0.	6.6132e-002	-4.5443e-002
494	0.8538	0.	0.35707	7.0729e-005
495	-0.70715	0.	0.11547	3.1305e-004
496	-0.2124	0.	0.80014	-3.1497e-005
497	-1.017	0.	0.11119	1.0247e-004
498	-1.5226e-002	0.	0.15034	-5.5894e-003
499	4.6564e-003	0.	0.8974	-1.5302e-005
500	-1.0491	0.	0.65608	3.25e-005
501	-1.0467	0.	0.92003	7.4791e-006
502	4.2441e-002	0.	0.27492	-6.7378e-004
503	-0.31372	0.	0.30281	1.218e-004
504	-0.4748	0.	0.10095	1.1293e-003
505	-0.63089	0.	0.63049	3.3428e-005
506	-0.18083	0.	0.4293	-3.5034e-004
507	0.88675	0.	0.15345	9.4269e-005
508	-0.63335	0.	0.38798	1.38e-004
509	0.47522	0.	0.11221	4.2288e-004
510	0.1234	0.	7.7027e-002	7.2793e-003
511	0.21303	0.	8.9061e-002	2.8841e-003
512	-9.1771e-002	0.	0.10522	-1.9734e-002
513	0.71148	0.	0.93336	5.5766e-006
514	0.46341	0.	0.74431	1.5137e-005
515	-0.93544	0.	0.59508	3.7852e-005
516	0.51433	0.	0.33847	1.727e-004
517	0.31472	0.	0.5526	2.3317e-005
518	-0.40473	0.	0.27154	4.3441e-004
519	-0.41068	0.	0.91014	-4.2702e-006
520	-0.19269	0.	0.91485	-1.2919e-005
521	-0.21982	0.	4.9571e-002	3.1626e-002
522	-7.0652e-002	0.	0.155	-8.3308e-003
523	-0.34492	0.	0.80226	-1.9978e-005
524	-1.3053e-003	0.	9.6963e-002	-6.8699e-003
525	-0.28309	0.	6.5209e-002	9.045e-003
526	-0.36952	0.	8.187e-002	2.9565e-003
527	-0.21749	0.	0.61824	-9.2605e-005
528	-0.18398	0.	3.4773e-002	0.10202
529	0.69611	0.	0.52564	6.0475e-005
530	0.7418	0.	0.312	1.0265e-004
531	-0.50108	0.	0.20681	6.1911e-004
532	0.18	0.	0.9606	-4.6361e-006
533	-0.32641	0.	0.22631	5.7031e-004
534	0.79523	0.	0.5933	4.4656e-005
535	0.32822	0.	0.38752	1.3123e-004
536	-0.5297	0.	0.66341	2.0287e-005
537	-4.6046e-002	0.	0.19618	-4.0498e-003
538	0.11898	0.	0.2834	1.2788e-005
539	-7.5655e-002	0.	0.78054	-4.0407e-005
540	0.29469	0.	0.11733	1.1647e-003
541	-0.8988	0.	0.47164	5.8209e-005
542	-0.85241	0.	0.95099	5.6145e-006
543	-0.1241	0.	0.14453	-7.1881e-003
544	-0.62638	0.	0.88799	6.9661e-006
545	0.22216	0.	0.40134	5.8158e-005
546	-0.91946	0.	0.72123	2.4296e-005
547	0.19655	0.	0.2421	6.1056e-004
548	-1.0405	0.	0.79441	1.7536e-005
549	-1.0742	0.	0.28216	7.7866e-005
550	0.10419	0.	0.40902	-1.3231e-004
551	0.92867	0.	0.81667	1.4761e-005
552	0.307	0.	0.22332	5.9918e-004
553	-1.0754	0.	0.42917	5.8833e-005
554	-1.0486e-002	0.	5.4238e-002	5.6904e-004
555	0.88718	0.	0.59827	3.7692e-005
556	-0.72499	0.	0.33256	1.5117e-004
1815	-1.1429e-002	0.	3.e-002	1.3274e-002
1816	0.	0.	2.5e-002	0.19243
1818	2.2727e-002	0.	1.5e-002	0.10825
1819	2.0941e-002	0.	4.4529e-002	5.2202e-002
1820	-5.2428e-003	0.	4.2119e-002	3.9618e-002
1825	-3.4286e-002	0.	3.e-002	-6.7035e-002
1828	-2.884e-002	0.	5.0416e-002	-4.3907e-002
1829	-1.6671e-002	0.	4.2119e-002	-2.5775e-002
1833	-5.7143e-002	0.	3.e-002	-8.4243e-002
1836	-4.0268e-002	0.	5.0416e-002	-5.8823e-002
1837	-5.7877e-002	0.	4.5951e-002	-7.1538e-002
1842	-8.e-002	0.	3.e-002	-8.2747e-002
1845	-6.9306e-002	0.	4.5951e-002	-7.3831e-002
1847	-0.10286	0.	3.e-002	-7.8854e-002
1850	-8.0734e-002	0.	4.5951e-002	-7.0041e-002
1851	-9.9353e-002	0.	4.8066e-002	-6.22e-002
1853	-0.12571	0.	3.e-002	-6.8835e-002
1856	-0.12618	0.	4.2935e-002	-5.8095e-002
1857	-0.11078	0.	4.8066e-002	-6.2096e-002
1860	-0.14857	0.	3.e-002	5.5668e-003
1863	-0.1376	0.	4.2935e-002	-4.8181e-002
1866	-0.16	0.	2.5e-002	0.18938
1868	-0.14903	0.	4.2935e-002	1.6307e-002
1869	-0.16731	0.	5.2148e-002	4.0757e-002
1870	-0.17199	0.	3.2387e-002	8.6037e-002
1877	-0.16	0.	1.e-002	0.41567
1878	-0.18273	0.	1.e-002	0.20632
1879	-0.17199	0.	2.7387e-002	0.20537
1917	0.	0.	1.e-002	0.39437
1918	2.2727e-002	0.	1.e-002	0.22201
3455	0.13636	0.	0.	1.7295e-002
3456	6.8182e-002	0.	0.	8.3068e-002
3457	6.6395e-002	0.	2.9529e-002	2.7024e-002
3458	0.10716	0.	3.8513e-002	1.7795e-002
3467	0.22727	0.	0.	4.156e-003
3468	0.15261	0.	3.8513e-002	6.7788e-003
3469	0.19743	0.	4.453e-002	4.5811e-003
3476	0.31818	0.	0.	1.4906e-003
3477	0.24288	0.	4.453e-002	2.4589e-003
3478	0.28371	0.	5.8663e-002	1.5992e-003
3485	0.40909	0.	0.	7.1935e-004
3486	0.37779	0.	8.2364e-002	7.4802e-004
3487	0.41943	0.	5.6105e-002	6.8519e-004
3488	0.32917	0.	5.8663e-002	1.0561e-003
3497	0.5	0.	0.	3.9589e-004
3498	0.46488	0.	5.6105e-002	4.5703e-004
3504	0.59091	0.	0.	2.5485e-004
3505	0.57655	0.	6.8648e-002	2.6042e-004
3506	0.51034	0.	5.6105e-002	3.6173e-004
3514	0.68182	0.	0.	1.8151e-004
3515	0.62201	0.	6.8648e-002	2.1468e-004
3516	0.68991	0.	5.3791e-002	1.7905e-004
3521	0.77273	0.	0.	1.3605e-004
3522	0.73537	0.	5.3791e-002	1.5144e-004
3528	0.86364	0.	0.	1.0669e-004
3529	0.78082	0.	5.3791e-002	1.336e-004
3530	0.85246	0.	7.6723e-002	1.0624e-004
3539	0.95455	0.	4.6818e-002	9.319e-005
3540	0.95455	0.	0.	9.3514e-005
3541	0.89792	0.	7.6723e-002	9.4727e-005
3546	-1.0236	0.	0.	1.072e-004
3547	-1.1145	0.	4.6818e-002	9.6384e-005
3548	-1.1145	0.	0.	9.6275e-005
3549	-1.0431	0.	5.5597e-002	1.0099e-004
3554	-0.93273	0.	0.	1.3542e-004
3555	-0.9976	0.	5.5597e-002	1.0867e-004
3562	-0.84182	0.	0.	1.881e-004
3563	-0.86831	0.	6.6958e-002	1.6117e-004
3564	-0.95214	0.	5.5597e-002	1.2921e-004
3571	-0.75091	0.	0.	2.5425e-004
3572	-0.82285	0.	6.6958e-002	1.9331e-004
3573	-0.75176	0.	5.7735e-002	2.6665e-004
3579	-0.66	0.	0.	4.0768e-004
3580	-0.7063	0.	5.7735e-002	3.0065e-004
3588	-0.56909	0.	0.	6.9675e-004
3589	-0.59628	0.	5.6878e-002	5.6017e-004
3590	-0.66085	0.	5.7735e-002	4.2008e-004
3595	-0.47818	0.	0.	1.3148e-003
3596	-0.55083	0.	5.6878e-002	7.2982e-004
3597	-0.49922	0.	5.0477e-002	9.9784e-004
3606	-0.38727	0.	0.	3.8128e-003
3607	-0.45376	0.	5.0477e-002	1.4463e-003
3608	-0.40113	0.	4.0935e-002	2.3599e-003
3616	-0.29636	0.	0.	1.5729e-002
3617	-0.31245	0.	3.2604e-002	7.4536e-003
3618	-0.35567	0.	4.0935e-002	4.4094e-003
3626	-0.22818	0.	0.	6.4758e-002
3627	-0.23536	0.	2.4785e-002	2.8611e-002
3628	-0.267	0.	3.2604e-002	1.732e-002
3860	-1.16	0.	0.14045	8.9182e-005
3861	-1.16	0.	4.6818e-002	9.3141e-005
3862	-1.0885	0.	0.10241	9.7858e-005
3865	-1.16	0.	0.23409	7.8808e-005
3866	-1.0885	0.	0.14923	9.379e-005
3867	-1.1171	0.	0.23472	8.149e-005
3871	-1.16	0.	0.32773	6.8177e-005
3872	-1.1171	0.	0.28154	7.5183e-005
3875	-1.16	0.	0.42136	5.8223e-005
3876	-1.1171	0.	0.32835	7.086e-005
3877	-1.1177	0.	0.40186	6.1343e-005
3879	-1.16	0.	0.515	4.6624e-005
3880	-1.0882	0.	0.49058	5.1439e-005
3881	-1.1177	0.	0.44867	5.5713e-005
3885	-1.16	0.	0.60864	3.5299e-005
3886	-1.0882	0.	0.5374	4.547e-005
3887	-1.1045	0.	0.60895	3.6578e-005
3891	-1.16	0.	0.70227	2.5638e-005
3892	-1.1045	0.	0.65577	3.1221e-005
3894	-1.16	0.	0.79591	1.7388e-005
3895	-1.1045	0.	0.70258	2.6916e-005
3896	-1.1002	0.	0.77175	1.9435e-005
3900	-1.16	0.	0.88955	9.0151e-006
3901	-1.1033	0.	0.88138	1.0461e-005
3902	-1.1002	0.	0.81857	1.5489e-005
3907	-1.113	0.	0.98318	3.4369e-006
3908	-1.16	0.	0.98318	3.3325e-006
3909	-1.1033	0.	0.92819	6.0336e-006
3937	-1.0191	0.	1.03	2.6556e-006
3938	-1.113	0.	1.03	2.1813e-006
3939	-1.0564	0.	0.97501	4.8824e-006
3943	-0.92522	0.	1.03	2.3805e-006
3944	-0.94632	0.	0.95099	6.9954e-006
3945	-1.0094	0.	0.97501	5.2523e-006
3946	-0.91229	0.	0.9905	4.32e-006
3948	-0.8313	0.	1.03	2.0272e-006
3949	-0.86534	0.	0.9905	3.675e-006
3953	-0.73739	0.	1.03	2.1967e-006
3954	-0.7597	0.	0.97426	4.3049e-006
3955	-0.81838	0.	0.9905	3.9667e-006
3957	-0.64348	0.	1.03	1.729e-006
3958	-0.71274	0.	0.97426	4.1827e-006
3959	-0.65841	0.	0.95899	4.5203e-006
3963	-0.54957	0.	1.03	5.6316e-007
3964	-0.56483	0.	0.96144	1.7067e-006
3965	-0.61145	0.	0.95899	4.1748e-006
3968	-0.45565	0.	1.03	-1.2249e-006
3969	-0.51788	0.	0.96144	8.8634e-007
3970	-0.45664	0.	0.97007	-2.2637e-006
3975	-0.36174	0.	1.03	-2.8907e-006
3976	-0.40969	0.	0.97007	-3.2314e-006
3980	-0.26783	0.	1.03	-4.2531e-006
3981	-0.30291	0.	0.96352	-6.7297e-006
3982	-0.36273	0.	0.97007	-3.9295e-006
3985	-0.17391	0.	1.03	-5.7718e-006
3986	-0.25595	0.	0.96352	-7.394e-006
3987	-0.20678	0.	0.97243	-8.9183e-006
3991	-8.e-002	0.	1.03	-7.1328e-006
3992	-0.11434	0.	0.95562	-1.4486e-005
3993	-0.15982	0.	0.97243	-9.7727e-006
3998	1.3913e-002	0.	1.03	-6.5171e-006
3999	-6.7384e-002	0.	0.95562	-1.4992e-005
4000	-1.4194e-002	0.	0.9637	-1.147e-005
4003	0.10783	0.	1.03	-3.9651e-006
4004	9.4496e-002	0.	0.95663	-9.8331e-006
4005	3.2763e-002	0.	0.9637	-1.0348e-005
4006	0.12044	0.	0.9953	-5.0154e-006
4010	0.20174	0.	1.03	-1.9204e-006
4011	0.16739	0.	0.9953	-3.5857e-006
4015	0.29565	0.	1.03	-7.1184e-007
4016	0.25716	0.	0.96726	-2.6102e-006
4017	0.21435	0.	0.9953	-2.9708e-006
4019	0.38957	0.	1.03	6.2212e-007
4020	0.30411	0.	0.96726	-2.0166e-006
4021	0.3876	0.	0.96648	1.4839e-006
4025	0.48348	0.	1.03	2.6248e-006
4026	0.43455	0.	0.96648	2.2243e-006
4029	0.57739	0.	1.03	3.4974e-006
4030	0.55511	0.	0.95308	5.6634e-006
4031	0.48151	0.	0.96648	3.4866e-006
4036	0.6713	0.	1.03	2.8335e-006
4037	0.60207	0.	0.95308	5.2736e-006
4038	0.66791	0.	0.98168	4.3421e-006
4040	0.76522	0.	1.03	3.4888e-006
4041	0.71487	0.	0.98168	4.068e-006
4044	0.85913	0.	1.03	4.0625e-006
4045	0.82581	0.	0.95665	7.5383e-006
4046	0.76183	0.	0.98168	4.9974e-006
4052	0.95304	0.	0.98318	5.4654e-006
4053	0.95304	0.	1.03	3.0895e-006
4054	0.87277	0.	0.95665	7.1826e-006
4081	1.	0.	0.88955	1.0314e-005
4082	1.	0.	0.98318	4.8481e-006
4083	0.91973	0.	0.90983	8.9413e-006
4084	0.96433	0.	0.87652	1.0992e-005
4088	1.	0.	0.79591	1.6736e-005
4089	0.96433	0.	0.8297	1.4082e-005
4091	1.	0.	0.70227	2.5162e-005
4092	0.92498	0.	0.73043	2.1707e-005
4093	0.96433	0.	0.78288	1.7414e-005
4097	1.	0.	0.60864	3.5828e-005
4098	0.92498	0.	0.68361	2.6801e-005
4099	0.94359	0.	0.62686	3.3974e-005
4105	1.	0.	0.515	4.7144e-005
4106	0.93293	0.	0.52289	4.6505e-005
4107	0.94359	0.	0.58005	3.9546e-005
4109	1.	0.	0.42136	5.7157e-005
4110	0.93293	0.	0.47608	5.2248e-005
4115	1.	0.	0.32773	7.0007e-005
4116	0.93293	0.	0.42926	5.6519e-005
4117	0.9269	0.	0.36581	6.6078e-005
4120	1.	0.	0.23409	8.1309e-005
4121	0.90986	0.	0.26008	9.0854e-005
4122	0.9269	0.	0.31899	7.4658e-005
4123	0.94337	0.	0.21718	8.6428e-005
4127	1.	0.	0.14045	8.7613e-005
4128	0.94337	0.	0.17036	8.915e-005
4131	1.	0.	4.6818e-002	9.152e-005
4132	0.94337	0.	0.12354	9.2732e-005
4134	2.2727e-002	0.	0.	0.31018
4139	-0.18273	0.	0.	0.31327
4150	4.3668e-002	0.	2.9529e-002	8.1781e-002
4161	-0.21264	0.	2.4785e-002	6.7773e-002
4162	-0.19472	0.	1.7387e-002	0.10297
4172	0.1835	0.	0.67007	-3.2232e-005
4173	0.15466	0.	0.62599	-3.8669e-005
4174	4.1558e-002	0.	0.67878	-6.2035e-005
4175	8.8703e-002	0.	0.62802	-8.4498e-005
4176	8.1861e-002	0.	0.73046	-4.4912e-005
4177	0.15273	0.	0.73004	-3.3427e-005
4181	-3.7312e-003	0.	0.41531	-4.7649e-004
4182	2.0725e-002	0.	0.35385	-5.0089e-004
4183	-4.2587e-002	0.	0.31508	-1.3874e-003
4184	-6.101e-002	0.	0.40899	-5.4522e-004
4185	-7.7507e-002	0.	0.35924	-8.1711e-004
4186	7.0175e-003	0.	0.31913	-6.9643e-004
4194	-0.73004	0.	0.56474	5.5757e-005
4195	-0.5866	0.	0.47989	8.0902e-005
4196	-0.71013	0.	0.47791	7.5933e-005
4197	-0.58978	0.	0.53834	5.4673e-005
4198	-0.64169	0.	0.57274	5.2827e-005
4199	-0.64292	0.	0.45149	1.0512e-004
4204	0.47686	0.	0.60146	3.5604e-005
4205	0.48673	0.	0.52209	6.3732e-005
4206	0.62288	0.	0.61635	3.9245e-005
4207	0.57413	0.	0.65627	3.1767e-005
4208	0.56991	0.	0.50944	6.7064e-005
4209	0.5075	0.	0.66337	2.9366e-005
4210	0.62385	0.	0.55403	5.2035e-005
4215	-0.14564	0.	0.18861	-2.2531e-003
4216	-0.13012	0.	0.2339	-2.4059e-003
4217	-7.9688e-002	0.	0.23504	-2.7284e-003
4218	-8.663e-002	0.	0.17913	-5.866e-003
4219	-7.4327e-002	0.	0.19972	-3.7255e-003
4220	-0.11335	0.	0.17389	-5.2946e-003
4224	-0.45477	0.	0.41117	9.1962e-005
4225	-0.33308	0.	0.4104	-1.6093e-006
4226	-0.45342	0.	0.35388	1.6139e-004
4227	-0.39669	0.	0.43693	4.5223e-005
4228	-0.35128	0.	0.34018	1.0807e-004
4229	-0.39678	0.	0.32455	2.6438e-004
4233	-0.37626	0.	0.71648	-1.8542e-005
4234	-0.23039	0.	0.69354	-5.0175e-005
4235	-0.35832	0.	0.65541	-1.7597e-005
4236	-0.29821	0.	0.62921	-5.7047e-005
4237	-0.25475	0.	0.74653	-3.278e-005
4238	-0.32101	0.	0.74759	-2.7021e-005
4239	-0.2573	0.	0.65558	-6.3334e-005
4244	0.34911	0.	0.46733	5.939e-005
4245	0.23567	0.	0.52166	5.1827e-006
4246	0.21134	0.	0.47866	-1.7476e-005
4247	0.29554	0.	0.51275	2.9115e-005
4248	0.30229	0.	0.43021	8.3071e-005
4249	0.24926	0.	0.43712	4.6535e-005
4254	0.67138	0.	0.35424	1.177e-004
4255	0.61416	0.	0.21835	1.8682e-004
4256	0.60444	0.	0.36793	1.2196e-004
4257	0.55828	0.	0.26191	2.1246e-004
4258	0.5675	0.	0.31894	1.6304e-004
4259	0.68123	0.	0.3057	1.2801e-004
4263	-4.122e-002	0.	8.9161e-002	-2.5824e-002
4264	-5.8829e-002	0.	8.4697e-002	-3.8539e-002
4265	-3.1422e-002	0.	0.12892	-1.0771e-002
4266	-6.9695e-002	0.	0.10635	-1.7844e-002
4267	-5.9135e-002	0.	0.13125	-1.2142e-002
4268	-2.4462e-002	0.	0.10223	-1.1412e-002
4273	-0.70387	0.	0.24692	2.1713e-004
4274	-0.86769	0.	0.23246	1.4036e-004
4275	-0.80989	0.	0.18822	1.6651e-004
4276	-0.82364	0.	0.28586	1.3663e-004
4277	-0.73879	0.	0.179	2.3984e-004
4278	-0.74772	0.	0.28755	1.5891e-004
4282	-0.14994	0.	0.10895	-9.7413e-003
4283	-0.13592	0.	7.5736e-002	-2.6552e-002
4284	-0.1542	0.	8.4949e-002	-2.1021e-003
4285	-0.12053	0.	8.0867e-002	-3.0553e-002
4286	-0.11278	0.	0.10041	-1.7699e-002
4287	-0.12894	0.	0.12007	-1.1426e-002
4291	-0.2384	0.	0.289	-2.7373e-004
4292	-0.21944	0.	0.20427	-6.5365e-004
4293	-0.27065	0.	0.19326	1.0967e-003
4294	-0.20393	0.	0.24957	-8.0651e-004
4295	-0.28197	0.	0.26869	-4.0239e-005
4296	-0.28832	0.	0.23045	1.8402e-004
4302	-0.78568	0.	0.70491	2.8623e-005
4303	-0.68552	0.	0.77723	1.4267e-005
4304	-0.84212	0.	0.83366	1.4461e-005
4305	-0.74941	0.	0.85692	1.2124e-005
4306	-0.69732	0.	0.7129	2.5693e-005
4307	-0.80809	0.	0.87316	1.1786e-005
4308	-0.69507	0.	0.84165	1.2462e-005
4309	-0.84161	0.	0.75827	2.1126e-005
4314	-0.12007	0.	0.54146	-1.6438e-004
4315	-0.22804	0.	0.48716	-1.371e-004
4316	-0.23903	0.	0.54829	-1.2833e-004
4317	-0.13619	0.	0.49286	-2.7399e-004
4318	-0.1798	0.	0.48019	-2.6348e-004
4319	-0.19813	0.	0.57466	-1.3462e-004
4323	0.3399	0.	0.31073	2.8189e-004
4324	0.22443	0.	0.32624	1.7894e-004
4325	0.30434	0.	0.35287	2.0468e-004
4326	0.25131	0.	0.35978	1.6814e-004
4327	0.2385	0.	0.28016	4.4434e-004
4328	0.29373	0.	0.27077	4.3865e-004
4331	8.5012e-002	0.	0.17483	1.1393e-003
4332	6.2613e-002	0.	0.21025	-8.4319e-004
4333	0.13305	0.	0.18453	1.0234e-003
4334	7.6321e-002	0.	0.24497	-2.5011e-004
4335	0.11459	0.	0.24921	9.3169e-005
4336	0.15338	0.	0.22856	3.9205e-004
4340	3.7425e-002	0.	0.17006	1.2256e-004
4341	5.0853e-002	0.	9.685e-002	1.3921e-002
4342	0.10786	0.	0.14435	1.9892e-003
4343	2.2299e-002	0.	0.14249	-1.7422e-003
4344	9.1613e-002	0.	0.10583	4.6922e-003
4345	2.9259e-002	0.	0.1158	-2.3824e-003
4352	-0.99927	0.	0.44133	6.0999e-005
4353	-1.0327	0.	0.58453	4.1392e-005
4354	-0.97589	0.	0.55403	4.4068e-005
4355	-0.95757	0.	0.49231	5.4247e-005
4356	-1.0459	0.	0.47107	5.4559e-005
4360	-0.43747	0.	0.67897	-2.0754e-006
4361	-0.49428	0.	0.81646	-4.9564e-007
4362	-0.53134	0.	0.74959	3.7778e-006
4363	-0.43304	0.	0.82509	-3.6457e-006
4364	-0.40016	0.	0.77115	-1.1499e-005
4365	-0.49255	0.	0.70173	8.6327e-006
4369	0.36931	0.	0.69218	1.5025e-005
4370	0.41199	0.	0.54113	5.5741e-005
4371	0.32739	0.	0.63955	7.9706e-006
4372	0.43277	0.	0.68241	2.1375e-005
4373	0.35842	0.	0.58655	2.5466e-005
4377	0.8447	0.	0.79753	1.7003e-005
4378	0.77206	0.	0.68103	2.9121e-005
4379	0.77677	0.	0.75423	1.9596e-005
4380	0.82259	0.	0.65254	3.4001e-005
4381	0.88931	0.	0.76422	1.9054e-005
4382	0.86856	0.	0.65502	3.0519e-005
4388	4.54e-002	0.	0.40583	-2.583e-004
4389	-2.0215e-002	0.	0.50957	-1.9302e-004
4390	8.3635e-002	0.	0.47585	-1.5188e-004
4391	4.1999e-002	0.	0.52089	-1.7506e-004
4392	-3.6336e-002	0.	0.46097	-3.0263e-004
4393	6.2567e-002	0.	0.43815	-1.8311e-004
4397	-0.11252	0.	0.62301	-1.0921e-004
4398	-9.7456e-002	0.	0.68509	-6.8783e-005
4399	-0.18804	0.	0.74715	-4.8892e-005
4400	-0.19058	0.	0.6562	-7.9446e-005
4401	-0.11967	0.	0.73735	-5.3347e-005
4405	-0.60766	0.	0.18253	4.3043e-004
4406	-0.57765	0.	0.29075	2.4803e-004
4407	-0.67222	0.	0.18339	2.9034e-004
4408	-0.63532	0.	0.31964	2.0281e-004
4409	-0.56919	0.	0.22906	4.4337e-004
4410	-0.68114	0.	0.29193	2.094e-004
4416	0.58823	0.	0.80313	1.3689e-005
4417	0.50619	0.	0.88956	5.2628e-006
4418	0.6417	0.	0.83643	1.1643e-005
4419	0.64563	0.	0.90476	6.5081e-006
4420	0.5216	0.	0.81023	1.1288e-005
4424	0.79397	0.	0.44652	6.682e-005
4425	0.65516	0.	0.42277	8.6281e-005
4426	0.78795	0.	0.38307	7.6379e-005
4427	0.7091	0.	0.46735	7.1252e-005
4428	0.73195	0.	0.36054	9.2339e-005
4431	0.29458	0.	0.71122	-4.6187e-006
4432	0.30106	0.	0.83419	-7.3983e-007
4433	0.38454	0.	0.83341	2.7607e-006
4434	0.2638	0.	0.77119	-5.8145e-006
4435	0.39996	0.	0.75408	8.7861e-006
4438	-0.25195	0.	0.39333	-2.2137e-004
4439	-0.19211	0.	0.30398	-8.7795e-004
4440	-0.17659	0.	0.34928	-6.3016e-004
4441	-0.27015	0.	0.32311	-1.1168e-004
4442	-0.20371	0.	0.38636	-3.4776e-004
4446	-0.35942	0.	0.5917	-4.058e-005
4447	-0.41205	0.	0.5571	-2.5152e-006
4448	-0.4733	0.	0.58979	1.7995e-005
4449	-0.47462	0.	0.64066	9.5785e-006
4454	-0.34236	0.	0.16253	1.8695e-003
4455	-0.43422	0.	0.13703	1.2363e-003
4456	-0.39918	0.	0.22232	8.8888e-004
4457	-0.38158	0.	0.12749	2.1499e-003
4458	-0.44736	0.	0.18996	9.8123e-004
4459	-0.36002	0.	0.19971	9.5683e-004
4463	0.4106	0.	0.3825	1.8476e-004
4464	0.50504	0.	0.44911	8.7201e-005
4465	0.4681	0.	0.40012	1.2829e-004
4466	0.36829	0.	0.50718	5.3593e-005
4467	0.37504	0.	0.42464	1.0755e-004
4472	0.11914	0.	0.33931	-1.0147e-004
4473	5.6148e-002	0.	0.30965	-4.7824e-004
4474	9.442e-002	0.	0.31389	-1.3495e-004
4475	8.7024e-002	0.	0.37669	-2.075e-004
4479	-0.90714	0.	0.17815	1.4022e-004
4480	-0.92089	0.	0.27579	1.1035e-004
4481	-0.97357	0.	0.29603	9.2891e-005
4482	-0.99098	0.	0.16679	1.0827e-004
4483	-1.0196	0.	0.25228	9.5967e-005
4487	-0.15706	0.	0.8407	-2.6921e-005
4488	-4.8534e-002	0.	0.88933	-1.8823e-005
4489	-0.14721	0.	0.89805	-1.7632e-005
4490	-8.869e-002	0.	0.83089	-3.1376e-005
4495	0.39564	0.	0.23398	4.1709e-004
4496	0.44392	0.	0.19457	4.1003e-004
4497	0.43358	0.	0.13847	4.857e-004
4498	0.34332	0.	0.14103	8.566e-004
4499	0.34947	0.	0.19402	5.7385e-004
4503	-2.0872e-002	0.	0.23615	-1.9578e-003
4504	-1.0051e-004	0.	0.17791	-3.7247e-003
4505	2.8733e-002	0.	0.2402	-1.2669e-003
4506	-1.551e-002	0.	0.20083	-2.9549e-003
4511	0.78159	0.	0.17341	1.2605e-004
4512	0.83676	0.	0.29815	8.6925e-005
4513	0.85323	0.	0.19634	9.8695e-005
4514	0.78076	0.	0.27562	1.0288e-004
4518	-0.78768	0.	0.52766	5.9464e-005
4519	-0.71924	0.	0.62249	3.6359e-005
4520	-0.87152	0.	0.60478	3.857e-005
4521	-0.85319	0.	0.54306	4.8749e-005
4522	-0.86353	0.	0.66786	3.1792e-005
4527	-5.2431e-002	0.	6.6367e-002	-4.841e-002
4528	-1.8064e-002	0.	8.3897e-002	-2.1282e-002
4529	-2.2654e-002	0.	6.2535e-002	-1.7563e-002
4535	-0.51936	0.	0.3875	1.5901e-004
4536	-0.46264	0.	0.47054	4.2839e-005
4537	-0.52389	0.	0.50323	6.3349e-005
4538	-0.57704	0.	0.41638	1.1379e-004
4542	-4.6304e-002	0.	0.61393	-1.117e-004
4543	8.4054e-004	0.	0.56317	-1.3417e-004
4544	-7.7494e-002	0.	0.50325	-2.6174e-004
4545	-0.13943	0.	0.58504	-1.2237e-004
4549	0.19687	0.	0.89389	-9.0932e-006
4550	8.8746e-002	0.	0.83131	-2.5652e-005
4551	0.15961	0.	0.83089	-1.4168e-005
4552	6.6389e-002	0.	0.89033	-1.4786e-005
4553	0.15406	0.	0.92193	-9.4537e-006
4558	-0.25172	0.	0.84859	-2.0684e-005
4559	-0.35086	0.	0.90359	-7.0704e-006
4560	-0.24186	0.	0.90595	-1.1395e-005
4561	-0.31798	0.	0.84965	-1.4924e-005
4567	-0.82231	0.	0.38501	9.3133e-005
4568	-0.70057	0.	0.4144	1.0882e-004
4569	-0.83329	0.	0.45623	6.8924e-005
4570	-0.74639	0.	0.3867	1.1541e-004
4576	-0.28831	0.	0.50437	-8.8798e-005
4577	-0.34094	0.	0.46977	-5.0733e-005
4578	-0.29552	0.	0.37302	1.2118e-005
4579	-0.22908	0.	0.43627	-2.2395e-004
4583	-0.57021	0.	0.82601	6.3033e-006
4584	-0.47191	0.	0.90151	-1.1201e-006
4585	-0.57976	0.	0.89044	4.498e-006
4589	-0.17738	0.	0.14812	-2.4623e-003
4590	-0.23987	0.	0.16295	6.453e-004
4591	-0.17315	0.	0.21925	-1.2579e-003
4592	-0.20541	0.	0.14128	2.1731e-003
4593	-0.15638	0.	0.15924	-4.1465e-003
4597	-0.17037	0.	9.8292e-002	3.8196e-003
4598	-0.19413	0.	0.11545	8.1584e-004
4599	-0.1451	0.	0.13341	-5.5038e-003
4604	-0.25661	0.	0.13028	3.9234e-003
4605	-0.28708	0.	0.10858	5.7203e-003
4606	-0.3303	0.	0.11691	2.6761e-003
4607	-0.30874	0.	0.18913	1.483e-003
4612	0.22382	0.	0.61451	-1.811e-005
4613	0.22188	0.	0.71855	-1.2869e-005
4614	0.28369	0.	0.6056	5.8223e-006
4617	8.2642e-002	0.	6.8042e-002	1.6508e-002
4618	2.0288e-002	0.	7.801e-002	9.4336e-003
4619	1.5698e-002	0.	5.6648e-002	1.3153e-002
4626	-0.15635	0.	6.5082e-002	-1.2991e-002
4627	-0.12267	0.	6.1001e-002	-4.1442e-002
4632	0.77153	0.	0.83999	1.3252e-005
4633	0.77547	0.	0.90833	8.1175e-006
4634	0.88406	0.	0.84998	1.271e-005
4638	-0.61908	0.	0.69481	2.2003e-005
4639	-0.56848	0.	0.71127	1.5432e-005
4640	-0.61683	0.	0.82356	8.7715e-006
4644	0.19541	0.	0.16025	1.5597e-003
4645	0.22398	0.	0.12775	2.0651e-003
4646	0.26481	0.	0.14188	1.2054e-003
4647	0.21574	0.	0.20427	9.2832e-004
4648	0.27096	0.	0.19488	9.2263e-004
4651	-0.19839	0.	9.145e-002	8.455e-003
4652	-0.19722	0.	6.1933e-002	2.1542e-002
4653	-0.1793	0.	5.4534e-002	5.6739e-002
4660	-0.98359	0.	0.89601	9.2222e-006
4661	-0.88644	0.	0.91149	8.2899e-006
4662	-0.91997	0.	0.79661	1.7631e-005
4663	-0.98046	0.	0.8332	1.4251e-005
4668	0.17065	0.	0.52743	-4.7205e-005
4669	0.12901	0.	0.57246	-7.0376e-005
4670	0.25485	0.	0.56152	-6.1479e-007
4675	-0.64258	0.	0.11461	4.5314e-004
4676	-0.52641	0.	0.10736	8.6126e-004
4677	-0.53955	0.	0.16028	6.0617e-004
4680	0.64541	0.	0.69019	2.7417e-005
4681	0.69888	0.	0.72349	2.537e-005
4682	0.69514	0.	0.58796	4.7685e-005
4683	0.74469	0.	0.62179	3.9775e-005
4687	-0.1072	0.	0.26569	-1.7332e-003
4688	-0.14212	0.	0.30984	-1.1629e-003
4692	0.85982	0.	0.42052	6.1169e-005
4693	0.78098	0.	0.5048	5.6042e-005
4694	0.83054	0.	0.53864	4.8133e-005
4695	0.87651	0.	0.54112	4.4651e-005
4700	0.44762	0.	0.26383	2.7859e-004
4701	0.45683	0.	0.32085	2.2917e-004
4702	0.36378	0.	0.34538	2.0844e-004
4703	0.35317	0.	0.26327	4.4241e-004
4708	1.5909e-002	0.	0.62525	-9.3742e-005
4709	9.0675e-003	0.	0.72769	-5.4156e-005
4710	-5.3446e-002	0.	0.72827	-5.5843e-005
4715	-0.35193	0.	0.53089	-4.1966e-005
4716	-0.2584	0.	0.59187	-8.6317e-005
4719	-0.57568	0.	0.35909	1.8322e-004
4720	-0.46136	0.	0.30087	3.3143e-004
4721	-0.50954	0.	0.26851	4.2378e-004
4726	-8.8658e-002	0.	6.4017e-002	-5.3284e-002
4727	-8.0905e-002	0.	8.3561e-002	-4.043e-002
4734	0.10469	0.	0.52946	-9.3035e-005
4735	0.18424	0.	0.44288	-5.8528e-006
4736	0.12526	0.	0.44672	-1.0108e-004
4739	-9.1689e-002	0.	0.31098	-1.4854e-003
4740	-7.164e-003	0.	0.27087	-1.3647e-003
4741	-5.1407e-002	0.	0.2315	-3.0527e-003
4745	0.55177	0.	0.18086	2.4589e-004
4746	0.67555	0.	0.12244	1.8462e-004
4747	0.54143	0.	0.12475	3.2156e-004
4748	0.67473	0.	0.22465	1.6145e-004
4752	0.65013	0.	0.7634	1.7892e-005
4753	0.53004	0.	0.73721	1.7538e-005
4759	-0.11011	0.	0.4049	-6.4325e-004
4760	-0.13722	0.	0.44198	-3.6085e-004
4764	0.1437	0.	0.30883	4.6268e-005
4765	0.19529	0.	0.3678	6.8952e-005
4766	0.18248	0.	0.28818	3.4515e-004
4767	0.1363	0.	0.37163	-2.628e-005
4772	0.13965	0.	0.11554	4.5763e-003
4773	0.18446	0.	0.12156	2.3787e-003
4774	0.17622	0.	0.19808	1.2419e-003
4779	0.55127	0.	0.38747	1.3162e-004
4780	0.64216	0.	0.48105	7.5504e-005
4785	-0.46581	0.	0.52898	1.661e-005
4790	-0.15372	0.	0.39222	-6.3274e-004
4793	0.3491	0.	0.90373	-4.1446e-007
4794	0.22836	0.	0.84152	-8.9896e-006
4795	0.22281	0.	0.93256	-4.2755e-006
4799	0.448	0.	0.82363	9.1115e-006
4805	-0.77825	0.	0.12469	2.3971e-004
4806	-0.93318	0.	0.12255	1.3442e-004
4811	0.70754	0.	0.86503	1.0711e-005
4816	-0.92952	0.	0.34943	8.917e-005
4817	-0.88782	0.	0.40042	8.2417e-005
4818	-0.80091	0.	0.33088	1.289e-004
4824	-0.22099	0.	7.9088e-002	1.8539e-002
4825	-0.25262	0.	8.6907e-002	7.2481e-003
4830	-0.79373	0.	0.93476	5.9527e-006
4831	-0.68072	0.	0.90325	6.6285e-006
4836	0.12024	0.	0.77895	-2.5549e-005
4837	2.7014e-002	0.	0.83839	-2.6167e-005
4838	-1.3142e-002	0.	0.77996	-3.872e-005
4843	0.48556	0.	0.16831	3.4721e-004
4844	0.50511	0.	0.28145	2.2212e-004
4846	-0.9405	0.	0.42066	6.4961e-005
4847	-1.0282	0.	0.32592	7.479e-005
4848	-1.0288	0.	0.39942	6.5273e-005
4858	-0.57898	0.	0.59608	3.5274e-005
4859	-0.52839	0.	0.61254	2.8703e-005
4861	0.8151	0.	0.13051	1.2163e-004
4862	0.74263	0.	0.20979	1.2582e-004
4868	-9.9524e-002	0.	8.5675e-002	-3.2589e-002
4875	0.7978	0.	0.33453	8.6689e-005
4884	-0.20254	0.	0.8575	-2.2208e-005
4885	-0.27866	0.	0.8012	-2.5738e-005
4886	-0.14403	0.	0.79034	-3.5952e-005
4890	-1.0456	0.	0.19668	9.0166e-005
4895	-4.2939e-002	0.	0.15267	-6.9601e-003
4896	-8.2658e-003	0.	0.12365	-6.2297e-003
4897	-3.0636e-002	0.	0.17326	-4.8196e-003
4902	-3.5499e-002	0.	0.83897	-2.7854e-005
4907	-0.99225	0.	0.62558	3.5176e-005
4908	-0.98426	0.	0.68865	2.8398e-005
4909	-1.0448	0.	0.72524	2.5018e-005
4915	-1.0436	0.	0.85722	1.2508e-005
4921	8.0712e-002	0.	0.27916	-3.305e-004
4925	-0.35922	0.	0.28717	2.7811e-004
4926	-0.32006	0.	0.26456	3.4606e-004
4930	-0.42216	0.	9.1412e-002	2.0429e-003
4931	-0.48794	0.	0.15388	8.742e-004
4934	-0.58029	0.	0.64695	2.6857e-005
4946	-0.67917	0.	0.36027	1.4459e-004
4955	0.16822	0.	8.3044e-002	5.0817e-003
4960	0.25386	0.	0.10319	2.0244e-003
4965	-8.1212e-002	0.	0.13011	-1.4033e-002
4966	-0.10793	0.	0.12487	-1.3461e-002
4980	-0.91712	0.	0.53336	4.803e-005
4981	-0.92745	0.	0.65815	3.1074e-005
4988	-0.4529	0.	0.23917	5.2676e-004
4989	-0.36557	0.	0.24892	5.0236e-004
4992	-0.3778	0.	0.8562	-1.2124e-005
4999	-0.25146	0.	5.739e-002	2.0335e-002
5000	-0.2019	0.	4.2172e-002	6.6823e-002
5005	-5.8349e-002	0.	0.17559	-6.1903e-003
5006	-9.7375e-002	0.	0.14976	-7.7595e-003
5013	-5.8954e-003	0.	7.5601e-002	-3.1504e-003
5018	-0.32631	0.	7.3539e-002	6.0008e-003
5034	0.74567	0.	0.55947	5.2566e-005
5053	0.8412	0.	0.59579	4.1174e-005
5057	0.27519	0.	0.39443	9.4693e-005
5065	0.15777	0.	0.26275	3.1167e-004
5070	0.30085	0.	0.17032	8.8192e-004
5090	0.16318	0.	0.40518	-3.7074e-005
5093	-0.97996	0.	0.75782	2.0916e-005
5097	0.25177	0.	0.23271	6.0487e-004
5103	-1.0748	0.	0.35567	6.8349e-005
