Node Number	X Location (m)	Y Location (m)	Z Location (m)	Directional Magnetic Flux Density (T)
95	-0.4	0.	5.e-002	0.61226
96	-0.375	0.	5.e-002	1.1039
97	-0.35	0.	5.e-002	1.5438
98	-0.3	0.	5.e-002	1.9835
99	-0.25	0.	5.e-002	2.2107
100	-0.2	0.	5.e-002	2.3333
101	-0.15	0.	5.e-002	2.2772
102	-0.1	0.	5.e-002	1.8704
103	-5.e-002	0.	5.e-002	1.4838
104	0.	0.	5.e-002	0.64447
105	-2.5e-002	0.	5.e-002	1.0445
169	-2.5e-002	0.	-5.e-002	1.0612
170	0.	0.	-5.e-002	0.66067
171	-5.e-002	0.	-5.e-002	1.5103
172	-0.1	0.	-5.e-002	1.8956
173	-0.15	0.	-5.e-002	2.2581
174	-0.2	0.	-5.e-002	2.3287
175	-0.25	0.	-5.e-002	2.2442
176	-0.3	0.	-5.e-002	1.9656
177	-0.35	0.	-5.e-002	1.509
178	-0.375	0.	-5.e-002	1.1464
179	-0.4	0.	-5.e-002	0.76109
541	0.	0.	0.	0.69573
542	-0.4	0.	0.	0.70293
970	-5.e-002	0.	0.	1.5047
971	-0.35	0.	0.	1.5198
972	-0.125	0.	0.	2.1523
973	-0.225	0.	0.	2.321
2530	-0.3875	0.	5.e-002	0.85806
2532	-0.4	0.	2.5e-002	0.6576
2537	-0.3625	0.	5.e-002	1.3238
2539	-0.3875	0.	2.5e-002	0.90339
2540	-0.3625	0.	2.5e-002	1.3118
2544	-0.325	0.	5.e-002	1.7637
2546	-0.35	0.	2.5e-002	1.5318
2548	-0.275	0.	5.e-002	2.0971
2550	-0.3	0.	0.	1.9745
2551	-0.325	0.	2.5e-002	1.7516
2553	-0.225	0.	5.e-002	2.272
2555	-0.275	0.	0.	2.0881
2556	-0.2375	0.	2.5e-002	2.2659
2558	-0.175	0.	5.e-002	2.3052
2560	-0.1625	0.	2.5e-002	2.2428
2561	-0.2125	0.	2.5e-002	2.3272
2564	-0.125	0.	5.e-002	2.0738
2566	-0.1375	0.	2.5e-002	2.2147
2568	-7.5e-002	0.	5.e-002	1.6771
2570	-7.5e-002	0.	2.5e-002	1.6875
2571	-0.1125	0.	2.5e-002	2.0113
2574	-3.75e-002	0.	5.e-002	1.2641
2576	-5.e-002	0.	2.5e-002	1.4942
2579	-1.25e-002	0.	5.e-002	0.84447
2581	0.	0.	2.5e-002	0.6701
2585	-1.25e-002	0.	2.5e-002	0.8701
2586	-3.75e-002	0.	2.5e-002	1.2746
2873	-1.25e-002	0.	-5.e-002	0.86093
2874	-3.75e-002	0.	-5.e-002	1.2857
2875	-1.25e-002	0.	-2.5e-002	0.87846
2876	-3.75e-002	0.	-2.5e-002	1.2829
2882	0.	0.	-2.5e-002	0.6782
2886	-7.5e-002	0.	-5.e-002	1.7029
2887	-5.e-002	0.	-2.5e-002	1.5075
2890	-0.125	0.	-5.e-002	2.0768
2891	-7.5e-002	0.	-2.5e-002	1.7001
2892	-0.1125	0.	-2.5e-002	2.0239
2894	-0.175	0.	-5.e-002	2.2934
2895	-0.1375	0.	-2.5e-002	2.2052
2897	-0.225	0.	-5.e-002	2.2864
2898	-0.1625	0.	-2.5e-002	2.2405
2899	-0.2125	0.	-2.5e-002	2.3249
2901	-0.275	0.	-5.e-002	2.1049
2902	-0.2375	0.	-2.5e-002	2.2826
2904	-0.325	0.	-5.e-002	1.7373
2905	-0.325	0.	-2.5e-002	1.7427
2906	-0.2625	0.	-2.5e-002	2.1433
2910	-0.3625	0.	-5.e-002	1.3277
2911	-0.35	0.	-2.5e-002	1.5144
2914	-0.3875	0.	-5.e-002	0.95376
2915	-0.3875	0.	-2.5e-002	0.92468
2916	-0.3625	0.	-2.5e-002	1.3331
2921	-0.4	0.	-2.5e-002	0.73201
5171	-2.5e-002	0.	0.	1.1002
5181	-0.375	0.	0.	1.1114
8000	-8.75e-002	0.	0.	1.8285
8015	-0.175	0.	0.	2.2366
64	-0.375	0.	-6.25e-002	3.5104e-002
65	-0.35	0.	-6.25e-002	-3.7115e-002
66	-0.3	0.	-6.25e-002	-4.7089e-002
67	-0.25	0.	-6.25e-002	-5.1206e-002
68	-0.2	0.	-6.25e-002	-5.1551e-002
69	-0.15	0.	-6.25e-002	-5.1943e-002
70	-0.1	0.	-6.25e-002	-4.6872e-002
71	-5.e-002	0.	-6.25e-002	-3.5471e-002
72	-2.5e-002	0.	-6.25e-002	3.4855e-002
73	-2.5e-002	0.	6.25e-002	3.4751e-002
74	-5.e-002	0.	6.25e-002	-3.6061e-002
75	-0.1	0.	6.25e-002	-4.6658e-002
76	-0.15	0.	6.25e-002	-5.1319e-002
77	-0.2	0.	6.25e-002	-5.1566e-002
78	-0.25	0.	6.25e-002	-5.1568e-002
79	-0.3	0.	6.25e-002	-4.703e-002
80	-0.35	0.	6.25e-002	-3.6165e-002
81	-0.375	0.	6.25e-002	3.269e-002
82	0.	0.	6.25e-002	9.9363e-002
83	0.	0.	7.5e-002	6.1871e-002
84	-2.5e-002	0.	7.5e-002	1.3967e-002
85	-5.e-002	0.	7.5e-002	-4.9665e-002
86	-0.1	0.	7.5e-002	-7.0698e-002
87	-0.15	0.	7.5e-002	-7.7192e-002
88	-0.2	0.	7.5e-002	-7.8351e-002
89	-0.25	0.	7.5e-002	-7.757e-002
90	-0.3	0.	7.5e-002	-7.1294e-002
91	-0.35	0.	7.5e-002	-4.9538e-002
92	-0.375	0.	7.5e-002	1.0253e-002
93	-0.4	0.	6.25e-002	9.5237e-002
94	-0.4	0.	7.5e-002	5.3815e-002
95	-0.4	0.	5.e-002	0.13666
96	-0.375	0.	5.e-002	5.5127e-002
97	-0.35	0.	5.e-002	-2.2792e-002
98	-0.3	0.	5.e-002	-2.2767e-002
99	-0.25	0.	5.e-002	-2.5567e-002
100	-0.2	0.	5.e-002	-2.4782e-002
101	-0.15	0.	5.e-002	-2.5445e-002
102	-0.1	0.	5.e-002	-2.2617e-002
103	-5.e-002	0.	5.e-002	-2.2457e-002
104	0.	0.	5.e-002	0.13686
105	-2.5e-002	0.	5.e-002	5.5535e-002
169	-2.5e-002	0.	-5.e-002	5.3946e-002
170	0.	0.	-5.e-002	0.13226
171	-5.e-002	0.	-5.e-002	-2.1709e-002
172	-0.1	0.	-5.e-002	-2.2804e-002
173	-0.15	0.	-5.e-002	-2.5727e-002
174	-0.2	0.	-5.e-002	-2.4774e-002
175	-0.25	0.	-5.e-002	-2.5377e-002
176	-0.3	0.	-5.e-002	-2.277e-002
177	-0.35	0.	-5.e-002	-2.3437e-002
178	-0.375	0.	-5.e-002	5.7523e-002
179	-0.4	0.	-5.e-002	0.14248
273	-0.375	0.	-7.5e-002	1.2685e-002
274	-0.4	0.	-7.5e-002	6.0054e-002
275	-0.35	0.	-7.5e-002	-5.0793e-002
276	-0.3	0.	-7.5e-002	-7.1408e-002
277	-0.25	0.	-7.5e-002	-7.7036e-002
278	-0.2	0.	-7.5e-002	-7.8329e-002
279	-0.15	0.	-7.5e-002	-7.8159e-002
280	-0.1	0.	-7.5e-002	-7.0939e-002
281	-5.e-002	0.	-7.5e-002	-4.9232e-002
282	-2.5e-002	0.	-7.5e-002	1.5764e-002
283	0.	0.	-7.5e-002	6.5934e-002
293	-0.4	0.	-6.25e-002	0.10127
297	0.	0.	-6.25e-002	9.9098e-002
2401	-0.3625	0.	-6.25e-002	-1.0057e-003
2402	-0.375	0.	-5.625e-002	4.6313e-002
2403	-0.375	0.	-6.875e-002	2.3894e-002
2404	-0.3875	0.	-6.25e-002	6.8185e-002
2405	-0.325	0.	-6.25e-002	-4.2102e-002
2406	-0.35	0.	-5.625e-002	-3.0276e-002
2407	-0.35	0.	-6.875e-002	-4.3954e-002
2408	-0.275	0.	-6.25e-002	-4.9148e-002
2409	-0.3	0.	-5.625e-002	-3.493e-002
2410	-0.3	0.	-6.875e-002	-5.9249e-002
2411	-0.225	0.	-6.25e-002	-5.1379e-002
2412	-0.25	0.	-5.625e-002	-3.8292e-002
2413	-0.25	0.	-6.875e-002	-6.4121e-002
2414	-0.175	0.	-6.25e-002	-5.1747e-002
2415	-0.2	0.	-5.625e-002	-3.8162e-002
2416	-0.2	0.	-6.875e-002	-6.494e-002
2417	-0.125	0.	-6.25e-002	-4.9407e-002
2418	-0.15	0.	-5.625e-002	-3.8835e-002
2419	-0.15	0.	-6.875e-002	-6.5051e-002
2420	-7.5e-002	0.	-6.25e-002	-4.1171e-002
2421	-0.1	0.	-5.625e-002	-3.4838e-002
2422	-0.1	0.	-6.875e-002	-5.8905e-002
2423	-3.75e-002	0.	-6.25e-002	-3.0801e-004
2424	-5.e-002	0.	-5.625e-002	-2.859e-002
2425	-5.e-002	0.	-6.875e-002	-4.2352e-002
2426	-2.5e-002	0.	-5.625e-002	4.44e-002
2427	-2.5e-002	0.	-6.875e-002	2.5309e-002
2428	-1.25e-002	0.	-6.25e-002	6.6976e-002
2429	-3.75e-002	0.	6.25e-002	-6.5493e-004
2430	-1.25e-002	0.	6.25e-002	6.7057e-002
2431	-2.5e-002	0.	6.875e-002	2.4359e-002
2432	-2.5e-002	0.	5.625e-002	4.5143e-002
2433	-7.5e-002	0.	6.25e-002	-4.1359e-002
2434	-5.e-002	0.	6.875e-002	-4.2863e-002
2435	-5.e-002	0.	5.625e-002	-2.9259e-002
2436	-0.125	0.	6.25e-002	-4.8988e-002
2437	-0.1	0.	6.875e-002	-5.8678e-002
2438	-0.1	0.	5.625e-002	-3.4638e-002
2439	-0.175	0.	6.25e-002	-5.1443e-002
2440	-0.15	0.	6.875e-002	-6.4256e-002
2441	-0.15	0.	5.625e-002	-3.8382e-002
2442	-0.225	0.	6.25e-002	-5.1567e-002
2443	-0.2	0.	6.875e-002	-6.4959e-002
2444	-0.2	0.	5.625e-002	-3.8174e-002
2445	-0.275	0.	6.25e-002	-4.9299e-002
2446	-0.25	0.	6.875e-002	-6.4569e-002
2447	-0.25	0.	5.625e-002	-3.8568e-002
2448	-0.325	0.	6.25e-002	-4.1598e-002
2449	-0.3	0.	6.875e-002	-5.9162e-002
2450	-0.3	0.	5.625e-002	-3.4899e-002
2451	-0.3625	0.	6.25e-002	-1.7378e-003
2452	-0.35	0.	6.875e-002	-4.2852e-002
2453	-0.35	0.	5.625e-002	-2.9479e-002
2454	-0.375	0.	6.875e-002	2.1471e-002
2455	-0.3875	0.	6.25e-002	6.3964e-002
2456	-0.375	0.	5.625e-002	4.3908e-002
2457	0.	0.	6.875e-002	8.0617e-002
2458	0.	0.	5.625e-002	0.11811
2461	-1.25e-002	0.	7.5e-002	3.7919e-002
2467	-3.75e-002	0.	7.5e-002	-1.7849e-002
2472	-7.5e-002	0.	7.5e-002	-6.0182e-002
2478	-0.125	0.	7.5e-002	-7.3945e-002
2484	-0.175	0.	7.5e-002	-7.7772e-002
2491	-0.225	0.	7.5e-002	-7.796e-002
2496	-0.275	0.	7.5e-002	-7.4432e-002
2502	-0.325	0.	7.5e-002	-6.0416e-002
2508	-0.3625	0.	7.5e-002	-1.9643e-002
2514	-0.3875	0.	7.5e-002	3.2034e-002
2519	-0.4	0.	6.875e-002	7.4526e-002
2520	-0.4	0.	5.625e-002	0.11595
2530	-0.3875	0.	5.e-002	9.5893e-002
2537	-0.3625	0.	5.e-002	1.6167e-002
2544	-0.325	0.	5.e-002	-2.278e-002
2548	-0.275	0.	5.e-002	-2.4167e-002
2553	-0.225	0.	5.e-002	-2.5174e-002
2558	-0.175	0.	5.e-002	-2.5113e-002
2564	-0.125	0.	5.e-002	-2.4031e-002
2568	-7.5e-002	0.	5.e-002	-2.2537e-002
2574	-3.75e-002	0.	5.e-002	1.6539e-002
2579	-1.25e-002	0.	5.e-002	9.6195e-002
2873	-1.25e-002	0.	-5.e-002	9.3104e-002
2874	-3.75e-002	0.	-5.e-002	1.6118e-002
2880	0.	0.	-5.625e-002	0.11568
2886	-7.5e-002	0.	-5.e-002	-2.2257e-002
2890	-0.125	0.	-5.e-002	-2.4266e-002
2894	-0.175	0.	-5.e-002	-2.525e-002
2897	-0.225	0.	-5.e-002	-2.5075e-002
2901	-0.275	0.	-5.e-002	-2.4073e-002
2904	-0.325	0.	-5.e-002	-2.3104e-002
2910	-0.3625	0.	-5.e-002	1.7043e-002
2914	-0.3875	0.	-5.e-002	0.1
2920	-0.4	0.	-5.625e-002	0.12187
3550	-0.3875	0.	-7.5e-002	3.6369e-002
3551	-0.3625	0.	-7.5e-002	-1.9054e-002
3555	-0.4	0.	-6.875e-002	8.066e-002
3559	-0.325	0.	-7.5e-002	-6.1101e-002
3563	-0.275	0.	-7.5e-002	-7.4222e-002
3567	-0.225	0.	-7.5e-002	-7.7682e-002
3570	-0.175	0.	-7.5e-002	-7.8244e-002
3575	-0.125	0.	-7.5e-002	-7.4549e-002
3581	-7.5e-002	0.	-7.5e-002	-6.0086e-002
3586	-3.75e-002	0.	-7.5e-002	-1.6734e-002
3589	-1.25e-002	0.	-7.5e-002	4.0849e-002
3595	0.	0.	-6.875e-002	8.2516e-002
170	0.	0.	-5.e-002	0.28732
179	-0.4	0.	-5.e-002	0.29335
273	-0.375	0.	-7.5e-002	-8.4e-003
274	-0.4	0.	-7.5e-002	9.2345e-002
275	-0.35	0.	-7.5e-002	-4.7654e-002
276	-0.3	0.	-7.5e-002	-7.4105e-002
277	-0.25	0.	-7.5e-002	-8.482e-002
278	-0.2	0.	-7.5e-002	-7.8606e-002
279	-0.15	0.	-7.5e-002	-7.2262e-002
280	-0.1	0.	-7.5e-002	-6.2805e-002
281	-5.e-002	0.	-7.5e-002	-5.3344e-002
282	-2.5e-002	0.	-7.5e-002	-1.7303e-002
283	0.	0.	-7.5e-002	6.6798e-002
293	-0.4	0.	-6.25e-002	0.25369
297	0.	0.	-6.25e-002	0.20139
364	1.	0.	-9.7727e-002	9.1354e-004
365	1.	0.	-0.19545	8.2384e-004
366	1.	0.	-0.29318	7.8519e-004
367	1.	0.	-0.39091	6.5131e-004
368	1.	0.	-0.48864	5.1721e-004
369	1.	0.	-0.58636	4.1871e-004
370	1.	0.	-0.68409	3.2889e-004
371	1.	0.	-0.78182	2.1309e-004
372	1.	0.	-0.87955	1.3437e-004
373	1.	0.	-0.97727	6.8716e-005
384	0.9	0.	-1.075	3.1486e-005
385	0.8	0.	-1.075	3.4851e-005
386	0.7	0.	-1.075	3.2138e-005
387	0.6	0.	-1.075	2.8254e-005
388	0.5	0.	-1.075	2.0299e-005
389	0.4	0.	-1.075	1.902e-005
390	0.3	0.	-1.075	4.9724e-006
391	0.2	0.	-1.075	-1.8922e-005
392	0.1	0.	-1.075	-3.715e-005
393	-2.2204e-016	0.	-1.075	-7.2123e-005
394	-0.1	0.	-1.075	-7.553e-005
395	-0.2	0.	-1.075	-8.6353e-005
396	-0.3	0.	-1.075	-6.8083e-005
397	-0.4	0.	-1.075	-5.598e-005
398	-0.5	0.	-1.075	-3.8009e-005
399	-0.6	0.	-1.075	-1.0515e-005
400	-0.7	0.	-1.075	3.231e-006
401	-0.8	0.	-1.075	1.3613e-005
402	-0.9	0.	-1.075	2.2071e-005
403	-1.	0.	-1.075	3.7892e-005
404	-1.1	0.	-1.075	5.1571e-005
405	-1.2	0.	-1.075	4.8409e-005
406	-1.3	0.	-1.075	2.8509e-005
412	-1.4	0.	-0.97727	5.394e-005
413	-1.4	0.	-0.87955	1.5479e-004
414	-1.4	0.	-0.78182	2.121e-004
415	-1.4	0.	-0.68409	3.3034e-004
416	-1.4	0.	-0.58636	4.2009e-004
417	-1.4	0.	-0.48864	5.1345e-004
418	-1.4	0.	-0.39091	6.4551e-004
419	-1.4	0.	-0.29318	7.4176e-004
420	-1.4	0.	-0.19545	8.3442e-004
421	-1.4	0.	-9.7727e-002	9.0273e-004
427	0.1	0.	0.	0.10902
428	0.2	0.	0.	2.5418e-002
429	0.3	0.	0.	1.4507e-002
430	0.4	0.	0.	6.0661e-003
431	0.5	0.	0.	3.6063e-003
432	0.6	0.	0.	1.9944e-003
433	0.7	0.	0.	1.6109e-003
434	0.8	0.	0.	1.1493e-003
435	0.9	0.	0.	9.6609e-004
436	-1.3	0.	0.	9.4955e-004
437	-1.2	0.	0.	1.1549e-003
438	-1.1	0.	0.	1.5228e-003
439	-1.	0.	0.	2.0094e-003
440	-0.9	0.	0.	3.5004e-003
441	-0.8	0.	0.	5.2157e-003
442	-0.7	0.	0.	1.0935e-002
443	-0.6	0.	0.	2.613e-002
444	-0.5	0.	0.	8.6709e-002
541	0.	0.	0.	0.38046
542	-0.4	0.	0.	0.38741
547	1.	0.	-1.075	2.5942e-005
548	1.	0.	0.	9.207e-004
549	-1.4	0.	-1.075	2.4497e-005
550	-1.4	0.	0.	9.1219e-004
724	0.1638	0.	-0.56272	5.4743e-005
725	-0.55	0.	-0.575	-1.4419e-004
726	-0.46465	0.	-0.33477	3.8523e-004
727	8.6505e-002	0.	-0.32787	4.2322e-004
728	-0.975	0.	-0.48295	8.9915e-004
729	0.58879	0.	-0.49773	7.2027e-004
730	-0.24517	0.	-0.45615	-3.8693e-003
731	-0.18939	0.	-0.76903	-5.3797e-004
732	-0.15057	0.	-0.25827	-1.6316e-002
733	4.3262e-002	0.	-0.19381	9.413e-003
734	-0.44908	0.	-0.18306	1.0285e-002
735	0.33558	0.	-0.39273	1.8483e-003
736	-0.73102	0.	-0.41415	1.6602e-003
737	0.48534	0.	-0.79679	1.788e-004
738	-0.90853	0.	-0.79126	2.0071e-004
739	2.0833e-002	0.	-0.53333	-1.0948e-003
740	-0.46248	0.	-0.925	-1.2438e-004
741	0.14728	0.	-0.79278	-1.3898e-004
742	-0.27033	0.	-0.27303	-1.5003e-002
743	-4.2361e-002	0.	-0.44306	-2.9031e-003
744	-1.2403	0.	-0.73413	2.8493e-004
745	0.67945	0.	-0.76415	2.4473e-004
746	-0.42292	0.	-0.6375	-6.076e-004
747	-0.29272	0.	-0.22129	-2.1e-002
748	0.61667	0.	-0.32197	1.451e-003
749	-1.0255	0.	-0.16359	1.5859e-003
750	-0.74167	0.	-0.8221	1.0129e-004
751	0.23786	0.	-0.12344	1.1247e-002
752	-0.55363	0.	-0.19274	1.1105e-002
753	-0.78378	0.	-0.67982	2.9484e-004
754	-0.21016	0.	-0.54582	-2.21e-003
755	0.37276	0.	-0.51989	8.8422e-004
756	-0.32165	0.	-0.16233	-2.3494e-002
757	-0.82147	0.	-0.3308	2.3066e-003
758	0.85799	0.	-0.53344	4.7966e-004
759	0.38755	0.	-0.11758	5.3416e-003
760	-7.4908e-002	0.	-0.28108	-9.1194e-003
761	-6.7188e-002	0.	-0.14734	-2.5601e-002
762	-1.2723	0.	-0.42232	6.3204e-004
763	-0.45764	0.	-0.42917	-7.8359e-004
764	-0.36631	0.	-0.11556	-2.002e-002
765	0.79447	0.	-0.27885	9.9039e-004
766	-0.4784	0.	-0.77091	-2.7431e-004
767	-0.33437	0.	-0.75208	-5.4191e-004
768	-0.37882	0.	-0.35755	-3.3822e-003
769	0.2109	0.	-0.93314	-2.5246e-005
770	-0.173	0.	-0.37347	-7.4207e-003
771	-0.69746	0.	-0.30302	3.3154e-003
772	0.29035	0.	-0.25144	4.7005e-003
773	0.31042	0.	-0.76032	1.0513e-004
774	-9.2951e-002	0.	-0.9556	-1.4854e-004
775	-6.0407e-002	0.	-0.65917	-1.0906e-003
776	-0.41539	0.	-0.1243	2.6239e-002
777	1.875e-002	0.	-0.1375	1.4296e-002
778	-0.19026	0.	-0.1487	-5.1552e-002
779	-0.33021	0.	-0.54375	-2.0761e-003
780	-1.1646	0.	-0.89536	1.1442e-004
781	0.17203	0.	-0.23436	7.0231e-003
782	-0.2355	0.	-0.93531	-1.8316e-004
783	0.86249	0.	-0.83198	1.8149e-004
784	-0.10666	0.	-0.20818	-1.9554e-002
785	0.12542	0.	-0.44468	2.8372e-004
786	-0.62259	0.	-0.40247	1.5919e-003
787	0.1161	0.	-0.12207	2.7297e-002
788	3.4243e-002	0.	-7.8456e-002	9.2224e-002
789	-1.0566	0.	-0.77053	2.2605e-004
790	-1.1021	0.	-0.59934	4.5825e-004
791	-0.84092	0.	-0.13738	3.7797e-003
792	0.54797	0.	-0.14331	2.6117e-003
793	0.43802	0.	-0.27841	2.7293e-003
794	-1.2655	0.	-0.12927	9.8412e-004
795	0.36647	0.	-0.92578	4.6733e-005
796	-1.0365	0.	-0.33024	1.1941e-003
797	0.7375	0.	-0.43693	7.0756e-004
798	-0.86031	0.	-0.56439	6.1297e-004
799	0.20712	0.	-0.35446	2.4e-003
800	0.6176	0.	-0.92933	9.1778e-005
801	-0.58205	0.	-0.85147	-5.2816e-005
802	6.1931e-002	0.	-0.93282	-9.6833e-005
803	-0.75282	0.	-0.54709	6.7207e-004
804	0.55186	0.	-0.64156	4.2395e-004
805	0.69792	0.	-0.59214	5.1718e-004
806	-0.625	0.	-0.10833	1.2944e-002
807	-0.52855	0.	-0.10936	3.3074e-002
808	-0.47021	0.	-0.10178	4.4085e-002
809	-0.42234	0.	-8.0573e-002	8.5496e-002
810	-0.92245	0.	-0.92708	7.6981e-005
811	-0.27448	0.	-0.65313	-1.0822e-003
812	-0.14416	0.	-0.45428	-3.6694e-003
813	-0.10694	0.	-0.54722	-1.9041e-003
814	-0.25376	0.	-0.16817	-4.2092e-002
815	-2.8129e-002	0.	-0.20521	-5.2685e-003
816	-0.27725	0.	-0.36379	-6.7165e-003
817	0.24864	0.	-0.48196	7.7295e-004
818	-0.40668	0.	-0.27416	-2.217e-003
819	7.7083e-002	0.	-0.6375	-5.76e-004
820	1.7969e-002	0.	-0.26337	-2.4884e-004
821	-8.3319e-003	0.	-0.34615	-3.5143e-003
822	-1.1167	0.	-0.45227	7.6314e-004
823	0.45	0.	-0.44347	1.1375e-003
824	-1.2679	0.	-0.56473	4.4662e-004
825	-0.34722	0.	-0.45	-2.4306e-003
826	-0.74028	0.	-0.11781	6.3618e-003
827	-0.12809	0.	-0.14742	-4.1296e-002
828	-0.84583	0.	-0.45291	1.0998e-003
829	0.21105	0.	-0.66585	-4.8541e-006
830	-0.44469	0.	-0.51888	-9.819e-004
831	-0.54445	0.	-0.47615	1.6374e-004
832	-0.62642	0.	-0.73036	1.3688e-005
833	0.70744	0.	-0.12894	1.4192e-003
834	0.49442	0.	-0.95913	4.565e-005
835	0.41891	0.	-0.65258	4.2177e-004
836	-0.95694	0.	-0.66509	4.1062e-004
837	-0.21681	0.	-0.22465	-2.3751e-002
838	-0.36201	0.	-0.22286	-8.9247e-003
839	-0.17187	0.	-0.63429	-1.2436e-003
840	0.8798	0.	-0.95756	9.454e-005
841	0.8893	0.	-0.40679	6.5112e-004
842	-0.79395	0.	-0.97168	2.9193e-005
843	-1.1638	0.	-0.34757	9.1388e-004
844	0.86883	0.	-0.68111	3.2334e-004
845	-0.21488	0.	-0.30661	-1.2309e-002
846	-9.6906e-002	0.	-0.36876	-5.7369e-003
847	0.87708	0.	-0.16241	9.5546e-004
848	-1.2867	0.	-0.9547	6.6884e-005
849	1.2302e-002	0.	-0.82704	-4.0348e-004
850	-4.375e-002	0.	-0.10972	-3.7188e-002
851	-1.2855	0.	-0.28982	8.1438e-004
852	-0.65951	0.	-0.9545	2.252e-006
853	-0.33585	0.	-0.28073	-8.7508e-003
854	-0.38286	0.	-0.16258	-1.3585e-003
855	-0.34561	0.	-0.94819	-1.6723e-004
856	-0.65733	0.	-0.62592	1.5788e-004
857	0.75656	0.	-0.93884	8.7507e-005
858	0.30469	0.	-0.59832	3.643e-004
859	-0.79132	0.	-0.22895	3.6461e-003
860	4.1123e-002	0.	-0.41305	-1.1248e-003
861	-1.151	0.	-0.23045	1.0934e-003
862	-0.9252	0.	-0.37042	1.5351e-003
863	8.7173e-002	0.	-0.22829	5.5372e-003
864	-0.92168	0.	-0.23773	2.1276e-003
865	-0.66241	0.	-0.20619	6.2213e-003
866	-1.2911	0.	-0.84303	1.6327e-004
867	-0.3834	0.	-0.8476	-2.8408e-004
868	-0.29615	0.	-0.84182	-3.3515e-004
869	-0.23349	0.	-0.11966	-7.2008e-002
870	-0.575	0.	-0.29058	4.2419e-003
871	-0.64065	0.	-0.52767	4.258e-004
872	-1.0542	0.	-0.91117	1.2241e-004
873	0.47877	0.	-0.5503	7.1552e-004
874	-0.55951	0.	-0.97257	-5.0431e-005
875	-0.48981	0.	-0.25506	2.4935e-003
876	4.9521e-004	0.	-9.8317e-002	4.1775e-002
877	-0.53325	0.	-0.38385	1.2481e-003
878	-0.27688	0.	-0.12159	-6.3828e-002
879	-0.54108	0.	-0.66299	-1.5911e-004
880	-0.92237	0.	-9.1691e-002	2.9353e-003
881	-1.1217	0.	-9.1454e-002	1.4718e-003
882	-0.32146	0.	-0.11469	-4.4144e-002
883	-0.14014	0.	-0.31587	-9.3882e-003
884	-0.16005	0.	-0.20138	-2.6328e-002
885	-0.39779	0.	-9.5015e-002	2.1976e-002
1395	-0.4433	0.	-2.7645e-002	0.2306
1396	-0.45459	0.	-4.8815e-002	0.11476
1397	-0.41371	0.	-6.2219e-002	0.19585
2880	0.	0.	-5.625e-002	0.24436
2881	5.e-002	0.	-2.5e-002	0.19817
2882	0.	0.	-2.5e-002	0.33389
2883	1.7122e-002	0.	-6.4228e-002	0.18977
2920	-0.4	0.	-5.625e-002	0.27352
2921	-0.4	0.	-2.5e-002	0.34038
2922	-0.42165	0.	-3.8823e-002	0.26197
2923	-0.40685	0.	-5.6109e-002	0.2446
3550	-0.3875	0.	-7.5e-002	4.1972e-002
3551	-0.3625	0.	-7.5e-002	-2.8027e-002
3552	-0.37065	0.	-9.528e-002	-1.421e-002
3553	-0.3864	0.	-8.5008e-002	6.7879e-003
3555	-0.4	0.	-6.875e-002	0.17302
3556	-0.41117	0.	-7.7787e-002	8.892e-002
3557	-0.3989	0.	-8.5008e-002	5.716e-002
3558	-0.40685	0.	-6.8609e-002	0.1441
3559	-0.325	0.	-7.5e-002	-6.0879e-002
3560	-0.35815	0.	-9.528e-002	-3.3837e-002
3561	-0.33573	0.	-9.4846e-002	-4.5899e-002
3563	-0.275	0.	-7.5e-002	-7.9462e-002
3564	-0.28844	0.	-9.8293e-002	-6.8966e-002
3565	-0.31073	0.	-9.4846e-002	-5.9125e-002
3567	-0.225	0.	-7.5e-002	-8.1713e-002
3568	-0.24174	0.	-9.733e-002	-7.8414e-002
3569	-0.26344	0.	-9.8293e-002	-7.4324e-002
3570	-0.175	0.	-7.5e-002	-7.5434e-002
3571	-0.19513	0.	-0.11185	-6.5079e-002
3572	-0.21674	0.	-9.733e-002	-7.5307e-002
3575	-0.125	0.	-7.5e-002	-6.7533e-002
3576	-0.17013	0.	-0.11185	-6.1907e-002
3577	-0.13904	0.	-0.11121	-5.6779e-002
3581	-7.5e-002	0.	-7.5e-002	-5.8075e-002
3582	-8.3594e-002	0.	-0.11117	-4.4203e-002
3583	-0.11404	0.	-0.11121	-5.2051e-002
3584	-7.1875e-002	0.	-9.2361e-002	-4.9996e-002
3586	-3.75e-002	0.	-7.5e-002	-3.5324e-002
3587	-4.6875e-002	0.	-9.2361e-002	-4.5266e-002
3589	-1.25e-002	0.	-7.5e-002	2.4747e-002
3590	-3.4375e-002	0.	-9.2361e-002	-2.7245e-002
3591	-1.2252e-002	0.	-8.6658e-002	1.2236e-002
3595	0.	0.	-6.875e-002	0.13409
3596	1.7122e-002	0.	-7.6728e-002	7.9511e-002
3597	2.476e-004	0.	-8.6658e-002	5.4286e-002
3666	-0.40685	0.	-6.2359e-002	0.22477
3680	1.7122e-002	0.	-7.0478e-002	0.14681
4112	1.	0.	-0.14659	8.6869e-004
4114	0.95	0.	-4.8864e-002	9.3982e-004
4115	1.	0.	-4.8864e-002	9.1712e-004
4116	0.93854	0.	-0.13007	9.345e-004
4119	1.	0.	-0.24432	8.0452e-004
4120	0.93854	0.	-0.17893	8.8965e-004
4124	1.	0.	-0.34205	7.1825e-004
4125	0.89723	0.	-0.28601	8.8779e-004
4126	0.94465	0.	-0.34999	7.1816e-004
4127	0.93854	0.	-0.22779	8.7033e-004
4130	1.	0.	-0.43977	5.8426e-004
4131	0.94465	0.	-0.39885	6.5122e-004
4134	1.	0.	-0.5375	4.6796e-004
4135	0.92899	0.	-0.51104	4.9844e-004
4136	0.94465	0.	-0.44771	5.8417e-004
4140	1.	0.	-0.63523	3.738e-004
4141	0.92899	0.	-0.5599	4.4919e-004
4142	0.93442	0.	-0.63374	3.7103e-004
4144	1.	0.	-0.73295	2.7099e-004
4145	0.93442	0.	-0.6826	3.2612e-004
4148	1.	0.	-0.83068	1.7373e-004
4149	0.93125	0.	-0.8069	1.9729e-004
4150	0.93442	0.	-0.73147	2.6822e-004
4155	1.	0.	-0.92841	1.0155e-004
4156	0.93125	0.	-0.85576	1.5793e-004
4157	0.9399	0.	-0.91855	1.1446e-004
4162	0.95	0.	-1.0261	5.0101e-005
4163	1.	0.	-1.0261	4.7329e-005
4164	0.9399	0.	-0.96742	8.1628e-005
4233	0.85	0.	-1.075	3.3169e-005
4234	0.95	0.	-1.075	2.8714e-005
4235	0.8899	0.	-1.0163	6.3013e-005
4238	0.75	0.	-1.075	3.3495e-005
4239	0.8399	0.	-1.0163	6.4695e-005
4240	0.77828	0.	-1.0069	6.1179e-005
4244	0.65	0.	-1.075	3.0196e-005
4245	0.6588	0.	-1.0022	6.1958e-005
4246	0.72828	0.	-1.0069	5.9823e-005
4248	0.55	0.	-1.075	2.4276e-005
4249	0.6088	0.	-1.0022	6.0016e-005
4250	0.54721	0.	-1.0171	3.6952e-005
4253	0.45	0.	-1.075	1.966e-005
4254	0.49721	0.	-1.0171	3.2974e-005
4257	0.35	0.	-1.075	1.1996e-005
4258	0.38324	0.	-1.0004	3.2877e-005
4259	0.44721	0.	-1.0171	3.2335e-005
4261	0.25	0.	-1.075	-6.9748e-006
4262	0.25545	0.	-1.0041	-1.0137e-005
4263	0.33324	0.	-1.0004	2.5853e-005
4268	0.15	0.	-1.075	-2.8036e-005
4269	0.20545	0.	-1.0041	-2.2084e-005
4273	5.e-002	0.	-1.075	-5.4636e-005
4274	0.15545	0.	-1.0041	-3.1198e-005
4275	8.0965e-002	0.	-1.0039	-6.6991e-005
4278	-5.e-002	0.	-1.075	-7.3826e-005
4279	-4.6476e-002	0.	-1.0153	-1.1033e-004
4280	3.0965e-002	0.	-1.0039	-8.4478e-005
4284	-0.15	0.	-1.075	-8.0941e-005
4285	-9.6476e-002	0.	-1.0153	-1.1203e-004
4289	-0.25	0.	-1.075	-7.7218e-005
4290	-0.14648	0.	-1.0153	-1.1745e-004
4291	-0.21775	0.	-1.0052	-1.3476e-004
4294	-0.35	0.	-1.075	-6.2032e-005
4295	-0.26775	0.	-1.0052	-1.2562e-004
4296	-0.3228	0.	-1.0116	-1.1766e-004
4300	-0.45	0.	-1.075	-4.6995e-005
4301	-0.43124	0.	-1.	-9.0181e-005
4302	-0.3728	0.	-1.0116	-1.1161e-004
4307	-0.55	0.	-1.075	-2.4262e-005
4308	-0.48124	0.	-1.	-8.1195e-005
4309	-0.52976	0.	-1.0238	-4.422e-005
4312	-0.65	0.	-1.075	-3.642e-006
4313	-0.62975	0.	-1.0148	-4.1315e-006
4314	-0.57976	0.	-1.0238	-3.0473e-005
4318	-0.75	0.	-1.075	8.422e-006
4319	-0.74697	0.	-1.0233	1.6212e-005
4320	-0.67975	0.	-1.0148	2.7415e-006
4324	-0.85	0.	-1.075	1.7842e-005
4325	-0.79697	0.	-1.0233	2.1403e-005
4328	-0.95	0.	-1.075	2.9981e-005
4329	-0.91122	0.	-1.001	4.9526e-005
4330	-0.84697	0.	-1.0233	2.5632e-005
4332	-1.05	0.	-1.075	4.4731e-005
4333	-0.96122	0.	-1.001	5.7436e-005
4334	-1.0271	0.	-0.99309	8.0149e-005
4339	-1.15	0.	-1.075	4.999e-005
4340	-1.1323	0.	-0.98518	8.2993e-005
4341	-1.0771	0.	-0.99309	8.6988e-005
4344	-1.25	0.	-1.075	3.8459e-005
4345	-1.1823	0.	-0.98518	8.1413e-005
4346	-1.2434	0.	-1.0148	5.7647e-005
4351	-1.35	0.	-1.0261	4.1224e-005
4352	-1.35	0.	-1.075	2.6503e-005
4353	-1.2934	0.	-1.0148	4.7696e-005
4384	-1.4	0.	-0.92841	1.0437e-004
4385	-1.4	0.	-1.0261	3.9218e-005
4386	-1.3434	0.	-0.96599	6.0412e-005
4388	-1.4	0.	-0.83068	1.8345e-004
4389	-1.3434	0.	-0.91712	1.1084e-004
4390	-1.3456	0.	-0.86129	1.5903e-004
4394	-1.4	0.	-0.73295	2.7122e-004
4395	-1.3202	0.	-0.75797	2.4851e-004
4396	-1.3456	0.	-0.81243	1.8769e-004
4399	-1.4	0.	-0.63523	3.7521e-004
4400	-1.3202	0.	-0.70911	3.0763e-004
4401	-1.3339	0.	-0.62441	3.8848e-004
4405	-1.4	0.	-0.5375	4.6677e-004
4406	-1.3339	0.	-0.57555	4.3335e-004
4408	-1.4	0.	-0.43977	5.7948e-004
4409	-1.3362	0.	-0.45548	5.7275e-004
4410	-1.3339	0.	-0.52668	4.8004e-004
4415	-1.4	0.	-0.34205	6.9364e-004
4416	-1.3362	0.	-0.40662	6.3877e-004
4417	-1.3428	0.	-0.34037	7.2995e-004
4419	-1.4	0.	-0.24432	7.8809e-004
4420	-1.3428	0.	-0.2915	7.7807e-004
4423	-1.4	0.	-0.14659	8.6858e-004
4424	-1.3327	0.	-0.16236	9.0927e-004
4425	-1.3428	0.	-0.24264	8.244e-004
4428	-1.35	0.	-4.8864e-002	9.2614e-004
4429	-1.4	0.	-4.8864e-002	9.0746e-004
4430	-1.3327	0.	-0.1135	9.4342e-004
4477	0.15	0.	0.	6.7221e-002
4478	5.e-002	0.	0.	0.24474
4481	0.10805	0.	-6.1035e-002	6.816e-002
4482	6.7122e-002	0.	-3.9228e-002	0.10062
4491	0.25	0.	0.	1.9963e-002
4494	0.21893	0.	-6.1721e-002	1.8333e-002
4495	0.15805	0.	-6.1035e-002	2.6358e-002
4498	0.35	0.	0.	1.0287e-002
4502	0.26893	0.	-6.1721e-002	1.2877e-002
4503	0.34378	0.	-5.879e-002	9.9244e-003
4510	0.45	0.	0.	4.8362e-003
4512	0.39378	0.	-5.879e-002	5.7038e-003
4515	0.55	0.	0.	2.8004e-003
4518	0.44378	0.	-5.879e-002	4.474e-003
4519	0.52399	0.	-7.1653e-002	3.109e-003
4523	0.65	0.	0.	1.8027e-003
4527	0.57399	0.	-7.1653e-002	2.3031e-003
4528	0.65372	0.	-6.447e-002	1.7068e-003
4532	0.75	0.	0.	1.3801e-003
4534	0.70372	0.	-6.447e-002	1.5151e-003
4539	0.85	0.	0.	1.0577e-003
4542	0.75372	0.	-6.447e-002	1.2843e-003
4543	0.83854	0.	-8.1203e-002	1.0524e-003
4550	0.95	0.	0.	9.434e-004
4552	0.88854	0.	-8.1203e-002	9.6078e-004
4556	-1.25	0.	0.	1.0522e-003
4558	-1.35	0.	0.	9.3087e-004
4560	-1.2827	0.	-6.4636e-002	9.6684e-004
4564	-1.15	0.	0.	1.3389e-003
4567	-1.2327	0.	-6.4636e-002	1.0695e-003
4568	-1.1608	0.	-4.5727e-002	1.3134e-003
4576	-1.05	0.	0.	1.7661e-003
4578	-1.1108	0.	-4.5727e-002	1.4973e-003
4580	-0.95	0.	0.	2.7549e-003
4584	-1.0128	0.	-8.1796e-002	1.7977e-003
4585	-0.96119	0.	-4.5846e-002	2.4723e-003
4586	-1.0608	0.	-4.5727e-002	1.7406e-003
4591	-0.85	0.	0.	4.358e-003
4594	-0.91119	0.	-4.5846e-002	3.2178e-003
4600	-0.75	0.	0.	8.0755e-003
4602	-0.82046	0.	-6.8692e-002	4.4977e-003
4603	-0.77014	0.	-5.8903e-002	5.7888e-003
4604	-0.86119	0.	-4.5846e-002	4.0755e-003
4608	-0.65	0.	0.	1.8533e-002
4612	-0.6625	0.	-5.4167e-002	1.194e-002
4613	-0.72014	0.	-5.8903e-002	8.6486e-003
4618	-0.55	0.	0.	5.6419e-002
4621	-0.6125	0.	-5.4167e-002	1.9537e-002
4622	-0.56428	0.	-5.4678e-002	2.9602e-002
4630	-0.45	0.	0.	0.23706
4633	-0.51428	0.	-5.4678e-002	5.9892e-002
4636	-0.47165	0.	-1.3823e-002	0.15865
4637	-0.47729	0.	-2.4407e-002	0.10074
5182	-0.42165	0.	-1.3823e-002	0.30901
6217	9.2318e-002	0.	-0.54803	-5.2001e-004
6218	0.14461	0.	-0.5037	1.6923e-004
6219	0.20622	0.	-0.52234	4.1385e-004
6220	0.12044	0.	-0.60011	-2.6063e-004
6221	0.18743	0.	-0.61428	2.4945e-005
6222	0.23424	0.	-0.58052	2.0952e-004
6227	-0.48646	0.	-0.60625	-3.759e-004
6228	-0.49735	0.	-0.54694	-5.6304e-004
6229	-0.54722	0.	-0.52557	9.7718e-006
6230	-0.60366	0.	-0.60046	6.8413e-006
6231	-0.59532	0.	-0.55133	1.408e-004
6232	-0.54554	0.	-0.619	-1.5165e-004
6235	-0.46115	0.	-0.38197	-1.9918e-004
6236	-0.42174	0.	-0.34616	-1.4985e-003
6237	-0.43567	0.	-0.30446	-9.1588e-004
6238	-0.51983	0.	-0.31267	2.3136e-003
6239	-0.47723	0.	-0.29491	1.4394e-003
6240	-0.49895	0.	-0.35931	8.1666e-004
6244	0.12927	0.	-0.28111	3.7232e-003
6245	0.10596	0.	-0.38627	3.5347e-004
6246	0.14681	0.	-0.34116	1.4116e-003
6247	5.2237e-002	0.	-0.29562	8.7186e-005
6248	3.9086e-002	0.	-0.33701	-1.5456e-003
6249	6.3814e-002	0.	-0.37046	-3.5081e-004
6250	8.6839e-002	0.	-0.27808	2.9802e-003
6254	-1.0385	0.	-0.54115	6.787e-004
6255	-1.0058	0.	-0.4066	1.0466e-003
6256	-0.91766	0.	-0.52367	7.5606e-004
6257	-1.0458	0.	-0.46761	8.3114e-004
6258	-0.91042	0.	-0.46793	9.9949e-004
6259	-0.96597	0.	-0.57402	6.5489e-004
6260	-0.9501	0.	-0.42669	1.2171e-003
6264	0.60273	0.	-0.40985	1.0856e-003
6265	0.66314	0.	-0.46733	7.1392e-004
6266	0.57032	0.	-0.56964	5.7211e-004
6267	0.64335	0.	-0.54493	6.1873e-004
6268	0.51939	0.	-0.4706	9.2887e-004
6269	0.53378	0.	-0.52401	7.179e-004
6273	-0.22766	0.	-0.50098	-3.0396e-003
6274	-0.20908	0.	-0.41481	-5.645e-003
6275	-0.28769	0.	-0.49995	-2.9727e-003
6276	-0.19466	0.	-0.45521	-3.7693e-003
6277	-0.26121	0.	-0.40997	-5.2929e-003
6278	-0.29619	0.	-0.45308	-3.1499e-003
6282	-0.26188	0.	-0.76056	-5.3994e-004
6283	-0.14117	0.	-0.86231	-3.4326e-004
6284	-0.1249	0.	-0.7141	-8.1426e-004
6285	-0.21245	0.	-0.85217	-3.6057e-004
6286	-0.23193	0.	-0.71108	-8.1006e-004
6287	-0.18063	0.	-0.70166	-8.9081e-004
6288	-8.8544e-002	0.	-0.79804	-4.7073e-004
6289	-0.24277	0.	-0.80542	-4.3656e-004
6296	-0.11274	0.	-0.26968	-1.2717e-002
6297	-0.12862	0.	-0.23323	-1.7935e-002
6298	-0.18369	0.	-0.24146	-2.0033e-002
6299	-0.18273	0.	-0.28244	-1.4312e-002
6300	-0.14536	0.	-0.28707	-1.2852e-002
6301	-0.15531	0.	-0.22982	-2.1322e-002
6306	3.1006e-002	0.	-0.16565	1.1855e-002
6307	7.968e-002	0.	-0.15794	1.8355e-002
6308	7.5662e-003	0.	-0.19951	2.0722e-003
6309	3.0615e-002	0.	-0.22859	4.5821e-003
6310	6.5217e-002	0.	-0.21105	7.4751e-003
6314	-0.50136	0.	-0.1879	1.0695e-002
6315	-0.43223	0.	-0.15368	1.8262e-002
6316	-0.48881	0.	-0.14621	2.168e-002
6317	-0.45964	0.	-0.14242	2.7185e-002
6318	-0.42788	0.	-0.22861	4.0343e-003
6319	-0.40554	0.	-0.20296	6.8042e-004
6320	-0.41597	0.	-0.17282	4.4635e-003
6321	-0.46944	0.	-0.21906	6.3895e-003
6326	0.35417	0.	-0.45631	1.3662e-003
6327	0.31296	0.	-0.32208	3.2744e-003
6328	0.3868	0.	-0.33557	2.2888e-003
6329	0.27135	0.	-0.37359	2.1241e-003
6330	0.29211	0.	-0.43734	1.3106e-003
6331	0.39279	0.	-0.4181	1.4929e-003
6336	-0.77624	0.	-0.37248	1.9834e-003
6337	-0.71424	0.	-0.35859	2.4878e-003
6338	-0.6768	0.	-0.40831	1.626e-003
6339	-0.74192	0.	-0.48062	1.1661e-003
6340	-0.78843	0.	-0.43353	1.38e-003
6341	-0.68583	0.	-0.47091	1.043e-003
6347	0.5824	0.	-0.78047	2.1177e-004
6348	0.39788	0.	-0.77856	1.4197e-004
6349	0.42591	0.	-0.86128	1.1277e-004
6350	0.55147	0.	-0.86306	1.3529e-004
6351	0.5186	0.	-0.71918	3.0138e-004
6352	0.48988	0.	-0.87796	1.1223e-004
6353	0.45213	0.	-0.72468	3.0029e-004
6358	-0.8251	0.	-0.80668	1.51e-004
6359	-0.84615	0.	-0.73554	2.4777e-004
6360	-0.98256	0.	-0.7809	2.1338e-004
6361	-0.91549	0.	-0.85917	1.3885e-004
6362	-0.93274	0.	-0.72818	3.0567e-004
6363	-0.98135	0.	-0.85122	1.6156e-004
6367	-1.0764e-002	0.	-0.48819	-1.9989e-003
6368	-1.9787e-002	0.	-0.59625	-1.0927e-003
6369	7.3129e-002	0.	-0.48901	-4.0552e-004
6370	-4.3056e-002	0.	-0.54028	-1.4994e-003
6371	4.8958e-002	0.	-0.58542	-8.3538e-004
6372	3.0978e-002	0.	-0.47319	-1.1098e-003
6375	-0.47044	0.	-0.84796	-1.9935e-004
6376	-0.52226	0.	-0.88824	-8.8599e-005
6377	-0.40404	0.	-0.93659	-1.4581e-004
6378	-0.42294	0.	-0.8863	-2.0423e-004
6379	-0.51099	0.	-0.94879	-8.7407e-005
6382	0.17909	0.	-0.86296	-8.2115e-005
6383	0.22885	0.	-0.77655	-1.6928e-005
6384	0.10461	0.	-0.8628	-1.1791e-004
6385	0.11218	0.	-0.71514	-3.5749e-004
6386	0.17917	0.	-0.72932	-7.1919e-005
6387	7.9791e-002	0.	-0.80991	-2.7123e-004
6393	-0.28153	0.	-0.24716	-1.8001e-002
6394	-0.27379	0.	-0.31841	-1.086e-002
6395	-0.24357	0.	-0.24884	-1.9377e-002
6396	-0.2426	0.	-0.28982	-1.3656e-002
6397	-0.30309	0.	-0.27688	-1.1877e-002
6402	-9.3262e-002	0.	-0.44867	-3.2863e-003
6403	-7.4653e-002	0.	-0.49514	-2.4036e-003
6404	-2.5346e-002	0.	-0.3946	-3.2087e-003
6405	-6.9633e-002	0.	-0.40591	-4.32e-003
6406	-6.1885e-004	0.	-0.42805	-2.014e-003
6410	-1.2025	0.	-0.81474	1.9967e-004
6411	-1.1485	0.	-0.75233	2.5549e-004
6412	-1.1712	0.	-0.66673	3.7159e-004
6413	-1.2541	0.	-0.64943	3.6578e-004
6414	-1.2657	0.	-0.78858	2.241e-004
6420	0.77097	0.	-0.79807	2.1311e-004
6421	0.64852	0.	-0.84674	1.6825e-004
6422	0.61565	0.	-0.70286	3.3434e-004
6423	0.68868	0.	-0.67815	3.8095e-004
6424	0.77414	0.	-0.72263	2.8404e-004
6425	0.718	0.	-0.85149	1.6612e-004
6429	-0.45066	0.	-0.70421	-4.4096e-004
6430	-0.37865	0.	-0.69479	-5.7476e-004
6431	-0.37656	0.	-0.59063	-1.3418e-003
6432	-0.3487	0.	-0.64531	-8.4487e-004
6433	-0.43381	0.	-0.57819	-7.9475e-004
6434	-0.482	0.	-0.65025	-3.8336e-004
6439	-0.30719	0.	-0.19181	-2.2247e-002
6440	-0.27324	0.	-0.19473	-3.1546e-002
6441	-0.25477	0.	-0.22297	-2.2375e-002
6442	-0.32737	0.	-0.22207	-1.4962e-002
6443	-0.31429	0.	-0.25101	-1.4875e-002
6447	0.70557	0.	-0.30041	1.2207e-003
6448	0.58232	0.	-0.23264	2.0314e-003
6449	0.52734	0.	-0.30019	2.0902e-003
6450	0.67708	0.	-0.37945	1.0793e-003
6451	0.53333	0.	-0.38272	1.2942e-003
6452	0.66206	0.	-0.22545	1.4351e-003
6458	-1.031	0.	-0.24692	1.39e-003
6459	-1.0883	0.	-0.19702	1.3397e-003
6460	-0.97361	0.	-0.20066	1.8567e-003
6461	-0.97396	0.	-0.12764	2.2606e-003
6462	-1.0736	0.	-0.12752	1.5289e-003
6466	-0.76272	0.	-0.75096	1.9806e-004
6467	-0.66186	0.	-0.83678	2.4238e-005
6468	-0.83206	0.	-0.87459	8.9136e-005
6469	-0.68404	0.	-0.77623	5.749e-005
6470	-0.76781	0.	-0.89689	6.5242e-005
6471	-0.70059	0.	-0.8883	5.1772e-005
6476	0.3127	0.	-0.12051	8.2945e-003
6477	0.2641	0.	-0.18744	7.974e-003
6478	0.20494	0.	-0.1789	9.1353e-003
6479	0.17698	0.	-0.12276	1.9272e-002
6484	-0.58932	0.	-0.15054	1.2024e-002
6485	-0.54109	0.	-0.15105	2.209e-002
6486	-0.60802	0.	-0.19946	8.6632e-003
6487	-0.56432	0.	-0.24166	7.6735e-003
6488	-0.52172	0.	-0.2239	6.7993e-003
6493	-0.82204	0.	-0.62211	4.539e-004
6494	-0.7683	0.	-0.61346	4.8345e-004
6495	-0.7051	0.	-0.70509	1.5426e-004
6496	-0.87036	0.	-0.67246	3.5273e-004
6497	-0.72055	0.	-0.65287	2.2636e-004
6501	-0.27018	0.	-0.54478	-2.143e-003
6502	-0.24232	0.	-0.59947	-1.6461e-003
6503	-0.17716	0.	-0.50005	-2.9397e-003
6504	-0.15855	0.	-0.54652	-2.057e-003
6505	-0.19101	0.	-0.59006	-1.7268e-003
6508	0.3107	0.	-0.50092	8.2859e-004
6509	0.41138	0.	-0.48168	1.0108e-003
6510	0.39584	0.	-0.58623	6.53e-004
6511	0.33873	0.	-0.5591	6.2426e-004
6512	0.42577	0.	-0.53509	7.9987e-004
6516	-0.34398	0.	-0.13894	-2.1757e-002
6517	-0.2877	0.	-0.16525	-3.2793e-002
6518	-0.34183	0.	-0.19259	-1.6209e-002
6519	-0.35225	0.	-0.16246	-1.2426e-002
6520	-0.29926	0.	-0.14196	-4.3661e-002
6521	-0.32155	0.	-0.13851	-3.3819e-002
6525	-0.75946	0.	-0.31691	2.811e-003
6526	-0.83365	0.	-0.39186	1.7032e-003
6527	-0.80639	0.	-0.27987	2.9764e-003
6528	-0.87333	0.	-0.35061	1.9209e-003
6529	-0.87158	0.	-0.28427	2.2171e-003
6533	0.79774	0.	-0.48519	5.9361e-004
6534	0.77795	0.	-0.56279	4.9842e-004
6535	0.87364	0.	-0.47012	5.6539e-004
6536	0.86341	0.	-0.60728	4.015e-004
6539	0.33895	0.	-0.18451	5.021e-003
6540	0.46776	0.	-0.13044	3.9767e-003
6541	0.41279	0.	-0.198	4.0355e-003
6546	-9.0784e-002	0.	-0.24463	-1.4337e-002
6547	-5.1518e-002	0.	-0.24315	-7.194e-003
6548	-2.8469e-002	0.	-0.27222	-4.6841e-003
6549	-4.162e-002	0.	-0.31362	-6.3169e-003
6550	-8.5907e-002	0.	-0.32492	-7.4281e-003
6551	-0.10752	0.	-0.29848	-9.2538e-003
6556	-2.4219e-002	0.	-0.14242	-5.6522e-003
6557	-8.6924e-002	0.	-0.17776	-2.2578e-002
6558	-4.7658e-002	0.	-0.17628	-1.5435e-002
6559	-9.7636e-002	0.	-0.14738	-3.3448e-002
6560	-5.5469e-002	0.	-0.12853	-3.1394e-002
6564	-1.1945	0.	-0.4373	6.9759e-004
6565	-1.2701	0.	-0.49353	5.3933e-004
6566	-1.2181	0.	-0.38495	7.7296e-004
6567	-1.2789	0.	-0.35607	7.2321e-004
6572	-0.41823	0.	-0.39336	-2.0829e-003
6573	-0.40243	0.	-0.43958	-1.6071e-003
6574	-0.45117	0.	-0.47402	-8.8274e-004
6575	-0.50104	0.	-0.45266	-3.0992e-004
6576	-0.49545	0.	-0.40651	2.3226e-004
6580	-0.39085	0.	-0.11993	3.1096e-003
6581	-0.37459	0.	-0.13907	-1.0689e-002
6582	-0.34388	0.	-0.11513	-3.2082e-002
6583	-0.38205	0.	-0.10529	9.7797e-004
6588	0.76598	0.	-0.35789	8.4897e-004
6589	0.75096	0.	-0.20389	1.2048e-003
6590	0.84188	0.	-0.34282	8.2075e-004
6591	0.83578	0.	-0.22063	9.7292e-004
6598	-0.40639	0.	-0.7615	-4.0811e-004
6599	-0.53023	0.	-0.81119	-1.6356e-004
6600	-0.55241	0.	-0.75064	-1.3031e-004
6601	-0.4309	0.	-0.80926	-2.7919e-004
6602	-0.50974	0.	-0.71695	-2.1671e-004
6606	-0.30443	0.	-0.7026	-8.1203e-004
6607	-0.35889	0.	-0.79984	-4.13e-004
6608	-0.31526	0.	-0.79695	-4.3853e-004
6612	-0.32804	0.	-0.36067	-5.0494e-003
6613	-0.39275	0.	-0.31585	-2.7996e-003
6614	-0.36302	0.	-0.40378	-2.9064e-003
6615	-0.35734	0.	-0.31914	-6.0665e-003
6621	0.26066	0.	-0.84673	3.9942e-005
6622	0.28869	0.	-0.92946	1.0743e-005
6623	0.13642	0.	-0.93298	-6.1039e-005
6626	-0.15858	0.	-0.41387	-5.545e-003
6627	-0.22513	0.	-0.36863	-7.0686e-003
6628	-0.19394	0.	-0.34004	-9.865e-003
6629	-0.13495	0.	-0.37111	-6.5788e-003
6630	-0.15657	0.	-0.34467	-8.4044e-003
6635	-0.66002	0.	-0.35275	2.4536e-003
6636	-0.74439	0.	-0.26598	3.4807e-003
6637	-0.67993	0.	-0.25461	4.7683e-003
6638	-0.63623	0.	-0.2968	3.7786e-003
6641	0.23119	0.	-0.2429	5.8618e-003
6642	0.36418	0.	-0.26493	3.7149e-003
6643	0.24874	0.	-0.30295	3.5502e-003
6645	0.33845	0.	-0.84305	7.5931e-005
6646	0.26073	0.	-0.71309	5.0138e-005
6647	0.36466	0.	-0.70645	2.6345e-004
6648	0.30755	0.	-0.67932	2.3471e-004
6652	-0.16423	0.	-0.94545	-1.6585e-004
6653	-1.551e-002	0.	-0.94421	-1.2269e-004
6654	-4.0324e-002	0.	-0.89132	-2.7601e-004
6658	-8.3676e-002	0.	-0.60319	-1.4973e-003
6659	8.3382e-003	0.	-0.64833	-8.3327e-004
6660	-0.11614	0.	-0.64673	-1.1671e-003
6661	-2.4052e-002	0.	-0.7431	-7.4702e-004
6664	-0.4428	0.	-0.11304	3.5162e-002
6665	-0.41886	0.	-0.10244	5.5868e-002
6666	-0.39913	0.	-0.14344	1.244e-002
6667	-0.40659	0.	-0.10966	2.4108e-002
6671	6.7424e-002	0.	-0.12979	2.0797e-002
6672	2.6497e-002	0.	-0.10798	5.326e-002
6673	-4.6896e-003	0.	-0.17136	4.514e-003
6674	-1.25e-002	0.	-0.12361	-1.1446e-002
6675	9.6226e-003	0.	-0.11791	2.8036e-002
6681	-0.22201	0.	-0.15843	-4.6822e-002
6682	-0.15917	0.	-0.14806	-4.6424e-002
6683	-0.20353	0.	-0.18668	-3.7651e-002
6684	-0.21187	0.	-0.13418	-6.178e-002
6685	-0.17515	0.	-0.17504	-3.894e-002
6691	-0.30234	0.	-0.59844	-1.5791e-003
6692	-0.33872	0.	-0.49688	-2.2533e-003
6693	-0.38745	0.	-0.53132	-1.529e-003
6698	-1.1106	0.	-0.83295	1.7023e-004
6699	-1.2257	0.	-0.92503	9.065e-005
6700	-1.2278	0.	-0.8692	1.3884e-004
6701	-1.1094	0.	-0.90327	1.1841e-004
6706	0.14407	0.	-0.17821	1.716e-002
6707	0.18958	0.	-0.29441	4.7115e-003
6708	0.1296	0.	-0.23133	6.2802e-003
6713	-0.29055	0.	-0.94175	-1.7519e-004
6714	-0.26582	0.	-0.88856	-2.5915e-004
6719	0.87114	0.	-0.89477	1.3801e-004
6720	0.86566	0.	-0.75655	2.5241e-004
6721	0.80952	0.	-0.88541	1.345e-004
6725	-6.7395e-002	0.	-0.2067	-1.2411e-002
6726	-0.11737	0.	-0.1778	-3.0425e-002
6727	-0.13335	0.	-0.20478	-2.2941e-002
6731	0.16627	0.	-0.39957	1.3418e-003
6732	0.18703	0.	-0.46332	5.2834e-004
6733	8.3274e-002	0.	-0.42887	-4.2056e-004
6737	-0.58352	0.	-0.43931	8.7781e-004
6738	-0.59879	0.	-0.34652	2.9169e-003
6739	-0.63162	0.	-0.46507	1.0088e-003
6740	-0.57792	0.	-0.39316	1.42e-003
6744	7.5171e-002	0.	-0.10026	5.976e-002
6745	0.10164	0.	-0.17518	1.6417e-002
6754	1.7369e-002	0.	-8.8386e-002	6.7e-002
6760	-1.0793	0.	-0.68494	3.4215e-004
6761	-1.0068	0.	-0.71781	3.1834e-004
6762	-1.0554	0.	-0.84085	1.7423e-004
6765	-1.1094	0.	-0.5258	6.1069e-004
6766	-1.185	0.	-0.58203	4.5243e-004
6767	-1.0295	0.	-0.63222	4.3444e-004
6771	-0.7906	0.	-0.12759	5.0708e-003
6772	-0.81612	0.	-0.18316	3.7129e-003
6773	-0.8813	0.	-0.18755	2.9536e-003
6774	-0.88164	0.	-0.11454	3.3575e-003
6777	0.493	0.	-0.21086	2.6705e-003
6778	0.62771	0.	-0.13612	2.0155e-003
6783	0.44401	0.	-0.36094	1.9334e-003
6787	-1.2755	0.	-0.20955	8.9925e-004
6788	-1.2083	0.	-0.17986	1.0388e-003
6789	-1.1936	0.	-0.11036	1.228e-003
6793	0.43045	0.	-0.94245	4.6191e-005
6797	-1.0766	0.	-0.39126	9.7863e-004
6798	-1.1002	0.	-0.33891	1.054e-003
6799	-1.0938	0.	-0.28034	1.1438e-003
6800	-0.98087	0.	-0.35033	1.3646e-003
6801	-0.97911	0.	-0.28398	1.6608e-003
6805	0.71771	0.	-0.51454	6.1237e-004
6806	0.8134	0.	-0.42186	6.7934e-004
6810	-0.80656	0.	-0.55574	6.4252e-004
6811	-0.85307	0.	-0.50865	8.5639e-004
6812	-0.90863	0.	-0.61474	5.118e-004
6817	0.22788	0.	-0.41821	1.5865e-003
6821	0.55601	0.	-0.94423	6.8714e-005
6822	0.68708	0.	-0.93409	8.9643e-005
6829	-0.60423	0.	-0.79092	-1.9564e-005
6830	-0.62078	0.	-0.90299	-2.5282e-005
6831	-0.57078	0.	-0.91202	-5.1624e-005
6835	3.7117e-002	0.	-0.87993	-2.5016e-004
6839	-0.79932	0.	-0.5	8.8594e-004
6840	-0.70507	0.	-0.58651	4.1497e-004
6841	-0.69673	0.	-0.53738	5.4893e-004
6845	0.62489	0.	-0.61685	4.7056e-004
6846	0.48538	0.	-0.64707	4.2286e-004
6847	0.51531	0.	-0.59593	5.6974e-004
6853	0.78338	0.	-0.63663	4.2026e-004
6858	-0.57678	0.	-0.10884	2.3009e-002
6859	-0.68264	0.	-0.11307	9.6528e-003
6860	-0.6437	0.	-0.15726	9.5825e-003
6864	-0.49938	0.	-0.10557	3.858e-002
6865	-0.49157	0.	-7.9086e-002	7.3919e-002
6869	-0.44627	0.	-9.1175e-002	6.4791e-002
6870	-0.4624	0.	-7.5296e-002	7.9424e-002
6875	-0.41007	0.	-8.7794e-002	5.3736e-002
6876	-0.43846	0.	-6.4694e-002	0.10013
6877	-0.41802	0.	-7.1396e-002	0.14067
6881	-0.8582	0.	-0.94938	5.3087e-005
6882	-0.98831	0.	-0.91913	9.9693e-005
6887	-0.22318	0.	-0.64371	-1.1629e-003
6892	-0.12555	0.	-0.50075	-2.7867e-003
6893	-0.12053	0.	-0.41152	-4.7031e-003
6897	-0.13941	0.	-0.59076	-1.5739e-003
6902	-0.23528	0.	-0.19641	-3.2921e-002
6903	-0.24363	0.	-0.14392	-5.705e-002
6904	-0.26532	0.	-0.14488	-5.296e-002
6909	-5.0803e-003	0.	-0.23429	-2.7587e-003
6915	-0.31224	0.	-0.40689	-4.5736e-003
6916	-0.24607	0.	-0.3352	-9.5129e-003
6917	-0.30655	0.	-0.32226	-7.7337e-003
6920	0.27666	0.	-0.54014	5.6862e-004
6923	-0.38435	0.	-0.24851	-5.5708e-003
6924	-0.37127	0.	-0.27744	-5.4839e-003
6925	-0.44825	0.	-0.26461	1.3828e-004
6929	0.14407	0.	-0.65168	-2.9042e-004
6930	4.4693e-002	0.	-0.73227	-4.8974e-004
6936	4.8184e-003	0.	-0.30476	-1.8816e-003
6937	5.2571e-002	0.	-0.24583	2.6442e-003
6941	-5.2619e-002	0.	-0.35745	-4.6256e-003
6942	1.6396e-002	0.	-0.3796	-2.3196e-003
6946	-1.1923	0.	-0.5085	6.0488e-004
6947	-1.1402	0.	-0.39992	8.3851e-004
6952	0.46438	0.	-0.49688	9.265e-004
6960	-0.39596	0.	-0.48444	-1.7063e-003
6964	-0.7658	0.	-0.17338	5.004e-003
6965	-0.70134	0.	-0.162	6.2915e-003
6971	-0.14407	0.	-0.1744	-3.3812e-002
6976	-0.88552	0.	-0.41166	1.3175e-003
6980	0.25787	0.	-0.63209	1.7972e-004
6982	-0.49457	0.	-0.49751	-4.0908e-004
6986	-0.59255	0.	-0.50191	2.9477e-004
6987	-0.53885	0.	-0.43	7.0592e-004
6991	-0.64187	0.	-0.67814	8.5782e-005
6992	-0.58375	0.	-0.69668	-7.2713e-005
6998	0.79226	0.	-0.14567	1.1874e-003
7005	0.3618	0.	-0.62545	3.9303e-004
7006	0.44884	0.	-0.60144	5.6865e-004
7014	-0.21585	0.	-0.26563	-1.803e-002
7015	-0.18843	0.	-0.21302	-2.504e-002
7018	-0.34893	0.	-0.25179	-8.8377e-003
7019	-0.37244	0.	-0.19272	-5.1416e-003
7027	0.81818	0.	-0.9482	9.1023e-005
7036	-0.72673	0.	-0.96309	1.5722e-005
7042	-1.2247	0.	-0.3187	8.6413e-004
7043	-1.1574	0.	-0.28901	1.0036e-003
7052	-0.17751	0.	-0.31124	-1.0849e-002
7055	-0.11852	0.	-0.34231	-7.5625e-003
7063	-1.2889	0.	-0.89887	1.1508e-004
7071	-2.1627e-002	0.	-0.10402	2.2937e-003
7077	-1.2183	0.	-0.26013	9.539e-004
7082	-0.60951	0.	-0.96354	-2.409e-005
7093	-0.3645	0.	-0.89789	-2.2565e-004
7094	-0.32088	0.	-0.895	-2.5119e-004
7098	-0.64899	0.	-0.5768	2.9184e-004
7099	-0.5992	0.	-0.64446	-6.193e-007
7109	-0.8565	0.	-0.23334	2.8868e-003
7110	-0.72686	0.	-0.21757	4.9337e-003
7117	-1.1363	0.	-0.16095	1.2826e-003
7121	-0.92344	0.	-0.30407	1.8313e-003
7126	-0.92203	0.	-0.16471	2.5314e-003
7131	-0.6187	0.	-0.24838	5.2316e-003
7140	-0.33978	0.	-0.84471	-3.0961e-004
7146	-0.25519	0.	-0.12062	-6.7918e-002
7149	-0.5324	0.	-0.27282	3.3677e-003
7150	-0.55413	0.	-0.33721	2.745e-003
7175	-0.29917	0.	-0.11814	-5.3986e-002
10369	-0.44894	0.	-3.823e-002	0.17268
10370	-0.4285	0.	-4.4932e-002	0.21322
10374	-0.43415	0.	-5.5517e-002	0.15531
82	0.	0.	6.25e-002	0.22325
83	0.	0.	7.5e-002	6.0361e-002
84	-2.5e-002	0.	7.5e-002	-6.8627e-004
85	-5.e-002	0.	7.5e-002	-4.3662e-002
86	-0.1	0.	7.5e-002	-6.917e-002
87	-0.15	0.	7.5e-002	-7.2372e-002
88	-0.2	0.	7.5e-002	-7.8565e-002
89	-0.25	0.	7.5e-002	-7.7567e-002
90	-0.3	0.	7.5e-002	-6.8481e-002
91	-0.35	0.	7.5e-002	-4.2745e-002
92	-0.375	0.	7.5e-002	-4.1052e-003
93	-0.4	0.	6.25e-002	0.21436
94	-0.4	0.	7.5e-002	7.9787e-002
95	-0.4	0.	5.e-002	0.31304
104	0.	0.	5.e-002	0.3689
427	0.1	0.	0.	0.11658
428	0.2	0.	0.	3.2161e-002
429	0.3	0.	0.	1.2622e-002
430	0.4	0.	0.	6.0412e-003
431	0.5	0.	0.	3.2618e-003
432	0.6	0.	0.	2.1331e-003
433	0.7	0.	0.	1.7488e-003
434	0.8	0.	0.	1.2057e-003
435	0.9	0.	0.	9.6805e-004
436	-1.3	0.	0.	9.3928e-004
437	-1.2	0.	0.	1.1221e-003
438	-1.1	0.	0.	1.5031e-003
439	-1.	0.	0.	1.9781e-003
440	-0.9	0.	0.	3.3246e-003
441	-0.8	0.	0.	5.9118e-003
442	-0.7	0.	0.	1.079e-002
443	-0.6	0.	0.	2.5201e-002
444	-0.5	0.	0.	9.868e-002
488	-1.4	0.	9.7727e-002	8.8885e-004
489	-1.4	0.	0.19545	8.5745e-004
490	-1.4	0.	0.29318	7.5677e-004
491	-1.4	0.	0.39091	5.9889e-004
492	-1.4	0.	0.48864	5.1527e-004
493	-1.4	0.	0.58636	4.0244e-004
494	-1.4	0.	0.68409	2.985e-004
495	-1.4	0.	0.78182	2.1808e-004
496	-1.4	0.	0.87955	1.3281e-004
497	-1.4	0.	0.97727	5.7246e-005
503	-1.3	0.	1.075	2.6621e-005
504	-1.2	0.	1.075	4.0568e-005
505	-1.1	0.	1.075	3.4488e-005
506	-1.	0.	1.075	3.796e-005
507	-0.9	0.	1.075	2.4618e-005
508	-0.8	0.	1.075	1.9296e-005
509	-0.7	0.	1.075	4.2683e-007
510	-0.6	0.	1.075	-1.7482e-005
511	-0.5	0.	1.075	-3.1735e-005
512	-0.4	0.	1.075	-4.5094e-005
513	-0.3	0.	1.075	-9.2001e-005
514	-0.2	0.	1.075	-7.3596e-005
515	-0.1	0.	1.075	-5.4914e-005
516	0.	0.	1.075	-6.2252e-005
517	0.1	0.	1.075	-2.3199e-005
518	0.2	0.	1.075	-1.5927e-005
519	0.3	0.	1.075	2.3579e-006
520	0.4	0.	1.075	2.6637e-005
521	0.5	0.	1.075	2.6099e-005
522	0.6	0.	1.075	3.4928e-005
523	0.7	0.	1.075	4.4746e-005
524	0.8	0.	1.075	3.7098e-005
525	0.9	0.	1.075	3.9325e-005
531	1.	0.	0.97727	7.4301e-005
532	1.	0.	0.87955	1.3009e-004
533	1.	0.	0.78182	2.2981e-004
534	1.	0.	0.68409	3.3014e-004
535	1.	0.	0.58636	4.1352e-004
536	1.	0.	0.48864	5.4039e-004
537	1.	0.	0.39091	6.4007e-004
538	1.	0.	0.29318	7.3598e-004
539	1.	0.	0.19545	8.4111e-004
540	1.	0.	9.7727e-002	9.0893e-004
541	0.	0.	0.	0.3665
542	-0.4	0.	0.	0.36424
548	1.	0.	0.	9.2075e-004
550	-1.4	0.	0.	9.1524e-004
553	-1.4	0.	1.075	2.4293e-005
554	1.	0.	1.075	2.6551e-005
555	0.15	0.	0.575	-2.2829e-005
556	-0.56233	0.	0.5627	-4.7921e-005
557	-0.48472	0.	0.33699	4.4829e-004
558	8.1836e-002	0.	0.33823	3.2559e-004
559	-0.975	0.	0.48295	8.8245e-004
560	0.58363	0.	0.46543	9.0434e-004
561	-0.24755	0.	0.46067	-3.9258e-003
562	-0.15749	0.	0.78347	-6.0505e-004
563	-0.17491	0.	0.25442	-1.6611e-002
564	1.5758e-002	0.	0.2064	2.4673e-003
565	0.33437	0.	0.39363	1.7442e-003
566	-0.73438	0.	0.39363	1.6871e-003
567	-0.87999	0.	0.79679	1.97e-004
568	1.9406e-002	0.	0.51627	-1.2059e-003
569	-0.50252	0.	0.72682	-2.6485e-004
570	0.11667	0.	0.90833	-1.1321e-004
571	-0.10264	0.	0.3651	-5.9192e-003
572	-0.38016	0.	0.29503	-4.1657e-003
573	-0.42046	0.	0.64316	-6.5473e-004
574	-1.0792	0.	0.76458	2.5557e-004
575	0.82917	0.	0.71572	3.1103e-004
576	0.61667	0.	0.32197	1.4015e-003
577	-1.0167	0.	0.32197	1.4676e-003
578	0.1759	0.	0.21027	9.3813e-003
579	-0.57613	0.	0.21058	8.8412e-003
580	5.2778e-002	0.	0.65833	-5.654e-004
581	-0.25625	0.	0.1375	-5.1168e-002
582	-0.17502	0.	0.66121	-1.0913e-003
583	-0.76064	0.	0.53173	7.5841e-004
584	0.41782	0.	0.6668	3.6737e-004
585	-0.44853	0.	0.54666	-7.1268e-004
586	-1.258	0.	0.53344	4.8785e-004
587	-0.79002	0.	0.1196	5.8462e-003
588	0.375	0.	0.13466	5.5169e-003
589	0.27327	0.	0.81415	2.0882e-005
590	0.78561	0.	0.50306	5.8443e-004
591	-0.73508	0.	0.75306	1.7507e-004
592	-6.0502e-002	0.	0.22264	-1.0918e-002
593	-3.902e-002	0.	0.16577	-9.2958e-003
594	-0.40328	0.	0.96751	-1.0318e-004
595	-0.10023	0.	0.50324	-2.5849e-003
596	-1.2083	0.	0.25871	9.4843e-004
597	0.80833	0.	0.25871	9.6535e-004
598	-0.28516	0.	0.30234	-9.0499e-003
599	-0.4193	0.	0.14225	1.677e-002
600	2.6447e-002	0.	0.12896	2.6565e-002
601	-0.34688	0.	0.16875	-1.7175e-002
602	-0.15937	0.	0.16875	-3.9914e-002
603	-0.33499	0.	0.54422	-1.7016e-003
604	-0.3342	0.	0.42364	-3.4348e-003
605	0.76458	0.	0.89536	1.1125e-004
606	-0.54224	0.	0.95041	-6.1692e-005
607	-2.3785e-002	0.	0.86881	-3.0622e-004
608	-1.2625	0.	0.83207	1.6187e-004
609	0.12199	0.	0.44696	1.0243e-004
610	-0.5125	0.	0.45	-1.8705e-004
611	-0.6	0.	0.36449	2.1901e-003
612	0.2	0.	0.36449	1.8986e-003
613	0.67723	0.	0.75546	2.6545e-004
614	0.2875	0.	0.24957	4.9308e-003
615	0.45208	0.	0.28577	2.6646e-003
616	-0.6875	0.	0.24957	4.4292e-003
617	-0.85208	0.	0.28577	2.4264e-003
618	-0.76039	0.	0.89944	5.9227e-005
619	-0.15131	0.	0.93457	-2.0496e-004
620	-4.257e-002	0.	0.42879	-2.8924e-003
621	0.29149	0.	0.6038	3.2519e-004
622	-0.27281	0.	0.72776	-7.3443e-004
623	-0.18819	0.	0.31806	-9.5448e-003
624	-7.6572e-002	0.	0.60021	-1.2311e-003
625	-1.1375	0.	0.43693	7.0926e-004
626	-0.92604	0.	0.14289	2.5653e-003
627	0.52604	0.	0.14289	2.5881e-003
628	0.3375	0.	0.92808	4.4828e-005
629	-1.0161	0.	0.92942	9.41e-005
630	-0.2125	0.	0.2	-2.9479e-002
631	-0.95162	0.	0.64248	5.2404e-004
632	-1.0979	0.	0.59214	4.8701e-004
633	-0.19838	0.	0.55178	-2.0895e-003
634	0.49945	0.	0.94036	6.8537e-005
635	-2.875e-002	0.	0.11589	-1.4523e-002
636	0.37917	0.	0.52898	7.0978e-004
637	0.26406	0.	0.15862	9.2353e-003
638	-0.6679	0.	0.14184	9.7298e-003
639	-0.25814	0.	0.37314	-6.5684e-003
640	-0.27969	0.	0.18438	-3.0029e-002
641	0.6657	0.	0.18777	1.5409e-003
642	-1.0657	0.	0.18777	1.4229e-003
643	-5.1344e-002	0.	0.72226	-6.6796e-004
644	-0.64216	0.	0.4753	6.6381e-004
645	0.2375	0.	0.48949	6.7104e-004
646	-1.9992e-002	0.	0.34987	-3.3275e-003
647	8.4722e-002	0.	0.78333	-2.5476e-004
648	-0.85	0.	0.44347	1.2543e-003
649	0.45	0.	0.44347	1.176e-003
650	-0.31553	0.	0.23183	-1.4733e-002
651	0.74054	0.	0.60433	4.7448e-004
652	-0.82352	0.	0.65683	4.0269e-004
653	-0.36706	0.	0.11705	-1.3009e-002
654	-0.89193	0.	0.95943	6.2612e-005
655	-0.24107	0.	0.83962	-3.9295e-004
656	0.19167	0.	0.71112	-9.7923e-005
657	0.62306	0.	0.59614	5.3917e-004
658	-0.17874	0.	0.40059	-5.5011e-003
659	9.5702e-002	0.	0.16952	1.6456e-002
660	-0.49594	0.	0.17204	1.4759e-002
661	-0.61867	0.	0.67806	2.2276e-005
662	-0.34072	0.	0.84026	-3.38e-004
663	-0.50803	0.	8.5143e-002	4.0051e-002
664	-0.42981	0.	6.4838e-002	0.13362
665	0.10798	0.	8.4955e-002	4.8448e-002
666	3.0622e-002	0.	6.3776e-002	0.15115
667	0.87	0.	0.11574	9.9151e-004
668	-1.27	0.	0.11574	9.676e-004
669	-1.2798	0.	0.95757	6.84e-005
670	-1.289	0.	0.40526	6.824e-004
671	-4.5697e-002	0.	0.98511	-8.977e-005
672	-1.2688	0.	0.68118	3.2467e-004
673	8.2832e-004	0.	0.27444	-3.4904e-003
674	-0.31664	0.	0.12628	-3.8285e-002
675	-0.38395	0.	0.21473	-3.1514e-003
676	3.2134e-002	0.	0.41602	-1.2568e-003
677	-0.41198	0.	0.37535	-2.1485e-003
678	0.88672	0.	0.9547	9.4436e-005
679	-9.6699e-002	0.	0.28692	-1.0354e-002
680	-7.6042e-002	0.	0.12708	-4.0084e-002
681	0.72227	0.	0.40902	8.5709e-004
682	-0.41129	0.	0.4657	-1.7397e-003
683	-0.33115	0.	0.351	-5.0745e-003
684	-0.10024	0.	0.17758	-2.3903e-002
685	-0.13724	0.	0.21823	-2.0901e-002
686	0.50417	0.	0.56847	6.8673e-004
687	-0.27604	0.	0.9449	-1.6233e-004
688	-1.1563	0.	0.93894	9.1458e-005
689	-0.72643	0.	0.63531	2.9389e-004
690	0.89051	0.	0.57035	4.4324e-004
691	0.23047	0.	0.93738	-1.856e-005
692	0.8851	0.	0.41746	6.5198e-004
693	-0.26449	0.	0.62246	-1.2595e-003
694	0.38023	0.	0.78913	1.5516e-004
695	0.87371	0.	0.83467	1.6521e-004
696	-0.60908	0.	0.83267	-4.8745e-005
697	-0.11489	0.	0.42954	-4.0683e-003
698	0.16101	0.	0.28506	3.2562e-003
699	-0.5607	0.	0.28638	3.5481e-003
700	0.65417	0.	0.91117	1.2274e-004
701	-0.46432	0.	0.84153	-2.0305e-004
702	-0.87869	0.	0.55037	7.3803e-004
703	-0.20307	0.	0.14462	-5.1603e-002
704	-0.1175	0.	0.13945	-5.0945e-002
705	-0.45625	0.	0.2625	3.0241e-003
706	7.9524e-002	0.	0.25124	4.4297e-003
707	2.8347e-003	0.	9.6448e-002	2.928e-002
708	-0.40102	0.	9.7496e-002	3.9728e-002
709	0.17936	0.	0.83086	-6.0238e-005
710	-0.17292	0.	0.47083	-3.5764e-003
711	0.68965	0.	0.51415	6.4105e-004
712	-0.66925	0.	0.98119	9.2759e-007
713	-0.38806	0.	0.73149	-5.8676e-004
714	0.55208	0.	0.69706	4.0338e-004
715	0.19035	0.	0.10673	2.0731e-002
716	-0.59077	0.	0.10445	1.7824e-002
717	0.58799	0.	0.82458	1.9931e-004
718	-0.5105	0.	0.63148	-3.4031e-004
719	-0.24037	0.	0.24826	-1.8424e-002
720	0.314	0.	0.71443	2.0863e-004
721	5.8333e-002	0.	0.99167	-7.1685e-005
722	-1.1439	0.	0.11488	1.3954e-003
723	0.74388	0.	0.11488	1.4326e-003
2457	0.	0.	6.875e-002	0.1418
2458	0.	0.	5.625e-002	0.29607
2460	1.5311e-002	0.	6.3138e-002	0.1872
2461	-1.25e-002	0.	7.5e-002	2.9837e-002
2463	1.5311e-002	0.	6.9388e-002	0.10575
2464	1.4173e-003	0.	8.5724e-002	4.4821e-002
2467	-3.75e-002	0.	7.5e-002	-2.2174e-002
2469	-2.6875e-002	0.	9.5443e-002	-7.6044e-003
2470	-1.1083e-002	0.	8.5724e-002	1.4297e-002
2472	-7.5e-002	0.	7.5e-002	-5.6416e-002
2474	-3.9375e-002	0.	9.5443e-002	-2.9092e-002
2475	-6.3021e-002	0.	0.10104	-4.1873e-002
2478	-0.125	0.	7.5e-002	-7.0771e-002
2480	-8.8021e-002	0.	0.10104	-5.4627e-002
2481	-0.10875	0.	0.10722	-6.0057e-002
2484	-0.175	0.	7.5e-002	-7.5469e-002
2486	-0.15469	0.	0.12188	-5.6143e-002
2487	-0.17654	0.	0.10981	-6.1988e-002
2488	-0.13375	0.	0.10722	-6.1659e-002
2491	-0.225	0.	7.5e-002	-7.8066e-002
2493	-0.20154	0.	0.10981	-6.5084e-002
2496	-0.275	0.	7.5e-002	-7.3024e-002
2498	-0.25313	0.	0.10625	-6.4367e-002
2499	-0.22654	0.	0.10981	-6.4585e-002
2502	-0.325	0.	7.5e-002	-5.5613e-002
2504	-0.27813	0.	0.10625	-5.9825e-002
2505	-0.30832	0.	0.10064	-5.3383e-002
2508	-0.3625	0.	7.5e-002	-2.3425e-002
2510	-0.35853	0.	9.6026e-002	-2.7877e-002
2511	-0.33332	0.	0.10064	-4.0515e-002
2514	-0.3875	0.	7.5e-002	3.7841e-002
2516	-0.37103	0.	9.6026e-002	-8.5573e-003
2517	-0.38801	0.	8.6248e-002	1.7811e-002
2519	-0.4	0.	6.875e-002	0.14707
2520	-0.4	0.	5.625e-002	0.2637
2522	-0.4149	0.	6.3669e-002	0.17399
2526	-0.4149	0.	6.9919e-002	0.1067
2527	-0.40051	0.	8.6248e-002	5.9757e-002
2532	-0.4	0.	2.5e-002	0.33864
2533	-0.4149	0.	5.7419e-002	0.22333
2581	0.	0.	2.5e-002	0.3677
2582	1.5311e-002	0.	5.6888e-002	0.26002
4477	0.15	0.	0.	7.4368e-002
4478	5.e-002	0.	0.	0.24154
4479	0.10399	0.	4.2477e-002	8.2512e-002
4480	6.5311e-002	0.	3.1888e-002	0.13386
4491	0.25	0.	0.	2.2392e-002
4492	0.15399	0.	4.2477e-002	4.0305e-002
4493	0.19517	0.	5.3367e-002	2.6446e-002
4498	0.35	0.	0.	9.3317e-003
4499	0.3375	0.	6.733e-002	9.0696e-003
4500	0.28203	0.	7.9311e-002	1.0929e-002
4501	0.24517	0.	5.3367e-002	1.6677e-002
4510	0.45	0.	0.	4.6515e-003
4511	0.3875	0.	6.733e-002	5.779e-003
4515	0.55	0.	0.	2.6974e-003
4516	0.4375	0.	6.733e-002	4.3893e-003
4517	0.51302	0.	7.1443e-002	2.9249e-003
4523	0.65	0.	0.	1.9409e-003
4524	0.56302	0.	7.1443e-002	2.3606e-003
4525	0.63285	0.	9.3885e-002	1.837e-003
4526	0.67194	0.	5.7439e-002	1.7828e-003
4532	0.75	0.	0.	1.4772e-003
4533	0.72194	0.	5.7439e-002	1.5907e-003
4539	0.85	0.	0.	1.0869e-003
4540	0.835	0.	5.7871e-002	1.0986e-003
4541	0.77194	0.	5.7439e-002	1.3191e-003
4549	0.95	0.	4.8864e-002	9.3849e-004
4550	0.95	0.	0.	9.444e-004
4551	0.885	0.	5.7871e-002	9.7978e-004
4556	-1.25	0.	0.	1.0307e-003
4557	-1.35	0.	4.8864e-002	9.1407e-004
4558	-1.35	0.	0.	9.2726e-004
4559	-1.285	0.	5.7871e-002	9.5344e-004
4564	-1.15	0.	0.	1.3126e-003
4565	-1.235	0.	5.7871e-002	1.0449e-003
4566	-1.1719	0.	5.7439e-002	1.2587e-003
4576	-1.05	0.	0.	1.7406e-003
4577	-1.1219	0.	5.7439e-002	1.4492e-003
4580	-0.95	0.	0.	2.6513e-003
4581	-0.96302	0.	7.1443e-002	2.2717e-003
4582	-1.0329	0.	9.3885e-002	1.7005e-003
4583	-1.0719	0.	5.7439e-002	1.6867e-003
4591	-0.85	0.	0.	4.6182e-003
4592	-0.84501	0.	5.98e-002	4.5854e-003
4593	-0.91302	0.	7.1443e-002	2.9449e-003
4600	-0.75	0.	0.	8.3511e-003
4601	-0.79501	0.	5.98e-002	5.879e-003
4608	-0.65	0.	0.	1.7996e-002
4609	-0.74501	0.	5.98e-002	8.3183e-003
4610	-0.68395	0.	7.0919e-002	1.026e-002
4611	-0.64538	0.	5.2227e-002	1.4307e-002
4618	-0.55	0.	0.	6.1941e-002
4619	-0.55401	0.	4.2572e-002	3.2626e-002
4620	-0.59538	0.	5.2227e-002	2.1513e-002
4630	-0.45	0.	0.	0.23146
4631	-0.50401	0.	4.2572e-002	6.9366e-002
4632	-0.4649	0.	3.2419e-002	0.11615
4890	-1.4	0.	0.14659	8.7315e-004
4891	-1.4	0.	4.8864e-002	9.0204e-004
4892	-1.335	0.	0.10674	9.2822e-004
4896	-1.4	0.	0.24432	8.0711e-004
4897	-1.3042	0.	0.22708	9.0294e-004
4898	-1.335	0.	0.1556	9.1252e-004
4902	-1.4	0.	0.34205	6.7783e-004
4903	-1.3042	0.	0.27595	8.526e-004
4904	-1.3445	0.	0.34922	7.1959e-004
4908	-1.4	0.	0.43977	5.5708e-004
4909	-1.3445	0.	0.39808	6.4065e-004
4914	-1.4	0.	0.5375	4.5886e-004
4915	-1.329	0.	0.51104	5.0156e-004
4916	-1.3445	0.	0.44695	5.9884e-004
4920	-1.4	0.	0.63523	3.5047e-004
4921	-1.329	0.	0.5599	4.4515e-004
4922	-1.3344	0.	0.63377	3.6356e-004
4926	-1.4	0.	0.73295	2.5829e-004
4927	-1.3344	0.	0.68263	3.1159e-004
4929	-1.4	0.	0.83068	1.7545e-004
4930	-1.3312	0.	0.80694	1.8997e-004
4931	-1.3344	0.	0.7315	2.7138e-004
4935	-1.4	0.	0.92841	9.5029e-005
4936	-1.3312	0.	0.85581	1.4734e-004
4937	-1.3399	0.	0.91856	1.0061e-004
4940	-1.35	0.	1.0261	4.1933e-005
4941	-1.4	0.	1.0261	4.0769e-005
4942	-1.3399	0.	0.96742	6.2823e-005
4968	-1.25	0.	1.075	3.3595e-005
4969	-1.35	0.	1.075	2.5457e-005
4970	-1.2899	0.	1.0163	4.7511e-005
4972	-1.15	0.	1.075	3.7528e-005
4973	-1.2399	0.	1.0163	5.4484e-005
4974	-1.1781	0.	1.007	6.6013e-005
4978	-1.05	0.	1.075	3.6224e-005
4979	-1.0581	0.	1.0022	6.4294e-005
4980	-1.1281	0.	1.007	6.2973e-005
4982	-0.95	0.	1.075	3.1289e-005
4983	-1.0081	0.	1.0022	6.603e-005
4984	-0.94597	0.	1.0172	5.0286e-005
4988	-0.85	0.	1.075	2.1957e-005
4989	-0.89597	0.	1.0172	4.3615e-005
4993	-0.75	0.	1.075	9.8613e-006
4994	-0.7802	0.	0.98722	3.9261e-005
4995	-0.84597	0.	1.0172	4.0954e-005
4996	-0.73463	0.	1.0281	1.0112e-005
4999	-0.65	0.	1.075	-8.5277e-006
5000	-0.68463	0.	1.0281	6.7721e-007
5003	-0.55	0.	1.075	-2.4608e-005
5004	-0.57112	0.	1.0127	-3.9587e-005
5005	-0.63463	0.	1.0281	-8.2773e-006
5009	-0.45	0.	1.075	-3.8414e-005
5010	-0.45164	0.	1.0213	-6.7459e-005
5011	-0.52112	0.	1.0127	-4.6713e-005
5013	-0.35	0.	1.075	-6.8547e-005
5014	-0.40164	0.	1.0213	-7.4139e-005
5017	-0.25	0.	1.075	-8.2798e-005
5018	-0.35164	0.	1.0213	-9.7592e-005
5019	-0.28802	0.	1.0099	-1.2717e-004
5023	-0.15	0.	1.075	-6.4255e-005
5024	-0.17565	0.	1.0048	-1.3928e-004
5025	-0.23802	0.	1.0099	-1.1796e-004
5027	-5.e-002	0.	1.075	-5.8583e-005
5028	-0.12565	0.	1.0048	-1.2994e-004
5029	-7.2849e-002	0.	1.0301	-7.2342e-005
5032	5.e-002	0.	1.075	-4.2726e-005
5033	-2.2849e-002	0.	1.0301	-7.6011e-005
5034	2.9167e-002	0.	1.0333	-6.6969e-005
5038	0.15	0.	1.075	-1.9563e-005
5039	7.9167e-002	0.	1.0333	-4.7442e-005
5041	0.25	0.	1.075	-6.7844e-006
5042	0.15833	0.	0.99167	-6.4569e-005
5043	0.21523	0.	1.0062	-1.7243e-005
5044	0.12917	0.	1.0333	-4.3806e-005
5048	0.35	0.	1.075	1.4498e-005
5049	0.31875	0.	1.0015	2.3593e-005
5050	0.26523	0.	1.0062	-8.101e-006
5054	0.45	0.	1.075	2.6368e-005
5055	0.36875	0.	1.0015	3.5733e-005
5056	0.44973	0.	1.0077	4.7587e-005
5061	0.55	0.	1.075	3.0514e-005
5062	0.49973	0.	1.0077	4.7318e-005
5064	0.65	0.	1.075	3.9837e-005
5065	0.54973	0.	1.0077	5.1732e-005
5066	0.62708	0.	0.99309	7.8836e-005
5071	0.75	0.	1.075	4.0922e-005
5072	0.73229	0.	0.98518	7.7998e-005
5073	0.67708	0.	0.99309	8.3745e-005
5077	0.85	0.	1.075	3.8211e-005
5078	0.78229	0.	0.98518	7.4174e-005
5079	0.84336	0.	1.0148	6.5767e-005
5084	0.95	0.	1.0261	5.6813e-005
5085	0.95	0.	1.075	3.2938e-005
5086	0.89336	0.	1.0148	6.6881e-005
5115	1.	0.	0.92841	1.022e-004
5116	1.	0.	1.0261	5.0426e-005
5117	0.94336	0.	0.96599	8.4368e-005
5121	1.	0.	0.83068	1.7995e-004
5122	0.94336	0.	0.91712	1.1226e-004
5123	0.93686	0.	0.85711	1.4765e-004
5126	1.	0.	0.73295	2.7998e-004
5127	0.91458	0.	0.74877	2.7042e-004
5128	0.93686	0.	0.80824	1.9751e-004
5134	1.	0.	0.63523	3.7183e-004
5135	0.91458	0.	0.69991	3.2059e-004
5136	0.94525	0.	0.62722	3.8669e-004
5139	1.	0.	0.5375	4.7695e-004
5140	0.94525	0.	0.57836	4.2838e-004
5143	1.	0.	0.43977	5.9023e-004
5144	0.94525	0.	0.52949	4.9181e-004
5145	0.94255	0.	0.45305	5.9618e-004
5149	1.	0.	0.34205	6.8802e-004
5150	0.94255	0.	0.40419	6.4602e-004
5152	1.	0.	0.24432	7.8854e-004
5153	0.90417	0.	0.27595	8.5067e-004
5154	0.94255	0.	0.35532	6.9398e-004
5158	1.	0.	0.14659	8.7502e-004
5159	0.90417	0.	0.22708	9.0323e-004
5160	0.935	0.	0.1556	9.1631e-004
5165	1.	0.	4.8864e-002	9.1484e-004
5166	0.935	0.	0.10674	9.5022e-004
5169	1.5311e-002	0.	3.1888e-002	0.25882
5179	-0.4149	0.	3.2419e-002	0.24893
5191	8.4703e-002	0.	0.54564	-6.1435e-004
5192	0.10139	0.	0.61667	-2.9411e-004
5193	0.136	0.	0.51098	3.9799e-005
5194	0.22075	0.	0.5894	1.5118e-004
5195	0.19375	0.	0.53224	3.2411e-004
5196	0.17083	0.	0.64306	-6.0376e-005
5200	-0.50543	0.	0.55468	-3.803e-004
5201	-0.53741	0.	0.50635	-1.1749e-004
5202	-0.60224	0.	0.519	3.0794e-004
5203	-0.5905	0.	0.62038	-1.2823e-005
5204	-0.64438	0.	0.59901	1.2299e-004
5205	-0.53641	0.	0.59709	-1.9411e-004
5210	-0.43244	0.	0.31601	-1.8587e-003
5211	-0.49861	0.	0.3935	1.3062e-004
5212	-0.54236	0.	0.35074	1.3192e-003
5213	-0.44835	0.	0.35617	-8.5012e-004
5214	-0.52271	0.	0.31169	1.9982e-003
5215	-0.47048	0.	0.29975	1.7362e-003
5220	0.10191	0.	0.39259	2.1401e-004
5221	0.14092	0.	0.35136	1.1121e-003
5222	3.0922e-002	0.	0.34405	-1.5009e-003
5223	4.1332e-002	0.	0.30634	-1.5824e-003
5224	5.6985e-002	0.	0.37713	-4.6562e-004
5225	0.12142	0.	0.31165	1.7909e-003
5226	8.068e-002	0.	0.29473	2.3777e-003
5230	-0.99583	0.	0.40246	1.175e-003
5231	-1.0562	0.	0.45994	7.9585e-004
5232	-0.96331	0.	0.56272	7.0324e-004
5233	-1.0365	0.	0.53755	6.8473e-004
5234	-0.9125	0.	0.46321	1.0684e-003
5235	-0.92684	0.	0.51666	8.1024e-004
5239	0.60015	0.	0.3937	1.1529e-003
5240	0.51682	0.	0.45445	1.0402e-003
5241	0.60335	0.	0.53078	7.2176e-004
5242	0.65295	0.	0.43723	8.8072e-004
5243	0.5439	0.	0.51695	7.9554e-004
5244	0.63664	0.	0.48979	7.727e-004
5247	-0.29127	0.	0.50244	-2.8137e-003
5248	-0.29088	0.	0.44215	-3.6803e-003
5249	-0.22296	0.	0.50622	-3.0077e-003
5250	-0.25285	0.	0.41691	-5.2471e-003
5251	-0.21314	0.	0.43063	-4.7135e-003
5252	-0.21023	0.	0.46575	-3.7511e-003
5257	-0.16625	0.	0.72234	-8.4819e-004
5258	-9.0636e-002	0.	0.82614	-4.5563e-004
5259	-0.1544	0.	0.85902	-4.0501e-004
5260	-0.21515	0.	0.75562	-6.6974e-004
5261	-0.10442	0.	0.75287	-6.365e-004
5262	-0.19928	0.	0.81155	-4.99e-004
5266	-0.18155	0.	0.28624	-1.3078e-002
5267	-0.1937	0.	0.22721	-2.3045e-002
5268	-0.1358	0.	0.27067	-1.3482e-002
5269	-0.15607	0.	0.23632	-1.8756e-002
5270	-0.20764	0.	0.25134	-1.7517e-002
5274	-2.2372e-002	0.	0.21452	-4.2251e-003
5275	-1.1631e-002	0.	0.18608	-3.4142e-003
5276	2.1103e-002	0.	0.16768	1.4516e-002
5277	5.573e-002	0.	0.18796	9.4618e-003
5278	8.2934e-003	0.	0.24042	-5.1152e-004
5279	4.7641e-002	0.	0.22882	3.4485e-003
5284	0.26719	0.	0.37906	1.8214e-003
5285	0.31094	0.	0.3216	3.3375e-003
5286	0.39323	0.	0.3397	2.2044e-003
5287	0.35677	0.	0.4613	1.227e-003
5288	0.28594	0.	0.44156	1.2076e-003
5289	0.39219	0.	0.41855	1.4601e-003
5293	-0.74751	0.	0.46268	1.2228e-003
5294	-0.66719	0.	0.37906	1.9386e-003
5295	-0.71094	0.	0.3216	3.0581e-003
5296	-0.79323	0.	0.3397	2.0568e-003
5297	-0.68827	0.	0.43446	1.1755e-003
5298	-0.79219	0.	0.41855	1.4707e-003
5301	-0.97961	0.	0.78069	2.2628e-004
5302	-0.80753	0.	0.77492	1.8603e-004
5303	-0.82019	0.	0.84811	1.2811e-004
5304	-0.94807	0.	0.8631	1.4555e-004
5305	-0.9158	0.	0.71963	3.6052e-004
5306	-0.85175	0.	0.72681	2.9984e-004
5307	-0.88596	0.	0.87811	1.298e-004
5312	3.6092e-002	0.	0.5873	-8.8564e-004
5313	-4.0413e-002	0.	0.50976	-1.8954e-003
5314	7.0698e-002	0.	0.48162	-5.5173e-004
5315	-1.1582e-002	0.	0.47253	-2.0491e-003
5316	-2.8583e-002	0.	0.55824	-1.2185e-003
5317	2.577e-002	0.	0.46615	-1.2314e-003
5321	-0.46149	0.	0.68499	-4.5979e-004
5322	-0.56059	0.	0.70244	-1.2129e-004
5323	-0.5558	0.	0.77974	-1.568e-004
5324	-0.48342	0.	0.78417	-2.3395e-004
5325	-0.44529	0.	0.72915	-4.258e-004
5326	-0.50651	0.	0.67915	-3.0258e-004
5329	4.6441e-002	0.	0.88857	-2.0971e-004
5330	0.10069	0.	0.84583	-1.8398e-004
5331	0.17357	0.	0.92286	-6.5885e-005
5332	0.14801	0.	0.8696	-8.6724e-005
5333	8.75e-002	0.	0.95	-9.2448e-005
5338	-7.2603e-002	0.	0.39694	-4.4058e-003
5339	-0.14542	0.	0.34158	-7.732e-003
5340	-6.1314e-002	0.	0.35749	-4.6234e-003
5341	-0.14069	0.	0.38285	-5.7102e-003
5342	-9.9668e-002	0.	0.32601	-8.1365e-003
5343	-0.10877	0.	0.39732	-4.9938e-003
5348	-0.33266	0.	0.29869	-6.6078e-003
5349	-0.34785	0.	0.26343	-9.4495e-003
5350	-0.38206	0.	0.25488	-3.6585e-003
5351	-0.39607	0.	0.33519	-3.1571e-003
5352	-0.35566	0.	0.32302	-4.6201e-003
5353	-0.41821	0.	0.27877	-5.708e-004
5357	-0.43449	0.	0.59491	-6.8371e-004
5358	-0.37773	0.	0.59369	-1.1782e-003
5359	-0.34247	0.	0.63281	-9.5709e-004
5360	-0.40426	0.	0.68733	-6.2075e-004
5361	-0.46548	0.	0.63732	-4.9752e-004
5366	-1.1709	0.	0.79832	2.0872e-004
5367	-1.0477	0.	0.847	1.7483e-004
5368	-1.0154	0.	0.70353	3.898e-004
5369	-1.0886	0.	0.67836	3.7129e-004
5370	-1.174	0.	0.72288	2.9012e-004
5371	-1.1178	0.	0.85176	1.7351e-004
5378	0.7532	0.	0.73559	2.8824e-004
5379	0.78485	0.	0.66002	3.9275e-004
5380	0.85984	0.	0.64304	3.7714e-004
5381	0.85144	0.	0.77519	2.3812e-004
5387	0.7125	0.	0.29034	1.1834e-003
5388	0.53438	0.	0.30387	2.033e-003
5389	0.57135	0.	0.23243	1.9948e-003
5390	0.64118	0.	0.25487	1.4712e-003
5391	0.53333	0.	0.38272	1.2887e-003
5392	0.66947	0.	0.36549	1.1293e-003
5395	-1.1125	0.	0.29034	1.208e-003
5396	-0.93437	0.	0.30387	1.947e-003
5397	-1.0771	0.	0.37945	1.0884e-003
5398	-0.97135	0.	0.23243	2.0165e-003
5399	-1.0412	0.	0.25487	1.4453e-003
5400	-0.93333	0.	0.38272	1.3609e-003
5406	0.2317	0.	0.22992	7.156e-003
5407	0.21998	0.	0.18445	9.3083e-003
5408	0.1358	0.	0.1899	1.2919e-002
5409	0.16846	0.	0.24767	6.3187e-003
5410	0.12771	0.	0.23076	6.9055e-003
5411	0.18312	0.	0.1585	1.5056e-002
5416	-0.63182	0.	0.23008	6.6352e-003
5417	-0.62202	0.	0.17621	9.2855e-003
5418	-0.53604	0.	0.19131	1.18e-002
5419	-0.56841	0.	0.24848	6.1946e-003
5420	-0.51619	0.	0.23654	5.9326e-003
5421	-0.58345	0.	0.15752	1.3333e-002
5425	-1.1897e-002	0.	0.62927	-8.9826e-004
5426	7.1685e-004	0.	0.6903	-6.1668e-004
5427	6.875e-002	0.	0.72083	-4.1008e-004
5428	0.12222	0.	0.68472	-3.3166e-004
5431	-0.23438	0.	0.16875	-4.0323e-002
5432	-0.26797	0.	0.16094	-4.0599e-002
5433	-0.28645	0.	0.13189	-4.4726e-002
5434	-0.22966	0.	0.14106	-5.1385e-002
5438	-0.22391	0.	0.69449	-9.1288e-004
5439	-0.1258	0.	0.63071	-1.1612e-003
5440	-0.1867	0.	0.60649	-1.5904e-003
5441	-0.11318	0.	0.69174	-8.7965e-004
5442	-0.21976	0.	0.64183	-1.1754e-003
5446	-0.7014	0.	0.50351	7.1111e-004
5447	-0.80532	0.	0.4876	1.0064e-003
5448	-0.79208	0.	0.59428	5.8055e-004
5449	-0.74353	0.	0.58352	5.2615e-004
5450	-0.81966	0.	0.54105	7.4822e-004
5455	0.35465	0.	0.6353	3.4628e-004
5456	0.39849	0.	0.59789	5.3857e-004
5457	0.46099	0.	0.61763	5.2705e-004
5458	0.39902	0.	0.72796	2.6126e-004
5459	0.48495	0.	0.68193	3.8537e-004
5460	0.36591	0.	0.69061	2.88e-004
5463	-0.39176	0.	0.54544	-1.2071e-003
5464	-0.48051	0.	0.49833	-4.4987e-004
5465	-0.42991	0.	0.50618	-1.2262e-003
5466	-0.47951	0.	0.58907	-5.2649e-004
5470	-1.1977	0.	0.48519	5.9855e-004
5471	-1.178	0.	0.56279	4.8743e-004
5472	-1.2735	0.	0.46935	5.8513e-004
5473	-1.2634	0.	0.60731	4.0626e-004
5477	-0.73876	0.	0.18459	5.1377e-003
5478	-0.82105	0.	0.20269	4.1363e-003
5479	-0.85803	0.	0.13124	4.2057e-003
5480	-0.72896	0.	0.13072	7.788e-003
5485	0.33125	0.	0.19212	5.2238e-003
5486	0.41354	0.	0.21022	4.0908e-003
5487	0.45052	0.	0.13877	4.0525e-003
5488	0.31953	0.	0.14664	7.3761e-003
5493	0.30539	0.	0.87111	3.2855e-005
5494	0.23247	0.	0.76263	-3.852e-005
5495	0.25187	0.	0.87577	1.1609e-006
5496	0.32675	0.	0.80164	8.8021e-005
5497	0.22631	0.	0.82251	-1.9678e-005
5498	0.29364	0.	0.76429	1.1476e-004
5502	0.76308	0.	0.5537	5.2945e-004
5503	0.75394	0.	0.45604	7.2076e-004
5504	0.83806	0.	0.53671	5.1383e-004
5505	0.83536	0.	0.46026	6.182e-004
5506	0.73763	0.	0.50861	6.1274e-004
5510	-0.74774	0.	0.82625	1.1715e-004
5511	-0.7793	0.	0.70494	2.8888e-004
5512	-0.67687	0.	0.71556	9.8673e-005
5513	-0.73076	0.	0.69418	2.3448e-004
5514	-0.67208	0.	0.79287	6.3163e-005
5518	-4.9761e-002	0.	0.1942	-1.0107e-002
5519	-2.9837e-002	0.	0.24854	-7.204e-003
5520	-7.8601e-002	0.	0.25478	-1.0636e-002
5521	-8.0369e-002	0.	0.20011	-1.741e-002
5522	-9.8871e-002	0.	0.22044	-1.5909e-002
5526	-6.2864e-003	0.	0.14736	8.6344e-003
5527	-3.3885e-002	0.	0.14083	-1.1909e-002
5528	-5.7531e-002	0.	0.14642	-2.469e-002
5529	-6.9628e-002	0.	0.17167	-1.6599e-002
5533	-0.47276	0.	0.95896	-8.2438e-005
5534	-0.372	0.	0.90389	-2.2059e-004
5535	-0.33966	0.	0.9562	-1.3276e-004
5536	-0.4338	0.	0.90452	-1.5311e-004
5541	-7.1401e-002	0.	0.46601	-2.7386e-003
5542	-8.8402e-002	0.	0.55172	-1.908e-003
5543	-0.1493	0.	0.52751	-2.3372e-003
5544	-0.10756	0.	0.46639	-3.3266e-003
5545	-0.13657	0.	0.48704	-3.0806e-003
5550	-1.1729	0.	0.34782	8.2884e-004
5551	-1.137	0.	0.22324	1.1857e-003
5552	-1.2392	0.	0.18723	9.5801e-004
5553	-1.2487	0.	0.33198	8.1541e-004
5554	-1.1761	0.	0.18679	1.1719e-003
5558	0.73702	0.	0.22324	1.2531e-003
5559	0.83917	0.	0.18723	9.7843e-004
5560	0.7653	0.	0.33386	9.1122e-004
5561	0.84672	0.	0.33809	8.0866e-004
5562	0.77611	0.	0.18679	1.199e-003
5568	-0.23667	0.	0.3102	-9.2973e-003
5569	-0.27165	0.	0.33774	-7.8091e-003
5570	-0.30034	0.	0.26709	-1.1892e-002
5571	-0.30815	0.	0.32667	-7.0622e-003
5572	-0.26276	0.	0.2753	-1.3737e-002
5576	-0.38309	0.	0.1555	-2.0236e-004
5577	-0.39318	0.	0.12965	1.8805e-003
5578	-0.45762	0.	0.15715	1.5765e-002
5579	-0.46366	0.	0.1137	2.8411e-002
5580	-0.42456	0.	0.10355	7.5196e-002
5581	-0.40163	0.	0.17849	6.8095e-003
5582	-0.41016	0.	0.11987	2.8249e-002
5589	-1.1516e-003	0.	0.12242	6.0211e-003
5590	6.1074e-002	0.	0.14924	2.151e-002
5591	6.7213e-002	0.	0.10696	3.7507e-002
5592	2.8534e-002	0.	9.637e-002	8.8856e-002
5593	1.4641e-002	0.	0.11271	2.7922e-002
5598	-0.31328	0.	0.17656	-2.3602e-002
5599	-0.3312	0.	0.20029	-1.5954e-002
5600	-0.35697	0.	0.1429	-1.5092e-002
5601	-0.33176	0.	0.14751	-2.773e-002
5602	-0.36541	0.	0.19174	-1.0163e-002
5606	-0.18594	0.	0.18438	-3.4697e-002
5607	-0.12981	0.	0.17317	-3.1909e-002
5608	-0.14831	0.	0.19349	-3.0408e-002
5609	-0.18122	0.	0.15668	-4.5759e-002
5610	-0.13844	0.	0.1541	-4.543e-002
5614	-0.3346	0.	0.48393	-2.5682e-003
5615	-0.26668	0.	0.548	-1.8955e-003
5616	-0.37314	0.	0.50496	-1.7207e-003
5617	-0.29974	0.	0.58334	-1.4805e-003
5623	-0.29617	0.	0.39839	-5.0016e-003
5624	-0.37309	0.	0.39949	-2.7917e-003
5625	-0.37275	0.	0.44467	-2.5873e-003
5626	-0.33268	0.	0.38732	-4.2547e-003
5630	0.72091	0.	0.82541	1.8835e-004
5631	0.82565	0.	0.92503	1.0284e-004
5632	0.81915	0.	0.86501	1.3823e-004
5633	0.70938	0.	0.90327	1.17e-004
5639	-0.57566	0.	0.89154	-5.5219e-005
5640	-0.50328	0.	0.89597	-1.3237e-004
5641	-0.60574	0.	0.9658	-3.0382e-005
5645	-8.7546e-002	0.	0.90169	-2.5559e-004
5646	-3.7565e-002	0.	0.79554	-4.8709e-004
5647	3.0469e-002	0.	0.82607	-2.8049e-004
5648	-3.4741e-002	0.	0.92696	-1.9799e-004
5649	1.7274e-002	0.	0.93024	-1.8895e-004
5654	-1.2711	0.	0.89482	1.1514e-004
5655	-1.2657	0.	0.75662	2.4327e-004
5656	-1.2094	0.	0.8855	1.2667e-004
5660	0.161	0.	0.40572	1.0005e-003
5661	0.17975	0.	0.46822	3.8673e-004
5662	7.7063e-002	0.	0.43149	-5.772e-004
5667	-0.55625	0.	0.40724	1.0015e-003
5668	-0.57733	0.	0.46265	2.3838e-004
5669	-0.46224	0.	0.41267	-1.1678e-003
5670	-0.4619	0.	0.45785	-9.6339e-004
5676	-0.64375	0.	0.30703	3.3096e-003
5677	-0.62108	0.	0.41989	1.4269e-003
5678	-0.58035	0.	0.32543	2.8691e-003
5682	0.24375	0.	0.30703	3.4147e-003
5683	0.21875	0.	0.42699	1.2848e-003
5684	0.18051	0.	0.32478	2.5774e-003
5688	0.70888	0.	0.67989	3.6996e-004
5689	0.65014	0.	0.6758	4.0231e-004
5690	0.77547	0.	0.79506	2.1533e-004
5691	0.6657	0.	0.83332	1.941e-004
5692	0.61466	0.	0.72626	3.3441e-004
5693	0.63261	0.	0.79002	2.3238e-004
5697	0.36979	0.	0.26767	3.7977e-003
5698	0.27578	0.	0.2041	7.0831e-003
5699	0.22426	0.	0.26732	4.0935e-003
5704	0.48906	0.	0.21433	2.6264e-003
5705	0.45104	0.	0.36462	1.9203e-003
5712	-0.76979	0.	0.26767	3.4278e-003
5713	-0.6777	0.	0.19571	7.0795e-003
5714	-0.6241	0.	0.26798	3.9886e-003
5720	-0.88906	0.	0.21433	2.4959e-003
5721	-0.85104	0.	0.36462	1.8403e-003
5724	-0.82616	0.	0.92943	6.0919e-005
5725	-0.68474	0.	0.86606	5.2412e-006
5726	-0.71482	0.	0.94031	3.0077e-005
5730	-0.19619	0.	0.8871	-2.9896e-004
5731	-9.8502e-002	0.	0.95984	-1.4737e-004
5732	-0.21367	0.	0.93974	-1.8365e-004
5737	-3.1281e-002	0.	0.38933	-3.1099e-003
5738	-5.2178e-003	0.	0.4224	-2.0746e-003
5739	-7.8732e-002	0.	0.42916	-3.4803e-003
5744	0.33533	0.	0.56639	5.1749e-004
5745	0.2645	0.	0.54664	4.9812e-004
5746	0.24158	0.	0.65746	1.1364e-004
5747	0.30275	0.	0.65912	2.6691e-004
5750	-0.25694	0.	0.78369	-5.6369e-004
5751	-0.30676	0.	0.78401	-5.3622e-004
5752	-0.26865	0.	0.67511	-9.9694e-004
5753	-0.33043	0.	0.72963	-6.6059e-004
5758	-0.22317	0.	0.3456	-8.0566e-003
5759	-0.18346	0.	0.35932	-7.523e-003
5760	-0.14245	0.	0.30249	-9.9493e-003
5761	-0.21428	0.	0.28316	-1.3984e-002
5765	-0.13747	0.	0.57599	-1.6603e-003
5766	-6.3958e-002	0.	0.66124	-9.4954e-004
5771	-1.1177	0.	0.51454	5.9813e-004
5772	-1.2133	0.	0.42109	6.9583e-004
5777	-0.99587	0.	0.16533	1.9941e-003
5780	0.59587	0.	0.16533	2.0645e-003
5786	0.41848	0.	0.93422	5.6682e-005
5787	0.28398	0.	0.93273	1.3134e-005
5788	0.35886	0.	0.8586	9.9995e-005
5792	-0.95404	0.	0.94443	7.8356e-005
5793	-1.0862	0.	0.93418	9.2779e-005
5798	-0.24609	0.	0.19219	-2.9754e-002
5799	-0.17487	0.	0.20911	-2.519e-002
5800	-0.20779	0.	0.17231	-4.0541e-002
5801	-0.22644	0.	0.22413	-2.3951e-002
5804	-1.0248	0.	0.61731	5.0552e-004
5805	-0.88757	0.	0.64965	4.6336e-004
5806	-0.91515	0.	0.59642	6.3103e-004
5810	-1.1834	0.	0.63666	4.0584e-004
5815	-0.23143	0.	0.58712	-1.6745e-003
5816	-0.18565	0.	0.5113	-2.8329e-003
5822	0.43984	0.	0.86474	1.1185e-004
5823	0.57681	0.	0.92576	9.5641e-005
5824	0.54372	0.	0.88247	1.3392e-004
5829	-5.2396e-002	0.	0.12148	-2.7303e-002
5830	-1.2958e-002	0.	0.10617	7.3788e-003
5835	0.30833	0.	0.50923	6.9041e-004
5836	0.41458	0.	0.48622	9.4287e-004
5837	0.44167	0.	0.54872	6.9825e-004
5841	0.22721	0.	0.13268	1.4983e-002
5844	-0.62933	0.	0.12315	1.3777e-002
5848	-0.21844	0.	0.38687	-6.0348e-003
5849	-0.29464	0.	0.36207	-5.8215e-003
5853	-0.29761	0.	0.2081	-2.2381e-002
5854	-0.29817	0.	0.15533	-3.4157e-002
5855	-0.26003	0.	0.21632	-2.4226e-002
5859	0.70479	0.	0.15132	1.4867e-003
5863	-1.1048	0.	0.15132	1.4091e-003
5867	1.6689e-002	0.	0.7528	-4.6136e-004
5872	-0.6843	0.	0.5553	4.7885e-004
5879	-9.5817e-003	0.	0.31216	-3.4089e-003
5880	6.0713e-003	0.	0.38295	-2.2922e-003
5881	-5.8346e-002	0.	0.3184	-6.8407e-003
5886	0.13819	0.	0.74722	-1.7634e-004
5887	0.13204	0.	0.8071	-1.575e-004
5891	-0.86434	0.	0.49692	9.9616e-004
5895	0.47708	0.	0.50597	9.3135e-004
5899	-0.34974	0.	0.22328	-8.9424e-003
5900	-0.27795	0.	0.24005	-1.6579e-002
5904	0.6818	0.	0.60023	5.0682e-004
5905	0.81552	0.	0.58734	4.5886e-004
5906	0.71509	0.	0.55924	5.5776e-004
5910	-0.77498	0.	0.64607	3.4829e-004
5911	-0.85111	0.	0.6036	5.7036e-004
5916	-0.34185	0.	0.12167	-2.5647e-002
5917	-0.38404	0.	0.10727	1.3359e-002
5925	-0.29089	0.	0.83994	-3.6548e-004
5926	-0.25855	0.	0.89226	-2.7764e-004
5930	0.18551	0.	0.77099	-7.908e-005
5931	0.25283	0.	0.71277	5.5353e-005
5938	0.56361	0.	0.5823	6.1295e-004
5939	0.65635	0.	0.55514	5.9011e-004
5940	0.58757	0.	0.6466	4.7128e-004
5943	-0.14681	0.	0.41507	-4.7847e-003
5944	-0.17583	0.	0.43571	-4.5388e-003
5949	0.10184	0.	0.12724	3.2452e-002
5950	8.7613e-002	0.	0.21038	1.0443e-002
5951	0.14302	0.	0.13813	1.8594e-002
5956	-0.50198	0.	0.12859	2.7405e-002
5957	-0.43994	0.	0.19339	5.8039e-003
5958	-0.47609	0.	0.21727	8.8916e-003
5959	-0.54335	0.	0.13825	1.6291e-002
5964	-0.67255	0.	0.65669	1.5808e-004
5965	-0.61387	0.	0.75537	-1.3234e-005
5966	-0.56458	0.	0.65477	-1.5902e-004
5970	-0.30838	0.	0.89258	-2.5017e-004
5971	-0.40252	0.	0.84089	-2.7052e-004
5972	-0.36439	0.	0.78588	-4.6238e-004
5977	-0.46892	0.	7.4991e-002	8.6836e-002
5978	-0.5494	0.	9.4799e-002	2.8937e-002
5984	-0.41541	0.	8.1167e-002	8.6675e-002
5992	6.9301e-002	0.	7.4365e-002	9.9798e-002
5993	0.14916	0.	9.5845e-002	3.459e-002
6001	1.6728e-002	0.	8.0112e-002	9.0214e-002
6007	0.80694	0.	0.11531	1.212e-003
6013	-1.2069	0.	0.11531	1.1815e-003
6017	-1.218	0.	0.94825	7.9929e-005
6026	6.3179e-003	0.	0.98839	-8.0728e-005
6034	-4.7936e-002	0.	0.28068	-6.9221e-003
6035	4.0176e-002	0.	0.26284	4.6968e-004
6042	-0.4201	0.	0.23862	-6.3656e-005
6048	-0.41164	0.	0.42052	-1.9441e-003
6049	-0.37157	0.	0.36317	-3.6115e-003
6051	0.88021	0.	0.89468	1.2982e-004
6055	-0.11697	0.	0.25258	-1.5628e-002
6059	-8.8139e-002	0.	0.15233	-3.1993e-002
6060	-9.677e-002	0.	0.13327	-4.5514e-002
6065	0.80369	0.	0.41324	7.5453e-004
6066	0.70596	0.	0.46159	7.4907e-004
6078	-0.11874	0.	0.19791	-2.2402e-002
6079	-0.10887	0.	0.15852	-3.7424e-002
6088	0.52812	0.	0.63277	5.4506e-004
6101	0.88781	0.	0.49391	5.4761e-004
6107	0.20491	0.	0.88412	-3.9399e-005
6115	-0.32628	0.	0.67697	-9.2311e-004
6119	0.46616	0.	0.7431	2.7927e-004
6120	0.48411	0.	0.80685	1.7724e-004
6121	0.34711	0.	0.75178	1.8189e-004
6129	-0.5367	0.	0.8371	-1.259e-004
6130	-0.63917	0.	0.90693	-2.3909e-005
6136	-0.1439	0.	0.45019	-3.8223e-003
6138	0.12027	0.	0.26815	3.8429e-003
6140	-0.50847	0.	0.27444	3.2861e-003
6144	0.62108	0.	0.86788	1.6103e-004
6148	-0.42619	0.	0.78651	-3.949e-004
6184	0.57004	0.	0.76082	3.0135e-004
