Node Number	X Location (m)	Y Location (m)	Z Location (m)	Directional Magnetic Flux Density (T)
115	-0.44	0.	5.5e-002	0.60432
116	-0.418	0.	5.5e-002	0.86554
117	-0.396	0.	5.5e-002	1.2796
118	-0.352	0.	5.5e-002	1.7452
119	-0.308	0.	5.5e-002	2.0305
120	-0.264	0.	5.5e-002	2.2137
121	-0.22	0.	5.5e-002	2.2919
122	-0.176	0.	5.5e-002	2.2232
123	-0.132	0.	5.5e-002	2.0497
124	-8.8e-002	0.	5.5e-002	1.7546
125	-4.4e-002	0.	5.5e-002	1.3495
126	0.	0.	5.5e-002	0.61122
127	-2.2e-002	0.	5.5e-002	0.96023
205	-2.2e-002	0.	-5.5e-002	0.94767
206	0.	0.	-5.5e-002	0.61979
207	-4.4e-002	0.	-5.5e-002	1.3486
208	-8.8e-002	0.	-5.5e-002	1.7992
209	-0.132	0.	-5.5e-002	2.0726
210	-0.176	0.	-5.5e-002	2.206
211	-0.22	0.	-5.5e-002	2.2764
212	-0.264	0.	-5.5e-002	2.2154
213	-0.308	0.	-5.5e-002	2.0364
214	-0.352	0.	-5.5e-002	1.7567
215	-0.396	0.	-5.5e-002	1.2988
216	-0.418	0.	-5.5e-002	0.90225
217	-0.44	0.	-5.5e-002	0.62707
595	0.	0.	0.	0.66246
596	-0.44	0.	0.	0.75028
1044	-4.4e-002	0.	0.	1.2942
1045	-0.1306	0.	8.6736e-019	2.0012
1046	-0.21707	0.	0.	2.2635
1047	-0.286	0.	0.	2.1042
1048	-0.35131	0.	1.9516e-018	1.6944
2682	-0.429	0.	5.5e-002	0.73493
2684	-0.44	0.	2.75e-002	0.6773
2690	-0.407	0.	5.5e-002	1.0726
2692	-0.429	0.	2.75e-002	0.80791
2695	-0.374	0.	5.5e-002	1.5124
2697	-0.418	0.	2.75e-002	1.0149
2698	-0.37366	0.	2.75e-002	1.487
2701	-0.33	0.	5.5e-002	1.8879
2703	-0.35166	0.	2.75e-002	1.7198
2706	-0.286	0.	5.5e-002	2.1221
2708	-0.297	0.	2.75e-002	2.0674
2709	-0.32966	0.	2.75e-002	1.8625
2712	-0.242	0.	5.5e-002	2.2528
2714	-0.24054	0.	2.75e-002	2.2386
2715	-0.275	0.	2.75e-002	2.159
2719	-0.198	0.	5.5e-002	2.2575
2721	-0.21854	0.	2.75e-002	2.2777
2724	-0.154	0.	5.5e-002	2.1364
2726	-0.1533	0.	2.75e-002	2.1122
2727	-0.19654	0.	2.75e-002	2.2433
2730	-0.11	0.	5.5e-002	1.9021
2732	-0.1313	0.	2.75e-002	2.0254
2735	-6.6e-002	0.	5.5e-002	1.552
2737	-6.6e-002	0.	2.75e-002	1.5244
2738	-0.1093	0.	2.75e-002	1.8779
2741	-3.3e-002	0.	5.5e-002	1.1548
2743	-4.4e-002	0.	2.75e-002	1.3218
2746	-1.1e-002	0.	5.5e-002	0.78572
2748	0.	0.	2.75e-002	0.63684
2752	-1.1e-002	0.	2.75e-002	0.81135
2753	-3.3e-002	0.	2.75e-002	1.1272
3123	-1.1e-002	0.	-5.5e-002	0.78373
3124	-3.3e-002	0.	-5.5e-002	1.1481
3125	-1.1e-002	0.	-2.75e-002	0.80507
3126	-3.3e-002	0.	-2.75e-002	1.1209
3131	0.	0.	-2.75e-002	0.64113
3137	-6.6e-002	0.	-5.5e-002	1.5739
3138	-4.4e-002	0.	-2.75e-002	1.3214
3141	-0.11	0.	-5.5e-002	1.9359
3142	-6.6e-002	0.	-2.75e-002	1.5467
3143	-0.1093	0.	-2.75e-002	1.9002
3147	-0.154	0.	-5.5e-002	2.1393
3148	-0.1313	0.	-2.75e-002	2.0369
3151	-0.198	0.	-5.5e-002	2.2412
3152	-0.1533	0.	-2.75e-002	2.1036
3153	-0.19654	0.	-2.75e-002	2.2347
3158	-0.242	0.	-5.5e-002	2.2459
3159	-0.21854	0.	-2.75e-002	2.27
3162	-0.286	0.	-5.5e-002	2.1259
3163	-0.24054	0.	-2.75e-002	2.2395
3164	-0.275	0.	-2.75e-002	2.1598
3167	-0.33	0.	-5.5e-002	1.8966
3168	-0.297	0.	-2.75e-002	2.0703
3169	-0.32966	0.	-2.75e-002	1.8654
3172	-0.374	0.	-5.5e-002	1.5278
3173	-0.35166	0.	-2.75e-002	1.7256
3176	-0.407	0.	-5.5e-002	1.1005
3177	-0.418	0.	-2.75e-002	1.0245
3178	-0.37366	0.	-2.75e-002	1.4966
3182	-0.429	0.	-5.5e-002	0.76466
3183	-0.429	0.	-2.75e-002	0.82627
3188	-0.44	0.	-2.75e-002	0.68867
5509	-2.2e-002	0.	0.	0.97831
5518	-0.39566	0.	9.7582e-019	1.2223
8505	-8.7298e-002	0.	4.3368e-019	1.6477
8511	-0.17384	0.	4.3368e-019	2.1323
8520	-0.25154	0.	0.	2.1839
8528	-0.31866	0.	9.7582e-019	1.8993
78	-0.418	0.	-6.875e-002	4.4191e-002
79	-0.396	0.	-6.875e-002	-2.6223e-002
80	-0.352	0.	-6.875e-002	-4.0904e-002
81	-0.308	0.	-6.875e-002	-4.8841e-002
82	-0.264	0.	-6.875e-002	-5.0785e-002
83	-0.22	0.	-6.875e-002	-5.0943e-002
84	-0.176	0.	-6.875e-002	-5.0203e-002
85	-0.132	0.	-6.875e-002	-4.7931e-002
86	-8.8e-002	0.	-6.875e-002	-4.1637e-002
87	-4.4e-002	0.	-6.875e-002	-2.6708e-002
88	-2.2e-002	0.	-6.875e-002	4.4341e-002
89	-2.2e-002	0.	6.875e-002	4.72e-002
90	-4.4e-002	0.	6.875e-002	-2.5556e-002
91	-8.8e-002	0.	6.875e-002	-4.1266e-002
92	-0.132	0.	6.875e-002	-4.8465e-002
93	-0.176	0.	6.875e-002	-5.0124e-002
94	-0.22	0.	6.875e-002	-5.0931e-002
95	-0.264	0.	6.875e-002	-5.0463e-002
96	-0.308	0.	6.875e-002	-4.8152e-002
97	-0.352	0.	6.875e-002	-4.0995e-002
98	-0.396	0.	6.875e-002	-2.6067e-002
99	-0.418	0.	6.875e-002	4.5427e-002
100	0.	0.	6.875e-002	0.11023
101	0.	0.	8.25e-002	7.0789e-002
102	-2.2e-002	0.	8.25e-002	2.7076e-002
103	-4.4e-002	0.	8.25e-002	-3.5758e-002
104	-8.8e-002	0.	8.25e-002	-6.2752e-002
105	-0.132	0.	8.25e-002	-7.2477e-002
106	-0.176	0.	8.25e-002	-7.4913e-002
107	-0.22	0.	8.25e-002	-7.6061e-002
108	-0.264	0.	8.25e-002	-7.5448e-002
109	-0.308	0.	8.25e-002	-7.1982e-002
110	-0.352	0.	8.25e-002	-6.2319e-002
111	-0.396	0.	8.25e-002	-3.6317e-002
112	-0.418	0.	8.25e-002	2.3809e-002
113	-0.44	0.	6.875e-002	0.10766
114	-0.44	0.	8.25e-002	6.531e-002
115	-0.44	0.	5.5e-002	0.15002
116	-0.418	0.	5.5e-002	6.7045e-002
117	-0.396	0.	5.5e-002	-1.5816e-002
118	-0.352	0.	5.5e-002	-1.9671e-002
119	-0.308	0.	5.5e-002	-2.4322e-002
120	-0.264	0.	5.5e-002	-2.5479e-002
121	-0.22	0.	5.5e-002	-2.5801e-002
122	-0.176	0.	5.5e-002	-2.5336e-002
123	-0.132	0.	5.5e-002	-2.4453e-002
124	-8.8e-002	0.	5.5e-002	-1.9781e-002
125	-4.4e-002	0.	5.5e-002	-1.5354e-002
126	0.	0.	5.5e-002	0.14968
127	-2.2e-002	0.	5.5e-002	6.7324e-002
205	-2.2e-002	0.	-5.5e-002	6.3873e-002
206	0.	0.	-5.5e-002	0.14298
207	-4.4e-002	0.	-5.5e-002	-1.5827e-002
208	-8.8e-002	0.	-5.5e-002	-1.9991e-002
209	-0.132	0.	-5.5e-002	-2.4219e-002
210	-0.176	0.	-5.5e-002	-2.5333e-002
211	-0.22	0.	-5.5e-002	-2.5812e-002
212	-0.264	0.	-5.5e-002	-2.5671e-002
213	-0.308	0.	-5.5e-002	-2.4666e-002
214	-0.352	0.	-5.5e-002	-1.9643e-002
215	-0.396	0.	-5.5e-002	-1.5714e-002
216	-0.418	0.	-5.5e-002	6.5513e-002
217	-0.44	0.	-5.5e-002	0.147
325	-0.418	0.	-8.25e-002	2.287e-002
326	-0.44	0.	-8.25e-002	6.5176e-002
327	-0.396	0.	-8.25e-002	-3.6733e-002
328	-0.352	0.	-8.25e-002	-6.2165e-002
329	-0.308	0.	-8.25e-002	-7.3015e-002
330	-0.264	0.	-8.25e-002	-7.59e-002
331	-0.22	0.	-8.25e-002	-7.6073e-002
332	-0.176	0.	-8.25e-002	-7.5073e-002
333	-0.132	0.	-8.25e-002	-7.1643e-002
334	-8.8e-002	0.	-8.25e-002	-6.3283e-002
335	-4.4e-002	0.	-8.25e-002	-3.7589e-002
336	-2.2e-002	0.	-8.25e-002	2.481e-002
337	0.	0.	-8.25e-002	6.7446e-002
347	-0.44	0.	-6.875e-002	0.10609
351	0.	0.	-6.875e-002	0.10521
2532	-0.407	0.	-6.875e-002	8.9841e-003
2533	-0.418	0.	-6.1875e-002	5.4852e-002
2534	-0.418	0.	-7.5625e-002	3.3531e-002
2535	-0.429	0.	-6.875e-002	7.5139e-002
2536	-0.374	0.	-6.875e-002	-3.3564e-002
2537	-0.396	0.	-6.1875e-002	-2.0968e-002
2538	-0.396	0.	-7.5625e-002	-3.1478e-002
2539	-0.33	0.	-6.875e-002	-4.4872e-002
2540	-0.352	0.	-6.1875e-002	-3.0273e-002
2541	-0.352	0.	-7.5625e-002	-5.1534e-002
2542	-0.286	0.	-6.875e-002	-4.9813e-002
2543	-0.308	0.	-6.1875e-002	-3.6754e-002
2544	-0.308	0.	-7.5625e-002	-6.0928e-002
2545	-0.242	0.	-6.875e-002	-5.0864e-002
2546	-0.264	0.	-6.1875e-002	-3.8228e-002
2547	-0.264	0.	-7.5625e-002	-6.3342e-002
2548	-0.198	0.	-6.875e-002	-5.0573e-002
2549	-0.22	0.	-6.1875e-002	-3.8377e-002
2550	-0.22	0.	-7.5625e-002	-6.3508e-002
2551	-0.154	0.	-6.875e-002	-4.9067e-002
2552	-0.176	0.	-6.1875e-002	-3.7768e-002
2553	-0.176	0.	-7.5625e-002	-6.2638e-002
2554	-0.11	0.	-6.875e-002	-4.4784e-002
2555	-0.132	0.	-6.1875e-002	-3.6075e-002
2556	-0.132	0.	-7.5625e-002	-5.9787e-002
2557	-6.6e-002	0.	-6.875e-002	-3.4173e-002
2558	-8.8e-002	0.	-6.1875e-002	-3.0814e-002
2559	-8.8e-002	0.	-7.5625e-002	-5.246e-002
2560	-3.3e-002	0.	-6.875e-002	8.8167e-003
2561	-4.4e-002	0.	-6.1875e-002	-2.1267e-002
2562	-4.4e-002	0.	-7.5625e-002	-3.2149e-002
2563	-2.2e-002	0.	-6.1875e-002	5.4107e-002
2564	-2.2e-002	0.	-7.5625e-002	3.4575e-002
2565	-1.1e-002	0.	-6.875e-002	7.4776e-002
2566	-3.3e-002	0.	6.875e-002	1.0822e-002
2567	-1.1e-002	0.	6.875e-002	7.8717e-002
2568	-2.2e-002	0.	7.5625e-002	3.7138e-002
2569	-2.2e-002	0.	6.1875e-002	5.7262e-002
2570	-6.6e-002	0.	6.875e-002	-3.3411e-002
2571	-4.4e-002	0.	7.5625e-002	-3.0657e-002
2572	-4.4e-002	0.	6.1875e-002	-2.0455e-002
2573	-0.11	0.	6.875e-002	-4.4866e-002
2574	-8.8e-002	0.	7.5625e-002	-5.2009e-002
2575	-8.8e-002	0.	6.1875e-002	-3.0524e-002
2576	-0.154	0.	6.875e-002	-4.9295e-002
2577	-0.132	0.	7.5625e-002	-6.0471e-002
2578	-0.132	0.	6.1875e-002	-3.6459e-002
2579	-0.198	0.	6.875e-002	-5.0528e-002
2580	-0.176	0.	7.5625e-002	-6.2519e-002
2581	-0.176	0.	6.1875e-002	-3.773e-002
2582	-0.242	0.	6.875e-002	-5.0697e-002
2583	-0.22	0.	7.5625e-002	-6.3496e-002
2584	-0.22	0.	6.1875e-002	-3.8366e-002
2585	-0.286	0.	6.875e-002	-4.9308e-002
2586	-0.264	0.	7.5625e-002	-6.2955e-002
2587	-0.264	0.	6.1875e-002	-3.7971e-002
2588	-0.33	0.	6.875e-002	-4.4574e-002
2589	-0.308	0.	7.5625e-002	-6.0067e-002
2590	-0.308	0.	6.1875e-002	-3.6237e-002
2591	-0.374	0.	6.875e-002	-3.3531e-002
2592	-0.352	0.	7.5625e-002	-5.1657e-002
2593	-0.352	0.	6.1875e-002	-3.0333e-002
2594	-0.407	0.	6.875e-002	9.6802e-003
2595	-0.396	0.	7.5625e-002	-3.1192e-002
2596	-0.396	0.	6.1875e-002	-2.0941e-002
2597	-0.418	0.	7.5625e-002	3.4618e-002
2598	-0.429	0.	6.875e-002	7.6546e-002
2599	-0.418	0.	6.1875e-002	5.6236e-002
2600	0.	0.	7.5625e-002	9.0511e-002
2601	0.	0.	6.1875e-002	0.12996
2604	-1.1e-002	0.	8.25e-002	4.8933e-002
2609	-3.3e-002	0.	8.25e-002	-4.3409e-003
2614	-6.6e-002	0.	8.25e-002	-4.9255e-002
2619	-0.11	0.	8.25e-002	-6.7615e-002
2624	-0.154	0.	8.25e-002	-7.3695e-002
2629	-0.198	0.	8.25e-002	-7.5487e-002
2635	-0.242	0.	8.25e-002	-7.5755e-002
2641	-0.286	0.	8.25e-002	-7.3715e-002
2647	-0.33	0.	8.25e-002	-6.715e-002
2654	-0.374	0.	8.25e-002	-4.9318e-002
2660	-0.407	0.	8.25e-002	-6.2541e-003
2666	-0.429	0.	8.25e-002	4.4559e-002
2670	-0.44	0.	7.5625e-002	8.6487e-002
2671	-0.44	0.	6.1875e-002	0.12884
2682	-0.429	0.	5.5e-002	0.10853
2690	-0.407	0.	5.5e-002	2.5615e-002
2695	-0.374	0.	5.5e-002	-1.7743e-002
2701	-0.33	0.	5.5e-002	-2.1997e-002
2706	-0.286	0.	5.5e-002	-2.4901e-002
2712	-0.242	0.	5.5e-002	-2.564e-002
2719	-0.198	0.	5.5e-002	-2.5568e-002
2724	-0.154	0.	5.5e-002	-2.4894e-002
2730	-0.11	0.	5.5e-002	-2.2117e-002
2735	-6.6e-002	0.	5.5e-002	-1.7568e-002
2741	-3.3e-002	0.	5.5e-002	2.5985e-002
2746	-1.1e-002	0.	5.5e-002	0.1085
3123	-1.1e-002	0.	-5.5e-002	0.10342
3124	-3.3e-002	0.	-5.5e-002	2.4023e-002
3130	0.	0.	-6.1875e-002	0.12409
3137	-6.6e-002	0.	-5.5e-002	-1.7909e-002
3141	-0.11	0.	-5.5e-002	-2.2105e-002
3147	-0.154	0.	-5.5e-002	-2.4776e-002
3151	-0.198	0.	-5.5e-002	-2.5572e-002
3158	-0.242	0.	-5.5e-002	-2.5741e-002
3162	-0.286	0.	-5.5e-002	-2.5168e-002
3167	-0.33	0.	-5.5e-002	-2.2155e-002
3172	-0.374	0.	-5.5e-002	-1.7678e-002
3176	-0.407	0.	-5.5e-002	2.49e-002
3182	-0.429	0.	-5.5e-002	0.10626
3187	-0.44	0.	-6.1875e-002	0.12654
3918	-0.429	0.	-8.25e-002	4.4023e-002
3919	-0.407	0.	-8.25e-002	-6.9314e-003
3924	-0.44	0.	-7.5625e-002	8.5631e-002
3930	-0.374	0.	-8.25e-002	-4.9449e-002
3934	-0.33	0.	-8.25e-002	-6.759e-002
3940	-0.286	0.	-8.25e-002	-7.4457e-002
3944	-0.242	0.	-8.25e-002	-7.5986e-002
3950	-0.198	0.	-8.25e-002	-7.5573e-002
3955	-0.154	0.	-8.25e-002	-7.3358e-002
3959	-0.11	0.	-8.25e-002	-6.7463e-002
3963	-6.6e-002	0.	-8.25e-002	-5.0436e-002
3967	-3.3e-002	0.	-8.25e-002	-6.3898e-003
3971	-1.1e-002	0.	-8.25e-002	4.6128e-002
3975	0.	0.	-7.5625e-002	8.6329e-002
206	0.	0.	-5.5e-002	0.33148
217	-0.44	0.	-5.5e-002	0.35885
325	-0.418	0.	-8.25e-002	-8.5497e-003
326	-0.44	0.	-8.25e-002	7.9057e-002
327	-0.396	0.	-8.25e-002	-3.6117e-002
328	-0.352	0.	-8.25e-002	-5.7299e-002
329	-0.308	0.	-8.25e-002	-7.341e-002
330	-0.264	0.	-8.25e-002	-7.7603e-002
331	-0.22	0.	-8.25e-002	-8.1367e-002
332	-0.176	0.	-8.25e-002	-7.9719e-002
333	-0.132	0.	-8.25e-002	-7.6578e-002
334	-8.8e-002	0.	-8.25e-002	-6.4076e-002
335	-4.4e-002	0.	-8.25e-002	-3.5226e-002
336	-2.2e-002	0.	-8.25e-002	7.8912e-003
337	0.	0.	-8.25e-002	6.658e-002
347	-0.44	0.	-6.875e-002	0.19448
351	0.	0.	-6.875e-002	0.21397
418	1.	0.	-9.8409e-002	1.1207e-003
419	1.	0.	-0.19682	1.0037e-003
420	1.	0.	-0.29523	9.454e-004
421	1.	0.	-0.39364	7.909e-004
422	1.	0.	-0.49205	6.3377e-004
423	1.	0.	-0.59045	4.8572e-004
424	1.	0.	-0.68886	3.7737e-004
425	1.	0.	-0.78727	2.7545e-004
426	1.	0.	-0.88568	1.8579e-004
427	1.	0.	-0.98409	6.5838e-005
438	0.89833	0.	-1.0825	4.1495e-005
439	0.79667	0.	-1.0825	5.5815e-005
440	0.695	0.	-1.0825	4.8496e-005
441	0.59333	0.	-1.0825	3.7354e-005
442	0.49167	0.	-1.0825	3.0697e-005
443	0.39	0.	-1.0825	3.2695e-005
444	0.28833	0.	-1.0825	1.1031e-005
445	0.18667	0.	-1.0825	-1.6934e-005
446	8.5e-002	0.	-1.0825	-4.4102e-005
447	-1.6667e-002	0.	-1.0825	-1.0087e-004
448	-0.11833	0.	-1.0825	-8.718e-005
449	-0.22	0.	-1.0825	-9.9461e-005
450	-0.32167	0.	-1.0825	-1.0162e-004
451	-0.42333	0.	-1.0825	-8.1515e-005
452	-0.525	0.	-1.0825	-3.0574e-005
453	-0.62667	0.	-1.0825	-2.0886e-005
454	-0.72833	0.	-1.0825	3.5765e-006
455	-0.83	0.	-1.0825	2.4239e-005
456	-0.93167	0.	-1.0825	3.9422e-005
457	-1.0333	0.	-1.0825	4.9738e-005
458	-1.135	0.	-1.0825	4.9979e-005
459	-1.2367	0.	-1.0825	4.1961e-005
460	-1.3383	0.	-1.0825	3.6468e-005
466	-1.44	0.	-0.98409	7.2429e-005
467	-1.44	0.	-0.88568	1.7251e-004
468	-1.44	0.	-0.78727	2.6436e-004
469	-1.44	0.	-0.68886	3.9274e-004
470	-1.44	0.	-0.59045	4.9874e-004
471	-1.44	0.	-0.49205	6.6756e-004
472	-1.44	0.	-0.39364	8.14e-004
473	-1.44	0.	-0.29523	9.1421e-004
474	-1.44	0.	-0.19682	1.0209e-003
475	-1.44	0.	-9.8409e-002	1.1113e-003
481	0.1	0.	0.	0.10234
482	0.2	0.	0.	3.3627e-002
483	0.3	0.	0.	1.2594e-002
484	0.4	0.	0.	7.0759e-003
485	0.5	0.	0.	3.7393e-003
486	0.6	0.	0.	2.5617e-003
487	0.7	0.	0.	2.1042e-003
488	0.8	0.	0.	1.3896e-003
489	0.9	0.	0.	1.1808e-003
490	-1.34	0.	0.	1.1631e-003
491	-1.24	0.	0.	1.4419e-003
492	-1.14	0.	0.	1.8564e-003
493	-1.04	0.	0.	2.6853e-003
494	-0.94	0.	0.	3.6746e-003
495	-0.84	0.	0.	6.4414e-003
496	-0.74	0.	0.	1.1552e-002
497	-0.64	0.	0.	2.9051e-002
498	-0.54	0.	0.	0.11306
595	0.	0.	0.	0.39704
596	-0.44	0.	0.	0.36942
601	1.	0.	-1.0825	3.2355e-005
602	1.	0.	0.	1.1399e-003
603	-1.44	0.	-1.0825	3.11e-005
604	-1.44	0.	0.	1.1152e-003
784	0.14521	0.	-0.55521	2.8054e-005
785	-0.59172	0.	-0.57968	-7.3024e-005
786	-0.50856	0.	-0.36347	1.4895e-005
787	8.2117e-002	0.	-0.35417	7.1593e-004
788	-0.18973	0.	-0.44889	-4.8221e-003
789	-1.0307	0.	-0.49963	9.469e-004
790	0.59573	0.	-0.48937	9.0885e-004
791	-0.26164	0.	-0.78995	-7.2886e-004
792	-0.24598	0.	-0.27	-1.7984e-002
793	4.8382e-002	0.	-0.18968	1.0977e-002
794	-0.47604	0.	-0.2075	5.5296e-003
795	-0.76208	0.	-0.41028	2.2372e-003
796	0.33883	0.	-0.40584	2.1822e-003
797	0.49894	0.	-0.80148	2.2721e-004
798	-0.93859	0.	-0.77709	2.9125e-004
799	-0.37544	0.	-0.52297	-2.3712e-003
800	-8.617e-002	0.	-0.28951	-1.1175e-002
801	8.1279e-002	0.	-0.74453	-3.5899e-004
802	-1.9409e-002	0.	-0.65595	-1.046e-003
803	-0.55557	0.	-0.91152	-9.268e-005
804	-1.279	0.	-0.73882	3.5438e-004
805	0.67611	0.	-0.76832	2.7638e-004
806	0.22992	0.	-0.37301	2.3628e-003
807	-0.57139	0.	-0.27509	5.5661e-003
808	0.61472	0.	-0.32538	1.7645e-003
809	-1.0613	0.	-0.17644	2.372e-003
810	-0.303	0.	-0.34467	-8.8523e-003
811	-0.32267	0.	-0.24917	-1.7176e-002
812	-0.16999	0.	-0.145	-5.7172e-002
813	-0.36326	0.	-0.7075	-9.8597e-004
814	3.9676e-002	0.	-0.54486	-9.3776e-004
815	-0.35668	0.	-0.19192	-2.0845e-002
816	-0.23881	0.	-0.66743	-1.4528e-003
817	-0.85655	0.	-0.33542	2.4254e-003
818	0.38789	0.	-0.11813	6.6085e-003
819	-0.85504	0.	-0.64849	5.6815e-004
820	0.35834	0.	-0.54818	9.4035e-004
821	0.85688	0.	-0.53758	6.2154e-004
822	0.36631	0.	-0.69817	3.373e-004
823	-3.1664e-002	0.	-0.17158	-9.7782e-003
824	-1.3115	0.	-0.42577	8.1427e-004
825	-0.6525	0.	-0.83065	-1.9693e-006
826	-3.6503e-002	0.	-0.42036	-3.2638e-003
827	-0.39436	0.	-0.12805	-2.1712e-002
828	1.4125e-003	0.	-0.95007	-1.4969e-004
829	0.23306	0.	-0.92851	5.5749e-006
830	0.79351	0.	-0.28143	1.1842e-003
831	-0.45712	0.	-0.15006	1.6323e-002
832	1.6336e-002	0.	-0.12263	3.5441e-002
833	-0.74026	0.	-0.29387	4.0885e-003
834	-8.8068e-002	0.	-0.56939	-2.0004e-003
835	0.20143	0.	-0.1795	1.3491e-002
836	-0.40003	0.	-0.36245	-3.6185e-003
837	-1.201	0.	-0.90175	1.4472e-004
838	-0.39944	0.	-0.86602	-4.2818e-004
839	-0.21497	0.	-0.36375	-8.5847e-003
840	-0.50788	0.	-0.76908	-3.426e-004
841	-0.13239	0.	-0.21592	-2.5864e-002
842	0.8608	0.	-0.83765	2.1215e-004
843	0.1236	0.	-0.45055	5.2776e-004
844	-0.54813	0.	-0.4575	3.1542e-005
845	-0.78131	0.	-0.15071	7.088e-003
846	0.12346	0.	-0.16444	2.109e-002
847	7.6055e-002	0.	-0.10083	5.6248e-002
848	-1.0964	0.	-0.77116	3.2271e-004
849	-0.13933	0.	-0.72127	-9.8688e-004
850	-1.1395	0.	-0.60454	5.6039e-004
851	-0.57302	0.	-9.7046e-002	3.736e-002
852	-0.49797	0.	-9.3096e-002	5.9921e-002
853	0.54563	0.	-0.14233	3.0872e-003
854	0.43972	0.	-0.28649	3.0896e-003
855	-0.72611	0.	-0.62139	3.9348e-004
856	-0.26618	0.	-0.93734	-2.4626e-004
857	-1.3057	0.	-0.13036	1.199e-003
858	-1.075	0.	-0.33501	1.5024e-003
859	-0.9354	0.	-0.13377	3.9979e-003
860	0.73604	0.	-0.44085	1.0015e-003
861	0.35691	0.	-0.84307	1.1672e-004
862	-0.13646	0.	-0.36652	-7.5525e-003
863	-0.27907	0.	-0.49569	-3.6469e-003
864	-0.16646	0.	-0.28563	-1.3764e-002
865	0.61549	0.	-0.93385	1.0637e-004
866	-0.10131	0.	-0.16583	-3.0339e-002
867	-0.40036	0.	-0.23529	-7.1681e-003
868	-0.49049	0.	-0.65255	-6.0054e-004
869	-0.19799	0.	-0.55786	-2.7075e-003
870	0.52656	0.	-0.63668	5.4793e-004
871	0.69503	0.	-0.597	5.6482e-004
872	0.12944	0.	-0.24679	5.8989e-003
873	-0.2026	0.	-0.2043	-3.5139e-002
874	0.22005	0.	-0.75305	-2.9489e-006
875	-0.95572	0.	-0.93587	1.0435e-004
876	-0.34098	0.	-0.43003	-4.04e-003
877	-0.63401	0.	-0.36808	2.4694e-003
878	-0.79721	0.	-0.53395	1.1732e-003
879	0.30349	0.	-0.20908	6.5552e-003
880	0.22919	0.	-0.48011	9.8716e-004
881	-0.67313	0.	-0.49639	7.4346e-004
882	-0.61833	0.	-0.70658	-1.4242e-004
883	-0.30696	0.	-0.59292	-2.0963e-003
884	-0.76028	0.	-0.74547	1.9664e-004
885	-1.9309e-002	0.	-0.24471	-4.1516e-003
886	-1.1547	0.	-0.45659	8.8046e-004
887	0.47841	0.	-0.95511	6.9909e-005
888	0.44708	0.	-0.44918	1.5238e-003
889	2.7841e-002	0.	-8.095e-002	8.9775e-002
890	-1.3065	0.	-0.56914	5.8217e-004
891	-0.99712	0.	-0.64943	5.814e-004
892	-0.66416	0.	-0.21949	9.1617e-003
893	0.24204	0.	-0.61914	4.0257e-004
894	-0.17174	0.	-0.8417	-5.1846e-004
895	-7.4323e-003	0.	-0.31688	-2.6542e-003
896	0.70662	0.	-0.12987	1.7524e-003
897	-0.45312	0.	-0.28997	-1.6218e-003
898	-6.8638e-002	0.	-0.12775	-3.4834e-002
899	-7.0523e-002	0.	-0.84158	-4.7873e-004
900	-0.31692	0.	-0.13636	-5.7915e-002
901	-0.47777	0.	-0.54767	-1.1387e-003
902	0.88867	0.	-0.40998	8.1153e-004
903	-0.56093	0.	-0.19715	1.5801e-002
904	0.8781	0.	-0.96438	1.1407e-004
905	-0.37103	0.	-0.97799	-1.6387e-004
906	-1.2026	0.	-0.351	1.1507e-003
907	0.86744	0.	-0.68588	3.6905e-004
908	-0.10198	0.	-0.43414	-4.6674e-003
909	-0.80841	0.	-0.86833	1.0842e-004
910	0.87684	0.	-0.16368	1.1669e-003
911	-0.26016	0.	-0.42105	-5.7921e-003
912	-1.325	0.	-0.96141	8.0475e-005
913	-0.46762	0.	-8.1362e-002	9.354e-002
914	-0.85502	0.	-0.44372	1.7032e-003
915	-1.325	0.	-0.29222	9.6086e-004
916	-0.12368	0.	-0.96378	-2.4135e-004
917	0.34563	0.	-0.97635	4.3877e-005
918	-0.37367	0.	-0.29627	-7.8566e-003
919	-0.43801	0.	-0.11375	2.6866e-002
920	-0.67561	0.	-0.11912	1.6323e-002
921	-0.40211	0.	-0.60922	-1.3417e-003
922	0.75369	0.	-0.94487	1.1232e-004
923	-0.15477	0.	-0.6313	-1.8096e-003
924	-7.4744e-002	0.	-0.21858	-1.1961e-002
925	-5.9362e-002	0.	-0.3623	-4.9509e-003
926	0.16045	0.	-8.9605e-002	3.8436e-002
927	-0.9146	0.	-0.52938	1.0778e-003
928	-0.95244	0.	-0.40104	1.5414e-003
929	-1.1902	0.	-0.23256	1.3295e-003
930	-1.969e-002	0.	-0.11067	-7.0667e-003
931	-0.84641	0.	-0.23513	3.7125e-003
932	-0.42018	0.	-0.18481	-3.7752e-003
933	4.5464e-002	0.	-0.27058	1.1554e-003
934	-0.42957	0.	-0.4601	-1.9159e-003
935	-0.28364	0.	-0.20014	-3.4748e-002
936	0.26076	0.	-0.10011	1.4708e-002
937	-1.3296	0.	-0.84903	2.1547e-004
938	3.8901e-002	0.	-0.84427	-3.0413e-004
939	-1.0891	0.	-0.91782	1.3785e-004
940	0.22299	0.	-0.27315	5.816e-003
941	-5.0529e-002	0.	-0.48406	-2.5925e-003
942	0.16539	0.	-0.32074	2.9279e-003
943	-0.50994	0.	-0.15472	2.6699e-002
944	0.11082	0.	-0.9472	-7.0744e-005
945	2.1504e-003	0.	-0.37966	-2.507e-003
946	-2.3538e-002	0.	-0.7557	-5.9988e-004
947	0.13856	0.	-0.84209	-1.1909e-004
948	0.11981	0.	-0.64746	-2.8695e-004
949	0.30823	0.	-0.30979	3.6488e-003
950	2.7205e-002	0.	-0.44161	-1.4601e-003
951	-1.1648	0.	-9.2535e-002	1.8299e-003
952	-0.24159	0.	-0.13616	-6.0044e-002
953	-0.83057	0.	-0.97671	5.0542e-005
954	-0.11199	0.	-0.12072	-6.0389e-002
955	-0.9626	0.	-0.26476	2.3672e-003
956	-0.48403	0.	-0.99917	-9.1565e-005
957	-0.68362	0.	-0.95239	2.6416e-006
958	-0.12854	0.	-0.49937	-3.1353e-003
1438	-0.48324	0.	-3.0064e-002	0.23324
1439	-0.49361	0.	-5.0048e-002	0.12001
1440	-0.45725	0.	-6.4976e-002	0.22801
1444	1.6058e-002	0.	-6.4569e-002	0.19258
1445	5.8598e-002	0.	-4.6423e-002	0.13285
1446	4.3203e-002	0.	-3.0071e-002	0.23377
3130	0.	0.	-6.1875e-002	0.27272
3131	0.	0.	-2.75e-002	0.36426
3132	8.0291e-003	0.	-5.9785e-002	0.26203
3133	2.1601e-002	0.	-4.2535e-002	0.28263
3187	-0.44	0.	-6.1875e-002	0.27667
3188	-0.44	0.	-2.75e-002	0.36413
3189	-0.46162	0.	-4.2532e-002	0.29605
3190	-0.44862	0.	-5.9988e-002	0.29343
3918	-0.429	0.	-8.25e-002	3.5254e-002
3919	-0.407	0.	-8.25e-002	-2.2333e-002
3920	-0.40618	0.	-0.10528	-1.5131e-002
3921	-0.42801	0.	-9.8125e-002	9.1579e-003
3924	-0.44	0.	-7.5625e-002	0.13677
3925	-0.45381	0.	-8.1931e-002	8.6299e-002
3926	-0.43901	0.	-9.8125e-002	5.2961e-002
3927	-0.44862	0.	-7.3738e-002	0.15353
3930	-0.374	0.	-8.25e-002	-4.6708e-002
3931	-0.39518	0.	-0.10528	-2.8914e-002
3934	-0.33	0.	-8.25e-002	-6.5354e-002
3935	-0.37318	0.	-0.10528	-3.9506e-002
3936	-0.33446	0.	-0.10943	-5.7607e-002
3940	-0.286	0.	-8.25e-002	-7.5506e-002
3941	-0.31246	0.	-0.10943	-6.5662e-002
3944	-0.242	0.	-8.25e-002	-7.9485e-002
3945	-0.29046	0.	-0.10943	-6.7759e-002
3946	-0.25279	0.	-0.10933	-6.8823e-002
3950	-0.198	0.	-8.25e-002	-8.0543e-002
3951	-0.195	0.	-0.11375	-6.927e-002
3952	-0.23079	0.	-0.10933	-7.0705e-002
3955	-0.154	0.	-8.25e-002	-7.8149e-002
3956	-0.173	0.	-0.11375	-6.8446e-002
3959	-0.11	0.	-8.25e-002	-7.0327e-002
3960	-0.151	0.	-0.11375	-6.6875e-002
3961	-0.12199	0.	-0.10161	-6.8484e-002
3963	-6.6e-002	0.	-8.25e-002	-4.9651e-002
3964	-7.8319e-002	0.	-0.10513	-4.9455e-002
3965	-9.9995e-002	0.	-0.10161	-6.2233e-002
3967	-3.3e-002	0.	-8.25e-002	-1.3667e-002
3968	-5.6319e-002	0.	-0.10513	-3.503e-002
3969	-3.1845e-002	0.	-9.6587e-002	-2.1146e-002
3971	-1.1e-002	0.	-8.25e-002	3.7235e-002
3972	-2.0845e-002	0.	-9.6587e-002	4.1228e-004
3975	0.	0.	-7.5625e-002	0.14027
3976	8.1678e-003	0.	-0.10257	5.101e-002
3977	1.3921e-002	0.	-8.1725e-002	7.8177e-002
3978	-9.8448e-003	0.	-9.6587e-002	2.9757e-002
3979	8.0291e-003	0.	-7.3535e-002	0.12958
4038	-0.44862	0.	-6.6863e-002	0.21125
4053	8.0291e-003	0.	-6.666e-002	0.20328
4478	1.	0.	-0.14761	1.0622e-003
4480	0.95	0.	-4.9205e-002	1.1508e-003
4481	1.	0.	-4.9205e-002	1.1303e-003
4482	0.93842	0.	-0.13105	1.1438e-003
4485	1.	0.	-0.24602	9.7456e-004
4486	0.93842	0.	-0.18025	1.0853e-003
4490	1.	0.	-0.34443	8.6815e-004
4491	0.89675	0.	-0.28833	1.0648e-003
4492	0.94433	0.	-0.35261	8.7846e-004
4493	0.93842	0.	-0.22946	1.0562e-003
4497	1.	0.	-0.44284	7.1234e-004
4498	0.94433	0.	-0.40181	8.0121e-004
4501	1.	0.	-0.54125	5.5975e-004
4502	0.92844	0.	-0.51481	6.2766e-004
4503	0.94433	0.	-0.45102	7.2265e-004
4506	1.	0.	-0.63966	4.3155e-004
4507	0.92844	0.	-0.56402	5.5363e-004
4508	0.93372	0.	-0.63817	4.2738e-004
4510	1.	0.	-0.73807	3.2641e-004
4511	0.93372	0.	-0.68737	3.7321e-004
4514	1.	0.	-0.83648	2.3062e-004
4515	0.9304	0.	-0.81246	2.438e-004
4516	0.93372	0.	-0.73658	3.2225e-004
4518	1.	0.	-0.93489	1.2581e-004
4519	0.9304	0.	-0.86167	1.9897e-004
4520	0.93905	0.	-0.92503	1.4993e-004
4525	0.94917	0.	-1.0333	5.3667e-005
4526	1.	0.	-1.0333	4.9096e-005
4527	0.93905	0.	-0.97423	8.9953e-005
4599	0.8475	0.	-1.0825	4.8655e-005
4600	0.94917	0.	-1.0825	3.6925e-005
4601	0.88822	0.	-1.0234	7.7782e-005
4605	0.74583	0.	-1.0825	5.2155e-005
4606	0.83738	0.	-1.0234	8.4942e-005
4607	0.77518	0.	-1.0137	8.4067e-005
4611	0.64417	0.	-1.0825	4.2925e-005
4612	0.65524	0.	-1.0082	7.7434e-005
4613	0.72435	0.	-1.0137	8.0407e-005
4616	0.5425	0.	-1.0825	3.4025e-005
4617	0.60441	0.	-1.0082	7.1863e-005
4618	0.53587	0.	-1.0188	5.3631e-005
4621	0.44083	0.	-1.0825	3.1696e-005
4622	0.48504	0.	-1.0188	5.0303e-005
4625	0.33917	0.	-1.0825	2.1863e-005
4626	0.43421	0.	-1.0188	5.1302e-005
4627	0.36782	0.	-1.0294	3.8286e-005
4630	0.2375	0.	-1.0825	-2.9515e-006
4631	0.2607	0.	-1.0055	8.3029e-006
4632	0.31698	0.	-1.0294	2.7454e-005
4637	0.13583	0.	-1.0825	-3.0518e-005
4638	0.20986	0.	-1.0055	-5.6794e-006
4639	0.14874	0.	-1.0149	-4.3839e-005
4643	3.4167e-002	0.	-1.0825	-7.2484e-005
4644	4.3206e-002	0.	-1.0163	-9.6895e-005
4645	9.7908e-002	0.	-1.0149	-5.7423e-005
4647	-6.75e-002	0.	-1.0825	-9.4023e-005
4648	-7.6271e-003	0.	-1.0163	-1.2528e-004
4649	-7.0173e-002	0.	-1.0231	-1.7111e-004
4654	-0.16917	0.	-1.0825	-9.3321e-005
4655	-0.12101	0.	-1.0231	-1.6426e-004
4659	-0.27083	0.	-1.0825	-1.0054e-004
4660	-0.24309	0.	-1.0099	-1.7286e-004
4661	-0.17184	0.	-1.0231	-1.7041e-004
4664	-0.3725	0.	-1.0825	-9.1569e-005
4665	-0.29393	0.	-1.0099	-1.7394e-004
4666	-0.34635	0.	-1.0302	-1.3275e-004
4670	-0.47417	0.	-1.0825	-5.6045e-005
4671	-0.39718	0.	-1.0302	-1.2269e-004
4672	-0.45368	0.	-1.0408	-8.654e-005
4677	-0.57583	0.	-1.0825	-2.573e-005
4678	-0.50451	0.	-1.0408	-6.107e-005
4680	-0.6775	0.	-1.0825	-8.655e-006
4681	-0.59112	0.	-0.99701	-5.6783e-005
4682	-0.55535	0.	-1.0408	-5.6226e-005
4683	-0.65514	0.	-1.0174	-9.1224e-006
4687	-0.77917	0.	-1.0825	1.3908e-005
4688	-0.77945	0.	-1.0296	2.7059e-005
4689	-0.70598	0.	-1.0174	3.109e-006
4694	-0.88083	0.	-1.0825	3.1831e-005
4695	-0.83029	0.	-1.0296	3.7391e-005
4699	-0.9825	0.	-1.0825	4.458e-005
4700	-0.94369	0.	-1.0092	7.1885e-005
4701	-0.88112	0.	-1.0296	4.4982e-005
4704	-1.0842	0.	-1.0825	4.9858e-005
4705	-0.99452	0.	-1.0092	7.7042e-005
4706	-1.0612	0.	-1.0002	9.3794e-005
4711	-1.1858	0.	-1.0825	4.597e-005
4712	-1.168	0.	-0.99213	9.7348e-005
4713	-1.112	0.	-1.0002	9.3915e-005
4715	-1.2875	0.	-1.0825	3.9215e-005
4716	-1.2188	0.	-0.99213	9.3339e-005
4717	-1.2808	0.	-1.022	6.1218e-005
4721	-1.3892	0.	-1.0333	5.4449e-005
4722	-1.3892	0.	-1.0825	3.3784e-005
4723	-1.3316	0.	-1.022	5.8472e-005
4753	-1.44	0.	-0.93489	1.2247e-004
4754	-1.44	0.	-1.0333	5.1765e-005
4755	-1.3825	0.	-0.97275	7.6452e-005
4759	-1.44	0.	-0.83648	2.1843e-004
4760	-1.3825	0.	-0.92355	1.2649e-004
4761	-1.3848	0.	-0.86736	1.9399e-004
4765	-1.44	0.	-0.73807	3.2855e-004
4766	-1.3595	0.	-0.76305	3.0937e-004
4767	-1.3848	0.	-0.81815	2.3992e-004
4769	-1.44	0.	-0.63966	4.4574e-004
4770	-1.3595	0.	-0.71384	3.7356e-004
4771	-1.3732	0.	-0.629	4.8746e-004
4774	-1.44	0.	-0.54125	5.8315e-004
4775	-1.3732	0.	-0.5798	5.4046e-004
4777	-1.44	0.	-0.44284	7.4078e-004
4778	-1.3757	0.	-0.45891	7.4091e-004
4779	-1.3732	0.	-0.53059	6.2487e-004
4783	-1.44	0.	-0.34443	8.641e-004
4784	-1.3757	0.	-0.4097	8.1414e-004
4785	-1.3825	0.	-0.34293	8.8743e-004
4789	-1.44	0.	-0.24602	9.6757e-004
4790	-1.3825	0.	-0.29372	9.3754e-004
4792	-1.44	0.	-0.14761	1.0661e-003
4793	-1.3729	0.	-0.16359	1.11e-003
4794	-1.3825	0.	-0.24452	9.9089e-004
4799	-1.39	0.	-4.9205e-002	1.1372e-003
4800	-1.44	0.	-4.9205e-002	1.1133e-003
4801	-1.3729	0.	-0.11439	1.1552e-003
4841	0.15	0.	0.	6.7982e-002
4842	5.e-002	0.	0.	0.24969
4845	0.13023	0.	-4.4803e-002	7.0387e-002
4848	7.9299e-002	0.	-2.3212e-002	0.11759
4849	7.1601e-002	0.	-1.5035e-002	0.16806
4853	0.25	0.	0.	2.311e-002
4856	0.18023	0.	-4.4803e-002	3.6032e-002
4857	0.23038	0.	-5.0055e-002	2.4167e-002
4863	0.35	0.	0.	9.8347e-003
4866	0.34395	0.	-5.9063e-002	9.6011e-003
4867	0.28038	0.	-5.0055e-002	1.3651e-002
4871	0.45	0.	0.	5.4076e-003
4873	0.39395	0.	-5.9063e-002	6.8422e-003
4877	0.55	0.	0.	3.1505e-003
4880	0.44395	0.	-5.9063e-002	5.1739e-003
4881	0.52281	0.	-7.1163e-002	3.4132e-003
4887	0.65	0.	0.	2.333e-003
4890	0.57281	0.	-7.1163e-002	2.8244e-003
4891	0.65331	0.	-6.4935e-002	2.157e-003
4895	0.75	0.	0.	1.7469e-003
4897	0.70331	0.	-6.4935e-002	1.9283e-003
4901	0.85	0.	0.	1.2852e-003
4904	0.75331	0.	-6.4935e-002	1.571e-003
4905	0.83842	0.	-8.1842e-002	1.2783e-003
4912	0.95	0.	0.	1.1604e-003
4914	0.88842	0.	-8.1842e-002	1.1739e-003
4919	-1.29	0.	0.	1.3025e-003
4921	-1.39	0.	0.	1.1391e-003
4923	-1.3229	0.	-6.5182e-002	1.1811e-003
4927	-1.19	0.	0.	1.6491e-003
4930	-1.2729	0.	-6.5182e-002	1.3204e-003
4931	-1.2024	0.	-4.6267e-002	1.6359e-003
4936	-1.09	0.	0.	2.2709e-003
4938	-1.1524	0.	-4.6267e-002	1.8431e-003
4942	-0.99	0.	0.	3.18e-003
4945	-1.0507	0.	-8.8219e-002	2.5287e-003
4946	-0.9877	0.	-6.6884e-002	3.3416e-003
4947	-1.1024	0.	-4.6267e-002	2.2576e-003
4950	-0.89	0.	0.	5.058e-003
4953	-0.9377	0.	-6.6884e-002	3.8363e-003
4959	-0.79	0.	0.	8.9965e-003
4961	-0.81065	0.	-7.5356e-002	6.7647e-003
4962	-0.8877	0.	-6.6884e-002	5.2197e-003
4964	-0.69	0.	0.	2.0301e-002
4967	-0.76065	0.	-7.5356e-002	9.3198e-003
4968	-0.7078	0.	-5.9562e-002	1.3937e-002
4973	-0.59	0.	0.	7.1055e-002
4976	-0.60651	0.	-4.8523e-002	3.3205e-002
4977	-0.6578	0.	-5.9562e-002	2.2687e-002
4985	-0.49	0.	0.	0.24124
4987	-0.55651	0.	-4.8523e-002	7.5209e-002
4990	-0.51162	0.	-1.5032e-002	0.17315
4991	-0.5168	0.	-2.5024e-002	0.11654
5510	2.1601e-002	0.	-1.5035e-002	0.31541
5519	-0.46162	0.	-1.5032e-002	0.30133
6626	9.2444e-002	0.	-0.55004	-4.5485e-004
6627	0.1344	0.	-0.50288	2.7791e-004
6628	0.1872	0.	-0.51766	5.0761e-004
6629	0.19362	0.	-0.58717	2.1531e-004
6630	0.13251	0.	-0.60134	-1.2945e-004
6634	-0.56992	0.	-0.51859	-2.0741e-005
6635	-0.65892	0.	-0.60054	1.6023e-004
6636	-0.54111	0.	-0.61612	-3.3678e-004
6637	-0.63242	0.	-0.53804	3.3522e-004
6638	-0.60503	0.	-0.64313	-1.0772e-004
6639	-0.53474	0.	-0.56368	-6.0587e-004
6642	-0.53998	0.	-0.31928	2.7905e-003
6643	-0.4543	0.	-0.36296	-1.8018e-003
6644	-0.52834	0.	-0.41048	2.3218e-005
6645	-0.57129	0.	-0.36578	1.2421e-003
6646	-0.48084	0.	-0.32672	-8.0343e-004
6647	-0.46907	0.	-0.41179	-9.5049e-004
6651	0.10286	0.	-0.40236	6.2185e-004
6652	0.10578	0.	-0.30048	3.3074e-003
6653	3.7343e-002	0.	-0.33552	-9.6912e-004
6654	6.3791e-002	0.	-0.31237	9.3568e-004
6655	0.12375	0.	-0.33745	1.8219e-003
6656	4.2134e-002	0.	-0.36691	-8.9556e-004
6657	5.4661e-002	0.	-0.39789	-3.7211e-004
6661	-0.20235	0.	-0.40632	-6.7034e-003
6662	-0.1631	0.	-0.4077	-6.1873e-003
6663	-0.2344	0.	-0.47229	-4.2345e-003
6664	-0.19386	0.	-0.50337	-3.7648e-003
6665	-0.14585	0.	-0.44151	-4.7448e-003
6666	-0.22494	0.	-0.43497	-5.3071e-003
6667	-0.15913	0.	-0.47413	-3.9787e-003
6672	-1.0851	0.	-0.55208	7.5364e-004
6673	-1.0528	0.	-0.41732	1.2247e-003
6674	-1.0927	0.	-0.47811	9.1368e-004
6675	-1.0139	0.	-0.57453	7.6415e-004
6676	-0.97266	0.	-0.5145	1.0123e-003
6677	-0.99159	0.	-0.45033	1.2442e-003
6681	0.60523	0.	-0.40737	1.3367e-003
6682	0.66589	0.	-0.46511	9.5519e-004
6683	0.56115	0.	-0.56302	7.2839e-004
6684	0.64538	0.	-0.54318	7.3683e-004
6685	0.52141	0.	-0.46927	1.2163e-003
6690	-0.31245	0.	-0.74872	-8.5742e-004
6691	-0.25022	0.	-0.72869	-1.0908e-003
6692	-0.33054	0.	-0.82798	-5.7852e-004
6693	-0.20048	0.	-0.75561	-8.5787e-004
6694	-0.26391	0.	-0.86364	-4.8756e-004
6695	-0.21669	0.	-0.81582	-6.2366e-004
6698	-0.27449	0.	-0.30733	-1.3418e-002
6699	-0.28432	0.	-0.25958	-1.758e-002
6700	-0.23047	0.	-0.31688	-1.3284e-002
6701	-0.20622	0.	-0.27781	-1.5874e-002
6702	-0.22429	0.	-0.23715	-2.6561e-002
6703	-0.26481	0.	-0.23507	-2.6366e-002
6707	8.359e-003	0.	-0.18063	5.9958e-004
6708	3.2359e-002	0.	-0.15616	2.3209e-002
6709	8.592e-002	0.	-0.17706	1.6034e-002
6710	6.2218e-002	0.	-0.14525	3.3613e-002
6711	8.8912e-002	0.	-0.21823	8.4381e-003
6712	1.4536e-002	0.	-0.2172	3.4129e-003
6713	4.6923e-002	0.	-0.23013	6.0664e-003
6719	-0.52372	0.	-0.2413	5.5478e-003
6720	-0.46658	0.	-0.17878	1.0926e-002
6721	-0.4382	0.	-0.22139	-8.1928e-004
6722	-0.46458	0.	-0.24874	1.9539e-003
6723	-0.51848	0.	-0.20232	1.0665e-002
6724	-0.44811	0.	-0.19616	8.772e-004
6725	-0.49299	0.	-0.18111	1.6114e-002
6729	-0.80932	0.	-0.37285	2.3313e-003
6730	-0.75117	0.	-0.35208	3.1629e-003
6731	-0.69805	0.	-0.38918	2.3533e-003
6732	-0.77965	0.	-0.47212	1.7052e-003
6733	-0.7176	0.	-0.45334	1.4903e-003
6734	-0.80855	0.	-0.427	1.9702e-003
6738	0.28438	0.	-0.38942	2.2725e-003
6739	0.34858	0.	-0.47701	1.5613e-003
6740	0.38928	0.	-0.34616	2.6359e-003
6741	0.28401	0.	-0.44298	1.5847e-003
6742	0.39296	0.	-0.42751	1.853e-003
6743	0.32353	0.	-0.35782	2.9155e-003
6746	0.58752	0.	-0.7849	2.5179e-004
6747	0.43263	0.	-0.74982	2.8225e-004
6748	0.42792	0.	-0.82228	1.7197e-004
6749	0.55721	0.	-0.86767	1.6679e-004
6750	0.51275	0.	-0.71908	3.8757e-004
6751	0.48868	0.	-0.8783	1.4856e-004
6753	-0.89681	0.	-0.71279	4.297e-004
6754	-1.0175	0.	-0.77413	3.0698e-004
6755	-0.94715	0.	-0.85648	1.978e-004
6756	-0.84943	0.	-0.76128	2.4395e-004
6757	-0.96785	0.	-0.71326	4.3633e-004
6758	-0.8735	0.	-0.82271	1.9984e-004
6759	-1.0138	0.	-0.84746	2.1455e-004
6764	-0.32725	0.	-0.50933	-3.009e-003
6765	-0.35821	0.	-0.4765	-3.2056e-003
6766	-0.3412	0.	-0.55795	-2.2337e-003
6767	-0.4266	0.	-0.53532	-1.755e-003
6768	-0.38878	0.	-0.5661	-1.8565e-003
6769	-0.40251	0.	-0.49154	-2.1435e-003
6772	-0.10928	0.	-0.25272	-1.8519e-002
6773	-0.11132	0.	-0.32802	-9.3637e-003
6774	-0.12632	0.	-0.28757	-1.2469e-002
6775	-5.274e-002	0.	-0.26711	-7.6633e-003
6776	-4.6801e-002	0.	-0.30319	-6.9146e-003
6777	-8.0457e-002	0.	-0.25405	-1.1568e-002
6778	-7.2766e-002	0.	-0.32591	-8.0629e-003
6783	3.0935e-002	0.	-0.70024	-7.0252e-004
6784	0.15067	0.	-0.74879	-1.8097e-004
6785	6.009e-002	0.	-0.7944	-3.3156e-004
6786	2.8871e-002	0.	-0.75012	-4.7944e-004
6787	0.10992	0.	-0.79331	-2.3904e-004
6788	0.10054	0.	-0.696	-3.2297e-004
6792	1.0133e-002	0.	-0.6004	-9.919e-004
6793	-5.3738e-002	0.	-0.61267	-1.5232e-003
6794	-7.9368e-002	0.	-0.68861	-1.0165e-003
6795	-8.7091e-002	0.	-0.64362	-1.4278e-003
6796	-2.1473e-002	0.	-0.70582	-8.2296e-004
6797	5.0201e-002	0.	-0.65171	-6.665e-004
6802	-0.60404	0.	-0.87109	-4.7325e-005
6803	-0.47751	0.	-0.88877	-2.6043e-004
6804	-0.53173	0.	-0.8403	-2.1764e-004
6805	-0.5198	0.	-0.95534	-9.2123e-005
6806	-0.6196	0.	-0.93195	-4.5019e-005
6813	-1.24	0.	-0.82029	2.4955e-004
6814	-1.1877	0.	-0.75499	3.3854e-004
6815	-1.2093	0.	-0.67168	4.5738e-004
6816	-1.2927	0.	-0.65398	4.6828e-004
6817	-1.3043	0.	-0.79393	2.8493e-004
6824	0.76846	0.	-0.80299	2.4426e-004
6825	0.6458	0.	-0.85109	1.9137e-004
6826	0.60134	0.	-0.7025	4.1215e-004
6827	0.68557	0.	-0.68266	4.206e-004
6828	0.77177	0.	-0.7271	3.2271e-004
6829	0.7149	0.	-0.85659	1.9435e-004
6836	0.17676	0.	-0.41178	1.4453e-003
6837	0.22956	0.	-0.42656	1.675e-003
6838	0.22645	0.	-0.32308	4.0894e-003
6839	0.19766	0.	-0.34687	2.6454e-003
6840	0.26908	0.	-0.3414	3.0058e-003
6846	-0.6027	0.	-0.32159	4.0177e-003
6847	-0.61777	0.	-0.24729	7.3639e-003
6848	-0.51226	0.	-0.28253	1.9722e-003
6849	-0.56616	0.	-0.23612	1.0683e-002
6853	0.70412	0.	-0.3034	1.4743e-003
6854	0.58017	0.	-0.23385	2.4258e-003
6855	0.52722	0.	-0.30593	2.427e-003
6856	0.67538	0.	-0.38312	1.383e-003
6857	0.5309	0.	-0.38728	1.6441e-003
6858	0.66067	0.	-0.22762	1.7584e-003
6862	-1.0681	0.	-0.25572	1.9372e-003
6863	-0.99836	0.	-0.1551	3.1849e-003
6864	-1.1258	0.	-0.2045	1.8507e-003
6865	-1.1131	0.	-0.13449	2.1009e-003
6866	-1.012	0.	-0.2206	2.3696e-003
6870	-0.31283	0.	-0.29692	-1.3014e-002
6871	-0.35151	0.	-0.35356	-6.2354e-003
6872	-0.25898	0.	-0.35421	-8.7185e-003
6873	-0.32199	0.	-0.38735	-6.4462e-003
6874	-0.28158	0.	-0.38286	-7.3222e-003
6875	-0.33833	0.	-0.32047	-8.3544e-003
6880	-0.33967	0.	-0.22054	-1.9011e-002
6881	-0.36151	0.	-0.24223	-1.2172e-002
6882	-0.34817	0.	-0.27272	-1.2517e-002
6883	-0.30315	0.	-0.22465	-2.5962e-002
6888	-0.15119	0.	-0.18046	-4.1518e-002
6889	-0.13565	0.	-0.15542	-4.3755e-002
6890	-0.1863	0.	-0.17465	-4.6155e-002
6891	-0.20579	0.	-0.14058	-5.8608e-002
6892	-0.14099	0.	-0.13286	-5.8781e-002
6896	-0.30104	0.	-0.68747	-1.2194e-003
6897	-0.38135	0.	-0.78676	-7.0707e-004
6898	-0.43557	0.	-0.73829	-6.6429e-004
6899	-0.42688	0.	-0.68002	-7.9325e-004
6900	-0.33511	0.	-0.65021	-1.5411e-003
6901	-0.38269	0.	-0.65836	-1.1638e-003
6905	-2.4196e-002	0.	-0.55712	-1.4691e-003
6906	8.1636e-002	0.	-0.49771	-2.05e-004
6907	-5.4267e-003	0.	-0.51446	-1.7651e-003
6908	7.9743e-002	0.	-0.59616	-6.1236e-004
6909	3.3441e-002	0.	-0.49324	-1.199e-003
6914	-0.37552	0.	-0.15999	-2.1279e-002
6915	-0.37852	0.	-0.2136	-1.4007e-002
6916	-0.3368	0.	-0.16414	-3.938e-002
6917	-0.38843	0.	-0.18837	-1.231e-002
6918	-0.32016	0.	-0.19603	-2.7797e-002
6924	-0.18907	0.	-0.69435	-1.2199e-003
6925	-0.2184	0.	-0.61264	-2.0802e-003
6926	-0.27289	0.	-0.63018	-1.7746e-003
6927	-0.19679	0.	-0.64937	-1.6312e-003
6931	-0.7984	0.	-0.31464	3.257e-003
6932	-0.85579	0.	-0.38957	2.0643e-003
6933	-0.9045	0.	-0.36823	1.9834e-003
6934	-0.85148	0.	-0.28527	3.0689e-003
6935	-0.90958	0.	-0.30009	2.3963e-003
6939	0.46676	0.	-0.13023	4.8478e-003
6940	0.41381	0.	-0.20231	4.8491e-003
6941	0.34569	0.	-0.1636	6.5819e-003
6942	0.32433	0.	-0.10912	1.0658e-002
6947	-0.79058	0.	-0.63494	4.8081e-004
6948	-0.82613	0.	-0.59122	8.7069e-004
6949	-0.80766	0.	-0.69698	3.8239e-004
6950	-0.92608	0.	-0.64896	5.7477e-004
6951	-0.88482	0.	-0.58893	8.2296e-004
6956	0.36232	0.	-0.62318	6.3882e-004
6957	0.44245	0.	-0.59243	7.4414e-004
6958	0.29376	0.	-0.51415	9.6376e-004
6959	0.40271	0.	-0.49868	1.2321e-003
6960	0.30019	0.	-0.58366	6.7146e-004
6963	0.79646	0.	-0.48921	8.1153e-004
6964	0.77596	0.	-0.56729	5.9318e-004
6965	0.87277	0.	-0.47378	7.1653e-004
6966	0.86216	0.	-0.61173	4.9529e-004
6972	0.36161	0.	-0.77062	2.2701e-004
6973	0.44644	0.	-0.66742	4.4261e-004
6974	0.29318	0.	-0.72561	1.6717e-004
6975	0.30417	0.	-0.65865	3.6994e-004
6979	-7.6641e-003	0.	-0.14711	1.2831e-002
6980	-6.6489e-002	0.	-0.16871	-2.0059e-002
6981	-2.5487e-002	0.	-0.20815	-6.9649e-003
6982	-5.0151e-002	0.	-0.14967	-2.2306e-002
6983	-5.3204e-002	0.	-0.19508	-1.087e-002
6984	-2.5677e-002	0.	-0.14113	-8.4224e-003
6989	-1.2331	0.	-0.44118	8.4737e-004
6990	-1.309	0.	-0.49746	6.9822e-004
6991	-1.257	0.	-0.38838	9.8246e-004
6992	-1.3183	0.	-0.359	8.8757e-004
6994	-0.58019	0.	-0.79986	-1.7229e-004
6995	-0.63542	0.	-0.76861	-7.2196e-005
6996	-0.70639	0.	-0.78806	9.7336e-005
6997	-0.73046	0.	-0.84949	5.3226e-005
6998	-0.66806	0.	-0.89152	3.3614e-007
7002	-6.9242e-002	0.	-0.42725	-3.9656e-003
7003	-4.7933e-002	0.	-0.39133	-4.1074e-003
7004	-4.3516e-002	0.	-0.45221	-2.9281e-003
7005	-1.7176e-002	0.	-0.40001	-2.8854e-003
7006	-4.6488e-003	0.	-0.43098	-2.362e-003
7008	-0.42574	0.	-0.13906	-2.6946e-003
7009	-0.35564	0.	-0.13221	-3.9814e-002
7010	-0.41619	0.	-0.1209	2.5766e-003
7011	-0.40727	0.	-0.15643	-1.2744e-002
7015	-3.4555e-002	0.	-0.89582	-3.1421e-004
7016	-6.1134e-002	0.	-0.95692	-1.9552e-004
7017	2.0157e-002	0.	-0.89717	-2.2691e-004
7018	5.6114e-002	0.	-0.94864	-1.1022e-004
7022	0.29499	0.	-0.88579	6.115e-005
7023	0.22656	0.	-0.84078	1.313e-006
7024	0.28935	0.	-0.95243	2.4726e-005
7025	0.17194	0.	-0.93786	-3.2584e-005
7026	0.18581	0.	-0.8853	-5.6758e-005
7031	0.76478	0.	-0.36114	1.0928e-003
7032	0.75006	0.	-0.20565	1.4683e-003
7033	0.84109	0.	-0.34571	9.9785e-004
7034	0.83517	0.	-0.22256	1.1755e-003
7039	-0.47755	0.	-0.12158	3.8122e-002
7040	-0.44756	0.	-0.1319	2.1594e-002
7041	-0.43865	0.	-0.16744	6.2739e-003
7042	-0.48353	0.	-0.15239	2.1511e-002
7046	4.6195e-002	0.	-0.11173	4.5845e-002
7047	2.2088e-002	0.	-0.10179	6.2608e-002
7048	-1.677e-003	0.	-0.11665	1.4187e-002
7053	-0.76078	0.	-0.22229	5.5883e-003
7054	-0.68713	0.	-0.33098	3.2789e-003
7055	-0.70221	0.	-0.25668	6.6251e-003
7056	-0.79333	0.	-0.2645	3.9005e-003
7059	-0.14303	0.	-0.56362	-2.354e-003
7060	-0.12142	0.	-0.60034	-1.905e-003
7061	-6.9299e-002	0.	-0.52672	-2.2964e-003
7062	-0.1083	0.	-0.53438	-2.5678e-003
7066	0.16245	0.	-0.17197	1.7291e-002
7067	0.16544	0.	-0.21314	9.695e-003
7068	0.25246	0.	-0.19429	1.0023e-002
7069	0.18094	0.	-0.13455	2.5964e-002
7070	0.2311	0.	-0.1398	1.41e-002
7071	0.21221	0.	-0.22633	9.6536e-003
7075	-0.3705	0.	-0.39624	-3.8293e-003
7076	-0.42658	0.	-0.32621	-2.6201e-003
7077	-0.38685	0.	-0.32936	-5.7375e-003
7078	-0.4148	0.	-0.41128	-2.7672e-003
7082	-1.1487	0.	-0.83646	2.3371e-004
7083	-1.263	0.	-0.93158	1.126e-004
7084	-1.2653	0.	-0.87539	1.8009e-004
7085	-1.1451	0.	-0.90979	1.4128e-004
7090	-0.45366	0.	-0.81755	-3.8539e-004
7091	-0.33281	0.	-0.90168	-3.3722e-004
7092	-0.38524	0.	-0.92201	-2.9602e-004
7093	-0.44173	0.	-0.93259	-2.5987e-004
7100	-0.17572	0.	-0.36513	-8.0686e-003
7101	-0.19072	0.	-0.32469	-1.1174e-002
7102	-0.23756	0.	-0.3924	-7.1884e-003
7106	-0.49919	0.	-0.71081	-4.7157e-004
7107	-0.56311	0.	-0.73783	-2.4251e-004
7111	-0.14943	0.	-0.25077	-1.9814e-002
7112	-0.11685	0.	-0.19088	-2.8101e-002
7113	-0.16749	0.	-0.21011	-3.0501e-002
7114	-0.10357	0.	-0.21725	-1.8913e-002
7118	0.86945	0.	-0.90102	1.6311e-004
7119	0.86412	0.	-0.76177	2.906e-004
7120	0.80725	0.	-0.89126	1.6224e-004
7124	0.17639	0.	-0.46533	7.5746e-004
7125	0.14449	0.	-0.38565	1.7278e-003
7126	7.5401e-002	0.	-0.44608	-4.6619e-004
7130	-0.59107	0.	-0.41279	1.2505e-003
7131	-0.61063	0.	-0.47695	3.875e-004
7132	-0.51295	0.	-0.50258	-5.5359e-004
7133	-0.48885	0.	-0.4588	-9.4216e-004
7137	-0.85835	0.	-0.14224	5.543e-003
7138	-0.72273	0.	-0.1851	8.1249e-003
7139	-0.72846	0.	-0.13492	1.1706e-002
7140	-0.81386	0.	-0.19292	5.4002e-003
7145	9.9756e-002	0.	-0.13263	3.8669e-002
7146	0.12645	0.	-0.20561	1.3495e-002
7147	0.14196	0.	-0.12702	2.9763e-002
7152	5.1948e-002	0.	-9.0889e-002	7.3011e-002
7153	0.11825	0.	-9.5217e-002	4.7342e-002
7154	6.7326e-002	0.	-7.3626e-002	9.4548e-002
7160	-1.118	0.	-0.68785	4.4155e-004
7161	-1.0468	0.	-0.71029	4.5206e-004
7162	-1.0927	0.	-0.84449	2.3028e-004
7166	-0.15553	0.	-0.78149	-7.5267e-004
7167	-0.10493	0.	-0.78143	-7.328e-004
7168	-0.14705	0.	-0.67629	-1.3982e-003
7169	-8.1433e-002	0.	-0.73849	-7.9338e-004
7175	-1.1471	0.	-0.53056	7.2043e-004
7176	-1.223	0.	-0.58684	5.7128e-004
7177	-1.0683	0.	-0.62698	5.709e-004
7182	-0.5355	0.	-9.5071e-002	4.864e-002
7183	-0.56697	0.	-0.1471	2.658e-002
7184	-0.62431	0.	-0.10809	2.6841e-002
7185	-0.54148	0.	-0.12588	3.2029e-002
7186	-0.53331	0.	-7.3547e-002	7.8687e-002
7191	-0.48279	0.	-8.7229e-002	7.6731e-002
7192	-0.46799	0.	-0.10342	4.3393e-002
7193	-0.50396	0.	-0.12391	4.331e-002
7194	-0.49579	0.	-7.1572e-002	8.9968e-002
7199	0.49267	0.	-0.21441	3.0884e-003
7200	0.62612	0.	-0.1361	2.4198e-003
7205	0.37161	0.	-0.24778	4.8224e-003
7206	0.4434	0.	-0.36783	2.3067e-003
7207	0.37398	0.	-0.29814	3.3692e-003
7211	-0.76166	0.	-0.57767	7.8335e-004
7212	-0.69962	0.	-0.55889	5.6847e-004
7213	-0.67222	0.	-0.66398	1.2553e-004
7214	-0.74319	0.	-0.68343	2.9506e-004
7217	-0.21896	0.	-0.88952	-3.8236e-004
7218	-0.31861	0.	-0.95767	-2.0507e-004
7219	-0.19493	0.	-0.95056	-2.438e-004
7224	-1.3154	0.	-0.21129	1.0799e-003
7225	-1.248	0.	-0.18146	1.2642e-003
7226	-1.2353	0.	-0.11145	1.5144e-003
7232	-1.1148	0.	-0.3958	1.1914e-003
7233	-1.1388	0.	-0.343	1.3265e-003
7234	-1.0137	0.	-0.36802	1.5219e-003
7235	-1.1326	0.	-0.28378	1.416e-003
7236	-1.0188	0.	-0.29988	1.9348e-003
7240	-0.8909	0.	-0.18445	3.8552e-003
7241	-0.949	0.	-0.19926	3.1826e-003
7245	0.71554	0.	-0.51893	7.8317e-004
7246	0.81235	0.	-0.42542	9.0653e-004
7251	0.28848	0.	-0.79806	5.6888e-005
7252	0.41766	0.	-0.89909	9.3317e-005
7253	0.35127	0.	-0.90971	8.0301e-005
7257	-0.15146	0.	-0.32607	-1.0658e-002
7258	-0.11922	0.	-0.40033	-6.1099e-003
7259	-9.7914e-002	0.	-0.36441	-6.2517e-003
7262	-0.23853	0.	-0.52677	-3.1772e-003
7263	-0.31002	0.	-0.46286	-3.8435e-003
7264	-0.29302	0.	-0.54431	-2.8716e-003
7265	-0.26961	0.	-0.45837	-4.7195e-003
7269	-0.18453	0.	-0.24496	-2.4451e-002
7274	0.54695	0.	-0.94448	8.8141e-005
7275	0.68459	0.	-0.93936	1.0935e-004
7281	-8.4977e-002	0.	-0.14679	-3.2586e-002
7282	-8.8029e-002	0.	-0.19221	-2.115e-002
7283	-0.10665	0.	-0.14328	-4.5364e-002
7287	-0.42674	0.	-0.26263	-4.3949e-003
7288	-0.38701	0.	-0.26578	-7.5123e-003
7289	-0.41027	0.	-0.21005	-5.4716e-003
7293	-0.55441	0.	-0.67956	-3.7148e-004
7294	-0.48413	0.	-0.60011	-8.6963e-004
7295	-0.4463	0.	-0.63089	-9.7113e-004
7298	-0.25248	0.	-0.57539	-2.4019e-003
7299	-0.17638	0.	-0.59458	-2.2585e-003
7300	-0.16326	0.	-0.52861	-2.9214e-003
7304	0.6108	0.	-0.61684	5.5637e-004
7305	0.48682	0.	-0.54293	1.0359e-003
7309	0.78124	0.	-0.64144	4.6693e-004
7313	8.7453e-002	0.	-0.25868	3.5272e-003
7314	0.17621	0.	-0.25997	5.8574e-003
7315	0.14742	0.	-0.28376	4.4134e-003
7320	-0.24312	0.	-0.20222	-3.4943e-002
7321	-0.22209	0.	-0.17023	-4.7591e-002
7327	0.23105	0.	-0.68609	1.9981e-004
7328	0.17931	0.	-0.79757	-6.102e-005
7329	0.16993	0.	-0.70026	-1.4495e-004
7334	-0.88206	0.	-0.9021	1.0638e-004
7335	-1.0224	0.	-0.92685	1.211e-004
7336	-0.89314	0.	-0.95629	7.7445e-005
7342	-0.30057	0.	-0.42554	-4.9161e-003
7343	-0.38528	0.	-0.44507	-2.978e-003
7348	-0.65357	0.	-0.43224	1.6064e-003
7349	-0.64908	0.	-0.29378	5.8155e-003
7354	-0.73517	0.	-0.51517	9.5835e-004
7355	-0.82612	0.	-0.48884	1.4382e-003
7356	-0.8559	0.	-0.53166	1.1255e-003
7360	0.28213	0.	-0.15459	1.0632e-002
7361	0.26324	0.	-0.24111	6.1856e-003
7362	0.30586	0.	-0.25943	5.102e-003
7368	0.23561	0.	-0.54962	6.9487e-004
7375	-0.68931	0.	-0.72602	2.7109e-005
7380	-0.35454	0.	-0.60107	-1.719e-003
7385	-0.78434	0.	-0.8069	1.5253e-004
7390	-1.3371e-002	0.	-0.28079	-3.4029e-003
7391	-4.7027e-002	0.	-0.23165	-8.0565e-003
7392	1.3077e-002	0.	-0.25765	-1.4981e-003
7395	-1.2306	0.	-0.51287	7.3132e-004
7396	-1.1787	0.	-0.40379	1.0156e-003
7400	0.41202	0.	-0.96573	5.6893e-005
7409	2.195e-002	0.	-7.276e-002	0.14118
7410	4.3219e-002	0.	-6.3687e-002	0.11131
7418	-0.95586	0.	-0.5894	8.2959e-004
7422	-0.61254	0.	-0.20832	1.2481e-002
7423	-0.66988	0.	-0.1693	1.2743e-002
7428	0.18092	0.	-0.6333	5.781e-005
7435	-0.12113	0.	-0.84164	-4.9859e-004
7436	-0.14771	0.	-0.90274	-3.7991e-004
7440	-3.3397e-002	0.	-0.33959	-3.8025e-003
7441	1.9016e-002	0.	-0.29373	-7.4936e-004
7442	-2.6409e-003	0.	-0.34827	-2.5806e-003
7446	0.79173	0.	-0.14678	1.4597e-003
7451	-0.4134	0.	-0.29312	-4.7392e-003
7455	-4.4164e-002	0.	-0.11921	-2.095e-002
7456	-9.0314e-002	0.	-0.12424	-4.7612e-002
7460	-9.7102e-002	0.	-0.90268	-3.6004e-004
7461	-1.5811e-002	0.	-0.84292	-3.9143e-004
7462	-4.7031e-002	0.	-0.79864	-5.393e-004
7465	-0.30028	0.	-0.16825	-4.6332e-002
7466	-0.27926	0.	-0.13626	-5.8979e-002
7471	-0.43994	0.	-0.57845	-1.2402e-003
7472	-0.45367	0.	-0.50389	-1.5273e-003
7481	-0.61827	0.	-0.15814	1.6062e-002
7482	-0.53544	0.	-0.17593	2.125e-002
7487	0.8159	0.	-0.95462	1.1319e-004
7492	-0.42753	0.	-0.98858	-1.2772e-004
7495	-1.2638	0.	-0.32161	1.0558e-003
7496	-1.1964	0.	-0.29178	1.2401e-003
7504	-8.0671e-002	0.	-0.39822	-4.8091e-003
7505	-7.6255e-002	0.	-0.4591	-3.6299e-003
7506	-0.11526	0.	-0.46676	-3.9013e-003
7511	-0.81949	0.	-0.92252	7.9482e-005
7512	-0.74602	0.	-0.91036	5.5532e-005
7520	-1.3273	0.	-0.90522	1.4797e-004
7525	-0.45281	0.	-9.7556e-002	6.0203e-002
7526	-0.48061	0.	-6.5705e-002	0.10678
7527	-0.46243	0.	-7.3169e-002	0.16078
7531	-0.88481	0.	-0.48655	1.3905e-003
7532	-0.90373	0.	-0.42238	1.6223e-003
7534	-1.2576	0.	-0.26239	1.1452e-003
7560	-2.8606e-002	0.	-0.37098	-3.729e-003
7565	0.21061	0.	-9.4857e-002	2.6572e-002
7566	0.10953	0.	-6.8014e-002	8.5642e-002
7570	-0.93352	0.	-0.46521	1.3096e-003
7574	-0.95752	0.	-0.3329	1.9543e-003
7579	-1.1775	0.	-0.16255	1.5797e-003
7587	-0.90451	0.	-0.24994	3.0398e-003
7599	-0.26262	0.	-0.16815	-4.7396e-002
7612	7.4858e-002	0.	-0.89574	-1.8744e-004
7613	7.6818e-003	0.	-0.79998	-4.5201e-004
7614	8.8733e-002	0.	-0.84318	-2.1161e-004
7624	0.19419	0.	-0.29695	4.3719e-003
7625	0.26561	0.	-0.29147	4.7324e-003
7629	-1.1662e-002	0.	-0.46284	-2.0263e-003
7630	-8.9533e-002	0.	-0.49172	-2.8639e-003
7639	0.12469	0.	-0.89464	-9.4918e-005
7643	1.4678e-002	0.	-0.41064	-1.9836e-003
7668	-0.7571	0.	-0.96455	2.6592e-005
10701	-0.48842	0.	-4.0056e-002	0.17663
10702	-0.47024	0.	-4.752e-002	0.23062
10706	-0.47543	0.	-5.7512e-002	0.17401
10726	3.7328e-002	0.	-5.5496e-002	0.16271
10727	2.963e-002	0.	-4.732e-002	0.21318
10730	5.09e-002	0.	-3.8247e-002	0.18331
100	0.	0.	6.875e-002	0.22629
101	0.	0.	8.25e-002	5.9893e-002
102	-2.2e-002	0.	8.25e-002	2.3165e-003
103	-4.4e-002	0.	8.25e-002	-3.3485e-002
104	-8.8e-002	0.	8.25e-002	-5.7979e-002
105	-0.132	0.	8.25e-002	-7.7808e-002
106	-0.176	0.	8.25e-002	-7.9885e-002
107	-0.22	0.	8.25e-002	-8.0632e-002
108	-0.264	0.	8.25e-002	-8.0629e-002
109	-0.308	0.	8.25e-002	-7.3065e-002
110	-0.352	0.	8.25e-002	-6.4723e-002
111	-0.396	0.	8.25e-002	-3.1196e-002
112	-0.418	0.	8.25e-002	-4.0291e-003
113	-0.44	0.	6.875e-002	0.25479
114	-0.44	0.	8.25e-002	6.056e-002
115	-0.44	0.	5.5e-002	0.29169
126	0.	0.	5.5e-002	0.36553
481	0.1	0.	0.	9.2444e-002
482	0.2	0.	0.	2.9076e-002
483	0.3	0.	0.	1.2278e-002
484	0.4	0.	0.	6.3203e-003
485	0.5	0.	0.	4.0104e-003
486	0.6	0.	0.	2.573e-003
487	0.7	0.	0.	1.8757e-003
488	0.8	0.	0.	1.437e-003
489	0.9	0.	0.	1.2176e-003
490	-1.34	0.	0.	1.1735e-003
491	-1.24	0.	0.	1.463e-003
492	-1.14	0.	0.	1.7861e-003
493	-1.04	0.	0.	2.4177e-003
494	-0.94	0.	0.	4.0661e-003
495	-0.84	0.	0.	6.5557e-003
496	-0.74	0.	0.	1.0805e-002
497	-0.64	0.	0.	3.084e-002
498	-0.54	0.	0.	0.12126
542	-1.44	0.	9.8409e-002	1.1144e-003
543	-1.44	0.	0.19682	1.0255e-003
544	-1.44	0.	0.29523	9.6661e-004
545	-1.44	0.	0.39364	7.6743e-004
546	-1.44	0.	0.49205	6.5174e-004
547	-1.44	0.	0.59045	5.1736e-004
548	-1.44	0.	0.68886	4.0058e-004
549	-1.44	0.	0.78727	2.9326e-004
550	-1.44	0.	0.88568	1.6365e-004
551	-1.44	0.	0.98409	6.3348e-005
557	-1.3383	0.	1.0825	3.5076e-005
558	-1.2367	0.	1.0825	4.4037e-005
559	-1.135	0.	1.0825	4.2172e-005
560	-1.0333	0.	1.0825	3.6758e-005
561	-0.93167	0.	1.0825	2.5384e-005
562	-0.83	0.	1.0825	2.3797e-005
563	-0.72833	0.	1.0825	1.308e-005
564	-0.62667	0.	1.0825	-2.3471e-005
565	-0.525	0.	1.0825	-5.9746e-005
566	-0.42333	0.	1.0825	-5.9079e-005
567	-0.32167	0.	1.0825	-7.1755e-005
568	-0.22	0.	1.0825	-7.4857e-005
569	-0.11833	0.	1.0825	-7.9878e-005
570	-1.6667e-002	0.	1.0825	-7.1688e-005
571	8.5e-002	0.	1.0825	-3.1836e-005
572	0.18667	0.	1.0825	-1.0913e-005
573	0.28833	0.	1.0825	5.4688e-006
574	0.39	0.	1.0825	2.5402e-005
575	0.49167	0.	1.0825	4.092e-005
576	0.59333	0.	1.0825	6.0895e-005
577	0.695	0.	1.0825	5.3645e-005
578	0.79667	0.	1.0825	6.5911e-005
579	0.89833	0.	1.0825	3.7742e-005
585	1.	0.	0.98409	6.1524e-005
586	1.	0.	0.88568	1.636e-004
587	1.	0.	0.78727	2.7529e-004
588	1.	0.	0.68886	3.9843e-004
589	1.	0.	0.59045	5.1218e-004
590	1.	0.	0.49205	6.5068e-004
591	1.	0.	0.39364	7.7994e-004
592	1.	0.	0.29523	9.0613e-004
593	1.	0.	0.19682	1.0417e-003
594	1.	0.	9.8409e-002	1.1271e-003
595	0.	0.	0.	0.33146
596	-0.44	0.	0.	0.37694
602	1.	0.	0.	1.1378e-003
604	-1.44	0.	0.	1.1236e-003
607	-1.44	0.	1.0825	3.1237e-005
608	1.	0.	1.0825	3.e-005
609	-0.5878	0.	0.57683	-1.3907e-005
610	-0.51633	0.	0.3379	7.7616e-004
611	4.9647e-002	0.	0.33886	-7.6139e-004
612	-0.1932	0.	0.43527	-5.6271e-003
613	-1.0259	0.	0.50261	1.0773e-003
614	0.61001	0.	0.50357	8.6108e-004
615	-0.24483	0.	0.79095	-8.4914e-004
616	-0.25594	0.	0.27298	-1.7619e-002
617	-0.48075	0.	0.19598	1.0575e-002
618	4.7783e-002	0.	0.20369	8.6432e-003
619	-0.77883	0.	0.40584	2.0379e-003
620	0.32208	0.	0.41028	2.0541e-003
621	-0.91901	0.	0.80329	2.7603e-004
622	-0.37663	0.	0.53517	-2.223e-003
623	-9.4289e-002	0.	0.29604	-9.9421e-003
624	4.9997e-002	0.	0.95323	-1.3495e-004
625	-0.57828	0.	0.73853	-2.3082e-004
626	1.0854e-002	0.	0.62972	-8.5512e-004
627	-1.1154	0.	0.76995	3.1323e-004
628	0.84712	0.	0.73518	3.2799e-004
629	-0.67332	0.	0.35678	3.1748e-003
630	0.12641	0.	0.28467	4.6043e-003
631	-1.0547	0.	0.32538	1.5232e-003
632	-0.34573	0.	0.44473	-3.8894e-003
633	-0.33468	0.	0.29083	-1.1872e-002
634	0.35673	0.	0.83347	1.3035e-004
635	-0.19484	0.	0.22088	-2.8146e-002
636	0.33545	0.	0.67171	3.4585e-004
637	-1.3264e-002	0.	0.37417	-2.5742e-003
638	-0.19985	0.	0.57401	-2.1934e-003
639	0.37822	0.	0.1216	7.3905e-003
640	-0.82789	0.	0.11813	6.2153e-003
641	-0.80881	0.	0.52568	9.7525e-004
642	-8.2343e-002	0.	0.21878	-1.6303e-002
643	-1.2969	0.	0.53758	6.7129e-004
644	-0.32579	0.	0.22139	-2.2819e-002
645	0.7771	0.	0.5001	7.0142e-004
646	8.4487e-002	0.	0.73886	-3.3455e-004
647	-1.2335	0.	0.28143	1.2258e-003
648	0.83807	0.	0.26337	1.0854e-003
649	-0.45764	0.	0.12604	3.4267e-002
650	1.0604e-002	0.	0.14724	1.4799e-002
651	-0.35935	0.	0.16069	-2.2781e-002
652	-9.9202e-002	0.	0.55393	-2.4197e-003
653	-0.64054	0.	0.94199	-3.3321e-005
654	-0.64146	0.	0.17964	1.227e-002
655	-0.74274	0.	0.76723	1.3359e-004
656	-7.6736e-002	0.	0.16477	-2.3512e-002
657	-0.32468	0.	0.95991	-1.9227e-004
658	-0.47425	0.	0.63458	-8.8603e-004
659	-0.334	0.	0.65536	-1.3327e-003
660	0.76101	0.	0.90175	1.299e-004
661	5.5344e-002	0.	0.45166	-1.0955e-003
662	-0.42178	0.	0.7797	-5.328e-004
663	-0.10401	0.	0.83111	-5.1333e-004
664	-0.21082	0.	0.35719	-1.0636e-002
665	-0.13506	0.	0.17508	-3.904e-002
666	-0.13771	0.	0.72624	-9.9343e-004
667	-1.3007	0.	0.83797	2.3106e-004
668	-0.56756	0.	0.48087	5.275e-005
669	0.25437	0.	0.19654	9.5333e-003
670	0.13536	0.	0.17546	1.7257e-002
671	0.20641	0.	0.38527	1.8514e-003
672	-0.56157	0.	0.16604	2.0071e-002
673	-0.51792	0.	0.11217	4.873e-002
674	0.68882	0.	0.76396	2.9667e-004
675	-0.98563	0.	0.14233	2.7157e-003
676	-0.87972	0.	0.28649	3.2434e-003
677	0.55736	0.	0.16269	2.9797e-003
678	0.41419	0.	0.28785	3.7463e-003
679	-0.29202	0.	0.14686	-4.9515e-002
680	0.45073	0.	0.58868	6.5714e-004
681	-1.176	0.	0.44085	9.3414e-004
682	-0.79873	0.	0.93269	6.1472e-005
683	-0.14188	0.	0.37036	-7.5633e-003
684	0.15426	0.	0.8551	-1.0985e-004
685	-0.47718	0.	0.93853	-1.317e-004
686	-0.17627	0.	0.29104	-1.4192e-002
687	-1.052	0.	0.93623	1.1782e-004
688	-0.42506	0.	0.38458	-3.3294e-003
689	0.33044	0.	0.54187	8.209e-004
690	-0.41274	0.	0.30354	-4.8847e-003
691	-0.98736	0.	0.64724	5.1187e-004
692	-1.135	0.	0.597	6.3825e-004
693	-0.56917	0.	0.24757	6.4888e-003
694	0.5157	0.	0.93396	1.0598e-004
695	-0.4014	0.	0.22672	-7.1189e-003
696	-0.74348	0.	0.20911	6.2779e-003
697	-0.38279	0.	0.11761	-3.2716e-002
698	-0.67936	0.	0.47932	1.029e-003
699	-1.8158e-002	0.	0.24737	-4.5654e-003
700	-2.8965e-002	0.	0.45071	-2.7098e-003
701	0.44708	0.	0.44918	1.4924e-003
702	-0.88708	0.	0.44918	1.6703e-003
703	-0.46858	0.	8.3589e-002	0.10065
704	0.73528	0.	0.60533	5.322e-004
705	-4.0025e-002	0.	0.12126	-1.7797e-002
706	-0.19446	0.	0.14107	-5.6111e-002
707	0.15585	0.	0.47168	2.9525e-004
708	-0.25832	0.	0.50089	-3.5226e-003
709	0.21847	0.	0.73518	6.5676e-005
710	0.58671	0.	0.64834	5.2245e-004
711	-0.16397	0.	0.96271	-2.2647e-004
712	0.73161	0.	0.12302	1.7993e-003
713	-1.1466	0.	0.12987	1.8258e-003
714	-0.85346	0.	0.65868	4.3977e-004
715	0.2698	0.	0.31265	4.2692e-003
716	-0.92672	0.	0.96667	8.6098e-005
717	-0.27587	0.	0.3386	-9.4851e-003
718	-0.22584	0.	0.66245	-1.4634e-003
719	-1.3287	0.	0.40998	8.3935e-004
720	-0.25823	0.	0.19852	-3.3292e-002
721	-1.3181	0.	0.9644	1.1005e-004
722	-0.33636	0.	0.36375	-7.0026e-003
723	-3.2146e-002	0.	0.72985	-7.3816e-004
724	0.38467	0.	0.9789	4.481e-005
725	-1.3075	0.	0.68613	4.147e-004
726	-2.4137e-002	0.	0.18299	-7.2773e-003
727	-0.48807	0.	0.52261	-1.0041e-003
728	-0.26263	0.	0.41416	-5.9878e-003
729	-1.3168	0.	0.16368	1.1844e-003
730	0.87747	0.	0.14192	1.1995e-003
731	0.11343	0.	0.39412	7.4229e-004
732	0.88496	0.	0.96141	8.8507e-005
733	-0.41412	0.	0.15532	-3.8923e-003
734	-0.42096	0.	0.11109	7.5806e-003
735	6.6062e-002	0.	5.2724e-002	0.12065
736	0.23539	0.	9.5127e-002	1.7253e-002
737	-0.10211	0.	0.12575	-5.4871e-002
738	4.7976e-003	0.	0.53076	-1.191e-003
739	0.68216	0.	0.24885	1.8014e-003
740	-0.14248	0.	0.23754	-2.2041e-002
741	0.24777	0.	0.96215	3.4341e-006
742	0.7175	0.	0.38644	1.1116e-003
743	-0.73926	0.	0.60507	4.4855e-004
744	0.25172	0.	0.63305	1.756e-004
745	-1.193	0.	0.94559	1.0761e-004
746	0.88917	0.	0.57409	5.486e-004
747	2.9505e-002	0.	7.0625e-002	0.1595
748	0.88477	0.	0.42087	7.7914e-004
749	-0.60018	0.	8.9929e-002	3.8186e-002
750	0.20179	0.	0.55756	3.8067e-004
751	-0.1469	0.	0.12476	-6.8512e-002
752	6.7514e-003	0.	0.10787	3.6591e-002
753	-0.24083	0.	0.12573	-6.3256e-002
754	9.4047e-002	0.	0.55187	-3.4832e-004
755	-0.48265	0.	0.26531	1.5967e-003
756	-0.59298	0.	0.39905	1.4796e-003
757	3.5662e-002	0.	0.27723	1.2169e-003
758	-0.70072	0.	0.10016	1.5331e-002
759	-0.28451	0.	0.58102	-2.2721e-003
760	1.3225e-002	0.	0.84126	-3.5836e-004
761	0.88957	0.	0.84903	2.1724e-004
762	0.54696	0.	0.36862	1.844e-003
763	0.6337	0.	0.93004	1.0749e-004
764	-0.66288	0.	0.26045	6.0241e-003
765	-0.91486	0.	0.55599	8.75e-004
766	-5.9966e-002	0.	0.95206	-2.1545e-004
767	0.14329	0.	0.98118	-4.2056e-005
768	-0.10081	0.	0.64709	-1.2939e-003
769	0.24332	0.	0.47333	1.0177e-003
770	-0.60294	0.	0.32035	3.4742e-003
771	0.13769	0.	7.0827e-002	4.3542e-002
772	-0.11758	0.	0.45088	-4.1496e-003
773	-1.9359e-002	0.	0.31427	-3.6533e-003
774	-0.49784	0.	0.42908	-9.1514e-004
775	0.44968	0.	0.70871	3.4257e-004
776	0.14293	0.	0.64183	-2.0497e-004
777	-0.74823	0.	0.30979	3.7084e-003
778	-0.42513	0.	0.46162	-2.1269e-003
779	-0.17254	0.	0.50708	-3.4808e-003
780	0.55057	0.	0.8073	2.7588e-004
781	-7.4359e-002	0.	0.37677	-4.7469e-003
782	6.1797e-002	0.	0.12022	4.1602e-002
783	-0.33941	0.	0.11905	-5.6784e-002
1441	-0.45657	0.	6.4801e-002	0.19526
1442	-0.49574	0.	5.374e-002	0.10493
1443	-0.48323	0.	3.0206e-002	0.22937
2600	0.	0.	7.5625e-002	0.14309
2601	0.	0.	6.1875e-002	0.29591
2603	1.4753e-002	0.	6.9688e-002	0.1929
2604	-1.1e-002	0.	8.25e-002	3.1105e-002
2606	1.4753e-002	0.	7.6563e-002	0.1097
2607	3.3757e-003	0.	9.5187e-002	4.8242e-002
2609	-3.3e-002	0.	8.25e-002	-1.5584e-002
2611	-3.1013e-002	0.	0.10188	-7.7403e-003
2612	-7.6243e-003	0.	9.5187e-002	1.9454e-002
2614	-6.6e-002	0.	8.25e-002	-4.5732e-002
2616	-4.2013e-002	0.	0.10188	-2.5641e-002
2619	-0.11	0.	8.25e-002	-6.7894e-002
2621	-6.4013e-002	0.	0.10188	-3.7888e-002
2622	-9.5057e-002	0.	0.10412	-5.6425e-002
2624	-0.154	0.	8.25e-002	-7.8846e-002
2626	-0.11706	0.	0.10412	-6.6339e-002
2627	-0.13945	0.	0.10363	-7.316e-002
2629	-0.198	0.	8.25e-002	-8.0258e-002
2631	-0.18523	0.	0.11179	-6.7998e-002
2632	-0.16145	0.	0.10363	-7.4198e-002
2635	-0.242	0.	8.25e-002	-8.0631e-002
2637	-0.20723	0.	0.11179	-6.8372e-002
2638	-0.23041	0.	0.10412	-7.1944e-002
2641	-0.286	0.	8.25e-002	-7.6847e-002
2643	-0.27801	0.	0.11468	-6.5072e-002
2644	-0.25241	0.	0.10412	-7.1943e-002
2647	-0.33	0.	8.25e-002	-6.8894e-002
2649	-0.30001	0.	0.11468	-6.129e-002
2650	-0.3237	0.	0.10077	-6.4925e-002
2654	-0.374	0.	8.25e-002	-4.7959e-002
2656	-0.3674	0.	0.10006	-4.872e-002
2657	-0.3457	0.	0.10077	-6.0754e-002
2660	-0.407	0.	8.25e-002	-1.7612e-002
2662	-0.3894	0.	0.10006	-3.1956e-002
2663	-0.40848	0.	9.6796e-002	-1.1808e-002
2666	-0.429	0.	8.25e-002	2.8265e-002
2668	-0.41948	0.	9.6796e-002	1.7757e-003
2670	-0.44	0.	7.5625e-002	0.15768
2671	-0.44	0.	6.1875e-002	0.27324
2673	-0.44828	0.	6.6776e-002	0.22503
2676	-0.44882	0.	0.10427	4.7414e-002
2677	-0.45429	0.	8.3044e-002	8.0603e-002
2678	-0.43048	0.	9.6796e-002	3.407e-002
2679	-0.44828	0.	7.3651e-002	0.12791
2684	-0.44	0.	2.75e-002	0.33432
2685	-0.44828	0.	5.9901e-002	0.24348
2686	-0.46161	0.	4.2603e-002	0.26053
2748	0.	0.	2.75e-002	0.3485
2749	1.4753e-002	0.	6.2812e-002	0.26252
4841	0.15	0.	0.	6.076e-002
4842	5.e-002	0.	0.	0.21195
4843	8.3031e-002	0.	2.6362e-002	0.10655
4844	0.11884	0.	3.5414e-002	6.7993e-002
4853	0.25	0.	0.	2.0677e-002
4854	0.2177	0.	4.7563e-002	2.3164e-002
4855	0.16884	0.	3.5414e-002	3.6309e-002
4863	0.35	0.	0.	9.2994e-003
4864	0.33911	0.	6.0801e-002	9.8345e-003
4865	0.2677	0.	4.7563e-002	1.4766e-002
4871	0.45	0.	0.	5.1654e-003
4872	0.38911	0.	6.0801e-002	6.8554e-003
4877	0.55	0.	0.	3.2917e-003
4878	0.43911	0.	6.0801e-002	5.7005e-003
4879	0.52868	0.	8.1345e-002	3.4951e-003
4887	0.65	0.	0.	2.2243e-003
4888	0.57868	0.	8.1345e-002	2.7764e-003
4889	0.66581	0.	6.1509e-002	2.1862e-003
4895	0.75	0.	0.	1.6563e-003
4896	0.71581	0.	6.1509e-002	1.8375e-003
4901	0.85	0.	0.	1.3273e-003
4902	0.76581	0.	6.1509e-002	1.6182e-003
4903	0.83873	0.	7.0961e-002	1.3183e-003
4911	0.95	0.	4.9205e-002	1.1723e-003
4912	0.95	0.	0.	1.1777e-003
4913	0.88873	0.	7.0961e-002	1.2086e-003
4919	-1.29	0.	0.	1.3183e-003
4920	-1.39	0.	4.9205e-002	1.144e-003
4921	-1.39	0.	0.	1.1486e-003
4922	-1.3284	0.	8.1842e-002	1.179e-003
4927	-1.19	0.	0.	1.6245e-003
4928	-1.1933	0.	6.4935e-002	1.6444e-003
4929	-1.2784	0.	8.1842e-002	1.3237e-003
4936	-1.09	0.	0.	2.1019e-003
4937	-1.1433	0.	6.4935e-002	1.8059e-003
4942	-0.99	0.	0.	3.2419e-003
4943	-1.0128	0.	7.1163e-002	2.5667e-003
4944	-1.0933	0.	6.4935e-002	2.1217e-003
4950	-0.89	0.	0.	5.3109e-003
4951	-0.88395	0.	5.9063e-002	5.1407e-003
4952	-0.96281	0.	7.1163e-002	3.3909e-003
4959	-0.79	0.	0.	8.6803e-003
4960	-0.83395	0.	5.9063e-002	6.3855e-003
4964	-0.69	0.	0.	2.0822e-002
4965	-0.78395	0.	5.9063e-002	8.5101e-003
4966	-0.72036	0.	5.0082e-002	1.3068e-002
4973	-0.59	0.	0.	7.6052e-002
4974	-0.62009	0.	4.4964e-002	3.4513e-002
4975	-0.67036	0.	5.0082e-002	2.3086e-002
4985	-0.49	0.	0.	0.2491
4986	-0.57009	0.	4.4964e-002	7.9725e-002
4992	-0.51787	0.	2.687e-002	0.1131
4993	-0.51161	0.	1.5103e-002	0.17532
5235	-1.44	0.	0.14761	1.0699e-003
5236	-1.44	0.	4.9205e-002	1.119e-003
5237	-1.3784	0.	0.13105	1.1494e-003
5240	-1.44	0.	0.24602	9.9603e-004
5241	-1.3784	0.	0.18025	1.1049e-003
5243	-1.44	0.	0.34443	8.6702e-004
5244	-1.3368	0.	0.28833	1.0962e-003
5245	-1.3843	0.	0.35261	9.0298e-004
5246	-1.3784	0.	0.22946	1.0755e-003
5250	-1.44	0.	0.44284	7.0958e-004
5251	-1.3843	0.	0.40181	8.0339e-004
5254	-1.44	0.	0.54125	5.8455e-004
5255	-1.3684	0.	0.51481	6.6152e-004
5256	-1.3843	0.	0.45102	7.4555e-004
5258	-1.44	0.	0.63966	4.5897e-004
5259	-1.3684	0.	0.56402	5.9433e-004
5260	-1.3737	0.	0.63829	4.6603e-004
5264	-1.44	0.	0.73807	3.4692e-004
5265	-1.3737	0.	0.6875	4.0764e-004
5267	-1.44	0.	0.83648	2.2846e-004
5268	-1.3703	0.	0.81262	2.6216e-004
5269	-1.3737	0.	0.7367	3.5398e-004
5273	-1.44	0.	0.93489	1.135e-004
5274	-1.3703	0.	0.86183	1.9735e-004
5275	-1.379	0.	0.92504	1.3685e-004
5279	-1.3892	0.	1.0333	4.9212e-005
5280	-1.44	0.	1.0333	4.7292e-005
5281	-1.379	0.	0.97424	8.6697e-005
5310	-1.2875	0.	1.0825	3.9557e-005
5311	-1.3892	0.	1.0825	3.3157e-005
5312	-1.3282	0.	1.0234	7.2561e-005
5316	-1.1858	0.	1.0825	4.3104e-005
5317	-1.2774	0.	1.0234	7.7041e-005
5318	-1.2148	0.	1.014	7.5825e-005
5322	-1.0842	0.	1.0825	3.9465e-005
5323	-1.0935	0.	1.0094	7.9996e-005
5324	-1.164	0.	1.014	7.4892e-005
5326	-0.9825	0.	1.0825	3.1071e-005
5327	-1.0427	0.	1.0094	7.7289e-005
5328	-0.98003	0.	1.0246	6.1428e-005
5331	-0.88083	0.	1.0825	2.459e-005
5332	-0.92919	0.	1.0246	5.5741e-005
5335	-0.77917	0.	1.0825	1.8438e-005
5336	-0.81437	0.	1.0076	4.2634e-005
5337	-0.87836	0.	1.0246	5.4948e-005
5339	-0.6775	0.	1.0825	-5.1957e-006
5340	-0.68444	0.	1.0122	-1.012e-005
5341	-0.76353	0.	1.0076	3.7276e-005
5345	-0.57583	0.	1.0825	-4.1609e-005
5346	-0.6336	0.	1.0122	-2.8396e-005
5351	-0.47417	0.	1.0825	-5.9412e-005
5352	-0.58277	0.	1.0122	-4.6533e-005
5353	-0.50109	0.	1.0105	-9.5721e-005
5356	-0.3725	0.	1.0825	-6.5417e-005
5357	-0.37401	0.	1.0212	-1.2567e-004
5358	-0.45025	0.	1.0105	-9.5387e-005
5361	-0.27083	0.	1.0825	-7.3306e-005
5362	-0.32317	0.	1.0212	-1.3201e-004
5365	-0.16917	0.	1.0825	-7.7368e-005
5366	-0.27234	0.	1.0212	-1.3356e-004
5367	-0.19198	0.	1.0226	-1.5067e-004
5369	-6.75e-002	0.	1.0825	-7.5783e-005
5370	-0.14115	0.	1.0226	-1.5318e-004
5371	-8.915e-002	0.	1.0173	-1.4767e-004
5375	3.4167e-002	0.	1.0825	-5.1762e-005
5376	1.6665e-002	0.	1.0179	-1.0332e-004
5377	-3.8316e-002	0.	1.0173	-1.4357e-004
5381	0.13583	0.	1.0825	-2.1374e-005
5382	6.7498e-002	0.	1.0179	-8.3395e-005
5383	0.11414	0.	1.0318	-3.6946e-005
5385	0.2375	0.	1.0825	-2.722e-006
5386	0.21722	0.	1.0223	-3.7393e-006
5387	0.16498	0.	1.0318	-2.6484e-005
5391	0.33917	0.	1.0825	1.5435e-005
5392	0.3365	0.	1.0307	2.514e-005
5393	0.26805	0.	1.0223	4.4515e-006
5397	0.44083	0.	1.0825	3.3161e-005
5398	0.38734	0.	1.0307	3.5106e-005
5403	0.5425	0.	1.0825	5.0908e-005
5404	0.50368	0.	1.0082	7.3451e-005
5405	0.43817	0.	1.0307	4.2865e-005
5408	0.64417	0.	1.0825	5.727e-005
5409	0.55451	0.	1.0082	8.3439e-005
5410	0.61352	0.	1.0063	8.4193e-005
5415	0.74583	0.	1.0825	5.9778e-005
5416	0.728	0.	0.99213	9.1775e-005
5417	0.66435	0.	1.0063	8.0568e-005
5419	0.8475	0.	1.0825	5.1826e-005
5420	0.77884	0.	0.99213	9.7908e-005
5421	0.84081	0.	1.022	7.7209e-005
5426	0.94917	0.	1.0333	4.9633e-005
5427	0.94917	0.	1.0825	3.3871e-005
5428	0.89165	0.	1.022	6.3124e-005
5459	1.	0.	0.93489	1.1256e-004
5460	1.	0.	1.0333	4.5762e-005
5461	0.94248	0.	0.97275	7.5015e-005
5464	1.	0.	0.83648	2.1945e-004
5465	0.94248	0.	0.92355	1.2605e-004
5466	0.94479	0.	0.86736	1.9042e-004
5470	1.	0.	0.73807	3.3686e-004
5471	0.92356	0.	0.76123	3.0164e-004
5472	0.94479	0.	0.81815	2.4627e-004
5476	1.	0.	0.63966	4.5531e-004
5477	0.92356	0.	0.71202	3.6321e-004
5478	0.94458	0.	0.63148	4.7352e-004
5480	1.	0.	0.54125	5.8143e-004
5481	0.94458	0.	0.58227	5.3039e-004
5484	1.	0.	0.44284	7.1531e-004
5485	0.94458	0.	0.53307	5.9964e-004
5486	0.94239	0.	0.45646	7.1491e-004
5488	1.	0.	0.34443	8.4303e-004
5489	0.94239	0.	0.40725	7.7954e-004
5492	1.	0.	0.24602	9.7392e-004
5493	0.91903	0.	0.2793	9.9578e-004
5494	0.94239	0.	0.35805	8.4263e-004
5496	1.	0.	0.14761	1.0844e-003
5497	0.91903	0.	0.23009	1.0636e-003
5498	0.93873	0.	0.16937	1.1206e-003
5502	1.	0.	4.9205e-002	1.1324e-003
5503	0.93873	0.	0.12017	1.1633e-003
5506	3.3031e-002	0.	2.6362e-002	0.22605
5507	1.4753e-002	0.	3.5312e-002	0.24548
5520	-0.46161	0.	1.5103e-002	0.30315
5537	-0.58304	0.	0.65768	-1.2236e-004
5538	-0.53103	0.	0.60571	-4.4997e-004
5539	-0.57768	0.	0.52885	1.9421e-005
5540	-0.63358	0.	0.52807	5.0753e-004
5541	-0.53793	0.	0.54972	-5.09e-004
5542	-0.66353	0.	0.59095	2.1732e-004
5547	-0.4707	0.	0.36124	-1.2766e-003
5548	-0.46453	0.	0.32072	-2.0543e-003
5549	-0.54275	0.	0.29274	3.6325e-003
5550	-0.49949	0.	0.30161	1.1864e-003
5551	-0.55466	0.	0.36848	1.1279e-003
5552	-0.55963	0.	0.32913	2.1252e-003
5553	-0.50709	0.	0.38349	-6.949e-005
5559	8.8029e-002	0.	0.31177	1.9214e-003
5560	1.8191e-002	0.	0.35652	-1.6678e-003
5561	5.2495e-002	0.	0.39526	-9.2845e-004
5562	8.154e-002	0.	0.36649	-9.5508e-006
5563	4.2654e-002	0.	0.30805	2.2774e-004
5564	1.5144e-002	0.	0.32657	-2.2073e-003
5568	-0.20201	0.	0.39623	-8.1314e-003
5569	-0.16754	0.	0.40281	-6.5952e-003
5570	-0.22576	0.	0.46808	-4.5748e-003
5571	-0.22791	0.	0.42471	-5.8074e-003
5572	-0.15539	0.	0.44307	-4.8884e-003
5573	-0.18287	0.	0.47117	-4.5539e-003
5576	-1.0403	0.	0.41399	1.3002e-003
5577	-1.1009	0.	0.47173	1.0057e-003
5578	-1.0066	0.	0.57492	7.9459e-004
5579	-1.0804	0.	0.5498	8.5778e-004
5580	-0.95647	0.	0.47589	1.3738e-003
5581	-0.97036	0.	0.5293	9.7616e-004
5586	0.69356	0.	0.50183	7.8125e-004
5587	0.53037	0.	0.54613	7.5911e-004
5588	0.52855	0.	0.47637	1.1767e-003
5589	0.67265	0.	0.55445	6.9664e-004
5590	0.59836	0.	0.57596	6.9176e-004
5591	0.66375	0.	0.44501	9.8633e-004
5592	0.57849	0.	0.4361	1.3526e-003
5597	-0.28475	0.	0.87543	-5.2071e-004
5598	-0.28941	0.	0.72316	-1.0909e-003
5599	-0.3333	0.	0.78532	-6.9097e-004
5600	-0.17442	0.	0.81103	-6.8124e-004
5601	-0.19127	0.	0.75859	-9.2128e-004
5602	-0.2044	0.	0.87683	-5.3781e-004
5603	-0.23533	0.	0.7267	-1.1563e-003
5610	-0.29531	0.	0.2819	-1.4746e-002
5611	-0.22539	0.	0.24693	-2.2882e-002
5612	-0.29086	0.	0.24718	-2.0219e-002
5613	-0.23338	0.	0.31509	-1.4127e-002
5614	-0.2161	0.	0.28201	-1.5906e-002
5615	-0.26591	0.	0.30579	-1.3552e-002
5616	-0.25708	0.	0.23575	-2.5456e-002
5620	-0.46919	0.	0.16101	2.2421e-002
5621	-0.52116	0.	0.18101	1.5323e-002
5622	-0.49934	0.	0.15407	2.9653e-002
5623	-0.52496	0.	0.22178	8.532e-003
5624	-0.44108	0.	0.21135	1.7281e-003
5625	-0.44744	0.	0.17565	3.3414e-003
5626	-0.4817	0.	0.23065	6.0859e-003
5631	8.7097e-002	0.	0.24418	6.6237e-003
5632	2.9194e-002	0.	0.17546	1.1721e-002
5633	9.1574e-002	0.	0.18958	1.295e-002
5634	1.4812e-002	0.	0.22553	2.0389e-003
5635	1.1823e-002	0.	0.19334	6.8296e-004
5636	4.1723e-002	0.	0.24046	4.93e-003
5637	5.479e-002	0.	0.16196	2.5123e-002
5642	-0.72607	0.	0.38131	2.6063e-003
5643	-0.79382	0.	0.46576	1.5065e-003
5644	-0.82928	0.	0.34616	2.6406e-003
5645	-0.7291	0.	0.44258	1.5334e-003
5646	-0.83296	0.	0.42751	1.8541e-003
5647	-0.76353	0.	0.35782	2.8731e-003
5651	0.26425	0.	0.39778	1.9527e-003
5652	0.36813	0.	0.34907	2.9002e-003
5653	0.32626	0.	0.47608	1.4375e-003
5654	0.38458	0.	0.42973	1.7732e-003
5655	0.29594	0.	0.36147	3.1616e-003
5656	0.2827	0.	0.44181	1.5359e-003
5660	-1.0172	0.	0.78662	2.9463e-004
5661	-0.83088	0.	0.78526	2.0481e-004
5662	-0.85887	0.	0.86799	1.6875e-004
5663	-0.98549	0.	0.86976	1.9692e-004
5664	-0.95318	0.	0.72526	3.9395e-004
5665	-0.88623	0.	0.73099	3.579e-004
5666	-0.92287	0.	0.88498	1.8106e-004
5670	-0.36118	0.	0.48995	-3.0562e-003
5671	-0.42544	0.	0.58488	-1.5545e-003
5672	-0.35531	0.	0.59527	-1.7778e-003
5673	-0.31747	0.	0.51803	-2.8728e-003
5674	-0.43235	0.	0.52889	-1.6136e-003
5675	-0.33057	0.	0.55809	-2.2475e-003
5676	-0.40088	0.	0.4984	-2.1749e-003
5680	-8.8316e-002	0.	0.25741	-1.3122e-002
5681	-0.11809	0.	0.3332	-8.7527e-003
5682	-0.13528	0.	0.29354	-1.2067e-002
5683	-5.6224e-002	0.	0.27171	-7.2538e-003
5684	-0.11838	0.	0.26679	-1.5991e-002
5685	-5.6824e-002	0.	0.30516	-6.7977e-003
5686	-8.4324e-002	0.	0.33641	-7.3445e-003
5690	0.10213	0.	0.90417	-1.224e-004
5691	3.1611e-002	0.	0.89724	-2.4666e-004
5692	-4.9847e-003	0.	0.95265	-1.752e-004
5693	9.6643e-002	0.	0.9672	-8.8505e-005
5699	-0.60941	0.	0.84026	-1.3207e-004
5700	-0.66051	0.	0.75288	-4.8617e-005
5701	-0.52627	0.	0.68656	-5.5843e-004
5702	-0.50003	0.	0.75911	-3.8181e-004
5703	-0.52773	0.	0.83853	-1.8126e-004
5704	-0.65877	0.	0.6718	1.0886e-004
5710	4.7671e-002	0.	0.68429	-5.9483e-004
5711	-4.4174e-002	0.	0.59182	-1.6374e-003
5712	-1.0646e-002	0.	0.67978	-7.9664e-004
5713	7.8257e-003	0.	0.58024	-1.0231e-003
5714	5.245e-002	0.	0.59079	-6.0172e-004
5715	-4.4979e-002	0.	0.6384	-1.0745e-003
5716	7.6891e-002	0.	0.63577	-5.3005e-004
5720	-1.2081	0.	0.80396	2.7214e-004
5721	-1.0837	0.	0.85309	2.1553e-004
5722	-1.0514	0.	0.7086	4.1255e-004
5723	-1.1252	0.	0.68348	4.7574e-004
5724	-1.2115	0.	0.72804	3.6396e-004
5725	-1.1542	0.	0.85777	2.1042e-004
5729	0.80406	0.	0.81847	2.2895e-004
5730	0.76797	0.	0.74957	3.1233e-004
5731	0.7912	0.	0.67025	4.301e-004
5732	0.86814	0.	0.65464	4.383e-004
5733	0.86834	0.	0.79211	2.7262e-004
5738	-0.67634	0.	0.41805	2.1019e-003
5739	-0.63315	0.	0.37791	2.3272e-003
5740	-0.6681	0.	0.30861	4.5995e-003
5741	-0.63813	0.	0.33856	3.3245e-003
5742	-0.71077	0.	0.33328	3.4416e-003
5746	0.19039	0.	0.24061	7.0688e-003
5747	0.13089	0.	0.23007	1.0931e-002
5748	0.16641	0.	0.33497	3.2278e-003
5749	0.19811	0.	0.29866	4.4367e-003
5750	0.11992	0.	0.3394	2.6733e-003
5751	8.1037e-002	0.	0.28095	2.9106e-003
5756	-1.1441	0.	0.3034	1.3745e-003
5757	-1.0202	0.	0.23385	2.1194e-003
5758	-0.96722	0.	0.30593	2.3833e-003
5759	-1.1154	0.	0.38312	1.2287e-003
5760	-0.9709	0.	0.38728	1.5967e-003
5761	-1.1007	0.	0.22762	1.6745e-003
5767	-0.38539	0.	0.41465	-3.6094e-003
5768	-0.30202	0.	0.47281	-3.706e-003
5769	-0.34104	0.	0.40424	-5.446e-003
5770	-0.30418	0.	0.42944	-4.9386e-003
5771	-0.38543	0.	0.45317	-3.0081e-003
5775	-0.33023	0.	0.25611	-1.7345e-002
5776	-0.37371	0.	0.29719	-8.3783e-003
5777	-0.36804	0.	0.25878	-9.4954e-003
5778	-0.30528	0.	0.31472	-1.0678e-002
5779	-0.33552	0.	0.32729	-9.4373e-003
5784	0.34609	0.	0.75259	2.381e-004
5785	0.2555	0.	0.84429	1.0251e-005
5786	0.43621	0.	0.88371	1.1817e-004
5787	0.2876	0.	0.78433	9.8012e-005
5788	0.3707	0.	0.90619	8.758e-005
5789	0.30225	0.	0.89781	6.6892e-005
5790	0.4032	0.	0.77109	2.3646e-004
5791	0.45365	0.	0.82038	2.0311e-004
5796	-0.16495	0.	0.19798	-3.3593e-002
5797	-0.18555	0.	0.25596	-2.1169e-002
5798	-0.19465	0.	0.18098	-4.2128e-002
5799	-0.22653	0.	0.2097	-3.0719e-002
5800	-0.16866	0.	0.22921	-2.5093e-002
5803	0.39309	0.	0.6302	5.0149e-004
5804	0.33294	0.	0.60679	5.8337e-004
5805	0.27696	0.	0.70345	2.0576e-004
5806	0.29358	0.	0.65238	2.6072e-004
5807	0.39256	0.	0.69021	3.4421e-004
5811	2.104e-002	0.	0.41291	-1.8348e-003
5812	-2.1114e-002	0.	0.41244	-2.642e-003
5813	-1.6311e-002	0.	0.34422	-3.1137e-003
5814	-4.3811e-002	0.	0.37547	-3.6605e-003
5816	-0.14952	0.	0.56397	-2.3065e-003
5817	-0.22908	0.	0.53745	-2.858e-003
5818	-0.21284	0.	0.61823	-1.8284e-003
5819	-0.24218	0.	0.57752	-2.2327e-003
5820	-0.15033	0.	0.61055	-1.7437e-003
5821	-0.1862	0.	0.54054	-2.8371e-003
5825	0.31629	0.	0.15907	8.4619e-003
5826	0.46779	0.	0.14215	5.1851e-003
5827	0.3962	0.	0.20473	5.5684e-003
5828	0.3068	0.	0.10836	1.2322e-002
5832	-0.90676	0.	0.13023	4.4655e-003
5833	-0.85381	0.	0.20231	4.7294e-003
5834	-0.78569	0.	0.16362	6.2466e-003
5835	-0.7643	0.	0.10914	1.0773e-002
5840	-0.74409	0.	0.5025	1.0021e-003
5841	-0.84795	0.	0.48743	1.3228e-003
5842	-0.83113	0.	0.59218	7.0751e-004
5843	-0.77404	0.	0.56538	7.119e-004
5844	-0.86184	0.	0.54083	9.2513e-004
5850	-7.954e-002	0.	0.19178	-1.9908e-002
5851	-0.1087	0.	0.19693	-2.7671e-002
5852	-5.0251e-002	0.	0.23308	-1.0434e-002
5853	-5.324e-002	0.	0.20089	-1.179e-002
5854	-0.11241	0.	0.22816	-1.9172e-002
5858	-1.2365	0.	0.48921	8.0271e-004
5859	-1.216	0.	0.56729	6.5477e-004
5860	-1.3128	0.	0.47378	7.5532e-004
5861	-1.3022	0.	0.61185	5.4299e-004
5866	-0.34257	0.	0.19104	-2.28e-002
5867	-0.3089	0.	0.18412	-3.6167e-002
5868	-0.3636	0.	0.22405	-1.4969e-002
5869	-0.29201	0.	0.20996	-2.8055e-002
5873	0.75619	0.	0.55271	6.1681e-004
5874	0.7473	0.	0.44327	9.065e-004
5875	0.83314	0.	0.5371	6.2501e-004
5876	0.83094	0.	0.46048	7.4028e-004
5878	0.11938	0.	0.79698	-2.222e-004
5879	0.15148	0.	0.73702	-1.3444e-004
5880	2.6171e-002	0.	0.73436	-5.3635e-004
5881	4.8856e-002	0.	0.79006	-3.4645e-004
5882	0.11371	0.	0.69035	-2.6976e-004
5886	-1.2048	0.	0.36114	1.08e-003
5887	-1.1901	0.	0.20565	1.5258e-003
5888	-1.2811	0.	0.34571	1.0326e-003
5889	-1.2752	0.	0.22256	1.2051e-003
5894	0.78484	0.	0.19319	1.4424e-003
5895	0.85777	0.	0.20264	1.1425e-003
5896	0.76011	0.	0.25611	1.4434e-003
5897	0.77778	0.	0.3249	1.0985e-003
5898	0.86142	0.	0.34212	9.3229e-004
5903	-0.48778	0.	0.1191	4.1499e-002
5904	-0.46311	0.	0.10481	6.7457e-002
5905	-0.43588	0.	0.14068	1.5188e-002
5906	-0.4393	0.	0.11857	2.0924e-002
5911	-1.471e-002	0.	0.13425	-1.499e-003
5912	-6.7665e-003	0.	0.16512	3.7609e-003
5913	8.6778e-003	0.	0.12756	2.5695e-002
5914	3.6201e-002	0.	0.13373	2.8201e-002
5918	-0.32568	0.	0.15377	-3.6148e-002
5919	-0.38038	0.	0.1937	-1.495e-002
5920	-0.37107	0.	0.13915	-2.7748e-002
5921	-0.38674	0.	0.15801	-1.3336e-002
5922	-0.34938	0.	0.13987	-3.9782e-002
5927	-6.4083e-002	0.	0.50232	-2.5647e-003
5928	-4.7202e-002	0.	0.54235	-1.8054e-003
5929	-0.10001	0.	0.60051	-1.8568e-003
5930	-0.10839	0.	0.50241	-3.2847e-003
5931	-0.13587	0.	0.5305	-2.9502e-003
5938	-0.69164	0.	0.85461	5.0133e-005
5939	-0.71964	0.	0.93734	1.4076e-005
5940	-0.55886	0.	0.94026	-8.2508e-005
5945	-0.60151	0.	0.17284	1.6171e-002
5946	-0.60531	0.	0.2136	9.3795e-003
5947	-0.69247	0.	0.19437	9.2741e-003
5948	-0.62082	0.	0.13478	2.5228e-002
5949	-0.67109	0.	0.1399	1.3801e-002
5950	-0.65217	0.	0.22004	9.1472e-003
5955	-0.77074	0.	0.84996	9.7529e-005
5956	-0.7981	0.	0.71295	2.8668e-004
5957	-0.741	0.	0.68615	2.9107e-004
5961	-0.1059	0.	0.16992	-3.1276e-002
5962	-5.8381e-002	0.	0.14302	-2.0655e-002
5963	-5.0437e-002	0.	0.17388	-1.5395e-002
5964	-8.9425e-002	0.	0.14526	-3.9191e-002
5969	-0.37323	0.	0.86981	-3.6254e-004
5970	-0.40093	0.	0.94922	-1.6198e-004
5971	-0.24432	0.	0.96131	-2.0937e-004
5976	-0.40412	0.	0.64497	-1.1093e-003
5977	-0.44802	0.	0.70714	-7.0942e-004
5978	-0.48116	0.	0.5786	-9.4507e-004
5982	-0.37789	0.	0.71753	-9.3273e-004
5983	-0.27992	0.	0.6589	-1.398e-003
5984	-0.30925	0.	0.61819	-1.8024e-003
5988	0.72491	0.	0.83285	2.1329e-004
5989	0.82298	0.	0.93158	1.0921e-004
5990	0.82529	0.	0.87539	1.7357e-004
5991	0.69735	0.	0.9159	1.187e-004
5995	1.3189e-002	0.	0.45119	-1.9026e-003
5996	0.1056	0.	0.46167	-4.0013e-004
5997	8.4389e-002	0.	0.42289	-1.7661e-004
5998	3.0071e-002	0.	0.49121	-1.1433e-003
5999	7.4695e-002	0.	0.50177	-7.2191e-004
6003	-0.44948	0.	0.85912	-3.3225e-004
6007	-0.12086	0.	0.77867	-7.5338e-004
6008	-0.13399	0.	0.89691	-3.699e-004
6009	-6.8079e-002	0.	0.78048	-6.2575e-004
6010	-4.5393e-002	0.	0.83618	-4.3585e-004
6011	-8.1989e-002	0.	0.89158	-3.6439e-004
6015	-0.17635	0.	0.36378	-9.0995e-003
6016	-0.19355	0.	0.32412	-1.2414e-002
6017	-0.24335	0.	0.3479	-1.006e-002
6018	-0.23673	0.	0.38568	-8.3117e-003
6022	-0.16476	0.	0.15808	-4.7575e-002
6023	-0.11859	0.	0.15041	-4.6955e-002
6024	-0.13877	0.	0.20631	-3.054e-002
6025	-0.14098	0.	0.14992	-5.3776e-002
6030	-0.18178	0.	0.69434	-1.2284e-003
6031	-8.4929e-002	0.	0.72805	-8.658e-004
6032	-0.11926	0.	0.68666	-1.1437e-003
6035	-1.3094	0.	0.90118	1.7055e-004
6036	-1.3041	0.	0.76205	3.2288e-004
6037	-1.2468	0.	0.89178	1.6933e-004
6043	-0.62346	0.	0.48009	5.4086e-004
6044	-0.52782	0.	0.50174	-4.7567e-004
6045	-0.58027	0.	0.43996	7.6618e-004
6046	-0.5327	0.	0.45498	-4.312e-004
6050	0.19487	0.	0.186	1.3395e-002
6051	0.33428	0.	0.2422	6.6398e-003
6052	0.26209	0.	0.2546	6.9012e-003
6053	0.24488	0.	0.14584	1.3393e-002
6058	0.18538	0.	0.1353	1.7255e-002
6059	0.13653	0.	0.12315	3.04e-002
6060	9.8581e-002	0.	0.14784	2.943e-002
6065	0.18113	0.	0.42848	1.0733e-003
6066	0.23811	0.	0.34896	3.0603e-003
6067	0.15992	0.	0.3897	1.2968e-003
6068	0.22487	0.	0.4293	1.4345e-003
6071	-0.53975	0.	0.1391	3.4401e-002
6072	-0.56537	0.	0.20681	1.328e-002
6073	-0.58087	0.	0.12798	2.9129e-002
6080	-0.49325	0.	9.7877e-002	7.4688e-002
6081	-0.55905	0.	0.10105	4.3458e-002
6082	-0.50683	0.	8.2952e-002	7.6832e-002
6086	0.71205	0.	0.68464	4.1443e-004
6087	0.63776	0.	0.70615	4.0956e-004
6088	0.66126	0.	0.847	2.0208e-004
6089	0.6197	0.	0.78563	2.8627e-004
6096	-0.93267	0.	0.21441	2.9795e-003
6097	-1.0661	0.	0.1361	2.2707e-003
6102	-0.8116	0.	0.2478	4.7606e-003
6103	-0.8834	0.	0.36783	2.4568e-003
6104	-0.81397	0.	0.29814	3.4759e-003
6109	0.48577	0.	0.22527	3.363e-003
6110	0.64449	0.	0.14285	2.3895e-003
6111	0.61976	0.	0.20577	2.3906e-003
6112	0.55216	0.	0.26565	2.4119e-003
6116	0.43063	0.	0.36851	2.6193e-003
6117	0.34199	0.	0.30025	4.0077e-003
6118	0.48057	0.	0.32824	2.7952e-003
6125	-0.27512	0.	0.17269	-4.1404e-002
6126	-0.26642	0.	0.13629	-5.6386e-002
6127	-0.31571	0.	0.13295	-5.315e-002
6133	0.39058	0.	0.56528	7.3902e-004
6134	0.4489	0.	0.51893	1.0748e-003
6135	0.51872	0.	0.61851	5.8979e-004
6136	0.4502	0.	0.6487	4.9985e-004
6140	-1.1555	0.	0.51893	7.8619e-004
6141	-1.2524	0.	0.42542	8.8675e-004
6144	-0.86273	0.	0.94968	7.3785e-005
6149	-0.15907	0.	0.3307	-1.0878e-002
6150	-0.12973	0.	0.41062	-5.8565e-003
6151	-0.10812	0.	0.37357	-6.1551e-003
6157	0.18637	0.	0.79514	-2.2086e-005
6158	0.20102	0.	0.90863	-5.3206e-005
6159	8.3745e-002	0.	0.84818	-2.341e-004
6160	0.14878	0.	0.91814	-7.5951e-005
6169	-0.15937	0.	0.26429	-1.8117e-002
6173	-0.98935	0.	0.95145	1.0196e-004
6174	-1.1225	0.	0.94091	1.1272e-004
6181	-0.4189	0.	0.34406	-4.107e-003
6182	-0.38071	0.	0.37417	-5.166e-003
6183	-0.46145	0.	0.40683	-2.1223e-003
6184	-0.42509	0.	0.4231	-2.7281e-003
6189	0.38876	0.	0.49552	1.1566e-003
6190	0.29108	0.	0.58746	4.9825e-004
6191	0.26612	0.	0.54972	6.0079e-004
6192	0.28688	0.	0.5076	9.1932e-004
6196	-0.40707	0.	0.26513	-6.0018e-003
6197	-0.37455	0.	0.33365	-5.9436e-003
6198	-0.44769	0.	0.28443	-1.644e-003
6203	-1.0612	0.	0.62212	5.7506e-004
6204	-0.92041	0.	0.65296	4.7582e-004
6205	-0.95111	0.	0.60161	6.9344e-004
6209	-1.2213	0.	0.64156	5.2647e-004
6214	-0.52591	0.	0.25644	4.0428e-003
6215	-0.61602	0.	0.25401	6.2565e-003
6216	-0.58605	0.	0.28396	4.9815e-003
6221	0.45018	0.	0.95643	7.5396e-005
6222	0.5747	0.	0.932	1.0674e-004
6223	0.53313	0.	0.87063	1.9093e-004
6228	-0.40776	0.	0.19102	-5.5056e-003
6229	-0.44203	0.	0.24602	-2.7611e-003
6233	-0.7221	0.	0.15464	1.0805e-002
6234	-0.70318	0.	0.23478	6.151e-003
6235	-0.74585	0.	0.25945	4.9931e-003
6240	-0.39846	0.	0.13647	-1.8304e-002
6241	-0.40188	0.	0.11435	-1.2568e-002
6242	-0.3611	0.	0.11833	-4.475e-002
6246	-0.70931	0.	0.5422	7.3876e-004
6247	-0.63617	0.	0.43918	1.2543e-003
6251	-2.1148e-002	0.	0.21518	-5.9214e-003
6252	8.7519e-003	0.	0.2623	-1.6743e-003
6253	-1.8758e-002	0.	0.28082	-4.1094e-003
6258	-1.2084e-002	0.	0.49074	-1.9504e-003
6259	-7.3273e-002	0.	0.4508	-3.4297e-003
6260	-5.1662e-002	0.	0.41374	-3.7283e-003
6264	0.49702	0.	0.4089	1.6682e-003
6269	-0.90097	0.	0.50258	1.2726e-003
6273	-0.46258	0.	7.4195e-002	0.14795
6274	-0.48216	0.	6.8664e-002	0.10279
6278	0.66099	0.	0.62683	5.2732e-004
6279	0.81222	0.	0.58971	5.404e-004
6283	-3.2081e-002	0.	0.15213	-1.2537e-002
6284	-7.1069e-002	0.	0.1235	-3.6334e-002
6285	-1.6637e-002	0.	0.11457	9.3969e-003
6289	-0.22635	0.	0.1698	-4.4702e-002
6290	-0.17068	0.	0.13291	-6.2312e-002
6291	-0.21765	0.	0.1334	-5.9684e-002
6296	0.13464	0.	0.4329	5.1877e-004
6297	0.17882	0.	0.51462	3.3796e-004
6298	0.12495	0.	0.51177	-2.6535e-005
6299	0.19958	0.	0.47251	6.5649e-004
6302	-0.26047	0.	0.45752	-4.7552e-003
6303	-0.27141	0.	0.54095	-2.8973e-003
6304	-0.21543	0.	0.50398	-3.5017e-003
6308	0.23509	0.	0.68412	1.2064e-004
6309	0.1807	0.	0.6885	-6.9647e-005
6313	0.51819	0.	0.67853	4.3251e-004
6314	0.56864	0.	0.72782	3.9916e-004
6318	-0.11197	0.	0.95738	-2.2096e-004
6323	0.80454	0.	0.13247	1.4994e-003
6324	0.70689	0.	0.18593	1.8004e-003
6330	-1.2317	0.	0.14678	1.5051e-003
6334	-0.79636	0.	0.63188	4.4416e-004
6335	-0.88416	0.	0.60734	6.5739e-004
6348	-0.30612	0.	0.35117	-8.2438e-003
6349	-0.26925	0.	0.37638	-7.7364e-003
6353	-0.25517	0.	0.62173	-1.8677e-003
6354	-0.16332	0.	0.65477	-1.3787e-003
6361	-0.24953	0.	0.16213	-4.8274e-002
6366	-1.2555	0.	0.95499	1.0883e-004
6373	-0.29949	0.	0.38896	-6.4952e-003
6377	-9.4601e-003	0.	0.78555	-5.4826e-004
6378	-6.6478e-002	0.	0.68847	-1.0161e-003
6383	0.31622	0.	0.97052	2.4122e-005
6396	-0.49296	0.	0.47585	-9.5962e-004
6397	-0.4566	0.	0.49212	-1.5655e-003
6421	0.88727	0.	0.90522	1.5288e-004
6426	-0.41754	0.	0.13321	1.8441e-003
6434	4.7784e-002	0.	6.1674e-002	0.14008
6435	0.10188	0.	6.1776e-002	8.2096e-002
6436	6.393e-002	0.	8.6472e-002	8.1126e-002
6443	0.18654	0.	8.2977e-002	3.0397e-002
6447	-0.12451	0.	0.12525	-6.1691e-002
6451	4.9422e-002	0.	0.54131	-7.6967e-004
6456	0.69983	0.	0.31765	1.4565e-003
6457	0.61456	0.	0.30873	1.8227e-003
6465	0.19553	0.	0.97166	-1.9311e-005
6470	0.80114	0.	0.40366	9.4536e-004
6471	0.63223	0.	0.37753	1.4778e-003
6479	0.22676	0.	0.59531	2.7814e-004
6480	0.19732	0.	0.63744	-1.4684e-005
6488	0.88697	0.	0.49748	6.6387e-004
6493	1.8128e-002	0.	8.9249e-002	9.8047e-002
6494	4.5651e-002	0.	9.5422e-002	0.10055
6503	-0.65045	0.	9.5046e-002	2.6759e-002
6504	-0.54796	0.	7.1834e-002	7.156e-002
6508	0.14792	0.	0.55472	1.6175e-005
6509	0.22256	0.	0.51545	6.992e-004
6510	0.17236	0.	0.5997	8.7853e-005
6517	3.4274e-002	0.	0.11405	3.9097e-002
6524	0.11849	0.	0.59685	-2.7665e-004
6531	-0.59796	0.	0.3597	2.4769e-003
6532	-0.54541	0.	0.41407	2.8224e-004
6536	8.1518e-003	0.	0.29575	-1.2182e-003
6547	-2.337e-002	0.	0.89666	-2.8691e-004
6558	0.59213	0.	0.86867	1.9168e-004
6563	-0.63291	0.	0.2904	4.7492e-003
6564	-0.70555	0.	0.28512	4.8663e-003
6583	9.9743e-002	0.	9.5523e-002	4.2572e-002
6588	-0.14506	0.	0.47898	-3.8152e-003
6589	-9.597e-002	0.	0.41383	-4.4483e-003
6592	-4.6859e-002	0.	0.34552	-4.2001e-003
6596	-0.46149	0.	0.44535	-1.521e-003
6600	0.50013	0.	0.758	3.0922e-004
10713	-0.47615	0.	5.927e-002	0.1501
10714	-0.4699	0.	4.7503e-002	0.21231
10717	-0.48948	0.	4.1973e-002	0.16715
