Node Number	X Location (m)	Y Location (m)	Z Location (m)	Directional Magnetic Flux Density (T)
13	-0.28	0.	3.5e-002	0.65149
14	-0.25455	0.	3.5e-002	1.1783
15	-0.22909	0.	3.5e-002	1.9594
16	-0.20364	0.	3.5e-002	2.2057
17	-0.17818	0.	3.5e-002	2.4135
18	-0.15273	0.	3.5e-002	2.4902
19	-0.12727	0.	3.5e-002	2.4582
20	-0.10182	0.	3.5e-002	2.4101
21	-7.6364e-002	0.	3.5e-002	2.1432
22	-5.0909e-002	0.	3.5e-002	1.8714
23	0.	0.	3.5e-002	0.7045
24	-2.5455e-002	0.	3.5e-002	1.1956
95	-2.5455e-002	0.	-3.5e-002	1.1901
96	0.	0.	-3.5e-002	0.69617
97	-5.0909e-002	0.	-3.5e-002	1.8323
98	-7.6364e-002	0.	-3.5e-002	2.1216
99	-0.10182	0.	-3.5e-002	2.4101
100	-0.12727	0.	-3.5e-002	2.4532
101	-0.15273	0.	-3.5e-002	2.4638
102	-0.17818	0.	-3.5e-002	2.4108
103	-0.20364	0.	-3.5e-002	2.1942
104	-0.22909	0.	-3.5e-002	1.9688
105	-0.25455	0.	-3.5e-002	1.2001
106	-0.28	0.	-3.5e-002	0.70832
462	0.	0.	0.	0.74563
463	-0.28	0.	0.	0.73223
909	-3.8182e-002	0.	0.	1.7164
910	-8.9091e-002	0.	0.	2.3537
911	-0.14664	0.	6.0377e-019	2.4596
912	-0.19091	0.	0.	2.3298
913	-0.23541	0.	-4.9893e-019	1.7889
2100	-0.26727	0.	3.5e-002	0.91492
2103	-0.28	0.	1.75e-002	0.69186
2108	-0.24182	0.	3.5e-002	1.5689
2110	-0.26727	0.	1.75e-002	0.95529
2111	-0.24498	0.	1.75e-002	1.4836
2114	-0.21636	0.	3.5e-002	2.0826
2116	-0.23225	0.	1.75e-002	1.8741
2118	-0.19091	0.	3.5e-002	2.3096
2120	-0.19727	0.	1.75e-002	2.2677
2121	-0.21952	0.	1.75e-002	1.9973
2125	-0.16545	0.	3.5e-002	2.4519
2127	-0.16241	0.	1.75e-002	2.4366
2128	-0.18455	0.	1.75e-002	2.3716
2130	-0.14	0.	3.5e-002	2.4742
2132	-0.14969	0.	1.75e-002	2.4749
2133	-0.11455	0.	3.5e-002	2.4342
2135	-0.10818	0.	1.75e-002	2.406
2136	-0.13696	0.	1.75e-002	2.4589
2138	-8.9091e-002	0.	3.5e-002	2.2767
2140	-9.5455e-002	0.	1.75e-002	2.3819
2142	-6.3636e-002	0.	3.5e-002	2.0073
2144	-5.7273e-002	0.	1.75e-002	1.9298
2145	-8.2727e-002	0.	1.75e-002	2.2484
2147	-3.8182e-002	0.	3.5e-002	1.5335
2149	-4.4545e-002	0.	1.75e-002	1.7939
2151	-1.2727e-002	0.	3.5e-002	0.95006
2154	0.	0.	1.75e-002	0.72507
2160	-1.2727e-002	0.	1.75e-002	0.97062
2161	-3.1818e-002	0.	1.75e-002	1.456
2568	-1.2727e-002	0.	-3.5e-002	0.94312
2569	-3.8182e-002	0.	-3.5e-002	1.5112
2571	-1.2727e-002	0.	-1.75e-002	0.96785
2572	-3.1818e-002	0.	-1.75e-002	1.4532
2578	0.	0.	-1.75e-002	0.7209
2583	-6.3636e-002	0.	-3.5e-002	1.9769
2585	-4.4545e-002	0.	-1.75e-002	1.7743
2587	-8.9091e-002	0.	-3.5e-002	2.2659
2589	-5.7273e-002	0.	-1.75e-002	1.919
2590	-8.2727e-002	0.	-1.75e-002	2.2377
2592	-0.11455	0.	-3.5e-002	2.4316
2594	-9.5455e-002	0.	-1.75e-002	2.3819
2596	-0.14	0.	-3.5e-002	2.4585
2598	-0.10818	0.	-1.75e-002	2.4034
2599	-0.13696	0.	-1.75e-002	2.4564
2601	-0.16545	0.	-3.5e-002	2.4373
2603	-0.14969	0.	-1.75e-002	2.4617
2605	-0.19091	0.	-3.5e-002	2.3025
2607	-0.16241	0.	-1.75e-002	2.4352
2608	-0.18455	0.	-1.75e-002	2.3703
2611	-0.21636	0.	-3.5e-002	2.0815
2613	-0.19727	0.	-1.75e-002	2.262
2614	-0.21952	0.	-1.75e-002	1.9916
2618	-0.24182	0.	-3.5e-002	1.5845
2620	-0.23225	0.	-1.75e-002	1.8789
2622	-0.26727	0.	-3.5e-002	0.95422
2624	-0.26727	0.	-1.75e-002	0.96617
2625	-0.24498	0.	-1.75e-002	1.4945
2631	-0.28	0.	-1.75e-002	0.72028
4810	-1.9091e-002	0.	0.	1.231
4818	-0.25771	0.	-2.4947e-019	1.2606
7773	-6.3636e-002	0.	0.	2.035
7779	-0.11787	0.	3.0189e-019	2.4067
7786	-0.16878	0.	3.0189e-019	2.3947
7793	-0.21316	0.	-2.4947e-019	2.0593
1	0.	0.	5.25e-002	8.1509e-002
2	-2.5455e-002	0.	5.25e-002	1.2331e-002
3	-5.0909e-002	0.	5.25e-002	-5.976e-002
4	-7.6364e-002	0.	5.25e-002	-6.1256e-002
5	-0.10182	0.	5.25e-002	-5.1431e-002
6	-0.12727	0.	5.25e-002	-3.8584e-002
7	-0.15273	0.	5.25e-002	-3.9277e-002
8	-0.17818	0.	5.25e-002	-5.167e-002
9	-0.20364	0.	5.25e-002	-6.0528e-002
10	-0.22909	0.	5.25e-002	-6.0507e-002
11	-0.25455	0.	5.25e-002	1.2408e-002
12	-0.28	0.	5.25e-002	8.3707e-002
13	-0.28	0.	3.5e-002	8.3707e-002
14	-0.25455	0.	3.5e-002	1.2408e-002
15	-0.22909	0.	3.5e-002	-6.0507e-002
16	-0.20364	0.	3.5e-002	-6.0528e-002
17	-0.17818	0.	3.5e-002	-5.167e-002
18	-0.15273	0.	3.5e-002	-3.9277e-002
19	-0.12727	0.	3.5e-002	-3.8584e-002
20	-0.10182	0.	3.5e-002	-5.1431e-002
21	-7.6364e-002	0.	3.5e-002	-6.1256e-002
22	-5.0909e-002	0.	3.5e-002	-5.976e-002
23	0.	0.	3.5e-002	8.1509e-002
24	-2.5455e-002	0.	3.5e-002	1.2331e-002
95	-2.5455e-002	0.	-3.5e-002	1.1576e-002
96	0.	0.	-3.5e-002	8.169e-002
97	-5.0909e-002	0.	-3.5e-002	-5.9987e-002
98	-7.6364e-002	0.	-3.5e-002	-6.1162e-002
99	-0.10182	0.	-3.5e-002	-5.1885e-002
100	-0.12727	0.	-3.5e-002	-3.7863e-002
101	-0.15273	0.	-3.5e-002	-3.8974e-002
102	-0.17818	0.	-3.5e-002	-5.2605e-002
103	-0.20364	0.	-3.5e-002	-6.0887e-002
104	-0.22909	0.	-3.5e-002	-5.9709e-002
105	-0.25455	0.	-3.5e-002	1.0257e-002
106	-0.28	0.	-3.5e-002	7.8263e-002
199	-0.25455	0.	-5.25e-002	1.0257e-002
200	-0.28	0.	-5.25e-002	7.8263e-002
201	-0.22909	0.	-5.25e-002	-5.9709e-002
202	-0.20364	0.	-5.25e-002	-6.0887e-002
203	-0.17818	0.	-5.25e-002	-5.2605e-002
204	-0.15273	0.	-5.25e-002	-3.8974e-002
205	-0.12727	0.	-5.25e-002	-3.7863e-002
206	-0.10182	0.	-5.25e-002	-5.1885e-002
207	-7.6364e-002	0.	-5.25e-002	-6.1162e-002
208	-5.0909e-002	0.	-5.25e-002	-5.9987e-002
209	-2.5455e-002	0.	-5.25e-002	1.1576e-002
210	0.	0.	-5.25e-002	8.169e-002
2024	-1.2727e-002	0.	5.25e-002	4.692e-002
2025	0.	0.	4.375e-002	8.1509e-002
2032	-3.8182e-002	0.	5.25e-002	-2.3715e-002
2033	-2.5455e-002	0.	4.375e-002	1.2331e-002
2039	-6.3636e-002	0.	5.25e-002	-6.0508e-002
2040	-5.0909e-002	0.	4.375e-002	-5.976e-002
2044	-8.9091e-002	0.	5.25e-002	-5.6343e-002
2045	-7.6364e-002	0.	4.375e-002	-6.1256e-002
2052	-0.11455	0.	5.25e-002	-4.5007e-002
2053	-0.10182	0.	4.375e-002	-5.1431e-002
2058	-0.14	0.	5.25e-002	-3.893e-002
2059	-0.12727	0.	4.375e-002	-3.8584e-002
2064	-0.16545	0.	5.25e-002	-4.5473e-002
2065	-0.15273	0.	4.375e-002	-3.9277e-002
2071	-0.19091	0.	5.25e-002	-5.6099e-002
2072	-0.17818	0.	4.375e-002	-5.167e-002
2077	-0.21636	0.	5.25e-002	-6.0517e-002
2078	-0.20364	0.	4.375e-002	-6.0528e-002
2082	-0.24182	0.	5.25e-002	-2.4049e-002
2083	-0.22909	0.	4.375e-002	-6.0507e-002
2088	-0.26727	0.	5.25e-002	4.8058e-002
2089	-0.25455	0.	4.375e-002	1.2408e-002
2093	-0.28	0.	4.375e-002	8.3707e-002
2100	-0.26727	0.	3.5e-002	4.8058e-002
2108	-0.24182	0.	3.5e-002	-2.4049e-002
2114	-0.21636	0.	3.5e-002	-6.0517e-002
2118	-0.19091	0.	3.5e-002	-5.6099e-002
2125	-0.16545	0.	3.5e-002	-4.5473e-002
2130	-0.14	0.	3.5e-002	-3.893e-002
2133	-0.11455	0.	3.5e-002	-4.5007e-002
2138	-8.9091e-002	0.	3.5e-002	-5.6343e-002
2142	-6.3636e-002	0.	3.5e-002	-6.0508e-002
2147	-3.8182e-002	0.	3.5e-002	-2.3715e-002
2151	-1.2727e-002	0.	3.5e-002	4.692e-002
2568	-1.2727e-002	0.	-3.5e-002	4.6633e-002
2569	-3.8182e-002	0.	-3.5e-002	-2.4206e-002
2570	-2.5455e-002	0.	-4.375e-002	1.1576e-002
2576	0.	0.	-4.375e-002	8.169e-002
2583	-6.3636e-002	0.	-3.5e-002	-6.0575e-002
2584	-5.0909e-002	0.	-4.375e-002	-5.9987e-002
2587	-8.9091e-002	0.	-3.5e-002	-5.6524e-002
2588	-7.6364e-002	0.	-4.375e-002	-6.1162e-002
2592	-0.11455	0.	-3.5e-002	-4.4874e-002
2593	-0.10182	0.	-4.375e-002	-5.1885e-002
2596	-0.14	0.	-3.5e-002	-3.8418e-002
2597	-0.12727	0.	-4.375e-002	-3.7863e-002
2601	-0.16545	0.	-3.5e-002	-4.5789e-002
2602	-0.15273	0.	-4.375e-002	-3.8974e-002
2605	-0.19091	0.	-3.5e-002	-5.6746e-002
2606	-0.17818	0.	-4.375e-002	-5.2605e-002
2611	-0.21636	0.	-3.5e-002	-6.0298e-002
2612	-0.20364	0.	-4.375e-002	-6.0887e-002
2618	-0.24182	0.	-3.5e-002	-2.4726e-002
2619	-0.22909	0.	-4.375e-002	-5.9709e-002
2622	-0.26727	0.	-3.5e-002	4.426e-002
2623	-0.25455	0.	-4.375e-002	1.0257e-002
2629	-0.28	0.	-4.375e-002	7.8263e-002
3239	-0.26727	0.	-5.25e-002	4.426e-002
3240	-0.24182	0.	-5.25e-002	-2.4726e-002
3249	-0.21636	0.	-5.25e-002	-6.0298e-002
3254	-0.19091	0.	-5.25e-002	-5.6746e-002
3261	-0.16545	0.	-5.25e-002	-4.5789e-002
3265	-0.14	0.	-5.25e-002	-3.8418e-002
3270	-0.11455	0.	-5.25e-002	-4.4874e-002
3274	-8.9091e-002	0.	-5.25e-002	-5.6524e-002
3278	-6.3636e-002	0.	-5.25e-002	-6.0575e-002
3282	-3.8182e-002	0.	-5.25e-002	-2.4206e-002
3285	-1.2727e-002	0.	-5.25e-002	4.6633e-002
96	0.	0.	-3.5e-002	0.25967
106	-0.28	0.	-3.5e-002	0.25214
199	-0.25455	0.	-5.25e-002	-3.4687e-002
200	-0.28	0.	-5.25e-002	0.10389
201	-0.22909	0.	-5.25e-002	-6.8085e-002
202	-0.20364	0.	-5.25e-002	-8.3357e-002
203	-0.17818	0.	-5.25e-002	-8.8705e-002
204	-0.15273	0.	-5.25e-002	-8.552e-002
205	-0.12727	0.	-5.25e-002	-8.8696e-002
206	-0.10182	0.	-5.25e-002	-8.9188e-002
207	-7.6364e-002	0.	-5.25e-002	-8.3758e-002
208	-5.0909e-002	0.	-5.25e-002	-8.1549e-002
209	-2.5455e-002	0.	-5.25e-002	-3.2009e-002
210	0.	0.	-5.25e-002	7.7916e-002
283	1.	0.	-9.5682e-002	3.8997e-004
284	1.	0.	-0.19136	3.5319e-004
285	1.	0.	-0.28705	3.1426e-004
286	1.	0.	-0.38273	2.6462e-004
287	1.	0.	-0.47841	2.2065e-004
288	1.	0.	-0.57409	1.5975e-004
289	1.	0.	-0.66977	1.2535e-004
290	1.	0.	-0.76545	8.8911e-005
291	1.	0.	-0.86114	5.6592e-005
292	1.	0.	-0.95682	2.6698e-005
303	0.905	0.	-1.0525	1.0747e-005
304	0.81	0.	-1.0525	1.354e-005
305	0.715	0.	-1.0525	1.4181e-005
306	0.62	0.	-1.0525	1.5184e-005
307	0.525	0.	-1.0525	1.3784e-005
308	0.43	0.	-1.0525	9.3098e-006
309	0.335	0.	-1.0525	1.1695e-006
310	0.24	0.	-1.0525	-6.7482e-006
311	0.145	0.	-1.0525	-1.0049e-005
312	5.e-002	0.	-1.0525	-1.8982e-005
313	-4.5e-002	0.	-1.0525	-3.424e-005
314	-0.14	0.	-1.0525	-2.0232e-005
315	-0.235	0.	-1.0525	-3.2347e-005
316	-0.33	0.	-1.0525	-2.2661e-005
317	-0.425	0.	-1.0525	-1.3905e-005
318	-0.52	0.	-1.0525	-5.8572e-006
319	-0.615	0.	-1.0525	-2.005e-007
320	-0.71	0.	-1.0525	6.1194e-006
321	-0.805	0.	-1.0525	8.1505e-006
322	-0.9	0.	-1.0525	1.214e-005
323	-0.995	0.	-1.0525	1.1394e-005
324	-1.09	0.	-1.0525	1.5939e-005
325	-1.185	0.	-1.0525	1.3395e-005
331	-1.28	0.	-0.95682	2.651e-005
332	-1.28	0.	-0.86114	5.6531e-005
333	-1.28	0.	-0.76545	9.3718e-005
334	-1.28	0.	-0.66977	1.3437e-004
335	-1.28	0.	-0.57409	1.6897e-004
336	-1.28	0.	-0.47841	2.4278e-004
337	-1.28	0.	-0.38273	2.7293e-004
338	-1.28	0.	-0.28705	3.1499e-004
339	-1.28	0.	-0.19136	3.6097e-004
340	-1.28	0.	-9.5682e-002	3.8627e-004
346	9.0909e-002	0.	0.	9.6771e-002
347	0.18182	0.	0.	1.6098e-002
348	0.27273	0.	0.	6.981e-003
349	0.36364	0.	0.	3.4613e-003
350	0.45455	0.	0.	1.9554e-003
351	0.54545	0.	0.	1.3581e-003
352	0.63636	0.	0.	8.5059e-004
353	0.72727	0.	0.	6.3742e-004
354	0.81818	0.	0.	5.1877e-004
355	0.90909	0.	0.	4.126e-004
356	-1.1891	0.	0.	4.0777e-004
357	-1.0982	0.	0.	4.9399e-004
358	-1.0073	0.	0.	6.3419e-004
359	-0.91636	0.	0.	9.085e-004
360	-0.82545	0.	0.	1.3274e-003
361	-0.73455	0.	0.	1.9677e-003
362	-0.64364	0.	0.	3.2646e-003
363	-0.55273	0.	0.	6.7774e-003
364	-0.46182	0.	0.	1.727e-002
365	-0.37091	0.	0.	9.7987e-002
462	0.	0.	0.	0.43411
463	-0.28	0.	0.	0.42303
468	1.	0.	-1.0525	1.0872e-005
469	1.	0.	0.	3.9421e-004
470	-1.28	0.	-1.0525	1.1006e-005
471	-1.28	0.	0.	3.9178e-004
654	0.14587	0.	-0.55393	-1.4279e-004
655	-0.4011	0.	-0.5425	-2.1755e-004
656	-0.2746	0.	-0.29651	-2.8035e-003
657	6.e-002	0.	-0.3025	-6.7549e-004
658	-0.81953	0.	-0.50459	3.0881e-004
659	0.57578	0.	-0.50109	3.2307e-004
660	-0.17781	0.	-0.17552	-1.959e-002
661	0.27879	0.	-0.4031	5.2898e-004
662	-4.6614e-002	0.	-0.42316	-1.4972e-003
663	-0.1091	0.	-0.72512	-2.7918e-004
664	-0.5311	0.	-0.28004	2.1801e-003
665	-0.37896	0.	-0.1673	7.5481e-003
666	3.2908e-002	0.	-0.16542	2.3534e-003
667	-0.49751	0.	-0.7942	-2.4284e-005
668	0.2275	0.	-0.8025	-3.0803e-005
669	-0.1192	0.	-0.30076	-5.6246e-003
670	0.64398	0.	-0.80239	7.9047e-005
671	-0.93375	0.	-0.80024	8.4638e-005
672	0.61576	0.	-0.34364	5.4932e-004
673	-0.95152	0.	-0.17182	6.2695e-004
674	-0.21697	0.	-0.13206	-2.1993e-002
675	-0.10047	0.	-8.6965e-002	-6.1806e-002
676	-0.67449	0.	-0.52389	3.1656e-004
677	-0.28768	0.	-0.53642	-6.0194e-004
678	-0.65595	0.	-0.2534	1.6207e-003
679	-4.0909e-002	0.	-0.1775	-1.0773e-002
680	0.40834	0.	-0.14784	2.1719e-003
681	0.27259	0.	-0.13222	3.9721e-003
682	-0.37364	0.	-0.78167	-1.2459e-004
683	0.3549	0.	-0.74144	4.6977e-005
684	-1.125	0.	-0.4153	2.8986e-004
685	-8.3182e-002	0.	-0.53167	-8.2122e-004
686	0.85333	0.	-0.55455	1.9115e-004
687	-0.30909	0.	-0.38583	-1.1308e-003
688	-0.78083	0.	-0.79015	7.5222e-005
689	-0.33924	0.	-0.1181	1.3894e-002
690	-1.7974e-002	0.	-0.12355	-8.9741e-003
691	0.82078	0.	-0.25408	3.8298e-004
692	6.0795e-002	0.	-0.77125	-1.35e-004
693	-0.30205	0.	-0.20547	-1.8402e-003
694	-0.1933	0.	-0.65397	-4.4028e-004
695	-0.46091	0.	-0.41438	2.6954e-004
696	0.1677	0.	-0.16027	6.4817e-003
697	0.24391	0.	-0.31669	1.3751e-003
698	0.17636	0.	-0.41944	1.7047e-004
699	-0.18957	0.	-0.89215	-1.3274e-004
700	-0.25274	0.	-8.8619e-002	-1.4683e-002
701	0.371	0.	-0.88792	1.4016e-005
702	-0.8909	0.	-0.3648	4.8135e-004
703	-2.502e-002	0.	-0.64436	-3.9489e-004
704	-1.1152	0.	-0.80489	7.5498e-005
705	0.82843	0.	-0.80004	7.6593e-005
706	5.2273e-002	0.	-0.42347	-8.1678e-004
707	-0.60758	0.	-0.40203	6.154e-004
708	-0.60042	0.	-0.66515	7.0829e-005
709	-0.40046	0.	-0.24381	1.7168e-003
710	0.58061	0.	-0.17182	9.8929e-004
711	-0.11182	0.	-0.1775	-1.772e-002
712	-0.1667	0.	-0.12143	-4.0637e-002
713	-0.53066	0.	-0.53976	4.2754e-005
714	-1.1381	0.	-0.26993	3.6393e-004
715	0.4739	0.	-0.3917	6.0646e-004
716	0.32417	0.	-0.5579	1.7748e-004
717	-3.3636e-002	0.	-0.3025	-4.0568e-003
718	5.1818e-002	0.	-8.9592e-002	3.0372e-002
719	-7.2727e-002	0.	-0.24	-9.3926e-003
720	-0.23977	0.	-0.76083	-2.4238e-004
721	-0.22228	0.	-0.23061	-8.0083e-003
722	-0.75167	0.	-0.37283	6.4598e-004
723	0.17375	0.	-0.6775	-9.3628e-005
724	-0.4547	0.	-0.66412	-9.8221e-005
725	-0.31434	0.	-0.64202	-3.1991e-004
726	2.7432e-002	0.	-0.92027	-5.053e-005
727	-0.57398	0.	-0.13592	4.0319e-003
728	0.48792	0.	-0.7454	9.8416e-005
729	0.7151	0.	-0.44503	3.045e-004
730	-0.82667	0.	-0.21697	9.4291e-004
731	-0.155	0.	-0.24	-1.1096e-002
732	0.74542	0.	-0.66926	1.4818e-004
733	-0.70131	0.	-0.94183	1.5918e-005
734	-7.5233e-002	0.	-0.13066	-2.8286e-002
735	-0.18689	0.	-0.52125	-9.7243e-004
736	-0.27868	0.	-0.1414	2.0831e-003
737	0.35524	0.	-0.34461	1.0115e-003
738	-0.99093	0.	-0.49356	2.5671e-004
739	-0.39932	0.	-0.91708	-5.1391e-005
740	-0.73708	0.	-0.65898	1.627e-004
741	-0.85284	0.	-0.92987	3.0637e-005
742	0.62238	0.	-0.96215	2.3868e-005
743	-0.64417	0.	-0.79633	5.3188e-005
744	-5.7568e-002	0.	-9.0588e-002	-5.6394e-002
745	0.74878	0.	-0.12238	5.8054e-004
746	-0.90405	0.	-0.65098	1.6073e-004
747	0.60561	0.	-0.64039	1.7434e-004
748	2.6656e-002	0.	-0.55556	-4.9802e-004
749	-0.99613	0.	-0.94199	3.4577e-005
750	-0.36051	0.	-0.31335	-3.5416e-004
751	0.15606	0.	-0.95025	-2.7117e-005
752	-0.20666	0.	-8.8475e-002	-5.0167e-002
753	-0.6998	0.	-0.12072	2.2287e-003
754	0.87079	0.	-0.39213	2.7839e-004
755	0.39975	0.	-0.63471	1.5617e-004
756	-0.35455	0.	-0.46917	-4.6635e-004
757	0.43462	0.	-0.25632	1.1536e-003
758	8.8937e-003	0.	-0.23684	-2.4e-003
759	0.10337	0.	-0.22025	2.7303e-003
760	0.44501	0.	-0.52524	2.8913e-004
761	-0.51375	0.	-0.9275	-1.3805e-005
762	-0.19283	0.	-0.29617	-5.1315e-003
763	-1.1701	0.	-0.66591	1.3755e-004
764	-0.12266	0.	-0.12783	-3.4203e-002
765	-1.0145	0.	-0.3853	3.8251e-004
766	0.1453	0.	-0.30464	1.0486e-003
767	0.72679	0.	-0.90436	4.3279e-005
768	-0.11084	0.	-0.6287	-5.1746e-004
769	0.89332	0.	-0.67125	1.203e-004
770	0.25027	0.	-0.48867	2.2065e-004
771	-9.5664e-002	0.	-0.37489	-2.601e-003
772	9.3182e-003	0.	-0.36298	-1.6364e-003
773	-1.1709	0.	-0.11345	4.2411e-004
774	0.23524	0.	-0.5878	4.2266e-005
775	0.68503	0.	-0.55658	2.2832e-004
776	-0.28813	0.	-0.95358	-7.4358e-005
777	0.85329	0.	-0.95176	2.7581e-005
778	-1.1544	0.	-0.94302	3.4392e-005
779	-6.364e-002	0.	-0.8359	-1.4236e-004
780	0.88379	0.	-0.16256	4.0475e-004
781	-0.23428	0.	-0.17048	-1.0475e-002
782	-0.31412	0.	-7.1286e-002	7.713e-002
783	-0.44116	0.	-0.2948	1.1042e-003
784	9.9318e-002	0.	-0.35895	-3.2113e-004
785	0.31436	0.	-0.2407	2.2368e-003
786	-0.12556	0.	-0.46118	-1.8467e-003
787	6.5374e-002	0.	-0.65928	-2.7641e-004
788	-0.38904	0.	-7.5477e-002	2.3162e-002
789	-1.0435	0.	-0.70707	1.369e-004
790	-0.24053	0.	-0.45875	-1.3506e-003
791	-0.16279	0.	-0.34601	-3.3898e-003
792	-0.98303	0.	-0.27856	5.2418e-004
793	-0.4692	0.	-9.6172e-002	8.8693e-003
794	-0.46544	0.	-0.20113	3.4517e-003
795	-1.0227e-002	0.	-8.375e-002	3.6447e-003
796	-0.17336	0.	-7.8936e-002	-6.6859e-002
797	-0.22651	0.	-0.36449	-2.5228e-003
798	-0.38513	0.	-0.38692	-1.2294e-004
799	-2.6705e-002	0.	-0.48479	-8.771e-004
800	-0.88848	0.	-8.5909e-002	9.0655e-004
801	-1.052	0.	-0.14327	5.0549e-004
802	0.27072	0.	-0.9392	-1.14e-005
803	-0.10773	0.	-0.97438	-4.898e-005
804	0.35456	0.	-0.45187	4.1201e-004
805	-1.143	0.	-0.5323	2.1151e-004
806	0.73951	0.	-0.3301	4.2537e-004
807	-1.1553e-002	0.	-0.7286	-2.4415e-004
808	-0.22868	0.	-0.58481	-6.0565e-004
809	0.47591	0.	-6.8163e-002	1.8531e-003
810	-0.14133	0.	-8.8958e-002	-6.1761e-002
811	2.5909e-002	0.	-6.2296e-002	9.8587e-002
812	0.16864	0.	-8.1888e-002	1.3231e-002
813	0.20699	0.	-0.22662	3.2202e-003
814	0.28213	0.	-0.66099	5.1557e-005
815	0.50739	0.	-0.60516	2.15e-004
816	0.51338	0.	-0.91714	4.1905e-005
817	8.6136e-002	0.	-0.48798	-4.2215e-004
818	-0.79201	0.	-8.7758e-002	1.4415e-003
819	-1.2067	0.	-0.35701	2.8829e-004
2576	0.	0.	-4.375e-002	0.16879
2577	4.5455e-002	0.	-1.75e-002	0.17822
2578	0.	0.	-1.75e-002	0.34689
2579	1.2955e-002	0.	-4.8648e-002	0.17913
2629	-0.28	0.	-4.375e-002	0.17801
2630	-0.32545	0.	-1.75e-002	0.17506
2631	-0.28	0.	-1.75e-002	0.33758
2632	-0.29706	0.	-5.3143e-002	0.16463
3239	-0.26727	0.	-5.25e-002	3.4599e-002
3240	-0.24182	0.	-5.25e-002	-5.1386e-002
3241	-0.25364	0.	-7.056e-002	-2.4685e-002
3245	-0.26637	0.	-7.056e-002	4.4601e-002
3246	-0.29706	0.	-6.1893e-002	9.0508e-002
3249	-0.21636	0.	-5.25e-002	-7.5721e-002
3250	-0.24091	0.	-7.056e-002	-4.1384e-002
3251	-0.21788	0.	-7.0488e-002	-5.9126e-002
3254	-0.19091	0.	-5.25e-002	-8.6031e-002
3255	-0.20515	0.	-7.0488e-002	-6.6762e-002
3256	-0.1885	0.	-6.5718e-002	-7.5108e-002
3261	-0.16545	0.	-5.25e-002	-8.7112e-002
3262	-0.17577	0.	-6.5718e-002	-7.7782e-002
3265	-0.14	0.	-5.25e-002	-8.7108e-002
3266	-0.16304	0.	-6.5718e-002	-7.6189e-002
3267	-0.14703	0.	-7.0729e-002	-7.364e-002
3270	-0.11455	0.	-5.25e-002	-8.8942e-002
3271	-0.11387	0.	-6.9732e-002	-7.5251e-002
3272	-0.1343	0.	-7.0729e-002	-7.5228e-002
3274	-8.9091e-002	0.	-5.25e-002	-8.6473e-002
3275	-0.10114	0.	-6.9732e-002	-7.5497e-002
3278	-6.3636e-002	0.	-5.25e-002	-8.2653e-002
3279	-8.8416e-002	0.	-6.9732e-002	-7.2782e-002
3280	-6.6966e-002	0.	-7.1544e-002	-7.0076e-002
3282	-3.8182e-002	0.	-5.25e-002	-5.6779e-002
3283	-5.4238e-002	0.	-7.1544e-002	-6.8971e-002
3285	-1.2727e-002	0.	-5.25e-002	2.2953e-002
3286	-4.1511e-002	0.	-7.1544e-002	-4.4202e-002
3287	-1.7841e-002	0.	-6.8125e-002	-1.4182e-002
3292	-5.1136e-003	0.	-6.8125e-002	4.078e-002
3293	1.2955e-002	0.	-5.7398e-002	8.8251e-002
3759	1.	0.	-0.14352	3.7158e-004
3761	0.95455	0.	-4.7841e-002	4.0129e-004
3762	1.	0.	-4.7841e-002	3.9209e-004
3763	0.94189	0.	-0.12912	3.9736e-004
3766	1.	0.	-0.2392	3.3373e-004
3767	0.94189	0.	-0.17696	3.7897e-004
3771	1.	0.	-0.33489	2.8944e-004
3772	0.91039	0.	-0.27056	3.4862e-004
3773	0.93539	0.	-0.33959	2.9632e-004
3774	0.94189	0.	-0.2248	3.5951e-004
3780	1.	0.	-0.43057	2.4264e-004
3781	0.93539	0.	-0.38743	2.7151e-004
3783	1.	0.	-0.52625	1.902e-004
3784	0.92667	0.	-0.51648	2.059e-004
3785	0.93539	0.	-0.43527	2.4952e-004
3789	1.	0.	-0.62193	1.4255e-004
3790	0.92667	0.	-0.56432	1.7545e-004
3791	0.94666	0.	-0.62267	1.4002e-004
3794	1.	0.	-0.71761	1.0713e-004
3795	0.94666	0.	-0.67051	1.2282e-004
3797	1.	0.	-0.8133	7.2752e-005
3798	0.91421	0.	-0.78275	8.2752e-005
3799	0.94666	0.	-0.71835	1.046e-004
3803	1.	0.	-0.90898	4.1645e-005
3804	0.91421	0.	-0.83059	6.6592e-005
3805	0.92665	0.	-0.90645	4.2087e-005
3810	0.9525	0.	-1.0047	1.8722e-005
3811	1.	0.	-1.0047	1.8785e-005
3812	0.92665	0.	-0.95429	2.7139e-005
3881	0.8575	0.	-1.0525	1.2143e-005
3882	0.9525	0.	-1.0525	1.0809e-005
3883	0.87915	0.	-1.0021	1.9164e-005
3886	0.7625	0.	-1.0525	1.3861e-005
3887	0.7684	0.	-0.97843	2.841e-005
3888	0.83165	0.	-1.0021	2.0561e-005
3892	0.6675	0.	-1.0525	1.4683e-005
3893	0.66869	0.	-1.0073	1.9025e-005
3894	0.7209	0.	-0.97843	2.873e-005
3897	0.5725	0.	-1.0525	1.4484e-005
3898	0.62119	0.	-1.0073	1.9526e-005
3902	0.4775	0.	-1.0525	1.1547e-005
3903	0.57369	0.	-1.0073	1.8826e-005
3904	0.51919	0.	-0.98482	2.7845e-005
3909	0.3825	0.	-1.0525	5.2396e-006
3910	0.4005	0.	-0.97021	1.1663e-005
3911	0.47169	0.	-0.98482	2.5608e-005
3914	0.2875	0.	-1.0525	-2.7894e-006
3915	0.353	0.	-0.97021	7.5927e-006
3916	0.30286	0.	-0.99585	-5.1151e-006
3920	0.1925	0.	-1.0525	-8.3984e-006
3921	0.19803	0.	-1.0014	-1.6932e-005
3922	0.25536	0.	-0.99585	-9.0739e-006
3926	9.75e-002	0.	-1.0525	-1.4515e-005
3927	0.15053	0.	-1.0014	-1.8583e-005
3929	2.5e-003	0.	-1.0525	-2.6611e-005
3930	3.8716e-002	0.	-0.98639	-3.4756e-005
3931	0.10303	0.	-1.0014	-2.3049e-005
3934	-9.25e-002	0.	-1.0525	-2.7236e-005
3935	-8.7841e-003	0.	-0.98639	-4.2385e-005
3936	-7.6364e-002	0.	-1.0134	-4.161e-005
3940	-0.1875	0.	-1.0525	-2.6289e-005
3941	-0.12386	0.	-1.0134	-3.4606e-005
3943	-0.2825	0.	-1.0525	-2.7504e-005
3944	-0.21228	0.	-0.97233	-8.2545e-005
3945	-0.26157	0.	-1.003	-5.3353e-005
3946	-0.17136	0.	-1.0134	-4.0663e-005
3950	-0.3775	0.	-1.0525	-1.8283e-005
3951	-0.36466	0.	-0.98479	-3.7026e-005
3952	-0.30907	0.	-1.003	-4.8509e-005
3957	-0.4725	0.	-1.0525	-9.881e-006
3958	-0.41216	0.	-0.98479	-3.2648e-005
3959	-0.46937	0.	-0.99	-1.3855e-005
3962	-0.5675	0.	-1.0525	-3.0288e-006
3963	-0.51687	0.	-0.99	-9.8312e-006
3967	-0.6625	0.	-1.0525	2.9595e-006
3968	-0.65815	0.	-0.99716	7.8588e-006
3969	-0.56437	0.	-0.99	-7.0028e-006
3973	-0.7575	0.	-1.0525	7.1349e-006
3974	-0.70565	0.	-0.99716	1.1019e-005
3977	-0.8525	0.	-1.0525	1.0145e-005
3978	-0.75315	0.	-0.99716	1.2034e-005
3979	-0.82892	0.	-0.99118	1.9394e-005
3981	-0.9475	0.	-1.0525	1.1767e-005
3982	-0.87642	0.	-0.99118	2.1388e-005
3983	-0.94806	0.	-0.99725	2.3358e-005
3988	-1.0425	0.	-1.0525	1.3667e-005
3989	-0.99556	0.	-0.99725	2.2985e-005
3991	-1.1375	0.	-1.0525	1.4667e-005
3992	-1.0431	0.	-0.99725	2.5258e-005
3993	-1.1222	0.	-0.99776	2.5165e-005
3998	-1.2325	0.	-1.0047	1.9952e-005
3999	-1.2325	0.	-1.0525	1.2201e-005
4000	-1.1697	0.	-0.99776	2.3894e-005
4031	-1.28	0.	-0.90898	4.152e-005
4032	-1.28	0.	-1.0047	1.8758e-005
4033	-1.2172	0.	-0.94992	3.0451e-005
4037	-1.28	0.	-0.8133	7.5124e-005
4038	-1.1976	0.	-0.83301	6.6015e-005
4039	-1.2172	0.	-0.90208	4.5462e-005
4043	-1.28	0.	-0.71761	1.1404e-004
4044	-1.1976	0.	-0.78517	8.4608e-005
4045	-1.2251	0.	-0.71568	1.1563e-004
4050	-1.28	0.	-0.62193	1.5167e-004
4051	-1.2251	0.	-0.66784	1.3596e-004
4053	-1.28	0.	-0.52625	2.0587e-004
4054	-1.2251	0.	-0.62	1.5326e-004
4055	-1.2115	0.	-0.55319	1.9024e-004
4059	-1.28	0.	-0.43057	2.5786e-004
4060	-1.2025	0.	-0.44686	2.6632e-004
4061	-1.2115	0.	-0.50535	2.2714e-004
4062	-1.2433	0.	-0.41771	2.6553e-004
4066	-1.28	0.	-0.33489	2.9396e-004
4067	-1.2433	0.	-0.36987	2.8061e-004
4069	-1.28	0.	-0.2392	3.3798e-004
4070	-1.2091	0.	-0.27849	3.3946e-004
4071	-1.2433	0.	-0.32203	3.0164e-004
4075	-1.28	0.	-0.14352	3.7362e-004
4076	-1.2091	0.	-0.23065	3.6245e-004
4077	-1.2255	0.	-0.15241	3.9254e-004
4080	-1.2345	0.	-4.7841e-002	3.9702e-004
4081	-1.28	0.	-4.7841e-002	3.8902e-004
4082	-1.2255	0.	-0.10457	4.0519e-004
4121	0.13636	0.	0.	5.6435e-002
4122	4.5455e-002	0.	0.	0.26544
4126	7.1364e-002	0.	-4.4796e-002	6.3572e-002
4127	5.8409e-002	0.	-3.1148e-002	9.7679e-002
4128	0.12977	0.	-4.0944e-002	5.5001e-002
4139	0.22727	0.	0.	1.154e-002
4142	0.17523	0.	-4.0944e-002	1.4665e-002
4146	0.31818	0.	0.	5.2211e-003
4149	0.27266	0.	-6.6112e-002	5.4766e-003
4150	0.22068	0.	-4.0944e-002	1.0106e-002
4157	0.40909	0.	0.	2.7083e-003
4160	0.38599	0.	-7.392e-002	2.8166e-003
4161	0.31812	0.	-6.6112e-002	3.7167e-003
4162	0.41977	0.	-3.4081e-002	2.6572e-003
4166	0.5	0.	0.	1.6567e-003
4168	0.46523	0.	-3.4081e-002	1.9042e-003
4171	0.59091	0.	0.	1.1044e-003
4174	0.56303	0.	-8.5909e-002	1.1737e-003
4175	0.51068	0.	-3.4081e-002	1.6056e-003
4178	0.68182	0.	0.	7.4401e-004
4181	0.60848	0.	-8.5909e-002	9.1994e-004
4182	0.69257	0.	-6.119e-002	7.1557e-004
4187	0.77273	0.	0.	5.781e-004
4189	0.73803	0.	-6.119e-002	6.0898e-004
4191	0.86364	0.	0.	4.6569e-004
4194	0.78348	0.	-6.119e-002	5.4966e-004
4195	0.85098	0.	-8.1278e-002	4.6176e-004
4200	0.95455	0.	0.	4.0341e-004
4202	0.89644	0.	-8.1278e-002	4.0868e-004
4206	-1.1436	0.	0.	4.5088e-004
4208	-1.2345	0.	0.	3.9977e-004
4210	-1.18	0.	-5.6726e-002	4.1594e-004
4214	-1.0527	0.	0.	5.6409e-004
4217	-1.1346	0.	-5.6726e-002	4.5905e-004
4218	-1.0751	0.	-7.1634e-002	4.9974e-004
4225	-0.96182	0.	0.	7.7135e-004
4227	-0.97939	0.	-8.5909e-002	6.3057e-004
4228	-0.94788	0.	-4.2955e-002	7.7037e-004
4229	-1.0296	0.	-7.1634e-002	5.6984e-004
4232	-0.87091	0.	0.	1.1179e-003
4235	-0.90242	0.	-4.2955e-002	9.0753e-004
4239	-0.78	0.	0.	1.6476e-003
4242	-0.85697	0.	-4.2955e-002	1.117e-003
4243	-0.80873	0.	-4.3879e-002	1.3844e-003
4247	-0.68909	0.	0.	2.6162e-003
4249	-0.71717	0.	-6.036e-002	2.0982e-003
4250	-0.76328	0.	-4.3879e-002	1.7046e-003
4252	-0.59818	0.	0.	5.021e-003
4256	-0.60881	0.	-6.7961e-002	3.6483e-003
4257	-0.67172	0.	-6.036e-002	2.7467e-003
4261	-0.50727	0.	0.	1.2024e-002
4264	-0.56335	0.	-6.7961e-002	5.4047e-003
4265	-0.51097	0.	-4.8086e-002	7.8234e-003
4270	-0.41636	0.	0.	5.7628e-002
4273	-0.42543	0.	-3.7739e-002	2.0216e-002
4274	-0.46551	0.	-4.8086e-002	1.3069e-002
4279	-0.32545	0.	0.	0.26051
4282	-0.34251	0.	-3.5643e-002	8.7559e-002
4283	-0.37998	0.	-3.7739e-002	6.0575e-002
5894	0.16112	0.	-0.48669	1.3839e-005
5895	0.15981	0.	-0.61572	-1.1821e-004
5896	8.6262e-002	0.	-0.55475	-3.2041e-004
5897	0.19807	0.	-0.5213	3.8925e-005
5898	0.19055	0.	-0.57087	-5.0264e-005
5899	0.10562	0.	-0.60661	-2.096e-004
5900	0.116	0.	-0.52096	-2.8247e-004
5906	-0.34439	0.	-0.53946	-4.0974e-004
5907	-0.431	0.	-0.47844	2.5992e-005
5908	-0.46588	0.	-0.54113	-8.7399e-005
5909	-0.4279	0.	-0.60331	-1.5789e-004
5910	-0.35772	0.	-0.59226	-2.6873e-004
5911	-0.37782	0.	-0.50583	-3.4195e-004
5914	-0.29185	0.	-0.34117	-1.9671e-003
5915	-0.28832	0.	-0.25099	-2.3218e-003
5916	-0.24844	0.	-0.26356	-5.4059e-003
5917	-0.31756	0.	-0.30493	-1.5788e-003
5918	-0.23372	0.	-0.29634	-3.9675e-003
5919	-0.25056	0.	-0.3305	-2.6631e-003
5923	1.3182e-002	0.	-0.3025	-2.3661e-003
5924	3.4447e-002	0.	-0.26967	-1.5377e-003
5925	8.1687e-002	0.	-0.26138	1.0274e-003
5926	0.10265	0.	-0.30357	1.8655e-004
5927	3.4659e-002	0.	-0.33274	-1.156e-003
5928	7.9659e-002	0.	-0.33073	-4.9831e-004
5931	-0.74701	0.	-0.51424	3.1268e-004
5932	-0.85521	0.	-0.43469	3.9508e-004
5933	-0.7856	0.	-0.43871	4.7739e-004
5934	-0.90523	0.	-0.49907	2.8276e-004
5935	-0.77831	0.	-0.58178	2.3576e-004
5936	-0.86179	0.	-0.57778	2.3477e-004
5943	0.59577	0.	-0.42237	4.3619e-004
5944	0.52484	0.	-0.4464	4.6476e-004
5945	0.64544	0.	-0.47306	3.1378e-004
5946	0.5907	0.	-0.57074	2.487e-004
5947	0.5104	0.	-0.51317	3.061e-004
5948	0.6304	0.	-0.52884	2.7569e-004
5949	0.54159	0.	-0.55313	2.6903e-004
5953	-0.19739	0.	-0.15379	-2.0791e-002
5954	-0.14481	0.	-0.17651	-1.8655e-002
5955	-0.17226	0.	-0.14847	-3.0113e-002
5956	-0.20005	0.	-0.20307	-1.3799e-002
5957	-0.16641	0.	-0.20776	-1.5343e-002
5958	-0.15024	0.	-0.15168	-2.6897e-002
5959	-0.20605	0.	-0.173	-1.5032e-002
5963	0.26135	0.	-0.35989	9.5206e-004
5964	0.22758	0.	-0.41127	3.4973e-004
5965	0.31702	0.	-0.37386	7.7024e-004
5966	0.26453	0.	-0.44588	3.7481e-004
5967	0.31668	0.	-0.42748	4.705e-004
5971	2.8292e-003	0.	-0.42332	-1.157e-003
5972	-7.1139e-002	0.	-0.39903	-2.0491e-003
5973	-1.8648e-002	0.	-0.39307	-1.5668e-003
5974	-8.6086e-002	0.	-0.44217	-1.672e-003
5975	-3.6659e-002	0.	-0.45398	-1.1872e-003
5980	-0.1512	0.	-0.68954	-3.5973e-004
5981	-0.14933	0.	-0.80864	-2.0596e-004
5982	-6.706e-002	0.	-0.68474	-3.3704e-004
5983	-0.17444	0.	-0.74298	-2.6078e-004
5984	-0.10997	0.	-0.67691	-3.9832e-004
5985	-8.6369e-002	0.	-0.78051	-2.1077e-004
5986	-6.0326e-002	0.	-0.72686	-2.6167e-004
5989	-0.59352	0.	-0.26672	1.9004e-003
5990	-0.496	0.	-0.34721	1.2248e-003
5991	-0.56934	0.	-0.34103	1.3978e-003
5992	-0.55254	0.	-0.20798	3.106e-003
5993	-0.48613	0.	-0.28742	1.6422e-003
5994	-0.49827	0.	-0.24059	2.8159e-003
5998	-0.3591	0.	-0.1427	1.0721e-002
5999	-0.3405	0.	-0.18638	2.854e-003
6000	-0.38971	0.	-0.20555	4.6324e-003
6001	-0.384	0.	-0.12139	1.5355e-002
6002	-0.42408	0.	-0.13174	8.2087e-003
6003	-0.4222	0.	-0.18422	5.4999e-003
6009	-4.0007e-003	0.	-0.17146	-4.2101e-003
6010	7.4671e-003	0.	-0.14449	-3.3104e-003
6011	0.1003	0.	-0.16284	4.4175e-003
6012	4.2363e-002	0.	-0.12751	1.6363e-002
6013	2.0901e-002	0.	-0.20113	-2.3297e-005
6014	6.8141e-002	0.	-0.19284	2.5418e-003
6021	-0.43557	0.	-0.78794	-7.4438e-005
6022	-0.54896	0.	-0.72968	2.3272e-005
6023	-0.47611	0.	-0.72916	-6.1253e-005
6024	-0.44841	0.	-0.85564	-3.7838e-005
6025	-0.57084	0.	-0.79527	1.4452e-005
6026	-0.50563	0.	-0.86085	-1.9045e-005
6030	0.2912	0.	-0.77197	8.0873e-006
6031	0.14415	0.	-0.78688	-8.2902e-005
6032	0.29925	0.	-0.84521	-8.3933e-006
6033	0.20063	0.	-0.74	-6.2215e-005
6034	0.19178	0.	-0.87638	-2.896e-005
6035	0.24911	0.	-0.87085	-2.1101e-005
6036	0.25481	0.	-0.73174	1.0377e-005
6040	-7.642e-002	0.	-0.30163	-4.8407e-003
6041	-9.5966e-002	0.	-0.27038	-7.5086e-003
6042	-0.1371	0.	-0.27038	-8.3604e-003
6043	-0.15602	0.	-0.29847	-5.3781e-003
6044	-0.10743	0.	-0.33783	-4.1128e-003
6045	-0.141	0.	-0.32339	-4.5072e-003
6048	0.7362	0.	-0.80121	7.782e-005
6049	0.56595	0.	-0.77389	8.8731e-005
6050	0.6947	0.	-0.73582	1.1361e-004
6051	0.63318	0.	-0.88227	5.1457e-005
6052	0.6248	0.	-0.72139	1.2669e-004
6053	0.68538	0.	-0.85337	6.1163e-005
6054	0.57868	0.	-0.85976	6.0476e-005
6058	-0.85729	0.	-0.7952	7.993e-005
6059	-1.0245	0.	-0.80257	8.0068e-005
6060	-0.8933	0.	-0.86505	5.7637e-005
6061	-0.9189	0.	-0.72561	1.2268e-004
6062	-0.96494	0.	-0.87112	5.9607e-005
6063	-0.98861	0.	-0.75365	1.1077e-004
6067	0.59818	0.	-0.25773	7.693e-004
6068	0.54483	0.	-0.36767	5.7789e-004
6069	0.66543	0.	-0.39433	4.2691e-004
6070	0.52519	0.	-0.29998	8.5146e-004
6071	0.67763	0.	-0.33687	4.8735e-004
6075	-0.88909	0.	-0.1944	7.8493e-004
6076	-0.96727	0.	-0.22519	5.7557e-004
6077	-0.92	0.	-0.12886	7.6675e-004
6078	-1.0017	0.	-0.15754	5.6622e-004
6083	-0.23486	0.	-0.11034	-1.8338e-002
6084	-0.19184	0.	-0.12674	-3.1315e-002
6085	-0.24783	0.	-0.13673	-9.9549e-003
6086	-0.21182	0.	-0.11027	-3.608e-002
6087	-0.22563	0.	-0.15127	-1.6234e-002
6091	-8.7851e-002	0.	-0.10881	-4.5046e-002
6092	-7.9018e-002	0.	-8.8777e-002	-5.91e-002
6093	-0.11156	0.	-0.1074	-4.8005e-002
6094	-0.1209	0.	-8.7962e-002	-6.1783e-002
6099	-0.64103	0.	-0.46296	4.6598e-004
6100	-0.63745	0.	-0.59452	1.9369e-004
6101	-0.60258	0.	-0.53183	1.7966e-004
6102	-0.71308	0.	-0.44836	4.8127e-004
6103	-0.70579	0.	-0.59143	2.3963e-004
6106	-0.30101	0.	-0.58922	-4.6093e-004
6107	-0.23729	0.	-0.52883	-7.8719e-004
6108	-0.32111	0.	-0.50279	-5.3414e-004
6109	-0.26411	0.	-0.49758	-9.7627e-004
6110	-0.25818	0.	-0.56061	-6.0379e-004
6114	-0.63176	0.	-0.32771	1.1181e-003
6115	-0.70381	0.	-0.31311	1.1333e-003
6116	-0.61496	0.	-0.19466	2.8263e-003
6117	-0.74131	0.	-0.23518	1.2818e-003
6118	-0.67787	0.	-0.18706	1.9247e-003
6125	-2.9441e-002	0.	-0.15053	-9.8738e-003
6126	-7.6364e-002	0.	-0.1775	-1.4247e-002
6127	-5.6818e-002	0.	-0.20875	-1.0083e-002
6128	-5.8071e-002	0.	-0.15408	-1.953e-002
6129	-1.6008e-002	0.	-0.20717	-6.5867e-003
6133	0.34047	0.	-0.14003	3.072e-003
6134	0.49447	0.	-0.15983	1.5806e-003
6135	0.42148	0.	-0.20208	1.6627e-003
6136	0.36135	0.	-0.19427	2.2044e-003
6137	0.44212	0.	-0.108	2.0125e-003
6143	0.22015	0.	-0.14625	5.2269e-003
6144	0.29348	0.	-0.18646	3.1045e-003
6145	0.22062	0.	-0.10706	8.6017e-003
6146	0.23979	0.	-0.17942	3.5962e-003
6150	-0.3067	0.	-0.77125	-1.8348e-004
6151	-0.41417	0.	-0.7229	-1.1141e-004
6152	-0.34399	0.	-0.71185	-2.2225e-004
6153	-0.38648	0.	-0.84938	-8.7991e-005
6154	-0.33088	0.	-0.86762	-9.9475e-005
6160	0.36295	0.	-0.81468	3.0497e-005
6161	0.42141	0.	-0.74342	7.2697e-005
6162	0.37732	0.	-0.68807	1.0157e-004
6163	0.31851	0.	-0.70121	4.9267e-005
6168	-1.1316	0.	-0.34262	3.269e-004
6169	-1.058	0.	-0.45443	2.7329e-004
6170	-1.0698	0.	-0.4003	3.3619e-004
6171	-1.134	0.	-0.4738	2.5069e-004
6172	-1.1658	0.	-0.38616	2.8907e-004
6175	-5.4101e-002	0.	-0.58801	-6.0806e-004
6176	-0.13504	0.	-0.52646	-8.9683e-004
6177	-2.8263e-002	0.	-0.54362	-6.5962e-004
6178	-9.7012e-002	0.	-0.58018	-6.6934e-004
6179	-0.10437	0.	-0.49642	-1.3339e-003
6180	-5.4943e-002	0.	-0.50823	-8.4916e-004
6184	0.78422	0.	-0.49979	2.4783e-004
6185	0.79937	0.	-0.6119	1.6966e-004
6186	0.86206	0.	-0.47334	2.3477e-004
6187	0.87333	0.	-0.6129	1.5572e-004
6188	0.76918	0.	-0.55556	2.0973e-004
6193	-0.3348	0.	-0.34959	-7.4246e-004
6194	-0.33182	0.	-0.4275	-7.9855e-004
6195	-0.27481	0.	-0.42229	-1.2407e-003
6196	-0.2678	0.	-0.37516	-1.8268e-003
6197	-0.34711	0.	-0.38638	-6.2685e-004
6201	-0.74107	0.	-0.86599	4.557e-005
6202	-0.75896	0.	-0.72456	1.1896e-004
6203	-0.81684	0.	-0.86001	5.293e-005
6204	-0.7125	0.	-0.79324	6.4205e-005
6205	-0.84244	0.	-0.72056	1.1798e-004
6209	-0.32064	0.	-0.16179	6.0271e-003
6210	-0.30896	0.	-0.12975	7.9887e-003
6211	-0.32668	0.	-9.4695e-002	4.5512e-002
6212	-0.36414	0.	-9.679e-002	1.8528e-002
6217	1.6922e-002	0.	-0.10657	1.0699e-002
6218	-4.6603e-002	0.	-0.12711	-1.863e-002
6219	-3.7771e-002	0.	-0.10707	-3.2684e-002
6220	-1.41e-002	0.	-0.10365	-2.6647e-003
6224	0.78478	0.	-0.18823	4.8176e-004
6225	0.84578	0.	-0.32311	3.3069e-004
6226	0.85229	0.	-0.20832	3.9387e-004
6227	0.78015	0.	-0.29209	4.0418e-004
6232	0.11727	0.	-0.72438	-1.1431e-004
6233	4.4114e-002	0.	-0.84576	-9.2766e-005
6234	0.10843	0.	-0.86075	-8.1059e-005
6235	-1.4221e-003	0.	-0.80357	-1.3868e-004
6236	6.3085e-002	0.	-0.71527	-2.0571e-004
6237	2.4621e-002	0.	-0.74993	-1.8957e-004
6242	-0.35125	0.	-0.22464	-6.17e-005
6243	-0.26216	0.	-0.21804	-4.9242e-003
6244	-0.29036	0.	-0.17344	1.2145e-004
6245	-0.33128	0.	-0.25941	-1.0972e-003
6246	-0.26816	0.	-0.18797	-6.1574e-003
6251	-0.21654	0.	-0.7074	-3.4133e-004
6252	-0.25382	0.	-0.648	-3.801e-004
6253	-0.15207	0.	-0.64133	-4.7887e-004
6254	-0.21099	0.	-0.61939	-5.2296e-004
6258	-0.53424	0.	-0.4082	4.4247e-004
6259	-0.49579	0.	-0.47707	1.5615e-004
6260	-0.40773	0.	-0.44177	-9.8406e-005
6261	-0.45104	0.	-0.35459	6.8686e-004
6262	-0.42302	0.	-0.40065	7.33e-005
6267	0.10976	0.	-0.12493	1.8427e-002
6268	0.13554	0.	-0.19026	4.606e-003
6269	0.16817	0.	-0.12108	9.8565e-003
6270	0.18735	0.	-0.19344	4.851e-003
6274	0.21013	0.	-0.36806	7.728e-004
6275	0.29957	0.	-0.33065	1.1933e-003
6276	0.1946	0.	-0.31066	1.2119e-003
6277	0.27913	0.	-0.27869	1.806e-003
6278	0.22545	0.	-0.27165	2.2977e-003
6284	0.11432	0.	-0.42145	-3.2315e-004
6285	0.16083	0.	-0.36204	6.0953e-004
6286	0.21331	0.	-0.45405	1.9556e-004
6287	0.13784	0.	-0.3892	-7.533e-005
6288	0.13125	0.	-0.45371	-1.2584e-004
6292	-0.21467	0.	-0.82649	-1.8756e-004
6293	-0.23885	0.	-0.92287	-1.0355e-004
6294	-0.1266	0.	-0.86402	-1.3755e-004
6295	-0.14865	0.	-0.93326	-9.0862e-005
6301	-0.26571	0.	-0.11501	-6.3001e-003
6302	-0.2297	0.	-8.8547e-002	-3.2425e-002
6303	-0.28343	0.	-7.9953e-002	3.1224e-002
6308	0.42946	0.	-0.81666	5.6216e-005
6309	0.32086	0.	-0.91356	1.3082e-006
6310	0.44219	0.	-0.90253	2.7961e-005
6316	-0.82128	0.	-0.36881	5.6366e-004
6317	-0.85878	0.	-0.29089	7.1213e-004
6318	-0.94091	0.	-0.42918	3.6903e-004
6319	-0.95272	0.	-0.37505	4.3193e-004
6320	-0.93696	0.	-0.32168	5.0277e-004
6324	8.1806e-004	0.	-0.59996	-4.4645e-004
6325	-6.7931e-002	0.	-0.63653	-4.5617e-004
6326	2.0177e-002	0.	-0.65182	-3.3565e-004
6327	-1.8286e-002	0.	-0.68648	-3.1952e-004
6331	-1.0557	0.	-0.87344	5.5037e-005
6332	-1.1427	0.	-0.7354	1.0652e-004
6333	-1.1348	0.	-0.87396	5.4945e-005
6334	-1.0793	0.	-0.75598	1.062e-004
6339	0.78692	0.	-0.73465	1.1239e-004
6340	0.77761	0.	-0.8522	5.9936e-005
6341	0.86088	0.	-0.73565	9.8445e-005
6342	0.84086	0.	-0.8759	5.2087e-005
6345	3.0795e-002	0.	-0.39323	-1.2266e-003
6346	7.5795e-002	0.	-0.39121	-5.6896e-004
6347	1.2784e-002	0.	-0.45413	-8.4694e-004
6348	6.9205e-002	0.	-0.45573	-6.1947e-004
6352	-0.56912	0.	-0.47089	3.2908e-004
6353	-0.67962	0.	-0.38743	6.3069e-004
6358	-0.56554	0.	-0.60246	5.6791e-005
6359	-0.52756	0.	-0.66464	-1.3696e-005
6360	-0.66875	0.	-0.66206	1.1677e-004
6361	-0.62229	0.	-0.73074	6.2008e-005
6364	-0.38049	0.	-0.27858	6.813e-004
6365	-0.42081	0.	-0.2693	1.4105e-003
6366	-0.43295	0.	-0.22247	2.5842e-003
6370	0.66469	0.	-0.1471	7.8491e-004
6371	0.50761	0.	-0.21407	1.0714e-003
6372	0.66006	0.	-0.25096	7.0733e-004
6373	0.52826	0.	-0.11999	1.4212e-003
6379	-9.2273e-002	0.	-0.20875	-1.3556e-002
6380	-0.13341	0.	-0.20875	-1.4408e-002
6381	-9.3526e-002	0.	-0.15408	-2.3003e-002
6382	-0.11724	0.	-0.15267	-2.5962e-002
6386	-0.18668	0.	-0.10495	-4.5402e-002
6387	-0.14468	0.	-0.12463	-3.742e-002
6388	-0.17003	0.	-0.10018	-5.3748e-002
6389	-0.15402	0.	-0.10519	-5.1199e-002
6394	-0.49268	0.	-0.60194	-2.7734e-005
6400	-1.0763	0.	-0.32762	3.7322e-004
6401	-1.1545	0.	-0.19169	3.9402e-004
6402	-1.0606	0.	-0.27425	4.4406e-004
6403	-1.095	0.	-0.2066	4.3471e-004
6404	-1.1724	0.	-0.31347	3.2611e-004
6408	0.41457	0.	-0.36815	8.0897e-004
6409	0.45426	0.	-0.32401	8.8003e-004
6410	0.45945	0.	-0.45847	4.478e-004
6411	0.41423	0.	-0.42178	5.0923e-004
6416	0.36196	0.	-0.5963	1.6682e-004
6417	0.38459	0.	-0.54157	2.333e-004
6418	0.28722	0.	-0.52328	1.9906e-004
6419	0.2797	0.	-0.57285	1.0987e-004
6420	0.33936	0.	-0.50488	2.9474e-004
6421	0.30315	0.	-0.60944	1.1452e-004
6424	-5.3182e-002	0.	-0.27125	-6.7247e-003
6425	-1.2371e-002	0.	-0.26967	-3.2284e-003
6426	-6.465e-002	0.	-0.33869	-3.3289e-003
6427	-1.2159e-002	0.	-0.33274	-2.8466e-003
6432	2.0795e-002	0.	-8.6671e-002	1.7008e-002
6433	3.8864e-002	0.	-7.5944e-002	6.4479e-002
6434	0.11023	0.	-8.574e-002	2.1802e-002
6442	-0.11386	0.	-0.24	-1.0244e-002
6443	-3.1917e-002	0.	-0.23842	-5.8963e-003
6447	-0.27706	0.	-0.70143	-2.8115e-004
6448	-0.26395	0.	-0.85721	-1.5837e-004
6452	-0.18864	0.	-0.2353	-9.5523e-003
6453	-0.20756	0.	-0.26339	-6.5699e-003
6454	-0.22828	0.	-0.20054	-9.2415e-003
6457	-0.78917	0.	-0.2949	7.9445e-004
6462	0.20449	0.	-0.63265	-2.5681e-005
6463	0.11956	0.	-0.66839	-1.8502e-004
6464	0.22794	0.	-0.66924	-2.1035e-005
6469	-0.38452	0.	-0.65307	-2.0907e-004
6472	-0.27151	0.	-0.61342	-4.6278e-004
6476	9.1748e-002	0.	-0.93526	-3.8823e-005
6477	-1.8104e-002	0.	-0.87808	-9.6443e-005
6478	-4.0148e-002	0.	-0.94732	-4.9755e-005
6483	-0.63689	0.	-0.12832	3.1303e-003
6484	-0.52159	0.	-0.11605	6.4506e-003
6485	-0.51971	0.	-0.16853	3.7418e-003
6490	0.54677	0.	-0.69289	1.3638e-004
6491	0.44383	0.	-0.69005	1.2729e-004
6492	0.49765	0.	-0.67528	1.5671e-004
6493	0.50065	0.	-0.83127	7.0161e-005
6497	0.79294	0.	-0.41858	2.9145e-004
6498	0.70006	0.	-0.50081	2.6641e-004
6499	0.7273	0.	-0.38756	3.6494e-004
6504	-0.76323	0.	-0.16885	1.5858e-003
6505	-0.90485	0.	-0.24777	7.3355e-004
6506	-0.85758	0.	-0.15144	9.2473e-004
6507	-0.80934	0.	-0.15237	1.1922e-003
6512	-0.17392	0.	-0.26809	-8.1139e-003
6517	0.67552	0.	-0.65482	1.6126e-004
6518	0.81937	0.	-0.67026	1.3424e-004
6519	0.71522	0.	-0.61292	1.8825e-004
6525	-0.77707	0.	-0.93585	2.3278e-005
6526	-0.67274	0.	-0.86908	3.4553e-005
6527	-0.60753	0.	-0.93466	1.0564e-006
6532	-6.64e-002	0.	-0.11062	-4.234e-002
6533	-9.8947e-002	0.	-0.12925	-3.1245e-002
6537	-0.14887	0.	-0.57498	-7.4495e-004
6538	-0.15623	0.	-0.49121	-1.4096e-003
6539	-0.21371	0.	-0.49	-1.1615e-003
6540	-0.20779	0.	-0.55303	-7.8904e-004
6546	-0.25648	0.	-0.15594	-4.1958e-003
6547	-0.2964	0.	-0.10634	3.9607e-002
6552	0.39493	0.	-0.30046	1.0825e-003
6553	0.3348	0.	-0.29265	1.6242e-003
6554	0.3549	0.	-0.39824	7.1175e-004
6557	-0.94749	0.	-0.57227	2.0872e-004
6558	-1.0027	0.	-0.43943	3.1961e-004
6559	-1.0172	0.	-0.60031	1.968e-004
6560	-1.067	0.	-0.51293	2.3411e-004
6563	-0.45653	0.	-0.92229	-3.2598e-005
6564	-0.34373	0.	-0.93533	-6.2875e-005
6568	-0.69063	0.	-0.72765	1.0795e-004
6569	-0.82057	0.	-0.65498	1.6172e-004
6572	-0.92448	0.	-0.93593	3.2607e-005
6577	0.67458	0.	-0.93326	3.3574e-005
6578	0.56788	0.	-0.93965	3.2887e-005
6582	-0.57896	0.	-0.86191	1.9691e-005
6588	-3.3898e-002	0.	-8.7169e-002	-2.6375e-002
6595	0.81628	0.	-0.14247	4.9265e-004
6596	0.74414	0.	-0.22624	5.0296e-004
6601	-0.97376	0.	-0.67902	1.4881e-004
6604	0.64532	0.	-0.59849	2.0133e-004
6605	0.5565	0.	-0.62277	1.9467e-004
6608	4.6015e-002	0.	-0.60742	-3.8721e-004
6609	-2.4062e-005	0.	-0.52018	-6.8756e-004
6610	5.6396e-002	0.	-0.52177	-4.6008e-004
6614	-1.0753	0.	-0.94251	3.4484e-005
6620	-0.40084	0.	-0.30407	3.7502e-004
6621	-0.37282	0.	-0.35013	-2.3855e-004
6626	0.21339	0.	-0.94473	-1.9258e-005
6631	-0.19001	0.	-8.3705e-002	-5.8513e-002
6636	-0.74591	0.	-0.10424	1.8351e-003
6641	0.80515	0.	-0.36112	3.5188e-004
6647	0.42238	0.	-0.57997	2.2265e-004
6648	0.34094	0.	-0.64785	1.0386e-004
6649	0.45357	0.	-0.61993	1.8559e-004
6651	-0.29754	0.	-0.46396	-9.0847e-004
6652	-0.36984	0.	-0.42804	-2.9464e-004
6657	0.37449	0.	-0.24851	1.6952e-003
6661	5.6134e-002	0.	-0.22855	1.6517e-004
6665	0.12434	0.	-0.26245	1.8894e-003
6666	0.15518	0.	-0.22343	2.9752e-003
6670	0.39979	0.	-0.48855	3.5057e-004
6671	0.4762	0.	-0.5652	2.5207e-004
6678	-0.17781	0.	-0.32109	-4.2607e-003
6679	-0.20967	0.	-0.33033	-3.8272e-003
6684	-1.1068	0.	-0.68649	1.3722e-004
6685	-1.1566	0.	-0.5991	1.7453e-004
6690	-0.13199	0.	-0.1084	-4.7982e-002
6695	-0.99879	0.	-0.33193	4.5335e-004
6700	0.12231	0.	-0.3318	3.6373e-004
6701	0.17615	0.	-0.26563	2.1344e-003
6707	0.79004	0.	-0.92806	3.543e-005
6712	-0.16976	0.	-0.60676	-5.6155e-004
6722	0.24275	0.	-0.53823	1.3146e-004
6723	0.30241	0.	-0.47027	3.1633e-004
6727	-4.3173e-002	0.	-0.36894	-2.1187e-003
6728	-0.11061	0.	-0.41803	-2.2238e-003
6729	-0.12923	0.	-0.36045	-2.9954e-003
6733	5.4318e-002	0.	-0.36097	-9.7877e-004
6735	-1.1114	0.	-0.12836	4.648e-004
6740	0.25868	0.	-0.62439	4.6911e-005
6755	-8.5683e-002	0.	-0.90514	-9.5667e-005
6756	-3.7596e-002	0.	-0.78225	-1.9325e-004
6769	-0.35158	0.	-7.3382e-002	5.0146e-002
6778	-0.4533	0.	-0.24796	2.2779e-003
6779	-0.41315	0.	-0.34086	4.9063e-004
6786	0.26068	0.	-0.23366	2.7285e-003
6789	-0.18304	0.	-0.45996	-1.5986e-003
6790	-0.14418	0.	-0.4036	-2.6182e-003
6791	-0.17603	0.	-0.41283	-2.1847e-003
6792	-7.6131e-002	0.	-0.47299	-1.3619e-003
6797	2.6911e-002	0.	-0.69394	-2.6028e-004
6801	-0.42912	0.	-8.5824e-002	1.6016e-002
6806	-1.0932	0.	-0.61968	1.742e-004
6811	-0.23352	0.	-0.41162	-1.9367e-003
6815	-0.19465	0.	-0.35525	-2.9563e-003
6817	-1.0175	0.	-0.21091	5.1484e-004
6820	-0.46732	0.	-0.14865	6.1605e-003
6827	7.8409e-003	0.	-7.3023e-002	5.1116e-002
6832	-0.15734	0.	-8.3947e-002	-6.431e-002
6840	2.9716e-002	0.	-0.48639	-6.4963e-004
6844	-0.84025	0.	-8.6834e-002	1.174e-003
1	0.	0.	5.25e-002	8.2659e-002
2	-2.5455e-002	0.	5.25e-002	-1.8821e-002
3	-5.0909e-002	0.	5.25e-002	-7.104e-002
4	-7.6364e-002	0.	5.25e-002	-7.8913e-002
5	-0.10182	0.	5.25e-002	-8.8304e-002
6	-0.12727	0.	5.25e-002	-8.7394e-002
7	-0.15273	0.	5.25e-002	-8.6357e-002
8	-0.17818	0.	5.25e-002	-8.952e-002
9	-0.20364	0.	5.25e-002	-9.4012e-002
10	-0.22909	0.	5.25e-002	-7.4223e-002
11	-0.25455	0.	5.25e-002	-2.7172e-002
12	-0.28	0.	5.25e-002	8.6953e-002
13	-0.28	0.	3.5e-002	0.23284
23	0.	0.	3.5e-002	0.25367
346	9.0909e-002	0.	0.	9.7388e-002
347	0.18182	0.	0.	1.5805e-002
348	0.27273	0.	0.	6.4211e-003
349	0.36364	0.	0.	3.2695e-003
350	0.45455	0.	0.	1.9861e-003
351	0.54545	0.	0.	1.2338e-003
352	0.63636	0.	0.	8.7909e-004
353	0.72727	0.	0.	6.3208e-004
354	0.81818	0.	0.	4.8874e-004
355	0.90909	0.	0.	4.1113e-004
356	-1.1891	0.	0.	4.0888e-004
357	-1.0982	0.	0.	4.8424e-004
358	-1.0073	0.	0.	6.1978e-004
359	-0.91636	0.	0.	8.8997e-004
360	-0.82545	0.	0.	1.2424e-003
361	-0.73455	0.	0.	1.8069e-003
362	-0.64364	0.	0.	2.6108e-003
363	-0.55273	0.	0.	6.5131e-003
364	-0.46182	0.	0.	1.7661e-002
365	-0.37091	0.	0.	9.2788e-002
409	-1.28	0.	9.5682e-002	3.8011e-004
410	-1.28	0.	0.19136	3.5738e-004
411	-1.28	0.	0.28705	3.1382e-004
412	-1.28	0.	0.38273	2.6963e-004
413	-1.28	0.	0.47841	2.2265e-004
414	-1.28	0.	0.57409	1.6866e-004
415	-1.28	0.	0.66977	1.3413e-004
416	-1.28	0.	0.76545	8.6662e-005
417	-1.28	0.	0.86114	5.4316e-005
418	-1.28	0.	0.95682	2.7848e-005
424	-1.185	0.	1.0525	1.4152e-005
425	-1.09	0.	1.0525	1.2569e-005
426	-0.995	0.	1.0525	1.1873e-005
427	-0.9	0.	1.0525	1.2689e-005
428	-0.805	0.	1.0525	9.507e-006
429	-0.71	0.	1.0525	5.0777e-006
430	-0.615	0.	1.0525	9.5443e-007
431	-0.52	0.	1.0525	-7.7346e-006
432	-0.425	0.	1.0525	-1.2308e-005
433	-0.33	0.	1.0525	-2.1355e-005
434	-0.235	0.	1.0525	-3.3595e-005
435	-0.14	0.	1.0525	-2.9072e-005
436	-4.5e-002	0.	1.0525	-1.6362e-005
437	5.e-002	0.	1.0525	-2.8827e-005
438	0.145	0.	1.0525	-1.172e-005
439	0.24	0.	1.0525	-5.4118e-006
440	0.335	0.	1.0525	2.3281e-006
441	0.43	0.	1.0525	8.1703e-006
442	0.525	0.	1.0525	9.0895e-006
443	0.62	0.	1.0525	1.815e-005
444	0.715	0.	1.0525	1.1778e-005
445	0.81	0.	1.0525	1.2583e-005
446	0.905	0.	1.0525	1.3601e-005
452	1.	0.	0.95682	2.7028e-005
453	1.	0.	0.86114	6.5821e-005
454	1.	0.	0.76545	9.3879e-005
455	1.	0.	0.66977	1.2797e-004
456	1.	0.	0.57409	1.7079e-004
457	1.	0.	0.47841	2.2972e-004
458	1.	0.	0.38273	2.8135e-004
459	1.	0.	0.28705	3.1289e-004
460	1.	0.	0.19136	3.4963e-004
461	1.	0.	9.5682e-002	3.9092e-004
462	0.	0.	0.	0.43796
463	-0.28	0.	0.	0.36643
469	1.	0.	0.	3.9039e-004
471	-1.28	0.	0.	3.9332e-004
474	-1.28	0.	1.0525	1.1538e-005
475	1.	0.	1.0525	1.071e-005
476	0.10883	0.	0.55178	-2.7065e-004
477	-0.40014	0.	0.56296	-2.0681e-004
478	-0.26626	0.	0.29196	-3.0574e-003
479	7.9869e-002	0.	0.28723	2.9324e-004
480	-0.85855	0.	0.5039	3.1722e-004
481	0.55343	0.	0.49502	3.2871e-004
482	-0.1834	0.	0.16245	-2.1196e-002
483	0.31285	0.	0.38999	7.2476e-004
484	-7.1818e-002	0.	0.4275	-1.8014e-003
485	-0.10591	0.	0.74	-3.0524e-004
486	-0.51488	0.	0.29204	1.5104e-003
487	-0.38619	0.	0.16673	8.7646e-003
488	2.1333e-002	0.	0.17783	-4.8377e-004
489	-0.5075	0.	0.8025	-2.915e-005
490	0.21461	0.	0.8015	-2.837e-005
491	-0.13571	0.	0.30456	-5.6045e-003
492	0.63035	0.	0.79864	8.8494e-005
493	-0.89952	0.	0.77948	9.482e-005
494	0.58215	0.	0.33378	6.4402e-004
495	-0.85134	0.	0.36674	5.383e-004
496	-0.24732	0.	8.7258e-002	-3.8101e-002
497	-0.15423	0.	0.12365	-3.8739e-002
498	-0.53074	0.	0.54984	9.7985e-005
499	-0.16907	0.	0.46308	-1.5358e-003
500	0.35818	0.	0.27265	1.4785e-003
501	0.14514	0.	0.20154	3.8257e-003
502	-0.23009	0.	0.74372	-2.978e-004
503	0.44259	0.	0.62226	1.6843e-004
504	-0.72917	0.	0.61114	2.5664e-004
505	-0.7521	0.	0.44476	4.6386e-004
506	-9.1344e-002	0.	0.5185	-9.0558e-004
507	-8.8182e-002	0.	0.14972	-2.4591e-002
508	0.70667	0.	0.535	2.3941e-004
509	-0.98667	0.	0.535	2.4107e-004
510	-0.75173	0.	0.31787	9.5843e-004
511	-0.35455	0.	0.46917	-5.5052e-004
512	-0.65903	0.	0.81338	3.0767e-005
513	0.48173	0.	0.77687	6.9991e-005
514	-0.33693	0.	0.11779	1.3546e-002
515	-1.1069	0.	0.27715	3.8951e-004
516	0.82686	0.	0.27715	3.735e-004
517	-0.21049	0.	0.615	-5.6884e-004
518	-6.2278e-002	0.	0.25418	-6.1353e-003
519	7.9118e-002	0.	0.77302	-1.3084e-004
520	-0.39273	0.	0.28938	9.2672e-004
521	0.29192	0.	0.59409	1.1302e-004
522	0.19409	0.	0.36842	6.9693e-004
523	-5.7721e-002	0.	0.10801	-4.0463e-002
524	-1.1236	0.	0.76327	8.6358e-005
525	0.8436	0.	0.76326	9.5316e-005
526	0.10649	0.	0.43101	-2.5878e-004
527	-2.2355e-002	0.	0.66216	-3.6651e-004
528	2.0566e-002	0.	0.12146	1.019e-002
529	-0.70737	0.	0.16059	1.6595e-003
530	0.45673	0.	0.11725	1.8829e-003
531	-0.89366	0.	0.12892	9.4994e-004
532	0.59533	0.	0.16114	8.6294e-004
533	-0.32283	0.	0.22649	-4.7944e-004
534	-0.11214	0.	0.21326	-1.26e-002
535	-5.0436e-002	0.	0.33171	-3.3747e-003
536	-0.42908	0.	0.387	1.8694e-004
537	0.44715	0.	0.37301	7.4827e-004
538	-0.19742	0.	0.115	-3.6117e-002
539	-0.27565	0.	0.89678	-8.8142e-005
540	-0.31989	0.	0.65667	-3.0332e-004
541	-0.55085	0.	0.41165	6.1326e-004
542	-0.21472	0.	0.24329	-7.1666e-003
543	-0.12735	0.	8.8324e-002	-6.3531e-002
544	0.17375	0.	0.6775	-1.0117e-004
545	-0.45375	0.	0.6775	-9.1252e-005
546	0.82365	0.	0.93241	3.146e-005
547	-1.1031	0.	0.93178	2.738e-005
548	0.33833	0.	0.70682	6.2825e-005
549	0.1029	0.	0.91188	-4.8483e-005
550	0.32302	0.	0.12522	3.2449e-003
551	-0.21582	0.	0.38123	-2.3859e-003
552	-0.37364	0.	0.78167	-1.1062e-004
553	0.42058	0.	0.94247	2.0627e-005
554	-0.71857	0.	0.95963	1.4372e-005
555	-0.59542	0.	0.66824	6.9916e-005
556	0.24992	0.	0.22418	2.446e-003
557	-0.31728	0.	0.37257	-8.4296e-004
558	-0.62801	0.	0.29846	1.3211e-003
559	0.215	0.	0.48074	1.7605e-004
560	-1.1481	0.	0.52009	2.019e-004
561	0.86814	0.	0.52009	2.0209e-004
562	1.2147e-002	0.	0.47718	-8.8105e-004
563	8.0602e-002	0.	0.15749	7.2815e-003
564	0.56042	0.	0.92133	3.1223e-005
565	-2.898e-002	0.	0.15512	-1.0329e-002
566	0.77309	0.	0.40929	3.0372e-004
567	-1.0531	0.	0.40929	3.1549e-004
568	2.4608e-002	0.	0.36877	-1.4953e-003
569	-0.28887	0.	0.5499	-6.9037e-004
570	0.74485	0.	0.12974	5.5047e-004
571	-1.0266	0.	0.12773	6.2647e-004
572	-0.87068	0.	0.64014	2.028e-004
573	-0.76146	0.	0.72302	1.2158e-004
574	0.58725	0.	0.65268	1.6933e-004
575	-0.57426	0.	0.93058	-1.4369e-006
576	-0.42944	0.	0.93843	-3.2383e-005
577	0.37978	0.	0.49307	3.5977e-004
578	-0.94118	0.	0.92479	3.4294e-005
579	0.49652	0.	0.25354	1.0069e-003
580	-0.11084	0.	0.63323	-5.1493e-004
581	-0.16974	0.	8.6103e-002	-7.0034e-002
582	0.16061	0.	0.10461	1.3464e-002
583	8.276e-002	0.	0.10024	3.0614e-002
584	3.3096e-002	0.	6.7569e-002	6.2069e-002
585	0.23375	0.	0.9275	-1.22e-005
586	-0.19545	0.	0.3025	-4.7023e-003
587	-0.15557	0.	0.25563	-8.0327e-003
588	-0.25247	0.	0.46396	-1.0804e-003
589	0.68051	0.	0.9235	3.6775e-005
590	-0.45306	0.	0.47469	4.3688e-006
591	-0.15761	0.	0.82854	-1.6551e-004
592	-0.6403	0.	0.48794	3.3871e-004
593	-6.0455e-002	0.	0.19376	-1.248e-002
594	-1.1781	0.	0.39085	2.7689e-004
595	0.89814	0.	0.39085	2.8042e-004
596	-3.892e-003	0.	0.56552	-5.618e-004
597	0.35857	0.	0.8223	1.987e-005
598	-1.1638	0.	0.16256	4.1111e-004
599	0.88379	0.	0.16256	3.9051e-004
600	-0.47292	0.	0.20903	4.2364e-003
601	-0.82104	0.	0.8542	4.8199e-005
602	-0.31282	0.	7.1161e-002	6.7413e-002
603	-0.28489	0.	0.11796	6.6215e-003
604	-0.59187	0.	0.21842	2.3614e-003
605	0.70875	0.	0.6883	1.2644e-004
606	-0.98875	0.	0.6883	1.2587e-004
607	-0.17984	0.	0.91889	-8.4012e-005
608	6.402e-002	0.	0.66435	-3.167e-004
609	-0.30411	0.	0.16464	1.6814e-003
610	-1.0836	0.	0.62491	1.6904e-004
611	0.80357	0.	0.6249	1.6756e-004
612	3.8434e-003	0.	0.28163	-2.9967e-003
613	-0.39495	0.	6.5573e-002	2.9733e-002
614	-9.4887e-002	0.	9.5987e-002	-5.4012e-002
615	5.3084e-002	0.	0.22	1.0117e-003
616	0.91715	0.	0.64989	1.3739e-004
617	-1.1971	0.	0.6499	1.3112e-004
618	-0.4692	0.	9.6172e-002	9.805e-003
619	-0.13546	0.	0.16603	-2.5382e-002
620	0.26743	0.	0.31626	1.2835e-003
621	0.17378	0.	0.29008	1.3954e-003
622	-1.2108	0.	0.85205	5.5783e-005
623	0.93097	0.	0.85216	5.9058e-005
624	-0.18718	0.	0.54061	-8.0136e-004
625	-0.65989	0.	0.39159	6.9359e-004
626	-0.20255	0.	7.8598e-002	-7.5782e-002
627	-5.6397e-003	0.	7.9816e-002	1.5168e-002
628	-0.94213	0.	0.41902	3.6665e-004
629	0.66518	0.	0.42128	3.7328e-004
630	-0.26269	0.	0.20713	-5.0603e-003
631	-0.83716	0.	0.96872	2.0517e-005
632	-2.4623e-002	0.	0.83994	-1.4598e-004
633	-0.76641	0.	8.0294e-002	1.6215e-003
634	-0.16282	0.	0.35243	-3.4432e-003
635	-0.82192	0.	0.22243	9.2143e-004
636	-2.4152e-002	0.	0.96952	-4.0333e-005
637	0.70524	0.	0.29367	5.186e-004
638	-0.96101	0.	0.28019	6.1023e-004
639	-0.11789	0.	0.12487	-3.3915e-002
640	0.23803	0.	0.12047	5.5068e-003
641	-1.1905e-002	0.	0.74543	-2.2616e-004
642	-1.0111	0.	0.8179	6.5854e-005
643	0.73703	0.	0.82169	7.094e-005
644	-0.24035	0.	0.14878	-1.2753e-002
645	-1.2155e-002	0.	0.21401	-4.2675e-003
646	-2.0909e-002	0.	0.10806	-1.749e-002
647	-4.1136e-002	0.	7.6806e-002	-4.6653e-002
648	-0.17058	0.	0.20878	-1.3311e-002
649	-0.21559	0.	0.194	-1.2799e-002
650	0.11345	0.	0.34758	1.9825e-004
651	-0.11001	0.	0.35267	-3.3763e-003
652	-9.2959e-002	0.	0.30051	-6.1239e-003
653	-0.61685	0.	0.13339	3.492e-003
2024	-1.2727e-002	0.	5.25e-002	3.1919e-002
2025	0.	0.	4.375e-002	0.16816
2027	1.6548e-002	0.	6.0035e-002	7.2364e-002
2028	-2.8198e-003	0.	6.6158e-002	4.8913e-002
2032	-3.8182e-002	0.	5.25e-002	-4.493e-002
2035	-1.5547e-002	0.	6.6158e-002	-1.8265e-003
2036	-3.3295e-002	0.	6.4653e-002	-3.2737e-002
2039	-6.3636e-002	0.	5.25e-002	-7.4976e-002
2042	-4.6023e-002	0.	6.4653e-002	-5.8846e-002
2044	-8.9091e-002	0.	5.25e-002	-8.3609e-002
2047	-6.7042e-002	0.	8.0253e-002	-5.9688e-002
2048	-8.5625e-002	0.	7.4244e-002	-6.6462e-002
2049	-5.875e-002	0.	6.4653e-002	-6.2783e-002
2052	-0.11455	0.	5.25e-002	-8.7849e-002
2055	-0.11459	0.	7.0412e-002	-7.5918e-002
2056	-9.8353e-002	0.	7.4244e-002	-7.1158e-002
2058	-0.14	0.	5.25e-002	-8.6876e-002
2061	-0.12731	0.	7.0412e-002	-7.5463e-002
2064	-0.16545	0.	5.25e-002	-8.7939e-002
2067	-0.14004	0.	7.0412e-002	-7.4944e-002
2068	-0.16123	0.	6.9301e-002	-7.8196e-002
2071	-0.19091	0.	5.25e-002	-9.1766e-002
2074	-0.17396	0.	6.9301e-002	-7.9777e-002
2075	-0.19037	0.	6.5549e-002	-8.2651e-002
2077	-0.21636	0.	5.25e-002	-8.4117e-002
2080	-0.20309	0.	6.5549e-002	-8.4897e-002
2082	-0.24182	0.	5.25e-002	-5.0698e-002
2085	-0.23821	0.	6.9879e-002	-5.6162e-002
2086	-0.21582	0.	6.5549e-002	-7.5003e-002
2088	-0.26727	0.	5.25e-002	2.989e-002
2091	-0.25093	0.	6.9879e-002	-3.2637e-002
2093	-0.28	0.	4.375e-002	0.15989
2095	-0.26366	0.	6.9879e-002	2.4426e-002
2096	-0.29641	0.	6.1831e-002	7.7183e-002
2097	-0.28244	0.	8.5228e-002	4.6787e-002
2102	-0.32545	0.	1.75e-002	0.16281
2103	-0.28	0.	1.75e-002	0.29963
2104	-0.29641	0.	5.3081e-002	0.15012
2153	4.5455e-002	0.	1.75e-002	0.17553
2154	0.	0.	1.75e-002	0.34581
2155	1.6548e-002	0.	5.1285e-002	0.15787
4121	0.13636	0.	0.	5.6596e-002
4122	4.5455e-002	0.	0.	0.26767
4123	0.12576	0.	5.2304e-002	5.5426e-002
4124	8.6835e-002	0.	5.0121e-002	6.4001e-002
4125	6.2003e-002	0.	3.3785e-002	7.9728e-002
4139	0.22727	0.	0.	1.1113e-002
4140	0.17121	0.	5.2304e-002	1.4634e-002
4141	0.20992	0.	6.0234e-002	1.0656e-002
4146	0.31818	0.	0.	4.8453e-003
4147	0.29787	0.	6.2609e-002	4.833e-003
4148	0.25538	0.	6.0234e-002	5.964e-003
4157	0.40909	0.	0.	2.6278e-003
4158	0.41018	0.	5.8627e-002	2.5762e-003
4159	0.34333	0.	6.2609e-002	3.2572e-003
4166	0.5	0.	0.	1.61e-003
4167	0.45564	0.	5.8627e-002	1.9345e-003
4171	0.59091	0.	0.	1.0565e-003
4172	0.50109	0.	5.8627e-002	1.5584e-003
4173	0.57039	0.	8.057e-002	1.0484e-003
4178	0.68182	0.	0.	7.5558e-004
4179	0.61585	0.	8.057e-002	8.7102e-004
4180	0.69061	0.	6.4868e-002	7.1478e-004
4187	0.77273	0.	0.	5.6041e-004
4188	0.73606	0.	6.4868e-002	5.9128e-004
4191	0.86364	0.	0.	4.4993e-004
4192	0.78151	0.	6.4868e-002	5.1961e-004
4193	0.85098	0.	8.1278e-002	4.3963e-004
4199	0.95455	0.	4.7841e-002	4.0103e-004
4200	0.95455	0.	0.	4.0076e-004
4201	0.89644	0.	8.1278e-002	4.0082e-004
4206	-1.1436	0.	0.	4.4656e-004
4207	-1.2345	0.	4.7841e-002	3.9449e-004
4208	-1.2345	0.	0.	4.011e-004
4209	-1.1764	0.	8.1278e-002	4.0999e-004
4214	-1.0527	0.	0.	5.5201e-004
4215	-1.0624	0.	6.3866e-002	5.5535e-004
4216	-1.131	0.	8.1278e-002	4.4767e-004
4225	-0.96182	0.	0.	7.5487e-004
4226	-1.0169	0.	6.3866e-002	6.2312e-004
4232	-0.87091	0.	0.	1.0662e-003
4233	-0.90501	0.	6.4458e-002	9.1995e-004
4234	-0.97147	0.	6.3866e-002	7.5822e-004
4239	-0.78	0.	0.	1.5247e-003
4240	-0.85955	0.	6.4458e-002	1.0962e-003
4241	-0.79593	0.	4.0147e-002	1.432e-003
4247	-0.68909	0.	0.	2.2089e-003
4248	-0.75048	0.	4.0147e-002	1.7142e-003
4252	-0.59818	0.	0.	4.5619e-003
4253	-0.67551	0.	8.0294e-002	2.1351e-003
4254	-0.70503	0.	4.0147e-002	2.1162e-003
4255	-0.63024	0.	6.6694e-002	3.0514e-003
4261	-0.50727	0.	0.	1.2087e-002
4262	-0.51097	0.	4.8086e-002	8.1591e-003
4263	-0.58479	0.	6.6694e-002	5.0026e-003
4270	-0.41636	0.	0.	5.5224e-002
4271	-0.42838	0.	3.2786e-002	2.3697e-002
4272	-0.46551	0.	4.8086e-002	1.3733e-002
4279	-0.32545	0.	0.	0.22961
4280	-0.34186	0.	3.5581e-002	8.0101e-002
4281	-0.38293	0.	3.2786e-002	6.1261e-002
4532	-1.28	0.	0.14352	3.6875e-004
4533	-1.28	0.	4.7841e-002	3.8672e-004
4534	-1.2219	0.	0.12912	3.9561e-004
4538	-1.28	0.	0.2392	3.356e-004
4539	-1.1934	0.	0.23426	3.7345e-004
4540	-1.2219	0.	0.17696	3.8425e-004
4542	-1.28	0.	0.33489	2.9172e-004
4543	-1.1934	0.	0.2821	3.5166e-004
4544	-1.2291	0.	0.33895	2.9535e-004
4548	-1.28	0.	0.43057	2.4614e-004
4549	-1.2291	0.	0.38679	2.7326e-004
4553	-1.28	0.	0.52625	1.9565e-004
4554	-1.2141	0.	0.49925	2.1228e-004
4555	-1.2291	0.	0.43463	2.4977e-004
4559	-1.28	0.	0.62193	1.5139e-004
4560	-1.2141	0.	0.54709	1.8528e-004
4561	-1.2386	0.	0.61199	1.4989e-004
4563	-1.28	0.	0.71761	1.1039e-004
4564	-1.2386	0.	0.65984	1.3262e-004
4567	-1.28	0.	0.8133	7.0489e-005
4568	-1.2018	0.	0.76436	8.651e-005
4569	-1.2386	0.	0.70768	1.0889e-004
4570	-1.2454	0.	0.80875	7.1223e-005
4574	-1.28	0.	0.90898	4.1082e-005
4575	-1.2454	0.	0.85659	5.505e-005
4578	-1.2325	0.	1.0047	2.1e-005
4579	-1.28	0.	1.0047	1.9693e-005
4580	-1.1916	0.	0.9443	2.7614e-005
4581	-1.2454	0.	0.90443	4.1816e-005
4611	-1.1375	0.	1.0525	1.3361e-005
4612	-1.2325	0.	1.0525	1.2845e-005
4613	-1.1441	0.	0.99214	2.0766e-005
4616	-1.0425	0.	1.0525	1.2221e-005
4617	-1.0966	0.	0.99214	1.9975e-005
4620	-0.9475	0.	1.0525	1.2281e-005
4621	-1.0491	0.	0.99214	1.9627e-005
4622	-0.96809	0.	0.98865	2.3084e-005
4624	-0.8525	0.	1.0525	1.1098e-005
4625	-0.92059	0.	0.98865	2.3492e-005
4626	-0.86858	0.	1.0106	1.6603e-005
4630	-0.7575	0.	1.0525	7.2924e-006
4631	-0.76179	0.	1.0061	1.194e-005
4632	-0.82108	0.	1.0106	1.5012e-005
4636	-0.6625	0.	1.0525	3.0161e-006
4637	-0.71429	0.	1.0061	9.725e-006
4639	-0.5675	0.	1.0525	-3.3901e-006
4640	-0.66679	0.	1.0061	7.6633e-006
4641	-0.59463	0.	0.99154	-2.4122e-007
4644	-0.4725	0.	1.0525	-1.0021e-005
4645	-0.54713	0.	0.99154	-4.5857e-006
4646	-0.47472	0.	0.99547	-2.0059e-005
4650	-0.3775	0.	1.0525	-1.6831e-005
4651	-0.42722	0.	0.99547	-2.2346e-005
4653	-0.2825	0.	1.0525	-2.7475e-005
4654	-0.30283	0.	0.97464	-5.4748e-005
4655	-0.37972	0.	0.99547	-2.6869e-005
4659	-0.1875	0.	1.0525	-3.1333e-005
4660	-0.25533	0.	0.97464	-6.0869e-005
4661	-0.20742	0.	0.98569	-5.8804e-005
4666	-9.25e-002	0.	1.0525	-2.2717e-005
4667	-0.15992	0.	0.98569	-5.6542e-005
4668	-8.2076e-002	0.	1.011	-3.4703e-005
4671	2.5e-003	0.	1.0525	-2.2595e-005
4672	-3.4576e-002	0.	1.011	-2.8348e-005
4675	9.75e-002	0.	1.0525	-2.0274e-005
4676	7.6449e-002	0.	0.98219	-3.8655e-005
4677	1.2924e-002	0.	1.011	-3.458e-005
4681	0.1925	0.	1.0525	-8.5661e-006
4682	0.12395	0.	0.98219	-3.0102e-005
4683	0.18937	0.	0.99	-1.196e-005
4685	0.2875	0.	1.0525	-1.5418e-006
4686	0.23687	0.	0.99	-8.8056e-006
4690	0.3825	0.	1.0525	5.2492e-006
4691	0.37779	0.	0.99748	1.1477e-005
4692	0.28438	0.	0.99	-4.9357e-006
4696	0.4775	0.	1.0525	8.6299e-006
4697	0.42529	0.	0.99748	1.4398e-005
4701	0.5725	0.	1.0525	1.362e-005
4702	0.47279	0.	0.99748	1.4858e-005
4703	0.54271	0.	0.98691	2.0156e-005
4705	0.6675	0.	1.0525	1.4964e-005
4706	0.59021	0.	0.98691	2.4687e-005
4707	0.65026	0.	0.988	2.7463e-005
4712	0.7625	0.	1.0525	1.2181e-005
4713	0.76933	0.	0.99246	2.1619e-005
4714	0.69776	0.	0.988	2.4277e-005
4716	0.8575	0.	1.0525	1.3092e-005
4717	0.81683	0.	0.99246	2.2022e-005
4721	0.9525	0.	1.0047	2.0315e-005
4722	0.9525	0.	1.0525	1.2156e-005
4723	0.86433	0.	0.99246	2.2531e-005
4753	1.	0.	0.90898	4.6424e-005
4754	1.	0.	1.0047	1.8869e-005
4755	0.91183	0.	0.94461	2.9244e-005
4756	0.96549	0.	0.90449	4.3043e-005
4759	1.	0.	0.8133	7.985e-005
4760	0.96549	0.	0.85665	6.2439e-005
4764	1.	0.	0.71761	1.1093e-004
4765	0.9218	0.	0.76436	9.4598e-005
4766	0.95858	0.	0.70767	1.1563e-004
4767	0.96549	0.	0.80881	7.6469e-005
4770	1.	0.	0.62193	1.4938e-004
4771	0.95858	0.	0.65983	1.3268e-004
4777	1.	0.	0.52625	2.0025e-004
4778	0.93407	0.	0.54709	1.8644e-004
4779	0.95858	0.	0.61199	1.5409e-004
4781	1.	0.	0.43057	2.5553e-004
4782	0.93407	0.	0.49925	2.159e-004
4783	0.94907	0.	0.43463	2.5507e-004
4788	1.	0.	0.33489	2.9712e-004
4789	0.94907	0.	0.38679	2.8088e-004
4793	1.	0.	0.2392	3.3126e-004
4794	0.91343	0.	0.2821	3.4319e-004
4795	0.94907	0.	0.33895	2.9666e-004
4799	1.	0.	0.14352	3.7028e-004
4800	0.91343	0.	0.23426	3.6157e-004
4801	0.94189	0.	0.17696	3.7007e-004
4805	1.	0.	4.7841e-002	3.9066e-004
4806	0.94189	0.	0.12912	3.9072e-004
4835	0.20038	0.	0.57294	-7.8816e-005
4836	0.10766	0.	0.4914	-2.6471e-004
4837	0.14129	0.	0.61464	-1.8591e-004
4838	0.16192	0.	0.51626	-4.7298e-005
4839	6.049e-002	0.	0.51448	-5.7585e-004
4840	5.2471e-002	0.	0.55865	-4.1622e-004
4841	8.6427e-002	0.	0.60807	-2.9368e-004
4845	-0.46544	0.	0.5564	-5.4413e-005
4846	-0.37734	0.	0.51606	-3.7866e-004
4847	-0.36001	0.	0.60981	-2.5506e-004
4848	-0.42695	0.	0.62023	-1.4903e-004
4849	-0.34451	0.	0.55643	-4.4859e-004
4850	-0.4266	0.	0.51882	-1.0122e-004
4854	-0.3295	0.	0.29067	-1.0653e-003
4855	-0.29455	0.	0.25923	-1.7684e-003
4856	-0.24049	0.	0.26762	-5.112e-003
4857	-0.24104	0.	0.33659	-2.7216e-003
4858	-0.29177	0.	0.33226	-1.9502e-003
4859	-0.23086	0.	0.29723	-3.8798e-003
4860	-0.26448	0.	0.24955	-4.0588e-003
4865	0.11251	0.	0.24438	2.0595e-003
4866	5.2239e-002	0.	0.328	-6.0104e-004
4867	4.1856e-002	0.	0.28443	-1.3517e-003
4868	6.6477e-002	0.	0.25361	6.5246e-004
4869	0.12682	0.	0.28865	8.4434e-004
4870	9.666e-002	0.	0.3174	2.4574e-004
4874	-0.85494	0.	0.43532	4.2776e-004
4875	-0.79386	0.	0.55752	2.8693e-004
4876	-0.80533	0.	0.47433	3.9054e-004
4877	-0.92261	0.	0.51945	2.7915e-004
4878	-0.86462	0.	0.57202	2.6001e-004
4879	-0.90034	0.	0.46146	3.4194e-004
4882	0.56779	0.	0.4144	4.8636e-004
4883	0.49801	0.	0.55864	2.4857e-004
4884	0.63005	0.	0.51501	2.8406e-004
4885	0.50029	0.	0.43402	5.3849e-004
4886	0.57034	0.	0.57385	2.4902e-004
4887	0.4666	0.	0.49405	3.4424e-004
4888	0.60931	0.	0.45815	3.51e-004
4894	-0.16882	0.	0.14305	-2.9968e-002
4895	-0.19041	0.	0.13873	-2.8657e-002
4896	-0.15943	0.	0.16424	-2.3289e-002
4897	-0.21188	0.	0.15562	-1.6975e-002
4898	-0.17699	0.	0.18562	-1.7253e-002
4899	-0.1995	0.	0.17823	-1.6997e-002
4903	0.33552	0.	0.33132	1.1016e-003
4904	0.25347	0.	0.3792	7.1084e-004
4905	0.38	0.	0.3815	7.3652e-004
4906	0.26393	0.	0.43536	4.5041e-004
4907	0.34632	0.	0.44153	5.4227e-004
4908	0.29014	0.	0.35312	1.0041e-003
4912	-0.12044	0.	0.44529	-1.6686e-003
4913	-8.1581e-002	0.	0.473	-1.3535e-003
4914	-6.1127e-002	0.	0.37961	-2.588e-003
4915	-2.9836e-002	0.	0.45234	-1.3412e-003
4916	-2.3605e-002	0.	0.39813	-1.6484e-003
4917	-9.0915e-002	0.	0.39009	-2.5889e-003
4922	-0.168	0.	0.74186	-3.0152e-004
4923	-6.4132e-002	0.	0.70108	-3.3588e-004
4924	-0.10838	0.	0.68661	-4.1008e-004
4925	-0.13176	0.	0.78427	-2.3537e-004
4926	-6.5266e-002	0.	0.78997	-2.2561e-004
4927	-5.8907e-002	0.	0.74271	-2.657e-004
4931	-0.4538	0.	0.29071	1.2186e-003
4932	-0.47198	0.	0.33952	8.4869e-004
4933	-0.53286	0.	0.35184	1.0619e-003
4934	-0.57144	0.	0.29525	1.4158e-003
4935	-0.4939	0.	0.25053	2.8734e-003
4936	-0.55337	0.	0.25523	1.9359e-003
4940	-0.36156	0.	0.14226	1.1155e-002
4941	-0.38946	0.	0.22805	4.8457e-003
4942	-0.35451	0.	0.19661	4.1426e-003
4943	-0.42955	0.	0.18788	6.5005e-003
4944	-0.34515	0.	0.16568	5.223e-003
4945	-0.39057	0.	0.11615	1.9249e-002
4946	-0.4277	0.	0.13145	9.2848e-003
4950	2.0949e-002	0.	0.14965	4.8532e-003
4951	5.0967e-002	0.	0.16766	3.3989e-003
4952	-3.8238e-003	0.	0.16648	-5.4066e-003
4953	3.7208e-002	0.	0.19892	2.6395e-004
4954	4.5887e-003	0.	0.19592	-2.3757e-003
4956	-0.58326	0.	0.80794	8.084e-007
4957	-0.48063	0.	0.74	-6.0201e-005
4958	-0.44057	0.	0.79208	-6.9885e-005
4959	-0.55146	0.	0.73537	2.0383e-005
4960	-0.54088	0.	0.86654	-1.5293e-005
4961	-0.46847	0.	0.87047	-3.0767e-005
4966	0.14686	0.	0.78726	-7.9607e-005
4967	0.19418	0.	0.7395	-6.4768e-005
4968	0.27647	0.	0.75416	1.7227e-005
4969	0.15875	0.	0.85669	-3.8427e-005
4970	0.22418	0.	0.8645	-2.0285e-005
4971	0.28659	0.	0.8119	-4.2503e-006
4975	-0.16558	0.	0.30353	-5.1534e-003
4976	-0.14564	0.	0.28009	-6.8186e-003
4977	-0.14926	0.	0.3285	-4.5239e-003
4978	-0.12286	0.	0.32862	-4.4904e-003
4979	-0.11433	0.	0.30253	-5.8642e-003
4983	0.55604	0.	0.78775	7.9242e-005
4984	0.59538	0.	0.85998	5.9859e-005
4985	0.6088	0.	0.72566	1.2891e-004
4986	0.65543	0.	0.86107	6.2635e-005
4987	0.66955	0.	0.74347	1.0747e-004
4988	0.68369	0.	0.81016	7.9717e-005
4993	-0.8851	0.	0.70981	1.4881e-004
4994	-0.83049	0.	0.75125	1.082e-004
4995	-0.92035	0.	0.85213	6.4557e-005
4996	-0.86028	0.	0.81684	7.1509e-005
4997	-0.94413	0.	0.73389	1.1034e-004
4998	-0.95532	0.	0.79869	8.0337e-005
5002	0.58874	0.	0.24746	7.5348e-004
5003	0.51465	0.	0.3534	6.9615e-004
5004	0.53933	0.	0.29366	8.2545e-004
5005	0.62366	0.	0.37753	5.0865e-004
5006	0.64369	0.	0.31373	5.8131e-004
5010	-0.80172	0.	0.40575	5.0108e-004
5011	-0.80154	0.	0.3423	7.4837e-004
5012	-0.89673	0.	0.39288	4.5248e-004
5013	-0.83663	0.	0.29458	7.2987e-004
5014	-0.90617	0.	0.32346	5.7427e-004
5018	-0.22237	0.	0.10113	-3.7109e-002
5019	-0.26611	0.	0.10261	-1.574e-002
5020	-0.22494	0.	8.2928e-002	-5.6942e-002
5021	-0.24384	0.	0.11802	-2.5427e-002
5027	-0.17583	0.	0.11932	-3.7428e-002
5028	-0.14079	0.	0.10599	-5.1135e-002
5029	-0.16198	0.	0.10488	-5.4387e-002
5030	-0.14485	0.	0.14484	-3.206e-002
5031	-0.13606	0.	0.12426	-3.6327e-002
5035	-0.5408	0.	0.48074	3.5562e-004
5036	-0.49224	0.	0.61367	3.3661e-006
5037	-0.56308	0.	0.60904	8.395e-005
5038	-0.4919	0.	0.51226	5.1177e-005
5039	-0.58552	0.	0.51889	2.1835e-004
5044	-0.13021	0.	0.49079	-1.2207e-003
5045	-0.19244	0.	0.42216	-1.9609e-003
5046	-0.21077	0.	0.46352	-1.3081e-003
5047	-0.17812	0.	0.50185	-1.1686e-003
5048	-0.16594	0.	0.40776	-2.4895e-003
5049	-0.13954	0.	0.40788	-2.4561e-003
5054	0.40746	0.	0.19495	1.6807e-003
5055	0.40267	0.	0.32283	1.1134e-003
5056	0.3406	0.	0.19893	2.3617e-003
5057	0.30405	0.	0.24842	1.9622e-003
5058	0.42735	0.	0.2631	1.2427e-003
5059	0.31281	0.	0.29445	1.381e-003
5063	0.19753	0.	0.21286	3.1358e-003
5064	0.11287	0.	0.17951	5.5536e-003
5065	0.15287	0.	0.15307	8.6448e-003
5066	9.9112e-002	0.	0.21077	2.4187e-003
5067	0.15946	0.	0.24581	2.6106e-003
5068	0.19159	0.	0.161	4.6662e-003
5072	-0.22029	0.	0.67936	-4.3332e-004
5073	-0.25287	0.	0.82025	-1.9297e-004
5074	-0.27499	0.	0.70019	-3.0056e-004
5075	-0.30186	0.	0.76269	-2.0421e-004
5076	-0.17047	0.	0.68847	-4.0636e-004
5077	-0.19385	0.	0.78613	-2.3165e-004
5081	0.46216	0.	0.69957	1.1921e-004
5082	0.36725	0.	0.60818	1.4072e-004
5083	0.39046	0.	0.66454	1.1563e-004
5084	0.51492	0.	0.63747	1.6888e-004
5085	0.41118	0.	0.55767	2.641e-004
5088	-0.74064	0.	0.52795	3.6025e-004
5089	-0.66229	0.	0.63969	1.6328e-004
5090	-0.79993	0.	0.62564	2.2972e-004
5091	-0.74531	0.	0.66708	1.8911e-004
5092	-0.68473	0.	0.54954	2.9767e-004
5096	-0.75192	0.	0.38131	7.1115e-004
5097	-0.6962	0.	0.46635	4.0128e-004
5098	-0.706	0.	0.41818	5.7872e-004
5103	-3.9599e-002	0.	0.49784	-8.9332e-004
5104	-0.10109	0.	0.57586	-7.1026e-004
5105	-4.7618e-002	0.	0.54201	-7.3369e-004
5106	-0.13926	0.	0.52956	-8.5347e-004
5111	-7.2951e-002	0.	0.12886	-3.2527e-002
5112	-0.10016	0.	0.18149	-1.8595e-002
5113	-5.8581e-002	0.	0.15242	-1.746e-002
5114	-7.4318e-002	0.	0.17174	-1.8536e-002
5115	-9.1535e-002	0.	0.12285	-3.9301e-002
5116	-0.11182	0.	0.15788	-2.4986e-002
5117	-0.10303	0.	0.1373	-2.9253e-002
5120	0.7874	0.	0.52755	2.2075e-004
5121	0.73988	0.	0.47214	2.7157e-004
5122	0.64696	0.	0.59384	2.0437e-004
5123	0.70771	0.	0.61165	1.8293e-004
5124	0.75512	0.	0.57995	2.0348e-004
5125	0.68592	0.	0.47814	3.0635e-004
5129	-1.0674	0.	0.52755	2.2149e-004
5130	-1.0199	0.	0.47214	2.7828e-004
5131	-0.92868	0.	0.58757	2.2194e-004
5132	-0.98771	0.	0.61165	1.8347e-004
5133	-1.0351	0.	0.57996	2.0506e-004
5134	-0.9644	0.	0.47701	3.0386e-004
5138	-0.72955	0.	0.23923	1.309e-003
5139	-0.68987	0.	0.30816	1.1398e-003
5140	-0.70581	0.	0.35473	8.2601e-004
5141	-0.78683	0.	0.27015	9.3993e-004
5146	-0.39181	0.	0.42808	-1.8179e-004
5147	-0.33591	0.	0.42087	-6.9674e-004
5148	-0.32171	0.	0.50953	-6.2044e-004
5149	-0.30351	0.	0.46656	-8.1545e-004
5150	-0.4038	0.	0.47193	-2.7307e-004
5153	-0.6888	0.	0.8865	2.257e-005
5154	-0.62722	0.	0.74081	5.0341e-005
5155	-0.71024	0.	0.7682	7.6172e-005
5156	-0.61664	0.	0.87198	1.4665e-005
5157	-0.74003	0.	0.83379	3.9483e-005
5161	0.41003	0.	0.74184	6.6408e-005
5162	0.45115	0.	0.85967	4.5309e-005
5163	0.52108	0.	0.8491	5.0607e-005
5164	0.53449	0.	0.71478	1.1966e-004
5165	0.42015	0.	0.79958	4.493e-005
5169	-0.32487	0.	9.4476e-002	4.048e-002
5170	-0.31091	0.	0.11787	1.0084e-002
5171	-0.32052	0.	0.14121	7.6136e-003
5172	-0.36594	0.	9.1682e-002	2.1639e-002
5177	-1.08	0.	0.34322	3.525e-004
5178	-1.0667	0.	0.20244	5.0799e-004
5179	-1.1425	0.	0.334	3.332e-004
5180	-1.1353	0.	0.21985	4.0031e-004
5181	-1.0339	0.	0.27867	4.9987e-004
5186	0.79998	0.	0.34322	3.3861e-004
5187	0.78586	0.	0.20344	4.6199e-004
5188	0.8625	0.	0.334	3.2696e-004
5189	0.85533	0.	0.21985	3.8201e-004
5190	0.76605	0.	0.28541	4.4605e-004
5195	-0.26519	0.	0.63583	-4.3608e-004
5196	-0.24968	0.	0.58245	-6.2961e-004
5197	-0.16067	0.	0.62411	-5.4189e-004
5198	-0.19884	0.	0.57781	-6.851e-004
5200	-8.7208e-002	0.	0.23372	-9.3675e-003
5201	-5.6357e-002	0.	0.29295	-4.755e-003
5202	-6.1367e-002	0.	0.22397	-9.3075e-003
5203	-2.9217e-002	0.	0.26791	-4.566e-003
5204	-3.7217e-002	0.	0.23409	-5.2014e-003
5205	-7.7619e-002	0.	0.27734	-6.1296e-003
5209	0.12643	0.	0.72526	-1.1601e-004
5210	9.1008e-002	0.	0.84245	-8.9664e-005
5211	7.1569e-002	0.	0.71869	-2.2377e-004
5212	2.7247e-002	0.	0.80648	-1.3841e-004
5213	3.3606e-002	0.	0.75923	-1.785e-004
5217	-0.35778	0.	0.25793	2.2364e-004
5218	-0.41091	0.	0.33819	5.5683e-004
5219	-0.355	0.	0.33097	4.1879e-005
5220	-0.43282	0.	0.2492	2.5815e-003
5224	0.23284	0.	0.63579	5.9261e-006
5225	0.31513	0.	0.65045	8.7922e-005
5226	0.25346	0.	0.53741	1.4454e-004
5227	0.33585	0.	0.54358	2.364e-004
5232	0.15029	0.	0.39971	2.1908e-004
5233	0.20454	0.	0.42458	4.3649e-004
5234	0.23076	0.	0.34234	9.9023e-004
5235	0.18393	0.	0.32925	1.0462e-003
5236	0.15377	0.	0.358	4.4759e-004
5240	-4.3351e-002	0.	0.13156	-2.5396e-002
5241	-7.6304e-002	0.	0.102	-4.7237e-002
5242	-3.9315e-002	0.	0.10803	-2.8977e-002
5243	-4.9429e-002	0.	9.2406e-002	-4.3558e-002
5246	-1.1133	0.	0.84752	5.6869e-005
5247	-1.0562	0.	0.72578	1.0611e-004
5248	-1.1036	0.	0.69409	1.277e-004
5249	-1.1604	0.	0.70659	1.0874e-004
5250	-1.1672	0.	0.80766	7.1071e-005
5251	-1.0673	0.	0.79059	7.6106e-005
5256	0.83363	0.	0.84784	6.3388e-005
5257	0.77618	0.	0.72578	1.1088e-004
5258	0.82358	0.	0.69408	1.3144e-004
5259	0.88038	0.	0.70657	1.1635e-004
5260	0.88729	0.	0.80771	7.7187e-005
5261	0.79032	0.	0.79247	8.3128e-005
5265	0.16075	0.	0.45587	-4.1362e-005
5266	5.9319e-002	0.	0.45409	-5.6991e-004
5267	6.555e-002	0.	0.39989	-8.7705e-004
5268	0.10997	0.	0.38929	-3.0265e-005
5274	-6.6599e-002	0.	0.64769	-4.4072e-004
5275	-1.3123e-002	0.	0.61384	-4.6416e-004
5276	2.0833e-002	0.	0.66326	-3.4161e-004
5277	-1.713e-002	0.	0.70379	-2.9634e-004
5280	5.0584e-002	0.	0.13948	8.7359e-003
5281	-4.2073e-003	0.	0.13829	-6.9597e-005
5282	5.1663e-002	0.	0.11085	2.0402e-002
5283	2.6831e-002	0.	9.4517e-002	3.613e-002
5284	7.4631e-003	0.	0.10064	1.2679e-002
5285	-1.7163e-004	0.	0.11476	-3.6497e-003
5290	-0.66769	0.	0.22952	1.4903e-003
5291	-0.64962	0.	0.1895	2.0104e-003
5292	-0.73689	0.	0.12044	1.6405e-003
5293	-0.76465	0.	0.19151	1.2905e-003
5294	-0.66211	0.	0.14699	2.5758e-003
5299	0.52603	0.	0.1392	1.3729e-003
5300	0.38987	0.	0.12124	2.5639e-003
5301	0.47662	0.	0.1854	1.4449e-003
5309	-0.96011	0.	0.12832	7.882e-004
5310	-0.83003	0.	0.1046	1.2857e-003
5311	-0.85779	0.	0.17567	9.3569e-004
5312	-0.92733	0.	0.20455	7.8008e-004
5314	0.67009	0.	0.14544	7.0671e-004
5315	0.54592	0.	0.20734	9.3492e-004
5316	0.65028	0.	0.2274	6.9077e-004
5320	-0.31347	0.	0.19556	6.0098e-004
5321	-0.29276	0.	0.21681	-2.7699e-003
5326	-0.13385	0.	0.23444	-1.0316e-002
5327	-8.6297e-002	0.	0.20351	-1.254e-002
5328	-0.1238	0.	0.18965	-1.8991e-002
5329	-0.14136	0.	0.21102	-1.2955e-002
5330	-0.10255	0.	0.25688	-9.3618e-003
5333	-1.2914e-002	0.	0.35024	-2.435e-003
5334	-2.3296e-002	0.	0.30667	-3.1857e-003
5335	-8.0224e-002	0.	0.34219	-3.3755e-003
5336	-7.1697e-002	0.	0.31611	-4.7493e-003
5339	-0.48997	0.	0.39932	4.001e-004
5340	-0.37318	0.	0.37978	-3.2801e-004
5341	-0.44107	0.	0.43084	9.5653e-005
5345	0.41346	0.	0.43304	5.5402e-004
5346	0.47183	0.	0.31327	8.7758e-004
5352	-0.18358	0.	0.10055	-5.3076e-002
5353	-0.19999	0.	9.6799e-002	-5.595e-002
5354	-0.21889	0.	0.13189	-2.4435e-002
5358	-0.32465	0.	0.83922	-9.9381e-005
5359	-0.35254	0.	0.91761	-6.0263e-005
5360	-0.21663	0.	0.86266	-1.2682e-004
5361	-0.22775	0.	0.90783	-8.6077e-005
5365	-0.38682	0.	0.66708	-1.9728e-004
5366	-0.34676	0.	0.71917	-2.0697e-004
5367	-0.30438	0.	0.60328	-4.9684e-004
5372	-0.58943	0.	0.35506	9.6718e-004
5373	-0.50196	0.	0.44317	3.0882e-004
5374	-0.59558	0.	0.44979	4.7598e-004
5375	-0.60537	0.	0.40162	6.5342e-004
5379	-0.20509	0.	0.27289	-5.9344e-003
5380	-0.18514	0.	0.24946	-7.5996e-003
5381	-0.2387	0.	0.22521	-6.1135e-003
5382	-0.19265	0.	0.22603	-1.0239e-002
5383	-0.21515	0.	0.21864	-9.9826e-003
5388	-0.14854	0.	8.7214e-002	-6.6783e-002
5389	-0.11112	0.	9.2156e-002	-5.8771e-002
5390	-0.12262	0.	0.1066	-4.8723e-002
5394	0.25604	0.	0.69216	-1.917e-005
5395	0.11889	0.	0.67093	-2.0893e-004
5401	-0.41369	0.	0.72958	-1.0094e-004
5402	-0.52458	0.	0.67287	-1.0668e-005
5405	0.75208	0.	0.92796	3.4117e-005
5406	0.87731	0.	0.89229	4.5259e-005
5407	0.78034	0.	0.87705	5.12e-005
5413	-1.0221	0.	0.92828	3.0837e-005
5414	-1.157	0.	0.89191	4.1582e-005
5415	-1.0571	0.	0.87484	4.6617e-005
5420	0.34845	0.	0.76456	4.1348e-005
5425	0.16832	0.	0.91969	-3.0341e-005
5426	3.9138e-002	0.	0.87591	-9.7233e-005
5427	3.9373e-002	0.	0.9407	-4.4408e-005
5431	0.28647	0.	0.1747	2.8454e-003
5432	0.28052	0.	0.12284	4.3758e-003
5435	-0.26655	0.	0.3769	-1.6144e-003
5436	-0.20564	0.	0.34186	-3.5441e-003
5437	-0.23415	0.	0.42259	-1.7331e-003
5438	-0.18932	0.	0.36683	-2.9146e-003
5442	-0.40154	0.	0.86005	-7.1502e-005
5447	0.4905	0.	0.9319	2.5925e-005
5448	0.32716	0.	0.93498	4.2135e-006
5449	0.38957	0.	0.88238	2.0248e-005
5453	-0.64642	0.	0.9451	6.4677e-006
5454	-0.76981	0.	0.90691	3.1286e-005
5455	-0.77786	0.	0.96418	1.7444e-005
5459	-0.67844	0.	0.69563	9.5747e-005
5460	-0.61786	0.	0.57809	2.0431e-004
5466	0.25868	0.	0.27022	1.8647e-003
5467	0.21185	0.	0.25713	1.9207e-003
5468	0.24398	0.	0.17232	3.9764e-003
5472	-0.28488	0.	0.41826	-9.6167e-004
5477	-0.60994	0.	0.25844	1.8412e-003
5478	-0.64395	0.	0.34503	1.0073e-003
5481	0.29739	0.	0.4869	2.6791e-004
5485	-1.1006	0.	0.46469	2.587e-004
5486	-1.1631	0.	0.45547	2.394e-004
5487	-1.1158	0.	0.5725	1.8547e-004
5488	-1.1726	0.	0.58499	1.6651e-004
5493	0.82061	0.	0.46469	2.5291e-004
5494	0.88314	0.	0.45547	2.4126e-004
5495	0.83585	0.	0.5725	1.8482e-004
5496	0.89264	0.	0.58499	1.6974e-004
5501	1.8377e-002	0.	0.42297	-1.1882e-003
5502	4.1273e-003	0.	0.52135	-7.2142e-004
5506	0.1206	0.	0.13105	1.0373e-002
5507	8.1681e-002	0.	0.12887	1.8948e-002
5508	6.6843e-002	0.	0.18874	4.1466e-003
5512	0.62047	0.	0.92241	3.3999e-005
5516	-4.4718e-002	0.	0.17444	-1.1405e-002
5517	-2.0568e-002	0.	0.18456	-7.2985e-003
5518	-2.4945e-002	0.	0.13159	-1.391e-002
5522	0.83562	0.	0.40007	2.9207e-004
5523	0.71914	0.	0.41528	3.385e-004
5524	0.73916	0.	0.35148	4.1116e-004
5528	-1.1156	0.	0.40007	2.9619e-004
5529	-0.99761	0.	0.41415	3.4107e-004
5530	-1.007	0.	0.34474	4.6286e-004
5535	1.4226e-002	0.	0.3252	-2.246e-003
5536	6.9029e-002	0.	0.35817	-6.4854e-004
5542	-0.27067	0.	0.50693	-8.8538e-004
5543	-0.23803	0.	0.54525	-7.4587e-004
5547	0.81432	0.	0.14615	4.7049e-004
5548	0.72504	0.	0.2117	5.3454e-004
5555	-1.0952	0.	0.14514	5.1879e-004
5556	-0.99379	0.	0.20396	6.1835e-004
5560	-0.81607	0.	0.68158	1.6219e-004
5561	-0.92972	0.	0.66422	1.6433e-004
5565	-0.79125	0.	0.78861	8.4888e-005
5570	0.648	0.	0.67049	1.4788e-004
5575	-0.50185	0.	0.93451	-1.691e-005
5588	-0.88111	0.	0.88949	4.1246e-005
5589	-0.88917	0.	0.94676	2.7405e-005
5590	-0.97615	0.	0.87135	5.0074e-005
5596	-5.7367e-002	0.	0.59938	-5.3836e-004
5597	-0.14901	0.	0.58692	-6.5815e-004
5601	-0.18614	0.	8.235e-002	-7.2908e-002
5607	0.12168	0.	0.10243	2.2039e-002
5608	0.19932	0.	0.11254	9.4854e-003
5613	5.7928e-002	0.	8.3906e-002	4.6341e-002
5619	1.3728e-002	0.	7.3693e-002	3.8618e-002
5625	0.29616	0.	0.8749	3.8352e-006
5629	-0.17551	0.	0.27906	-6.3675e-003
5630	-0.17914	0.	0.32747	-4.0728e-003
5633	-0.16307	0.	0.2322	-1.0672e-002
5634	-0.12426	0.	0.27807	-7.0783e-003
5638	-0.21983	0.	0.50228	-9.4087e-004
5641	0.70877	0.	0.87259	5.3857e-005
5647	-0.16873	0.	0.87371	-1.2476e-004
5648	-9.1118e-002	0.	0.83424	-1.5574e-004
5653	-0.6501	0.	0.43976	5.1615e-004
5657	-3.6305e-002	0.	0.20388	-8.3737e-003
5667	3.0064e-002	0.	0.61494	-4.3925e-004
5681	-0.53239	0.	0.21373	3.2989e-003
5682	-0.47106	0.	0.1526	7.0207e-003
5683	-0.54488	0.	0.17121	3.8642e-003
5689	-0.8291	0.	0.91146	3.4358e-005
5694	-0.29885	0.	9.4559e-002	3.7017e-002
5695	-0.35388	0.	6.8367e-002	4.8573e-002
5703	-0.2945	0.	0.1413	4.1515e-003
5704	-0.26262	0.	0.13337	-3.066e-003
5709	-0.60436	0.	0.1759	2.9267e-003
5714	0.75616	0.	0.6566	1.47e-004
5715	0.72289	0.	0.75499	9.869e-005
5719	-1.0362	0.	0.65661	1.4745e-004
5720	-0.99994	0.	0.7531	9.586e-005
5724	-0.10223	0.	0.87941	-1.15e-004
5725	-0.102	0.	0.9442	-6.2173e-005
5730	2.6058e-002	0.	0.70489	-2.7143e-004
5735	-0.2834	0.	0.18588	-1.6895e-003
5736	-0.27223	0.	0.15671	-5.536e-003
5739	-1.1403	0.	0.63741	1.5008e-004
5743	0.86036	0.	0.63739	1.5247e-004
5747	2.8464e-002	0.	0.25082	-9.9251e-004
5748	-4.156e-003	0.	0.24782	-3.6321e-003
5752	-0.43208	0.	8.0872e-002	1.9769e-002
5757	-0.10639	0.	0.11043	-4.3963e-002
5762	2.0464e-002	0.	0.217	-1.6279e-003
5773	-0.54303	0.	0.11478	6.6485e-003
5777	-0.12668	0.	0.14545	-2.9649e-002
5778	-0.15302	0.	0.18741	-1.9346e-002
5782	0.2206	0.	0.30317	1.3395e-003
5786	0.14361	0.	0.31883	7.9684e-004
5804	-1.3274e-002	0.	9.3936e-002	-1.161e-003
5805	-2.3388e-002	0.	7.8311e-002	-1.5743e-002
5810	-0.95157	0.	0.3496	4.8844e-004
5814	0.68521	0.	0.35747	4.4594e-004
5816	-0.25152	0.	0.17796	-8.9069e-003
5817	-0.23914	0.	0.20057	-8.9294e-003
5821	-2.4387e-002	0.	0.90473	-9.3158e-005
5822	-1.8264e-002	0.	0.79268	-1.8607e-004
5827	-0.79417	0.	0.15136	1.2715e-003
5831	-0.13641	0.	0.35255	-3.4098e-003
5835	-0.89147	0.	0.25131	7.6583e-004
5860	-0.22797	0.	0.17139	-1.2776e-002
5868	-3.1023e-002	0.	9.2431e-002	-3.2071e-002
5875	-0.19309	0.	0.20139	-1.3055e-002
5883	-0.10149	0.	0.32659	-4.7501e-003
