Node Number	X Location (m)	Y Location (m)	Z Location (m)	Directional Magnetic Flux Density (T)
13	-0.24	0.	3.e-002	0.82738
14	-0.21818	0.	3.e-002	1.4238
15	-0.19636	0.	3.e-002	1.9753
16	-0.17455	0.	3.e-002	2.315
17	-0.15273	0.	3.e-002	2.4452
18	-0.13091	0.	3.e-002	2.501
19	-0.10909	0.	3.e-002	2.4984
20	-8.7273e-002	0.	3.e-002	2.4446
21	-6.5455e-002	0.	3.e-002	2.2889
22	-4.3636e-002	0.	3.e-002	2.0759
23	0.	0.	3.e-002	0.83261
24	-2.1818e-002	0.	3.e-002	1.3634
95	-2.1818e-002	0.	-3.e-002	1.3558
96	0.	0.	-3.e-002	0.7366
97	-4.3636e-002	0.	-3.e-002	1.9599
98	-6.5455e-002	0.	-3.e-002	2.3047
99	-8.7273e-002	0.	-3.e-002	2.4604
100	-0.10909	0.	-3.e-002	2.52
101	-0.13091	0.	-3.e-002	2.5067
102	-0.15273	0.	-3.e-002	2.4461
103	-0.17455	0.	-3.e-002	2.3168
104	-0.19636	0.	-3.e-002	2.0201
105	-0.21818	0.	-3.e-002	1.3622
106	-0.24	0.	-3.e-002	0.75705
462	0.	0.	0.	0.7855
463	-0.24	0.	0.	0.7931
916	-3.8218e-002	0.	-2.4947e-019	1.8184
917	-7.6364e-002	0.	0.	2.3789
918	-0.12	0.	0.	2.4955
919	-0.16933	0.	0.	2.3437
920	-0.20727	0.	0.	1.7318
2128	-0.22909	0.	3.e-002	1.1256
2130	-0.24	0.	1.5e-002	0.81024
2137	-0.20727	0.	3.e-002	1.6995
2139	-0.22909	0.	1.5e-002	1.1084
2140	-0.21273	0.	1.5e-002	1.5778
2143	-0.18545	0.	3.e-002	2.1451
2145	-0.18285	0.	1.5e-002	2.1595
2146	-0.20182	0.	1.5e-002	1.8536
2149	-0.16364	0.	3.e-002	2.3801
2151	-0.17194	0.	1.5e-002	2.3293
2154	-0.14182	0.	3.e-002	2.4731
2156	-0.13636	0.	1.5e-002	2.4703
2157	-0.16103	0.	1.5e-002	2.3944
2160	-0.12	0.	3.e-002	2.4997
2162	-0.12545	0.	1.5e-002	2.4982
2165	-9.8182e-002	0.	3.e-002	2.4715
2167	-0.11455	0.	1.5e-002	2.497
2170	-7.6364e-002	0.	3.e-002	2.3668
2172	-8.1818e-002	0.	1.5e-002	2.4117
2173	-0.10364	0.	1.5e-002	2.47
2176	-5.4545e-002	0.	3.e-002	2.1824
2178	-5.1836e-002	0.	1.5e-002	2.0537
2179	-7.0909e-002	0.	1.5e-002	2.3339
2182	-3.2727e-002	0.	3.e-002	1.7196
2184	-4.0927e-002	0.	1.5e-002	1.9471
2186	-1.0909e-002	0.	3.e-002	1.098
2188	0.	0.	1.5e-002	0.80905
2195	-1.0909e-002	0.	1.5e-002	1.0744
2196	-3.0018e-002	0.	1.5e-002	1.5909
2588	-1.0909e-002	0.	-3.e-002	1.0462
2589	-3.2727e-002	0.	-3.e-002	1.6578
2591	-1.0909e-002	0.	-1.5e-002	1.0706
2592	-3.0018e-002	0.	-1.5e-002	1.5871
2598	0.	0.	-1.5e-002	0.76105
2606	-5.4545e-002	0.	-3.e-002	2.1323
2608	-4.0927e-002	0.	-1.5e-002	1.8891
2611	-7.6364e-002	0.	-3.e-002	2.3825
2613	-5.1836e-002	0.	-1.5e-002	2.0616
2614	-7.0909e-002	0.	-1.5e-002	2.3418
2617	-9.8182e-002	0.	-3.e-002	2.4902
2619	-8.1818e-002	0.	-1.5e-002	2.4196
2620	-0.10364	0.	-1.5e-002	2.4779
2624	-0.12	0.	-3.e-002	2.5134
2626	-0.11455	0.	-1.5e-002	2.5078
2628	-0.14182	0.	-3.e-002	2.4764
2630	-0.12545	0.	-1.5e-002	2.5011
2633	-0.16364	0.	-3.e-002	2.3814
2635	-0.13636	0.	-1.5e-002	2.4708
2636	-0.16103	0.	-1.5e-002	2.3949
2639	-0.18545	0.	-3.e-002	2.1685
2641	-0.17194	0.	-1.5e-002	2.3302
2644	-0.20727	0.	-3.e-002	1.6911
2646	-0.18285	0.	-1.5e-002	2.1819
2647	-0.20182	0.	-1.5e-002	1.876
2650	-0.22909	0.	-3.e-002	1.0596
2652	-0.22909	0.	-1.5e-002	1.0776
2653	-0.21273	0.	-1.5e-002	1.547
2659	-0.24	0.	-1.5e-002	0.77508
4868	-1.9109e-002	0.	-1.2473e-019	1.3019
4876	-0.22364	0.	0.	1.2625
7906	-5.7291e-002	0.	-1.2473e-019	2.0986
7912	-9.8182e-002	0.	0.	2.4372
7918	-0.14467	0.	0.	2.4196
7924	-0.1883	0.	0.	2.0378
1	0.	0.	4.5e-002	7.7517e-002
2	-2.1818e-002	0.	4.5e-002	7.9264e-003
3	-4.3636e-002	0.	4.5e-002	-6.3278e-002
4	-6.5455e-002	0.	4.5e-002	-6.0109e-002
5	-8.7273e-002	0.	4.5e-002	-4.4422e-002
6	-0.10909	0.	4.5e-002	-2.9055e-002
7	-0.13091	0.	4.5e-002	-2.8857e-002
8	-0.15273	0.	4.5e-002	-4.4257e-002
9	-0.17455	0.	4.5e-002	-6.0514e-002
10	-0.19636	0.	4.5e-002	-6.5306e-002
11	-0.21818	0.	4.5e-002	7.948e-003
12	-0.24	0.	4.5e-002	8.0871e-002
13	-0.24	0.	3.e-002	8.0871e-002
14	-0.21818	0.	3.e-002	7.948e-003
15	-0.19636	0.	3.e-002	-6.5306e-002
16	-0.17455	0.	3.e-002	-6.0514e-002
17	-0.15273	0.	3.e-002	-4.4257e-002
18	-0.13091	0.	3.e-002	-2.8857e-002
19	-0.10909	0.	3.e-002	-2.9055e-002
20	-8.7273e-002	0.	3.e-002	-4.4422e-002
21	-6.5455e-002	0.	3.e-002	-6.0109e-002
22	-4.3636e-002	0.	3.e-002	-6.3278e-002
23	0.	0.	3.e-002	7.7517e-002
24	-2.1818e-002	0.	3.e-002	7.9264e-003
95	-2.1818e-002	0.	-3.e-002	5.5624e-003
96	0.	0.	-3.e-002	7.2066e-002
97	-4.3636e-002	0.	-3.e-002	-6.3738e-002
98	-6.5455e-002	0.	-3.e-002	-6.0787e-002
99	-8.7273e-002	0.	-3.e-002	-4.4202e-002
100	-0.10909	0.	-3.e-002	-2.9455e-002
101	-0.13091	0.	-3.e-002	-2.9016e-002
102	-0.15273	0.	-3.e-002	-4.4011e-002
103	-0.17455	0.	-3.e-002	-6.0613e-002
104	-0.19636	0.	-3.e-002	-6.3474e-002
105	-0.21818	0.	-3.e-002	6.0574e-003
106	-0.24	0.	-3.e-002	7.3371e-002
199	-0.21818	0.	-4.5e-002	6.0574e-003
200	-0.24	0.	-4.5e-002	7.3371e-002
201	-0.19636	0.	-4.5e-002	-6.3474e-002
202	-0.17455	0.	-4.5e-002	-6.0613e-002
203	-0.15273	0.	-4.5e-002	-4.4011e-002
204	-0.13091	0.	-4.5e-002	-2.9016e-002
205	-0.10909	0.	-4.5e-002	-2.9455e-002
206	-8.7273e-002	0.	-4.5e-002	-4.4202e-002
207	-6.5455e-002	0.	-4.5e-002	-6.0787e-002
208	-4.3636e-002	0.	-4.5e-002	-6.3738e-002
209	-2.1818e-002	0.	-4.5e-002	5.5624e-003
210	0.	0.	-4.5e-002	7.2066e-002
2052	-1.0909e-002	0.	4.5e-002	4.2722e-002
2053	0.	0.	3.75e-002	7.7517e-002
2059	-3.2727e-002	0.	4.5e-002	-2.7676e-002
2060	-2.1818e-002	0.	3.75e-002	7.9264e-003
2067	-5.4545e-002	0.	4.5e-002	-6.1694e-002
2068	-4.3636e-002	0.	3.75e-002	-6.3278e-002
2073	-7.6364e-002	0.	4.5e-002	-5.2266e-002
2074	-6.5455e-002	0.	3.75e-002	-6.0109e-002
2079	-9.8182e-002	0.	4.5e-002	-3.6739e-002
2080	-8.7273e-002	0.	3.75e-002	-4.4422e-002
2087	-0.12	0.	4.5e-002	-2.8956e-002
2088	-0.10909	0.	3.75e-002	-2.9055e-002
2093	-0.14182	0.	4.5e-002	-3.6557e-002
2094	-0.13091	0.	3.75e-002	-2.8857e-002
2101	-0.16364	0.	4.5e-002	-5.2385e-002
2102	-0.15273	0.	3.75e-002	-4.4257e-002
2106	-0.18545	0.	4.5e-002	-6.291e-002
2107	-0.17455	0.	3.75e-002	-6.0514e-002
2112	-0.20727	0.	4.5e-002	-2.8679e-002
2113	-0.19636	0.	3.75e-002	-6.5306e-002
2117	-0.22909	0.	4.5e-002	4.441e-002
2118	-0.21818	0.	3.75e-002	7.948e-003
2123	-0.24	0.	3.75e-002	8.0871e-002
2128	-0.22909	0.	3.e-002	4.441e-002
2137	-0.20727	0.	3.e-002	-2.8679e-002
2143	-0.18545	0.	3.e-002	-6.291e-002
2149	-0.16364	0.	3.e-002	-5.2385e-002
2154	-0.14182	0.	3.e-002	-3.6557e-002
2160	-0.12	0.	3.e-002	-2.8956e-002
2165	-9.8182e-002	0.	3.e-002	-3.6739e-002
2170	-7.6364e-002	0.	3.e-002	-5.2266e-002
2176	-5.4545e-002	0.	3.e-002	-6.1694e-002
2182	-3.2727e-002	0.	3.e-002	-2.7676e-002
2186	-1.0909e-002	0.	3.e-002	4.2722e-002
2588	-1.0909e-002	0.	-3.e-002	3.8814e-002
2589	-3.2727e-002	0.	-3.e-002	-2.9088e-002
2590	-2.1818e-002	0.	-3.75e-002	5.5624e-003
2597	0.	0.	-3.75e-002	7.2066e-002
2606	-5.4545e-002	0.	-3.e-002	-6.2262e-002
2607	-4.3636e-002	0.	-3.75e-002	-6.3738e-002
2611	-7.6364e-002	0.	-3.e-002	-5.2494e-002
2612	-6.5455e-002	0.	-3.75e-002	-6.0787e-002
2617	-9.8182e-002	0.	-3.e-002	-3.6829e-002
2618	-8.7273e-002	0.	-3.75e-002	-4.4202e-002
2624	-0.12	0.	-3.e-002	-2.9236e-002
2625	-0.10909	0.	-3.75e-002	-2.9455e-002
2628	-0.14182	0.	-3.e-002	-3.6513e-002
2629	-0.13091	0.	-3.75e-002	-2.9016e-002
2633	-0.16364	0.	-3.e-002	-5.2312e-002
2634	-0.15273	0.	-3.75e-002	-4.4011e-002
2639	-0.18545	0.	-3.e-002	-6.2044e-002
2640	-0.17455	0.	-3.75e-002	-6.0613e-002
2644	-0.20727	0.	-3.e-002	-2.8708e-002
2645	-0.19636	0.	-3.75e-002	-6.3474e-002
2650	-0.22909	0.	-3.e-002	3.9714e-002
2651	-0.21818	0.	-3.75e-002	6.0574e-003
2658	-0.24	0.	-3.75e-002	7.3371e-002
3268	-0.22909	0.	-4.5e-002	3.9714e-002
3269	-0.20727	0.	-4.5e-002	-2.8708e-002
3279	-0.18545	0.	-4.5e-002	-6.2044e-002
3282	-0.16364	0.	-4.5e-002	-5.2312e-002
3285	-0.14182	0.	-4.5e-002	-3.6513e-002
3291	-0.12	0.	-4.5e-002	-2.9236e-002
3295	-9.8182e-002	0.	-4.5e-002	-3.6829e-002
3298	-7.6364e-002	0.	-4.5e-002	-5.2494e-002
3303	-5.4545e-002	0.	-4.5e-002	-6.2262e-002
3309	-3.2727e-002	0.	-4.5e-002	-2.9088e-002
3312	-1.0909e-002	0.	-4.5e-002	3.8814e-002
96	0.	0.	-3.e-002	0.25291
106	-0.24	0.	-3.e-002	0.29429
199	-0.21818	0.	-4.5e-002	-2.6089e-002
200	-0.24	0.	-4.5e-002	0.10536
201	-0.19636	0.	-4.5e-002	-8.7376e-002
202	-0.17455	0.	-4.5e-002	-9.493e-002
203	-0.15273	0.	-4.5e-002	-8.894e-002
204	-0.13091	0.	-4.5e-002	-8.6202e-002
205	-0.10909	0.	-4.5e-002	-9.0747e-002
206	-8.7273e-002	0.	-4.5e-002	-9.0685e-002
207	-6.5455e-002	0.	-4.5e-002	-8.0453e-002
208	-4.3636e-002	0.	-4.5e-002	-7.9236e-002
209	-2.1818e-002	0.	-4.5e-002	-2.3078e-002
210	0.	0.	-4.5e-002	0.1064
283	1.	0.	-9.5e-002	2.6591e-004
284	1.	0.	-0.19	2.4661e-004
285	1.	0.	-0.285	2.128e-004
286	1.	0.	-0.38	1.7744e-004
287	1.	0.	-0.475	1.5524e-004
288	1.	0.	-0.57	1.185e-004
289	1.	0.	-0.665	8.5128e-005
290	1.	0.	-0.76	6.4445e-005
291	1.	0.	-0.855	3.6063e-005
292	1.	0.	-0.95	1.3472e-005
303	0.90667	0.	-1.045	7.3713e-006
304	0.81333	0.	-1.045	1.1711e-005
305	0.72	0.	-1.045	8.6365e-006
306	0.62667	0.	-1.045	6.672e-006
307	0.53333	0.	-1.045	7.3766e-006
308	0.44	0.	-1.045	4.6232e-006
309	0.34667	0.	-1.045	2.5705e-007
310	0.25333	0.	-1.045	-6.0566e-006
311	0.16	0.	-1.045	-1.0392e-005
312	6.6667e-002	0.	-1.045	-1.5289e-005
313	-2.6667e-002	0.	-1.045	-1.8557e-005
314	-0.12	0.	-1.045	-1.5207e-005
315	-0.21333	0.	-1.045	-1.9685e-005
316	-0.30667	0.	-1.045	-1.1759e-005
317	-0.4	0.	-1.045	-6.4085e-006
318	-0.49333	0.	-1.045	-3.0841e-006
319	-0.58667	0.	-1.045	1.8089e-006
320	-0.68	0.	-1.045	7.1733e-006
321	-0.77333	0.	-1.045	8.6789e-006
322	-0.86667	0.	-1.045	6.068e-006
323	-0.96	0.	-1.045	9.2493e-006
324	-1.0533	0.	-1.045	9.2832e-006
325	-1.1467	0.	-1.045	1.049e-005
331	-1.24	0.	-0.95	1.6372e-005
332	-1.24	0.	-0.855	3.5717e-005
333	-1.24	0.	-0.76	6.6742e-005
334	-1.24	0.	-0.665	8.6319e-005
335	-1.24	0.	-0.57	1.1752e-004
336	-1.24	0.	-0.475	1.5657e-004
337	-1.24	0.	-0.38	1.813e-004
338	-1.24	0.	-0.285	2.1136e-004
339	-1.24	0.	-0.19	2.4118e-004
340	-1.24	0.	-9.5e-002	2.6725e-004
346	9.0909e-002	0.	0.	4.0684e-002
347	0.18182	0.	0.	1.0272e-002
348	0.27273	0.	0.	4.1255e-003
349	0.36364	0.	0.	2.5652e-003
350	0.45455	0.	0.	1.4812e-003
351	0.54545	0.	0.	8.4954e-004
352	0.63636	0.	0.	5.6604e-004
353	0.72727	0.	0.	4.4563e-004
354	0.81818	0.	0.	3.3656e-004
355	0.90909	0.	0.	2.784e-004
356	-1.1491	0.	0.	2.7917e-004
357	-1.0582	0.	0.	3.3676e-004
358	-0.96727	0.	0.	4.743e-004
359	-0.87636	0.	0.	6.1323e-004
360	-0.78545	0.	0.	8.8943e-004
361	-0.69455	0.	0.	1.5018e-003
362	-0.60364	0.	0.	2.4677e-003
363	-0.51273	0.	0.	4.6482e-003
364	-0.42182	0.	0.	1.4057e-002
365	-0.33091	0.	0.	4.5089e-002
462	0.	0.	0.	0.50734
463	-0.24	0.	0.	0.49572
468	1.	0.	-1.045	6.6903e-006
469	1.	0.	0.	2.6949e-004
470	-1.24	0.	-1.045	7.3562e-006
471	-1.24	0.	0.	2.6772e-004
476	4.5455e-002	0.	0.	0.18528
477	-0.28545	0.	0.	0.16844
653	0.12954	0.	-0.55552	-1.7473e-004
654	-0.34641	0.	-0.51913	-1.9956e-004
655	2.9468e-003	0.	-0.29083	-2.2507e-003
656	-0.30564	0.	-0.28676	-7.8842e-004
657	-0.80333	0.	-0.51	2.4347e-004
658	0.56333	0.	-0.51	2.1773e-004
659	-7.7424e-002	0.	-0.17	-1.4409e-002
660	-0.2672	0.	-0.15393	1.0486e-003
661	-0.55333	0.	-0.4025	4.1926e-004
662	0.25505	0.	-0.26372	1.6187e-003
663	-0.19498	0.	-0.39807	-1.4258e-003
664	-0.11601	0.	-0.55542	-5.2585e-004
665	-0.48694	0.	-0.79945	-1.2847e-005
666	0.23667	0.	-0.795	-2.2867e-005
667	-0.18335	0.	-0.80256	-1.2588e-004
668	0.64699	0.	-0.79914	5.3257e-005
669	-0.8622	0.	-0.80229	5.1549e-005
670	-0.12415	0.	-0.288	-3.8136e-003
671	0.58968	0.	-0.37065	3.6483e-004
672	-0.89798	0.	-0.17698	4.2874e-004
673	-0.11189	0.	-0.1347	-2.8545e-002
674	0.26252	0.	-0.53808	7.9306e-005
675	-7.7489e-002	0.	-0.71828	-2.0581e-004
676	-0.6004	0.	-0.26833	9.4873e-004
677	-0.37628	0.	-0.19566	3.2316e-003
678	-0.14211	0.	-9.6505e-002	-4.5254e-002
679	0.35669	0.	-0.69787	4.9758e-005
680	-0.60327	0.	-0.73188	2.8912e-005
681	0.46586	0.	-0.43671	3.6923e-004
682	-1.0873	0.	-0.40851	2.0841e-004
683	-7.0121e-002	0.	-0.46995	-9.2282e-004
684	0.1637	0.	-0.22607	2.1176e-003
685	0.85444	0.	-0.55	1.3517e-004
686	-5.4582e-002	0.	-9.2222e-002	-3.0749e-002
687	-0.16375	0.	-0.14222	-2.0739e-002
688	0.47223	0.	-0.28776	6.756e-004
689	8.3737e-002	0.	-0.46167	-3.3767e-004
690	-1.0016	0.	-0.5966	1.1099e-004
691	0.81563	0.	-0.24718	2.7593e-004
692	7.6478e-003	0.	-0.9151	-4.7697e-005
693	-5.303e-004	0.	-0.1075	-2.9196e-004
694	-0.27772	0.	-0.69043	-1.9648e-004
695	9.1082e-002	0.	-0.17919	3.3266e-003
696	-0.19097	0.	-9.3611e-002	-3.2345e-002
697	-0.26565	0.	-0.10018	1.7753e-002
698	-0.43628	0.	-0.36222	3.6022e-004
699	-0.14733	0.	-0.21861	-7.067e-003
700	-0.35083	0.	-0.42129	-3.4098e-004
701	0.11788	0.	-0.74869	-9.4284e-005
702	-0.62326	0.	-0.88488	1.3478e-005
703	0.3774	0.	-0.87461	9.0887e-006
704	-0.85798	0.	-0.34	3.6875e-004
705	-1.103	0.	-0.80092	4.7428e-005
706	0.83045	0.	-0.79397	5.4409e-005
707	0.42016	0.	-0.14988	1.3162e-003
708	-0.32167	0.	-0.795	-8.5657e-005
709	-0.75652	0.	-0.21917	8.1516e-004
710	0.62145	0.	-0.13844	5.6722e-004
711	-1.1019	0.	-0.26442	2.5183e-004
712	-0.69683	0.	-0.39103	4.4252e-004
713	-0.56176	0.	-0.53456	1.2194e-004
714	0.13825	0.	-0.37484	-2.9261e-005
715	-0.22533	0.	-0.25681	-3.4779e-003
716	-0.23188	0.	-0.54114	-4.8028e-004
717	3.3333e-003	0.	-0.545	-5.5383e-004
718	-0.39443	0.	-0.686	-9.0269e-005
719	0.26589	0.	-0.38962	3.2673e-004
720	0.20006	0.	-0.66006	-4.2664e-005
721	-9.3279e-002	0.	-9.7816e-002	-4.6322e-002
722	-3.5577e-002	0.	-0.2225	-5.4408e-003
723	-0.73361	0.	-0.73875	7.0463e-005
724	0.49114	0.	-0.75123	5.8063e-005
725	0.71371	0.	-0.44595	2.1107e-004
726	0.40184	0.	-0.55545	1.5698e-004
727	-4.1414e-002	0.	-0.37833	-1.6259e-003
728	0.74806	0.	-0.66375	9.8737e-005
729	-0.57524	0.	-0.12743	2.2732e-003
730	-0.49002	0.	-0.21876	2.1233e-003
731	-0.36186	0.	-9.7884e-002	1.5193e-002
732	-0.22198	0.	-0.32306	-1.9257e-003
733	0.35776	0.	-0.27932	1.0414e-003
734	-0.44991	0.	-0.47071	4.5867e-005
735	-0.9429	0.	-0.48217	1.8121e-004
736	-0.2675	0.	-0.92	-5.0881e-005
737	-0.20807	0.	-0.18811	-7.1264e-003
738	4.7496e-002	0.	-0.66381	-2.1284e-004
739	-0.86536	0.	-0.95176	1.4105e-005
740	0.62794	0.	-0.95566	1.6616e-005
741	0.87906	0.	-0.13012	2.8245e-004
742	-0.86381	0.	-0.63504	1.1642e-004
743	0.6025	0.	-0.64375	1.1387e-004
744	8.048e-002	0.	-0.26667	-3.1665e-004
745	-0.45715	0.	-0.10781	5.7917e-003
746	0.11013	0.	-0.84573	-5.1588e-005
747	-0.13064	0.	-0.93565	-3.8178e-005
748	-0.12856	0.	-0.17347	-1.4049e-002
749	-6.1886e-002	0.	-0.12523	-2.4245e-002
750	-0.40172	0.	-0.93562	-1.8929e-005
751	-0.64409	0.	-0.62796	1.1159e-004
752	0.87139	0.	-0.38837	1.9502e-004
753	8.6092e-002	0.	-8.6458e-002	1.8662e-002
754	3.5e-002	0.	-6.178e-002	5.7359e-002
755	-0.21781	0.	-0.12674	-1.1885e-002
756	0.19125	0.	-0.92381	-1.7096e-005
757	-0.20393	0.	-0.61737	-3.3298e-004
758	4.0997e-002	0.	-0.36417	-8.9086e-004
759	-0.68639	0.	-0.53062	1.9889e-004
760	-1.1333	0.	-0.66235	8.9191e-005
761	0.32329	0.	-0.13896	2.2173e-003
762	-0.99211	0.	-0.35049	2.6839e-004
763	0.73062	0.	-0.89746	2.2178e-005
764	-0.98038	0.	-0.87245	3.0332e-005
765	0.89446	0.	-0.66616	8.5423e-005
766	-0.27276	0.	-4.7569e-002	0.10825
767	0.1791	0.	-0.46485	3.5441e-005
768	-0.1129	0.	-0.39917	-1.5622e-003
769	-0.28009	0.	-0.37177	-7.5854e-004
770	-0.26105	0.	-0.45409	-6.7705e-004
771	2.8236e-003	0.	-0.44863	-7.0168e-004
772	-4.4768e-002	0.	-0.62144	-3.4671e-004
773	-0.18	0.	-0.70125	-2.3096e-004
774	-0.43199	0.	-0.57827	-5.9475e-005
775	-6.6515e-002	0.	-0.295	-3.6246e-003
776	-9.3552e-002	0.	-0.22556	-7.0899e-003
777	0.85558	0.	-0.94486	1.7598e-005
778	-1.0984	0.	-0.94461	1.7813e-005
779	-1.1311	0.	-0.11252	2.7963e-004
780	-0.11135	0.	-6.6847e-002	-7.4839e-002
781	0.68593	0.	-0.5556	1.365e-004
782	0.3565	0.	-0.46819	2.8546e-004
783	-0.17185	0.	-6.9306e-002	-7.2105e-002
784	3.971e-002	0.	-0.21833	-1.4521e-003
785	0.74449	0.	-0.11689	3.9186e-004
786	-0.28745	0.	-0.22069	-1.1626e-003
787	-0.23084	0.	-7.597e-002	6.3089e-003
788	-0.14383	0.	-6.8836e-002	-7.5384e-002
789	-0.703	0.	-8.6895e-002	1.2247e-003
790	0.48087	0.	-0.63208	1.2522e-004
791	0.2844	0.	-0.92432	-7.2662e-006
792	-0.99063	0.	-0.72579	7.4673e-005
793	-0.52275	0.	-0.65173	1.2311e-005
794	-2.3933e-003	0.	-7.135e-002	1.4529e-002
795	0.16328	0.	-0.12615	5.9037e-003
796	4.0372e-002	0.	-0.14021	4.6452e-003
797	-0.50864	0.	-0.3118	8.7627e-004
798	-0.40479	0.	-0.27576	7.2033e-004
799	-7.68e-002	0.	-0.82464	-1.0247e-004
800	1.2249e-002	0.	-0.78438	-1.2591e-004
801	-0.20187	0.	-6.6049e-002	-5.5199e-002
802	-0.84904	0.	-8.5e-002	6.2506e-004
803	-0.1621	0.	-0.47317	-9.5942e-004
804	-3.8359e-002	0.	-6.5833e-002	-4.8867e-002
805	0.10294	0.	-0.94036	-2.604e-005
806	-7.4915e-002	0.	-6.8687e-002	-7.349e-002
807	-0.30504	0.	-7.4966e-002	3.0572e-002
808	-1.0127	0.	-0.14187	3.6248e-004
809	-1.1042	0.	-0.52802	1.3522e-004
810	-0.52275	0.	-0.93328	-8.584e-006
811	0.71348	0.	-0.3025	3.1992e-004
812	0.51889	0.	-0.1467	9.9744e-004
813	-0.31667	0.	-0.6075	-2.5815e-004
814	-9.6902e-002	0.	-0.34179	-2.4767e-003
815	-0.15228	0.	-0.34057	-2.7402e-003
816	0.22621	0.	-0.17145	3.0226e-003
817	-0.32707	0.	-0.16194	6.2973e-003
818	-0.36054	0.	-0.33301	-8.7062e-005
819	-0.75324	0.	-0.6003	1.2994e-004
820	0.57295	0.	-0.25219	5.6402e-004
821	0.51947	0.	-0.91177	1.8371e-005
822	-0.74961	0.	-0.9008	2.4345e-005
823	-3.4875e-002	0.	-0.15658	-9.1743e-003
824	-0.17394	0.	-0.28407	-3.9658e-003
825	0.1793	0.	-0.30208	5.8324e-004
826	-1.1672	0.	-0.35417	1.939e-004
2597	0.	0.	-3.75e-002	0.17965
2598	0.	0.	-1.5e-002	0.38012
2599	2.2727e-002	0.	-1.5e-002	0.21909
2600	1.75e-002	0.	-4.589e-002	0.15513
2658	-0.24	0.	-3.75e-002	0.19982
2659	-0.24	0.	-1.5e-002	0.39501
2660	-0.26273	0.	-1.5e-002	0.23137
2661	-0.25638	0.	-3.8784e-002	0.20127
3268	-0.22909	0.	-4.5e-002	3.9634e-002
3269	-0.20727	0.	-4.5e-002	-5.6732e-002
3270	-0.22451	0.	-6.0485e-002	-9.8898e-003
3271	-0.21002	0.	-5.5524e-002	-4.0644e-002
3275	-0.25638	0.	-4.6284e-002	0.1068
3276	-0.23542	0.	-6.0485e-002	5.5832e-002
3279	-0.18545	0.	-4.5e-002	-9.1153e-002
3280	-0.18411	0.	-5.7153e-002	-7.974e-002
3281	-0.19912	0.	-5.5524e-002	-7.1288e-002
3282	-0.16364	0.	-4.5e-002	-9.1935e-002
3283	-0.1732	0.	-5.7153e-002	-8.3517e-002
3285	-0.14182	0.	-4.5e-002	-8.7571e-002
3286	-0.16229	0.	-5.7153e-002	-8.0522e-002
3287	-0.14828	0.	-5.6918e-002	-8.2162e-002
3291	-0.12	0.	-4.5e-002	-8.8474e-002
3292	-0.12113	0.	-5.5924e-002	-8.052e-002
3293	-0.13737	0.	-5.6918e-002	-8.0793e-002
3295	-9.8182e-002	0.	-4.5e-002	-9.0716e-002
3296	-0.11022	0.	-5.5924e-002	-8.2793e-002
3298	-7.6364e-002	0.	-4.5e-002	-8.5569e-002
3299	-9.931e-002	0.	-5.5924e-002	-8.2762e-002
3300	-8.1094e-002	0.	-5.6843e-002	-8.2087e-002
3303	-5.4545e-002	0.	-4.5e-002	-7.9844e-002
3304	-5.1907e-002	0.	-5.5417e-002	-6.466e-002
3305	-7.0185e-002	0.	-5.6843e-002	-7.6971e-002
3309	-3.2727e-002	0.	-4.5e-002	-5.1157e-002
3310	-4.0997e-002	0.	-5.5417e-002	-6.4052e-002
3312	-1.0909e-002	0.	-4.5e-002	4.1663e-002
3313	-1.2106e-002	0.	-5.8175e-002	-4.2742e-003
3314	-3.0088e-002	0.	-5.5417e-002	-3.5972e-002
3318	1.75e-002	0.	-5.339e-002	8.1881e-002
3319	-1.1967e-003	0.	-5.8175e-002	6.0466e-002
3808	1.	0.	-0.1425	2.5626e-004
3810	0.95455	0.	-4.75e-002	2.7215e-004
3811	1.	0.	-4.75e-002	2.677e-004
3812	0.93953	0.	-0.11256	2.7418e-004
3816	1.	0.	-0.2375	2.2971e-004
3817	0.90781	0.	-0.21859	2.6127e-004
3818	0.93953	0.	-0.16006	2.6453e-004
3822	1.	0.	-0.3325	1.9512e-004
3823	0.90781	0.	-0.26609	2.4437e-004
3824	0.9357	0.	-0.33669	2.0391e-004
3830	1.	0.	-0.4275	1.6634e-004
3831	0.9357	0.	-0.38419	1.8623e-004
3833	1.	0.	-0.5225	1.3687e-004
3834	0.92722	0.	-0.5125	1.4521e-004
3835	0.9357	0.	-0.43169	1.7513e-004
3838	1.	0.	-0.6175	1.0181e-004
3839	0.92722	0.	-0.56	1.2684e-004
3840	0.94723	0.	-0.61808	1.0196e-004
3847	1.	0.	-0.7125	7.4786e-005
3848	0.94723	0.	-0.66558	8.5275e-005
3850	1.	0.	-0.8075	5.0254e-005
3851	0.91523	0.	-0.77699	5.9427e-005
3852	0.94723	0.	-0.71308	7.4934e-005
3856	1.	0.	-0.9025	2.4767e-005
3857	0.91523	0.	-0.82449	4.5236e-005
3858	0.92779	0.	-0.89993	2.683e-005
3863	0.95333	0.	-0.9975	1.0422e-005
3864	1.	0.	-0.9975	1.0081e-005
3865	0.92779	0.	-0.94743	1.5535e-005
3934	0.86	0.	-1.045	9.5413e-006
3935	0.95333	0.	-1.045	7.0308e-006
3936	0.88112	0.	-0.99493	1.2485e-005
3939	0.76667	0.	-1.045	1.0174e-005
3940	0.77198	0.	-0.97123	1.6944e-005
3941	0.83446	0.	-0.99493	1.4655e-005
3945	0.67333	0.	-1.045	7.6543e-006
3946	0.67397	0.	-1.0003	1.2627e-005
3947	0.72531	0.	-0.97123	1.5407e-005
3949	0.58	0.	-1.045	7.0243e-006
3950	0.62731	0.	-1.0003	1.1644e-005
3954	0.48667	0.	-1.045	5.9999e-006
3955	0.58064	0.	-1.0003	1.1997e-005
3956	0.5264	0.	-0.97839	1.2874e-005
3960	0.39333	0.	-1.045	2.4401e-006
3961	0.4087	0.	-0.95981	6.856e-006
3962	0.47973	0.	-0.97839	1.1497e-005
3964	0.3	0.	-1.045	-2.8997e-006
3965	0.36203	0.	-0.95981	4.6729e-006
3966	0.31553	0.	-0.98466	-3.5046e-006
3970	0.20667	0.	-1.045	-8.2243e-006
3971	0.22229	0.	-0.98441	-1.1576e-005
3972	0.26887	0.	-0.98466	-6.6614e-006
3976	0.11333	0.	-1.045	-1.2841e-005
3977	0.17563	0.	-0.98441	-1.3744e-005
3978	0.13147	0.	-0.99268	-1.8216e-005
3981	2.e-002	0.	-1.045	-1.6923e-005
3982	3.7157e-002	0.	-0.98005	-3.1493e-005
3983	8.4805e-002	0.	-0.99268	-2.0664e-005
3987	-7.3333e-002	0.	-1.045	-1.6882e-005
3988	-9.5095e-003	0.	-0.98005	-3.3127e-005
3989	-7.8656e-002	0.	-0.99032	-2.8367e-005
3994	-0.16667	0.	-1.045	-1.7446e-005
3995	-0.12532	0.	-0.99032	-2.6692e-005
3997	-0.26	0.	-1.045	-1.5722e-005
3998	-0.24042	0.	-0.9825	-3.5283e-005
3999	-0.17199	0.	-0.99032	-2.8932e-005
4004	-0.35333	0.	-1.045	-9.0839e-006
4005	-0.28708	0.	-0.9825	-3.132e-005
4006	-0.35419	0.	-0.99031	-1.5344e-005
4010	-0.44667	0.	-1.045	-4.7463e-006
4011	-0.40086	0.	-0.99031	-1.2669e-005
4013	-0.54	0.	-1.045	-6.3758e-007
4014	-0.44753	0.	-0.99031	-1.1007e-005
4015	-0.50804	0.	-0.98914	-5.8341e-006
4019	-0.63333	0.	-1.045	4.4911e-006
4020	-0.60496	0.	-0.96494	7.6434e-006
4021	-0.55471	0.	-0.98914	-3.3875e-006
4026	-0.72667	0.	-1.045	7.9261e-006
4027	-0.65163	0.	-0.96494	1.0326e-005
4028	-0.7148	0.	-0.9729	1.5759e-005
4032	-0.82	0.	-1.045	7.3734e-006
4033	-0.81935	0.	-0.99838	1.1392e-005
4034	-0.76147	0.	-0.9729	1.6512e-005
4037	-0.91333	0.	-1.045	7.6586e-006
4038	-0.86602	0.	-0.99838	1.0086e-005
4042	-1.0067	0.	-1.045	9.2663e-006
4043	-0.91268	0.	-0.99838	1.1677e-005
4044	-0.97019	0.	-0.95873	1.9791e-005
4046	-1.1	0.	-1.045	9.8867e-006
4047	-1.0169	0.	-0.95873	1.9808e-005
4048	-1.0758	0.	-0.99481	1.3548e-005
4052	-1.1933	0.	-0.9975	1.3431e-005
4053	-1.1933	0.	-1.045	8.9232e-006
4054	-1.1225	0.	-0.99481	1.4151e-005
4083	-1.24	0.	-0.9025	2.6045e-005
4084	-1.24	0.	-0.9975	1.1864e-005
4085	-1.1692	0.	-0.94731	1.7092e-005
4088	-1.24	0.	-0.8075	5.123e-005
4089	-1.1715	0.	-0.82796	4.1573e-005
4090	-1.1692	0.	-0.89981	2.6765e-005
4094	-1.24	0.	-0.7125	7.6531e-005
4095	-1.1715	0.	-0.78046	5.7085e-005
4096	-1.1866	0.	-0.71118	7.7967e-005
4100	-1.24	0.	-0.6175	1.0192e-004
4101	-1.1866	0.	-0.66368	8.7755e-005
4103	-1.24	0.	-0.5225	1.3705e-004
4104	-1.1866	0.	-0.61618	1.0336e-004
4105	-1.1721	0.	-0.54901	1.2637e-004
4110	-1.24	0.	-0.4275	1.6894e-004
4111	-1.1636	0.	-0.44175	1.8249e-004
4112	-1.1721	0.	-0.50151	1.459e-004
4113	-1.2036	0.	-0.41458	1.7523e-004
4117	-1.24	0.	-0.3325	1.9633e-004
4118	-1.2036	0.	-0.36708	1.876e-004
4120	-1.24	0.	-0.2375	2.2627e-004
4121	-1.1709	0.	-0.27471	2.3159e-004
4122	-1.2036	0.	-0.31958	2.0263e-004
4126	-1.24	0.	-0.1425	2.5422e-004
4127	-1.1709	0.	-0.22721	2.4651e-004
4128	-1.1856	0.	-0.15126	2.6041e-004
4134	-1.1945	0.	-4.75e-002	2.7321e-004
4135	-1.24	0.	-4.75e-002	2.6749e-004
4136	-1.1856	0.	-0.10376	2.7344e-004
4173	0.13636	0.	0.	2.5478e-002
4174	6.8182e-002	0.	0.	0.11298
4177	8.8501e-002	0.	-4.3229e-002	2.9673e-002
4178	6.2955e-002	0.	-3.089e-002	4.9022e-002
4185	0.22727	0.	0.	7.1985e-003
4188	0.13396	0.	-4.3229e-002	1.4467e-002
4189	0.17255	0.	-6.3075e-002	8.0876e-003
4197	0.31818	0.	0.	3.3454e-003
4200	0.29801	0.	-6.9479e-002	3.1714e-003
4201	0.21801	0.	-6.3075e-002	5.0146e-003
4202	0.24947	0.	-8.5727e-002	3.5741e-003
4207	0.40909	0.	0.	2.0232e-003
4210	0.3919	0.	-7.494e-002	1.9407e-003
4211	0.34346	0.	-6.9479e-002	2.3912e-003
4217	0.5	0.	0.	1.1654e-003
4219	0.43735	0.	-7.494e-002	1.3987e-003
4220	0.48672	0.	-7.3351e-002	1.2393e-003
4225	0.59091	0.	0.	7.0779e-004
4228	0.58345	0.	-6.9221e-002	7.0838e-004
4229	0.53217	0.	-7.3351e-002	9.2349e-004
4234	0.68182	0.	0.	5.0584e-004
4237	0.62891	0.	-6.9221e-002	5.6663e-004
4238	0.69043	0.	-5.8446e-002	4.7895e-004
4242	0.77273	0.	0.	3.911e-004
4244	0.73588	0.	-5.8446e-002	4.1875e-004
4246	0.86364	0.	0.	3.0748e-004
4249	0.84862	0.	-6.5062e-002	3.0951e-004
4250	0.78134	0.	-5.8446e-002	3.6421e-004
4257	0.95455	0.	0.	2.7395e-004
4259	0.89407	0.	-6.5062e-002	2.8042e-004
4261	-1.1036	0.	0.	3.0797e-004
4263	-1.1945	0.	0.	2.7345e-004
4265	-1.1401	0.	-5.6262e-002	2.794e-004
4268	-1.0127	0.	0.	4.0553e-004
4271	-1.0947	0.	-5.6262e-002	3.082e-004
4272	-1.0354	0.	-7.0937e-002	3.4962e-004
4278	-0.92182	0.	0.	5.4376e-004
4280	-0.90816	0.	-4.25e-002	5.4968e-004
4281	-0.98997	0.	-7.0937e-002	4.1839e-004
4283	-0.83091	0.	0.	7.5133e-004
4286	-0.8627	0.	-4.25e-002	6.1914e-004
4290	-0.74	0.	0.	1.1956e-003
4293	-0.74422	0.	-4.3447e-002	1.0571e-003
4294	-0.81725	0.	-4.25e-002	7.5724e-004
4300	-0.64909	0.	0.	1.9848e-003
4302	-0.69877	0.	-4.3447e-002	1.3633e-003
4307	-0.55818	0.	0.	3.558e-003
4310	-0.58944	0.	-6.3715e-002	2.3705e-003
4311	-0.65332	0.	-4.3447e-002	1.8462e-003
4318	-0.46727	0.	0.	9.3526e-003
4321	-0.54398	0.	-6.3715e-002	3.4607e-003
4322	-0.48494	0.	-5.3904e-002	5.22e-003
4327	-0.37636	0.	0.	2.9573e-002
4330	-0.39184	0.	-4.8942e-002	1.4625e-002
4331	-0.43949	0.	-5.3904e-002	9.9244e-003
4338	-0.30818	0.	0.	0.10677
4341	-0.34639	0.	-4.8942e-002	3.0141e-002
4342	-0.30183	0.	-2.3784e-002	7.6667e-002
4343	-0.31797	0.	-3.7483e-002	3.7831e-002
4866	2.2727e-002	0.	0.	0.34631
4874	-0.26273	0.	0.	0.33208
4884	4.0227e-002	0.	-3.089e-002	0.12132
4895	-0.27911	0.	-2.3784e-002	0.13834
5988	0.19603	0.	-0.5468	-4.7711e-005
5989	0.10664	0.	-0.50859	-2.562e-004
5990	6.6437e-002	0.	-0.55026	-3.6428e-004
5991	0.1648	0.	-0.60779	-1.087e-004
5992	8.8519e-002	0.	-0.60966	-1.9379e-004
5993	0.15432	0.	-0.51019	-6.9643e-005
5997	-0.34862	0.	-0.47021	-2.7027e-004
5998	-0.28914	0.	-0.53014	-3.3992e-004
5999	-0.39816	0.	-0.49492	-7.6846e-005
6000	-0.30373	0.	-0.48661	-4.383e-004
6001	-0.3892	0.	-0.5487	-1.2952e-004
6002	-0.33154	0.	-0.56332	-2.2885e-004
6008	-1.6315e-002	0.	-0.25667	-3.8457e-003
6009	-1.9234e-002	0.	-0.33458	-1.9383e-003
6010	4.1713e-002	0.	-0.27875	-1.2837e-003
6011	2.1972e-002	0.	-0.3275	-1.5708e-003
6012	-3.1784e-002	0.	-0.29292	-2.9377e-003
6013	2.1328e-002	0.	-0.25458	-1.8514e-003
6017	-0.34096	0.	-0.24121	1.2216e-003
6018	-0.26549	0.	-0.27178	-2.1331e-003
6019	-0.26381	0.	-0.30491	-1.3571e-003
6020	-0.29287	0.	-0.32926	-7.7348e-004
6021	-0.29654	0.	-0.25373	-9.7552e-004
6022	-0.35522	0.	-0.28126	-3.4047e-005
6023	-0.33309	0.	-0.30989	-4.3774e-004
6028	-0.83066	0.	-0.425	3.0611e-004
6029	-0.75008	0.	-0.45051	3.43e-004
6030	-0.87312	0.	-0.49609	2.1234e-004
6031	-0.83357	0.	-0.57252	1.7995e-004
6032	-0.74486	0.	-0.52031	2.2118e-004
6033	-0.77829	0.	-0.55515	1.8671e-004
6038	0.57651	0.	-0.44032	2.9128e-004
6039	0.5146	0.	-0.47335	2.9348e-004
6040	0.63852	0.	-0.47798	2.144e-004
6041	0.48259	0.	-0.53272	1.8736e-004
6042	0.58292	0.	-0.57687	1.658e-004
6043	0.62463	0.	-0.5328	1.7712e-004
6044	0.5221	0.	-0.57104	1.7148e-004
6049	-9.4657e-002	0.	-0.15235	-2.1477e-002
6050	-5.6501e-002	0.	-0.19625	-9.925e-003
6051	-0.10299	0.	-0.17174	-1.4229e-002
6052	-6.9655e-002	0.	-0.14762	-1.9327e-002
6053	-8.5488e-002	0.	-0.19778	-1.075e-002
6054	-5.615e-002	0.	-0.16329	-1.1792e-002
6057	-0.26643	0.	-0.12705	9.4006e-003
6058	-0.23764	0.	-0.17102	-3.0389e-003
6059	-0.24251	0.	-0.14033	-5.418e-003
6060	-0.27733	0.	-0.18731	-5.7009e-005
6061	-0.29714	0.	-0.15793	3.6729e-003
6066	-0.57687	0.	-0.33542	6.84e-004
6067	-0.49481	0.	-0.38236	3.8974e-004
6068	-0.62508	0.	-0.39676	4.3089e-004
6069	-0.55755	0.	-0.46853	2.706e-004
6070	-0.50162	0.	-0.43661	2.3257e-004
6071	-0.61986	0.	-0.46656	3.0908e-004
6072	-0.53099	0.	-0.35715	6.4776e-004
6076	0.20937	0.	-0.24489	1.8682e-003
6077	0.26047	0.	-0.32667	9.7273e-004
6078	0.3064	0.	-0.27152	1.33e-003
6079	0.28917	0.	-0.20134	1.918e-003
6080	0.24063	0.	-0.21758	2.3207e-003
6081	0.21717	0.	-0.2829	1.101e-003
6085	-0.20848	0.	-0.36057	-1.6758e-003
6086	-0.15394	0.	-0.39862	-1.494e-003
6087	-0.23754	0.	-0.38492	-1.0922e-003
6088	-0.22801	0.	-0.42608	-1.0514e-003
6089	-0.17854	0.	-0.43562	-1.1926e-003
6090	-0.17363	0.	-0.36932	-2.083e-003
6093	-9.3066e-002	0.	-0.51268	-7.2433e-004
6094	-0.17395	0.	-0.54828	-5.0306e-004
6095	-5.6338e-002	0.	-0.55021	-5.3984e-004
6096	-0.15997	0.	-0.58639	-4.2941e-004
6097	-8.0389e-002	0.	-0.58843	-4.3628e-004
6098	-0.13906	0.	-0.51429	-7.4264e-004
6102	-0.54511	0.	-0.76566	8.0326e-006
6103	-0.5551	0.	-0.84216	3.1558e-007
6104	-0.4043	0.	-0.79722	-4.9252e-005
6105	-0.44069	0.	-0.74272	-5.1558e-005
6106	-0.44433	0.	-0.86753	-1.5888e-005
6107	-0.50484	0.	-0.72559	-2.6783e-007
6108	-0.50484	0.	-0.86636	-1.0715e-005
6114	0.29668	0.	-0.74644	1.3445e-005
6115	0.17727	0.	-0.77185	-5.8576e-005
6116	0.30703	0.	-0.83481	-6.8892e-006
6117	0.21836	0.	-0.72753	-3.2766e-005
6118	0.1734	0.	-0.82036	-3.7228e-005
6119	0.21396	0.	-0.85941	-1.9982e-005
6120	0.26053	0.	-0.85966	-1.5067e-005
6124	-0.13042	0.	-0.76042	-1.6585e-004
6125	-0.23053	0.	-0.7465	-1.6118e-004
6126	-0.25251	0.	-0.79878	-1.0577e-004
6127	-0.22543	0.	-0.86128	-8.8383e-005
6128	-0.157	0.	-0.86911	-8.2031e-005
6129	-0.18168	0.	-0.75191	-1.7842e-004
6130	-0.13008	0.	-0.8136	-1.1418e-004
6135	0.73872	0.	-0.79655	5.3833e-005
6136	0.56906	0.	-0.77518	5.566e-005
6137	0.69752	0.	-0.73144	7.5997e-005
6138	0.63747	0.	-0.8774	3.4937e-005
6139	0.62475	0.	-0.72144	8.3566e-005
6140	0.68881	0.	-0.8483	3.7717e-005
6141	0.58323	0.	-0.85545	3.5814e-005
6148	-0.79791	0.	-0.77052	6.1006e-005
6149	-0.86378	0.	-0.87702	3.2827e-005
6150	-0.86301	0.	-0.71867	8.3984e-005
6151	-0.92129	0.	-0.83737	4.0941e-005
6152	-0.92642	0.	-0.76404	6.3111e-005
6153	-0.8059	0.	-0.85154	3.7947e-005
6157	-0.13574	0.	-0.25331	-5.4403e-003
6158	-9.5331e-002	0.	-0.2915	-3.7191e-003
6159	-0.10885	0.	-0.25678	-5.4517e-003
6160	-0.11052	0.	-0.3149	-3.1452e-003
6161	-0.13821	0.	-0.31429	-3.2769e-003
6162	-0.14904	0.	-0.28604	-3.8897e-003
6166	0.52777	0.	-0.40368	3.6703e-004
6167	0.53095	0.	-0.3292	5.2021e-004
6168	0.65169	0.	-0.4083	2.8795e-004
6169	0.65158	0.	-0.33657	3.4237e-004
6170	0.58131	0.	-0.31142	4.6442e-004
6174	-0.87798	0.	-0.25849	3.9875e-004
6175	-0.82725	0.	-0.19807	6.2195e-004
6176	-0.94505	0.	-0.26373	3.4857e-004
6177	-0.87351	0.	-0.13099	5.269e-004
6178	-0.95532	0.	-0.15943	3.9561e-004
6181	-0.127	0.	-0.1156	-3.6899e-002
6182	-0.13782	0.	-0.13846	-2.4642e-002
6183	-0.10258	0.	-0.11626	-3.7434e-002
6184	-0.12023	0.	-0.15409	-2.1297e-002
6185	-8.6887e-002	0.	-0.12997	-2.6395e-002
6189	0.30961	0.	-0.61798	6.4532e-005
6190	0.26421	0.	-0.46385	2.0302e-004
6191	0.23129	0.	-0.59907	1.8321e-005
6192	0.33218	0.	-0.54676	1.1815e-004
6193	0.22081	0.	-0.50147	5.7374e-005
6194	0.30951	0.	-0.50313	1.8238e-004
6197	-1.4996e-002	0.	-0.69104	-2.0933e-004
6198	-6.1128e-002	0.	-0.66986	-2.7626e-004
6199	-0.12874	0.	-0.70976	-2.1839e-004
6200	-7.7144e-002	0.	-0.77146	-1.5414e-004
6201	-3.262e-002	0.	-0.75133	-1.6586e-004
6204	-0.67846	0.	-0.24375	8.8194e-004
6205	-0.64862	0.	-0.32968	6.9563e-004
6206	-0.58782	0.	-0.19788	1.611e-003
6207	-0.54521	0.	-0.24354	1.536e-003
6208	-0.55452	0.	-0.29006	9.125e-004
6212	-0.43315	0.	-0.20721	2.6775e-003
6213	-0.36907	0.	-0.14677	9.2125e-003
6214	-0.41672	0.	-0.15173	4.5117e-003
6215	-0.33187	0.	-0.20818	1.0345e-003
6216	-0.39054	0.	-0.23571	1.976e-003
6217	-0.35168	0.	-0.1788	4.7645e-003
6222	-0.15293	0.	-0.11936	-3.2997e-002
6223	-0.16654	0.	-9.5058e-002	-3.8799e-002
6224	-0.11769	0.	-9.716e-002	-4.5788e-002
6225	-0.12673	0.	-8.1676e-002	-6.0046e-002
6226	-0.15698	0.	-8.2905e-002	-5.8679e-002
6227	-0.14297	0.	-8.267e-002	-6.0319e-002
6232	0.36705	0.	-0.78624	2.9423e-005
6233	0.27838	0.	-0.67897	3.5468e-006
6234	0.42392	0.	-0.72455	5.391e-005
6235	0.37927	0.	-0.62666	1.0337e-004
6236	0.41878	0.	-0.66498	8.7491e-005
6241	-0.61327	0.	-0.80838	2.1195e-005
6242	-0.66844	0.	-0.73531	4.9688e-005
6243	-0.62368	0.	-0.67992	7.0251e-005
6244	-0.56301	0.	-0.6918	2.0611e-005
6249	0.46904	0.	-0.36223	5.2241e-004
6250	0.43385	0.	-0.49608	2.6311e-004
6251	0.41181	0.	-0.35802	7.053e-004
6252	0.41118	0.	-0.45245	3.2735e-004
6255	-1.0946	0.	-0.33646	2.3012e-004
6256	-1.0151	0.	-0.44534	1.9481e-004
6257	-1.0397	0.	-0.3795	2.384e-004
6258	-1.0957	0.	-0.46826	1.7182e-004
6259	-1.1272	0.	-0.38134	2.0115e-004
6265	-3.3394e-002	0.	-0.50747	-7.3832e-004
6266	-5.5768e-002	0.	-0.42414	-1.2743e-003
6267	-9.1513e-002	0.	-0.43456	-1.2425e-003
6268	-3.3649e-002	0.	-0.45929	-8.1225e-004
6269	-0.11611	0.	-0.47156	-9.4112e-004
6272	0.12739	0.	-0.20263	2.7221e-003
6273	0.12209	0.	-0.24637	9.0047e-004
6274	0.16349	0.	-0.17611	4.0106e-003
6275	0.19496	0.	-0.19876	2.5701e-003
6276	0.1715	0.	-0.26407	1.3504e-003
6280	0.78408	0.	-0.49798	1.7312e-004
6281	0.80125	0.	-0.60688	1.1696e-004
6282	0.86292	0.	-0.46919	1.651e-004
6283	0.87445	0.	-0.60808	1.103e-004
6284	0.77019	0.	-0.5528	1.3584e-004
6288	-2.7556e-002	0.	-9.9861e-002	-1.552e-002
6289	-7.3931e-002	0.	-9.5019e-002	-3.8536e-002
6290	-5.8234e-002	0.	-0.10873	-2.7497e-002
6291	-4.6471e-002	0.	-7.9028e-002	-3.9808e-002
6292	-6.4749e-002	0.	-8.0454e-002	-5.2119e-002
6296	-0.17736	0.	-0.11792	-2.6542e-002
6297	-0.18591	0.	-0.16517	-1.3933e-002
6298	-0.14616	0.	-0.15785	-1.7394e-002
6299	-0.19078	0.	-0.13448	-1.6312e-002
6305	0.44619	0.	-0.21882	9.959e-004
6306	0.41499	0.	-0.28354	8.5848e-004
6307	0.49556	0.	-0.21723	8.3652e-004
6308	0.52259	0.	-0.26997	6.1981e-004
6312	0.11099	0.	-0.41825	-1.8347e-004
6313	4.3535e-002	0.	-0.50333	-4.4575e-004
6314	6.2367e-002	0.	-0.41292	-6.1426e-004
6315	0.13142	0.	-0.46326	-1.5112e-004
6316	4.3281e-002	0.	-0.45515	-5.1968e-004
6320	-0.97227	0.	-0.53939	1.461e-004
6321	-0.93273	0.	-0.61582	1.137e-004
6322	-1.0675	0.	-0.62948	1.0009e-004
6323	-0.99614	0.	-0.6612	9.2832e-005
6324	-1.0529	0.	-0.56231	1.2311e-004
6328	0.84734	0.	-0.18865	2.7919e-004
6329	0.84351	0.	-0.31777	2.3548e-004
6330	0.78006	0.	-0.18203	3.339e-004
6331	0.76456	0.	-0.27484	2.9793e-004
6336	5.8889e-002	0.	-0.88041	-4.9643e-005
6337	-6.1498e-002	0.	-0.92537	-4.2938e-005
6338	-3.4576e-002	0.	-0.86987	-7.5085e-005
6339	9.9484e-003	0.	-0.84974	-8.6806e-005
6340	5.5296e-002	0.	-0.92773	-3.6868e-005
6344	-3.1208e-002	0.	-0.11637	-1.2269e-002
6345	1.7235e-002	0.	-8.464e-002	2.8533e-002
6346	-1.4618e-003	0.	-8.9425e-002	7.1186e-003
6347	1.9921e-002	0.	-0.12385	2.1766e-003
6348	-1.9444e-002	0.	-8.6667e-002	-2.458e-002
6349	-1.7703e-002	0.	-0.13204	-4.7331e-003
6354	-0.29969	0.	-0.74272	-1.4107e-004
6355	-0.33607	0.	-0.68822	-1.4337e-004
6356	-0.24082	0.	-0.6539	-2.6473e-004
6357	-0.22886	0.	-0.69584	-2.1372e-004
6358	-0.29719	0.	-0.64897	-2.2731e-004
6362	8.5781e-002	0.	-0.22293	1.505e-003
6363	8.8587e-002	0.	-0.13283	1.0995e-002
6364	6.5396e-002	0.	-0.19876	9.3724e-004
6365	0.12718	0.	-0.15267	4.6151e-003
6366	6.5727e-002	0.	-0.1597	3.9859e-003
6370	-0.20439	0.	-0.11017	-2.2115e-002
6371	-0.18141	0.	-8.1458e-002	-5.2225e-002
6372	-0.21091	0.	-8.4791e-002	-1.3018e-002
6373	-0.19642	0.	-7.983e-002	-4.3772e-002
6378	-0.24173	0.	-0.11346	2.934e-003
6379	-0.26921	0.	-7.3874e-002	6.2999e-002
6380	-0.24825	0.	-8.8075e-002	1.2031e-002
6381	-0.28534	0.	-8.7572e-002	2.4162e-002
6382	-0.29636	0.	-0.13106	1.2025e-002
6387	-0.39355	0.	-0.39175	9.6193e-006
6388	-0.4431	0.	-0.41647	2.0304e-004
6389	-0.47246	0.	-0.33701	6.1824e-004
6390	-0.42053	0.	-0.31899	5.4027e-004
6391	-0.39841	0.	-0.34761	1.3658e-004
6395	-0.18633	0.	-0.23771	-5.2724e-003
6396	-0.1777	0.	-0.20336	-7.0967e-003
6397	-0.13795	0.	-0.19604	-1.0558e-002
6398	-0.12044	0.	-0.22208	-7.0785e-003
6399	-0.16063	0.	-0.25134	-5.5164e-003
6403	-0.40037	0.	-0.446	-1.4756e-004
6404	-0.31546	0.	-0.39653	-5.4976e-004
6405	-0.30594	0.	-0.43769	-5.0902e-004
6406	-0.35568	0.	-0.37715	-2.1402e-004
6410	0.15897	0.	-0.70438	-6.8474e-005
6411	8.2688e-002	0.	-0.70625	-1.5356e-004
6412	0.114	0.	-0.79721	-7.2936e-005
6413	6.5064e-002	0.	-0.76654	-1.101e-004
6418	-0.67844	0.	-0.81181	4.1971e-005
6419	-0.573	0.	-0.90908	2.4469e-006
6420	-0.68643	0.	-0.89284	1.8912e-005
6424	0.43427	0.	-0.81292	3.3576e-005
6425	0.3309	0.	-0.89946	9.1126e-007
6426	0.44843	0.	-0.89319	1.373e-005
6431	-0.80725	0.	-0.27958	5.9195e-004
6432	-0.77741	0.	-0.36551	4.0564e-004
6433	-0.90044	0.	-0.41109	2.7498e-004
6434	-0.92505	0.	-0.34524	3.1857e-004
6439	-1.1181	0.	-0.73164	6.8309e-005
6440	-1.0417	0.	-0.83669	3.888e-005
6441	-1.1007	0.	-0.87277	3.262e-005
6442	-1.0468	0.	-0.76336	6.1051e-005
6447	0.78925	0.	-0.72886	7.6573e-005
6448	0.78054	0.	-0.84572	3.8293e-005
6449	0.86246	0.	-0.73006	6.9916e-005
6450	0.84302	0.	-0.86942	3.6003e-005
6456	0.38896	0.	-0.2146	1.1788e-003
6457	0.37172	0.	-0.14442	1.7667e-003
6458	0.46952	0.	-0.14829	1.1568e-003
6461	-0.35805	0.	-0.7405	-8.7963e-005
6462	-0.29458	0.	-0.8575	-6.8269e-005
6463	-0.36169	0.	-0.86531	-5.2293e-005
6468	-0.72667	0.	-0.3051	6.2884e-004
6469	-0.66588	0.	-0.1733	1.5442e-003
6470	-0.72976	0.	-0.15303	1.0199e-003
6471	-0.80278	0.	-0.15208	7.2011e-004
6478	0.68297	0.	-0.12767	4.7954e-004
6479	0.66747	0.	-0.22047	4.4357e-004
6480	0.57017	0.	-0.14257	7.8233e-004
6481	0.5972	0.	-0.19532	5.6562e-004
6487	-1.047	0.	-0.30745	2.6011e-004
6488	-1.1165	0.	-0.18847	2.6573e-004
6489	-1.0573	0.	-0.20315	3.0715e-004
6490	-1.1345	0.	-0.30929	2.2286e-004
6494	-0.69161	0.	-0.46083	3.2071e-004
6498	-0.50584	0.	-0.50264	8.3905e-005
6499	-0.60293	0.	-0.58126	1.1677e-004
6500	-0.62408	0.	-0.53259	1.6042e-004
6501	-0.49687	0.	-0.55641	3.1234e-005
6502	-0.54225	0.	-0.59314	6.7126e-005
6507	0.20207	0.	-0.38223	1.4873e-004
6508	0.10937	0.	-0.32075	-1.7296e-004
6509	8.9624e-002	0.	-0.3695	-4.6006e-004
6510	0.15868	0.	-0.41985	3.0902e-006
6511	0.15877	0.	-0.33846	2.7699e-004
6514	-0.22366	0.	-0.28993	-2.7018e-003
6515	-0.2167	0.	-0.22246	-5.3021e-003
6516	-0.25639	0.	-0.23875	-2.3202e-003
6517	-0.19963	0.	-0.27044	-3.7218e-003
6520	-0.21791	0.	-0.57926	-4.0663e-004
6521	-0.24646	0.	-0.49762	-5.7867e-004
6522	-0.19699	0.	-0.50715	-7.1985e-004
6523	-0.27427	0.	-0.57432	-3.6921e-004
6527	2.5415e-002	0.	-0.6044	-3.8334e-004
6528	3.0785e-003	0.	-0.49682	-6.2775e-004
6529	-2.0717e-002	0.	-0.58322	-4.5027e-004
6533	-0.41321	0.	-0.63213	-7.4872e-005
6534	-0.45859	0.	-0.66886	-3.8979e-005
6535	-0.35555	0.	-0.64675	-1.7421e-004
6538	0.31183	0.	-0.33447	6.8404e-004
6539	0.2225	0.	-0.42724	1.8108e-004
6540	0.3112	0.	-0.4289	3.0609e-004
6541	0.2226	0.	-0.34585	4.5498e-004
6547	0.12378	0.	-0.66194	-1.2775e-004
6554	-7.7582e-002	0.	-0.11153	-3.5284e-002
6555	-0.10231	0.	-8.2332e-002	-6.058e-002
6556	-8.4097e-002	0.	-8.3252e-002	-5.9906e-002
6562	-5.1046e-002	0.	-0.25875	-4.5327e-003
6563	-6.4565e-002	0.	-0.22403	-6.2653e-003
6564	2.0663e-003	0.	-0.22042	-3.4464e-003
6565	-3.5226e-002	0.	-0.18954	-7.3075e-003
6569	-0.79871	0.	-0.6869	9.3441e-005
6570	-0.68885	0.	-0.68336	9.1026e-005
6571	-0.74343	0.	-0.66952	1.002e-004
6572	-0.74161	0.	-0.81977	4.7404e-005
6577	0.54682	0.	-0.69749	8.5969e-005
6578	0.48601	0.	-0.69166	9.1643e-005
6579	0.5053	0.	-0.8315	3.8217e-005
6583	0.79255	0.	-0.41716	2.0305e-004
6584	0.69982	0.	-0.50078	1.7379e-004
6585	0.7136	0.	-0.37423	2.655e-004
6591	0.37917	0.	-0.51182	2.2122e-004
6592	0.44136	0.	-0.59377	1.411e-004
6596	-2.0833e-004	0.	-0.37125	-1.2584e-003
6597	-7.7159e-002	0.	-0.38875	-1.594e-003
6598	-1.9295e-002	0.	-0.41348	-1.1638e-003
6599	-5.3965e-002	0.	-0.33667	-2.6252e-003
6600	-6.9158e-002	0.	-0.36006	-2.0513e-003
6604	0.67528	0.	-0.65375	1.0631e-004
6605	0.82126	0.	-0.66495	9.208e-005
6606	0.71699	0.	-0.60967	1.1762e-004
6610	-0.53263	0.	-0.17309	2.1983e-003
6611	-0.51619	0.	-0.11762	4.0325e-003
6612	-0.63912	0.	-0.10716	1.749e-003
6616	-0.47359	0.	-0.16328	3.9575e-003
6617	-0.49933	0.	-0.26528	1.4998e-003
6618	-0.44741	0.	-0.24726	1.4218e-003
6623	-0.40951	0.	-0.10285	1.0493e-002
6624	-0.33345	0.	-8.6425e-002	2.2883e-002
6625	-0.34447	0.	-0.12991	1.0745e-002
6629	-0.25103	0.	-0.34741	-1.3421e-003
6630	-0.18713	0.	-0.33182	-2.333e-003
6631	-0.19796	0.	-0.30356	-2.9458e-003
6636	0.34052	0.	-0.20914	1.6293e-003
6637	0.35713	0.	-0.37376	6.6341e-004
6643	-0.44095	0.	-0.52449	-6.8036e-006
6647	-0.90336	0.	-0.55861	1.4881e-004
6648	-0.96751	0.	-0.41633	2.248e-004
6649	-1.0236	0.	-0.5051	1.5822e-004
6654	-0.19907	0.	-0.92782	-4.453e-005
6655	-0.33461	0.	-0.92781	-3.4905e-005
6660	-0.16832	0.	-0.18079	-1.0588e-002
6661	-0.21294	0.	-0.15742	-9.5055e-003
6662	-0.24776	0.	-0.2044	-4.1445e-003
6666	1.3642e-003	0.	-0.64262	-2.7978e-004
6667	2.9872e-002	0.	-0.72409	-1.6938e-004
6671	-0.92287	0.	-0.91211	2.2219e-005
6672	-0.80749	0.	-0.92628	1.9225e-005
6678	0.67928	0.	-0.92656	1.9397e-005
6679	0.57371	0.	-0.93371	1.7494e-005
6683	0.81177	0.	-0.12351	3.3716e-004
6687	-0.92722	0.	-0.68042	9.5546e-005
6688	-0.80853	0.	-0.61767	1.2318e-004
6692	0.64422	0.	-0.59967	1.2519e-004
6693	0.54169	0.	-0.63792	1.1955e-004
6698	6.0739e-002	0.	-0.31542	-6.0375e-004
6699	6.0095e-002	0.	-0.2425	-8.8439e-004
6700	0.12989	0.	-0.28437	1.3329e-004
6709	0.15069	0.	-0.88477	-3.4342e-005
6710	6.1189e-002	0.	-0.81505	-8.8751e-005
6711	0.10654	0.	-0.89305	-3.8814e-005
6715	-0.10372	0.	-0.88015	-7.0326e-005
6719	-0.11106	0.	-0.19951	-1.0569e-002
6725	-4.8381e-002	0.	-0.14091	-1.671e-002
6729	-0.46223	0.	-0.93445	-1.3756e-005
6733	-0.66524	0.	-0.57929	1.5524e-004
6734	-0.58342	0.	-0.63985	6.195e-005
6735	-0.69867	0.	-0.61413	1.2076e-004
6739	0.79244	0.	-0.34544	2.5747e-004
6744	6.0546e-002	0.	-7.4119e-002	3.8011e-002
6745	0.12469	0.	-0.1063	1.2283e-002
6746	6.3232e-002	0.	-0.11333	1.1654e-002
6751	1.6303e-002	0.	-6.6565e-002	3.5944e-002
6752	3.7686e-002	0.	-0.10099	3.1002e-002
6759	-0.22433	0.	-0.10135	-2.7878e-003
6764	0.23783	0.	-0.92407	-1.2181e-005
6765	0.1471	0.	-0.93209	-2.1568e-005
6767	-0.12435	0.	-0.61941	-3.3984e-004
6768	-0.19197	0.	-0.65931	-2.8197e-004
6769	-0.2603	0.	-0.61244	-2.9556e-004
6772	2.1911e-002	0.	-0.4064	-7.9627e-004
6776	-0.71981	0.	-0.56546	1.6441e-004
6779	-1.062	0.	-0.69407	8.1932e-005
6780	-1.1188	0.	-0.59519	1.1221e-004
6784	0.27475	0.	-0.15521	2.6199e-003
6788	-1.0024	0.	-0.24618	3.1544e-004
6791	0.7931	0.	-0.92116	1.9888e-005
6795	-1.0394	0.	-0.90853	2.4072e-005
6796	-0.9855	0.	-0.79912	5.2503e-005
6804	-0.2518	0.	-6.177e-002	5.7277e-002
6805	-0.2889	0.	-6.1267e-002	6.9409e-002
6816	-0.1375	0.	-0.43617	-1.2608e-003
6817	-0.1049	0.	-0.37048	-2.0195e-003
6818	-0.13259	0.	-0.36987	-2.1512e-003
6823	-0.27057	0.	-0.41293	-7.1779e-004
6824	-0.32032	0.	-0.35239	-4.228e-004
6828	-0.21157	0.	-0.46363	-8.1824e-004
6834	-0.11238	0.	-0.66134	-2.8884e-004
6843	-0.47737	0.	-0.615	-2.3582e-005
6844	-0.37433	0.	-0.59289	-1.5881e-004
6848	-8.0034e-002	0.	-0.26028	-5.3572e-003
6849	-8.1709e-002	0.	-0.3184	-3.0507e-003
6864	-1.0719	0.	-0.1272	3.2105e-004
6869	-0.12759	0.	-6.7842e-002	-7.5111e-002
6870	-9.3132e-002	0.	-6.7767e-002	-7.4164e-002
6878	-0.15784	0.	-6.9071e-002	-7.3744e-002
6879	-0.18686	0.	-6.7677e-002	-6.3652e-002
6885	4.0041e-002	0.	-0.17927	1.5965e-003
6886	2.4171e-003	0.	-0.18746	-5.3132e-003
6890	0.72899	0.	-0.2097	3.5589e-004
6896	-0.30726	0.	-0.19132	2.5673e-003
6900	-0.21635	0.	-7.101e-002	-2.4445e-002
6909	-0.77602	0.	-8.5947e-002	9.249e-004
6923	-2.0376e-002	0.	-6.8592e-002	-1.7169e-002
6928	0.19475	0.	-0.1488	4.4631e-003
6934	2.7485e-003	0.	-0.1484	-2.2645e-003
6942	-0.45671	0.	-0.29378	7.983e-004
6947	-0.38266	0.	-0.30439	3.1663e-004
6952	-3.2275e-002	0.	-0.80451	-1.1419e-004
6965	-0.93085	0.	-0.11344	4.9377e-004
6974	-5.6637e-002	0.	-6.726e-002	-6.1179e-002
6986	-0.31605	0.	-0.11845	1.8435e-002
7002	0.64322	0.	-0.27734	4.4197e-004
7007	0.54592	0.	-0.19944	7.8073e-004
7015	-0.12459	0.	-0.34118	-2.6085e-003
7018	-0.16311	0.	-0.31232	-3.353e-003
1	0.	0.	4.5e-002	0.10334
2	-2.1818e-002	0.	4.5e-002	-1.9407e-002
3	-4.3636e-002	0.	4.5e-002	-8.017e-002
4	-6.5455e-002	0.	4.5e-002	-9.1481e-002
5	-8.7273e-002	0.	4.5e-002	-8.2506e-002
6	-0.10909	0.	4.5e-002	-8.5649e-002
7	-0.13091	0.	4.5e-002	-8.4413e-002
8	-0.15273	0.	4.5e-002	-9.0762e-002
9	-0.17455	0.	4.5e-002	-8.8645e-002
10	-0.19636	0.	4.5e-002	-8.9919e-002
11	-0.21818	0.	4.5e-002	-5.0782e-002
12	-0.24	0.	4.5e-002	0.13492
13	-0.24	0.	3.e-002	0.29185
23	0.	0.	3.e-002	0.29844
346	9.0909e-002	0.	0.	4.2776e-002
347	0.18182	0.	0.	1.055e-002
348	0.27273	0.	0.	4.0283e-003
349	0.36364	0.	0.	2.1765e-003
350	0.45455	0.	0.	1.5848e-003
351	0.54545	0.	0.	8.8741e-004
352	0.63636	0.	0.	6.0747e-004
353	0.72727	0.	0.	4.462e-004
354	0.81818	0.	0.	3.5012e-004
355	0.90909	0.	0.	2.8251e-004
356	-1.1491	0.	0.	2.8624e-004
357	-1.0582	0.	0.	3.3925e-004
358	-0.96727	0.	0.	4.4064e-004
359	-0.87636	0.	0.	5.427e-004
360	-0.78545	0.	0.	1.029e-003
361	-0.69455	0.	0.	1.5588e-003
362	-0.60364	0.	0.	2.6416e-003
363	-0.51273	0.	0.	4.9149e-003
364	-0.42182	0.	0.	1.4501e-002
365	-0.33091	0.	0.	4.3506e-002
409	-1.24	0.	9.5e-002	2.6589e-004
410	-1.24	0.	0.19	2.4068e-004
411	-1.24	0.	0.285	2.0832e-004
412	-1.24	0.	0.38	1.7955e-004
413	-1.24	0.	0.475	1.5416e-004
414	-1.24	0.	0.57	1.135e-004
415	-1.24	0.	0.665	8.9473e-005
416	-1.24	0.	0.76	6.5899e-005
417	-1.24	0.	0.855	3.5087e-005
418	-1.24	0.	0.95	1.7354e-005
424	-1.1467	0.	1.045	9.0716e-006
425	-1.0533	0.	1.045	7.8909e-006
426	-0.96	0.	1.045	7.9695e-006
427	-0.86667	0.	1.045	9.2311e-006
428	-0.77333	0.	1.045	6.8694e-006
429	-0.68	0.	1.045	3.6413e-006
430	-0.58667	0.	1.045	6.2893e-007
431	-0.49333	0.	1.045	-4.1655e-006
432	-0.4	0.	1.045	-7.9297e-006
433	-0.30667	0.	1.045	-1.2004e-005
434	-0.21333	0.	1.045	-1.9593e-005
435	-0.12	0.	1.045	-1.3909e-005
436	-2.6667e-002	0.	1.045	-1.4225e-005
437	6.6667e-002	0.	1.045	-1.3858e-005
438	0.16	0.	1.045	-6.0232e-006
439	0.25333	0.	1.045	-4.4019e-006
440	0.34667	0.	1.045	3.1369e-006
441	0.44	0.	1.045	5.1706e-006
442	0.53333	0.	1.045	6.6909e-006
443	0.62667	0.	1.045	1.1962e-005
444	0.72	0.	1.045	8.0419e-006
445	0.81333	0.	1.045	1.0284e-005
446	0.90667	0.	1.045	9.3377e-006
452	1.	0.	0.95	1.8828e-005
453	1.	0.	0.855	3.9523e-005
454	1.	0.	0.76	6.3681e-005
455	1.	0.	0.665	9.4341e-005
456	1.	0.	0.57	1.1753e-004
457	1.	0.	0.475	1.5846e-004
458	1.	0.	0.38	1.898e-004
459	1.	0.	0.285	2.147e-004
460	1.	0.	0.19	2.4387e-004
461	1.	0.	9.5e-002	2.7066e-004
462	0.	0.	0.	0.50001
463	-0.24	0.	0.	0.50868
469	1.	0.	0.	2.7069e-004
471	-1.24	0.	0.	2.6762e-004
474	-1.24	0.	1.045	6.8525e-006
475	1.	0.	1.045	6.7713e-006
476	4.5455e-002	0.	0.	0.17419
477	-0.28545	0.	0.	0.1827
478	0.12667	0.	0.545	-1.2609e-004
479	-0.36667	0.	0.545	-1.7858e-004
480	-2.1212e-003	0.	0.295	-1.8096e-003
481	-0.31354	0.	0.28733	-2.5262e-004
482	-0.79668	0.	0.48982	2.2807e-004
483	0.56333	0.	0.51	2.2841e-004
484	-6.8626e-002	0.	0.17	-1.4648e-002
485	-1.0882e-002	0.	0.18322	-6.3304e-003
486	-0.27167	0.	0.17	7.4972e-004
487	-0.55559	0.	0.38355	4.8184e-004
488	0.24515	0.	0.2725	1.4619e-003
489	-0.17391	0.	0.41913	-1.3406e-003
490	-0.10599	0.	0.55015	-6.036e-004
491	-0.47667	0.	0.795	-2.7996e-005
492	0.23667	0.	0.795	-1.8936e-005
493	-5.6646e-002	0.	0.80256	-1.1778e-004
494	0.64167	0.	0.7775	5.8677e-005
495	-0.86303	0.	0.7732	6.805e-005
496	-0.13091	0.	0.295	-3.8591e-003
497	0.59645	0.	0.33529	3.8621e-004
498	-0.85798	0.	0.34	3.612e-004
499	-0.14217	0.	8.6667e-002	-5.3856e-002
500	0.39812	0.	0.52852	2.1408e-004
501	-0.16315	0.	0.71792	-2.0598e-004
502	-0.6004	0.	0.26833	9.9046e-004
503	-0.47942	0.	0.21187	2.478e-003
504	-0.68197	0.	0.60181	1.1302e-004
505	-0.20692	0.	0.17	-9.7058e-003
506	-4.4084e-002	0.	0.36672	-1.9679e-003
507	9.2535e-002	0.	0.22591	1.3075e-003
508	4.6481e-002	0.	0.15724	3.8166e-003
509	0.70889	0.	0.53	1.5456e-004
510	-0.94889	0.	0.53	1.5532e-004
511	-0.23098	0.	8.0864e-002	-3.4071e-003
512	-6.448e-002	0.	0.11431	-3.0557e-002
513	0.37924	0.	0.27682	9.3083e-004
514	2.9494e-002	0.	0.37989	-8.6305e-004
515	-0.63491	0.	0.81906	2.0984e-005
516	0.50667	0.	0.78333	4.7345e-005
517	-2.6312e-002	0.	8.5405e-002	-2.4647e-002
518	-1.049	0.	0.265	2.8021e-004
519	0.80899	0.	0.265	2.8412e-004
520	-0.23274	0.	0.89555	-5.8426e-005
521	2.6667e-002	0.	0.67	-1.9794e-004
522	-0.53056	0.	0.575	5.794e-005
523	0.18171	0.	0.41814	1.2545e-004
524	-0.43628	0.	0.36222	2.7013e-004
525	-0.35843	0.	0.74847	-8.4297e-005
526	-0.35017	0.	0.42319	-2.6893e-004
527	0.46399	0.	0.13577	1.138e-003
528	-1.0854	0.	0.75741	6.209e-005
529	0.85269	0.	0.72238	7.7334e-005
530	-0.37491	0.	0.1971	3.2719e-003
531	0.32722	0.	0.65833	4.0401e-005
532	2.7003e-002	0.	9.8056e-002	1.6226e-002
533	8.1667e-002	0.	0.795	-8.6161e-005
534	-0.69293	0.	0.13417	1.1941e-003
535	-3.9596e-002	0.	0.46167	-9.1503e-004
536	-0.84796	0.	0.17122	5.9856e-004
537	0.62717	0.	0.17	6.1359e-004
538	0.25657	0.	0.53354	6.881e-005
539	0.14278	0.	0.30634	2.411e-004
540	-0.1098	0.	0.12833	-3.079e-002
541	-0.69974	0.	0.35964	4.8775e-004
542	-0.26636	0.	0.56138	-4.2453e-004
543	-9.8535e-002	0.	8.6667e-002	-5.1895e-002
544	-0.14217	0.	0.17	-1.5261e-002
545	0.16318	0.	0.65866	-7.3839e-005
546	-3.9773e-002	0.	0.2325	-4.9716e-003
547	0.20633	0.	0.12403	5.6972e-003
548	0.85152	0.	0.93494	2.2622e-005
549	-1.0657	0.	0.92495	2.1062e-005
550	-0.17455	0.	0.12833	-2.4595e-002
551	-0.43123	0.	0.65097	-4.1864e-005
552	-0.16891	0.	0.2325	-6.6716e-003
553	0.45201	0.	0.38998	4.4032e-004
554	-0.18432	0.	8.2225e-002	-4.9075e-002
555	0.313	0.	0.41427	4.0196e-004
556	-0.68925	0.	0.93808	1.2132e-005
557	0.44048	0.	0.93107	1.3598e-005
558	-0.21712	0.	0.295	-2.3844e-003
559	8.5579e-003	0.	0.55969	-3.7694e-004
560	-0.35468	0.	9.2194e-002	1.3597e-002
561	-0.30162	0.	6.4888e-002	4.3651e-002
562	-0.54723	0.	0.11778	2.2739e-003
563	-1.108	0.	0.51375	1.3907e-004
564	0.86834	0.	0.51328	1.4286e-004
565	-0.46	0.	0.47375	9.7176e-005
566	2.75e-002	0.	0.92	-3.6149e-005
567	0.46222	0.	0.6525	8.7868e-005
568	0.32185	0.	0.13485	2.2817e-003
569	-0.28744	0.	0.66221	-1.9567e-004
570	0.57518	0.	0.91318	2.0032e-005
571	0.8796	0.	0.13195	2.7452e-004
572	-1.1196	0.	0.13193	2.8197e-004
573	-0.55055	0.	0.92661	-6.6861e-007
574	0.37167	0.	0.78917	1.3883e-005
575	0.77145	0.	0.40396	2.1079e-004
576	-1.0115	0.	0.40396	1.9924e-004
577	-0.83133	0.	0.63302	1.1674e-004
578	0.6025	0.	0.64375	1.1543e-004
579	-0.10434	0.	0.2325	-7.4665e-003
580	-0.73263	0.	0.72826	6.2638e-005
581	-0.28646	0.	0.35126	-8.9978e-004
582	-0.34504	0.	0.84879	-5.2312e-005
583	-0.10784	0.	0.93651	-4.5072e-005
584	-0.62096	0.	0.48214	2.4026e-004
585	-0.90611	0.	0.9178	2.3235e-005
586	0.17839	0.	0.92974	-2.0648e-005
587	0.47928	0.	0.27299	6.57e-004
588	-0.7702	0.	0.26253	6.4011e-004
589	8.3737e-002	0.	0.46167	-4.5722e-004
590	-0.45165	0.	0.10958	5.9621e-003
591	-0.22022	0.	0.22693	-3.6049e-003
592	0.16308	0.	0.23833	2.0825e-003
593	0.11634	0.	0.154	7.7387e-003
594	-0.57883	0.	0.6909	2.7772e-005
595	-0.10357	0.	0.40403	-1.5308e-003
596	-0.19957	0.	0.61571	-3.6868e-004
597	-6.e-002	0.	0.70125	-2.1151e-004
598	-1.7071e-002	0.	0.12833	-8.4344e-003
599	-6.6515e-002	0.	0.295	-3.6042e-003
600	-0.15765	0.	0.3575	-2.1613e-003
601	-6.4746e-002	0.	7.5002e-002	-6.1181e-002
602	-1.134	0.	0.37425	1.9434e-004
603	0.89404	0.	0.37425	2.0312e-004
604	-0.97952	0.	0.12913	3.9713e-004
605	0.7418	0.	0.12929	4.2858e-004
606	2.4575e-002	0.	0.22805	-1.2785e-003
607	0.3125	0.	0.91708	1.5101e-006
608	-0.78708	0.	0.84729	3.2138e-005
609	-0.28947	0.	0.22404	-7.6614e-005
610	0.71167	0.	0.6825	9.2666e-005
611	-0.95167	0.	0.6825	9.6319e-005
612	0.71289	0.	0.93543	2.0183e-005
613	-0.24941	0.	0.42369	-9.1066e-004
614	-0.24466	0.	0.13209	-3.8583e-003
615	-1.0454	0.	0.61972	1.0136e-004
616	0.80759	0.	0.61536	1.1404e-004
617	-0.12339	0.	0.46767	-9.4085e-004
618	-0.32599	0.	0.95697	-1.9067e-005
619	0.91932	0.	0.64002	8.9744e-005
620	-1.1578	0.	0.64463	9.3585e-005
621	7.0623e-002	0.	0.10573	1.624e-002
622	6.5669e-002	0.	0.30073	-5.5496e-004
623	-0.49752	0.	0.30267	8.2796e-004
624	0.11898	0.	7.2753e-002	2.2428e-002
625	-0.40479	0.	0.27576	1.186e-003
626	3.6229e-002	0.	4.9028e-002	8.5519e-002
627	-0.11656	0.	0.6407	-3.1902e-004
628	-1.1718	0.	0.84586	4.234e-005
629	0.90517	0.	0.83189	4.2362e-005
630	-0.16167	0.	0.82826	-1.0898e-004
631	-0.25337	0.	0.78517	-1.0881e-004
632	-0.19301	0.	0.504	-7.4256e-004
633	-0.15836	0.	6.5833e-002	-8.0577e-002
634	-0.11472	0.	6.5833e-002	-7.2352e-002
635	0.10652	0.	0.38266	-2.5576e-004
636	-0.81222	0.	0.95457	1.4921e-005
637	-0.90343	0.	0.435	2.3351e-004
638	0.67004	0.	0.41811	2.3923e-004
639	0.77927	0.	0.81411	5.0304e-005
640	-0.43194	0.	0.93042	-1.6503e-005
641	-0.28617	0.	0.11273	1.1748e-002
642	-0.31566	0.	0.16105	4.5966e-003
643	-0.2637	0.	5.6548e-002	9.0392e-002
644	0.70265	0.	0.28694	3.297e-004
645	-0.95348	0.	0.3025	3.098e-004
646	-9.8302e-002	0.	0.34436	-2.359e-003
647	-0.97431	0.	0.81146	4.7276e-005
648	0.91031	0.	0.24355	2.3096e-004
649	-1.1503	0.	0.24355	2.3701e-004
650	-0.36129	0.	0.3327	-1.0771e-004
651	9.0706e-003	0.	6.8556e-002	3.8299e-002
652	-0.2169	0.	0.36771	-1.5209e-003
2052	-1.0909e-002	0.	4.5e-002	4.1968e-002
2053	0.	0.	3.75e-002	0.20089
2055	1.8114e-002	0.	4.7014e-002	9.4431e-002
2056	4.5353e-003	0.	5.6778e-002	7.0821e-002
2059	-3.2727e-002	0.	4.5e-002	-4.9788e-002
2062	-2.4065e-002	0.	6.5203e-002	-2.2027e-002
2063	-6.3738e-003	0.	5.6778e-002	9.4461e-003
2067	-5.4545e-002	0.	4.5e-002	-8.5825e-002
2070	-3.4974e-002	0.	6.5203e-002	-5.2408e-002
2071	-5.4191e-002	0.	6.0001e-002	-7.0675e-002
2073	-7.6364e-002	0.	4.5e-002	-8.6994e-002
2076	-6.51e-002	0.	6.0001e-002	-7.6331e-002
2079	-9.8182e-002	0.	4.5e-002	-8.4077e-002
2082	-9.2904e-002	0.	6.5833e-002	-6.72e-002
2083	-7.6009e-002	0.	6.0001e-002	-7.1844e-002
2084	-0.101	0.	5.5417e-002	-7.7429e-002
2087	-0.12	0.	4.5e-002	-8.5031e-002
2090	-0.11191	0.	5.5417e-002	-7.9e-002
2093	-0.14182	0.	4.5e-002	-8.7588e-002
2096	-0.13654	0.	6.5833e-002	-6.9134e-002
2097	-0.14463	0.	5.5417e-002	-8.2495e-002
2098	-0.12282	0.	5.5417e-002	-7.8382e-002
2101	-0.16364	0.	4.5e-002	-8.9704e-002
2104	-0.15554	0.	5.5417e-002	-8.567e-002
2106	-0.18545	0.	4.5e-002	-8.9282e-002
2109	-0.17943	0.	6.3612e-002	-6.886e-002
2110	-0.16645	0.	5.5417e-002	-8.4611e-002
2112	-0.20727	0.	4.5e-002	-7.035e-002
2115	-0.19034	0.	6.3612e-002	-6.9497e-002
2117	-0.22909	0.	4.5e-002	4.207e-002
2120	-0.22458	0.	6.2932e-002	-2.7094e-002
2121	-0.20125	0.	6.3612e-002	-4.9928e-002
2123	-0.24	0.	3.75e-002	0.21338
2125	-0.23549	0.	6.2932e-002	6.5757e-002
2126	-0.25185	0.	5.0774e-002	0.11266
2130	-0.24	0.	1.5e-002	0.40026
2131	-0.26273	0.	1.5e-002	0.23727
2132	-0.25185	0.	4.3274e-002	0.19112
2188	0.	0.	1.5e-002	0.39922
2189	2.2727e-002	0.	1.5e-002	0.23632
2190	1.8114e-002	0.	3.9514e-002	0.19198
4173	0.13636	0.	0.	2.6663e-002
4174	6.8182e-002	0.	0.	0.10848
4175	0.10494	0.	3.6376e-002	3.2602e-002
4176	6.3569e-002	0.	2.4514e-002	6.4147e-002
4185	0.22727	0.	0.	7.2893e-003
4186	0.19407	0.	6.2016e-002	8.1237e-003
4187	0.1504	0.	3.6376e-002	1.6489e-002
4197	0.31818	0.	0.	3.1024e-003
4198	0.23953	0.	6.2016e-002	4.8628e-003
4199	0.29729	0.	6.7427e-002	3.155e-003
4207	0.40909	0.	0.	1.8807e-003
4208	0.41382	0.	6.7887e-002	1.6572e-003
4209	0.34274	0.	6.7427e-002	2.2291e-003
4217	0.5	0.	0.	1.2361e-003
4218	0.45927	0.	6.7887e-002	1.3614e-003
4225	0.59091	0.	0.	7.4744e-004
4226	0.50472	0.	6.7887e-002	1.0127e-003
4227	0.58631	0.	8.5e-002	7.505e-004
4234	0.68182	0.	0.	5.2684e-004
4235	0.63177	0.	8.5e-002	6.1053e-004
4236	0.68908	0.	6.4646e-002	5.1803e-004
4242	0.77273	0.	0.	3.9816e-004
4243	0.73454	0.	6.4646e-002	4.3739e-004
4246	0.86364	0.	0.	3.1632e-004
4247	0.84889	0.	6.5977e-002	3.1232e-004
4248	0.77999	0.	6.4646e-002	3.8935e-004
4256	0.95455	0.	4.75e-002	2.7659e-004
4257	0.95455	0.	0.	2.766e-004
4258	0.89434	0.	6.5977e-002	2.7852e-004
4261	-1.1036	0.	0.	3.1275e-004
4262	-1.1945	0.	4.75e-002	2.7607e-004
4263	-1.1945	0.	0.	2.7693e-004
4264	-1.1344	0.	6.5963e-002	2.841e-004
4268	-1.0127	0.	0.	3.8995e-004
4269	-1.0889	0.	6.5963e-002	3.1061e-004
4270	-1.0188	0.	6.4566e-002	3.6819e-004
4278	-0.92182	0.	0.	4.9167e-004
4279	-0.97339	0.	6.4566e-002	4.1889e-004
4283	-0.83091	0.	0.	7.8588e-004
4284	-0.86216	0.	8.561e-002	5.7063e-004
4285	-0.92794	0.	6.4566e-002	4.6992e-004
4290	-0.74	0.	0.	1.2939e-003
4291	-0.73919	0.	6.7083e-002	1.1116e-003
4292	-0.81671	0.	8.561e-002	8.138e-004
4300	-0.64909	0.	0.	2.1002e-003
4301	-0.69374	0.	6.7083e-002	1.3765e-003
4307	-0.55818	0.	0.	3.7783e-003
4308	-0.64828	0.	6.7083e-002	1.9179e-003
4309	-0.57543	0.	5.8889e-002	2.4577e-003
4318	-0.46727	0.	0.	9.7078e-003
4319	-0.52998	0.	5.8889e-002	3.5944e-003
4320	-0.48219	0.	5.4792e-002	5.4385e-003
4327	-0.37636	0.	0.	2.9003e-002
4328	-0.38825	0.	4.6097e-002	1.4049e-002
4329	-0.43674	0.	5.4792e-002	1.0231e-002
4338	-0.30818	0.	0.	0.1131
4339	-0.34279	0.	4.6097e-002	2.8551e-002
4340	-0.31626	0.	3.2444e-002	4.3579e-002
4587	-1.24	0.	0.1425	2.5328e-004
4588	-1.24	0.	4.75e-002	2.6675e-004
4589	-1.1798	0.	0.11346	2.7393e-004
4594	-1.24	0.	0.2375	2.245e-004
4595	-1.1798	0.	0.16096	2.6132e-004
4596	-1.1952	0.	0.21678	2.3884e-004
4600	-1.24	0.	0.3325	1.9394e-004
4601	-1.187	0.	0.32962	2.0133e-004
4602	-1.1952	0.	0.26428	2.2267e-004
4605	-1.24	0.	0.4275	1.6686e-004
4606	-1.187	0.	0.37712	1.8694e-004
4608	-1.24	0.	0.5225	1.3383e-004
4609	-1.174	0.	0.49438	1.4662e-004
4610	-1.187	0.	0.42462	1.7425e-004
4614	-1.24	0.	0.6175	1.0148e-004
4615	-1.174	0.	0.54188	1.2628e-004
4616	-1.1989	0.	0.60732	1.0354e-004
4620	-1.24	0.	0.7125	7.7686e-005
4621	-1.1989	0.	0.65482	9.1529e-005
4623	-1.24	0.	0.8075	5.0493e-005
4624	-1.1627	0.	0.75871	6.3994e-005
4625	-1.1989	0.	0.70232	7.9742e-005
4626	-1.2059	0.	0.80293	5.4119e-005
4630	-1.24	0.	0.9025	2.622e-005
4631	-1.2059	0.	0.85043	3.8713e-005
4637	-1.1933	0.	0.9975	1.3213e-005
4638	-1.24	0.	0.9975	1.2103e-005
4639	-1.1529	0.	0.93747	1.9208e-005
4640	-1.2059	0.	0.89793	2.9847e-005
4670	-1.1	0.	1.045	8.4813e-006
4671	-1.1933	0.	1.045	7.9621e-006
4672	-1.1062	0.	0.98497	1.5067e-005
4675	-1.0067	0.	1.045	7.9302e-006
4676	-1.0595	0.	0.98497	1.4476e-005
4679	-0.91333	0.	1.045	8.6003e-006
4680	-1.0129	0.	0.98497	1.4516e-005
4681	-0.93305	0.	0.9814	1.5602e-005
4683	-0.82	0.	1.045	8.0503e-006
4684	-0.88639	0.	0.9814	1.6233e-005
4685	-0.83944	0.	0.99979	1.2076e-005
4689	-0.72667	0.	1.045	5.2554e-006
4690	-0.73129	0.	0.99154	9.5008e-006
4691	-0.79277	0.	0.99979	1.0895e-005
4695	-0.63333	0.	1.045	2.1351e-006
4696	-0.68462	0.	0.99154	7.8867e-006
4698	-0.54	0.	1.045	-1.7683e-006
4699	-0.63796	0.	0.99154	6.3806e-006
4700	-0.56861	0.	0.9858	-1.9836e-008
4704	-0.44667	0.	1.045	-6.0476e-006
4705	-0.52194	0.	0.9858	-2.4171e-006
4706	-0.46264	0.	0.98771	-1.0334e-005
4710	-0.35333	0.	1.045	-9.9666e-006
4711	-0.363	0.	1.001	-1.3498e-005
4712	-0.41597	0.	0.98771	-1.2216e-005
4714	-0.26	0.	1.045	-1.5798e-005
4715	-0.31633	0.	1.001	-1.5535e-005
4719	-0.16667	0.	1.045	-1.6751e-005
4720	-0.22304	0.	0.97027	-3.9009e-005
4721	-0.16059	0.	0.99076	-3.2332e-005
4722	-0.26966	0.	1.001	-1.933e-005
4727	-7.3333e-002	0.	1.045	-1.4067e-005
4728	-0.11392	0.	0.99076	-2.949e-005
4730	2.e-002	0.	1.045	-1.4042e-005
4731	4.1667e-004	0.	0.9825	-2.5187e-005
4732	-6.7252e-002	0.	0.99076	-2.9648e-005
4735	0.11333	0.	1.045	-9.9408e-006
4736	4.7083e-002	0.	0.9825	-2.5004e-005
4737	0.12253	0.	0.98737	-1.7253e-005
4741	0.20667	0.	1.045	-5.2125e-006
4742	0.1692	0.	0.98737	-1.3335e-005
4744	0.3	0.	1.045	-6.3253e-007
4745	0.21586	0.	0.98737	-1.2525e-005
4746	0.28292	0.	0.98104	-1.4459e-006
4751	0.39333	0.	1.045	4.1537e-006
4752	0.39357	0.	0.98803	8.3675e-006
4753	0.32958	0.	0.98104	2.3235e-006
4757	0.48667	0.	1.045	5.9308e-006
4758	0.44024	0.	0.98803	9.3843e-006
4762	0.58	0.	1.045	9.3267e-006
4763	0.48691	0.	0.98803	1.0144e-005
4764	0.55426	0.	0.97909	1.3362e-005
4766	0.67333	0.	1.045	1.0002e-005
4767	0.60093	0.	0.97909	1.5997e-005
4768	0.66978	0.	0.99022	1.6073e-005
4773	0.76667	0.	1.045	9.1627e-006
4774	0.71644	0.	0.99022	1.4112e-005
4776	0.86	0.	1.045	9.8106e-006
4777	0.83242	0.	0.98997	1.6453e-005
4778	0.76311	0.	0.99022	1.5233e-005
4783	0.95333	0.	0.9975	1.4083e-005
4784	0.95333	0.	1.045	8.0545e-006
4785	0.87909	0.	0.98997	1.598e-005
4813	1.	0.	0.9025	2.9176e-005
4814	1.	0.	0.9975	1.28e-005
4815	0.92576	0.	0.94247	2.0725e-005
4816	0.95258	0.	0.89095	3.0595e-005
4819	1.	0.	0.8075	5.1602e-005
4820	0.95258	0.	0.84345	4.0942e-005
4825	1.	0.	0.7125	7.9011e-005
4826	0.92635	0.	0.74119	7.0507e-005
4827	0.95966	0.	0.70001	7.6712e-005
4828	0.95258	0.	0.79595	5.3021e-005
4831	1.	0.	0.6175	1.0594e-004
4832	0.95966	0.	0.65251	9.2042e-005
4837	1.	0.	0.5225	1.38e-004
4838	0.93417	0.	0.54164	1.302e-004
4839	0.95966	0.	0.60501	1.0364e-004
4842	1.	0.	0.4275	1.7413e-004
4843	0.93417	0.	0.49414	1.5066e-004
4844	0.94702	0.	0.42462	1.8079e-004
4849	1.	0.	0.3325	2.0225e-004
4850	0.94702	0.	0.37712	1.9646e-004
4852	1.	0.	0.2375	2.2928e-004
4853	0.94702	0.	0.32962	2.0891e-004
4854	0.95516	0.	0.26428	2.2283e-004
4857	1.	0.	0.1425	2.5726e-004
4858	0.9398	0.	0.16098	2.592e-004
4859	0.95516	0.	0.21678	2.3742e-004
4862	1.	0.	4.75e-002	2.7067e-004
4863	0.9398	0.	0.11348	2.7259e-004
4866	2.2727e-002	0.	0.	0.3371
4874	-0.26273	0.	0.	0.34569
4883	4.0842e-002	0.	2.4514e-002	0.12986
4893	-0.29353	0.	3.2444e-002	0.11317
4894	-0.27458	0.	2.8274e-002	0.13654
4904	7.6667e-002	0.	0.6075	-1.6201e-004
4905	0.15419	0.	0.48157	-3.1808e-007
4906	0.19162	0.	0.53927	-2.8638e-005
4907	0.14492	0.	0.60183	-9.9963e-005
4908	6.7612e-002	0.	0.55234	-2.5152e-004
4909	0.1052	0.	0.50333	-2.9166e-004
4914	-0.44861	0.	0.56	-6.0318e-005
4915	-0.35842	0.	0.48409	-2.2375e-004
4916	-0.31651	0.	0.55319	-3.0155e-004
4917	-0.39895	0.	0.59798	-1.1022e-004
4918	-0.41333	0.	0.50937	-4.07e-005
4919	-0.32705	0.	0.6036	-1.8712e-004
4925	-2.3103e-002	0.	0.33086	-1.8887e-003
4926	1.3686e-002	0.	0.33744	-1.3363e-003
4927	-2.0947e-002	0.	0.26375	-3.3906e-003
4928	-3.4318e-002	0.	0.295	-2.7069e-003
4929	1.1227e-002	0.	0.26152	-1.544e-003
4930	3.1774e-002	0.	0.29786	-1.1823e-003
4935	-0.34423	0.	0.24222	1.5096e-003
4936	-0.26533	0.	0.29116	-1.3185e-003
4937	-0.3	0.	0.31929	-5.762e-004
4938	-0.30151	0.	0.25568	-1.6462e-004
4939	-0.35917	0.	0.28155	4.6669e-004
4940	-0.33742	0.	0.31001	-1.8017e-004
4946	-0.82733	0.	0.41491	2.9464e-004
4947	-0.73933	0.	0.54582	1.7055e-004
4948	-0.87279	0.	0.50991	1.9169e-004
4949	-0.74821	0.	0.42473	3.5791e-004
4950	-0.81401	0.	0.56142	1.7241e-004
4951	-0.70882	0.	0.48598	2.3416e-004
4952	-0.85006	0.	0.46241	2.3079e-004
4958	0.57989	0.	0.42264	3.0731e-004
4959	0.48073	0.	0.51926	2.2124e-004
4960	0.63611	0.	0.52	1.9148e-004
4961	0.50767	0.	0.44999	3.3436e-004
4962	0.51278	0.	0.58125	1.5814e-004
4963	0.58292	0.	0.57687	1.7192e-004
4964	0.61668	0.	0.46405	2.3382e-004
4968	-3.9754e-002	0.	0.17661	-1.0489e-002
4969	-6.6553e-002	0.	0.14215	-2.2603e-002
4970	-8.9212e-002	0.	0.14917	-2.2719e-002
4971	-0.1054	0.	0.17	-1.4954e-002
4972	-5.4199e-002	0.	0.20125	-9.8097e-003
4973	-8.6484e-002	0.	0.20125	-1.1057e-002
4974	-4.2848e-002	0.	0.14917	-1.1541e-002
4979	1.7799e-002	0.	0.17023	-1.2569e-003
4980	-2.5328e-002	0.	0.20786	-5.651e-003
4981	-1.3977e-002	0.	0.15578	-7.3824e-003
4982	6.8464e-003	0.	0.20564	-3.8044e-003
4986	-0.23929	0.	0.17	-4.478e-003
4987	-0.24594	0.	0.19847	-1.4276e-003
4988	-0.28057	0.	0.19702	3.3655e-004
4989	-0.25817	0.	0.15104	-1.5543e-003
4990	-0.27892	0.	0.14137	6.2488e-003
4991	-0.29366	0.	0.16553	2.6731e-003
4995	-0.578	0.	0.32594	7.3615e-004
4996	-0.49593	0.	0.37289	3.7599e-004
4997	-0.62766	0.	0.37159	4.848e-004
4998	-0.50779	0.	0.42865	2.8951e-004
4999	-0.58828	0.	0.43284	3.6105e-004
5000	-0.52656	0.	0.34311	6.549e-004
5005	0.31219	0.	0.27466	1.1963e-003
5006	0.21343	0.	0.34532	7.9365e-004
5007	0.19397	0.	0.28942	8.5147e-004
5008	0.22574	0.	0.19827	3.5795e-003
5009	0.27907	0.	0.34339	9.3191e-004
5010	0.2835	0.	0.20368	1.8718e-003
5011	0.20412	0.	0.25542	1.7722e-003
5016	-0.13874	0.	0.41158	-1.4357e-003
5017	-0.16578	0.	0.38832	-1.7509e-003
5018	-0.21166	0.	0.42141	-1.1256e-003
5019	-0.14865	0.	0.4434	-1.1407e-003
5020	-0.18346	0.	0.46157	-1.0416e-003
5021	-0.19541	0.	0.39342	-1.4307e-003
5025	-7.2791e-002	0.	0.50591	-7.5931e-004
5026	-4.8714e-002	0.	0.55492	-4.9027e-004
5027	-0.15278	0.	0.58293	-4.8614e-004
5028	-0.11469	0.	0.50891	-7.7222e-004
5029	-0.11128	0.	0.59542	-4.6131e-004
5030	-0.1495	0.	0.52708	-6.7308e-004
5035	-0.55579	0.	0.80703	-3.5061e-006
5036	-0.41755	0.	0.77173	-5.6146e-005
5037	-0.45395	0.	0.72298	-3.493e-005
5038	-0.51361	0.	0.8608	-1.4332e-005
5039	-0.41085	0.	0.8219	-4.0154e-005
5040	-0.52775	0.	0.74295	-1.1188e-007
5041	-0.45431	0.	0.86271	-2.2249e-005
5045	0.28194	0.	0.72667	1.0733e-005
5046	0.15917	0.	0.795	-5.2549e-005
5047	0.19992	0.	0.72683	-4.6388e-005
5048	0.30417	0.	0.79208	-2.5267e-006
5049	0.20753	0.	0.86237	-1.9792e-005
5050	0.27458	0.	0.85604	-8.7131e-006
5053	-0.1099	0.	0.76024	-1.6188e-004
5054	1.251e-002	0.	0.79878	-1.0197e-004
5055	-1.4573e-002	0.	0.86128	-7.6965e-005
5056	-8.2241e-002	0.	0.86954	-8.1426e-005
5057	-5.8323e-002	0.	0.75191	-1.6465e-004
5058	-0.10916	0.	0.81541	-1.1338e-004
5063	0.57417	0.	0.78042	5.3011e-005
5064	0.60843	0.	0.84534	3.9355e-005
5065	0.62208	0.	0.71062	8.7053e-005
5066	0.67667	0.	0.73	7.5672e-005
5067	0.67728	0.	0.85647	3.943e-005
5068	0.71047	0.	0.7958	5.4491e-005
5072	-0.84718	0.	0.70311	9.2396e-005
5073	-0.79783	0.	0.75073	6.5344e-005
5074	-0.88457	0.	0.8455	4.5642e-005
5075	-0.82506	0.	0.81024	5.0094e-005
5076	-0.90735	0.	0.72785	8.2185e-005
5077	-0.91867	0.	0.79233	5.7663e-005
5083	-0.14991	0.	0.26375	-5.2653e-003
5084	-0.17402	0.	0.295	-3.1217e-003
5085	-0.11763	0.	0.26375	-5.6628e-003
5086	-9.8712e-002	0.	0.295	-3.7316e-003
5087	-0.14428	0.	0.32625	-3.0102e-003
5088	-0.11461	0.	0.31968	-3.109e-003
5092	0.61181	0.	0.25264	4.999e-004
5093	0.52423	0.	0.36264	4.1326e-004
5094	0.53786	0.	0.30414	5.2161e-004
5095	0.63324	0.	0.3767	3.1272e-004
5096	0.64955	0.	0.31112	3.5795e-004
5102	-0.85297	0.	0.25561	4.7988e-004
5103	-0.77886	0.	0.34982	4.2447e-004
5104	-0.81409	0.	0.30126	5.0066e-004
5105	-0.88071	0.	0.3875	2.9736e-004
5106	-0.90573	0.	0.32125	3.355e-004
5110	-0.12598	0.	0.1075	-4.2323e-002
5111	-0.12035	0.	8.6667e-002	-5.2875e-002
5112	-0.15836	0.	0.1075	-3.9225e-002
5113	-0.16325	0.	8.4446e-002	-5.1465e-002
5114	-0.15027	0.	7.625e-002	-6.7217e-002
5115	-0.12845	0.	7.625e-002	-6.3104e-002
5120	0.36267	0.	0.59343	1.2724e-004
5121	0.32734	0.	0.53103	1.4144e-004
5122	0.42506	0.	0.45925	3.272e-004
5123	0.35556	0.	0.4714	3.0802e-004
5124	0.43017	0.	0.59051	1.5097e-004
5130	-0.22529	0.	0.69006	-2.0082e-004
5131	-0.18136	0.	0.66682	-2.8733e-004
5132	-0.11157	0.	0.70958	-2.0875e-004
5133	-0.13986	0.	0.67931	-2.625e-004
5134	-0.16241	0.	0.77309	-1.5748e-004
5135	-0.20826	0.	0.75155	-1.5739e-004
5140	-0.53991	0.	0.2401	1.7342e-003
5141	-0.64667	0.	0.20125	1.0923e-003
5142	-0.65007	0.	0.31399	7.391e-004
5143	-0.57382	0.	0.19306	1.6322e-003
5144	-0.6853	0.	0.26543	8.1529e-004
5145	-0.54896	0.	0.2855	9.0921e-004
5149	-0.42716	0.	0.20449	2.8749e-003
5150	-0.51332	0.	0.16483	2.3759e-003
5151	-0.46554	0.	0.16073	4.22e-003
5152	-0.48847	0.	0.25727	1.653e-003
5153	-0.4421	0.	0.24382	1.832e-003
5157	-0.60626	0.	0.58841	8.5482e-005
5158	-0.75665	0.	0.61741	1.1488e-004
5159	-0.7073	0.	0.66504	8.783e-005
5160	-0.65147	0.	0.54197	1.7664e-004
5161	-0.6304	0.	0.64635	7.0398e-005
5166	-0.17455	0.	0.17	-1.2483e-002
5167	-0.19073	0.	0.14917	-1.715e-002
5168	-0.18792	0.	0.20125	-8.1887e-003
5169	-0.21357	0.	0.19847	-6.6553e-003
5170	-0.22579	0.	0.15104	-6.782e-003
5174	-7.2953e-003	0.	0.3733	-1.4155e-003
5175	-4.184e-002	0.	0.41419	-1.4415e-003
5176	-7.3826e-002	0.	0.38537	-1.7493e-003
5177	-5.53e-002	0.	0.33086	-2.786e-003
5178	-7.1193e-002	0.	0.35554	-2.1635e-003
5182	6.9508e-002	0.	0.19157	2.5621e-003
5183	0.11766	0.	0.26612	7.7428e-004
5184	0.12781	0.	0.23212	1.695e-003
5185	0.10444	0.	0.18995	4.5231e-003
5186	5.8555e-002	0.	0.22698	1.4508e-005
5187	7.9102e-002	0.	0.26332	3.7626e-004
5190	3.6742e-002	0.	0.12765	1.0021e-002
5191	8.141e-002	0.	0.15562	5.7777e-003
5192	1.4705e-002	0.	0.14279	-2.3089e-003
5193	3.5528e-002	0.	0.19264	1.2691e-003
5194	5.8552e-002	0.	0.13148	1.0028e-002
5200	0.78861	0.	0.52164	1.4871e-004
5201	0.74017	0.	0.46698	1.8267e-004
5202	0.65569	0.	0.58687	1.3499e-004
5203	0.71028	0.	0.60625	1.2361e-004
5204	0.75824	0.	0.57268	1.343e-004
5205	0.68946	0.	0.47405	1.9689e-004
5209	-1.0285	0.	0.52188	1.4719e-004
5210	-0.98017	0.	0.46698	1.7728e-004
5211	-0.89011	0.	0.58151	1.3603e-004
5212	-0.95028	0.	0.60625	1.2582e-004
5213	-0.99717	0.	0.57486	1.2834e-004
5214	-0.92616	0.	0.4825	1.9441e-004
5218	-0.20276	0.	0.1046	-1.4001e-002
5219	-0.20765	0.	8.1544e-002	-2.6241e-002
5220	-0.23782	0.	0.10648	-3.6327e-003
5221	-0.25857	0.	9.6798e-002	4.1704e-003
5222	-0.24734	0.	6.8706e-002	4.3492e-002
5230	-4.5396e-002	0.	9.9858e-002	-2.7602e-002
5231	-8.7139e-002	0.	0.12132	-3.0673e-002
5232	-8.1508e-002	0.	0.10049	-4.1226e-002
5233	-4.0775e-002	0.	0.12132	-1.9496e-002
5234	-6.4613e-002	0.	9.4656e-002	-4.5869e-002
5239	0.42162	0.	0.2063	1.0344e-003
5240	0.41562	0.	0.3334	6.8558e-004
5241	0.34612	0.	0.34555	6.6639e-004
5242	0.35054	0.	0.20584	1.6063e-003
5243	0.42926	0.	0.27491	7.9392e-004
5248	-5.051e-003	0.	0.42078	-8.8904e-004
5249	5.6616e-002	0.	0.42078	-6.6014e-004
5250	4.7582e-002	0.	0.34031	-7.0901e-004
5251	6.8009e-002	0.	0.38127	-5.5941e-004
5255	-0.66208	0.	0.87857	1.6558e-005
5256	-0.59273	0.	0.87283	1.0158e-005
5257	-0.68377	0.	0.77366	4.1811e-005
5258	-0.60687	0.	0.75498	2.4378e-005
5259	-0.711	0.	0.83317	2.6561e-005
5263	0.47357	0.	0.8572	3.0472e-005
5264	0.48444	0.	0.71792	6.7607e-005
5265	0.54093	0.	0.84826	3.3689e-005
5266	0.43917	0.	0.78625	3.0614e-005
5267	0.55458	0.	0.71354	8.1387e-005
5271	3.4544e-004	0.	9.173e-002	-4.2105e-003
5272	-2.1692e-002	0.	0.10687	-1.6541e-002
5273	-4.5529e-002	0.	8.0204e-002	-4.2914e-002
5274	-8.6209e-003	0.	7.6981e-002	6.8259e-003
5279	-1.0843	0.	0.19846	2.8109e-004
5280	-1.0302	0.	0.33448	2.3972e-004
5281	-1.0915	0.	0.31962	2.3727e-004
5282	-1.0143	0.	0.19707	3.3867e-004
5283	-1.0012	0.	0.28375	2.95e-004
5284	-1.0997	0.	0.25428	2.5861e-004
5290	0.84429	0.	0.19848	2.7932e-004
5291	0.79022	0.	0.33448	2.4746e-004
5292	0.85151	0.	0.31962	2.4362e-004
5293	0.77539	0.	0.19715	3.5635e-004
5294	0.75582	0.	0.27597	3.0691e-004
5295	0.85965	0.	0.25428	2.5754e-004
5300	-0.28889	0.	0.87217	-5.5369e-005
5301	-0.17029	0.	0.91603	-5.1749e-005
5302	-0.27936	0.	0.92626	-3.8747e-005
5303	-0.1972	0.	0.8619	-8.3703e-005
5304	-0.24306	0.	0.84036	-8.3617e-005
5309	5.4167e-002	0.	0.7325	-1.4205e-004
5310	9.4924e-002	0.	0.66433	-1.3589e-004
5311	1.7612e-002	0.	0.61484	-2.8744e-004
5312	-1.6667e-002	0.	0.68562	-2.0473e-004
5313	-4.4949e-002	0.	0.65535	-2.5848e-004
5318	-0.48089	0.	0.61298	8.0381e-006
5319	-0.49528	0.	0.52437	7.7558e-005
5320	-0.57576	0.	0.52857	1.491e-004
5321	-0.55469	0.	0.63295	4.2856e-005
5324	0.21914	0.	0.47584	9.713e-005
5325	0.16224	0.	0.36224	1.8327e-004
5326	0.24735	0.	0.41621	2.6371e-004
5327	0.13272	0.	0.4399	-1.6589e-004
5328	0.14411	0.	0.4004	-6.5154e-005
5332	-0.39322	0.	0.3927	6.0022e-007
5333	-0.44814	0.	0.41798	1.8365e-004
5334	-0.4669	0.	0.33245	5.4905e-004
5335	-0.42053	0.	0.31899	7.2807e-004
5336	-0.39878	0.	0.34746	8.121e-005
5340	-0.39483	0.	0.69972	-6.308e-005
5341	-0.32294	0.	0.70534	-1.3998e-004
5342	-0.35174	0.	0.79863	-6.8304e-005
5343	-0.3059	0.	0.76682	-9.6553e-005
5347	-0.30826	0.	0.49228	-3.4673e-004
5348	-0.40508	0.	0.44847	-8.5877e-005
5349	-0.31831	0.	0.38723	-5.8435e-004
5350	-0.29979	0.	0.42344	-5.898e-004
5351	-0.35573	0.	0.37794	-1.8832e-004
5356	0.54558	0.	0.15289	8.7578e-004
5357	0.39292	0.	0.13531	1.7098e-003
5358	0.47164	0.	0.20438	8.9748e-004
5364	-1.0756	0.	0.84118	4.1576e-005
5365	-1.0185	0.	0.71996	7.9205e-005
5366	-1.0654	0.	0.68856	8.1726e-005
5367	-1.1216	0.	0.70102	7.7838e-005
5368	-1.1286	0.	0.80163	5.2215e-005
5369	-1.0298	0.	0.78443	5.4683e-005
5373	0.78218	0.	0.70244	8.5e-005
5374	0.83014	0.	0.66887	9.5685e-005
5375	0.886	0.	0.6812	8.3539e-005
5376	0.87893	0.	0.77714	5.9848e-005
5377	0.81598	0.	0.76825	6.3819e-005
5381	-0.36479	0.	0.14465	8.4345e-003
5382	-0.41328	0.	0.15334	4.617e-003
5383	-0.33219	0.	0.21057	1.5976e-003
5384	-0.38985	0.	0.23643	2.229e-003
5385	-0.34528	0.	0.17908	3.9342e-003
5389	0.29189	0.	0.59594	5.4606e-005
5390	0.2452	0.	0.6585	-1.6719e-005
5391	0.39472	0.	0.65542	6.4135e-005
5392	0.34944	0.	0.72375	2.7142e-005
5398	4.9663e-003	0.	0.11319	3.8958e-003
5399	4.8813e-002	0.	0.10189	1.6233e-002
5400	3.1616e-002	0.	7.3542e-002	5.0872e-002
5401	1.8037e-002	0.	8.3306e-002	2.7262e-002
5406	0.12242	0.	0.72683	-8.e-005
5407	5.4583e-002	0.	0.8575	-6.1155e-005
5408	0.13003	0.	0.86237	-5.3405e-005
5409	1.0833e-002	0.	0.74812	-1.4884e-004
5414	-0.77045	0.	0.15269	8.9634e-004
5415	-0.62008	0.	0.12597	1.734e-003
5416	-0.73157	0.	0.19835	9.1712e-004
5420	-1.5519e-002	0.	0.51068	-6.4598e-004
5421	2.2071e-002	0.	0.46167	-6.8612e-004
5422	-7.1582e-002	0.	0.43285	-1.2229e-003
5423	-8.1494e-002	0.	0.46467	-9.2794e-004
5427	-0.80908	0.	0.21687	6.1933e-004
5428	-0.91374	0.	0.15018	4.9784e-004
5429	-0.90072	0.	0.23686	4.5418e-004
5434	0.55322	0.	0.2215	6.353e-004
5435	0.68449	0.	0.14965	5.2109e-004
5436	0.66491	0.	0.22847	4.7165e-004
5442	0.20987	0.	0.5961	-2.5145e-006
5443	0.28478	0.	0.47391	2.3538e-004
5446	0.15293	0.	0.27234	1.1618e-003
5447	0.10423	0.	0.30354	-1.5693e-004
5448	0.12465	0.	0.3445	-7.3319e-006
5454	-0.10417	0.	0.1075	-4.1342e-002
5455	-0.12598	0.	0.14917	-2.3025e-002
5456	-0.14217	0.	0.12833	-2.7692e-002
5461	-0.66035	0.	0.42089	3.64e-004
5462	-0.73497	0.	0.31108	5.6393e-004
5466	-0.2769	0.	0.61179	-3.101e-004
5467	-0.23296	0.	0.58854	-3.966e-004
5468	-0.25788	0.	0.49253	-6.676e-004
5469	-0.22968	0.	0.53269	-5.8354e-004
5473	-8.1641e-002	0.	8.0834e-002	-5.6538e-002
5474	-0.10663	0.	7.625e-002	-6.2123e-002
5479	-0.15836	0.	0.14917	-1.9928e-002
5480	-0.15554	0.	0.20125	-1.0966e-002
5481	-0.12326	0.	0.20125	-1.1364e-002
5489	-7.2058e-002	0.	0.2325	-6.2191e-003
5490	-5.3144e-002	0.	0.26375	-4.2879e-003
5491	-7.5987e-003	0.	0.23027	-3.125e-003
5495	0.26409	0.	0.12944	3.9895e-003
5496	0.18471	0.	0.18118	3.8899e-003
5497	0.16133	0.	0.13902	6.718e-003
5498	0.16265	0.	9.8393e-002	1.4063e-002
5503	0.7822	0.	0.93519	2.1402e-005
5504	0.87834	0.	0.88342	3.2492e-005
5505	0.81539	0.	0.87452	3.6463e-005
5510	-0.98592	0.	0.92138	2.2148e-005
5511	-1.1188	0.	0.8854	3.1701e-005
5512	-1.02	0.	0.8682	3.4169e-005
5518	-0.17943	0.	0.10528	-3.6835e-002
5519	-0.20961	0.	0.13021	-1.4226e-002
5524	-0.35933	0.	0.65659	-1.1876e-004
5525	-0.50503	0.	0.67093	-7.0459e-006
5529	-0.19302	0.	0.26375	-4.528e-003
5530	-0.13663	0.	0.2325	-7.0691e-003
5531	-0.19457	0.	0.22972	-5.1382e-003
5536	0.3825	0.	0.40213	4.2114e-004
5537	0.46564	0.	0.33149	5.4866e-004
5540	-0.17134	0.	7.4029e-002	-6.4826e-002
5548	-0.6199	0.	0.93234	5.7318e-006
5549	-0.73817	0.	0.89268	2.2135e-005
5550	-0.75073	0.	0.94633	1.3527e-005
5555	0.50783	0.	0.92213	1.6815e-005
5556	0.40607	0.	0.86012	1.374e-005
5557	0.37649	0.	0.92408	7.5541e-006
5562	-0.25179	0.	0.32313	-1.6421e-003
5563	-0.21867	0.	0.26097	-2.9946e-003
5564	-0.18739	0.	0.32625	-2.2728e-003
5565	-0.2533	0.	0.25952	-1.2305e-003
5566	-0.21701	0.	0.33136	-1.9526e-003
5570	4.6148e-002	0.	0.51068	-4.1708e-004
5571	-5.4003e-002	0.	0.60019	-3.4798e-004
5576	-0.32815	0.	7.8541e-002	2.8624e-002
5577	-0.40316	0.	0.10089	9.7796e-003
5578	-0.32042	0.	0.10246	1.2672e-002
5579	-0.33517	0.	0.12662	9.0968e-003
5586	-0.29389	0.	8.881e-002	2.7699e-002
5587	-0.28266	0.	6.0718e-002	6.7022e-002
5591	-0.49944	0.	0.11368	4.118e-003
5597	-1.0597	0.	0.45885	1.6916e-004
5598	-1.121	0.	0.444	1.667e-004
5599	-1.0767	0.	0.56673	1.2022e-004
5600	-1.1329	0.	0.57919	1.1633e-004
5604	0.81989	0.	0.45862	1.7683e-004
5605	0.88119	0.	0.44376	1.7299e-004
5606	0.83796	0.	0.56432	1.2845e-004
5607	0.89383	0.	0.57665	1.163e-004
5612	-0.54048	0.	0.47794	1.6872e-004
5616	-4.0168e-002	0.	0.92826	-4.061e-005
5617	0.10295	0.	0.92487	-2.8398e-005
5622	0.41694	0.	0.72083	5.0875e-005
5623	0.53236	0.	0.64812	1.0165e-004
5632	-0.2435	0.	0.63896	-2.8217e-004
5633	-0.2704	0.	0.72369	-1.5224e-004
5638	0.64403	0.	0.92431	2.0108e-005
5643	0.8107	0.	0.13062	3.5155e-004
5644	0.89495	0.	0.18775	2.5274e-004
5651	-1.0496	0.	0.13053	3.3955e-004
5652	-1.135	0.	0.18774	2.5949e-004
5655	-0.49125	0.	0.92851	-8.5856e-006
5661	0.34208	0.	0.85312	7.6965e-006
5665	0.83274	0.	0.3891	2.0695e-004
5666	0.72074	0.	0.41103	2.2501e-004
5667	0.73705	0.	0.34545	2.7025e-004
5672	-1.0727	0.	0.3891	1.9679e-004
5673	-0.95744	0.	0.41948	2.1638e-004
5674	-0.98247	0.	0.35323	2.5452e-004
5679	-0.78198	0.	0.68064	8.969e-005
5680	-0.8915	0.	0.65776	1.0653e-004
5683	0.65708	0.	0.66312	1.0405e-004
5688	-8.5429e-002	0.	0.26375	-5.5354e-003
5693	-0.65573	0.	0.70958	4.5205e-005
5694	-0.75986	0.	0.78778	4.7388e-005
5698	-0.26793	0.	0.38748	-9.0522e-004
5699	-0.32387	0.	0.34198	-5.0374e-004
5700	-0.25168	0.	0.35949	-1.2103e-003
5703	-0.33551	0.	0.90288	-3.5689e-005
5704	-0.2992	0.	0.81698	-8.056e-005
5705	-0.38849	0.	0.88961	-3.4407e-005
5709	-0.13475	0.	0.88238	-7.7026e-005
5717	-0.8466	0.	0.88255	2.7687e-005
5718	-0.85916	0.	0.93619	1.9078e-005
5719	-0.94021	0.	0.86463	3.5255e-005
5724	0.24545	0.	0.92341	-9.5689e-006
5736	9.5131e-002	0.	0.42216	-3.5649e-004
5745	-0.25485	0.	0.22548	-1.8407e-003
5749	0.13971	0.	0.19617	4.9106e-003
5754	9.348e-002	0.	0.12986	1.1989e-002
5755	0.11766	0.	0.11338	1.5083e-002
5762	-0.13061	0.	0.38077	-1.846e-003
5763	-0.11348	0.	0.43585	-1.2358e-003
5764	-0.10093	0.	0.3742	-1.9449e-003
5768	-0.15807	0.	0.6282	-3.4385e-004
5769	-0.19629	0.	0.55986	-5.5562e-004
5774	-8.8282e-002	0.	0.67097	-2.6527e-004
5783	-8.2408e-002	0.	0.31968	-2.9816e-003
5787	-0.12798	0.	0.35093	-2.2602e-003
5788	-0.18728	0.	0.36261	-1.8411e-003
5798	-1.1422	0.	0.3089	2.1568e-004
5803	0.90217	0.	0.3089	2.1704e-004
5808	-0.9665	0.	0.21582	3.5347e-004
5814	0.72222	0.	0.20812	3.7914e-004
5820	4.5122e-002	0.	0.26439	-9.1671e-004
5828	-0.79965	0.	0.90093	2.353e-005
5832	-0.30257	0.	0.19254	2.26e-003
5837	0.75963	0.	0.64893	1.0335e-004
5838	0.74547	0.	0.7483	7.1485e-005
5840	-0.99855	0.	0.65111	9.8841e-005
5841	-0.96299	0.	0.74698	7.1798e-005
5844	0.74608	0.	0.87477	3.5243e-005
5848	-0.22121	0.	0.46385	-8.2661e-004
5849	-0.23315	0.	0.3957	-1.2158e-003
5854	-0.26542	0.	0.12241	3.9448e-003
5858	-1.1016	0.	0.63217	9.7474e-005
5863	0.86345	0.	0.62769	1.0189e-004
5867	-0.1582	0.	0.48584	-8.4171e-004
5871	-0.37897	0.	0.9437	-1.7785e-005
5880	9.48e-002	0.	8.924e-002	1.9334e-002
5881	5.3426e-002	0.	7.7377e-002	5.088e-002
5885	8.6097e-002	0.	0.3417	-4.0536e-004
5888	-0.45116	0.	0.28922	1.007e-003
5892	7.7603e-002	0.	6.089e-002	5.3974e-002
5896	-0.38304	0.	0.30423	5.3915e-004
5901	2.265e-002	0.	5.8792e-002	6.1909e-002
5914	0.84222	0.	0.823	4.6333e-005
5917	-0.20752	0.	0.80672	-1.0889e-004
5936	-0.92846	0.	0.36875	2.7166e-004
5940	0.68634	0.	0.35252	2.8447e-004
5951	-0.30091	0.	0.13689	8.1722e-003
5952	-0.27493	0.	8.464e-002	5.107e-002
