Node Number	X Location (m)	Y Location (m)	Z Location (m)	Directional Magnetic Flux Density (T)
13	-0.2	0.	2.5e-002	0.79509
14	-0.18182	0.	2.5e-002	1.4682
15	-0.16364	0.	2.5e-002	2.0934
16	-0.14545	0.	2.5e-002	2.3529
17	-0.12727	0.	2.5e-002	2.4999
18	-0.10909	0.	2.5e-002	2.5428
19	-9.0909e-002	0.	2.5e-002	2.5356
20	-7.2727e-002	0.	2.5e-002	2.4978
21	-5.4545e-002	0.	2.5e-002	2.3459
22	-3.6364e-002	0.	2.5e-002	2.1451
23	0.	0.	2.5e-002	0.80044
24	-1.8182e-002	0.	2.5e-002	1.3205
95	-1.8182e-002	0.	-2.5e-002	1.3306
96	0.	0.	-2.5e-002	0.76652
97	-3.6364e-002	0.	-2.5e-002	2.2074
98	-5.4545e-002	0.	-2.5e-002	2.3627
99	-7.2727e-002	0.	-2.5e-002	2.4974
100	-9.0909e-002	0.	-2.5e-002	2.5394
101	-0.10909	0.	-2.5e-002	2.5438
102	-0.12727	0.	-2.5e-002	2.4996
103	-0.14545	0.	-2.5e-002	2.3704
104	-0.16364	0.	-2.5e-002	2.1438
105	-0.18182	0.	-2.5e-002	1.3643
106	-0.2	0.	-2.5e-002	0.83727
457	0.	0.	0.	0.82718
458	-0.2	0.	0.	0.80878
900	-2.7273e-002	0.	0.	1.8553
901	-6.3636e-002	0.	0.	2.4436
902	-0.1074	0.	4.3368e-019	2.5367
903	-0.14411	0.	0.	2.4031
904	-0.17273	0.	0.	1.8194
2073	-0.19091	0.	2.5e-002	1.1316
2075	-0.2	0.	1.25e-002	0.80193
2081	-0.17273	0.	2.5e-002	1.7808
2083	-0.19091	0.	1.25e-002	1.1385
2084	-0.17727	0.	1.25e-002	1.6438
2088	-0.15455	0.	2.5e-002	2.2232
2090	-0.15387	0.	1.25e-002	2.2483
2091	-0.16818	0.	1.25e-002	1.9564
2095	-0.13636	0.	2.5e-002	2.4264
2097	-0.14478	0.	1.25e-002	2.378
2099	-0.11818	0.	2.5e-002	2.5214
2101	-0.11734	0.	1.25e-002	2.5183
2102	-0.13569	0.	1.25e-002	2.4515
2104	-0.1	0.	2.5e-002	2.5392
2106	-0.10825	0.	1.25e-002	2.5398
2109	-8.1818e-002	0.	2.5e-002	2.5167
2111	-7.7273e-002	0.	1.25e-002	2.4896
2112	-9.9155e-002	0.	1.25e-002	2.5361
2116	-6.3636e-002	0.	2.5e-002	2.4219
2118	-6.8182e-002	0.	1.25e-002	2.4707
2120	-4.5455e-002	0.	2.5e-002	2.2455
2122	-5.9091e-002	0.	1.25e-002	2.3948
2124	-2.7273e-002	0.	2.5e-002	1.7328
2126	-3.1818e-002	0.	1.25e-002	2.0002
2127	-5.e-002	0.	1.25e-002	2.2944
2129	-9.0909e-003	0.	2.5e-002	1.0605
2131	0.	0.	1.25e-002	0.81381
2138	-9.0909e-003	0.	1.25e-002	1.0739
2139	-2.2727e-002	0.	1.25e-002	1.5879
2536	-9.0909e-003	0.	-2.5e-002	1.0486
2537	-2.7273e-002	0.	-2.5e-002	1.769
2539	-9.0909e-003	0.	-1.25e-002	1.0789
2540	-2.2727e-002	0.	-1.25e-002	1.593
2545	0.	0.	-1.25e-002	0.79685
2550	-4.5455e-002	0.	-2.5e-002	2.285
2552	-3.1818e-002	0.	-1.25e-002	2.0314
2553	-5.e-002	0.	-1.25e-002	2.3255
2556	-6.3636e-002	0.	-2.5e-002	2.43
2558	-5.9091e-002	0.	-1.25e-002	2.4032
2560	-8.1818e-002	0.	-2.5e-002	2.5184
2562	-6.8182e-002	0.	-1.25e-002	2.4705
2564	-0.1	0.	-2.5e-002	2.5416
2566	-7.7273e-002	0.	-1.25e-002	2.4915
2567	-9.9155e-002	0.	-1.25e-002	2.538
2570	-0.11818	0.	-2.5e-002	2.5217
2572	-0.10825	0.	-1.25e-002	2.5402
2575	-0.13636	0.	-2.5e-002	2.435
2577	-0.11734	0.	-1.25e-002	2.5181
2578	-0.13569	0.	-1.25e-002	2.4513
2581	-0.15455	0.	-2.5e-002	2.2571
2583	-0.14478	0.	-1.25e-002	2.3868
2586	-0.17273	0.	-2.5e-002	1.754
2588	-0.15387	0.	-1.25e-002	2.2735
2589	-0.16818	0.	-1.25e-002	1.9816
2591	-0.19091	0.	-2.5e-002	1.1008
2593	-0.19091	0.	-1.25e-002	1.0865
2594	-0.17727	0.	-1.25e-002	1.5918
2598	-0.2	0.	-1.25e-002	0.82302
4727	-1.3636e-002	0.	0.	1.3413
4736	-0.18636	0.	0.	1.3141
7702	-4.5455e-002	0.	0.	2.1495
7708	-8.5518e-002	0.	2.1684e-019	2.4902
7716	-0.12575	0.	2.1684e-019	2.4699
7724	-0.15842	0.	0.	2.1113
1	0.	0.	3.75e-002	8.4577e-002
2	-1.8182e-002	0.	3.75e-002	8.7194e-003
3	-3.6364e-002	0.	3.75e-002	-6.6612e-002
4	-5.4545e-002	0.	3.75e-002	-5.6965e-002
5	-7.2727e-002	0.	3.75e-002	-3.5798e-002
6	-9.0909e-002	0.	3.75e-002	-1.9491e-002
7	-0.10909	0.	3.75e-002	-1.8866e-002
8	-0.12727	0.	3.75e-002	-3.5333e-002
9	-0.14545	0.	3.75e-002	-5.7488e-002
10	-0.16364	0.	3.75e-002	-6.681e-002
11	-0.18182	0.	3.75e-002	5.2034e-003
12	-0.2	0.	3.75e-002	7.7217e-002
13	-0.2	0.	2.5e-002	7.7217e-002
14	-0.18182	0.	2.5e-002	5.2034e-003
15	-0.16364	0.	2.5e-002	-6.681e-002
16	-0.14545	0.	2.5e-002	-5.7488e-002
17	-0.12727	0.	2.5e-002	-3.5333e-002
18	-0.10909	0.	2.5e-002	-1.8866e-002
19	-9.0909e-002	0.	2.5e-002	-1.9491e-002
20	-7.2727e-002	0.	2.5e-002	-3.5798e-002
21	-5.4545e-002	0.	2.5e-002	-5.6965e-002
22	-3.6364e-002	0.	2.5e-002	-6.6612e-002
23	0.	0.	2.5e-002	8.4577e-002
24	-1.8182e-002	0.	2.5e-002	8.7194e-003
95	-1.8182e-002	0.	-2.5e-002	5.7855e-003
96	0.	0.	-2.5e-002	8.0848e-002
97	-3.6364e-002	0.	-2.5e-002	-6.7197e-002
98	-5.4545e-002	0.	-2.5e-002	-5.688e-002
99	-7.2727e-002	0.	-2.5e-002	-3.5958e-002
100	-9.0909e-002	0.	-2.5e-002	-1.9031e-002
101	-0.10909	0.	-2.5e-002	-1.8895e-002
102	-0.12727	0.	-2.5e-002	-3.528e-002
103	-0.14545	0.	-2.5e-002	-5.7615e-002
104	-0.16364	0.	-2.5e-002	-6.7219e-002
105	-0.18182	0.	-2.5e-002	7.2646e-003
106	-0.2	0.	-2.5e-002	8.1296e-002
199	-0.18182	0.	-3.75e-002	7.2646e-003
200	-0.2	0.	-3.75e-002	8.1296e-002
201	-0.16364	0.	-3.75e-002	-6.7219e-002
202	-0.14545	0.	-3.75e-002	-5.7615e-002
203	-0.12727	0.	-3.75e-002	-3.528e-002
204	-0.10909	0.	-3.75e-002	-1.8895e-002
205	-9.0909e-002	0.	-3.75e-002	-1.9031e-002
206	-7.2727e-002	0.	-3.75e-002	-3.5958e-002
207	-5.4545e-002	0.	-3.75e-002	-5.688e-002
208	-3.6364e-002	0.	-3.75e-002	-6.7197e-002
209	-1.8182e-002	0.	-3.75e-002	5.7855e-003
210	0.	0.	-3.75e-002	8.0848e-002
1999	-9.0909e-003	0.	3.75e-002	4.6648e-002
2000	0.	0.	3.125e-002	8.4577e-002
2007	-2.7273e-002	0.	3.75e-002	-2.8946e-002
2008	-1.8182e-002	0.	3.125e-002	8.7194e-003
2014	-4.5455e-002	0.	3.75e-002	-6.1788e-002
2015	-3.6364e-002	0.	3.125e-002	-6.6612e-002
2022	-6.3636e-002	0.	3.75e-002	-4.6381e-002
2023	-5.4545e-002	0.	3.125e-002	-5.6965e-002
2027	-8.1818e-002	0.	3.75e-002	-2.7644e-002
2028	-7.2727e-002	0.	3.125e-002	-3.5798e-002
2033	-0.1	0.	3.75e-002	-1.9178e-002
2034	-9.0909e-002	0.	3.125e-002	-1.9491e-002
2038	-0.11818	0.	3.75e-002	-2.7099e-002
2039	-0.10909	0.	3.125e-002	-1.8866e-002
2045	-0.13636	0.	3.75e-002	-4.6411e-002
2046	-0.12727	0.	3.125e-002	-3.5333e-002
2050	-0.15455	0.	3.75e-002	-6.2149e-002
2051	-0.14545	0.	3.125e-002	-5.7488e-002
2055	-0.17273	0.	3.75e-002	-3.0803e-002
2056	-0.16364	0.	3.125e-002	-6.681e-002
2060	-0.19091	0.	3.75e-002	4.121e-002
2061	-0.18182	0.	3.125e-002	5.2034e-003
2066	-0.2	0.	3.125e-002	7.7217e-002
2073	-0.19091	0.	2.5e-002	4.121e-002
2081	-0.17273	0.	2.5e-002	-3.0803e-002
2088	-0.15455	0.	2.5e-002	-6.2149e-002
2095	-0.13636	0.	2.5e-002	-4.6411e-002
2099	-0.11818	0.	2.5e-002	-2.7099e-002
2104	-0.1	0.	2.5e-002	-1.9178e-002
2109	-8.1818e-002	0.	2.5e-002	-2.7644e-002
2116	-6.3636e-002	0.	2.5e-002	-4.6381e-002
2120	-4.5455e-002	0.	2.5e-002	-6.1788e-002
2124	-2.7273e-002	0.	2.5e-002	-2.8946e-002
2129	-9.0909e-003	0.	2.5e-002	4.6648e-002
2536	-9.0909e-003	0.	-2.5e-002	4.3317e-002
2537	-2.7273e-002	0.	-2.5e-002	-3.0706e-002
2538	-1.8182e-002	0.	-3.125e-002	5.7855e-003
2544	0.	0.	-3.125e-002	8.0848e-002
2550	-4.5455e-002	0.	-2.5e-002	-6.2039e-002
2551	-3.6364e-002	0.	-3.125e-002	-6.7197e-002
2556	-6.3636e-002	0.	-2.5e-002	-4.6419e-002
2557	-5.4545e-002	0.	-3.125e-002	-5.688e-002
2560	-8.1818e-002	0.	-2.5e-002	-2.7494e-002
2561	-7.2727e-002	0.	-3.125e-002	-3.5958e-002
2564	-0.1	0.	-2.5e-002	-1.8963e-002
2565	-9.0909e-002	0.	-3.125e-002	-1.9031e-002
2570	-0.11818	0.	-2.5e-002	-2.7087e-002
2571	-0.10909	0.	-3.125e-002	-1.8895e-002
2575	-0.13636	0.	-2.5e-002	-4.6447e-002
2576	-0.12727	0.	-3.125e-002	-3.528e-002
2581	-0.15455	0.	-2.5e-002	-6.2417e-002
2582	-0.14545	0.	-3.125e-002	-5.7615e-002
2586	-0.17273	0.	-2.5e-002	-2.9977e-002
2587	-0.16364	0.	-3.125e-002	-6.7219e-002
2591	-0.19091	0.	-2.5e-002	4.428e-002
2592	-0.18182	0.	-3.125e-002	7.2646e-003
2597	-0.2	0.	-3.125e-002	8.1296e-002
3188	-0.19091	0.	-3.75e-002	4.428e-002
3189	-0.17273	0.	-3.75e-002	-2.9977e-002
3201	-0.15455	0.	-3.75e-002	-6.2417e-002
3205	-0.13636	0.	-3.75e-002	-4.6447e-002
3208	-0.11818	0.	-3.75e-002	-2.7087e-002
3216	-0.1	0.	-3.75e-002	-1.8963e-002
3220	-8.1818e-002	0.	-3.75e-002	-2.7494e-002
3225	-6.3636e-002	0.	-3.75e-002	-4.6419e-002
3229	-4.5455e-002	0.	-3.75e-002	-6.2039e-002
3233	-2.7273e-002	0.	-3.75e-002	-3.0706e-002
3237	-9.0909e-003	0.	-3.75e-002	4.3317e-002
96	0.	0.	-2.5e-002	0.29003
106	-0.2	0.	-2.5e-002	0.29616
199	-0.18182	0.	-3.75e-002	-2.2798e-002
200	-0.2	0.	-3.75e-002	0.10109
201	-0.16364	0.	-3.75e-002	-6.9707e-002
202	-0.14545	0.	-3.75e-002	-0.10232
203	-0.12727	0.	-3.75e-002	-8.6792e-002
204	-0.10909	0.	-3.75e-002	-8.5457e-002
205	-9.0909e-002	0.	-3.75e-002	-8.5239e-002
206	-7.2727e-002	0.	-3.75e-002	-9.067e-002
207	-5.4545e-002	0.	-3.75e-002	-9.246e-002
208	-3.6364e-002	0.	-3.75e-002	-6.7109e-002
209	-1.8182e-002	0.	-3.75e-002	-4.0508e-002
210	0.	0.	-3.75e-002	9.2033e-002
281	1.	0.	-9.4318e-002	1.6901e-004
282	1.	0.	-0.18864	1.5506e-004
283	1.	0.	-0.28295	1.3366e-004
284	1.	0.	-0.37727	1.1477e-004
285	1.	0.	-0.47159	9.9083e-005
286	1.	0.	-0.56591	6.8203e-005
287	1.	0.	-0.66023	5.1528e-005
288	1.	0.	-0.75455	3.8699e-005
289	1.	0.	-0.84886	2.2999e-005
290	1.	0.	-0.94318	1.0586e-005
301	0.90435	0.	-1.0375	6.4263e-006
302	0.8087	0.	-1.0375	5.3436e-006
303	0.71304	0.	-1.0375	5.2775e-006
304	0.61739	0.	-1.0375	4.759e-006
305	0.52174	0.	-1.0375	3.9043e-006
306	0.42609	0.	-1.0375	2.8088e-006
307	0.33043	0.	-1.0375	-5.8647e-007
308	0.23478	0.	-1.0375	-4.9183e-006
309	0.13913	0.	-1.0375	-5.838e-006
310	4.3478e-002	0.	-1.0375	-1.0004e-005
311	-5.2174e-002	0.	-1.0375	-1.1846e-005
312	-0.14783	0.	-1.0375	-1.0999e-005
313	-0.24348	0.	-1.0375	-1.1079e-005
314	-0.33913	0.	-1.0375	-7.6762e-006
315	-0.43478	0.	-1.0375	-2.4164e-006
316	-0.53043	0.	-1.0375	2.0731e-007
317	-0.62609	0.	-1.0375	3.9367e-006
318	-0.72174	0.	-1.0375	5.0576e-006
319	-0.81739	0.	-1.0375	3.5174e-006
320	-0.91304	0.	-1.0375	5.7646e-006
321	-1.0087	0.	-1.0375	6.4233e-006
322	-1.1043	0.	-1.0375	6.1011e-006
328	-1.2	0.	-0.94318	1.0087e-005
329	-1.2	0.	-0.84886	2.4229e-005
330	-1.2	0.	-0.75455	3.8849e-005
331	-1.2	0.	-0.66023	5.5067e-005
332	-1.2	0.	-0.56591	7.0442e-005
333	-1.2	0.	-0.47159	9.4895e-005
334	-1.2	0.	-0.37727	1.1528e-004
335	-1.2	0.	-0.28295	1.3477e-004
336	-1.2	0.	-0.18864	1.5345e-004
337	-1.2	0.	-9.4318e-002	1.6604e-004
343	9.0909e-002	0.	0.	3.911e-002
344	0.18182	0.	0.	8.9079e-003
345	0.27273	0.	0.	3.0131e-003
346	0.36364	0.	0.	1.4546e-003
347	0.45455	0.	0.	8.9412e-004
348	0.54545	0.	0.	5.7426e-004
349	0.63636	0.	0.	3.912e-004
350	0.72727	0.	0.	2.959e-004
351	0.81818	0.	0.	2.2068e-004
352	0.90909	0.	0.	1.783e-004
353	-1.1091	0.	0.	1.8021e-004
354	-1.0182	0.	0.	2.0885e-004
355	-0.92727	0.	0.	2.9479e-004
356	-0.83636	0.	0.	3.7068e-004
357	-0.74545	0.	0.	5.3839e-004
358	-0.65455	0.	0.	8.5312e-004
359	-0.56364	0.	0.	1.5954e-003
360	-0.47273	0.	0.	3.2882e-003
361	-0.38182	0.	0.	9.2533e-003
362	-0.29091	0.	0.	2.8572e-002
457	0.	0.	0.	0.47715
458	-0.2	0.	0.	0.47667
463	1.	0.	-1.0375	4.5032e-006
464	1.	0.	0.	1.6931e-004
465	-1.2	0.	-1.0375	4.1796e-006
466	-1.2	0.	0.	1.6841e-004
471	4.5455e-002	0.	0.	0.14316
472	-0.24545	0.	0.	0.15158
645	7.8261e-002	0.	-0.37083	-4.3092e-004
646	-6.6966e-002	0.	-0.20082	-7.263e-003
647	-0.18551	0.	-0.48194	-4.8742e-004
648	-0.19713	0.	-0.26359	-2.0891e-003
649	-0.68518	0.	-0.513	1.2498e-004
650	0.53913	0.	-0.46837	1.414e-004
651	0.13895	0.	-0.69688	-7.3776e-005
652	-0.46073	0.	-0.39684	2.2983e-004
653	-0.31014	0.	-0.75972	-5.1203e-005
654	-0.18848	0.	-0.14734	-5.9327e-003
655	-2.7281e-002	0.	-0.1142	-1.2789e-002
656	0.63471	0.	-0.77042	3.1545e-005
657	-0.78845	0.	-0.26897	3.3553e-004
658	-0.31135	0.	-0.29429	-2.1221e-004
659	0.3125	0.	-0.41033	2.6007e-004
660	-0.96425	0.	-0.64252	6.4427e-005
661	4.4021e-002	0.	-0.27763	-1.041e-003
662	-0.16538	0.	-0.74175	-1.2263e-004
663	-7.1607e-002	0.	-0.56903	-2.737e-004
664	-0.66295	0.	-0.67226	4.3986e-005
665	0.58435	0.	-0.34653	2.2528e-004
666	0.34709	0.	-0.71035	2.3264e-005
667	0.20878	0.	-0.10643	4.1848e-003
668	0.13213	0.	-5.757e-002	1.5137e-002
669	-0.14033	0.	-7.1211e-002	-5.5683e-002
670	-0.11288	0.	-0.12183	-2.2701e-002
671	0.69275	0.	-0.50088	1.2012e-004
672	-0.10966	0.	-0.41713	-8.6338e-004
673	-0.4054	0.	-0.5014	-2.8242e-005
674	0.34482	0.	-0.27366	6.6245e-004
675	-0.50206	0.	-0.26899	8.8161e-004
676	0.10829	0.	-0.46703	-1.879e-004
677	0.80092	0.	-0.25044	1.7931e-004
678	-0.89472	0.	-0.83091	2.6221e-005
679	-8.8307e-002	0.	-0.32217	-1.9957e-003
680	-1.0086	0.	-0.34157	1.4601e-004
681	-0.20334	0.	-9.0652e-002	-4.4052e-004
682	4.5963e-003	0.	-0.1975	-2.2825e-003
683	-0.49519	0.	-0.71835	4.4323e-006
684	7.4535e-002	0.	-5.7072e-002	2.9792e-002
685	-0.31557	0.	-0.13496	6.4575e-003
686	-0.24783	0.	-0.62083	-1.5487e-004
687	-7.7577e-002	0.	-0.92007	-2.5062e-005
688	-9.2571e-002	0.	-7.7623e-002	-5.0938e-002
689	-0.84888	0.	-0.42177	1.6817e-004
690	0.80286	0.	-0.81062	2.6533e-005
691	-0.5879	0.	-0.39257	2.7302e-004
692	0.24475	0.	-0.5703	7.8721e-007
693	-0.24422	0.	-0.38855	-5.2365e-004
694	-1.7141e-002	0.	-0.7167	-1.3215e-004
695	-0.64629	0.	-0.27743	4.4756e-004
696	0.17691	0.	-0.92481	-1.2881e-005
697	-1.2186e-002	0.	-6.6768e-002	-9.0038e-003
698	0.42609	0.	-0.5944	7.4292e-005
699	0.54002	0.	-0.11479	5.5776e-004
700	-0.52448	0.	-0.902	-1.8402e-006
701	0.37851	0.	-0.85884	7.2713e-006
702	0.87057	0.	-0.57514	7.317e-005
703	-0.13281	0.	-0.18979	-8.2692e-003
704	-0.19903	0.	-0.88935	-3.7394e-005
705	5.2191e-002	0.	-0.61795	-1.7161e-004
706	3.5523e-002	0.	-0.14065	1.6452e-003
707	8.409e-002	0.	-0.20671	5.7989e-004
708	-0.53264	0.	-0.51063	1.1076e-004
709	-0.97477	0.	-0.12042	2.4264e-004
710	0.82365	0.	-0.4155	1.2153e-004
711	-2.657e-003	0.	-0.44954	-6.0115e-004
712	-0.72005	0.	-0.86041	1.5986e-005
713	-1.0365	0.	-0.81609	2.7097e-005
714	0.46957	0.	-0.73668	3.5441e-005
715	-0.96787	0.	-0.50083	1.1151e-004
716	-0.36018	0.	-0.9182	-1.4362e-005
717	-0.39069	0.	-0.20602	2.1394e-003
718	0.44576	0.	-0.3577	3.e-004
719	0.18624	0.	-0.38019	9.9702e-007
720	0.35674	0.	-0.1212	1.3483e-003
721	-0.37085	0.	-0.63276	-5.2963e-005
722	-0.48816	0.	-0.1365	1.9163e-003
723	0.5166	0.	-0.89991	1.1801e-005
724	-5.3894e-002	0.	-7.8395e-002	-4.2149e-002
725	0.58261	0.	-0.61065	6.8952e-005
726	-0.249	0.	-0.19742	-3.394e-004
727	-0.10341	0.	-0.24769	-4.0286e-003
728	-0.1689	0.	-0.34336	-1.2053e-003
729	-0.69599	0.	-0.13079	6.7869e-004
730	0.69023	0.	-0.90764	1.4304e-005
731	0.65305	0.	-0.22191	2.7478e-004
732	-0.2883	0.	-0.50869	-2.7464e-004
733	-9.3006e-002	0.	-0.15842	-1.342e-002
734	-3.5024e-003	0.	-0.34074	-1.1097e-003
735	-0.1553	0.	-0.1054	-2.2183e-002
736	-0.81957	0.	-0.58158	7.63e-005
737	-0.71408	0.	-0.38733	2.6068e-004
738	-8.3154e-002	0.	-9.8071e-002	-3.2032e-002
739	0.87494	0.	-0.12208	1.8446e-004
740	0.73623	0.	-0.66675	6.0033e-005
741	9.5723e-002	0.	-0.8168	-4.0844e-005
742	-3.5595e-002	0.	-0.26443	-2.9376e-003
743	-0.83827	0.	-0.11847	3.5685e-004
744	0.25725	0.	-0.21974	1.4722e-003
745	-0.34986	0.	-0.40032	-3.8647e-005
746	-0.83456	0.	-0.72348	4.5361e-005
747	-0.11304	0.	-0.64861	-1.9609e-004
748	-1.1025	0.	-0.57104	7.237e-005
749	4.5441e-002	0.	-0.93701	-1.4834e-005
750	-0.23267	0.	-5.1781e-002	6.1894e-002
751	-0.24366	0.	-0.11833	6.3047e-003
752	0.84945	0.	-0.93947	1.0972e-005
753	-0.14928	0.	-0.56528	-3.2141e-004
754	0.69678	0.	-0.35856	1.7886e-004
755	-0.17115	0.	-6.58e-002	-4.3219e-002
756	-1.0878	0.	-0.42835	1.1317e-004
757	-1.0726	0.	-0.91698	1.5157e-005
758	-1.0891	0.	-0.10938	1.757e-004
759	-0.40294	0.	-0.31329	5.0541e-004
760	2.6147e-002	0.	-4.6989e-002	8.2381e-002
761	0.41515	0.	-0.47383	1.4781e-004
762	0.33109	0.	-0.52305	7.6308e-005
763	-0.5339	0.	-0.61886	2.8175e-005
764	-0.39828	0.	-8.7807e-002	4.3755e-003
765	-0.18604	0.	-0.20353	-4.4062e-003
766	0.90652	0.	-0.73056	3.8796e-005
767	0.14263	0.	-0.5821	-9.3722e-005
768	-4.5436e-002	0.	-0.15783	-9.63e-003
769	-0.28271	0.	-7.3576e-002	2.2055e-002
770	-0.19941	0.	-6.0778e-002	2.1863e-002
771	2.5e-002	0.	-0.52593	-3.061e-004
772	-0.23146	0.	-0.31198	-9.8336e-004
773	-0.4196	0.	-0.8087	-2.1542e-005
774	0.1624	0.	-0.20597	2.2349e-003
775	0.25975	0.	-0.3141	4.8941e-004
776	-0.13633	0.	-0.1435	-1.5132e-002
777	0.91182	0.	-0.34923	1.2468e-004
778	-0.14075	0.	-0.28452	-2.8482e-003
779	0.31472	0.	-0.61361	2.9773e-005
780	-0.15039	0.	-5.2669e-002	-8.4434e-002
781	-7.8649e-002	0.	-5.7603e-002	-7.6001e-002
782	0.11327	0.	-0.28556	3.7769e-005
783	0.7181	0.	-0.10371	2.7974e-004
784	0.21304	0.	-0.47855	-1.36e-005
785	0.10459	0.	-0.12435	7.3609e-003
786	-7.8942e-002	0.	-0.12978	-1.9054e-002
787	-8.3681e-002	0.	-0.49897	-4.7165e-004
788	-0.11673	0.	-7.2236e-002	-5.8224e-002
789	-1.062	0.	-0.22534	1.8248e-004
790	0.2393	0.	-0.66295	-1.5872e-005
791	-4.5129e-002	0.	-5.7948e-002	-7.2272e-002
792	3.4087e-002	0.	-8.8889e-002	1.1773e-002
793	0.9116	0.	-0.23201	1.5111e-004
794	0.52834	0.	-0.25362	4.2973e-004
795	-1.1003	0.	-0.72489	4.3865e-005
796	-0.96282	0.	-0.74849	3.9024e-005
797	0.30251	0.	-0.94303	-1.7124e-006
798	-9.422e-002	0.	-0.82056	-7.1592e-005
799	-0.83898	0.	-0.95378	1.075e-005
800	-0.96114	0.	-0.92746	1.603e-005
801	-0.92016	0.	-0.24942	2.2016e-004
802	0.24129	0.	-0.79706	-1.5257e-005
803	-0.10314	0.	-5.679e-002	-6.9915e-002
804	-0.57948	0.	-7.6891e-002	1.4412e-003
805	-0.5857	0.	-0.17928	8.6716e-004
806	-0.12113	0.	-9.366e-002	-3.6961e-002
807	-0.33291	0.	-5.8359e-002	1.1585e-002
2544	0.	0.	-3.125e-002	0.19103
2545	0.	0.	-1.25e-002	0.38359
2546	2.2727e-002	0.	-1.25e-002	0.21659
2547	1.3074e-002	0.	-3.5995e-002	0.1862
2597	-0.2	0.	-3.125e-002	0.19863
2598	-0.2	0.	-1.25e-002	0.38642
2599	-0.22273	0.	-1.25e-002	0.22387
2600	-0.21634	0.	-3.839e-002	0.17903
3188	-0.19091	0.	-3.75e-002	3.9147e-002
3189	-0.17273	0.	-3.75e-002	-4.6253e-002
3190	-0.17648	0.	-5.165e-002	-3.3009e-002
3191	-0.19061	0.	-4.9139e-002	-4.6785e-004
3196	-0.21634	0.	-4.464e-002	8.1493e-002
3197	-0.1997	0.	-4.9139e-002	6.1478e-002
3201	-0.15455	0.	-3.75e-002	-8.6012e-002
3202	-0.16739	0.	-5.165e-002	-5.6463e-002
3203	-0.15701	0.	-4.5085e-002	-7.7071e-002
3205	-0.13636	0.	-3.75e-002	-9.4555e-002
3206	-0.14792	0.	-4.5085e-002	-9.3376e-002
3208	-0.11818	0.	-3.75e-002	-8.6124e-002
3209	-0.1338	0.	-5.4356e-002	-7.1238e-002
3210	-0.13883	0.	-4.5085e-002	-8.5613e-002
3211	-0.122	0.	-5.4868e-002	-7.2508e-002
3212	-0.11521	0.	-4.7145e-002	-7.8354e-002
3216	-0.1	0.	-3.75e-002	-8.5348e-002
3217	-0.10612	0.	-4.7145e-002	-7.7686e-002
3220	-8.1818e-002	0.	-3.75e-002	-8.7954e-002
3221	-8.4779e-002	0.	-4.7551e-002	-8.062e-002
3222	-9.7026e-002	0.	-4.7145e-002	-7.7577e-002
3225	-6.3636e-002	0.	-3.75e-002	-9.1565e-002
3226	-7.5688e-002	0.	-4.7551e-002	-8.3335e-002
3229	-4.5455e-002	0.	-3.75e-002	-7.9785e-002
3230	-6.6597e-002	0.	-4.7551e-002	-8.4231e-002
3231	-4.9837e-002	0.	-4.7724e-002	-8.2366e-002
3233	-2.7273e-002	0.	-3.75e-002	-5.3809e-002
3234	-2.4275e-002	0.	-5.2134e-002	-3.8056e-002
3235	-4.0746e-002	0.	-4.7724e-002	-6.969e-002
3237	-9.0909e-003	0.	-3.75e-002	2.5763e-002
3238	-1.5184e-002	0.	-5.2134e-002	-2.4756e-002
3241	-6.0931e-003	0.	-5.2134e-002	4.1515e-002
3242	1.3074e-002	0.	-4.2245e-002	8.7207e-002
3694	1.	0.	-0.14148	1.6203e-004
3696	0.95455	0.	-4.7159e-002	1.7365e-004
3697	1.	0.	-4.7159e-002	1.6916e-004
3698	0.93747	0.	-0.1082	1.7673e-004
3702	1.	0.	-0.2358	1.4436e-004
3703	0.93747	0.	-0.15536	1.6976e-004
3704	0.9558	0.	-0.21033	1.5308e-004
3708	1.	0.	-0.33011	1.2421e-004
3709	0.95591	0.	-0.31609	1.2917e-004
3710	0.9558	0.	-0.25748	1.4238e-004
3714	1.	0.	-0.42443	1.0693e-004
3715	0.95591	0.	-0.36325	1.1973e-004
3717	1.	0.	-0.51875	8.3643e-005
3718	0.93528	0.	-0.52337	8.6127e-005
3719	0.91182	0.	-0.44354	1.103e-004
3720	0.95591	0.	-0.41041	1.1188e-004
3724	1.	0.	-0.61307	5.9865e-005
3725	0.93528	0.	-0.57053	7.0686e-005
3729	1.	0.	-0.70739	4.5113e-005
3730	0.93528	0.	-0.61769	6.2349e-005
3731	0.95326	0.	-0.6954	4.5162e-005
3733	1.	0.	-0.8017	3.0849e-005
3734	0.95326	0.	-0.74255	3.8747e-005
3737	1.	0.	-0.89602	1.6792e-005
3738	0.90143	0.	-0.82974	2.4766e-005
3739	0.92472	0.	-0.89417	1.6986e-005
3740	0.95326	0.	-0.78971	3.0897e-005
3745	0.95217	0.	-0.99034	8.506e-006
3746	1.	0.	-0.99034	7.5445e-006
3747	0.92472	0.	-0.94133	1.0779e-005
3814	0.85652	0.	-1.0375	5.8849e-006
3815	0.95217	0.	-1.0375	5.4647e-006
3816	0.8769	0.	-0.98849	8.6993e-006
3820	0.76087	0.	-1.0375	5.3105e-006
3821	0.74946	0.	-0.97257	9.8239e-006
3822	0.82907	0.	-0.98849	8.1579e-006
3825	0.66522	0.	-1.0375	5.0183e-006
3826	0.70164	0.	-0.97257	9.7909e-006
3831	0.56957	0.	-1.0375	4.3317e-006
3832	0.567	0.	-0.96871	8.2799e-006
3833	0.65381	0.	-0.97257	9.5316e-006
3835	0.47391	0.	-1.0375	3.3565e-006
3836	0.51917	0.	-0.96871	7.8525e-006
3841	0.37826	0.	-1.0375	1.1112e-006
3842	0.4023	0.	-0.94817	5.04e-006
3843	0.47134	0.	-0.96871	7.3048e-006
3844	0.3643	0.	-0.99026	5.4822e-007
3847	0.28261	0.	-1.0375	-2.7524e-006
3848	0.31647	0.	-0.99026	-1.1494e-006
3851	0.18696	0.	-1.0375	-5.3782e-006
3852	0.20585	0.	-0.98115	-8.8999e-006
3853	0.26865	0.	-0.99026	-3.3153e-006
3857	9.1304e-002	0.	-1.0375	-7.9211e-006
3858	0.15802	0.	-0.98115	-9.3597e-006
3859	9.2286e-002	0.	-0.98725	-1.0336e-005
3861	-4.3478e-003	0.	-1.0375	-1.0925e-005
3862	4.446e-002	0.	-0.98725	-1.2419e-005
3866	-0.1	0.	-1.0375	-1.1422e-005
3867	-6.4876e-002	0.	-0.97878	-1.8454e-005
3868	-3.3665e-003	0.	-0.98725	-1.334e-005
3872	-0.19565	0.	-1.0375	-1.1039e-005
3873	-0.1127	0.	-0.97878	-1.803e-005
3874	-0.17343	0.	-0.96343	-2.4197e-005
3876	-0.2913	0.	-1.0375	-9.3776e-006
3877	-0.22126	0.	-0.96343	-2.4237e-005
3878	-0.30183	0.	-0.97785	-1.272e-005
3882	-0.38696	0.	-1.0375	-5.0463e-006
3883	-0.34965	0.	-0.97785	-1.1019e-005
3887	-0.48261	0.	-1.0375	-1.1045e-006
3888	-0.47963	0.	-0.96975	-2.1283e-006
3889	-0.39748	0.	-0.97785	-8.3891e-006
3891	-0.57826	0.	-1.0375	2.072e-006
3892	-0.52746	0.	-0.96975	-8.1646e-007
3896	-0.67391	0.	-1.0375	4.4972e-006
3897	-0.57528	0.	-0.96975	1.0482e-006
3898	-0.67307	0.	-0.94896	9.9615e-006
3903	-0.76957	0.	-1.0375	4.2875e-006
3904	-0.72089	0.	-0.94896	1.0522e-005
3905	-0.78036	0.	-0.99564	7.9037e-006
3909	-0.86522	0.	-1.0375	4.641e-006
3910	-0.82818	0.	-0.99564	7.1335e-006
3912	-0.96087	0.	-1.0375	6.0939e-006
3913	-0.87601	0.	-0.99564	8.2571e-006
3914	-0.93709	0.	-0.98248	1.0897e-005
3919	-1.0565	0.	-1.0375	6.2622e-006
3920	-1.0407	0.	-0.97724	1.079e-005
3921	-0.98492	0.	-0.98248	1.1227e-005
3926	-1.1522	0.	-0.99034	8.094e-006
3927	-1.1522	0.	-1.0375	5.1403e-006
3928	-1.0885	0.	-0.97724	1.0629e-005
3956	-1.2	0.	-0.89602	1.7158e-005
3957	-1.2	0.	-0.99034	7.1332e-006
3958	-1.1363	0.	-0.93008	1.2622e-005
3961	-1.2	0.	-0.8017	3.1539e-005
3962	-1.1183	0.	-0.83248	2.5663e-005
3963	-1.1363	0.	-0.88292	1.9693e-005
3964	-1.1502	0.	-0.78688	3.4047e-005
3969	-1.2	0.	-0.70739	4.6958e-005
3970	-1.1502	0.	-0.73972	4.1357e-005
3974	-1.2	0.	-0.61307	6.2754e-005
3975	-1.1513	0.	-0.61563	6.3718e-005
3976	-1.1502	0.	-0.69256	4.9466e-005
3978	-1.2	0.	-0.51875	8.2669e-005
3979	-1.1513	0.	-0.56847	7.1406e-005
3982	-1.2	0.	-0.42443	1.0509e-004
3983	-1.1513	0.	-0.52131	8.3633e-005
3984	-1.1439	0.	-0.44997	1.0403e-004
3988	-1.2	0.	-0.33011	1.2503e-004
3989	-1.1439	0.	-0.40281	1.1423e-004
3991	-1.2	0.	-0.2358	1.4411e-004
3992	-1.1043	0.	-0.31226	1.4039e-004
3993	-1.1439	0.	-0.35565	1.2397e-004
3994	-1.131	0.	-0.25415	1.5863e-004
3998	-1.2	0.	-0.14148	1.5974e-004
3999	-1.1445	0.	-0.14901	1.6457e-004
4000	-1.131	0.	-0.20699	1.6797e-004
4005	-1.1545	0.	-4.7159e-002	1.7313e-004
4006	-1.2	0.	-4.7159e-002	1.6722e-004
4007	-1.1445	0.	-0.10185	1.7087e-004
4051	0.13636	0.	0.	2.4009e-002
4052	6.8182e-002	0.	0.	9.1134e-002
4055	0.11152	0.	-2.8785e-002	2.7124e-002
4056	8.2722e-002	0.	-2.8536e-002	3.4451e-002
4063	0.22727	0.	0.	5.9605e-003
4067	0.1953	0.	-5.3217e-002	6.5463e-003
4068	0.15697	0.	-2.8785e-002	1.2023e-002
4073	0.31818	0.	0.	2.2338e-003
4076	0.24075	0.	-5.3217e-002	3.5989e-003
4077	0.31473	0.	-6.0598e-002	2.1807e-003
4082	0.40909	0.	0.	1.1743e-003
4084	0.36019	0.	-6.0598e-002	1.4015e-003
4092	0.5	0.	0.	7.3419e-004
4096	0.49729	0.	-5.7397e-002	7.2594e-004
4097	0.40564	0.	-6.0598e-002	1.1212e-003
4101	0.59091	0.	0.	4.8273e-004
4103	0.54274	0.	-5.7397e-002	5.6601e-004
4106	0.68182	0.	0.	3.4355e-004
4109	0.58819	0.	-5.7397e-002	4.7448e-004
4110	0.67723	0.	-5.1853e-002	3.3547e-004
4112	0.77273	0.	0.	2.5829e-004
4115	0.72269	0.	-5.1853e-002	2.8782e-004
4119	0.86364	0.	0.	1.9949e-004
4121	0.84656	0.	-6.1041e-002	2.0257e-004
4122	0.76814	0.	-5.1853e-002	2.5021e-004
4127	0.95455	0.	0.	1.7381e-004
4129	0.89201	0.	-6.1041e-002	1.8138e-004
4132	-1.0636	0.	0.	1.9453e-004
4134	-1.1545	0.	0.	1.7431e-004
4136	-1.0991	0.	-5.4692e-002	1.7795e-004
4141	-0.97273	0.	0.	2.5182e-004
4143	-0.99648	0.	-6.0212e-002	2.2574e-004
4144	-1.0536	0.	-5.4692e-002	1.9227e-004
4148	-0.88182	0.	0.	3.3274e-004
4151	-0.95102	0.	-6.0212e-002	2.6872e-004
4152	-0.88277	0.	-5.9234e-002	3.2582e-004
4157	-0.79091	0.	0.	4.5453e-004
4160	-0.83732	0.	-5.9234e-002	3.6377e-004
4162	-0.7	0.	0.	6.9576e-004
4164	-0.72072	0.	-6.5397e-002	6.0854e-004
4165	-0.79186	0.	-5.9234e-002	4.4762e-004
4169	-0.60909	0.	0.	1.2243e-003
4172	-0.67527	0.	-6.5397e-002	7.6591e-004
4173	-0.61701	0.	-3.8445e-002	1.1472e-003
4176	-0.51818	0.	0.	2.4418e-003
4179	-0.57156	0.	-3.8445e-002	1.5183e-003
4187	-0.42727	0.	0.	6.2707e-003
4190	-0.48044	0.	-6.8248e-002	2.6022e-003
4191	-0.4355	0.	-4.3903e-002	3.8318e-003
4192	-0.5261	0.	-3.8445e-002	2.3647e-003
4198	-0.33636	0.	0.	1.8913e-002
4201	-0.39005	0.	-4.3903e-002	6.8144e-003
4202	-0.35736	0.	-2.9179e-002	1.0419e-002
4206	-0.26818	0.	0.	9.0076e-002
4209	-0.28681	0.	-3.6788e-002	2.5314e-002
4210	-0.31191	0.	-2.9179e-002	2.0078e-002
4725	2.2727e-002	0.	0.	0.31015
4734	-0.22273	0.	0.	0.31412
4749	5.9995e-002	0.	-2.8536e-002	8.6475e-002
4750	3.5801e-002	0.	-2.3495e-002	0.11277
4759	-0.23906	0.	-2.589e-002	0.10674
4760	-0.26408	0.	-3.6788e-002	8.6818e-002
5808	6.1141e-002	0.	-0.32423	-7.3596e-004
5809	9.3277e-002	0.	-0.41893	-3.0941e-004
5810	3.7802e-002	0.	-0.41019	-5.1603e-004
5811	0.13225	0.	-0.37551	-2.1496e-004
5812	3.7379e-002	0.	-0.35579	-7.7032e-004
5813	9.5767e-002	0.	-0.3282	-1.9658e-004
5818	-3.1185e-002	0.	-0.19916	-4.7727e-003
5819	-9.9887e-002	0.	-0.19531	-7.7661e-003
5820	-8.5188e-002	0.	-0.22426	-5.6458e-003
5821	-7.9986e-002	0.	-0.17962	-1.0341e-002
5822	-5.1281e-002	0.	-0.23262	-5.1003e-003
5823	-5.6201e-002	0.	-0.17933	-8.4465e-003
5829	-0.14758	0.	-0.44954	-6.754e-004
5830	-0.21667	0.	-0.55139	-3.2114e-004
5831	-0.21487	0.	-0.43525	-5.0553e-004
5832	-0.1772	0.	-0.41265	-8.4635e-004
5833	-0.23691	0.	-0.49532	-3.8103e-004
5834	-0.16739	0.	-0.52361	-4.0441e-004
5835	-0.13459	0.	-0.49046	-4.7954e-004
5840	-0.22307	0.	-0.2305	-1.2143e-003
5841	-0.18302	0.	-0.30348	-1.6472e-003
5842	-0.19159	0.	-0.23356	-3.2477e-003
5843	-0.2143	0.	-0.28779	-1.5363e-003
5844	-0.16894	0.	-0.27405	-2.4687e-003
5848	-0.67407	0.	-0.59263	8.4483e-005
5849	-0.76703	0.	-0.46739	1.4657e-004
5850	-0.63654	0.	-0.45279	1.99e-004
5851	-0.60891	0.	-0.51182	1.1787e-004
5852	-0.75238	0.	-0.54729	1.0064e-004
5853	-0.69963	0.	-0.45017	1.9283e-004
5854	-0.60954	0.	-0.56593	7.6577e-005
5858	0.56174	0.	-0.40745	1.8334e-004
5859	0.61594	0.	-0.48463	1.3076e-004
5860	0.48261	0.	-0.53138	1.0785e-004
5861	0.49245	0.	-0.41303	2.207e-004
5862	0.56087	0.	-0.53951	1.0518e-004
5863	0.47714	0.	-0.4711	1.4461e-004
5868	6.0906e-002	0.	-0.70679	-1.0296e-004
5869	9.5572e-002	0.	-0.65742	-1.2269e-004
5870	0.11734	0.	-0.75684	-5.731e-005
5871	0.14079	0.	-0.63949	-8.3749e-005
5872	0.18912	0.	-0.67992	-4.4824e-005
5873	0.19012	0.	-0.74697	-4.4516e-005
5878	-0.43307	0.	-0.44912	1.0079e-004
5879	-0.48139	0.	-0.33291	5.5572e-004
5880	-0.52431	0.	-0.39471	2.5142e-004
5881	-0.49668	0.	-0.45374	1.7029e-004
5882	-0.4053	0.	-0.39858	9.5589e-005
5883	-0.43183	0.	-0.35507	3.6762e-004
5888	-0.23776	0.	-0.75074	-8.6918e-005
5889	-0.27899	0.	-0.69028	-1.0304e-004
5890	-0.25459	0.	-0.82454	-4.4299e-005
5891	-0.33516	0.	-0.83896	-3.2783e-005
5892	-0.3405	0.	-0.69624	-5.2083e-005
5893	-0.36487	0.	-0.78421	-3.6372e-005
5898	-0.19591	0.	-0.119	-3.1866e-003
5899	-0.16064	0.	-0.16857	-7.101e-003
5900	-0.21874	0.	-0.17238	-3.1361e-003
5901	-0.17189	0.	-0.12637	-1.4058e-002
5902	-0.21607	0.	-0.13284	1.8597e-004
5903	-0.18726	0.	-0.17544	-5.1695e-003
5904	-0.1624	0.	-0.14542	-1.0532e-002
5909	-1.9734e-002	0.	-9.0485e-002	-1.0896e-002
5910	4.121e-003	0.	-0.12743	-5.5719e-003
5911	-4.0588e-002	0.	-9.6299e-002	-2.7469e-002
5912	-5.5218e-002	0.	-0.10614	-2.2411e-002
5913	-3.6358e-002	0.	-0.13602	-1.121e-002
5914	-5.3112e-002	0.	-0.12199	-1.5922e-002
5915	3.403e-003	0.	-0.10155	-5.0802e-004
5920	0.71879	0.	-0.79052	2.9039e-005
5921	0.55214	0.	-0.75355	3.3493e-005
5922	0.57566	0.	-0.83517	2.1673e-005
5923	0.60866	0.	-0.69054	5.0249e-005
5924	0.66247	0.	-0.83903	2.2925e-005
5925	0.68547	0.	-0.71858	4.5789e-005
5929	-0.81867	0.	-0.34537	2.5185e-004
5930	-0.71737	0.	-0.2732	3.9154e-004
5931	-0.74222	0.	-0.19988	5.0711e-004
5932	-0.75126	0.	-0.32815	2.981e-004
5933	-0.81336	0.	-0.19372	3.4619e-004
5934	-0.85431	0.	-0.2592	2.7784e-004
5939	-0.27779	0.	-0.34142	-3.6793e-004
5940	-0.35102	0.	-0.25016	9.6361e-004
5941	-0.28017	0.	-0.24586	-2.7581e-004
5942	-0.33061	0.	-0.34731	-1.2543e-004
5943	-0.35714	0.	-0.30379	1.466e-004
5944	-0.2714	0.	-0.30314	-5.9779e-004
5948	0.32866	0.	-0.342	4.6126e-004
5949	0.37913	0.	-0.38401	2.8003e-004
5950	0.24937	0.	-0.39526	1.3053e-004
5951	0.36383	0.	-0.44208	2.0394e-004
5952	0.3218	0.	-0.46669	1.6819e-004
5953	0.28613	0.	-0.36221	3.7474e-004
5954	0.26277	0.	-0.44444	1.2323e-004
5960	-0.96606	0.	-0.57167	8.7966e-005
5961	-0.89191	0.	-0.61205	7.0364e-005
5962	-0.8994	0.	-0.683	5.4894e-005
5963	-1.0334	0.	-0.60678	6.8398e-005
5964	-1.0323	0.	-0.6837	5.4146e-005
5965	-0.96353	0.	-0.6955	5.1725e-005
5970	2.4308e-002	0.	-0.23757	-1.6617e-003
5971	6.4055e-002	0.	-0.24217	-2.3055e-004
5972	2.0259e-002	0.	-0.30919	-1.0754e-003
5973	4.2129e-003	0.	-0.27103	-1.9893e-003
5974	7.8647e-002	0.	-0.2816	-5.0161e-004
5976	-0.2066	0.	-0.68129	-1.3875e-004
5977	-9.1259e-002	0.	-0.72922	-1.2739e-004
5978	-0.18221	0.	-0.81555	-8.0014e-005
5979	-0.13921	0.	-0.69518	-1.5936e-004
5980	-0.1298	0.	-0.78116	-9.7113e-005
5984	-4.4374e-002	0.	-0.64286	-2.0293e-004
5985	-9.7078e-003	0.	-0.59349	-2.2266e-004
5986	-9.2325e-002	0.	-0.60882	-2.349e-004
5987	-0.11044	0.	-0.56715	-2.9756e-004
5988	-2.3304e-002	0.	-0.54748	-2.899e-004
5989	-7.7644e-002	0.	-0.534	-3.7268e-004
5994	-0.57907	0.	-0.69531	2.4209e-005
5995	-0.6915	0.	-0.76634	2.9986e-005
5996	-0.74126	0.	-0.62692	6.0143e-005
5997	-0.74876	0.	-0.69787	4.4674e-005
5998	-0.59843	0.	-0.64556	3.608e-005
6002	0.63855	0.	-0.4237	1.727e-004
6003	0.51506	0.	-0.35211	2.6264e-004
6004	0.6187	0.	-0.28422	2.5003e-004
6005	0.64056	0.	-0.35254	2.0207e-004
6006	0.55635	0.	-0.30007	3.2751e-004
6012	0.38659	0.	-0.65237	4.8778e-005
6013	0.3628	0.	-0.7846	1.5268e-005
6014	0.40833	0.	-0.72352	2.9352e-005
6015	0.3309	0.	-0.66198	2.6519e-005
6016	0.29319	0.	-0.68665	3.6959e-006
6017	0.29419	0.	-0.75371	4.0034e-006
6021	0.17045	0.	-8.2002e-002	9.6611e-003
6022	0.28276	0.	-0.11381	2.7665e-003
6023	0.23301	0.	-0.16308	2.8285e-003
6024	0.18559	0.	-0.1562	3.2098e-003
6025	0.15668	0.	-0.11539	5.7728e-003
6030	0.10333	0.	-5.7321e-002	2.2465e-002
6031	0.11836	0.	-9.0959e-002	1.1249e-002
6036	-0.14781	0.	-8.8306e-002	-3.8933e-002
6037	-0.15574	0.	-6.8505e-002	-4.9451e-002
6038	-0.14536	0.	-6.194e-002	-7.0059e-002
6039	-0.12853	0.	-7.1724e-002	-5.6954e-002
6040	-0.13073	0.	-8.2435e-002	-4.6322e-002
6046	-0.10294	0.	-0.14013	-1.8061e-002
6047	-0.13409	0.	-0.11362	-2.2442e-002
6048	-9.8015e-002	0.	-0.10995	-2.7367e-002
6049	-0.1246	0.	-0.13267	-1.8917e-002
6050	-9.5909e-002	0.	-0.1258	-2.0878e-002
6051	-0.117	0.	-0.10774	-2.9831e-002
6055	0.78166	0.	-0.53801	9.6644e-005
6056	0.7582	0.	-0.45819	1.2082e-004
6057	0.63768	0.	-0.55577	9.4534e-005
6058	0.71449	0.	-0.58381	9.0075e-005
6059	0.69477	0.	-0.42972	1.4949e-004
6063	-9.8984e-002	0.	-0.36965	-1.4295e-003
6064	-5.6159e-002	0.	-0.43333	-7.3226e-004
6065	-0.13928	0.	-0.38025	-1.0343e-003
6066	-5.6582e-002	0.	-0.37894	-9.8655e-004
6067	-9.6671e-002	0.	-0.45805	-6.6752e-004
6071	-0.46902	0.	-0.50602	4.1257e-005
6072	-0.38813	0.	-0.56708	-4.0602e-005
6073	-0.34685	0.	-0.50504	-1.5144e-004
6074	-0.37763	0.	-0.45086	-3.3444e-005
6075	-0.46965	0.	-0.56013	-3.3569e-008
6079	0.39529	0.	-0.31568	4.8122e-004
6080	0.35078	0.	-0.19743	1.0054e-003
6081	0.30104	0.	-0.2467	1.0673e-003
6082	0.30229	0.	-0.29388	5.7593e-004
6083	0.43658	0.	-0.26364	5.4609e-004
6087	-0.54498	0.	-0.33078	5.7732e-004
6088	-0.57417	0.	-0.27321	6.6459e-004
6089	-0.44637	0.	-0.2375	1.5105e-003
6090	-0.49511	0.	-0.20274	1.399e-003
6091	-0.4525	0.	-0.29114	6.9351e-004
6092	-0.54388	0.	-0.22413	8.7439e-004
6097	5.2818e-002	0.	-0.45828	-3.9453e-004
6098	0.14727	0.	-0.42361	-9.3454e-005
6099	0.12546	0.	-0.52456	-1.4081e-004
6100	6.6647e-002	0.	-0.49648	-2.47e-004
6101	0.16067	0.	-0.47279	-1.0075e-004
6105	0.81229	0.	-0.33297	1.5042e-004
6106	0.72699	0.	-0.23618	2.2705e-004
6107	0.83793	0.	-0.18626	1.8189e-004
6108	0.74885	0.	-0.3045	1.7909e-004
6109	0.85637	0.	-0.29983	1.52e-004
6110	0.75951	0.	-0.17707	2.2953e-004
6111	0.85626	0.	-0.24123	1.6521e-004
6116	-0.80738	0.	-0.84566	2.1103e-005
6117	-0.96563	0.	-0.8235	2.6659e-005
6118	-0.86464	0.	-0.7772	3.5791e-005
6119	-0.92877	0.	-0.7897	3.2622e-005
6120	-0.86685	0.	-0.89234	1.8485e-005
6121	-0.92793	0.	-0.87918	2.1125e-005
6125	-9.5858e-002	0.	-0.28493	-3.0121e-003
6126	-0.1286	0.	-0.33277	-1.6005e-003
6127	-4.5905e-002	0.	-0.33146	-1.5527e-003
6128	-6.1951e-002	0.	-0.2933	-2.4666e-003
6129	-0.11453	0.	-0.30335	-2.4219e-003
6134	-0.92873	0.	-0.38167	1.5709e-004
6135	-0.98822	0.	-0.4212	1.2876e-004
6136	-1.0482	0.	-0.38496	1.2959e-004
6137	-1.0353	0.	-0.28346	1.6425e-004
6138	-0.96437	0.	-0.2955	1.8308e-004
6142	-0.17932	0.	-9.8026e-002	-1.1312e-002
6143	-0.21801	0.	-7.1216e-002	3.0727e-002
6144	-0.2235	0.	-0.10449	2.9321e-003
6145	-0.18725	0.	-7.8226e-002	-2.183e-002
6146	-0.20137	0.	-7.5715e-002	1.0711e-002
6152	2.006e-002	0.	-0.16908	-3.1861e-004
6153	4.4343e-002	0.	-0.20211	-8.5129e-004
6154	-1.5499e-002	0.	-0.23097	-2.61e-003
6155	-2.042e-002	0.	-0.17767	-5.9563e-003
6161	-0.50983	0.	-0.81018	1.2961e-006
6162	-0.60762	0.	-0.78938	1.0209e-005
6163	-0.43302	0.	-0.67555	-2.4265e-005
6164	-0.51455	0.	-0.66861	1.6303e-005
6165	-0.45739	0.	-0.76353	-8.5546e-006
6170	5.0341e-002	0.	-5.2031e-002	5.6086e-002
6171	8.9564e-002	0.	-9.0709e-002	1.8577e-002
6172	5.4311e-002	0.	-7.298e-002	2.0783e-002
6178	-0.35313	0.	-0.17049	4.2985e-003
6179	-0.28228	0.	-0.16619	3.059e-003
6180	-0.27962	0.	-0.12664	6.3811e-003
6181	-0.35692	0.	-0.11138	5.4165e-003
6182	-0.29914	0.	-0.10427	1.4256e-002
6183	-0.32424	0.	-9.666e-002	9.0212e-003
6187	-0.30934	0.	-0.62679	-1.0392e-004
6188	-0.26807	0.	-0.56476	-2.1475e-004
6189	-0.18043	0.	-0.63472	-1.7548e-004
6190	-0.19855	0.	-0.59306	-2.3814e-004
6195	-0.13831	0.	-0.90471	-3.1228e-005
6196	9.0729e-003	0.	-0.86843	-3.2953e-005
6197	-1.6068e-002	0.	-0.92854	-1.9948e-005
6198	-8.5899e-002	0.	-0.87031	-4.8327e-005
6202	-7.3232e-002	0.	-7.8009e-002	-4.6543e-002
6203	-8.7862e-002	0.	-8.7847e-002	-4.1485e-002
6204	-8.561e-002	0.	-6.7613e-002	-6.3469e-002
6205	-0.10465	0.	-7.493e-002	-5.4581e-002
6206	-9.7857e-002	0.	-6.7207e-002	-6.0426e-002
6207	-0.10685	0.	-8.5642e-002	-4.3949e-002
6212	-0.90837	0.	-0.4613	1.3984e-004
6213	-0.83422	0.	-0.50168	1.2223e-004
6214	-0.78148	0.	-0.40455	2.1443e-004
6215	-0.88452	0.	-0.3356	1.9416e-004
6219	0.74654	0.	-0.85913	2.0418e-005
6220	0.76954	0.	-0.73868	4.3283e-005
6221	0.82615	0.	-0.87504	1.8752e-005
6222	0.85469	0.	-0.77059	3.2664e-005
6228	-0.61709	0.	-0.335	3.6029e-004
6229	-0.56027	0.	-0.4516	1.9189e-004
6230	-0.65099	0.	-0.38995	2.6685e-004
6234	0.28792	0.	-0.54668	3.8547e-005
6235	0.19369	0.	-0.5762	-4.6468e-005
6236	0.27974	0.	-0.59196	1.528e-005
6237	0.2289	0.	-0.52443	-6.4066e-006
6238	0.24202	0.	-0.61663	-7.5424e-006
6242	-0.20656	0.	-0.36596	-8.6446e-004
6243	-0.26626	0.	-0.44862	-3.9914e-004
6244	-0.29704	0.	-0.39443	-2.8115e-004
6245	-0.23784	0.	-0.35027	-7.535e-004
6249	1.7525e-002	0.	-0.66732	-1.5188e-004
6250	3.9291e-002	0.	-0.76675	-8.6495e-005
6251	-6.5092e-002	0.	-0.68265	-1.6412e-004
6252	-5.5681e-002	0.	-0.76863	-1.0187e-004
6256	-0.67114	0.	-0.20411	5.6313e-004
6257	-0.68018	0.	-0.33238	3.5412e-004
6258	-0.616	0.	-0.22835	6.5736e-004
6262	0.13632	0.	-0.8708	-2.6863e-005
6263	0.11118	0.	-0.93091	-1.3858e-005
6264	0.23971	0.	-0.93392	-7.2969e-006
6265	0.2091	0.	-0.86094	-1.4069e-005
6269	-3.304e-002	0.	-7.2582e-002	-2.5577e-002
6270	6.9805e-003	0.	-5.6879e-002	3.6688e-002
6271	-2.8657e-002	0.	-6.2358e-002	-4.0638e-002
6272	1.0951e-002	0.	-7.7829e-002	1.3846e-003
6278	0.44783	0.	-0.66554	5.4866e-005
6279	0.50435	0.	-0.60253	7.1622e-005
6280	0.42062	0.	-0.53411	1.1105e-004
6281	0.37859	0.	-0.55873	7.53e-005
6282	0.3704	0.	-0.604	5.2033e-005
6286	0.44838	0.	-0.11799	9.5305e-004
6287	0.59654	0.	-0.16835	4.1627e-004
6288	0.62906	0.	-0.10925	4.1875e-004
6289	0.53418	0.	-0.18421	4.9375e-004
6294	-0.62226	0.	-0.88121	7.073e-006
6295	-0.44233	0.	-0.9101	-8.101e-006
6296	-0.47204	0.	-0.85535	-1.1691e-005
6300	0.42404	0.	-0.79776	2.1356e-005
6301	0.44755	0.	-0.87938	9.536e-006
6302	0.34051	0.	-0.90093	2.7795e-006
6303	0.3099	0.	-0.82795	-3.9929e-006
6308	0.84711	0.	-0.49532	9.7348e-005
6309	0.8034	0.	-0.62094	6.6602e-005
6310	0.88855	0.	-0.65285	5.5983e-005
6318	-0.11811	0.	-0.21874	-6.1489e-003
6319	-0.11291	0.	-0.17411	-1.0845e-002
6320	-0.15942	0.	-0.19666	-6.3377e-003
6321	-0.13457	0.	-0.16665	-1.1701e-002
6325	-0.27961	0.	-0.90378	-2.5878e-005
6326	-0.14663	0.	-0.85496	-5.4493e-005
6331	9.7412e-002	0.	-0.60003	-1.3267e-004
6332	3.8596e-002	0.	-0.57194	-2.3885e-004
6334	5.9807e-002	0.	-0.17368	1.1126e-003
6335	-4.9562e-003	0.	-0.14924	-3.9924e-003
6336	7.0057e-002	0.	-0.1325	4.5031e-003
6337	3.4805e-002	0.	-0.11477	6.7091e-003
6341	0.12325	0.	-0.20634	1.4074e-003
6342	9.8682e-002	0.	-0.24613	3.0883e-004
6343	9.4341e-002	0.	-0.16553	3.9704e-003
6348	-0.53327	0.	-0.56475	6.9466e-005
6352	-0.90652	0.	-0.11945	2.9974e-004
6353	-1.0319	0.	-0.1149	2.0917e-004
6354	-1.0184	0.	-0.17288	2.1256e-004
6355	-0.94747	0.	-0.18492	2.314e-004
6360	0.76021	0.	-0.38703	1.5019e-004
6361	0.86774	0.	-0.38236	1.231e-004
6367	-3.0797e-003	0.	-0.39514	-8.5544e-004
6368	1.1171e-002	0.	-0.48773	-4.5362e-004
6369	-4.3169e-002	0.	-0.47425	-5.364e-004
6373	-0.7773	0.	-0.79195	3.0674e-005
6374	-0.77951	0.	-0.9071	1.3368e-005
6378	-1.0546	0.	-0.86654	2.1127e-005
6379	-1.0684	0.	-0.77049	3.5481e-005
6380	-0.99968	0.	-0.78229	3.3061e-005
6381	-0.99884	0.	-0.87177	2.1564e-005
6385	0.49308	0.	-0.8183	2.3621e-005
6386	0.52609	0.	-0.67367	5.2196e-005
6390	-0.89372	0.	-0.5412	9.3903e-005
6391	-1.0352	0.	-0.53593	9.1938e-005
6392	-1.0279	0.	-0.46459	1.1234e-004
6396	-0.38989	0.	-0.86345	-1.7952e-005
6400	-0.43942	0.	-0.17126	2.0279e-003
6401	-0.31984	0.	-0.20172	9.0002e-004
6402	-0.39681	0.	-0.25965	1.3224e-003
6403	-0.39448	0.	-0.14691	3.2575e-003
6408	0.43046	0.	-0.41576	2.239e-004
6409	0.48705	0.	-0.30566	3.6486e-004
6412	0.223	0.	-0.34714	2.452e-004
6413	0.14976	0.	-0.33287	1.9383e-005
6414	0.19964	0.	-0.42937	-6.3017e-006
6418	0.30699	0.	-0.17047	1.4103e-003
6419	0.44254	0.	-0.18741	8.8903e-004
6423	-0.32958	0.	-0.57072	-1.638e-004
6424	-0.45238	0.	-0.62581	-1.2394e-005
6425	-0.39523	0.	-0.72073	-3.7252e-005
6429	-0.44322	0.	-0.11215	3.1459e-003
6430	-0.53382	0.	-0.10669	1.6788e-003
6431	-0.53693	0.	-0.15789	1.3918e-003
6435	0.60342	0.	-0.90378	1.3052e-005
6440	-6.8524e-002	0.	-8.8233e-002	-3.7091e-002
6441	-6.6272e-002	0.	-6.7999e-002	-5.9075e-002
6442	-4.9511e-002	0.	-6.8171e-002	-5.7211e-002
6448	0.65942	0.	-0.6387	6.4492e-005
6453	-0.24633	0.	-0.15787	2.9826e-003
6454	-0.21752	0.	-0.20047	-2.3728e-003
6455	-0.24023	0.	-0.2547	-6.6138e-004
6460	-6.9502e-002	0.	-0.25606	-3.4831e-003
6461	-0.14472	0.	-0.22561	-4.2174e-003
6462	-0.12208	0.	-0.2661	-3.4384e-003
6465	-0.20018	0.	-0.32767	-1.0943e-003
6466	-0.15483	0.	-0.31394	-2.0267e-003
6471	-0.76713	0.	-0.12463	5.1777e-004
6472	-0.63774	0.	-0.10384	1.06e-003
6473	-0.64085	0.	-0.15504	7.7293e-004
6478	0.76984	0.	-0.92356	1.2638e-005
6483	0.67491	0.	-0.29024	2.2682e-004
6484	0.68557	0.	-0.16281	2.7726e-004
6485	0.5907	0.	-0.23776	3.5225e-004
6488	-0.31908	0.	-0.4545	-1.5664e-004
6494	-6.9221e-002	0.	-0.15813	-1.1525e-002
6495	-0.11467	0.	-0.15096	-1.4276e-002
6496	-8.5974e-002	0.	-0.1441	-1.6237e-002
6499	-1.9549e-002	0.	-0.30258	-2.0237e-003
6503	-0.16323	0.	-8.56e-002	-3.2701e-002
6504	-0.14582	0.	-0.12445	-1.8658e-002
6505	-0.13821	0.	-9.953e-002	-2.9572e-002
6511	-0.82706	0.	-0.65253	6.0831e-005
6518	-8.1048e-002	0.	-0.11392	-2.5543e-002
6519	-0.10214	0.	-9.5865e-002	-3.4496e-002
6523	0.79652	0.	-0.11289	2.321e-004
6524	0.89327	0.	-0.17705	1.6778e-004
6528	0.82138	0.	-0.69865	4.9414e-005
6533	7.0582e-002	0.	-0.8769	-2.7839e-005
6534	7.513e-004	0.	-0.81868	-5.6218e-005
6535	0.16851	0.	-0.80693	-2.8051e-005
6543	-0.87922	0.	-0.18395	2.885e-004
6548	0.20982	0.	-0.21285	1.8535e-003
6549	0.2585	0.	-0.26692	9.8079e-004
6554	-0.3764	0.	-0.35681	2.3338e-004
6558	-0.89869	0.	-0.73598	4.2192e-005
6562	-0.13116	0.	-0.60694	-2.5875e-004
6565	-1.0952	0.	-0.49969	9.2771e-005
6566	-1.1014	0.	-0.64796	5.8117e-005
6573	-0.23817	0.	-8.5054e-002	3.4099e-002
6574	-0.25769	0.	-6.2679e-002	4.1975e-002
6575	-0.21604	0.	-5.6279e-002	4.1878e-002
6583	-0.26319	0.	-9.5952e-002	1.418e-002
6590	-0.11648	0.	-0.53212	-3.9653e-004
6594	-0.18528	0.	-6.3289e-002	-1.0678e-002
6595	-0.16077	0.	-5.9234e-002	-6.3827e-002
6603	-1.0169	0.	-0.92222	1.5594e-005
6607	-1.0755	0.	-0.16736	1.7909e-004
6613	3.0117e-002	0.	-6.7939e-002	4.7077e-002
6619	0.37312	0.	-0.49844	1.1206e-004
6622	0.32291	0.	-0.56833	5.3041e-005
6623	0.27207	0.	-0.5008	3.1354e-005
6630	-0.3656	0.	-7.3083e-002	7.9802e-003
6635	-0.16339	0.	-0.24403	-3.6272e-003
6644	8.3816e-002	0.	-0.55401	-1.9991e-004
6645	0.17784	0.	-0.53033	-5.3661e-005
6646	0.19096	0.	-0.62253	-5.4797e-005
6649	-6.2189e-002	0.	-0.14381	-1.4342e-002
6654	-0.30781	0.	-6.5968e-002	1.682e-002
6663	-2.934e-002	0.	-0.51245	-3.8888e-004
6672	0.21108	0.	-0.26004	1.3621e-003
6673	0.13784	0.	-0.24577	1.1363e-003
6674	0.1335	0.	-0.16516	4.7979e-003
6679	0.18651	0.	-0.29983	2.6359e-004
6687	0.91171	0.	-0.29062	1.3789e-004
6694	0.27701	0.	-0.63828	6.9507e-006
6699	-6.1889e-002	0.	-5.7775e-002	-7.4136e-002
6700	-9.0896e-002	0.	-5.7196e-002	-7.2958e-002
6717	6.9339e-002	0.	-0.10662	9.567e-003
6727	-0.10994	0.	-6.4513e-002	-6.407e-002
6728	-0.11893	0.	-8.2948e-002	-4.7593e-002
6731	-0.99108	0.	-0.23738	2.0132e-004
6735	0.24029	0.	-0.73001	-1.5565e-005
6757	-1.0316	0.	-0.73669	4.1444e-005
6763	0.2719	0.	-0.87005	-8.4847e-006
6773	-0.90006	0.	-0.94062	1.339e-005
6790	-0.58259	0.	-0.12808	1.1542e-003
1	0.	0.	3.75e-002	9.5437e-002
2	-1.8182e-002	0.	3.75e-002	-2.9175e-002
3	-3.6364e-002	0.	3.75e-002	-7.8967e-002
4	-5.4545e-002	0.	3.75e-002	-0.10078
5	-7.2727e-002	0.	3.75e-002	-9.1257e-002
6	-9.0909e-002	0.	3.75e-002	-8.8582e-002
7	-0.10909	0.	3.75e-002	-8.5164e-002
8	-0.12727	0.	3.75e-002	-9.4242e-002
9	-0.14545	0.	3.75e-002	-9.4402e-002
10	-0.16364	0.	3.75e-002	-8.1678e-002
11	-0.18182	0.	3.75e-002	-4.1351e-002
12	-0.2	0.	3.75e-002	7.7232e-002
13	-0.2	0.	2.5e-002	0.31652
23	0.	0.	2.5e-002	0.31302
343	9.0909e-002	0.	0.	2.8647e-002
344	0.18182	0.	0.	9.3372e-003
345	0.27273	0.	0.	3.0517e-003
346	0.36364	0.	0.	1.5902e-003
347	0.45455	0.	0.	9.5256e-004
348	0.54545	0.	0.	5.7055e-004
349	0.63636	0.	0.	3.8988e-004
350	0.72727	0.	0.	2.7144e-004
351	0.81818	0.	0.	2.0542e-004
352	0.90909	0.	0.	1.7843e-004
353	-1.1091	0.	0.	1.7645e-004
354	-1.0182	0.	0.	2.0391e-004
355	-0.92727	0.	0.	2.7213e-004
356	-0.83636	0.	0.	3.843e-004
357	-0.74545	0.	0.	5.7129e-004
358	-0.65455	0.	0.	7.9659e-004
359	-0.56364	0.	0.	1.2747e-003
360	-0.47273	0.	0.	3.1069e-003
361	-0.38182	0.	0.	1.0069e-002
362	-0.29091	0.	0.	4.3989e-002
405	-1.2	0.	9.4318e-002	1.6335e-004
406	-1.2	0.	0.18864	1.5633e-004
407	-1.2	0.	0.28295	1.3434e-004
408	-1.2	0.	0.37727	1.1171e-004
409	-1.2	0.	0.47159	9.2849e-005
410	-1.2	0.	0.56591	7.1181e-005
411	-1.2	0.	0.66023	5.5373e-005
412	-1.2	0.	0.75455	3.6723e-005
413	-1.2	0.	0.84886	2.3981e-005
414	-1.2	0.	0.94318	1.1188e-005
420	-1.1043	0.	1.0375	4.8054e-006
421	-1.0087	0.	1.0375	5.2413e-006
422	-0.91304	0.	1.0375	4.9402e-006
423	-0.81739	0.	1.0375	5.093e-006
424	-0.72174	0.	1.0375	3.6556e-006
425	-0.62609	0.	1.0375	3.021e-006
426	-0.53043	0.	1.0375	-5.3252e-007
427	-0.43478	0.	1.0375	-3.9517e-006
428	-0.33913	0.	1.0375	-8.1909e-006
429	-0.24348	0.	1.0375	-1.3798e-005
430	-0.14783	0.	1.0375	-1.1474e-005
431	-5.2174e-002	0.	1.0375	-1.241e-005
432	4.3478e-002	0.	1.0375	-1.0541e-005
433	0.13913	0.	1.0375	-8.4524e-006
434	0.23478	0.	1.0375	-2.4479e-006
435	0.33043	0.	1.0375	-2.993e-007
436	0.42609	0.	1.0375	1.7557e-006
437	0.52174	0.	1.0375	5.2166e-006
438	0.61739	0.	1.0375	3.2623e-006
439	0.71304	0.	1.0375	5.8007e-006
440	0.8087	0.	1.0375	3.8791e-006
441	0.90435	0.	1.0375	4.9582e-006
447	1.	0.	0.94318	1.141e-005
448	1.	0.	0.84886	2.5682e-005
449	1.	0.	0.75455	3.6964e-005
450	1.	0.	0.66023	5.4979e-005
451	1.	0.	0.56591	7.2893e-005
452	1.	0.	0.47159	9.5876e-005
453	1.	0.	0.37727	1.1749e-004
454	1.	0.	0.28295	1.3999e-004
455	1.	0.	0.18864	1.6033e-004
456	1.	0.	9.4318e-002	1.6887e-004
457	0.	0.	0.	0.51122
458	-0.2	0.	0.	0.51167
464	1.	0.	0.	1.6995e-004
466	-1.2	0.	0.	1.6743e-004
469	-1.2	0.	1.0375	4.5797e-006
470	1.	0.	1.0375	5.0558e-006
471	4.5455e-002	0.	0.	0.14839
472	-0.24545	0.	0.	0.17914
473	0.18555	0.	0.69833	-3.9622e-005
474	-0.36581	0.	0.7051	-4.0671e-005
475	-0.27826	0.	0.37083	-5.1483e-004
476	7.4363e-002	0.	0.38148	-4.8388e-004
477	-0.18635	0.	0.19524	-3.2793e-003
478	3.913e-002	0.	0.20417	-4.5668e-004
479	0.57826	0.	0.58788	9.3659e-005
480	-0.13824	0.	0.52901	-3.8784e-004
481	0.32108	0.	0.4605	1.3493e-004
482	-0.53321	0.	0.47097	1.3402e-004
483	-0.13388	0.	0.12083	-2.1359e-002
484	0.65277	0.	0.29394	2.2804e-004
485	-0.85277	0.	0.29394	2.4363e-004
486	-9.5652e-002	0.	0.7875	-7.7955e-005
487	-0.20278	0.	0.13229	-3.1471e-003
488	-0.10266	0.	0.27093	-2.5357e-003
489	6.8058e-003	0.	9.3221e-002	-9.2216e-004
490	-0.5741	0.	0.3378	4.0927e-004
491	0.37036	0.	0.31957	4.8699e-004
492	0.13515	0.	0.23851	9.2961e-004
493	-0.35693	0.	0.14769	3.9586e-003
494	-0.30548	0.	8.332e-002	1.3339e-002
495	0.43768	0.	0.62664	5.3878e-005
496	-0.50548	0.	0.68401	5.884e-006
497	-6.4482e-002	0.	0.14758	-1.4301e-002
498	0.68727	0.	0.88273	1.7328e-005
499	-0.86812	0.	0.88763	1.2852e-005
500	-0.11448	0.	0.44041	-7.7309e-004
501	-0.62077	0.	0.73948	2.6676e-005
502	8.6891e-002	0.	0.48534	-2.4495e-004
503	-0.32916	0.	0.60707	-9.7006e-005
504	0.87061	0.	0.49951	8.4466e-005
505	-0.93757	0.	0.55644	8.6809e-005
506	0.40193	0.	0.76359	1.8189e-005
507	7.8915e-002	0.	0.67059	-1.0331e-004
508	-7.2878e-002	0.	0.10466	-2.786e-002
509	0.75164	0.	0.684	5.6722e-005
510	0.46074	0.	0.1417	7.4362e-004
511	-0.62798	0.	0.13229	8.8829e-004
512	0.30372	0.	0.20121	1.3701e-003
513	-0.49898	0.	0.12405	1.9789e-003
514	-0.42782	0.	0.21808	1.3856e-003
515	-0.33041	0.	0.21676	1.3905e-003
516	8.7984e-002	0.	0.1599	4.0727e-003
517	0.23988	0.	0.37647	2.0981e-004
518	-0.13501	0.	8.5202e-002	-3.7491e-002
519	-0.28236	0.	0.9002	-2.0605e-005
520	8.7424e-002	0.	0.88573	-3.0028e-005
521	-0.22424	0.	0.69215	-1.1699e-004
522	-0.18762	0.	0.31528	-1.4015e-003
523	-0.44855	0.	0.80381	-1.1219e-005
524	0.45963	0.	0.47075	1.6632e-004
525	-0.66951	0.	0.43627	1.9198e-004
526	-1.0299	0.	0.25199	1.7501e-004
527	0.83495	0.	0.26071	1.7622e-004
528	-8.4603e-002	0.	7.7853e-002	-4.7988e-002
529	-1.7845e-002	0.	0.32509	-1.6302e-003
530	-0.39684	0.	0.41608	5.6186e-005
531	-1.0341	0.	0.82109	2.7025e-005
532	-3.224e-002	0.	0.50651	-4.0027e-004
533	-5.1515e-002	0.	7.4537e-002	-4.6726e-002
534	-0.90596	0.	0.73749	3.9498e-005
535	0.26508	0.	0.8053	-8.8807e-006
536	0.85098	0.	0.8828	1.8623e-005
537	-1.0924	0.	0.46986	9.4035e-005
538	0.25458	0.	0.58261	-8.0661e-006
539	0.2128	0.	0.20529	1.9356e-003
540	-0.10361	0.	0.3586	-1.5246e-003
541	-0.19665	0.	7.5518e-002	2.3256e-004
542	-0.63548	0.	0.87745	9.5746e-006
543	-0.22225	0.	0.46131	-4.6858e-004
544	0.62319	0.	0.73775	3.7557e-005
545	-0.12409	0.	0.16905	-1.1773e-002
546	-1.0615	0.	0.68617	4.8473e-005
547	-0.89002	0.	0.14697	2.9821e-004
548	0.69002	0.	0.14697	3.0928e-004
549	0.61551	0.	0.44091	1.5425e-004
550	-0.61715	0.	0.58327	6.8273e-005
551	0.51134	0.	0.32762	3.1333e-004
552	-0.71156	0.	0.30676	3.3203e-004
553	-1.3373e-002	0.	0.4125	-7.4579e-004
554	-0.35304	0.	0.29445	3.0703e-004
555	0.44632	0.	0.91331	8.1701e-006
556	0.75609	0.	0.40215	1.3738e-004
557	-0.26828	0.	0.1635	2.2841e-003
558	0.71884	0.	0.54912	8.9118e-005
559	-2.6744e-002	0.	0.18731	-4.7661e-003
560	5.8696e-002	0.	0.2875	-6.6948e-004
561	-0.4617	0.	0.30701	4.7256e-004
562	0.20191	0.	0.4906	3.2516e-006
563	-0.76123	0.	0.79713	2.7077e-005
564	-2.164e-002	0.	0.24593	-2.7279e-003
565	-0.14975	0.	0.93138	-2.4993e-005
566	-0.41731	0.	0.53535	-3.2122e-005
567	-7.9609e-002	0.	0.2074	-6.9259e-003
568	-0.76655	0.	0.53077	1.1254e-004
569	-0.95609	0.	0.37857	1.4007e-004
570	-0.25314	0.	0.25918	-8.4456e-004
571	-0.23478	0.	0.56528	-2.5444e-004
572	7.8986e-002	0.	0.75972	-6.4271e-005
573	-0.11042	0.	7.4066e-002	-5.5555e-002
574	9.2928e-002	0.	7.4927e-002	1.809e-002
575	3.9515e-002	0.	7.1707e-002	2.3739e-002
576	0.85595	0.	0.10148	1.992e-004
577	-1.0561	0.	0.10159	2.0079e-004
578	0.32216	0.	0.67768	1.1056e-005
579	-1.9735e-002	0.	0.70096	-1.3288e-004
580	-0.20373	0.	0.8132	-6.2697e-005
581	-3.2799e-002	0.	0.1044	-1.5119e-002
582	-2.2497e-002	0.	6.9907e-002	-3.2772e-002
583	-0.51353	0.	0.9293	-1.1388e-006
584	-0.10827	0.	9.7685e-002	-3.4664e-002
585	-7.7699e-002	0.	0.59634	-2.3583e-004
586	0.89755	0.	0.38526	1.1585e-004
587	-2.3004e-002	0.	0.90625	-2.837e-005
588	-0.74693	0.	0.20914	4.5973e-004
589	0.55534	0.	0.22686	4.3102e-004
590	0.14979	0.	0.41501	-2.7034e-005
591	0.88176	0.	0.74682	3.9934e-005
592	0.23894	0.	0.10535	4.0818e-003
593	0.32259	0.	0.94287	4.1082e-007
594	0.15296	0.	0.13018	5.4879e-003
595	0.35232	0.	9.8845e-002	1.5381e-003
596	0.5504	0.	0.11343	5.3956e-004
597	-0.75022	0.	8.14e-002	5.6178e-004
598	0.1366	0.	0.58807	-1.2439e-004
599	0.53743	0.	0.83129	2.3201e-005
600	-0.5505	0.	0.81428	5.4346e-006
601	-1.0911	0.	0.58724	6.6879e-005
602	-1.0811	0.	0.35207	1.295e-004
603	-0.18568	0.	0.3874	-9.9431e-004
604	0.50656	0.	0.71424	4.9091e-005
605	-1.086	0.	0.93277	1.3719e-005
606	0.14592	0.	0.34115	8.4731e-005
607	5.1246e-003	0.	5.8237e-002	2.2434e-002
608	-0.53648	0.	0.23063	8.9431e-004
609	-0.41001	0.	6.1806e-002	5.5137e-003
610	-0.10072	0.	0.12796	-2.0722e-002
611	-0.16326	0.	0.14348	-1.0787e-002
612	-5.1397e-003	0.	0.1425	-4.6325e-003
613	0.87065	0.	0.61856	6.5242e-005
614	4.5569e-002	0.	0.12235	4.8174e-003
615	-0.12596	0.	5.5102e-002	-7.9376e-002
616	-0.17738	0.	0.25494	-3.3703e-003
617	-0.24126	0.	0.10138	9.9951e-003
618	-0.42594	0.	0.62088	-7.4161e-006
619	-0.15924	0.	6.0007e-002	-5.9891e-002
620	-0.3985	0.	0.91334	-1.2308e-005
621	-9.5205e-002	0.	5.394e-002	-7.6139e-002
622	0.75369	0.	0.78727	3.6912e-005
623	-0.23257	0.	4.9537e-002	6.4687e-002
624	0.19998	0.	0.91483	-9.6534e-006
625	-0.85846	0.	0.42738	1.6705e-004
626	-0.35865	0.	0.81445	-4.31e-005
627	0.59493	0.	0.96256	7.998e-006
628	-0.74076	0.	0.94699	9.0786e-006
629	-0.16562	0.	0.1027	-1.9213e-002
630	-0.31821	0.	0.51634	-1.5932e-004
631	0.78457	0.	0.96584	9.9585e-006
632	-6.2121e-002	0.	5.6019e-002	-8.0814e-002
633	-0.81632	0.	0.65464	6.7471e-005
634	0.19794	0.	0.28981	5.9965e-004
635	-0.97516	0.	0.92548	1.5036e-005
636	0.3667	0.	0.56069	8.6117e-005
637	6.4633e-004	0.	0.80727	-6.0519e-005
638	0.16253	0.	0.80433	-2.771e-005
639	-0.16344	0.	0.61042	-2.3736e-004
640	-0.62944	0.	0.24499	5.6427e-004
641	0.41413	0.	0.23968	6.743e-004
642	2.8789e-002	0.	0.5913	-2.2518e-004
643	2.5105e-002	0.	3.9588e-002	0.1101
644	5.8782e-002	0.	3.7244e-002	5.4681e-002
1999	-9.0909e-003	0.	3.75e-002	3.3131e-002
2000	0.	0.	3.125e-002	0.20423
2002	2.5623e-003	0.	4.7869e-002	5.8936e-002
2003	1.2553e-002	0.	3.8544e-002	0.10277
2007	-2.7273e-002	0.	3.75e-002	-5.4071e-002
2010	-2.0339e-002	0.	5.3704e-002	-3.0974e-002
2011	-6.5286e-003	0.	4.7869e-002	-3.3706e-003
2014	-4.5455e-002	0.	3.75e-002	-8.9874e-002
2017	-4.3939e-002	0.	5.6019e-002	-6.2847e-002
2018	-2.943e-002	0.	5.3704e-002	-5.587e-002
2019	-4.9242e-002	0.	4.6759e-002	-7.9891e-002
2022	-6.3636e-002	0.	3.75e-002	-9.6019e-002
2025	-5.8333e-002	0.	4.6759e-002	-9.0797e-002
2027	-8.1818e-002	0.	3.75e-002	-8.992e-002
2030	-8.3966e-002	0.	4.572e-002	-8.3698e-002
2031	-6.7424e-002	0.	4.6759e-002	-8.6035e-002
2033	-0.1	0.	3.75e-002	-8.6873e-002
2036	-9.3057e-002	0.	4.572e-002	-8.2361e-002
2038	-0.11818	0.	3.75e-002	-8.9703e-002
2041	-0.11752	0.	4.6301e-002	-8.227e-002
2042	-0.10215	0.	4.572e-002	-8.0652e-002
2045	-0.13636	0.	3.75e-002	-9.4322e-002
2048	-0.12661	0.	4.6301e-002	-8.6809e-002
2050	-0.15455	0.	3.75e-002	-8.804e-002
2053	-0.13571	0.	4.6301e-002	-8.6889e-002
2054	-0.15235	0.	4.8754e-002	-7.7147e-002
2055	-0.17273	0.	3.75e-002	-6.1515e-002
2058	-0.16144	0.	4.8754e-002	-7.0785e-002
2060	-0.19091	0.	3.75e-002	1.794e-002
2063	-0.18924	0.	5.6509e-002	-2.0559e-002
2064	-0.17053	0.	4.8754e-002	-5.0621e-002
2066	-0.2	0.	3.125e-002	0.19687
2068	-0.19833	0.	5.6509e-002	3.8732e-002
2069	-0.21628	0.	4.3519e-002	7.0959e-002
2075	-0.2	0.	1.25e-002	0.41409
2076	-0.22273	0.	1.25e-002	0.24783
2077	-0.21628	0.	3.7269e-002	0.1906
2131	0.	0.	1.25e-002	0.41212
2132	2.2727e-002	0.	1.25e-002	0.2307
2133	1.2553e-002	0.	3.2294e-002	0.21156
4051	0.13636	0.	0.	1.8992e-002
4052	6.8182e-002	0.	0.	8.8516e-002
4053	9.1919e-002	0.	3.7463e-002	2.3369e-002
4054	7.4846e-002	0.	1.8622e-002	4.1664e-002
4063	0.22727	0.	0.	6.1945e-003
4064	0.13737	0.	3.7463e-002	1.3714e-002
4065	0.21038	0.	5.2675e-002	6.7095e-003
4066	0.16739	0.	6.5091e-002	7.4126e-003
4073	0.31818	0.	0.	2.3209e-003
4074	0.25583	0.	5.2675e-002	3.5668e-003
4075	0.31253	0.	4.9423e-002	2.2949e-003
4082	0.40909	0.	0.	1.2714e-003
4083	0.35798	0.	4.9423e-002	1.5641e-003
4092	0.5	0.	0.	7.6156e-004
4093	0.45764	0.	7.0849e-002	8.4809e-004
4094	0.40343	0.	4.9423e-002	1.2453e-003
4095	0.50247	0.	5.6716e-002	7.4606e-004
4101	0.59091	0.	0.	4.8022e-004
4102	0.54792	0.	5.6716e-002	5.5506e-004
4106	0.68182	0.	0.	3.3066e-004
4107	0.66319	0.	7.3485e-002	3.4958e-004
4108	0.59338	0.	5.6716e-002	4.6472e-004
4112	0.77273	0.	0.	2.3843e-004
4113	0.70865	0.	7.3485e-002	2.9036e-004
4114	0.79161	0.	5.0738e-002	2.3532e-004
4119	0.86364	0.	0.	1.9193e-004
4120	0.83706	0.	5.0738e-002	2.0231e-004
4126	0.95455	0.	4.7159e-002	1.7365e-004
4127	0.95455	0.	0.	1.7419e-004
4128	0.88252	0.	5.0738e-002	1.8882e-004
4132	-1.0636	0.	0.	1.9018e-004
4133	-1.1545	0.	4.7159e-002	1.699e-004
4134	-1.1545	0.	0.	1.7194e-004
4135	-1.0826	0.	5.0794e-002	1.8862e-004
4141	-0.97273	0.	0.	2.3802e-004
4142	-1.0371	0.	5.0794e-002	2.0235e-004
4148	-0.88182	0.	0.	3.2821e-004
4149	-0.90865	0.	7.3485e-002	2.8517e-004
4150	-0.99166	0.	5.0794e-002	2.3646e-004
4157	-0.79091	0.	0.	4.778e-004
4158	-0.86319	0.	7.3485e-002	3.4125e-004
4159	-0.79329	0.	4.07e-002	4.7304e-004
4162	-0.7	0.	0.	6.8394e-004
4163	-0.74784	0.	4.07e-002	5.6654e-004
4169	-0.60909	0.	0.	1.0356e-003
4170	-0.64126	0.	6.6143e-002	8.4244e-004
4171	-0.70238	0.	4.07e-002	6.7919e-004
4176	-0.51818	0.	0.	2.1908e-003
4177	-0.59581	0.	6.6143e-002	1.0815e-003
4178	-0.53131	0.	6.2027e-002	1.6268e-003
4187	-0.42727	0.	0.	6.588e-003
4188	-0.48586	0.	6.2027e-002	2.5429e-003
4189	-0.44137	0.	3.0903e-002	4.3103e-003
4198	-0.33636	0.	0.	2.7029e-002
4199	-0.34365	0.	4.166e-002	1.1704e-002
4200	-0.39592	0.	3.0903e-002	7.7914e-003
4206	-0.26818	0.	0.	0.11156
4207	-0.2982	0.	4.166e-002	2.8664e-002
4208	-0.26174	0.	2.4769e-002	5.4338e-002
4440	-1.2	0.	0.14148	1.5984e-004
4441	-1.2	0.	4.7159e-002	1.6539e-004
4442	-1.128	0.	9.7953e-002	1.8207e-004
4446	-1.2	0.	0.2358	1.4533e-004
4447	-1.115	0.	0.22031	1.6567e-004
4448	-1.128	0.	0.14511	1.7856e-004
4452	-1.2	0.	0.33011	1.2303e-004
4453	-1.115	0.	0.26747	1.5467e-004
4454	-1.1406	0.	0.31751	1.3192e-004
4458	-1.2	0.	0.42443	1.0228e-004
4459	-1.1462	0.	0.42357	1.0287e-004
4460	-1.1406	0.	0.36467	1.2061e-004
4462	-1.2	0.	0.51875	8.2015e-005
4463	-1.1462	0.	0.47072	9.3442e-005
4466	-1.2	0.	0.61307	6.3277e-005
4467	-1.1462	0.	0.51788	8.2608e-005
4468	-1.1456	0.	0.57657	6.903e-005
4472	-1.2	0.	0.70739	4.6048e-005
4473	-1.1307	0.	0.6732	5.1923e-005
4474	-1.1456	0.	0.62373	6.1126e-005
4476	-1.2	0.	0.8017	3.0352e-005
4477	-1.117	0.	0.78782	3.1874e-005
4478	-1.1307	0.	0.72036	4.2598e-005
4482	-1.2	0.	0.89602	1.7584e-005
4483	-1.117	0.	0.83497	2.5503e-005
4484	-1.143	0.	0.89081	1.885e-005
4489	-1.1522	0.	0.99034	7.9965e-006
4490	-1.2	0.	0.99034	7.8836e-006
4491	-1.143	0.	0.93797	1.2453e-005
4521	-1.0565	0.	1.0375	5.0234e-006
4522	-1.1522	0.	1.0375	4.6925e-006
4523	-1.0952	0.	0.98513	9.2624e-006
4528	-0.96087	0.	1.0375	5.0907e-006
4529	-1.0473	0.	0.98513	9.4803e-006
4530	-0.99193	0.	0.98149	1.0139e-005
4534	-0.86522	0.	1.0375	5.0166e-006
4535	-0.89058	0.	0.96256	8.896e-006
4536	-0.9441	0.	0.98149	9.9882e-006
4541	-0.76957	0.	1.0375	4.3743e-006
4542	-0.84275	0.	0.96256	8.9724e-006
4543	-0.77908	0.	0.99225	7.0858e-006
4545	-0.67391	0.	1.0375	3.3383e-006
4546	-0.73125	0.	0.99225	6.3671e-006
4551	-0.57826	0.	1.0375	1.2442e-006
4552	-0.63078	0.	0.95747	6.2978e-006
4553	-0.56981	0.	0.9834	9.4108e-007
4554	-0.68342	0.	0.99225	6.0498e-006
4557	-0.48261	0.	1.0375	-2.2421e-006
4558	-0.52198	0.	0.9834	-8.3568e-007
4561	-0.38696	0.	1.0375	-6.0713e-006
4562	-0.47416	0.	0.9834	-2.5453e-006
4563	-0.41664	0.	0.97542	-8.1299e-006
4567	-0.2913	0.	1.0375	-1.0995e-005
4568	-0.31074	0.	0.96885	-1.4398e-005
4569	-0.36881	0.	0.97542	-1.0249e-005
4572	-0.19565	0.	1.0375	-1.2636e-005
4573	-0.26292	0.	0.96885	-1.7202e-005
4574	-0.19661	0.	0.98444	-1.9396e-005
4578	-0.1	0.	1.0375	-1.1942e-005
4579	-0.14879	0.	0.98444	-1.8233e-005
4583	-4.3478e-003	0.	1.0375	-1.1476e-005
4584	-0.10096	0.	0.98444	-1.8701e-005
4585	-3.7589e-002	0.	0.97188	-2.039e-005
4588	9.1304e-002	0.	1.0375	-9.4968e-006
4589	6.5451e-002	0.	0.96162	-2.0285e-005
4590	1.0237e-002	0.	0.97188	-1.9455e-005
4594	0.18696	0.	1.0375	-5.4501e-006
4595	0.11328	0.	0.96162	-1.924e-005
4596	0.16955	0.	0.97617	-9.0529e-006
4600	0.28261	0.	1.0375	-1.3736e-006
4601	0.27869	0.	0.99019	-1.0185e-006
4602	0.21738	0.	0.97617	-6.0506e-006
4604	0.37826	0.	1.0375	7.2822e-007
4605	0.32651	0.	0.99019	5.576e-008
4609	0.47391	0.	1.0375	3.4862e-006
4610	0.4362	0.	0.9754	4.9629e-006
4611	0.37434	0.	0.99019	1.0833e-006
4615	0.56957	0.	1.0375	4.2395e-006
4616	0.48403	0.	0.9754	6.6934e-006
4617	0.55833	0.	1.	6.6073e-006
4622	0.66522	0.	1.0375	4.5315e-006
4623	0.60616	0.	1.	5.6302e-006
4625	0.76087	0.	1.0375	4.8399e-006
4626	0.70015	0.	0.96012	1.1564e-005
4627	0.65399	0.	1.	6.8994e-006
4628	0.7488	0.	1.0017	7.8796e-006
4632	0.85652	0.	1.0375	4.4186e-006
4633	0.79663	0.	1.0017	6.9188e-006
4638	0.95217	0.	0.99034	8.1842e-006
4639	0.95217	0.	1.0375	5.007e-006
4640	0.87766	0.	0.96015	1.179e-005
4641	0.84446	0.	1.0017	7.4583e-006
4669	1.	0.	0.89602	1.8546e-005
4670	1.	0.	0.99034	8.233e-006
4671	0.92549	0.	0.91299	1.5016e-005
4675	1.	0.	0.8017	3.1323e-005
4676	0.92549	0.	0.86583	2.2153e-005
4677	0.94088	0.	0.79784	3.2808e-005
4681	1.	0.	0.70739	4.5971e-005
4682	0.94088	0.	0.75068	3.8449e-005
4684	1.	0.	0.61307	6.3936e-005
4685	0.94088	0.	0.70352	4.7457e-005
4686	0.93533	0.	0.63939	6.0111e-005
4692	1.	0.	0.51875	8.4384e-005
4693	0.9353	0.	0.53271	7.868e-005
4694	0.93533	0.	0.59223	6.9067e-005
4697	1.	0.	0.42443	1.0668e-004
4698	0.9353	0.	0.48555	9.0171e-005
4699	0.94878	0.	0.42843	1.0586e-004
4704	1.	0.	0.33011	1.2874e-004
4705	0.94878	0.	0.38127	1.1667e-004
4707	1.	0.	0.2358	1.5016e-004
4708	0.91748	0.	0.27183	1.5811e-004
4709	0.94878	0.	0.33411	1.2792e-004
4714	1.	0.	0.14148	1.646e-004
4715	0.91748	0.	0.22468	1.6828e-004
4716	0.92797	0.	0.14506	1.7977e-004
4720	1.	0.	4.7159e-002	1.6941e-004
4721	0.92797	0.	9.7897e-002	1.8403e-004
4725	2.2727e-002	0.	0.	0.3298
4734	-0.22273	0.	0.	0.3454
4747	3.528e-002	0.	1.9794e-002	0.12924
4748	5.2118e-002	0.	1.8622e-002	0.10153
4758	-0.23901	0.	2.4769e-002	0.12191
4770	0.13223	0.	0.68446	-7.1468e-005
4771	0.22531	0.	0.75181	-2.4251e-005
4772	0.22007	0.	0.64047	-2.3844e-005
4773	0.13227	0.	0.72903	-5.1946e-005
4774	0.25386	0.	0.688	-1.4283e-005
4775	0.16108	0.	0.6432	-8.2004e-005
4776	0.17404	0.	0.75133	-3.3666e-005
4780	-0.43565	0.	0.69456	-1.7393e-005
4781	-0.34749	0.	0.65609	-6.8839e-005
4782	-0.29502	0.	0.69862	-7.8828e-005
4783	-0.40718	0.	0.75445	-2.5945e-005
4784	-0.39588	0.	0.66299	-2.4043e-005
4785	-0.36223	0.	0.75978	-4.1885e-005
4790	-0.23294	0.	0.34306	-9.5815e-004
4791	-0.33755	0.	0.39346	-2.2932e-004
4792	-0.25026	0.	0.41607	-4.917e-004
4793	-0.31565	0.	0.33264	-1.039e-004
4794	-0.2657	0.	0.315	-6.7969e-004
4795	-0.23197	0.	0.37911	-7.5457e-004
4796	-0.29823	0.	0.44359	-3.3708e-004
4799	8.0627e-002	0.	0.43341	-3.6441e-004
4800	2.8259e-002	0.	0.35329	-1.057e-003
4801	3.0495e-002	0.	0.39699	-6.1483e-004
4802	6.6529e-002	0.	0.33449	-5.7668e-004
4803	0.11208	0.	0.39824	-2.5545e-004
4804	0.11014	0.	0.36131	-1.9957e-004
4808	-0.19457	0.	0.16377	-3.2132e-003
4809	-0.15522	0.	0.18214	-7.5261e-003
4810	-0.22732	0.	0.17937	-4.9761e-004
4811	-0.21974	0.	0.22721	-2.0619e-003
4812	-0.17481	0.	0.16936	-7.0331e-003
4813	-0.18187	0.	0.22509	-3.3248e-003
4818	8.7141e-002	0.	0.22134	2.3647e-004
4819	6.3557e-002	0.	0.18203	1.808e-003
4820	6.1934e-003	0.	0.19574	-2.6114e-003
4821	4.8913e-002	0.	0.24583	-5.6308e-004
4822	8.745e-003	0.	0.22505	-1.5923e-003
4823	1.6995e-002	0.	0.17333	-2.5446e-003
4824	4.235e-002	0.	0.16326	2.1804e-003
4828	0.50797	0.	0.60726	7.3769e-005
4829	0.66495	0.	0.63594	7.519e-005
4830	0.51895	0.	0.52931	1.2999e-004
4831	0.60072	0.	0.66282	6.5608e-005
4832	0.59689	0.	0.51439	1.2395e-004
4833	0.64855	0.	0.5685	9.1388e-005
4834	0.54241	0.	0.65106	7.1375e-005
4839	-0.12636	0.	0.48471	-5.8046e-004
4840	-8.5239e-002	0.	0.51776	-3.9405e-004
4841	-0.18025	0.	0.49516	-4.2821e-004
4842	-0.18651	0.	0.54715	-3.2114e-004
4843	-0.10797	0.	0.56268	-3.1183e-004
4844	-0.15084	0.	0.56972	-3.126e-004
4847	0.34572	0.	0.39004	3.1096e-004
4848	0.28048	0.	0.41849	1.7237e-004
4849	0.39036	0.	0.46563	1.5063e-004
4850	0.28783	0.	0.52156	6.3431e-005
4851	0.2615	0.	0.47555	6.909e-005
4852	0.34389	0.	0.5106	1.1052e-004
4857	-0.55365	0.	0.40438	2.7164e-004
4858	-0.60136	0.	0.45362	1.63e-004
4859	-0.46503	0.	0.44352	9.5101e-005
4860	-0.57518	0.	0.52712	1.0114e-004
4861	-0.49745	0.	0.38899	3.0329e-004
4862	-0.47526	0.	0.50316	5.0947e-005
4863	-0.47958	0.	0.54592	6.33e-005
4868	-0.13444	0.	0.10302	-2.9425e-002
4869	-0.12899	0.	0.14494	-1.6566e-002
4870	-0.12107	0.	0.10926	-2.8011e-002
4871	-0.1173	0.	0.1244	-2.104e-002
4872	-0.14857	0.	0.13216	-1.6073e-002
4873	-0.14975	0.	0.11177	-2.0286e-002
4875	0.74386	0.	0.27733	2.0213e-004
4876	0.67139	0.	0.22045	2.6866e-004
4877	0.63414	0.	0.36742	1.9115e-004
4878	0.58205	0.	0.31078	2.7069e-004
4879	0.70443	0.	0.34804	1.8271e-004
4880	0.60405	0.	0.2604	3.2953e-004
4885	-0.94135	0.	0.27297	2.0932e-004
4886	-0.87139	0.	0.22045	2.7092e-004
4887	-0.78216	0.	0.30035	2.8783e-004
4888	-0.90443	0.	0.33625	1.9185e-004
4889	-0.79985	0.	0.25154	3.5168e-004
4890	-0.85561	0.	0.36066	2.0534e-004
4894	-0.15994	0.	0.73982	-9.747e-005
4895	-0.1227	0.	0.85944	-5.1474e-005
4896	-5.7694e-002	0.	0.74423	-1.0542e-004
4897	-0.14969	0.	0.80035	-7.0326e-005
4898	-5.9328e-002	0.	0.84688	-5.3162e-005
4899	-4.7503e-002	0.	0.79738	-6.9237e-005
4900	-0.12955	0.	0.69896	-1.5766e-004
4905	-0.19972	0.	0.10391	-1.4573e-003
4906	-0.23553	0.	0.14789	-4.315e-004
4907	-0.18302	0.	0.13789	-6.967e-003
4908	-0.22202	0.	0.11684	3.424e-003
4909	-0.1842	0.	0.1175	-1.118e-002
4913	-0.14514	0.	0.29311	-1.9686e-003
4914	-6.025e-002	0.	0.29801	-2.0829e-003
4915	-0.10313	0.	0.31477	-2.0301e-003
4916	-6.2148e-002	0.	0.25843	-2.6318e-003
4917	-9.1132e-002	0.	0.23916	-4.7308e-003
4918	-0.14002	0.	0.26294	-2.953e-003
4921	2.316e-002	0.	8.2464e-002	1.1408e-002
4922	-1.2997e-002	0.	9.8809e-002	-8.0205e-003
4923	-7.8455e-003	0.	8.1564e-002	-1.6847e-002
4924	5.9652e-003	0.	7.5729e-002	1.0756e-002
4925	8.3302e-004	0.	0.11786	-2.7773e-003
4926	2.6187e-002	0.	0.10778	1.9476e-003
4929	-0.6218	0.	0.38704	3.0063e-004
4930	-0.64283	0.	0.32228	3.7065e-004
4931	-0.5179	0.	0.32241	4.4091e-004
4932	-0.55529	0.	0.28422	6.5179e-004
4933	-0.60177	0.	0.29139	4.8677e-004
4938	0.33704	0.	0.26039	9.2855e-004
4939	0.30512	0.	0.34802	3.484e-004
4940	0.41499	0.	0.39516	3.2666e-004
4941	0.44085	0.	0.3236	4.0016e-004
4942	0.28415	0.	0.30469	5.4332e-004
4943	0.39224	0.	0.27962	5.8065e-004
4949	0.11157	0.	0.19921	2.5012e-003
4950	0.17398	0.	0.2219	1.4326e-003
4951	9.6924e-002	0.	0.26301	1.3006e-004
4952	0.14406	0.	0.18435	3.2087e-003
4953	0.14054	0.	0.28983	5.0717e-004
4954	0.16654	0.	0.26416	7.6463e-004
4959	-0.33121	0.	0.11551	8.6489e-003
4960	-0.42796	0.	0.13587	2.9688e-003
4961	-0.39238	0.	0.18288	2.6721e-003
4962	-0.34367	0.	0.18222	2.6746e-003
4963	-0.31261	0.	0.15559	3.1214e-003
4964	-0.38347	0.	0.10475	4.7362e-003
4970	-0.28688	0.	0.12341	7.8117e-003
4971	-0.35775	0.	7.2563e-002	9.4265e-003
4972	-0.27337	0.	9.2351e-002	1.1667e-002
4973	-0.26902	0.	6.6429e-002	3.9013e-002
4978	0.41981	0.	0.69512	3.6034e-005
4979	0.44866	0.	0.5487	1.101e-004
4980	0.37992	0.	0.65216	3.2467e-005
4981	0.47212	0.	0.67044	5.1485e-005
4982	0.40219	0.	0.59367	6.9998e-005
4987	-0.56313	0.	0.71174	1.628e-005
4988	-0.47702	0.	0.74391	-2.6676e-006
4989	-0.56132	0.	0.63364	3.7078e-005
4990	-0.52799	0.	0.74915	5.6593e-006
4991	-0.46571	0.	0.65245	-7.6607e-007
4995	-6.868e-002	0.	0.12612	-2.1081e-002
4996	-9.4288e-002	0.	0.15832	-1.3037e-002
4997	-4.5613e-002	0.	0.16745	-9.5337e-003
4998	-7.2045e-002	0.	0.17749	-1.0614e-002
4999	-4.8641e-002	0.	0.12599	-1.471e-002
5000	-8.2601e-002	0.	0.13777	-1.7512e-002
5001	-3.4811e-002	0.	0.14504	-9.4669e-003
5007	0.76912	0.	0.88277	1.7975e-005
5008	0.65523	0.	0.81024	2.7442e-005
5009	0.61235	0.	0.85701	2.0264e-005
5010	0.72048	0.	0.835	2.712e-005
5011	0.6411	0.	0.92265	1.2663e-005
5012	0.73592	0.	0.92429	1.3643e-005
5016	-0.88704	0.	0.81256	2.6175e-005
5017	-0.81467	0.	0.84238	1.9964e-005
5018	-0.80444	0.	0.91731	1.0965e-005
5019	-0.92164	0.	0.90655	1.3944e-005
5023	-7.336e-002	0.	0.47346	-5.8668e-004
5024	-0.10904	0.	0.3995	-1.1488e-003
5025	-0.16837	0.	0.45086	-6.2083e-004
5026	-6.3926e-002	0.	0.42645	-7.5944e-004
5027	-0.15008	0.	0.4139	-8.837e-004
5032	-0.62813	0.	0.80846	1.8125e-005
5033	-0.61896	0.	0.66137	4.7475e-005
5034	-0.691	0.	0.76831	2.6877e-005
5035	-0.58564	0.	0.77688	1.6055e-005
5036	-0.71855	0.	0.69706	4.7074e-005
5040	2.7326e-002	0.	0.49593	-3.2261e-004
5041	3.6759e-002	0.	0.44892	-4.9537e-004
5042	0.1444	0.	0.48797	-1.2085e-004
5043	0.11834	0.	0.45018	-1.3599e-004
5044	0.11175	0.	0.53671	-1.8467e-004
5045	5.784e-002	0.	0.53832	-2.3506e-004
5049	-0.2767	0.	0.64961	-1.07e-004
5050	-0.37324	0.	0.57121	-6.4564e-005
5051	-0.28197	0.	0.58618	-1.7573e-004
5052	-0.37755	0.	0.61398	-5.2211e-005
5053	-0.32368	0.	0.56171	-1.2817e-004
5056	0.81335	0.	0.45083	1.1092e-004
5057	0.79472	0.	0.52431	8.6792e-005
5058	0.88408	0.	0.44238	1.0016e-004
5059	0.87063	0.	0.55903	7.4854e-005
5063	-0.92176	0.	0.64697	6.3154e-005
5064	-1.015	0.	0.51315	9.0422e-005
5065	-0.99951	0.	0.62131	6.7641e-005
5066	-0.85206	0.	0.54361	9.9675e-005
5067	-0.94683	0.	0.46751	1.1344e-004
5068	-1.0143	0.	0.57184	7.6844e-005
5069	-0.89802	0.	0.49191	1.2693e-004
5070	-0.87695	0.	0.60554	7.714e-005
5075	0.3335	0.	0.78445	4.6542e-006
5076	0.42412	0.	0.83845	1.318e-005
5077	0.36205	0.	0.72064	1.4623e-005
5078	0.36226	0.	0.85323	9.2999e-006
5079	0.46968	0.	0.79744	2.0695e-005
5080	0.45425	0.	0.73892	3.364e-005
5085	7.895e-002	0.	0.71515	-8.3793e-005
5086	2.959e-002	0.	0.68578	-1.181e-004
5087	0.10776	0.	0.62933	-1.1385e-004
5088	5.3852e-002	0.	0.63094	-1.6425e-004
5090	-7.8741e-002	0.	9.1258e-002	-3.7924e-002
5091	-6.2197e-002	0.	8.96e-002	-3.7293e-002
5092	-5.2838e-002	0.	0.10453	-2.149e-002
5093	-9.0573e-002	0.	0.10117	-3.1262e-002
5094	-8.6799e-002	0.	0.11631	-2.4291e-002
5097	0.68742	0.	0.71087	4.7139e-005
5098	0.73524	0.	0.61656	7.292e-005
5099	0.8167	0.	0.71541	4.8328e-005
5100	0.81115	0.	0.65128	6.0982e-005
5101	0.75266	0.	0.73564	4.6817e-005
5104	0.50804	0.	0.18428	5.8732e-004
5105	0.40653	0.	0.12027	1.1409e-003
5106	0.50557	0.	0.12756	6.4159e-004
5107	0.43744	0.	0.19069	7.0896e-004
5113	-0.56348	0.	0.12817	1.4336e-003
5114	-0.68746	0.	0.17071	6.7401e-004
5115	-0.6891	0.	0.10684	7.2504e-004
5116	-0.58223	0.	0.18146	8.913e-004
5117	-0.62871	0.	0.18864	7.2628e-004
5121	0.25826	0.	0.20325	1.6529e-003
5122	0.27133	0.	0.15328	2.726e-003
5123	0.32802	0.	0.15003	1.4541e-003
5124	0.25083	0.	0.24551	9.8488e-004
5125	0.35893	0.	0.22044	1.0222e-003
5129	-0.4634	0.	0.17107	1.6823e-003
5130	-0.51773	0.	0.17734	1.4366e-003
5131	-0.4545	0.	9.293e-002	3.7463e-003
5137	-0.37911	0.	0.21742	1.3881e-003
5138	-0.39043	0.	0.25627	8.4634e-004
5139	-0.44476	0.	0.26254	9.291e-004
5140	-0.48215	0.	0.22436	1.14e-003
5143	-0.34172	0.	0.25561	8.4878e-004
5144	-0.29934	0.	0.19013	1.8373e-003
5145	-0.29177	0.	0.23797	2.7299e-004
5149	9.0456e-002	0.	0.11741	1.1081e-002
5150	0.12047	0.	0.14504	4.7803e-003
5151	6.6776e-002	0.	0.14112	4.445e-003
5155	0.22089	0.	0.43353	1.0653e-004
5156	0.19483	0.	0.39574	9.1388e-005
5157	0.1929	0.	0.35881	1.4727e-004
5158	0.21891	0.	0.33314	4.0473e-004
5160	-0.12272	0.	7.9634e-002	-4.6523e-002
5161	-0.12164	0.	9.1444e-002	-3.6077e-002
5162	-0.13048	0.	7.0152e-002	-5.8433e-002
5163	-0.14712	0.	7.2605e-002	-4.8691e-002
5164	-0.15031	0.	9.3952e-002	-2.8352e-002
5168	-0.21605	0.	0.91579	-2.2799e-005
5169	-0.24304	0.	0.8567	-4.1651e-005
5170	-0.34043	0.	0.90677	-1.6457e-005
5171	-0.32051	0.	0.85733	-3.1853e-005
5176	8.3205e-002	0.	0.82273	-4.7149e-005
5177	3.221e-002	0.	0.89599	-2.9199e-005
5178	0.1437	0.	0.90028	-1.9841e-005
5179	4.4035e-002	0.	0.8465	-4.5273e-005
5180	0.12498	0.	0.84503	-2.8869e-005
5183	-0.22951	0.	0.62871	-1.8571e-004
5184	-0.21398	0.	0.75267	-8.9841e-005
5185	-0.29145	0.	0.7533	-8.0043e-005
5186	-0.19384	0.	0.65128	-1.7717e-004
5191	-0.14561	0.	0.33694	-1.463e-003
5192	-0.22038	0.	0.28723	-1.123e-003
5193	-0.18665	0.	0.35134	-1.1979e-003
5194	-0.1825	0.	0.28511	-2.3859e-003
5196	-0.48104	0.	0.86655	-6.1791e-006
5197	-0.49953	0.	0.80904	-2.8923e-006
5198	-0.42352	0.	0.85857	-1.1764e-005
5199	-0.4036	0.	0.80913	-2.716e-005
5203	0.53757	0.	0.45583	1.6029e-004
5204	0.48548	0.	0.39919	2.3983e-004
5205	0.41316	0.	0.51572	1.2622e-004
5209	-0.64333	0.	0.50977	1.3013e-004
5210	-0.69054	0.	0.37151	2.6201e-004
5211	-0.71803	0.	0.48352	1.5226e-004
5212	-0.76398	0.	0.43183	1.7952e-004
5216	-0.95998	0.	0.19948	2.3661e-004
5217	-0.99301	0.	0.31528	1.5754e-004
5218	-1.043	0.	0.17679	1.879e-004
5219	-1.0555	0.	0.30203	1.5226e-004
5225	0.76249	0.	0.20384	2.4275e-004
5226	0.79552	0.	0.33143	1.568e-004
5227	0.84545	0.	0.18109	1.8771e-004
5228	0.86625	0.	0.32299	1.4604e-004
5233	-6.8059e-002	0.	7.6195e-002	-4.7357e-002
5234	-9.7513e-002	0.	7.5959e-002	-5.1772e-002
5235	-9.6435e-002	0.	8.7769e-002	-4.1326e-002
5236	-8.9904e-002	0.	6.5896e-002	-6.2064e-002
5237	-7.3362e-002	0.	6.6936e-002	-6.4401e-002
5243	-6.0726e-002	0.	0.34185	-1.5774e-003
5244	-1.5609e-002	0.	0.3688	-1.188e-003
5245	2.0425e-002	0.	0.3063	-1.1498e-003
5246	-1.9743e-002	0.	0.28551	-2.179e-003
5250	-0.37494	0.	0.35527	1.8161e-004
5251	-0.42927	0.	0.36155	2.6437e-004
5252	-0.40708	0.	0.47571	1.2032e-005
5253	-0.35752	0.	0.46621	-5.1569e-005
5257	-0.97001	0.	0.77929	3.3262e-005
5258	-1.0478	0.	0.75363	3.7749e-005
5259	-1.06	0.	0.87693	2.0372e-005
5260	-1.0046	0.	0.87328	2.1031e-005
5262	-2.2806e-002	0.	0.45951	-5.7303e-004
5263	-5.4969e-002	0.	0.55143	-3.1805e-004
5264	-1.7255e-003	0.	0.54891	-3.1272e-004
5268	-4.2157e-002	0.	8.9467e-002	-3.0923e-002
5269	-3.7006e-002	0.	7.2222e-002	-3.9749e-002
5270	-5.6818e-002	0.	6.5278e-002	-6.377e-002
5275	-0.9837	0.	0.71183	4.3986e-005
5276	-0.83359	0.	0.76731	3.3288e-005
5277	-0.86114	0.	0.69606	5.3485e-005
5278	-0.94056	0.	0.83148	2.7267e-005
5283	0.29362	0.	0.74149	1.0877e-006
5284	0.29383	0.	0.87409	-4.2349e-006
5285	0.23253	0.	0.86007	-9.267e-006
5286	0.2138	0.	0.80482	-1.8295e-005
5290	0.86637	0.	0.81481	2.9278e-005
5291	0.80233	0.	0.83504	2.7767e-005
5292	0.81777	0.	0.92432	1.4291e-005
5296	-1.0243	0.	0.42421	1.1705e-004
5297	-1.0918	0.	0.52855	8.0457e-005
5298	-1.0868	0.	0.41096	1.1177e-004
5303	0.22825	0.	0.53661	-2.4072e-006
5304	0.28837	0.	0.63015	1.4949e-006
5305	0.19559	0.	0.58534	-6.6227e-005
5306	0.31064	0.	0.57165	3.9026e-005
5310	0.22587	0.	0.15532	3.0087e-003
5311	0.18288	0.	0.16773	3.7118e-003
5312	0.20537	0.	0.24755	1.2676e-003
5316	-5.849e-002	0.	0.38555	-1.1352e-003
5317	-0.14464	0.	0.373	-1.2594e-003
5321	-0.21896	0.	8.845e-002	5.1138e-003
5322	-0.17795	0.	6.7763e-002	-2.9829e-002
5323	-0.21461	0.	6.2527e-002	3.246e-002
5324	-0.18114	0.	8.911e-002	-9.4901e-003
5330	-0.69836	0.	0.83729	1.8326e-005
5331	-0.57451	0.	0.90337	4.2179e-006
5332	-0.59299	0.	0.84586	7.5046e-006
5333	-0.68812	0.	0.91222	9.3266e-006
5337	-0.22852	0.	0.5133	-3.6151e-004
5338	-0.20397	0.	0.42435	-7.3144e-004
5339	-0.27023	0.	0.48883	-3.1395e-004
5344	0.58031	0.	0.78452	3.0379e-005
5345	0.56488	0.	0.72599	4.3324e-005
5346	0.68844	0.	0.76251	3.7234e-005
5351	-0.10185	0.	0.18822	-9.3493e-003
5352	-0.11241	0.	0.14851	-1.6248e-002
5353	-0.14368	0.	0.15627	-1.128e-002
5354	-0.15074	0.	0.21199	-7.5716e-003
5358	-1.0763	0.	0.63671	5.7676e-005
5364	-0.97304	0.	0.12428	2.495e-004
5365	-0.81848	0.	0.17806	3.7897e-004
5366	-0.82012	0.	0.11418	4.2999e-004
5371	0.77298	0.	0.12422	2.5424e-004
5372	0.62268	0.	0.18692	3.7015e-004
5373	0.62021	0.	0.1302	4.2442e-004
5379	0.56342	0.	0.38427	2.3379e-004
5380	0.6858	0.	0.42153	1.4581e-004
5381	0.66718	0.	0.49501	1.2168e-004
5385	-0.69185	0.	0.55702	9.0407e-005
5386	-0.52155	0.	0.60208	3.0428e-005
5387	-0.71674	0.	0.61895	6.7872e-005
5393	0.53334	0.	0.27724	3.7218e-004
5394	0.46273	0.	0.28365	4.9382e-004
5399	-0.72925	0.	0.25795	3.9588e-004
5400	-0.78501	0.	0.36707	2.4954e-004
5401	-0.6705	0.	0.27587	4.4815e-004
5407	-0.40737	0.	0.30073	3.898e-004
5408	-0.30309	0.	0.27682	-2.6876e-004
5412	0.38445	0.	0.92809	4.2905e-006
5413	0.49187	0.	0.8723	1.5686e-005
5414	0.52062	0.	0.93793	8.0841e-006
5417	0.73747	0.	0.47563	1.1325e-004
5418	0.82682	0.	0.39371	1.2661e-004
5423	-0.26071	0.	0.21134	7.1978e-004
5424	-0.25477	0.	0.13244	6.1396e-003
5428	0.79475	0.	0.58384	7.718e-005
5434	-2.4192e-002	0.	0.21662	-3.747e-003
5435	-5.3176e-002	0.	0.19735	-5.846e-003
5436	-1.5942e-002	0.	0.16491	-4.6993e-003
5442	1.8528e-002	0.	0.26671	-1.6987e-003
5443	0.10231	0.	0.31432	-2.9238e-004
5448	-0.49909	0.	0.26882	6.8343e-004
5453	0.17585	0.	0.4528	-1.1891e-005
5454	0.16926	0.	0.53933	-6.0568e-005
5458	-0.751	0.	0.87206	1.8078e-005
5459	-0.78877	0.	0.72589	4.7274e-005
5463	-5.0625e-002	0.	0.22666	-4.8269e-003
5466	-0.17674	0.	0.87229	-4.3845e-005
5467	-8.6375e-002	0.	0.91882	-2.6681e-005
5471	-0.42163	0.	0.57811	-1.9769e-005
5472	-0.36776	0.	0.52584	-9.5723e-005
5477	-0.1285	0.	0.23117	-5.1481e-003
5482	-0.81251	0.	0.47908	1.398e-004
5483	-0.79144	0.	0.59271	9.0006e-005
5487	-1.0186	0.	0.36532	1.3479e-004
5488	-0.90728	0.	0.40297	1.5356e-004
5492	-0.21526	0.	0.25706	-2.1074e-003
5497	-0.27649	0.	0.54081	-2.0688e-004
5498	-0.19911	0.	0.58785	-2.459e-004
5501	2.9625e-002	0.	0.73034	-9.8575e-005
5502	3.9816e-002	0.	0.78349	-6.2395e-005
5503	0.12076	0.	0.78203	-4.599e-005
5507	-0.10934	0.	8.5876e-002	-4.5109e-002
5508	-0.11819	0.	6.4584e-002	-6.7465e-002
5509	-0.10281	0.	6.4003e-002	-6.5847e-002
5513	6.6222e-002	0.	7.3317e-002	2.0914e-002
5514	0.12295	0.	0.10255	1.1789e-002
5515	6.9248e-002	0.	9.8636e-002	1.1454e-002
5516	7.5855e-002	0.	5.6086e-002	3.6386e-002
5523	2.232e-002	0.	6.4972e-002	2.3087e-002
5524	4.2542e-002	0.	9.7026e-002	1.4278e-002
5525	3.231e-002	0.	5.5647e-002	6.6922e-002
5526	4.9149e-002	0.	5.4476e-002	3.921e-002
5543	0.34443	0.	0.61918	4.8587e-005
5547	-4.8717e-002	0.	0.64865	-1.8435e-004
5548	-9.5443e-003	0.	0.75412	-9.67e-005
5549	-9.1587e-002	0.	0.65569	-1.8512e-004
5550	4.5269e-003	0.	0.64613	-1.7903e-004
5555	-0.28119	0.	0.81383	-5.2898e-005
5560	-2.7648e-002	0.	8.7153e-002	-2.3946e-002
5561	-1.8969e-002	0.	0.12345	-9.8757e-003
5566	-8.6861e-003	0.	6.4072e-002	-5.1691e-003
5573	-0.53202	0.	0.87179	2.1479e-006
5574	-0.45601	0.	0.92132	-6.7235e-006
5580	-0.10449	0.	0.11282	-2.7693e-002
5585	-0.12057	0.	0.60338	-2.3659e-004
5586	-2.4455e-002	0.	0.59382	-2.305e-004
5592	-1.1179e-002	0.	0.85676	-4.4444e-005
5597	-0.74858	0.	0.14527	5.1075e-004
5598	-0.68819	0.	0.22706	5.12e-004
5603	0.55287	0.	0.17015	4.8529e-004
5604	0.48473	0.	0.23327	5.5266e-004
5608	0.14786	0.	0.37808	2.8849e-005
5611	0.8762	0.	0.68269	5.2588e-005
5612	0.81772	0.	0.76705	3.8423e-005
5618	0.19595	0.	0.11777	4.7848e-003
5619	0.29563	0.	0.1021	2.81e-003
5624	0.26128	0.	0.92885	-4.6213e-006
5632	0.38323	0.	0.16926	1.1062e-003
5643	8.2695e-002	0.	0.58969	-1.7478e-004
5647	0.522	0.	0.77276	3.6146e-005
5648	0.56618	0.	0.89693	1.5599e-005
5663	-1.0306	0.	0.92912	1.4378e-005
5667	0.17193	0.	0.31548	3.4219e-004
5671	1.5115e-002	0.	4.8913e-002	6.6269e-002
5675	-0.58296	0.	0.23781	7.2929e-004
5686	-0.16444	0.	0.12309	-1.5e-002
5691	2.0214e-002	0.	0.13242	9.2438e-005
5702	-0.1426	0.	5.7555e-002	-6.9633e-002
5703	-0.11058	0.	5.4521e-002	-7.7757e-002
5712	-0.23691	0.	7.546e-002	3.7341e-002
5719	-0.16243	0.	8.1355e-002	-3.9552e-002
5726	-0.37858	0.	0.8639	-2.7704e-005
5730	-7.8663e-002	0.	5.4979e-002	-7.8476e-002
5742	0.18126	0.	0.85958	-1.8682e-005
5799	4.1944e-002	0.	3.8416e-002	8.2393e-002
