Node Number	X Location (m)	Y Location (m)	Z Location (m)	Directional Magnetic Flux Density (T)
280	-2.10E-02	0.20344	0	59.953
281	-2.10E-02	0.19688	0	95.28
282	-2.10E-02	0.18375	0	109.81
283	-2.10E-02	0.17063	0	114.4
284	-2.10E-02	0.1575	0	115.17
285	-2.10E-02	0.14437	0	115.33
286	-2.10E-02	0.13125	0	115.37
287	-2.10E-02	0.11812	0	115.38
288	-2.10E-02	0.105	0	115.39
289	-2.10E-02	9.19E-02	0	115.38
290	-2.10E-02	7.88E-02	0	115.37
291	-2.10E-02	6.56E-02	0	115.33
292	-2.10E-02	5.25E-02	0	115.17
293	-2.10E-02	3.94E-02	0	114.4
294	-2.10E-02	2.63E-02	0	109.81
295	-2.10E-02	1.31E-02	0	95.28
296	-2.10E-02	6.56E-03	0	59.952
314	-2.10E-02	1.00E-15	0	35.208
319	-2.10E-02	0.21	0	35.208
327	1.05E-02	0.21	0	29.319
328	3.55E-15	0.21	0	23.667
329	-1.05E-02	0.21	0	29.461
330	2.10E-02	0.21	0	35.017
368	2.10E-02	0	0	35.017
633	2.10E-02	6.56E-03	0	59.692
634	2.10E-02	1.31E-02	0	95.024
635	2.10E-02	2.63E-02	0	109.69
636	2.10E-02	3.94E-02	0	114.36
637	2.10E-02	5.25E-02	0	115.16
638	2.10E-02	6.56E-02	0	115.32
639	2.10E-02	7.88E-02	0	115.37
640	2.10E-02	9.19E-02	0	115.38
641	2.10E-02	0.105	0	115.39
642	2.10E-02	0.11812	0	115.38
643	2.10E-02	0.13125	0	115.37
644	2.10E-02	0.14437	0	115.32
645	2.10E-02	0.1575	0	115.16
646	2.10E-02	0.17063	0	114.36
647	2.10E-02	0.18375	0	109.69
648	2.10E-02	0.19688	0	95.024
649	2.10E-02	0.20344	0	59.691
650	1.05E-02	0.20344	0	51.792
651	3.50E-15	0.20344	0	43.966
652	-1.05E-02	0.20344	0	51.996
653	1.05E-02	0.19688	0	87.169
654	3.38E-15	0.19688	0	79.402
655	-1.05E-02	0.19688	0	87.385
656	1.05E-02	0.18375	0	106.16
657	3.16E-15	0.18375	0	102.68
658	-1.05E-02	0.18375	0	106.27
659	1.05E-02	0.17063	0	113.49
660	2.94E-15	0.17063	0	112.64
661	-1.05E-02	0.17063	0	113.53
662	1.05E-02	0.1575	0	114.98
663	2.72E-15	0.1575	0	114.81
664	-1.05E-02	0.1575	0	114.99
665	1.05E-02	0.14437	0	115.29
666	2.49E-15	0.14437	0	115.26
667	-1.05E-02	0.14437	0	115.29
668	1.05E-02	0.13125	0	115.36
669	2.27E-15	0.13125	0	115.35
670	-1.05E-02	0.13125	0	115.36
671	1.05E-02	0.11812	0	115.38
672	2.05E-15	0.11812	0	115.38
673	-1.05E-02	0.11812	0	115.38
674	1.05E-02	0.105	0	115.39
675	1.83E-15	0.105	0	115.39
676	-1.05E-02	0.105	0	115.39
677	1.05E-02	9.19E-02	0	115.38
678	1.61E-15	9.19E-02	0	115.38
679	-1.05E-02	9.19E-02	0	115.38
680	1.05E-02	7.88E-02	0	115.36
681	1.39E-15	7.88E-02	0	115.35
682	-1.05E-02	7.88E-02	0	115.36
683	1.05E-02	6.56E-02	0	115.29
684	1.16E-15	6.56E-02	0	115.26
685	-1.05E-02	6.56E-02	0	115.29
686	1.05E-02	5.25E-02	0	114.98
687	9.39E-16	5.25E-02	0	114.81
688	-1.05E-02	5.25E-02	0	114.99
689	1.05E-02	3.94E-02	0	113.49
690	7.19E-16	3.94E-02	0	112.64
691	-1.05E-02	3.94E-02	0	113.53
692	1.05E-02	2.63E-02	0	106.16
693	4.95E-16	2.63E-02	0	102.68
694	-1.05E-02	2.63E-02	0	106.27
695	1.05E-02	1.31E-02	0	87.169
696	2.74E-16	1.31E-02	0	79.402
697	-1.05E-02	1.31E-02	0	87.385
698	1.05E-02	6.56E-03	0	51.792
699	1.63E-16	6.56E-03	0	43.965
700	-1.05E-02	6.56E-03	0	51.995
701	-1.05E-02	5.38E-16	0	29.46
702	5.20E-17	3.61E-16	0	23.667
703	1.05E-02	1.83E-16	0	29.319
3931	-2.10E-02	0.20016	0	77.617
3932	-2.10E-02	0.20672	0	47.581
3934	-1.58E-02	0.20344	0	55.974
3935	-2.10E-02	0.19031	0	102.54
3937	-1.58E-02	0.19688	0	91.332
3938	-2.10E-02	0.17719	0	112.1
3940	-1.58E-02	0.18375	0	108.04
3941	-2.10E-02	0.16406	0	114.78
3943	-1.58E-02	0.17063	0	113.96
3944	-2.10E-02	0.15094	0	115.25
3946	-1.58E-02	0.1575	0	115.08
3947	-2.10E-02	0.13781	0	115.35
3949	-1.58E-02	0.14437	0	115.31
3950	-2.10E-02	0.12469	0	115.38
3952	-1.58E-02	0.13125	0	115.37
3953	-2.10E-02	0.11156	0	115.39
3955	-1.58E-02	0.11812	0	115.38
3956	-2.10E-02	9.84E-02	0	115.39
3958	-1.58E-02	0.105	0	115.39
3959	-2.10E-02	8.53E-02	0	115.38
3961	-1.58E-02	9.19E-02	0	115.38
3962	-2.10E-02	7.22E-02	0	115.35
3964	-1.58E-02	7.88E-02	0	115.37
3965	-2.10E-02	5.91E-02	0	115.25
3967	-1.58E-02	6.56E-02	0	115.31
3968	-2.10E-02	4.59E-02	0	114.78
3970	-1.58E-02	5.25E-02	0	115.08
3971	-2.10E-02	3.28E-02	0	112.1
3973	-1.58E-02	3.94E-02	0	113.96
3974	-2.10E-02	1.97E-02	0	102.54
3976	-1.58E-02	2.63E-02	0	108.04
3977	-2.10E-02	9.84E-03	0	77.616
3979	-1.58E-02	1.31E-02	0	91.332
3980	-2.10E-02	3.28E-03	0	47.58
3982	-1.58E-02	6.56E-03	0	55.974
4077	-1.58E-02	7.69E-16	0	32.334
4105	-1.58E-02	0.21	0	32.335
4156	5.25E-03	0.21	0	26.493
4157	1.58E-02	0.21	0	32.168
4158	1.05E-02	0.20672	0	40.556
4162	-5.25E-03	0.21	0	26.564
4163	3.52E-15	0.20672	0	33.816
4169	-1.05E-02	0.20672	0	40.728
4176	2.10E-02	0.20672	0	47.354
4409	2.10E-02	3.28E-03	0	47.355
4410	1.58E-02	9.16E-17	0	32.168
5467	2.10E-02	9.84E-03	0	77.358
5468	1.58E-02	6.56E-03	0	55.742
5469	2.10E-02	1.97E-02	0	102.36
5470	1.58E-02	1.31E-02	0	91.097
5471	2.10E-02	3.28E-02	0	112.03
5472	1.58E-02	2.63E-02	0	107.93
5473	2.10E-02	4.59E-02	0	114.76
5474	1.58E-02	3.94E-02	0	113.93
5475	2.10E-02	5.91E-02	0	115.24
5476	1.58E-02	5.25E-02	0	115.07
5477	2.10E-02	7.22E-02	0	115.35
5478	1.58E-02	6.56E-02	0	115.31
5479	2.10E-02	8.53E-02	0	115.38
5480	1.58E-02	7.88E-02	0	115.36
5481	2.10E-02	9.84E-02	0	115.39
5482	1.58E-02	9.19E-02	0	115.38
5483	2.10E-02	0.11156	0	115.39
5484	1.58E-02	0.105	0	115.39
5485	2.10E-02	0.12469	0	115.38
5486	1.58E-02	0.11812	0	115.38
5487	2.10E-02	0.13781	0	115.35
5488	1.58E-02	0.13125	0	115.36
5489	2.10E-02	0.15094	0	115.24
5490	1.58E-02	0.14437	0	115.31
5491	2.10E-02	0.16406	0	114.76
5492	1.58E-02	0.1575	0	115.07
5493	2.10E-02	0.17719	0	112.03
5494	1.58E-02	0.17063	0	113.93
5495	2.10E-02	0.19031	0	102.36
5496	1.58E-02	0.18375	0	107.93
5497	2.10E-02	0.20016	0	77.358
5498	1.58E-02	0.19688	0	91.097
5499	1.58E-02	0.20344	0	55.742
5500	5.25E-03	0.20344	0	47.879
5501	1.05E-02	0.20016	0	69.481
5502	-5.25E-03	0.20344	0	47.981
5503	3.44E-15	0.20016	0	61.684
5504	-1.05E-02	0.20016	0	69.69
5505	5.25E-03	0.19688	0	83.285
5506	1.05E-02	0.19031	0	96.666
5507	-5.25E-03	0.19688	0	83.393
5508	3.27E-15	0.19031	0	91.043
5509	-1.05E-02	0.19031	0	96.828
5510	5.25E-03	0.18375	0	104.42
5511	1.05E-02	0.17719	0	109.83
5512	-5.25E-03	0.18375	0	104.48
5513	3.05E-15	0.17719	0	107.66
5514	-1.05E-02	0.17719	0	109.9
5515	5.25E-03	0.17063	0	113.07
5516	1.05E-02	0.16406	0	114.24
5517	-5.25E-03	0.17063	0	113.08
5518	2.83E-15	0.16406	0	113.73
5519	-1.05E-02	0.16406	0	114.26
5520	5.25E-03	0.1575	0	114.9
5521	1.05E-02	0.15094	0	115.14
5522	-5.25E-03	0.1575	0	114.9
5523	2.61E-15	0.15094	0	115.04
5524	-1.05E-02	0.15094	0	115.14
5525	5.25E-03	0.14437	0	115.27
5526	1.05E-02	0.13781	0	115.33
5527	-5.25E-03	0.14437	0	115.28
5528	2.38E-15	0.13781	0	115.31
5529	-1.05E-02	0.13781	0	115.33
5530	5.25E-03	0.13125	0	115.36
5531	1.05E-02	0.12469	0	115.37
5532	-5.25E-03	0.13125	0	115.36
5533	2.16E-15	0.12469	0	115.37
5534	-1.05E-02	0.12469	0	115.37
5535	5.25E-03	0.11812	0	115.38
5536	1.05E-02	0.11156	0	115.38
5537	-5.25E-03	0.11812	0	115.38
5538	1.94E-15	0.11156	0	115.38
5539	-1.05E-02	0.11156	0	115.38
5540	5.25E-03	0.105	0	115.39
5541	1.05E-02	9.84E-02	0	115.38
5542	-5.25E-03	0.105	0	115.39
5543	1.72E-15	9.84E-02	0	115.38
5544	-1.05E-02	9.84E-02	0	115.38
5545	5.25E-03	9.19E-02	0	115.38
5546	1.05E-02	8.53E-02	0	115.37
5547	-5.25E-03	9.19E-02	0	115.38
5548	1.50E-15	8.53E-02	0	115.37
5549	-1.05E-02	8.53E-02	0	115.37
5550	5.25E-03	7.88E-02	0	115.36
5551	1.05E-02	7.22E-02	0	115.33
5552	-5.25E-03	7.88E-02	0	115.36
5553	1.27E-15	7.22E-02	0	115.31
5554	-1.05E-02	7.22E-02	0	115.33
5555	5.25E-03	6.56E-02	0	115.27
5556	1.05E-02	5.91E-02	0	115.14
5557	-5.25E-03	6.56E-02	0	115.28
5558	1.05E-15	5.91E-02	0	115.04
5559	-1.05E-02	5.91E-02	0	115.14
5560	5.25E-03	5.25E-02	0	114.9
5561	1.05E-02	4.59E-02	0	114.24
5562	-5.25E-03	5.25E-02	0	114.9
5563	8.29E-16	4.59E-02	0	113.73
5564	-1.05E-02	4.59E-02	0	114.26
5565	5.25E-03	3.94E-02	0	113.07
5566	1.05E-02	3.28E-02	0	109.83
5567	-5.25E-03	3.94E-02	0	113.08
5568	6.07E-16	3.28E-02	0	107.66
5569	-1.05E-02	3.28E-02	0	109.9
5570	5.25E-03	2.63E-02	0	104.42
5571	1.05E-02	1.97E-02	0	96.666
5572	-5.25E-03	2.63E-02	0	104.48
5573	3.85E-16	1.97E-02	0	91.043
5574	-1.05E-02	1.97E-02	0	96.828
5575	5.25E-03	1.31E-02	0	83.285
5576	1.05E-02	9.84E-03	0	69.481
5577	-5.25E-03	1.31E-02	0	83.393
5578	2.19E-16	9.84E-03	0	61.683
5579	-1.05E-02	9.84E-03	0	69.69
5580	5.25E-03	6.56E-03	0	47.879
5581	1.05E-02	3.28E-03	0	40.556
5582	-5.25E-03	6.56E-03	0	47.98
5583	1.08E-16	3.28E-03	0	33.816
5584	-1.05E-02	3.28E-03	0	40.728
5585	-5.25E-03	4.50E-16	0	26.564
5589	5.25E-03	2.72E-16	0	26.493
297	-3.15E-02	0.20344	0	4.94E-03
298	-3.15E-02	0.19688	0	-1.12E-02
299	-3.15E-02	0.18375	0	-1.76E-02
300	-3.15E-02	0.17063	0	-2.23E-02
301	-3.15E-02	0.1575	0	-2.42E-02
302	-3.15E-02	0.14437	0	-2.30E-02
303	-3.15E-02	0.13125	0	-2.34E-02
304	-3.15E-02	0.11812	0	-2.43E-02
305	-3.15E-02	0.105	0	-2.39E-02
306	-3.15E-02	9.19E-02	0	-2.34E-02
307	-3.15E-02	7.88E-02	0	-2.34E-02
308	-3.15E-02	6.56E-02	0	-2.28E-02
309	-3.15E-02	5.25E-02	0	-2.22E-02
310	-3.15E-02	3.94E-02	0	-2.21E-02
311	-3.15E-02	2.63E-02	0	-1.93E-02
312	-3.15E-02	1.31E-02	0	-1.06E-02
313	-3.15E-02	6.56E-03	0	2.52E-03
314	-2.10E-02	1.00E-15	0	7.35E-02
315	-2.63E-02	8.85E-16	0	8.92E-02
316	-3.15E-02	1.00E-15	0	4.71E-02
317	-3.15E-02	0.21	0	5.30E-02
318	-2.63E-02	0.21	0	9.25E-02
319	-2.10E-02	0.21	0	7.18E-02
327	1.05E-02	0.21	0	6.81E-02
328	3.55E-15	0.21	0	6.41E-02
329	-1.05E-02	0.21	0	6.68E-02
330	2.10E-02	0.21	0	7.09E-02
345	2.63E-02	0.21	0	9.03E-02
352	3.15E-02	0.21	0	6.34E-02
361	2.63E-02	5.30E-16	0	8.28E-02
368	2.10E-02	0	0	7.16E-02
376	3.15E-02	1.00E-15	0	4.81E-02
497	3.15E-02	6.56E-03	0	9.29E-03
498	3.15E-02	1.31E-02	0	-9.54E-03
499	3.15E-02	2.63E-02	0	-1.81E-02
500	3.15E-02	3.94E-02	0	-2.32E-02
501	3.15E-02	5.25E-02	0	-2.18E-02
502	3.15E-02	6.56E-02	0	-2.32E-02
503	3.15E-02	7.88E-02	0	-2.33E-02
504	3.15E-02	9.19E-02	0	-2.27E-02
505	3.15E-02	0.105	0	-2.34E-02
506	3.15E-02	0.11812	0	-2.46E-02
507	3.15E-02	0.13125	0	-2.33E-02
508	3.15E-02	0.14437	0	-2.21E-02
509	3.15E-02	0.1575	0	-2.18E-02
510	3.15E-02	0.17063	0	-2.02E-02
511	3.15E-02	0.18375	0	-1.66E-02
512	3.15E-02	0.19688	0	-1.00E-02
513	3.15E-02	0.20344	0	1.28E-02
701	-1.05E-02	5.38E-16	0	6.87E-02
702	5.20E-17	3.61E-16	0	6.41E-02
703	1.05E-02	1.83E-16	0	6.74E-02
786	0.2815	-0.22042	0	-5.62E-05
787	0.2815	-0.19083	0	-1.64E-04
788	0.2815	-0.16125	0	-2.55E-04
789	0.2815	-0.13167	0	-3.48E-04
790	0.2815	-0.10208	0	-5.78E-04
791	0.2815	-7.25E-02	0	-6.87E-04
792	0.2815	-4.29E-02	0	-9.32E-04
793	0.2815	-1.33E-02	0	-1.13E-03
794	0.2815	1.63E-02	0	-1.48E-03
795	0.2815	4.58E-02	0	-1.68E-03
796	0.2815	7.54E-02	0	-1.81E-03
797	0.2815	0.105	0	-1.87E-03
798	0.2815	0.13458	0	-1.84E-03
799	0.2815	0.16417	0	-1.71E-03
800	0.2815	0.19375	0	-1.49E-03
801	0.2815	0.22333	0	-1.19E-03
802	0.2815	0.25292	0	-9.78E-04
803	0.2815	0.2825	0	-7.78E-04
804	0.2815	0.31208	0	-5.18E-04
805	0.2815	0.34167	0	-3.73E-04
806	0.2815	0.37125	0	-2.43E-04
807	0.2815	0.40083	0	-1.26E-04
808	0.2815	0.43042	0	-5.85E-05
827	0.25187	0.46	0	-2.19E-05
828	0.22224	0.46	0	-1.84E-05
829	0.19261	0.46	0	-7.61E-06
830	0.16297	0.46	0	0
831	0.13334	0.46	0	3.09E-05
832	0.10371	0.46	0	5.87E-05
833	7.41E-02	0.46	0	8.52E-05
834	4.44E-02	0.46	0	0
835	1.48E-02	0.46	0	1.31E-04
836	-1.48E-02	0.46	0	3.35E-05
837	-4.44E-02	0.46	0	1.26E-04
838	-7.41E-02	0.46	0	9.27E-05
839	-0.10371	0.46	0	0
840	-0.13334	0.46	0	1.87E-05
841	-0.16297	0.46	0	1.07E-05
842	-0.19261	0.46	0	-1.18E-05
843	-0.22224	0.46	0	-1.47E-05
844	-0.25187	0.46	0	-1.89E-05
854	-0.2815	0.43042	0	-5.33E-05
855	-0.2815	0.40083	0	-1.60E-04
856	-0.2815	0.37125	0	-2.61E-04
857	-0.2815	0.34167	0	-3.74E-04
858	-0.2815	0.31208	0	-4.84E-04
859	-0.2815	0.2825	0	-7.00E-04
860	-0.2815	0.25292	0	-9.94E-04
861	-0.2815	0.22333	0	-1.30E-03
862	-0.2815	0.19375	0	-1.48E-03
863	-0.2815	0.16417	0	-1.69E-03
864	-0.2815	0.13458	0	-1.82E-03
865	-0.2815	0.105	0	-1.87E-03
866	-0.2815	7.54E-02	0	-1.83E-03
867	-0.2815	4.58E-02	0	-1.67E-03
868	-0.2815	1.63E-02	0	-1.43E-03
869	-0.2815	-1.33E-02	0	-1.22E-03
870	-0.2815	-4.29E-02	0	-9.57E-04
871	-0.2815	-7.25E-02	0	-7.34E-04
872	-0.2815	-0.10208	0	-5.19E-04
873	-0.2815	-0.13167	0	-3.37E-04
874	-0.2815	-0.16125	0	-2.44E-04
875	-0.2815	-0.19083	0	-1.58E-04
876	-0.2815	-0.22042	0	-5.67E-05
886	-0.25187	-0.25	0	-1.82E-05
887	-0.22224	-0.25	0	-2.33E-05
888	-0.19261	-0.25	0	-6.19E-06
889	-0.16297	-0.25	0	0
890	-0.13334	-0.25	0	2.90E-05
891	-0.10371	-0.25	0	1.06E-04
892	-7.41E-02	-0.25	0	1.06E-04
893	-4.44E-02	-0.25	0	0
894	-1.48E-02	-0.25	0	1.67E-04
895	1.48E-02	-0.25	0	0
896	4.44E-02	-0.25	0	1.38E-04
897	7.41E-02	-0.25	0	8.50E-05
898	0.10371	-0.25	0	0
899	0.13334	-0.25	0	4.65E-05
900	0.16297	-0.25	0	0
901	0.19261	-0.25	0	-3.52E-06
902	0.22224	-0.25	0	-1.90E-05
903	0.25187	-0.25	0	-1.84E-05
908	0.2815	0.46	0	-1.24E-05
909	0.2815	-0.25	0	0
910	-0.2815	0.46	0	-1.18E-05
911	-0.2815	-0.25	0	0
912	-0.16032	0.25796	0	-4.73E-04
913	0.15631	0.25639	0	-5.25E-04
914	0.15754	-5.44E-02	0	-2.37E-04
915	-0.15321	-4.83E-02	0	-1.69E-04
916	-1.79E-02	0.33892	0	2.81E-03
917	1.79E-02	-0.12892	0	2.95E-03
918	-1.40E-03	-6.78E-02	0	1.25E-02
919	1.40E-03	0.2778	0	1.03E-02
920	-0.1565	0.12635	0	-3.55E-03
921	0.1565	0.12635	0	-3.50E-03
922	9.65E-02	-2.46E-02	0	9.94E-04
923	9.44E-02	0.238	0	1.47E-03
924	-9.15E-02	-2.77E-02	0	2.13E-03
925	-9.40E-02	0.23552	0	1.21E-03
926	7.40E-02	0.29759	0	2.89E-03
927	-7.40E-02	-8.76E-02	0	2.89E-03
928	0.12174	5.04E-02	0	-4.07E-03
929	-0.1267	4.57E-02	0	-3.69E-03
930	-4.97E-02	-4.40E-02	0	9.52E-03
931	4.97E-02	0.25401	0	9.95E-03
932	0.17455	-0.15052	0	4.59E-05
933	0.17455	0.36052	0	3.98E-05
934	-0.17455	-0.15052	0	3.62E-05
935	-0.17455	0.36052	0	7.01E-05
936	1.10E-02	-3.01E-02	0	3.22E-02
937	-1.10E-02	0.24007	0	3.14E-02
938	8.99E-02	-9.01E-02	0	1.94E-03
939	-8.99E-02	0.30011	0	1.94E-03
940	9.70E-02	0.1509	0	-6.71E-03
941	-9.71E-02	0.15077	0	-6.88E-03
942	-8.16E-02	-0.16852	0	7.86E-04
943	8.16E-02	0.37852	0	8.41E-04
944	0.12897	0.17938	0	-2.99E-03
945	-0.12897	0.17938	0	-3.15E-03
946	-4.78E-02	0.27446	0	7.02E-03
947	4.78E-02	-6.45E-02	0	6.82E-03
948	6.28E-02	0.22276	0	5.27E-03
949	5.89E-02	-1.54E-02	0	8.02E-03
950	-6.05E-02	0.22296	0	6.32E-03
951	-6.20E-02	-1.52E-02	0	6.59E-03
952	-9.76E-02	0.37183	0	6.15E-04
953	9.76E-02	-0.16183	0	7.65E-04
954	-0.20249	3.93E-02	0	-1.89E-03
955	0.20387	4.19E-02	0	-1.95E-03
956	-0.20581	0.19005	0	-1.67E-03
957	0.20338	0.18734	0	-1.68E-03
958	-7.84E-02	7.11E-02	0	-1.09E-02
959	7.84E-02	7.11E-02	0	-1.07E-02
960	6.53E-02	3.00E-02	0	-7.94E-03
961	-6.53E-02	3.00E-02	0	-6.77E-03
962	3.59E-02	0.2319	0	2.42E-02
963	-3.48E-02	-2.21E-02	0	2.36E-02
964	7.53E-02	0.18479	0	-4.94E-03
965	-7.53E-02	0.18479	0	-4.76E-03
966	-0.1005	-0.11096	0	1.45E-03
967	0.1005	0.32096	0	1.38E-03
968	0.13847	2.04E-02	0	-2.25E-03
969	-0.13395	1.88E-02	0	-2.45E-03
970	1.49E-02	0.34967	0	2.18E-03
971	-1.49E-02	-0.13967	0	2.10E-03
972	0.18874	-6.58E-02	0	-4.93E-04
973	0.24192	0.29178	0	-6.00E-04
974	-0.23983	-8.51E-02	0	-5.93E-04
975	-0.1976	0.27351	0	-6.11E-04
976	3.31E-02	-0.16378	0	1.23E-03
977	-3.31E-02	0.37378	0	1.46E-03
978	0.10273	9.12E-02	0	-7.39E-03
979	-0.10442	8.95E-02	0	-6.94E-03
980	-2.13E-02	-2.75E-02	0	3.13E-02
981	2.13E-02	0.23751	0	2.95E-02
982	2.72E-02	-2.70E-02	0	2.53E-02
983	-2.72E-02	0.23697	0	2.58E-02
984	-7.60E-02	9.85E-02	0	-1.15E-02
985	7.60E-02	9.86E-02	0	-1.11E-02
986	0.20281	0.12077	0	-2.34E-03
987	-0.20191	0.12228	0	-2.31E-03
988	-0.11245	0.31832	0	9.33E-04
989	0.11245	-0.10832	0	8.77E-04
990	9.75E-02	0.29166	0	1.57E-03
991	-9.75E-02	-8.17E-02	0	1.99E-03
992	-0.22295	-4.76E-02	0	-8.97E-04
993	-6.88E-03	-8.82E-02	0	6.65E-03
994	6.88E-03	0.29822	0	6.72E-03
995	-0.17156	9.32E-02	0	-3.05E-03
996	0.15037	7.05E-02	0	-3.82E-03
997	-2.11E-02	-0.17275	0	1.16E-03
998	2.11E-02	0.38275	0	1.36E-03
999	0.13713	0.20553	0	-1.38E-03
1000	-0.13715	0.20552	0	-1.83E-03
1001	3.97E-02	0.272	0	8.42E-03
1002	-3.97E-02	-6.20E-02	0	8.26E-03
1003	3.98E-02	-8.52E-02	0	5.22E-03
1004	-3.98E-02	0.29516	0	5.81E-03
1005	0.21864	0.26054	0	-7.85E-04
1006	0.16731	0.31591	0	-7.04E-05
1007	-0.16731	-0.10562	0	-2.26E-05
1008	6.46E-02	0.14238	0	-1.32E-02
1009	0.17994	-8.85E-03	0	-1.24E-03
1010	-0.17994	-8.85E-03	0	-1.33E-03
1011	8.04E-02	1.27E-03	0	-1.76E-05
1012	-8.04E-02	1.27E-03	0	-7.36E-04
1013	-5.68E-02	0.31981	0	3.12E-03
1014	5.68E-02	-0.10981	0	2.95E-03
1015	-7.80E-02	-6.47E-02	0	3.11E-03
1016	7.80E-02	0.27469	0	2.89E-03
1017	4.88E-02	-4.16E-03	0	1.22E-02
1018	4.94E-02	0.21283	0	1.07E-02
1019	-5.00E-02	-5.64E-03	0	1.18E-02
1020	-4.90E-02	0.2121	0	1.01E-02
1021	-0.10562	2.27E-02	0	-2.84E-03
1022	0.10564	2.27E-02	0	-2.73E-03
1023	7.58E-02	0.34312	0	1.61E-03
1024	-7.58E-02	-0.13312	0	1.45E-03
1025	-0.22163	0.37971	0	-1.24E-04
1026	-0.22353	-0.16515	0	-1.57E-04
1027	0.22353	0.37515	0	-1.43E-04
1028	0.22163	-0.16971	0	-1.46E-04
1029	0.15975	-8.41E-02	0	-5.69E-05
1030	-0.16223	0.29253	0	-9.81E-05
1031	3.38E-02	-4.58E-02	0	1.33E-02
1032	-3.38E-02	0.25576	0	1.33E-02
1033	0.12554	-6.58E-02	0	4.66E-04
1034	-0.13176	0.27706	0	4.07E-04
1035	0.21065	-0.12554	0	-2.76E-04
1036	-0.21065	0.33554	0	-2.16E-04
1037	-4.28E-02	-0.11685	0	2.73E-03
1038	4.28E-02	0.32685	0	2.73E-03
1039	4.68E-02	-2.91E-02	0	1.34E-02
1040	-4.68E-02	0.2391	0	1.24E-02
1041	0.23072	-1.11E-02	0	-1.18E-03
1042	0.17994	0.22419	0	-1.16E-03
1043	-0.17994	0.22419	0	-1.23E-03
1044	-0.23072	0.22376	0	-1.22E-03
1045	-7.56E-02	0.25291	0	4.23E-03
1046	-0.11313	0.19833	0	-1.91E-03
1047	0.11312	0.19834	0	-2.32E-03
1048	0.12525	0.24828	0	2.58E-04
1049	0.13122	-3.71E-02	0	-1.19E-04
1050	-0.12741	0.24984	0	1.82E-04
1051	-0.12798	-4.12E-02	0	6.48E-06
1052	8.49E-02	0.2097	0	3.03E-04
1053	-8.49E-02	0.2097	0	-4.91E-04
1054	-0.14798	0.40704	0	1.50E-04
1055	-0.1499	-0.19517	0	1.28E-04
1056	0.1499	0.40517	0	1.62E-04
1057	0.14798	-0.19704	0	1.72E-04
1058	0.16431	0.18414	0	-2.18E-03
1059	-0.16431	0.18414	0	-2.21E-03
1060	-0.16431	4.19E-02	0	-2.54E-03
1061	1.22E-02	0.25145	0	2.00E-02
1062	-1.22E-02	-4.15E-02	0	2.05E-02
1063	-6.35E-02	0.20238	0	-4.29E-04
1064	6.37E-02	0.2023	0	-5.37E-04
1065	-5.29E-02	0.18036	0	-1.22E-02
1066	5.30E-02	0.18035	0	-1.26E-02
1067	-5.01E-02	2.23E-02	0	-1.00E-02
1068	5.01E-02	2.23E-02	0	-9.87E-03
1069	0.13441	0.36996	0	3.10E-04
1070	-0.13441	-0.15996	0	2.98E-04
1071	-5.13E-02	0.41833	0	5.11E-04
1072	5.13E-02	-0.20833	0	4.04E-04
1073	0.12034	-3.19E-04	0	-1.50E-03
1074	-0.1199	-7.55E-04	0	-1.39E-03
1075	7.53E-02	-0.13776	0	1.58E-03
1076	-7.53E-02	0.34776	0	1.50E-03
1077	4.04E-02	0.29707	0	4.42E-03
1078	-4.04E-02	-8.71E-02	0	4.38E-03
1079	7.19E-02	0.24477	0	4.67E-03
1080	-7.19E-02	-3.48E-02	0	5.75E-03
1081	-0.10001	0.26297	0	1.61E-03
1082	0.10019	-5.76E-02	0	1.59E-03
1083	-0.20455	8.06E-02	0	-2.34E-03
1084	0.20646	7.77E-02	0	-2.21E-03
1085	-0.12288	0.13707	0	-5.09E-03
1086	0.12267	0.1362	0	-4.74E-03
1087	2.45E-02	0.22078	0	5.27E-02
1088	-2.55E-02	-1.15E-02	0	5.21E-02
1089	5.20E-02	8.24E-02	0	-1.94E-02
1090	-5.20E-02	8.24E-02	0	-1.95E-02
1091	5.11E-02	0.10366	0	-1.89E-02
1092	-5.11E-02	0.10366	0	-1.85E-02
1093	-0.2424	0.14812	0	-1.86E-03
1094	0.24222	0.13993	0	-1.89E-03
1095	0.20719	0.3278	0	-2.82E-04
1096	-0.20719	-0.1178	0	-2.81E-04
1097	-2.81E-02	0.21952	0	5.81E-02
1098	2.79E-02	-9.58E-03	0	5.06E-02
1099	-0.13914	9.29E-02	0	-4.49E-03
1100	5.31E-02	5.97E-02	0	-1.64E-02
1101	-5.31E-02	5.97E-02	0	-1.63E-02
1102	4.87E-03	0.23817	0	3.62E-02
1103	-4.87E-03	-2.82E-02	0	3.23E-02
1104	-0.19776	-7.88E-02	0	-5.08E-04
1105	0.10014	0.26041	0	1.63E-03
1106	-0.10177	-4.98E-02	0	1.49E-03
1107	7.23E-02	0.15971	0	-9.17E-03
1108	-7.23E-02	0.15971	0	-9.57E-03
1109	-0.24746	1.44E-02	0	-1.45E-03
1110	-1.77E-02	0.28432	0	7.95E-03
1111	1.77E-02	-7.43E-02	0	7.57E-03
1112	0.13013	0.30019	0	7.12E-04
1113	-0.13013	-9.01E-02	0	5.89E-04
1114	9.60E-02	0.12032	0	-8.31E-03
1115	-9.61E-02	0.12133	0	-7.93E-03
1116	0.19794	0.28901	0	-4.56E-04
1117	0.17037	2.93E-02	0	-2.17E-03
1118	4.84E-02	0.4341	0	1.99E-04
1119	-4.84E-02	-0.2241	0	2.60E-04
1120	1.33E-02	-0.19239	0	7.87E-04
1121	-1.33E-02	0.40239	0	9.30E-04
1122	1.56E-02	-9.79E-02	0	4.68E-03
1123	-1.56E-02	0.30787	0	5.05E-03
1124	9.38E-02	4.77E-02	0	-5.57E-03
1125	-9.76E-02	5.03E-02	0	-6.96E-03
1126	0.12702	0.10967	0	-5.48E-03
1127	-3.07E-02	-4.25E-02	0	1.59E-02
1128	3.07E-02	0.25252	0	1.57E-02
1129	-0.18049	0.15503	0	-2.65E-03
1130	0.18124	0.15169	0	-2.53E-03
1131	-5.08E-02	-0.15248	0	1.45E-03
1132	5.08E-02	0.36248	0	1.38E-03
1133	-6.47E-02	-6.32E-04	0	3.08E-03
1134	6.47E-02	-6.32E-04	0	3.76E-03
1135	0.24768	-4.73E-02	0	-8.71E-04
1136	-0.23983	0.26549	0	-8.64E-04
1137	0.13533	-0.15977	0	3.13E-04
1138	-0.13533	0.36977	0	3.55E-04
1139	0.24557	0.2085	0	-1.36E-03
1140	-4.79E-02	3.93E-02	0	-1.77E-02
1141	4.79E-02	3.93E-02	0	-1.75E-02
1142	0.24114	6.11E-02	0	-1.84E-03
1143	-0.24114	6.11E-02	0	-1.87E-03
1144	0.15259	-2.36E-02	0	-7.08E-04
1145	-0.15259	-2.36E-02	0	-9.62E-04
1146	2.82E-03	-1.41E-02	0	5.23E-02
1147	-2.82E-03	0.22408	0	5.23E-02
1148	-8.27E-02	0.27789	0	2.95E-03
1149	8.34E-02	-6.61E-02	0	2.38E-03
1150	0.10525	0.17415	0	-4.39E-03
1151	-0.10525	0.17414	0	-4.12E-03
1152	-1.44E-02	0.26095	0	1.44E-02
1153	1.44E-02	-5.10E-02	0	1.53E-02
1154	8.52E-02	0.42023	0	3.34E-04
1155	-8.52E-02	-0.21023	0	3.64E-04
1156	-0.13508	-0.12689	0	5.09E-04
1157	0.13508	0.33695	0	4.85E-04
1158	0.14424	0.15593	0	-3.37E-03
1159	-0.14424	0.15593	0	-3.41E-03
1160	0.1166	0.22489	0	-4.20E-04
1161	-0.11666	0.22482	0	-4.99E-04
1162	0.14083	-0.1294	0	3.54E-04
1163	-0.14083	0.3394	0	3.15E-04
1164	1.05E-02	0.22331	0	5.62E-02
1165	-1.05E-02	-1.33E-02	0	5.61E-02
1166	0.10285	-0.21871	0	1.50E-04
1167	-0.10285	0.42871	0	1.57E-04
1168	-3.80E-02	-1.02E-02	0	3.28E-02
1169	3.65E-02	0.22025	0	2.66E-02
1170	0.17386	9.63E-02	0	-3.14E-03
1171	1.09E-02	0.32395	0	3.48E-03
1172	-1.09E-02	-0.11395	0	3.48E-03
1173	0.14608	0.23434	0	-6.37E-04
1174	-0.14608	0.23434	0	-6.96E-04
1175	-6.44E-02	0.29472	0	3.26E-03
1176	6.44E-02	-8.47E-02	0	3.63E-03
1177	-0.24693	0.10319	0	-1.96E-03
1178	0.24709	0.10182	0	-1.92E-03
1179	-5.77E-02	-7.51E-02	0	4.69E-03
1180	5.77E-02	0.28511	0	4.81E-03
1181	0.21032	-0.21034	0	-5.72E-05
1182	0.20777	0.4227	0	-3.64E-05
1183	-0.20777	-0.2127	0	-3.72E-05
1184	-0.21032	0.42034	0	-4.82E-05
1185	4.47E-02	0.1974	0	-3.70E-03
1186	-4.48E-02	0.19734	0	-4.65E-03
1187	-0.24833	0.19259	0	-1.54E-03
1188	-2.11E-02	-7.66E-02	0	8.23E-03
1189	2.11E-02	0.2866	0	8.03E-03
1190	-0.18827	-4.10E-02	0	-7.66E-04
1191	-6.42E-02	0.37568	0	1.03E-03
1192	6.42E-02	-0.16568	0	9.64E-04
1193	5.62E-02	0.23839	0	8.71E-03
1194	-5.62E-02	-2.84E-02	0	1.02E-02
1195	-0.11787	-6.72E-02	0	9.07E-04
1196	0.10703	-0.13538	0	7.81E-04
1197	-0.10703	0.34538	0	8.96E-04
1198	-4.89E-02	0.15758	0	-1.72E-02
1199	4.89E-02	0.15758	0	-1.87E-02
1200	-4.76E-02	0.34571	0	1.80E-03
1201	4.76E-02	-0.13571	0	1.99E-03
1202	-1.51E-02	0.22331	0	5.13E-02
1203	1.51E-02	-1.33E-02	0	5.30E-02
1204	6.53E-02	0.12271	0	-1.43E-02
1205	-6.54E-02	0.12284	0	-1.44E-02
1206	-0.14918	6.98E-02	0	-3.59E-03
1207	-0.10735	-0.14743	0	6.49E-04
1208	0.10735	0.35744	0	6.64E-04
1209	0.18827	0.25458	0	-7.71E-04
1210	0.23366	2.18E-02	0	-1.60E-03
1211	0.18486	-3.60E-02	0	-8.46E-04
1212	-0.1689	0.32498	0	3.76E-05
1213	0.16858	-0.11485	0	3.82E-05
1214	0.21363	0.22613	0	-1.26E-03
1215	-0.21097	-5.78E-03	0	-1.32E-03
1216	-0.25049	-0.12657	0	-3.99E-04
1217	0.25068	0.33614	0	-3.51E-04
1218	7.04E-02	4.61E-02	0	-1.00E-02
1219	-7.11E-02	4.65E-02	0	-9.33E-03
1220	-8.19E-02	0.32289	0	1.71E-03
1221	8.19E-02	-0.11289	0	1.91E-03
1222	0.17715	5.74E-02	0	-2.63E-03
1223	-4.62E-02	0.22434	0	2.11E-02
1224	4.62E-02	-1.49E-02	0	1.96E-02
1225	7.93E-02	-1.62E-02	0	1.85E-03
1226	7.99E-02	0.22677	0	2.60E-03
1227	-7.85E-02	-1.61E-02	0	2.12E-03
1228	-7.85E-02	0.22752	0	2.77E-03
1229	0.15094	4.46E-02	0	-2.91E-03
1230	-0.22646	0.29743	0	-5.31E-04
1231	0.22543	-8.16E-02	0	-5.99E-04
1232	0.1015	6.87E-02	0	-6.86E-03
1233	4.83E-02	0.22797	0	1.46E-02
1234	-4.72E-02	-1.91E-02	0	1.75E-02
1235	-0.15795	7.76E-03	0	-1.79E-03
1236	0.16099	4.04E-03	0	-1.59E-03
1237	1.79E-02	0.41721	0	5.32E-04
1238	-1.79E-02	-0.20721	0	5.19E-04
1239	-0.21202	0.24796	0	-9.49E-04
1240	8.48E-04	-3.93E-02	0	2.10E-02
1241	-8.48E-04	0.24929	0	2.06E-02
1242	-5.45E-02	0.25531	0	7.29E-03
1243	5.42E-02	-4.59E-02	0	7.23E-03
1244	0.19097	-9.58E-02	0	-3.18E-04
1245	-0.19212	0.30609	0	-2.42E-04
1246	3.83E-02	-7.25E-03	0	2.60E-02
1247	-3.85E-02	0.21738	0	2.78E-02
1248	6.68E-02	-3.06E-02	0	5.87E-03
1249	-6.32E-02	0.23988	0	6.93E-03
1250	5.19E-02	0.39827	0	7.05E-04
1251	-5.19E-02	-0.18827	0	6.62E-04
1252	-0.18604	0.39997	0	1.21E-05
1253	-0.18905	-0.18531	0	-1.27E-05
1254	0.18905	0.39531	0	6.58E-06
1255	0.18604	-0.18997	0	-6.24E-06
1256	0.12699	8.15E-02	0	-5.24E-03
1257	-0.2473	0.32072	0	-4.73E-04
1258	0.2473	-0.11072	0	-4.64E-04
1259	-0.1902	0.24715	0	-8.71E-04
1260	6.76E-02	1.43E-02	0	-2.42E-03
1261	-6.76E-02	1.43E-02	0	-2.62E-03
1262	-0.11893	0.15893	0	-4.31E-03
1263	0.11901	0.15882	0	-4.35E-03
1264	1.75E-02	0.26616	0	1.25E-02
1265	-1.75E-02	-5.62E-02	0	1.37E-02
1266	-0.24626	0.41607	0	-8.38E-05
1267	-0.24591	-0.20059	0	-1.06E-04
1268	0.24591	0.41059	0	-1.08E-04
1269	0.24626	-0.20607	0	-8.13E-05
1270	3.21E-02	-6.40E-02	0	8.60E-03
1271	-3.21E-02	0.27404	0	9.04E-03
1272	-0.11868	6.94E-02	0	-5.85E-03
1273	4.91E-02	9.03E-03	0	-1.16E-03
1274	-4.91E-02	9.03E-03	0	-7.99E-04
1275	0.14012	-3.87E-03	0	-1.11E-03
1276	-5.96E-03	0.36773	0	1.70E-03
1277	5.96E-03	-0.15773	0	1.65E-03
1278	-0.12435	0.11325	0	-5.16E-03
1279	0.21416	0.15465	0	-2.03E-03
1280	-0.21122	0.15595	0	-1.95E-03
1281	-0.11509	-0.1809	0	3.69E-04
1282	0.11509	0.3909	0	3.50E-04
1283	-3.84E-02	0.207	0	1.11E-02
1284	-3.93E-02	1.73E-03	0	1.57E-02
1285	3.93E-02	0.20827	0	1.92E-02
1286	3.83E-02	2.79E-03	0	1.14E-02
1287	0.24472	0.17472	0	-1.70E-03
1288	-2.41E-02	-9.69E-02	0	4.90E-03
1289	2.41E-02	0.3069	0	4.87E-03
1290	-4.37E-02	0.11992	0	-2.15E-02
1291	4.37E-02	0.11992	0	-2.12E-02
1292	0.16274	0.28117	0	-3.41E-04
1293	-0.16101	-7.59E-02	0	-2.70E-05
1294	0.2523	0.24689	0	-9.99E-04
1295	-4.39E-02	-3.30E-02	0	1.38E-02
1296	4.39E-02	0.24301	0	1.46E-02
1297	6.24E-02	0.26328	0	5.64E-03
1298	-6.24E-02	-5.33E-02	0	5.52E-03
1299	8.42E-02	2.85E-02	0	-4.65E-03
1300	-8.43E-02	2.88E-02	0	-4.56E-03
1301	0.13652	0.27086	0	3.03E-04
1302	4.71E-02	0.13556	0	-1.86E-02
1303	-4.71E-02	0.13556	0	-1.81E-02
1304	-7.96E-02	0.13852	0	-1.08E-02
1305	-0.25002	-2.64E-02	0	-1.08E-03
1306	-9.86E-02	-1.31E-03	0	-4.45E-04
1307	9.86E-02	-1.31E-03	0	-6.90E-04
1308	8.59E-02	-0.18777	0	4.09E-04
1309	-8.59E-02	0.39777	0	5.48E-04
1310	-7.24E-02	-0.10827	0	2.58E-03
1311	7.24E-02	0.31827	0	2.27E-03
1312	0.2529	-0.15654	0	-2.47E-04
1313	-0.2529	0.36654	0	-2.57E-04
1314	-8.35E-02	-4.43E-02	0	3.45E-03
1315	8.37E-02	0.25441	0	3.62E-03
1316	-0.17805	6.75E-02	0	-2.64E-03
1317	0.11288	-2.07E-02	0	-1.47E-04
1318	0.10774	-4.07E-02	0	1.11E-03
1319	8.64E-02	-4.06E-02	0	3.11E-03
1320	-0.13078	-1.93E-02	0	-6.67E-04
1321	-0.11239	-2.24E-02	0	8.36E-05
1322	-0.11904	-0.21456	0	1.76E-04
1323	0.11904	0.42456	0	1.55E-04
1324	0.17328	-0.22513	0	1.42E-05
1325	0.17328	0.43513	0	2.45E-05
1326	-0.17328	-0.22513	0	2.08E-05
1327	-0.17328	0.43513	0	7.19E-06
1328	0.21391	-4.31E-02	0	-9.33E-04
1329	-9.99E-02	0.21564	0	-2.07E-04
1330	9.99E-02	0.21564	0	1.80E-04
1331	0.26357	-2.06E-02	0	-1.23E-03
1332	0.20533	-9.97E-03	0	-1.28E-03
1333	-0.20533	0.22398	0	-1.20E-03
1334	-0.13744	0.30865	0	5.17E-04
1335	0.13744	-9.87E-02	0	3.13E-04
1336	-0.10827	0.29107	0	1.27E-03
1337	0.10815	-8.11E-02	0	1.28E-03
1338	0.14695	9.69E-02	0	-4.13E-03
1339	3.59E-02	-0.11236	0	3.35E-03
1340	-3.59E-02	0.32236	0	3.04E-03
1341	0.19166	1.22E-02	0	-1.64E-03
1342	6.52E-02	-6.25E-02	0	4.81E-03
1343	-6.52E-02	0.27247	0	4.88E-03
1344	9.27E-02	0.19113	0	-2.92E-03
1345	-9.27E-02	0.19113	0	-2.97E-03
1346	-0.25631	0.23336	0	-1.16E-03
1347	-1.40E-02	0.4312	0	2.85E-04
1348	1.40E-02	-0.2212	0	3.13E-04
1349	-0.25183	-5.59E-02	0	-8.44E-04
1350	-8.85E-02	0.17211	0	-5.84E-03
1351	8.85E-02	0.17214	0	-5.72E-03
1352	-3.21E-02	-4.00E-03	0	5.22E-02
1353	3.05E-02	0.2155	0	6.05E-02
3983	-3.15E-02	0.20016	0	-3.11E-03
3984	-3.15E-02	0.20672	0	2.90E-02
3986	-3.49E-02	0.20522	0	8.04E-03
3988	-3.15E-02	0.19031	0	-1.44E-02
3990	-3.81E-02	0.19711	0	-7.90E-03
3991	-3.49E-02	0.20194	0	-1.40E-05
3994	-3.15E-02	0.17719	0	-1.99E-02
3996	-4.22E-02	0.18206	0	-1.49E-02
3997	-3.81E-02	0.19054	0	-1.11E-02
3999	-3.15E-02	0.16406	0	-2.32E-02
4001	-4.22E-02	0.17549	0	-1.72E-02
4002	-4.02E-02	0.1641	0	-1.97E-02
4007	-3.15E-02	0.15094	0	-2.36E-02
4009	-4.02E-02	0.15754	0	-2.07E-02
4012	-3.15E-02	0.13781	0	-2.32E-02
4014	-4.02E-02	0.15098	0	-2.01E-02
4015	-3.93E-02	0.13997	0	-2.05E-02
4018	-3.15E-02	0.12469	0	-2.39E-02
4020	-3.76E-02	0.12559	0	-2.25E-02
4021	-3.93E-02	0.1334	0	-2.08E-02
4024	-3.15E-02	0.11156	0	-2.41E-02
4026	-3.76E-02	0.11902	0	-2.29E-02
4028	-3.15E-02	9.84E-02	0	-2.37E-02
4030	-4.13E-02	0.10433	0	-2.12E-02
4031	-3.76E-02	0.11246	0	-2.27E-02
4033	-3.15E-02	8.53E-02	0	-2.34E-02
4035	-4.17E-02	8.71E-02	0	-2.15E-02
4036	-4.13E-02	9.78E-02	0	-2.10E-02
4039	-3.15E-02	7.22E-02	0	-2.31E-02
4041	-4.17E-02	8.06E-02	0	-2.15E-02
4044	-3.15E-02	5.91E-02	0	-2.25E-02
4046	-4.17E-02	7.40E-02	0	-2.12E-02
4047	-4.23E-02	6.27E-02	0	-1.96E-02
4049	-3.15E-02	4.59E-02	0	-2.21E-02
4051	-4.23E-02	5.61E-02	0	-1.92E-02
4052	-3.97E-02	4.59E-02	0	-1.99E-02
4054	-3.15E-02	3.28E-02	0	-2.07E-02
4056	-3.97E-02	3.93E-02	0	-1.99E-02
4058	-3.15E-02	1.97E-02	0	-1.49E-02
4060	-4.08E-02	2.43E-02	0	-1.47E-02
4061	-3.97E-02	3.28E-02	0	-1.85E-02
4064	-3.15E-02	9.84E-03	0	-4.02E-03
4066	-4.08E-02	1.77E-02	0	-1.03E-02
4067	-4.03E-02	1.11E-02	0	-5.67E-03
4070	-3.15E-02	3.28E-03	0	2.48E-02
4072	-4.03E-02	7.80E-03	0	8.59E-04
4073	-3.54E-02	4.15E-03	0	9.09E-03
4075	-2.36E-02	9.43E-16	0	8.13E-02
4077	-1.58E-02	7.69E-16	0	7.11E-02
4078	-2.32E-02	-5.75E-03	0	6.28E-02
4079	-1.58E-02	-6.66E-03	0	6.48E-02
4082	-2.89E-02	9.43E-16	0	6.81E-02
4084	-2.59E-02	-5.75E-03	0	7.06E-02
4085	-2.92E-02	-2.00E-03	0	7.07E-02
4088	-3.54E-02	8.66E-04	0	3.14E-02
4089	-3.18E-02	-2.00E-03	0	4.96E-02
4093	-2.89E-02	0.21	0	7.28E-02
4095	-2.98E-02	0.21476	0	5.55E-02
4096	-3.50E-02	0.21369	0	4.04E-02
4097	-3.49E-02	0.2085	0	3.20E-02
4101	-2.36E-02	0.21	0	8.22E-02
4103	-2.72E-02	0.21476	0	7.53E-02
4105	-1.58E-02	0.21	0	6.93E-02
4107	-2.46E-02	0.21476	0	6.50E-02
4108	-1.81E-02	0.21666	0	6.15E-02
4156	5.25E-03	0.21	0	6.61E-02
4157	1.58E-02	0.21	0	6.95E-02
4159	1.05E-02	0.21666	0	6.21E-02
4162	-5.25E-03	0.21	0	6.55E-02
4164	-1.41E-03	0.21704	0	5.82E-02
4165	5.26E-03	0.21666	0	6.01E-02
4170	-6.66E-03	0.21704	0	5.96E-02
4171	-1.28E-02	0.21666	0	5.90E-02
4175	2.36E-02	0.21	0	8.06E-02
4177	2.27E-02	0.21539	0	6.18E-02
4178	1.58E-02	0.21666	0	6.35E-02
4267	2.89E-02	0.21	0	7.68E-02
4268	2.54E-02	0.21539	0	7.15E-02
4269	2.84E-02	0.21275	0	7.54E-02
4321	3.15E-02	0.20672	0	3.81E-02
4322	3.54E-02	0.20913	0	4.13E-02
4323	3.10E-02	0.21275	0	6.19E-02
4368	2.36E-02	2.65E-16	0	7.72E-02
4369	2.89E-02	7.65E-16	0	6.55E-02
4370	2.71E-02	-4.79E-03	0	6.67E-02
4410	1.58E-02	9.16E-17	0	6.95E-02
4411	2.45E-02	-4.79E-03	0	6.11E-02
4412	1.81E-02	-6.66E-03	0	6.23E-02
4469	3.15E-02	3.28E-03	0	2.87E-02
4470	2.97E-02	-4.79E-03	0	4.94E-02
4471	3.49E-02	-3.62E-03	0	3.70E-02
4472	3.49E-02	1.39E-03	0	2.97E-02
5161	3.15E-02	9.84E-03	0	-1.26E-04
5162	3.49E-02	4.68E-03	0	1.04E-02
5165	3.15E-02	1.97E-02	0	-1.38E-02
5166	4.08E-02	1.77E-02	0	-9.70E-03
5167	4.03E-02	1.11E-02	0	-5.35E-03
5168	3.49E-02	7.96E-03	0	9.39E-04
5170	3.15E-02	3.28E-02	0	-2.06E-02
5171	4.08E-02	2.43E-02	0	-1.40E-02
5172	3.97E-02	3.28E-02	0	-1.78E-02
5177	3.15E-02	4.59E-02	0	-2.25E-02
5178	3.97E-02	3.93E-02	0	-2.04E-02
5180	3.15E-02	5.91E-02	0	-2.25E-02
5181	4.23E-02	5.61E-02	0	-1.91E-02
5182	3.97E-02	4.59E-02	0	-1.96E-02
5184	3.15E-02	7.22E-02	0	-2.33E-02
5185	4.17E-02	7.40E-02	0	-2.13E-02
5186	4.23E-02	6.27E-02	0	-1.98E-02
5189	3.15E-02	8.53E-02	0	-2.30E-02
5190	4.17E-02	8.06E-02	0	-2.13E-02
5193	3.15E-02	9.84E-02	0	-2.31E-02
5194	4.17E-02	8.71E-02	0	-2.10E-02
5195	4.13E-02	9.78E-02	0	-2.08E-02
5197	3.15E-02	0.11156	0	-2.40E-02
5198	4.13E-02	0.10433	0	-2.11E-02
5199	3.76E-02	0.11246	0	-2.23E-02
5202	3.15E-02	0.12469	0	-2.39E-02
5203	3.76E-02	0.11902	0	-2.29E-02
5206	3.15E-02	0.13781	0	-2.27E-02
5207	3.76E-02	0.12559	0	-2.22E-02
5208	3.93E-02	0.1334	0	-2.09E-02
5211	3.15E-02	0.15094	0	-2.20E-02
5212	4.02E-02	0.15098	0	-2.04E-02
5213	3.93E-02	0.13997	0	-2.03E-02
5217	3.15E-02	0.16406	0	-2.10E-02
5218	4.02E-02	0.15754	0	-2.03E-02
5220	3.15E-02	0.17719	0	-1.84E-02
5221	4.22E-02	0.17549	0	-1.64E-02
5222	4.02E-02	0.1641	0	-1.94E-02
5224	3.15E-02	0.19031	0	-1.33E-02
5225	4.22E-02	0.18205	0	-1.46E-02
5226	3.81E-02	0.19057	0	-1.01E-02
5228	3.15E-02	0.20016	0	1.38E-03
5229	3.81E-02	0.19714	0	-6.85E-03
5232	3.81E-02	0.20042	0	4.53E-03
5233	3.54E-02	0.20585	0	1.60E-02
5585	-5.25E-03	4.50E-16	0	6.64E-02
5586	-1.05E-02	-6.66E-03	0	6.24E-02
5589	5.25E-03	2.72E-16	0	6.57E-02
5590	1.41E-03	-7.04E-03	0	5.82E-02
5591	-5.26E-03	-6.66E-03	0	6.01E-02
5595	6.66E-03	-7.04E-03	0	5.99E-02
5596	1.28E-02	-6.66E-03	0	6.02E-02
6053	0.2815	-0.20562	0	-1.10E-04
6055	0.26668	-0.23521	0	-3.73E-05
6056	0.2815	-0.23521	0	-2.81E-05
6057	0.26388	-0.21324	0	-6.88E-05
6060	0.2815	-0.17604	0	-2.09E-04
6061	0.26388	-0.19845	0	-1.23E-04
6062	0.2672	-0.17369	0	-2.05E-04
6066	0.2815	-0.14646	0	-3.01E-04
6067	0.2672	-0.1589	0	-2.51E-04
6069	0.2815	-0.11688	0	-4.63E-04
6070	0.2644	-0.1212	0	-4.06E-04
6071	0.2672	-0.1441	0	-2.97E-04
6075	0.2815	-8.73E-02	0	-6.32E-04
6076	0.2644	-0.1064	0	-5.21E-04
6080	0.2815	-5.77E-02	0	-8.10E-04
6081	0.26459	-5.99E-02	0	-7.79E-04
6082	0.25346	-7.70E-02	0	-6.43E-04
6083	0.2644	-9.16E-02	0	-5.75E-04
6086	0.2815	-2.81E-02	0	-1.03E-03
6087	0.26459	-4.51E-02	0	-9.02E-04
6088	0.27254	-3.18E-02	0	-1.08E-03
6093	0.2815	1.46E-03	0	-1.30E-03
6094	0.27254	-1.70E-02	0	-1.18E-03
6098	0.2815	3.10E-02	0	-1.58E-03
6099	0.25758	1.90E-02	0	-1.54E-03
6100	0.27254	-2.17E-03	0	-1.36E-03
6105	0.2815	6.06E-02	0	-1.74E-03
6106	0.26132	5.34E-02	0	-1.76E-03
6107	0.25758	3.38E-02	0	-1.64E-03
6110	0.2815	9.02E-02	0	-1.84E-03
6111	0.26132	6.82E-02	0	-1.82E-03
6112	0.26429	8.86E-02	0	-1.86E-03
6115	0.2815	0.11979	0	-1.85E-03
6116	0.26429	0.10341	0	-1.89E-03
6119	0.2815	0.14938	0	-1.77E-03
6120	0.26186	0.13726	0	-1.86E-03
6121	0.26429	0.1182	0	-1.88E-03
6123	0.2815	0.17896	0	-1.60E-03
6124	0.26186	0.15205	0	-1.80E-03
6125	0.26311	0.16944	0	-1.70E-03
6129	0.2815	0.20854	0	-1.34E-03
6130	0.26354	0.20112	0	-1.42E-03
6131	0.26311	0.18424	0	-1.59E-03
6136	0.2815	0.23812	0	-1.09E-03
6137	0.26354	0.21591	0	-1.28E-03
6138	0.2669	0.23511	0	-1.10E-03
6140	0.2815	0.26771	0	-8.78E-04
6141	0.2669	0.2499	0	-9.88E-04
6145	0.2815	0.29729	0	-6.48E-04
6146	0.26171	0.28714	0	-6.89E-04
6147	0.2669	0.2647	0	-8.88E-04
6149	0.2815	0.32688	0	-4.46E-04
6150	0.26171	0.30193	0	-5.59E-04
6151	0.26609	0.32411	0	-4.34E-04
6156	0.2815	0.35646	0	-3.08E-04
6157	0.26609	0.3389	0	-3.62E-04
6159	0.2815	0.38604	0	-1.84E-04
6160	0.25252	0.3732	0	-1.93E-04
6161	0.26609	0.35369	0	-2.97E-04
6162	0.2637	0.39092	0	-1.75E-04
6166	0.2815	0.41563	0	-9.21E-05
6167	0.2637	0.40571	0	-1.17E-04
6171	0.26668	0.44521	0	-4.02E-05
6172	0.2815	0.44521	0	-3.55E-05
6173	0.2637	0.4205	0	-8.32E-05
6273	0.23705	0.46	0	-2.02E-05
6274	0.26668	0.46	0	-1.72E-05
6275	0.24889	0.43529	0	-6.49E-05
6279	0.20742	0.46	0	-1.30E-05
6280	0.215	0.44135	0	-2.74E-05
6281	0.23407	0.43529	0	-6.31E-05
6285	0.17779	0.46	0	-3.81E-06
6286	0.20019	0.44135	0	-2.20E-05
6287	0.18294	0.44757	0	8.46E-06
6290	0.14816	0.46	0	1.55E-05
6291	0.16813	0.44757	0	1.23E-05
6293	0.11853	0.46	0	4.48E-05
6294	0.12619	0.44228	0	9.32E-05
6295	0.15331	0.44757	0	2.77E-05
6299	8.89E-02	0.46	0	7.20E-05
6300	9.45E-02	0.44011	0	1.96E-04
6301	0.11137	0.44228	0	1.07E-04
6305	5.93E-02	0.46	0	4.26E-05
6306	6.12E-02	0.44705	0	1.42E-04
6307	7.96E-02	0.44011	0	2.09E-04
6310	2.96E-02	0.46	0	6.56E-05
6311	4.64E-02	0.44705	0	9.95E-05
6314	0	0.46	0	8.23E-05
6315	3.16E-02	0.44705	0	1.65E-04
6316	1.63E-02	0.43861	0	3.31E-04
6317	3.88E-04	0.4456	0	2.08E-04
6320	-2.96E-02	0.46	0	7.99E-05
6321	-1.44E-02	0.4456	0	1.59E-04
6326	-5.93E-02	0.46	0	1.09E-04
6327	-4.79E-02	0.43917	0	3.19E-04
6328	-2.92E-02	0.4456	0	2.06E-04
6331	-8.89E-02	0.46	0	4.63E-05
6332	-6.27E-02	0.43917	0	3.02E-04
6333	-8.85E-02	0.44436	0	1.25E-04
6337	-0.11853	0.46	0	9.36E-06
6338	-0.10328	0.44436	0	7.86E-05
6341	-0.14816	0.46	0	1.47E-05
6342	-0.14066	0.43352	0	8.42E-05
6343	-0.11809	0.44436	0	8.79E-05
6344	-0.15331	0.44757	0	1.30E-05
6347	-0.17779	0.46	0	-5.17E-07
6348	-0.16813	0.44757	0	8.96E-06
6352	-0.20742	0.46	0	-1.32E-05
6353	-0.20146	0.44017	0	-3.00E-05
6354	-0.18294	0.44757	0	-2.29E-06
6356	-0.23705	0.46	0	-1.68E-05
6357	-0.21628	0.44017	0	-3.15E-05
6358	-0.23425	0.43803	0	-4.93E-05
6363	-0.26668	0.44521	0	-3.61E-05
6364	-0.26668	0.46	0	-1.54E-05
6365	-0.24906	0.43803	0	-5.14E-05
6418	-0.2815	0.41563	0	-1.07E-04
6419	-0.2815	0.44521	0	-3.25E-05
6420	-0.26388	0.42324	0	-6.85E-05
6423	-0.2815	0.38604	0	-2.10E-04
6424	-0.26388	0.40845	0	-1.22E-04
6425	-0.2672	0.38369	0	-2.08E-04
6429	-0.2815	0.35646	0	-3.17E-04
6430	-0.2672	0.3689	0	-2.59E-04
6433	-0.2815	0.32688	0	-4.29E-04
6434	-0.2644	0.3312	0	-4.23E-04
6435	-0.2672	0.3541	0	-3.15E-04
6437	-0.2815	0.29729	0	-5.92E-04
6438	-0.2644	0.3164	0	-4.78E-04
6441	-0.2815	0.26771	0	-8.47E-04
6442	-0.26067	0.27399	0	-7.82E-04
6443	-0.25398	0.28996	0	-6.16E-04
6444	-0.2644	0.30161	0	-5.87E-04
6448	-0.2815	0.23812	0	-1.15E-03
6449	-0.26067	0.2592	0	-9.29E-04
6450	-0.2689	0.24314	0	-1.08E-03
6454	-0.2815	0.20854	0	-1.39E-03
6455	-0.26492	0.20796	0	-1.42E-03
6456	-0.2689	0.22835	0	-1.23E-03
6459	-0.2815	0.17896	0	-1.58E-03
6460	-0.26492	0.19317	0	-1.51E-03
6465	-0.2815	0.14938	0	-1.75E-03
6466	-0.26195	0.15614	0	-1.77E-03
6467	-0.26492	0.17838	0	-1.61E-03
6471	-0.2815	0.11979	0	-1.85E-03
6472	-0.26195	0.14135	0	-1.84E-03
6473	-0.26422	0.11889	0	-1.89E-03
6475	-0.2815	9.02E-02	0	-1.85E-03
6476	-0.26422	0.10409	0	-1.91E-03
6479	-0.2815	6.06E-02	0	-1.75E-03
6480	-0.26132	6.82E-02	0	-1.85E-03
6481	-0.26422	8.93E-02	0	-1.90E-03
6485	-0.2815	3.10E-02	0	-1.55E-03
6486	-0.26448	3.01E-02	0	-1.56E-03
6487	-0.26132	5.34E-02	0	-1.77E-03
6492	-0.2815	1.46E-03	0	-1.32E-03
6493	-0.26448	1.53E-02	0	-1.44E-03
6495	-0.2815	-2.81E-02	0	-1.09E-03
6496	-0.26448	5.52E-04	0	-1.33E-03
6497	-0.26576	-1.99E-02	0	-1.15E-03
6500	-0.2815	-5.77E-02	0	-8.46E-04
6501	-0.26576	-3.46E-02	0	-1.02E-03
6502	-0.26666	-4.94E-02	0	-9.00E-04
6504	-0.2815	-8.73E-02	0	-6.27E-04
6505	-0.26067	-7.88E-02	0	-6.64E-04
6506	-0.26666	-6.42E-02	0	-7.89E-04
6510	-0.2815	-0.11688	0	-4.28E-04
6511	-0.26067	-9.36E-02	0	-5.56E-04
6512	-0.266	-0.11433	0	-4.59E-04
6514	-0.2815	-0.14646	0	-2.90E-04
6515	-0.266	-0.12912	0	-3.68E-04
6519	-0.2815	-0.17604	0	-2.01E-04
6520	-0.25252	-0.1632	0	-2.00E-04
6521	-0.266	-0.14391	0	-3.21E-04
6522	-0.2637	-0.18092	0	-1.75E-04
6525	-0.2815	-0.20562	0	-1.07E-04
6526	-0.2637	-0.19571	0	-1.32E-04
6532	-0.26668	-0.23521	0	-3.75E-05
6533	-0.2815	-0.23521	0	-2.84E-05
6534	-0.2637	-0.2105	0	-8.11E-05
6582	-0.23705	-0.25	0	-2.08E-05
6583	-0.26668	-0.25	0	-9.11E-06
6584	-0.24889	-0.22529	0	-6.19E-05
6587	-0.20742	-0.25	0	-1.47E-05
6588	-0.215	-0.23135	0	-3.02E-05
6589	-0.23407	-0.22529	0	-6.44E-05
6593	-0.17779	-0.25	0	-3.10E-06
6594	-0.20019	-0.23135	0	-2.17E-05
6595	-0.18294	-0.23757	0	7.29E-06
6597	-0.14816	-0.25	0	1.45E-05
6598	-0.16813	-0.23757	0	1.04E-05
6601	-0.11853	-0.25	0	6.75E-05
6602	-0.12619	-0.23228	0	1.03E-04
6603	-0.15331	-0.23757	0	2.49E-05
6607	-8.89E-02	-0.25	0	1.06E-04
6608	-9.45E-02	-0.23011	0	2.35E-04
6609	-0.11137	-0.23228	0	1.41E-04
6612	-5.93E-02	-0.25	0	5.30E-05
6613	-6.12E-02	-0.23705	0	1.83E-04
6614	-7.96E-02	-0.23011	0	2.35E-04
6618	-2.96E-02	-0.25	0	8.35E-05
6619	-4.64E-02	-0.23705	0	1.30E-04
6621	0	-0.25	0	8.35E-05
6622	-3.16E-02	-0.23705	0	2.14E-04
6623	-1.63E-02	-0.22861	0	3.43E-04
6624	-3.88E-04	-0.2356	0	2.40E-04
6628	2.96E-02	-0.25	0	6.89E-05
6629	1.44E-02	-0.2356	0	1.57E-04
6631	5.93E-02	-0.25	0	1.11E-04
6632	4.79E-02	-0.22917	0	2.71E-04
6633	2.92E-02	-0.2356	0	2.25E-04
6637	8.89E-02	-0.25	0	4.25E-05
6638	6.27E-02	-0.22917	0	2.44E-04
6639	8.85E-02	-0.23436	0	1.17E-04
6643	0.11853	-0.25	0	2.32E-05
6644	0.10328	-0.23436	0	7.48E-05
6646	0.14816	-0.25	0	2.32E-05
6647	0.14066	-0.22352	0	1.09E-04
6648	0.11809	-0.23436	0	9.80E-05
6649	0.15331	-0.23757	0	3.03E-05
6653	0.17779	-0.25	0	-1.76E-06
6654	0.16813	-0.23757	0	7.10E-06
6657	0.20742	-0.25	0	-1.12E-05
6658	0.20146	-0.23017	0	-3.04E-05
6659	0.18294	-0.23757	0	5.34E-06
6663	0.23705	-0.25	0	-1.87E-05
6664	0.21628	-0.23017	0	-3.81E-05
6665	0.23425	-0.22803	0	-5.01E-05
6668	0.26668	-0.25	0	-9.19E-06
6669	0.24906	-0.22803	0	-4.98E-05
6675	-0.17896	0.26574	0	-5.42E-04
6676	-0.16127	0.27524	0	-2.86E-04
6677	-0.14604	0.26751	0	-3.33E-05
6678	-0.17013	0.24107	0	-8.51E-04
6679	-0.14387	0.2539	0	-1.46E-04
6680	-0.1532	0.24615	0	-5.84E-04
6681	-0.17526	0.25255	0	-6.72E-04
6686	0.16813	0.24029	0	-8.41E-04
6687	0.14078	0.25234	0	-1.34E-04
6688	0.1512	0.24537	0	-5.81E-04
6689	0.17229	0.25549	0	-6.48E-04
6690	0.15953	0.26878	0	-4.33E-04
6691	0.14642	0.26363	0	-1.11E-04
6693	0.17314	-6.01E-02	0	-3.65E-04
6694	0.15865	-6.92E-02	0	-1.47E-04
6695	0.14154	-6.01E-02	0	1.15E-04
6696	0.14438	-4.57E-02	0	-1.78E-04
6697	0.15507	-3.90E-02	0	-4.72E-04
6698	0.1712	-4.52E-02	0	-5.41E-04
6702	-0.14059	-4.48E-02	0	-8.11E-05
6703	-0.1529	-3.59E-02	0	-5.65E-04
6704	-0.17074	-4.47E-02	0	-4.67E-04
6705	-0.13554	-5.77E-02	0	3.69E-04
6706	-0.15711	-6.21E-02	0	-9.78E-05
6710	-1.50E-03	0.3443	0	2.49E-03
6711	-2.55E-02	0.35635	0	2.13E-03
6712	-1.67E-02	0.32339	0	3.93E-03
6713	-3.52E-03	0.33143	0	3.15E-03
6714	-3.28E-02	0.34232	0	2.30E-03
6715	-1.19E-02	0.35332	0	2.25E-03
6716	-2.69E-02	0.33064	0	2.92E-03
6721	1.50E-03	-0.1343	0	2.52E-03
6722	2.55E-02	-0.14635	0	2.09E-03
6723	1.67E-02	-0.11339	0	3.81E-03
6724	3.52E-03	-0.12143	0	3.21E-03
6725	3.28E-02	-0.13232	0	2.47E-03
6726	1.19E-02	-0.14332	0	2.30E-03
6727	2.69E-02	-0.12064	0	3.15E-03
6732	-4.14E-03	-7.80E-02	0	9.57E-03
6733	8.16E-03	-7.11E-02	0	1.00E-02
6734	6.49E-03	-5.94E-02	0	1.39E-02
6735	-1.12E-02	-7.22E-02	0	1.04E-02
6736	-2.77E-04	-5.35E-02	0	1.68E-02
6737	-9.47E-03	-6.20E-02	0	1.31E-02
6742	4.14E-03	0.28801	0	8.52E-03
6743	-8.16E-03	0.28106	0	9.14E-03
6744	-6.49E-03	0.26938	0	1.24E-02
6745	1.12E-02	0.2822	0	9.18E-03
6746	2.77E-04	0.26355	0	1.55E-02
6747	9.47E-03	0.27198	0	1.14E-02
6751	-0.17921	0.12432	0	-2.93E-03
6752	-0.16403	0.1098	0	-3.30E-03
6753	-0.13969	0.13171	0	-4.32E-03
6754	-0.14782	0.10964	0	-4.02E-03
6755	-0.16849	0.14069	0	-3.10E-03
6756	-0.15037	0.14114	0	-3.48E-03
6757	-0.14042	0.1198	0	-4.36E-03
6761	0.17965	0.12356	0	-2.92E-03
6762	0.13959	0.13128	0	-4.12E-03
6763	0.14176	0.11801	0	-4.49E-03
6764	0.16887	0.13902	0	-3.02E-03
6765	0.15037	0.14114	0	-3.44E-03
6766	0.16518	0.11133	0	-3.32E-03
6767	0.15172	0.1116	0	-3.82E-03
6771	8.79E-02	-2.04E-02	0	1.42E-03
6772	9.75E-02	-1.30E-02	0	1.52E-04
6773	0.1047	-2.27E-02	0	4.24E-04
6774	0.10213	-3.26E-02	0	1.05E-03
6775	9.14E-02	-3.26E-02	0	2.05E-03
6778	0.10982	0.24314	0	8.66E-04
6779	8.31E-02	0.24138	0	3.07E-03
6780	9.73E-02	0.24921	0	1.55E-03
6781	0.10549	0.23145	0	5.27E-04
6782	8.71E-02	0.23239	0	2.03E-03
6783	8.90E-02	0.24621	0	2.55E-03
6784	9.71E-02	0.22682	0	8.27E-04
6789	-8.17E-02	-3.12E-02	0	3.94E-03
6790	-9.67E-02	-3.88E-02	0	1.81E-03
6791	-8.50E-02	-2.19E-02	0	2.13E-03
6792	-9.50E-02	-1.45E-02	0	8.43E-04
6793	-8.75E-02	-3.60E-02	0	2.79E-03
6794	-0.10196	-2.51E-02	0	1.11E-03
6798	-8.48E-02	0.24421	0	2.72E-03
6799	-0.11071	0.24268	0	6.96E-04
6800	-9.70E-02	0.24924	0	1.41E-03
6801	-0.10533	0.23017	0	3.56E-04
6802	-8.63E-02	0.23152	0	1.99E-03
6803	-9.69E-02	0.22558	0	5.02E-04
6806	8.73E-02	0.30927	0	2.13E-03
6807	8.57E-02	0.29462	0	2.23E-03
6808	7.60E-02	0.28614	0	2.89E-03
6809	5.72E-02	0.29733	0	3.65E-03
6810	6.58E-02	0.29135	0	3.85E-03
6811	7.32E-02	0.30793	0	2.58E-03
6815	-8.73E-02	-9.93E-02	0	2.17E-03
6816	-8.57E-02	-8.46E-02	0	2.44E-03
6817	-7.60E-02	-7.61E-02	0	3.00E-03
6818	-5.72E-02	-8.73E-02	0	3.63E-03
6819	-6.58E-02	-8.13E-02	0	3.79E-03
6820	-7.32E-02	-9.79E-02	0	2.73E-03
6823	0.1301	3.54E-02	0	-3.16E-03
6824	0.13605	6.05E-02	0	-3.94E-03
6825	0.11369	3.66E-02	0	-3.40E-03
6826	0.10776	4.91E-02	0	-4.82E-03
6827	0.13634	4.75E-02	0	-3.49E-03
6828	0.11162	5.96E-02	0	-5.46E-03
6829	0.12436	6.59E-02	0	-4.65E-03
6833	-0.13033	3.23E-02	0	-3.07E-03
6834	-0.11616	3.42E-02	0	-3.27E-03
6835	-0.1455	4.38E-02	0	-3.11E-03
6836	-0.11216	4.80E-02	0	-5.33E-03
6837	-0.13794	5.78E-02	0	-3.64E-03
6838	-0.12269	5.76E-02	0	-4.77E-03
6843	-4.47E-02	-5.30E-02	0	8.89E-03
6844	-6.08E-02	-3.94E-02	0	7.63E-03
6845	-4.02E-02	-4.33E-02	0	1.27E-02
6846	-5.30E-02	-3.62E-02	0	9.87E-03
6847	-4.68E-02	-3.85E-02	0	1.17E-02
6848	-5.61E-02	-4.86E-02	0	7.52E-03
6852	4.47E-02	0.263	0	9.18E-03
6853	6.08E-02	0.24939	0	7.31E-03
6854	4.02E-02	0.25327	0	1.28E-02
6855	5.30E-02	0.2462	0	9.33E-03
6856	4.68E-02	0.24851	0	1.23E-02
6857	5.61E-02	0.25864	0	7.80E-03
6861	0.19809	-0.16012	0	-5.00E-05
6862	0.1926	-0.13803	0	-1.15E-04
6863	0.16127	-0.17378	0	1.09E-04
6864	0.15494	-0.15514	0	1.79E-04
6865	0.15769	-0.13996	0	2.00E-04
6866	0.17156	-0.13268	0	4.20E-05
6867	0.18029	-0.17024	0	1.98E-05
6872	0.17093	0.33822	0	-1.53E-05
6873	0.19904	0.36784	0	-5.18E-05
6874	0.16222	0.38284	0	1.01E-04
6875	0.15448	0.36524	0	1.75E-04
6876	0.19087	0.34416	0	-1.21E-04
6877	0.15482	0.34873	0	2.62E-04
6878	0.1818	0.37792	0	2.32E-05
6881	-0.17093	-0.12807	0	6.83E-06
6882	-0.19904	-0.15784	0	-6.01E-05
6883	-0.16222	-0.17284	0	8.23E-05
6884	-0.15448	-0.15524	0	1.67E-04
6885	-0.19087	-0.13416	0	-1.23E-04
6886	-0.15482	-0.13871	0	2.73E-04
6887	-0.1818	-0.16792	0	1.18E-05
6892	-0.19809	0.37012	0	-2.71E-05
6893	-0.1926	0.34803	0	-7.29E-05
6894	-0.16127	0.38378	0	1.10E-04
6895	-0.15494	0.36514	0	2.13E-04
6896	-0.15769	0.34996	0	1.93E-04
6897	-0.17173	0.34275	0	5.39E-05
6898	-0.18029	0.38024	0	4.11E-05
6903	1.91E-02	-2.85E-02	0	2.88E-02
6904	3.06E-03	-2.91E-02	0	3.23E-02
6905	6.90E-03	-2.21E-02	0	4.23E-02
6906	1.27E-02	-4.05E-02	0	2.38E-02
6907	1.31E-02	-2.17E-02	0	4.26E-02
6908	5.92E-03	-3.47E-02	0	2.66E-02
6914	-1.91E-02	0.23852	0	2.86E-02
6915	-3.06E-03	0.23912	0	3.38E-02
6916	-6.90E-03	0.23208	0	4.19E-02
6917	-1.27E-02	0.25051	0	2.29E-02
6918	-1.31E-02	0.23169	0	4.14E-02
6919	-5.92E-03	0.24468	0	2.60E-02
6924	0.10116	-9.92E-02	0	1.41E-03
6925	8.67E-02	-7.81E-02	0	2.16E-03
6926	7.71E-02	-8.74E-02	0	2.79E-03
6927	8.59E-02	-0.1015	0	1.93E-03
6928	9.90E-02	-8.56E-02	0	1.61E-03
6931	-0.10116	0.30921	0	1.44E-03
6932	-8.63E-02	0.289	0	2.45E-03
6933	-7.71E-02	0.29742	0	2.60E-03
6934	-8.59E-02	0.3115	0	1.83E-03
6935	-9.91E-02	0.29559	0	1.60E-03
6939	8.08E-02	0.14664	0	-9.97E-03
6940	0.10984	0.14355	0	-5.73E-03
6941	8.46E-02	0.15531	0	-7.94E-03
6942	9.65E-02	0.13561	0	-7.51E-03
6943	0.10113	0.16253	0	-5.55E-03
6944	0.10801	0.15486	0	-5.53E-03
6945	9.28E-02	0.16152	0	-6.22E-03
6950	-0.10999	0.14392	0	-5.98E-03
6951	-8.47E-02	0.15524	0	-8.23E-03
6952	-9.66E-02	0.13605	0	-7.41E-03
6953	-0.10118	0.16246	0	-5.50E-03
6954	-0.10802	0.15485	0	-5.60E-03
6955	-8.84E-02	0.14465	0	-8.85E-03
6956	-9.28E-02	0.16144	0	-6.36E-03
6960	-7.87E-02	-0.15082	0	1.12E-03
6961	-6.62E-02	-0.1605	0	1.12E-03
6962	-8.34E-02	-0.18938	0	5.75E-04
6963	-9.45E-02	-0.15798	0	7.18E-04
6964	-6.67E-02	-0.1784	0	7.24E-04
6965	-9.83E-02	-0.17471	0	5.78E-04
6970	7.87E-02	0.36082	0	1.22E-03
6971	6.62E-02	0.3705	0	1.11E-03
6972	8.34E-02	0.39938	0	5.87E-04
6973	9.45E-02	0.36798	0	7.52E-04
6974	6.67E-02	0.3884	0	7.73E-04
6975	9.83E-02	0.38471	0	5.95E-04
6979	0.13305	0.19245	0	-2.19E-03
6980	0.12104	0.18886	0	-2.66E-03
6981	0.14664	0.18176	0	-2.59E-03
6982	0.11711	0.17676	0	-3.69E-03
6983	0.1366	0.16765	0	-3.18E-03
6984	0.12399	0.1691	0	-3.67E-03
6988	-0.13306	0.19245	0	-2.49E-03
6989	-0.12105	0.18886	0	-2.53E-03
6990	-0.14664	0.18176	0	-2.68E-03
6991	-0.11711	0.17676	0	-3.63E-03
6992	-0.1366	0.16765	0	-3.28E-03
6993	-0.12395	0.16915	0	-3.73E-03
6997	-4.38E-02	0.28481	0	6.41E-03
6998	-4.08E-02	0.26511	0	1.02E-02
6999	-5.61E-02	0.28459	0	5.14E-03
7000	-5.12E-02	0.26489	0	7.15E-03
7001	-4.00E-02	0.27425	0	8.03E-03
7002	-5.65E-02	0.27347	0	5.95E-03
7006	4.38E-02	-7.48E-02	0	6.02E-03
7007	4.08E-02	-5.51E-02	0	1.01E-02
7008	5.61E-02	-7.46E-02	0	5.23E-03
7009	5.10E-02	-5.52E-02	0	7.02E-03
7010	3.99E-02	-6.43E-02	0	7.71E-03
7011	5.65E-02	-6.35E-02	0	5.81E-03
7014	5.61E-02	0.21779	0	7.97E-03
7015	7.38E-02	0.21623	0	2.79E-03
7016	6.32E-02	0.21253	0	2.37E-03
7017	6.73E-02	0.23376	0	4.97E-03
7018	5.95E-02	0.23057	0	6.99E-03
7019	7.13E-02	0.22477	0	3.93E-03
7020	5.55E-02	0.22536	0	9.93E-03
7025	5.39E-02	-9.80E-03	0	1.01E-02
7026	5.29E-02	-2.23E-02	0	1.07E-02
7027	6.18E-02	-8.03E-03	0	5.89E-03
7028	5.25E-02	-1.52E-02	0	1.38E-02
7029	6.91E-02	-1.58E-02	0	4.93E-03
7030	6.28E-02	-2.30E-02	0	6.94E-03
7033	-5.47E-02	0.21753	0	8.19E-03
7034	-5.36E-02	0.23103	0	9.37E-03
7035	-7.27E-02	0.21633	0	2.92E-03
7036	-6.20E-02	0.21267	0	2.95E-03
7037	-5.33E-02	0.22365	0	1.37E-02
7038	-6.95E-02	0.22524	0	4.55E-03
7039	-6.18E-02	0.23142	0	6.63E-03
7044	-5.60E-02	-1.04E-02	0	9.18E-03
7045	-6.70E-02	-2.50E-02	0	6.17E-03
7046	-6.34E-02	-7.91E-03	0	4.83E-03
7047	-5.91E-02	-2.18E-02	0	8.40E-03
7048	-7.03E-02	-1.57E-02	0	4.35E-03
7049	-5.46E-02	-1.72E-02	0	1.21E-02
7053	-0.12278	0.38943	0	3.82E-04
7054	-8.64E-02	0.3598	0	1.06E-03
7055	-0.11645	0.3708	0	4.85E-04
7056	-8.09E-02	0.37375	0	8.20E-04
7057	-0.1023	0.35861	0	7.55E-04
7058	-9.18E-02	0.3848	0	5.81E-04
7063	0.12278	-0.17943	0	4.68E-04
7064	8.64E-02	-0.1498	0	1.17E-03
7065	0.11645	-0.1608	0	5.39E-04
7066	8.09E-02	-0.16375	0	8.65E-04
7067	0.1023	-0.14861	0	7.73E-04
7068	9.18E-02	-0.1748	0	5.87E-04
7073	-0.19121	1.52E-02	0	-1.61E-03
7074	-0.1834	4.06E-02	0	-2.22E-03
7075	-0.20352	6.00E-02	0	-2.11E-03
7076	-0.22497	2.69E-02	0	-1.67E-03
7077	-0.22181	5.02E-02	0	-1.88E-03
7078	-0.20673	1.68E-02	0	-1.61E-03
7079	-0.18022	2.36E-02	0	-1.84E-03
7080	-0.19027	5.34E-02	0	-2.26E-03
7084	0.20517	5.98E-02	0	-2.08E-03
7085	0.18712	3.56E-02	0	-2.06E-03
7086	0.22251	5.15E-02	0	-1.89E-03
7087	0.21877	3.19E-02	0	-1.78E-03
7088	0.19051	4.96E-02	0	-2.29E-03
7089	0.19777	2.71E-02	0	-1.79E-03
7092	-0.19288	0.20712	0	-1.45E-03
7093	-0.21827	0.20691	0	-1.44E-03
7094	-0.18506	0.18709	0	-1.94E-03
7095	-0.19315	0.17254	0	-2.16E-03
7096	-0.22707	0.19132	0	-1.60E-03
7097	-0.20851	0.173	0	-1.81E-03
7098	-0.20557	0.20701	0	-1.44E-03
7104	0.19166	0.20577	0	-1.42E-03
7105	0.18384	0.18574	0	-1.93E-03
7106	0.19231	0.16952	0	-2.10E-03
7107	0.22447	0.19792	0	-1.52E-03
7108	0.2085	0.20674	0	-1.47E-03
7109	0.20877	0.171	0	-1.86E-03
7110	0.22405	0.18103	0	-1.69E-03
7115	-9.14E-02	8.03E-02	0	-8.92E-03
7116	-7.72E-02	8.48E-02	0	-1.12E-02
7117	-6.52E-02	7.68E-02	0	-1.52E-02
7118	-6.57E-02	6.54E-02	0	-1.36E-02
7119	-8.80E-02	6.07E-02	0	-8.93E-03
7120	-7.47E-02	5.88E-02	0	-1.01E-02
7121	-9.85E-02	7.03E-02	0	-8.38E-03
7125	9.06E-02	8.12E-02	0	-9.07E-03
7126	7.72E-02	8.49E-02	0	-1.09E-02
7127	6.52E-02	7.68E-02	0	-1.51E-02
7128	6.57E-02	6.54E-02	0	-1.36E-02
7129	8.61E-02	5.94E-02	0	-8.16E-03
7130	7.44E-02	5.86E-02	0	-1.04E-02
7131	8.99E-02	6.99E-02	0	-8.80E-03
7136	5.77E-02	2.61E-02	0	-8.90E-03
7137	5.66E-02	3.47E-02	0	-1.27E-02
7138	6.79E-02	3.80E-02	0	-8.99E-03
7139	6.65E-02	2.21E-02	0	-5.18E-03
7140	7.48E-02	2.92E-02	0	-6.29E-03
7142	-5.77E-02	2.62E-02	0	-8.40E-03
7143	-5.66E-02	3.47E-02	0	-1.22E-02
7144	-6.82E-02	3.83E-02	0	-8.05E-03
7145	-6.65E-02	2.22E-02	0	-4.69E-03
7146	-7.48E-02	2.94E-02	0	-5.67E-03
7150	2.86E-02	0.23471	0	2.69E-02
7151	3.02E-02	0.22634	0	3.84E-02
7152	3.33E-02	0.24221	0	2.00E-02
7153	3.62E-02	0.22608	0	2.54E-02
7154	4.21E-02	0.22993	0	1.94E-02
7155	3.99E-02	0.23745	0	1.94E-02
7160	-2.80E-02	-2.48E-02	0	2.74E-02
7161	-3.01E-02	-1.68E-02	0	3.78E-02
7162	-3.27E-02	-3.23E-02	0	1.97E-02
7163	-3.64E-02	-1.62E-02	0	2.82E-02
7164	-4.10E-02	-2.06E-02	0	2.05E-02
7165	-3.93E-02	-2.76E-02	0	1.87E-02
7169	8.01E-02	0.19724	0	-2.32E-03
7170	6.95E-02	0.19355	0	-2.74E-03
7171	6.41E-02	0.18257	0	-8.76E-03
7172	7.38E-02	0.17225	0	-7.06E-03
7173	8.40E-02	0.18796	0	-3.93E-03
7174	8.19E-02	0.17846	0	-5.33E-03
7179	-8.01E-02	0.19724	0	-2.63E-03
7180	-6.94E-02	0.19358	0	-2.60E-03
7181	-6.41E-02	0.18258	0	-8.49E-03
7182	-7.38E-02	0.17225	0	-7.17E-03
7183	-8.40E-02	0.18796	0	-3.87E-03
7184	-8.19E-02	0.17845	0	-5.30E-03
7189	-9.90E-02	-9.63E-02	0	1.72E-03
7190	-8.81E-02	-0.12204	0	1.45E-03
7191	-0.11532	-0.10055	0	1.02E-03
7192	-0.11779	-0.11892	0	9.81E-04
7193	-0.10393	-0.12919	0	1.05E-03
7194	-8.65E-02	-0.10961	0	2.02E-03
7198	9.90E-02	0.30631	0	1.47E-03
7199	8.81E-02	0.33204	0	1.49E-03
7200	0.11532	0.31057	0	1.04E-03
7201	0.11779	0.32895	0	9.31E-04
7202	0.10393	0.3392	0	1.02E-03
7203	8.65E-02	0.31961	0	1.82E-03
7206	0.12205	2.15E-02	0	-2.49E-03
7207	0.1294	1.00E-02	0	-1.87E-03
7208	0.15442	2.48E-02	0	-2.21E-03
7209	0.1447	3.25E-02	0	-2.58E-03
7210	0.14973	1.22E-02	0	-1.92E-03
7211	0.1393	8.24E-03	0	-1.68E-03
7215	-0.11979	2.08E-02	0	-2.65E-03
7216	-0.14913	3.03E-02	0	-2.50E-03
7217	-0.12693	9.03E-03	0	-1.92E-03
7218	-0.14595	1.33E-02	0	-2.12E-03
7221	1.80E-02	0.36621	0	1.77E-03
7222	2.89E-02	0.33826	0	2.46E-03
7223	3.29E-02	0.35608	0	1.78E-03
7224	1.29E-02	0.33681	0	2.83E-03
7225	4.48E-03	0.3587	0	1.94E-03
7229	-1.80E-02	-0.15621	0	1.63E-03
7230	-2.89E-02	-0.12826	0	2.42E-03
7231	-3.29E-02	-0.14608	0	1.77E-03
7232	-1.29E-02	-0.12681	0	2.79E-03
7233	-4.48E-03	-0.1487	0	1.87E-03
7237	0.17425	-7.49E-02	0	-2.75E-04
7238	0.1868	-5.09E-02	0	-6.69E-04
7239	0.20709	-7.37E-02	0	-5.46E-04
7240	0.18986	-8.08E-02	0	-4.05E-04
7241	0.20133	-5.44E-02	0	-7.13E-04
7245	0.23028	0.27616	0	-6.92E-04
7246	0.22455	0.30979	0	-4.41E-04
7247	0.21993	0.2904	0	-5.28E-04
7248	0.2463	0.31396	0	-4.75E-04
7249	0.24711	0.26934	0	-7.99E-04
7254	-0.23139	-6.63E-02	0	-7.45E-04
7255	-0.22351	-0.10143	0	-4.37E-04
7256	-0.2188	-8.20E-02	0	-5.50E-04
7257	-0.24516	-0.10582	0	-4.96E-04
7258	-0.24583	-7.05E-02	0	-7.18E-04
7262	-0.17991	0.28302	0	-3.54E-04
7263	-0.21872	0.2695	0	-7.37E-04
7264	-0.21203	0.28547	0	-5.71E-04
7265	-0.20481	0.26074	0	-7.80E-04
7266	-0.19486	0.2898	0	-4.26E-04
7267	-0.1939	0.26033	0	-7.41E-04
7271	4.22E-02	-0.18606	0	8.15E-04
7272	2.32E-02	-0.17809	0	1.01E-03
7273	4.86E-02	-0.16473	0	1.10E-03
7274	4.03E-02	-0.14975	0	1.61E-03
7275	1.95E-02	-0.16076	0	1.44E-03
7281	-4.22E-02	0.39606	0	9.85E-04
7282	-2.32E-02	0.38809	0	1.20E-03
7283	-4.86E-02	0.37473	0	1.24E-03
7284	-4.03E-02	0.35975	0	1.63E-03
7285	-1.95E-02	0.37076	0	1.58E-03
7289	8.94E-02	9.49E-02	0	-9.24E-03
7290	9.93E-02	0.10574	0	-7.85E-03
7291	0.11487	0.10042	0	-6.44E-03
7292	0.10212	7.99E-02	0	-7.13E-03
7293	0.11486	8.63E-02	0	-6.32E-03
7297	-9.02E-02	9.40E-02	0	-9.21E-03
7298	-0.12178	9.12E-02	0	-5.72E-03
7299	-0.10027	0.10544	0	-7.44E-03
7300	-0.11155	7.95E-02	0	-6.40E-03
7301	-0.11438	0.1014	0	-6.05E-03
7305	-1.67E-02	-3.45E-02	0	2.59E-02
7306	-2.34E-02	-1.95E-02	0	4.17E-02
7307	-1.31E-02	-2.78E-02	0	3.18E-02
7308	-2.60E-02	-3.50E-02	0	2.36E-02
7309	-1.59E-02	-2.04E-02	0	4.37E-02
7313	1.67E-02	0.24448	0	2.48E-02
7314	2.29E-02	0.22914	0	4.11E-02
7315	1.31E-02	0.23784	0	3.28E-02
7316	2.60E-02	0.24502	0	2.26E-02
7317	1.59E-02	0.23041	0	4.28E-02
7321	3.05E-02	-3.64E-02	0	1.93E-02
7322	3.70E-02	-2.80E-02	0	1.94E-02
7323	2.76E-02	-1.83E-02	0	3.80E-02
7324	2.08E-02	-3.90E-02	0	2.03E-02
7325	2.12E-02	-2.01E-02	0	3.91E-02
7326	3.67E-02	-2.09E-02	0	2.24E-02
7331	-3.05E-02	0.24637	0	1.96E-02
7332	-3.70E-02	0.23804	0	1.91E-02
7333	-2.77E-02	0.22825	0	4.20E-02
7334	-2.08E-02	0.24896	0	2.01E-02
7335	-2.12E-02	0.23014	0	3.86E-02
7336	-3.67E-02	0.23066	0	2.35E-02
7340	-6.40E-02	9.04E-02	0	-1.55E-02
7341	-6.35E-02	0.10107	0	-1.50E-02
7342	-8.60E-02	0.10991	0	-9.71E-03
7343	-7.07E-02	0.11066	0	-1.29E-02
7349	6.40E-02	9.05E-02	0	-1.52E-02
7350	6.35E-02	0.10114	0	-1.50E-02
7351	8.60E-02	0.10947	0	-9.69E-03
7352	7.07E-02	0.11067	0	-1.27E-02
7357	0.20464	9.92E-02	0	-2.27E-03
7358	0.22251	0.13035	0	-2.11E-03
7359	0.19202	0.13623	0	-2.43E-03
7360	0.18833	0.10853	0	-2.74E-03
7361	0.22495	0.1113	0	-2.13E-03
7362	0.20848	0.13771	0	-2.18E-03
7366	-0.18673	0.10776	0	-2.68E-03
7367	-0.20323	0.10143	0	-2.32E-03
7368	-0.22216	0.1352	0	-2.09E-03
7369	-0.1912	0.13865	0	-2.48E-03
7370	-0.22442	0.11274	0	-2.14E-03
7371	-0.20656	0.13911	0	-2.13E-03
7377	-0.12664	0.32886	0	6.24E-04
7378	-0.10974	0.33185	0	9.15E-04
7379	-9.72E-02	0.3206	0	1.32E-03
7380	-0.12495	0.31349	0	7.25E-04
7381	-0.11036	0.30469	0	1.10E-03
7386	0.12664	-0.11886	0	6.15E-04
7387	0.10974	-0.12185	0	8.29E-04
7388	9.72E-02	-0.1106	0	1.40E-03
7389	0.12495	-0.10349	0	5.95E-04
7390	0.1103	-9.47E-02	0	1.08E-03
7394	8.78E-02	0.28317	0	2.23E-03
7395	9.88E-02	0.27603	0	1.60E-03
7396	0.11381	0.29592	0	1.14E-03
7397	0.117	0.28126	0	9.38E-04
7400	-8.78E-02	-7.32E-02	0	2.55E-03
7401	-9.96E-02	-6.57E-02	0	1.74E-03
7402	-0.11381	-8.59E-02	0	1.29E-03
7403	-0.10768	-7.44E-02	0	1.45E-03
7408	-0.21036	-6.32E-02	0	-7.02E-04
7409	-0.20561	-4.43E-02	0	-8.31E-04
7410	-0.21696	-2.67E-02	0	-1.11E-03
7411	-0.23649	-3.70E-02	0	-9.86E-04
7412	-0.23739	-5.17E-02	0	-8.70E-04
7416	5.42E-03	-8.13E-02	0	7.11E-03
7417	4.34E-03	-9.30E-02	0	5.66E-03
7418	-8.89E-03	-0.10109	0	5.06E-03
7419	-1.40E-02	-8.24E-02	0	7.44E-03
7420	-1.55E-02	-9.26E-02	0	5.77E-03
7424	-5.42E-03	0.29127	0	7.33E-03
7425	-4.34E-03	0.30305	0	5.88E-03
7426	8.89E-03	0.31109	0	5.10E-03
7427	1.40E-02	0.29241	0	7.37E-03
7428	1.55E-02	0.30256	0	5.79E-03
7433	-0.18805	8.69E-02	0	-2.69E-03
7434	-0.15535	9.31E-02	0	-3.77E-03
7435	-0.16037	8.15E-02	0	-3.32E-03
7436	-0.1748	8.04E-02	0	-2.85E-03
7441	0.16211	8.34E-02	0	-3.48E-03
7442	0.16376	6.39E-02	0	-3.23E-03
7443	0.15065	5.75E-02	0	-3.36E-03
7444	0.13868	7.60E-02	0	-4.53E-03
7445	0.14866	8.37E-02	0	-3.97E-03
7449	-3.94E-03	-0.18257	0	9.74E-04
7450	-3.60E-02	-0.16262	0	1.30E-03
7451	-1.95E-02	-0.18998	0	8.40E-04
7452	-3.65E-02	-0.18051	0	9.12E-04
7453	-7.59E-03	-0.16524	0	1.40E-03
7458	3.94E-03	0.39257	0	1.15E-03
7459	3.60E-02	0.37262	0	1.37E-03
7460	1.95E-02	0.39998	0	9.48E-04
7461	3.65E-02	0.39051	0	1.03E-03
7462	7.59E-03	0.37524	0	1.53E-03
7466	0.15854	0.21486	0	-1.27E-03
7467	0.12513	0.20194	0	-1.85E-03
7468	0.15072	0.19483	0	-1.78E-03
7469	0.12687	0.21521	0	-9.02E-04
7470	0.14161	0.21993	0	-1.01E-03
7476	-0.15854	0.21485	0	-1.53E-03
7477	-0.12514	0.20192	0	-1.87E-03
7478	-0.15073	0.19483	0	-2.02E-03
7479	-0.12691	0.21517	0	-1.16E-03
7480	-0.14161	0.21993	0	-1.26E-03
7485	4.00E-02	0.28453	0	6.42E-03
7486	3.52E-02	0.26226	0	1.21E-02
7487	4.87E-02	0.27855	0	6.61E-03
7488	3.04E-02	0.2793	0	8.22E-03
7489	2.86E-02	0.26908	0	1.04E-02
7490	5.10E-02	0.26764	0	7.03E-03
7496	-4.00E-02	-7.45E-02	0	6.32E-03
7497	-3.52E-02	-5.23E-02	0	1.21E-02
7498	-4.87E-02	-6.86E-02	0	6.48E-03
7499	-3.04E-02	-6.93E-02	0	8.25E-03
7500	-2.86E-02	-5.91E-02	0	1.10E-02
7501	-5.10E-02	-5.76E-02	0	6.89E-03
7505	4.83E-02	-9.75E-02	0	4.09E-03
7506	2.88E-02	-7.97E-02	0	6.40E-03
7507	2.77E-02	-9.15E-02	0	4.95E-03
7508	5.21E-02	-8.49E-02	0	4.43E-03
7509	3.60E-02	-7.46E-02	0	6.91E-03
7510	3.79E-02	-9.88E-02	0	4.29E-03
7515	-4.83E-02	0.30749	0	4.46E-03
7516	-2.88E-02	0.28974	0	6.88E-03
7517	-2.77E-02	0.30151	0	5.43E-03
7518	-5.21E-02	0.29494	0	4.53E-03
7519	-3.60E-02	0.2846	0	7.42E-03
7520	-3.79E-02	0.30876	0	4.42E-03
7525	0.20829	0.27478	0	-6.21E-04
7526	0.20346	0.25756	0	-7.78E-04
7527	0.21613	0.24334	0	-1.02E-03
7528	0.23547	0.25372	0	-8.92E-04
7532	0.18725	0.32185	0	-1.76E-04
7533	0.14872	0.30805	0	3.21E-04
7534	0.18262	0.30246	0	-2.63E-04
7535	0.15119	0.32643	0	2.07E-04
7536	0.16503	0.29854	0	-2.06E-04
7541	-0.18725	-0.11171	0	-1.52E-04
7542	-0.18254	-9.22E-02	0	-2.65E-04
7543	-0.14872	-9.79E-02	0	2.83E-04
7544	-0.15119	-0.11625	0	2.43E-04
7545	-0.16416	-9.08E-02	0	-2.48E-05
7549	6.84E-02	0.15104	0	-1.12E-02
7550	8.03E-02	0.13135	0	-1.08E-02
7551	5.67E-02	0.14998	0	-1.60E-02
7552	6.50E-02	0.13254	0	-1.38E-02
7553	5.58E-02	0.13897	0	-1.59E-02
7559	0.16627	-1.62E-02	0	-9.74E-04
7560	0.1824	-2.24E-02	0	-1.04E-03
7561	0.17046	-2.41E-03	0	-1.41E-03
7562	0.19263	-9.41E-03	0	-1.26E-03
7563	0.1858	1.69E-03	0	-1.44E-03
7565	-0.16627	-1.62E-02	0	-1.14E-03
7566	-0.1841	-2.49E-02	0	-1.05E-03
7567	-0.19545	-7.32E-03	0	-1.32E-03
7568	-0.16894	-5.46E-04	0	-1.56E-03
7571	7.26E-02	3.21E-04	0	1.87E-03
7572	7.99E-02	-7.45E-03	0	9.16E-04
7573	7.40E-02	7.78E-03	0	-1.22E-03
7574	8.23E-02	1.49E-02	0	-2.33E-03
7575	8.95E-02	-1.96E-05	0	-3.54E-04
7579	-7.26E-02	3.21E-04	0	1.17E-03
7580	-7.95E-02	-7.42E-03	0	6.92E-04
7581	-7.40E-02	7.78E-03	0	-1.68E-03
7582	-8.23E-02	1.50E-02	0	-2.65E-03
7583	-8.95E-02	-1.96E-05	0	-5.91E-04
7587	-6.61E-02	0.33379	0	2.31E-03
7588	-6.06E-02	0.30727	0	3.19E-03
7589	-5.22E-02	0.33276	0	2.46E-03
7590	-6.94E-02	0.32135	0	2.42E-03
7591	-4.64E-02	0.32108	0	3.08E-03
7595	6.61E-02	-0.12379	0	2.27E-03
7596	6.06E-02	-9.73E-02	0	3.29E-03
7597	5.22E-02	-0.12276	0	2.47E-03
7598	6.94E-02	-0.11135	0	2.43E-03
7599	4.64E-02	-0.11108	0	3.15E-03
7603	-8.99E-02	-5.73E-02	0	2.30E-03
7604	-6.79E-02	-6.99E-02	0	3.90E-03
7605	-7.02E-02	-5.90E-02	0	4.31E-03
7606	-8.08E-02	-5.45E-02	0	3.28E-03
7609	8.91E-02	0.26755	0	2.26E-03
7610	6.79E-02	0.2799	0	3.85E-03
7611	7.02E-02	0.26898	0	4.27E-03
7612	8.09E-02	0.26455	0	3.26E-03
7617	5.68E-02	-2.40E-03	0	7.98E-03
7618	4.75E-02	-9.52E-03	0	1.59E-02
7619	4.36E-02	-5.71E-03	0	1.91E-02
7620	4.90E-02	2.43E-03	0	5.52E-03
7621	4.36E-02	-6.87E-04	0	1.18E-02
7625	5.66E-02	0.20756	0	5.07E-03
7626	4.30E-02	0.21654	0	1.86E-02
7627	4.71E-02	0.20511	0	3.49E-03
7628	4.88E-02	0.2204	0	1.26E-02
7629	4.44E-02	0.21055	0	1.49E-02
7634	-5.74E-02	-3.13E-03	0	7.43E-03
7635	-4.40E-02	-7.93E-03	0	2.23E-02
7636	-4.86E-02	-1.24E-02	0	1.47E-02
7637	-4.95E-02	1.70E-03	0	5.49E-03
7638	-4.47E-02	-1.95E-03	0	1.37E-02
7642	-5.62E-02	0.20724	0	4.81E-03
7643	-4.69E-02	0.20472	0	2.71E-03
7644	-4.76E-02	0.21822	0	1.56E-02
7645	-4.37E-02	0.21474	0	1.89E-02
7646	-4.37E-02	0.20955	0	1.06E-02
7650	-0.11276	1.10E-02	0	-2.11E-03
7651	-0.10162	3.65E-02	0	-4.90E-03
7652	-9.49E-02	2.57E-02	0	-3.70E-03
7653	-0.10209	1.07E-02	0	-1.64E-03
7657	0.11299	1.12E-02	0	-2.11E-03
7658	9.97E-02	3.52E-02	0	-4.15E-03
7659	9.49E-02	2.56E-02	0	-3.69E-03
7660	0.1021	1.07E-02	0	-1.71E-03
7664	5.93E-02	0.33499	0	2.17E-03
7665	6.33E-02	0.3528	0	1.49E-03
7666	9.16E-02	0.35028	0	1.14E-03
7667	7.41E-02	0.33069	0	1.94E-03
7672	-5.93E-02	-0.12499	0	2.09E-03
7673	-6.33E-02	-0.1428	0	1.45E-03
7674	-9.16E-02	-0.14027	0	1.05E-03
7675	-7.41E-02	-0.12069	0	2.02E-03
7680	-0.21614	0.35763	0	-1.70E-04
7681	-0.21597	0.40002	0	-8.62E-05
7682	-0.20383	0.38984	0	-5.61E-05
7683	-0.23394	0.39789	0	-1.04E-04
7684	-0.23727	0.37313	0	-1.91E-04
7687	-0.21536	-0.14147	0	-2.19E-04
7688	-0.21565	-0.18893	0	-9.69E-05
7689	-0.23701	-0.14586	0	-2.78E-04
7690	-0.20629	-0.17523	0	-8.46E-05
7691	-0.23472	-0.18287	0	-1.31E-04
7696	0.21536	0.35147	0	-2.13E-04
7697	0.21565	0.39893	0	-8.99E-05
7698	0.23711	0.35565	0	-2.47E-04
7699	0.20629	0.38523	0	-6.84E-05
7700	0.23472	0.39287	0	-1.26E-04
7706	0.21614	-0.14763	0	-2.11E-04
7707	0.21597	-0.19002	0	-1.02E-04
7708	0.20383	-0.17984	0	-7.60E-05
7709	0.23394	-0.18789	0	-1.14E-04
7710	0.23727	-0.16313	0	-1.96E-04
7714	0.14264	-7.49E-02	0	2.05E-04
7715	0.16416	-9.95E-02	0	-9.35E-06
7716	0.17536	-8.99E-02	0	-1.87E-04
7717	0.14859	-9.14E-02	0	1.28E-04
7721	-0.14699	0.28479	0	1.54E-04
7722	-0.16556	0.30876	0	-3.02E-05
7723	-0.17717	0.29931	0	-1.70E-04
7724	-0.14983	0.30059	0	2.10E-04
7728	4.03E-02	-3.74E-02	0	1.34E-02
7729	2.41E-02	-4.84E-02	0	1.43E-02
7730	4.40E-02	-4.58E-02	0	1.03E-02
7731	3.29E-02	-5.49E-02	0	1.10E-02
7736	-4.03E-02	0.24743	0	1.29E-02
7737	-2.41E-02	0.25836	0	1.38E-02
7738	-4.42E-02	0.25554	0	1.03E-02
7739	-3.29E-02	0.2649	0	1.12E-02
7745	0.12838	-5.14E-02	0	1.73E-04
7746	0.11286	-6.17E-02	0	1.03E-03
7747	0.11664	-5.32E-02	0	7.86E-04
7748	0.13149	-8.22E-02	0	3.90E-04
7749	0.11685	-7.34E-02	0	8.74E-04
7754	-0.12959	0.26345	0	2.94E-04
7755	-0.11589	0.27001	0	1.01E-03
7756	-0.1346	0.29286	0	4.62E-04
7757	-0.12002	0.28406	0	8.37E-04
7761	0.18961	-0.1202	0	-1.19E-04
7762	0.21804	-0.10356	0	-4.38E-04
7763	0.20081	-0.11065	0	-2.97E-04
7764	0.22897	-0.11813	0	-3.70E-04
7765	0.23178	-0.14104	0	-2.62E-04
7771	-0.18978	0.33026	0	-8.92E-05
7772	-0.21856	0.31649	0	-3.74E-04
7773	-0.20139	0.32082	0	-2.29E-04
7774	-0.22897	0.32813	0	-3.44E-04
7775	-0.23178	0.35104	0	-2.36E-04
7780	-4.16E-02	-0.10196	0	3.55E-03
7781	-4.68E-02	-0.13467	0	2.09E-03
7782	-2.69E-02	-0.1154	0	3.11E-03
7783	-3.35E-02	-0.10688	0	3.82E-03
7784	-5.76E-02	-0.11256	0	2.66E-03
7789	4.16E-02	0.31196	0	3.58E-03
7790	4.68E-02	0.34467	0	2.06E-03
7791	2.69E-02	0.3254	0	3.11E-03
7792	3.35E-02	0.31688	0	3.80E-03
7793	5.76E-02	0.32256	0	2.50E-03
7797	4.65E-02	-2.20E-02	0	1.65E-02
7798	5.05E-02	-3.75E-02	0	1.03E-02
7799	5.68E-02	-2.99E-02	0	9.65E-03
7805	-4.65E-02	0.23172	0	1.68E-02
7806	-5.07E-02	0.24721	0	9.86E-03
7807	-5.50E-02	0.23949	0	9.68E-03
7811	0.2392	-2.92E-02	0	-1.03E-03
7812	0.23219	5.37E-03	0	-1.39E-03
7813	0.22232	-2.71E-02	0	-1.06E-03
7814	0.24715	-1.58E-02	0	-1.21E-03
7815	0.21802	-1.05E-02	0	-1.23E-03
7818	0.17213	0.20417	0	-1.67E-03
7819	0.16301	0.22927	0	-8.96E-04
7820	0.1841	0.23939	0	-9.63E-04
7821	0.19678	0.22516	0	-1.21E-03
7825	-0.17213	0.20417	0	-1.72E-03
7826	-0.16301	0.22927	0	-9.62E-04
7827	-0.18507	0.23567	0	-1.05E-03
7828	-0.19263	0.22409	0	-1.22E-03
7833	-0.23528	0.24462	0	-1.04E-03
7834	-0.23953	0.20818	0	-1.38E-03
7835	-0.22137	0.23586	0	-1.08E-03
7836	-0.21802	0.22387	0	-1.21E-03
7837	-0.24351	0.22856	0	-1.19E-03
7842	-8.78E-02	0.25794	0	2.92E-03
7843	-7.91E-02	0.2654	0	3.59E-03
7844	-7.71E-02	0.24021	0	3.50E-03
7845	-6.51E-02	0.25411	0	5.76E-03
7846	-6.94E-02	0.24639	0	5.58E-03
7847	-7.04E-02	0.26269	0	4.56E-03
7850	-0.10919	0.18624	0	-3.01E-03
7851	-0.1149	0.21158	0	-1.20E-03
7852	-0.1065	0.20699	0	-1.06E-03
7853	-0.10291	0.19473	0	-2.44E-03
7857	0.10918	0.18625	0	-3.36E-03
7858	0.11486	0.21162	0	-1.37E-03
7859	0.10649	0.20699	0	-1.07E-03
7860	0.10291	0.19474	0	-2.62E-03
7865	0.1127	0.25435	0	9.44E-04
7866	0.12092	0.23658	0	-8.08E-05
7867	0.13567	0.24131	0	-1.89E-04
7868	0.13088	0.25957	0	2.81E-04
7873	0.1419	-3.03E-02	0	-4.14E-04
7874	0.13567	-2.05E-02	0	-6.12E-04
7875	0.12205	-2.89E-02	0	-1.33E-04
7876	0.11948	-3.89E-02	0	4.94E-04
7879	-0.11371	0.25641	0	8.98E-04
7880	-0.12204	0.23733	0	-1.59E-04
7881	-0.13675	0.24209	0	-2.57E-04
7886	-0.11488	-4.55E-02	0	7.48E-04
7887	-0.14029	-3.24E-02	0	-4.78E-04
7888	-0.12292	-5.42E-02	0	4.57E-04
7889	-0.12938	-3.03E-02	0	-3.30E-04
7890	-0.12018	-3.18E-02	0	4.50E-05
7893	7.43E-02	0.206	0	-1.17E-04
7894	8.24E-02	0.21823	0	1.45E-03
7895	9.24E-02	0.21267	0	2.41E-04
7896	8.88E-02	0.20041	0	-1.31E-03
7902	-7.42E-02	0.20604	0	-4.60E-04
7903	-8.17E-02	0.21861	0	1.14E-03
7904	-9.24E-02	0.21267	0	-3.49E-04
7905	-8.88E-02	0.20041	0	-1.73E-03
7909	-0.14166	0.3884	0	2.52E-04
7910	-0.12542	0.41788	0	1.53E-04
7911	-0.16701	0.4035	0	8.09E-05
7912	-0.11696	0.4024	0	3.49E-04
7913	-0.16063	0.42108	0	7.84E-05
7918	-0.14215	-0.17757	0	2.13E-04
7919	-0.16947	-0.19024	0	5.79E-05
7920	-0.13249	-0.18803	0	2.49E-04
7921	-0.13447	-0.20487	0	1.52E-04
7922	-0.16159	-0.21015	0	7.46E-05
7926	0.14215	0.38757	0	2.36E-04
7927	0.16947	0.40024	0	8.44E-05
7928	0.13249	0.39803	0	2.56E-04
7929	0.13447	0.41487	0	1.59E-04
7930	0.16159	0.42015	0	9.34E-05
7933	0.14166	-0.1784	0	2.42E-04
7934	0.12542	-0.20788	0	1.61E-04
7935	0.16701	-0.1935	0	8.27E-05
7936	0.11696	-0.1924	0	2.90E-04
7937	0.16063	-0.21108	0	9.29E-05
7942	0.17278	0.16791	0	-2.35E-03
7943	0.15428	0.17003	0	-2.77E-03
7948	-0.1724	0.16958	0	-2.43E-03
7949	-0.15428	0.17003	0	-2.81E-03
7953	-0.15675	5.58E-02	0	-3.06E-03
7954	-0.16113	2.48E-02	0	-2.17E-03
7955	-0.17118	5.47E-02	0	-2.59E-03
7960	8.52E-03	0.24481	0	2.81E-02
7961	2.14E-02	0.25199	0	1.79E-02
7962	5.66E-03	0.25037	0	2.03E-02
7963	1.49E-02	0.2588	0	1.63E-02
7968	-8.52E-03	-3.48E-02	0	2.64E-02
7969	-2.14E-02	-4.20E-02	0	1.82E-02
7970	-5.66E-03	-4.04E-02	0	2.08E-02
7971	-1.49E-02	-4.88E-02	0	1.71E-02
7975	-5.82E-02	0.19137	0	-6.32E-03
7976	-5.41E-02	0.19986	0	-2.54E-03
7980	5.83E-02	0.19133	0	-6.56E-03
7981	5.42E-02	0.19985	0	-2.12E-03
7983	-6.26E-02	0.17003	0	-1.09E-02
7984	-4.88E-02	0.18885	0	-8.43E-03
7985	-5.09E-02	0.16897	0	-1.47E-02
7990	6.26E-02	0.17003	0	-1.09E-02
7991	4.88E-02	0.18887	0	-8.14E-03
7992	5.09E-02	0.16897	0	-1.56E-02
7996	-4.90E-02	3.08E-02	0	-1.39E-02
7997	-5.89E-02	1.83E-02	0	-6.33E-03
7998	-4.96E-02	1.57E-02	0	-5.42E-03
8003	4.90E-02	3.08E-02	0	-1.37E-02
8004	5.89E-02	1.83E-02	0	-6.14E-03
8005	4.96E-02	1.57E-02	0	-5.51E-03
8010	0.13474	0.35345	0	3.98E-04
8011	0.12088	0.3637	0	4.87E-04
8012	0.12475	0.38043	0	3.30E-04
8014	-0.13474	-0.14343	0	4.03E-04
8015	-0.12088	-0.1537	0	4.73E-04
8016	-0.12475	-0.17043	0	3.34E-04
8018	-3.23E-02	0.41036	0	7.21E-04
8019	-7.71E-02	0.42352	0	3.34E-04
8020	-5.77E-02	0.39701	0	7.69E-04
8021	-6.86E-02	0.40805	0	5.29E-04
8022	-3.27E-02	0.42476	0	3.98E-04
8026	3.23E-02	-0.20036	0	5.95E-04
8027	7.71E-02	-0.21352	0	2.77E-04
8028	5.77E-02	-0.18701	0	6.84E-04
8029	6.86E-02	-0.19805	0	4.06E-04
8030	3.27E-02	-0.21476	0	3.59E-04
8035	0.13023	-2.10E-03	0	-1.30E-03
8036	0.10945	-8.16E-04	0	-1.10E-03
8037	0.11661	-1.05E-02	0	-8.24E-04
8041	-0.13893	3.50E-03	0	-1.59E-03
8042	-0.10923	-1.03E-03	0	-9.15E-04
8043	-0.12534	-1.00E-02	0	-1.03E-03
8044	-0.11615	-1.16E-02	0	-6.51E-04
8048	6.97E-02	-0.15172	0	1.27E-03
8049	9.12E-02	-0.13657	0	1.18E-03
8050	6.14E-02	-0.13674	0	1.79E-03
8051	7.86E-02	-0.12533	0	1.75E-03
8055	-6.97E-02	0.36172	0	1.26E-03
8056	-9.12E-02	0.34657	0	1.20E-03
8057	-6.14E-02	0.34674	0	1.65E-03
8058	-7.86E-02	0.33533	0	1.61E-03
8061	4.90E-02	0.29109	0	4.61E-03
8062	3.07E-02	0.29184	0	6.22E-03
8063	3.23E-02	0.30199	0	4.64E-03
8064	5.64E-02	0.30767	0	3.34E-03
8068	-4.90E-02	-8.11E-02	0	4.54E-03
8069	-3.07E-02	-8.18E-02	0	6.31E-03
8070	-3.23E-02	-9.20E-02	0	4.64E-03
8071	-5.64E-02	-9.77E-02	0	3.48E-03
8075	6.41E-02	0.24158	0	6.69E-03
8076	7.59E-02	0.23577	0	3.64E-03
8077	6.71E-02	0.25402	0	5.16E-03
8078	7.78E-02	0.24959	0	4.15E-03
8082	-6.41E-02	-3.16E-02	0	7.98E-03
8083	-7.52E-02	-2.54E-02	0	3.94E-03
8084	-6.71E-02	-4.40E-02	0	5.64E-03
8085	-7.77E-02	-3.95E-02	0	4.60E-03
8088	-9.14E-02	0.27043	0	2.28E-03
8089	-0.10414	0.27702	0	1.44E-03
8093	9.18E-02	-6.19E-02	0	1.99E-03
8094	0.10396	-4.91E-02	0	1.35E-03
8095	9.33E-02	-4.91E-02	0	2.35E-03
8096	0.10417	-6.93E-02	0	1.44E-03
8099	-0.22284	7.08E-02	0	-2.10E-03
8100	-0.22574	9.19E-02	0	-2.15E-03
8101	-0.1913	7.41E-02	0	-2.49E-03
8106	0.2238	6.94E-02	0	-2.02E-03
8107	0.19016	8.70E-02	0	-2.67E-03
8108	0.22678	8.98E-02	0	-2.06E-03
8109	0.19181	6.75E-02	0	-2.42E-03
8114	-0.1095	0.1292	0	-6.51E-03
8115	-0.13356	0.1465	0	-4.25E-03
8116	-0.12091	0.148	0	-4.70E-03
8117	-0.12362	0.12516	0	-5.13E-03
8121	0.10931	0.12826	0	-6.53E-03
8122	0.12485	0.12294	0	-5.11E-03
8123	0.13346	0.14606	0	-4.06E-03
8124	0.12084	0.14751	0	-4.55E-03
8130	1.75E-02	0.22205	0	5.44E-02
8131	3.05E-02	0.22052	0	3.96E-02
8132	2.75E-02	0.21814	0	5.66E-02
8138	-1.80E-02	-1.24E-02	0	5.41E-02
8139	-3.17E-02	-1.09E-02	0	4.24E-02
8140	-2.88E-02	-7.75E-03	0	5.21E-02
8146	5.15E-02	9.30E-02	0	-1.91E-02
8147	5.25E-02	7.11E-02	0	-1.79E-02
8155	-5.15E-02	9.30E-02	0	-1.90E-02
8156	-5.25E-02	7.11E-02	0	-1.79E-02
8163	5.82E-02	0.11318	0	-1.66E-02
8164	4.74E-02	0.11179	0	-2.01E-02
8168	-5.83E-02	0.11325	0	-1.64E-02
8169	-4.74E-02	0.11179	0	-2.00E-02
8174	-0.24467	0.12565	0	-1.91E-03
8175	-0.24537	0.17035	0	-1.70E-03
8176	-0.22681	0.15203	0	-1.90E-03
8180	0.24465	0.12087	0	-1.90E-03
8181	0.22819	0.14729	0	-1.96E-03
8182	0.24347	0.15733	0	-1.79E-03
8187	0.20256	0.3084	0	-3.69E-04
8188	0.22894	0.33197	0	-3.16E-04
8191	-0.20248	-9.83E-02	0	-3.95E-04
8192	-0.22884	-0.12218	0	-3.40E-04
8197	-2.16E-02	0.22142	0	5.47E-02
8198	-3.72E-02	0.22193	0	3.96E-02
8199	-3.33E-02	0.21845	0	4.29E-02
8205	2.15E-02	-1.14E-02	0	5.18E-02
8206	3.71E-02	-1.22E-02	0	3.51E-02
8207	3.31E-02	-8.42E-03	0	3.83E-02
8212	-0.14416	8.14E-02	0	-4.04E-03
8213	-0.12891	8.12E-02	0	-5.17E-03
8214	-0.13174	0.10309	0	-4.83E-03
8219	5.05E-02	4.95E-02	0	-1.70E-02
8220	6.17E-02	5.29E-02	0	-1.32E-02
8224	-5.05E-02	4.95E-02	0	-1.70E-02
8225	-6.21E-02	5.31E-02	0	-1.28E-02
8229	1.03E-03	0.23113	0	4.42E-02
8230	7.69E-03	0.23074	0	4.62E-02
8231	2.01E-03	0.24373	0	2.84E-02
8236	-1.03E-03	-2.11E-02	0	4.23E-02
8237	-7.69E-03	-2.07E-02	0	4.42E-02
8238	-2.01E-03	-3.37E-02	0	2.67E-02
8243	-0.19302	-5.99E-02	0	-6.37E-04
8244	-0.17939	-7.74E-02	0	-2.68E-04
8250	0.11833	0.26563	0	9.67E-04
8251	9.19E-02	0.25741	0	2.63E-03
8254	-0.10982	-5.85E-02	0	1.20E-03
8255	-9.26E-02	-4.71E-02	0	2.47E-03
8256	-0.10708	-3.61E-02	0	7.87E-04
8260	6.06E-02	0.15865	0	-1.39E-02
8261	8.04E-02	0.16592	0	-7.44E-03
8265	-6.06E-02	0.15864	0	-1.34E-02
8266	-5.97E-02	0.14763	0	-1.38E-02
8267	-7.60E-02	0.14912	0	-1.02E-02
8268	-8.04E-02	0.16591	0	-7.71E-03
8273	-0.2443	3.77E-02	0	-1.66E-03
8274	-0.22921	4.33E-03	0	-1.38E-03
8275	-0.24874	-5.97E-03	0	-1.26E-03
8279	-1.66E-02	0.29609	0	6.50E-03
8280	-1.61E-02	0.27263	0	1.12E-02
8281	-2.49E-02	0.27918	0	8.49E-03
8283	1.66E-02	-8.61E-02	0	6.12E-03
8284	1.61E-02	-6.26E-02	0	1.14E-02
8285	2.49E-02	-6.92E-02	0	8.08E-03
8290	0.13261	0.31857	0	5.98E-04
8291	0.14644	0.29068	0	1.85E-04
8292	0.13333	0.28552	0	5.07E-04
8298	-0.13261	-0.10852	0	5.49E-04
8299	-0.124	-7.87E-02	0	7.48E-04
8300	-0.14557	-8.30E-02	0	2.81E-04
8305	0.11149	0.115	0	-6.89E-03
8306	8.06E-02	0.12151	0	-1.13E-02
8311	-8.08E-02	0.12209	0	-1.11E-02
8312	-0.11023	0.11729	0	-6.55E-03
8313	-8.79E-02	0.12993	0	-9.38E-03
8317	0.1931	0.2718	0	-6.13E-04
8318	0.18034	0.28509	0	-3.99E-04
8322	0.17376	4.33E-02	0	-2.40E-03
8323	0.16065	3.70E-02	0	-2.54E-03
8324	0.16568	1.67E-02	0	-1.88E-03
8325	0.18101	2.08E-02	0	-1.91E-03
8329	6.68E-02	0.42716	0	2.66E-04
8330	3.31E-02	0.42566	0	3.65E-04
8331	5.01E-02	0.41619	0	4.52E-04
8337	-6.68E-02	-0.21716	0	3.12E-04
8338	-3.31E-02	-0.21566	0	3.90E-04
8339	-5.01E-02	-0.20619	0	4.61E-04
8343	-2.30E-03	-0.1998	0	6.53E-04
8344	9.61E-03	-0.17506	0	1.22E-03
8345	1.37E-02	-0.20679	0	5.50E-04
8349	2.30E-03	0.4098	0	7.31E-04
8350	-9.61E-03	0.38506	0	1.32E-03
8351	-1.37E-02	0.41679	0	6.08E-04
8356	2.32E-03	-0.10591	0	4.08E-03
8357	2.57E-02	-0.10511	0	4.01E-03
8360	-2.32E-03	0.31591	0	4.27E-03
8361	-2.57E-02	0.31511	0	4.05E-03
8365	8.21E-02	4.69E-02	0	-7.81E-03
8366	9.76E-02	5.82E-02	0	-6.22E-03
8367	8.90E-02	3.81E-02	0	-5.11E-03
8372	-8.44E-02	4.84E-02	0	-8.15E-03
8373	-0.10816	5.99E-02	0	-6.41E-03
8374	-9.10E-02	3.95E-02	0	-5.76E-03
8378	0.127	9.56E-02	0	-5.36E-03
8379	0.13698	0.10326	0	-4.80E-03
8383	-2.41E-02	-4.93E-02	0	1.48E-02
8384	-3.73E-02	-3.78E-02	0	1.48E-02
8389	2.41E-02	0.25934	0	1.41E-02
8390	3.73E-02	0.24776	0	1.52E-02
8394	-0.16236	0.15548	0	-3.03E-03
8395	-0.19585	0.15549	0	-2.30E-03
8400	0.16274	0.15381	0	-2.95E-03
8401	0.1977	0.15317	0	-2.28E-03
8405	-5.14E-02	-0.17038	0	1.06E-03
8409	5.14E-02	0.38038	0	1.04E-03
8413	-7.16E-02	-8.37E-03	0	2.60E-03
8414	-6.62E-02	6.82E-03	0	2.28E-04
8415	-5.69E-02	4.20E-03	0	1.14E-03
8420	7.20E-02	-8.40E-03	0	2.81E-03
8421	6.62E-02	6.82E-03	0	6.71E-04
8422	5.69E-02	4.20E-03	0	1.30E-03
8427	0.23655	-6.44E-02	0	-7.35E-04
8428	0.2308	-4.52E-02	0	-9.02E-04
8429	0.25563	-3.39E-02	0	-1.05E-03
8433	-0.23315	0.28146	0	-6.98E-04
8434	-0.22593	0.25672	0	-9.06E-04
8435	-0.24807	0.24942	0	-1.01E-03
8439	0.13808	-0.14458	0	3.33E-04
8440	0.12118	-0.14757	0	5.47E-04
8444	-0.13808	0.35458	0	3.35E-04
8445	-0.12118	0.35757	0	6.26E-04
8448	0.2296	0.21731	0	-1.31E-03
8449	0.24515	0.19161	0	-1.53E-03
8450	0.24893	0.22769	0	-1.18E-03
8453	-5.95E-02	4.29E-02	0	-1.35E-02
8458	5.91E-02	4.27E-02	0	-1.38E-02
8464	0.24411	8.14E-02	0	-1.88E-03
8465	0.2374	4.14E-02	0	-1.72E-03
8470	-0.24403	8.21E-02	0	-1.92E-03
8474	0.16873	-2.98E-02	0	-7.77E-04
8475	0.15679	-9.76E-03	0	-1.15E-03
8476	0.14636	-1.37E-02	0	-9.07E-04
8482	-0.17043	-3.23E-02	0	-8.64E-04
8483	-0.15527	-7.90E-03	0	-1.38E-03
8484	-0.14169	-2.14E-02	0	-8.14E-04
8489	-3.85E-03	-1.37E-02	0	5.42E-02
8490	8.98E-03	-1.37E-02	0	5.26E-02
8495	3.85E-03	0.2237	0	5.42E-02
8496	-8.98E-03	0.2237	0	5.18E-02
8501	-7.35E-02	0.28631	0	3.10E-03
8502	-9.55E-02	0.28448	0	2.11E-03
8503	-7.40E-02	0.27518	0	3.92E-03
8508	7.39E-02	-7.54E-02	0	3.01E-03
8509	8.49E-02	-5.33E-02	0	2.75E-03
8510	9.58E-02	-7.36E-02	0	1.83E-03
8511	7.43E-02	-6.43E-02	0	3.59E-03
8515	0.11213	0.16648	0	-4.37E-03
8516	9.90E-02	0.18264	0	-3.66E-03
8517	9.69E-02	0.17314	0	-5.05E-03
8521	-0.11209	0.16654	0	-4.21E-03
8522	-9.90E-02	0.18264	0	-3.54E-03
8523	-9.69E-02	0.17313	0	-4.98E-03
8527	-7.62E-03	0.25512	0	1.75E-02
8528	-2.32E-02	0.2675	0	1.17E-02
8533	7.62E-03	-4.51E-02	0	1.82E-02
8534	2.32E-02	-5.75E-02	0	1.20E-02
8537	6.85E-02	0.40925	0	5.19E-04
8538	0.10015	0.40556	0	3.42E-04
8539	0.10213	0.4224	0	2.45E-04
8543	-6.85E-02	-0.19925	0	5.13E-04
8544	-0.10015	-0.19556	0	3.67E-04
8545	-0.10213	-0.2124	0	2.70E-04
8548	-0.12121	-0.13716	0	5.79E-04
8553	0.12121	0.34719	0	5.74E-04
8558	0.13163	0.15738	0	-3.86E-03
8561	-0.13159	0.15743	0	-3.86E-03
8564	0.13134	0.22961	0	-5.28E-04
8565	0.10823	0.22026	0	-1.20E-04
8568	-0.13137	0.22958	0	-5.97E-04
8569	-0.10826	0.22023	0	-3.53E-04
8573	0.12393	-0.13239	0	5.67E-04
8574	0.1547	-0.12212	0	1.96E-04
8575	0.13913	-0.11403	0	3.33E-04
8577	-0.12393	0.34239	0	6.06E-04
8578	-0.15486	0.33219	0	1.77E-04
8579	-0.13913	0.32403	0	4.16E-04
8593	9.44E-02	-0.20324	0	2.79E-04
8597	-9.44E-02	0.41324	0	3.52E-04
8602	-4.26E-02	-1.47E-02	0	2.51E-02
8603	-3.87E-02	-4.24E-03	0	2.42E-02
8604	-3.51E-02	-7.10E-03	0	4.25E-02
8608	4.24E-02	0.22411	0	2.06E-02
8609	3.79E-02	0.21426	0	2.29E-02
8610	3.35E-02	0.21788	0	4.35E-02
8614	0.1755	7.68E-02	0	-2.89E-03
8615	0.1604	9.66E-02	0	-3.63E-03
8619	1.75E-02	0.31542	0	4.18E-03
8623	-1.75E-02	-0.10542	0	4.19E-03
8633	-7.32E-02	0.30881	0	2.48E-03
8634	-6.48E-02	0.28359	0	4.07E-03
8639	7.32E-02	-9.88E-02	0	2.77E-03
8640	6.48E-02	-7.36E-02	0	4.22E-03
8651	-6.00E-02	-6.42E-02	0	5.11E-03
8656	6.00E-02	0.27419	0	5.23E-03
8660	0.19818	-0.20015	0	-3.17E-05
8661	0.22829	-0.2082	0	-6.93E-05
8662	0.1918	-0.21773	0	-2.15E-05
8666	0.19841	0.409	0	-1.49E-05
8667	0.22684	0.41664	0	-7.21E-05
8668	0.19052	0.42891	0	-5.93E-06
8672	-0.19841	-0.199	0	-2.50E-05
8673	-0.22684	-0.20664	0	-7.14E-05
8674	-0.19052	-0.21891	0	-8.21E-06
8680	-0.19818	0.41015	0	-1.81E-05
8681	-0.22829	0.4182	0	-6.60E-05
8682	-0.1918	0.42773	0	-2.05E-05
8688	4.20E-02	0.20283	0	7.75E-03
8692	-4.16E-02	0.20217	0	3.24E-03
8697	-0.22977	0.17427	0	-1.74E-03
8698	-0.25232	0.21297	0	-1.35E-03
8701	-1.93E-02	-6.64E-02	0	1.10E-02
8702	-2.26E-02	-8.68E-02	0	6.57E-03
8706	1.93E-02	0.27638	0	1.03E-02
8707	2.26E-02	0.29675	0	6.45E-03
8711	-0.19962	-2.34E-02	0	-1.04E-03
8712	-0.17464	-5.85E-02	0	-3.96E-04
8716	-5.59E-02	0.3607	0	1.41E-03
8717	-7.51E-02	0.38672	0	7.87E-04
8720	5.59E-02	-0.1507	0	1.48E-03
8721	7.51E-02	-0.17672	0	6.86E-04
8724	5.23E-02	0.23318	0	1.16E-02
8725	5.01E-02	0.2407	0	1.17E-02
8730	-5.17E-02	-2.38E-02	0	1.39E-02
8731	-5.01E-02	-3.07E-02	0	1.20E-02
8736	-0.13944	-7.15E-02	0	4.40E-04
8740	9.45E-02	-0.12413	0	1.35E-03
8744	-9.45E-02	0.33413	0	1.31E-03
8748	-4.80E-02	0.14657	0	-1.77E-02
8753	4.80E-02	0.14657	0	-1.87E-02
8758	-4.18E-02	0.33403	0	2.42E-03
8763	4.18E-02	-0.12403	0	2.67E-03
8776	5.45E-02	0.12132	0	-1.78E-02
8777	5.62E-02	0.12913	0	-1.65E-02
8783	-5.45E-02	0.12138	0	-1.79E-02
8784	-5.63E-02	0.1292	0	-1.62E-02
8785	-7.25E-02	0.13068	0	-1.26E-02
8790	-0.13393	6.96E-02	0	-4.72E-03
8791	-0.16362	6.87E-02	0	-3.11E-03
8795	-0.11122	-0.16416	0	5.09E-04
8799	0.11122	0.37417	0	5.07E-04
8803	0.20095	0.24036	0	-1.02E-03
8804	0.17551	0.26788	0	-5.56E-04
8807	0.24862	6.23E-04	0	-1.42E-03
8808	0.21949	5.93E-03	0	-1.44E-03
8809	0.21266	1.70E-02	0	-1.62E-03
8813	0.19939	-3.95E-02	0	-8.90E-04
8814	0.19509	-2.30E-02	0	-1.06E-03
8817	-0.18051	0.31554	0	-1.02E-04
8818	-0.15317	0.31682	0	2.77E-04
8821	0.17977	-0.10531	0	-1.40E-04
8822	0.15301	-0.10675	0	1.76E-04
8825	0.23296	0.23651	0	-1.13E-03
8830	-0.23049	-1.61E-02	0	-1.20E-03
8843	7.73E-02	3.73E-02	0	-7.35E-03
8848	-7.77E-02	3.77E-02	0	-6.95E-03
8858	0.16404	5.10E-02	0	-2.77E-03
8862	-4.24E-02	0.22086	0	2.45E-02
8868	4.22E-02	-1.11E-02	0	2.28E-02
8871	7.31E-02	-2.34E-02	0	3.86E-03
8872	8.89E-02	-8.74E-03	0	5.80E-04
8873	8.28E-02	-2.84E-02	0	2.48E-03
8878	8.99E-02	0.22121	0	1.39E-03
8880	-8.85E-02	-8.71E-03	0	8.37E-04
8884	-7.08E-02	0.2337	0	4.85E-03
8885	-8.92E-02	0.22158	0	1.28E-03
8895	-0.20929	0.30176	0	-3.86E-04
8896	-0.23688	0.30908	0	-5.02E-04
8900	0.2082	-8.87E-02	0	-4.59E-04
8901	0.23636	-9.62E-02	0	-5.32E-04
8902	0.21967	-6.23E-02	0	-7.66E-04
8906	0.11425	7.51E-02	0	-6.05E-03
8910	4.61E-02	0.23549	0	1.46E-02
8914	-4.56E-02	-2.61E-02	0	1.57E-02
8919	-0.14437	-5.76E-03	0	-1.23E-03
8923	0.15056	8.33E-05	0	-1.35E-03
8924	0.17632	8.14E-03	0	-1.61E-03
8927	3.49E-02	0.40774	0	6.18E-04
8928	1.91E-03	0.4242	0	4.09E-04
8933	-3.49E-02	-0.19774	0	5.91E-04
8934	-1.91E-03	-0.2142	0	4.16E-04
8936	-0.20111	0.24756	0	-9.10E-04
8937	-0.20867	0.23597	0	-1.08E-03
8943	-8.35E-03	-4.77E-02	0	1.74E-02
8946	8.35E-03	0.25772	0	1.66E-02
8950	-5.88E-02	0.2476	0	7.11E-03
8951	-5.99E-02	0.26389	0	6.08E-03
8953	6.05E-02	-3.83E-02	0	6.55E-03
8954	7.03E-02	-4.32E-02	0	5.17E-03
8955	5.97E-02	-5.42E-02	0	6.02E-03
8964	3.83E-02	-2.23E-03	0	1.87E-02
8968	-3.84E-02	0.21219	0	1.95E-02
8972	7.66E-02	-3.56E-02	0	4.49E-03
8986	-0.17966	0.41755	0	9.64E-06
8990	-0.18116	-0.20522	0	4.02E-06
8994	0.18116	0.41522	0	1.56E-05
8999	0.17966	-0.20755	0	3.98E-06
9004	0.13697	8.92E-02	0	-4.68E-03
9008	-0.2501	0.34363	0	-3.65E-04
9013	0.2501	-0.13363	0	-3.56E-04
9018	-0.19776	0.23556	0	-1.04E-03
9022	5.84E-02	1.17E-02	0	-1.79E-03
9023	7.59E-02	2.14E-02	0	-3.53E-03
9027	-5.84E-02	1.17E-02	0	-1.71E-03
9028	-7.60E-02	2.15E-02	0	-3.59E-03
9042	-0.24958	0.3913	0	-1.70E-04
9056	0.24958	-0.1813	0	-1.64E-04
9070	4.37E-02	5.91E-03	0	5.13E-03
9076	-4.42E-02	5.38E-03	0	7.44E-03
9081	0.1265	-1.23E-02	0	-6.26E-04
9092	0.22944	0.16469	0	-1.86E-03
9096	-0.11706	-0.19773	0	2.73E-04
9100	0.11706	0.40773	0	2.53E-04
9105	-3.57E-02	-1.13E-03	0	3.39E-02
9109	3.49E-02	0.21188	0	3.98E-02
9124	-4.54E-02	0.12774	0	-1.98E-02
9130	4.54E-02	0.12774	0	-1.99E-02
9135	0.14963	0.27601	0	-1.89E-05
9154	7.30E-02	0.25884	0	4.63E-03
9157	-7.29E-02	-4.88E-02	0	4.49E-03
9163	9.14E-02	1.36E-02	0	-2.67E-03
9167	-9.14E-02	1.37E-02	0	-2.50E-03
9178	-6.34E-02	0.13704	0	-1.45E-02
9185	-0.25092	-4.11E-02	0	-9.59E-04
9190	-0.10547	-1.19E-02	0	-1.81E-04
9194	0.10572	-1.10E-02	0	-4.19E-04
9223	0.11031	-3.07E-02	0	4.80E-04
9228	9.71E-02	-4.06E-02	0	2.11E-03
9233	7.58E-02	-5.15E-02	0	3.96E-03
9237	-0.12159	-2.08E-02	0	-2.92E-04
9244	-0.14616	-0.21985	0	9.84E-05
9249	0.14616	0.42985	0	9.00E-05
9269	0.20962	-2.65E-02	0	-1.11E-03
9275	-9.63E-02	0.20338	0	-1.59E-03
9278	9.63E-02	0.20338	0	-1.37E-03
9284	0.19849	1.13E-03	0	-1.46E-03
9288	-0.12285	0.29986	0	8.93E-04
9291	0.1228	-8.99E-02	0	7.97E-04
9318	9.06E-02	0.18163	0	-4.32E-03
9323	-9.06E-02	0.18162	0	-4.41E-03
239	2.63E-02	0.20344	0	-38.873
240	2.63E-02	0.19688	0	-64.365
241	2.63E-02	0.18375	0	-76.805
242	2.63E-02	0.17063	0	-81.134
243	2.63E-02	0.1575	0	-81.88
244	2.63E-02	0.14437	0	-81.994
245	2.63E-02	0.13125	0	-82.002
246	2.63E-02	0.11812	0	-81.996
247	2.63E-02	0.105	0	-81.993
248	2.63E-02	9.19E-02	0	-81.996
249	2.63E-02	7.88E-02	0	-82.001
250	2.63E-02	6.56E-02	0	-81.994
251	2.63E-02	5.25E-02	0	-81.879
252	2.63E-02	3.94E-02	0	-81.133
253	2.63E-02	2.63E-02	0	-76.805
254	2.63E-02	1.31E-02	0	-64.364
255	2.63E-02	6.56E-03	0	-38.873
263	-2.63E-02	6.56E-03	0	-38.921
264	-2.63E-02	1.31E-02	0	-64.402
265	-2.63E-02	2.63E-02	0	-76.81
266	-2.63E-02	3.94E-02	0	-81.125
267	-2.63E-02	5.25E-02	0	-81.873
268	-2.63E-02	6.56E-02	0	-81.991
269	-2.63E-02	7.88E-02	0	-82
270	-2.63E-02	9.19E-02	0	-81.995
271	-2.63E-02	0.105	0	-81.992
272	-2.63E-02	0.11812	0	-81.995
273	-2.63E-02	0.13125	0	-82
274	-2.63E-02	0.14437	0	-81.991
275	-2.63E-02	0.1575	0	-81.874
276	-2.63E-02	0.17063	0	-81.126
277	-2.63E-02	0.18375	0	-76.81
278	-2.63E-02	0.19688	0	-64.402
279	-2.63E-02	0.20344	0	-38.921
280	-2.10E-02	0.20344	0	21.812
281	-2.10E-02	0.19688	0	24.001
282	-2.10E-02	0.18375	0	17.984
283	-2.10E-02	0.17063	0	15.308
284	-2.10E-02	0.1575	0	14.803
285	-2.10E-02	0.14437	0	14.73
286	-2.10E-02	0.13125	0	14.729
287	-2.10E-02	0.11812	0	14.735
288	-2.10E-02	0.105	0	14.738
289	-2.10E-02	9.19E-02	0	14.735
290	-2.10E-02	7.88E-02	0	14.729
291	-2.10E-02	6.56E-02	0	14.73
292	-2.10E-02	5.25E-02	0	14.803
293	-2.10E-02	3.94E-02	0	15.309
294	-2.10E-02	2.63E-02	0	17.984
295	-2.10E-02	1.31E-02	0	24.001
296	-2.10E-02	6.56E-03	0	21.812
297	-3.15E-02	0.20344	0	-99.654
298	-3.15E-02	0.19688	0	-152.8
299	-3.15E-02	0.18375	0	-171.6
300	-3.15E-02	0.17063	0	-177.56
301	-3.15E-02	0.1575	0	-178.55
302	-3.15E-02	0.14437	0	-178.71
303	-3.15E-02	0.13125	0	-178.73
304	-3.15E-02	0.11812	0	-178.73
305	-3.15E-02	0.105	0	-178.72
306	-3.15E-02	9.19E-02	0	-178.73
307	-3.15E-02	7.88E-02	0	-178.73
308	-3.15E-02	6.56E-02	0	-178.71
309	-3.15E-02	5.25E-02	0	-178.55
310	-3.15E-02	3.94E-02	0	-177.56
311	-3.15E-02	2.63E-02	0	-171.6
312	-3.15E-02	1.31E-02	0	-152.81
313	-3.15E-02	6.56E-03	0	-99.655
314	-2.10E-02	1.00E-15	0	15.846
315	-2.63E-02	8.85E-16	0	-22.175
316	-3.15E-02	1.00E-15	0	-60.195
317	-3.15E-02	0.21	0	-60.195
318	-2.63E-02	0.21	0	-22.175
319	-2.10E-02	0.21	0	15.845
330	2.10E-02	0.21	0	15.898
345	2.63E-02	0.21	0	-22.137
352	3.15E-02	0.21	0	-60.171
361	2.63E-02	5.30E-16	0	-22.138
368	2.10E-02	0	0	15.898
376	3.15E-02	1.00E-15	0	-60.174
497	3.15E-02	6.56E-03	0	-99.62
498	3.15E-02	1.31E-02	0	-152.77
499	3.15E-02	2.63E-02	0	-171.6
500	3.15E-02	3.94E-02	0	-177.57
501	3.15E-02	5.25E-02	0	-178.56
502	3.15E-02	6.56E-02	0	-178.71
503	3.15E-02	7.88E-02	0	-178.73
504	3.15E-02	9.19E-02	0	-178.73
505	3.15E-02	0.105	0	-178.72
506	3.15E-02	0.11812	0	-178.73
507	3.15E-02	0.13125	0	-178.73
508	3.15E-02	0.14437	0	-178.71
509	3.15E-02	0.1575	0	-178.56
510	3.15E-02	0.17063	0	-177.57
511	3.15E-02	0.18375	0	-171.6
512	3.15E-02	0.19688	0	-152.77
513	3.15E-02	0.20344	0	-99.62
633	2.10E-02	6.56E-03	0	21.874
634	2.10E-02	1.31E-02	0	24.043
635	2.10E-02	2.63E-02	0	17.986
636	2.10E-02	3.94E-02	0	15.3
637	2.10E-02	5.25E-02	0	14.797
638	2.10E-02	6.56E-02	0	14.727
639	2.10E-02	7.88E-02	0	14.727
640	2.10E-02	9.19E-02	0	14.735
641	2.10E-02	0.105	0	14.737
642	2.10E-02	0.11812	0	14.734
643	2.10E-02	0.13125	0	14.727
644	2.10E-02	0.14437	0	14.726
645	2.10E-02	0.1575	0	14.797
646	2.10E-02	0.17063	0	15.299
647	2.10E-02	0.18375	0	17.985
648	2.10E-02	0.19688	0	24.042
649	2.10E-02	0.20344	0	21.873
3780	2.63E-02	0.20016	0	-51.619
3781	2.63E-02	0.20672	0	-30.505
3782	2.89E-02	0.20344	0	-69.246
3783	2.36E-02	0.20344	0	-8.4999
3784	2.63E-02	0.19031	0	-70.585
3785	2.89E-02	0.19688	0	-108.57
3786	2.36E-02	0.19688	0	-20.161
3787	2.63E-02	0.17719	0	-78.969
3788	2.89E-02	0.18375	0	-124.2
3789	2.36E-02	0.18375	0	-29.41
3790	2.63E-02	0.16406	0	-81.507
3791	2.89E-02	0.17063	0	-129.35
3792	2.36E-02	0.17063	0	-32.917
3793	2.63E-02	0.15094	0	-81.937
3794	2.89E-02	0.1575	0	-130.22
3795	2.36E-02	0.1575	0	-33.542
3796	2.63E-02	0.13781	0	-81.998
3797	2.89E-02	0.14437	0	-130.35
3798	2.36E-02	0.14437	0	-33.634
3799	2.63E-02	0.12469	0	-81.999
3800	2.89E-02	0.13125	0	-130.37
3801	2.36E-02	0.13125	0	-33.637
3802	2.63E-02	0.11156	0	-81.994
3803	2.89E-02	0.11812	0	-130.36
3804	2.36E-02	0.11812	0	-33.631
3805	2.63E-02	9.84E-02	0	-81.994
3806	2.89E-02	0.105	0	-130.36
3807	2.36E-02	0.105	0	-33.628
3808	2.63E-02	8.53E-02	0	-81.999
3809	2.89E-02	9.19E-02	0	-130.36
3810	2.36E-02	9.19E-02	0	-33.631
3811	2.63E-02	7.22E-02	0	-81.998
3812	2.89E-02	7.88E-02	0	-130.37
3813	2.36E-02	7.88E-02	0	-33.637
3814	2.63E-02	5.91E-02	0	-81.937
3815	2.89E-02	6.56E-02	0	-130.35
3816	2.36E-02	6.56E-02	0	-33.634
3817	2.63E-02	4.59E-02	0	-81.506
3818	2.89E-02	5.25E-02	0	-130.22
3819	2.36E-02	5.25E-02	0	-33.541
3820	2.63E-02	3.28E-02	0	-78.969
3821	2.89E-02	3.94E-02	0	-129.35
3822	2.36E-02	3.94E-02	0	-32.917
3823	2.63E-02	1.97E-02	0	-70.585
3824	2.89E-02	2.63E-02	0	-124.2
3825	2.36E-02	2.63E-02	0	-29.41
3826	2.63E-02	9.84E-03	0	-51.619
3827	2.89E-02	1.31E-02	0	-108.57
3828	2.36E-02	1.31E-02	0	-20.161
3829	2.63E-02	3.28E-03	0	-30.506
3830	2.89E-02	6.56E-03	0	-69.247
3831	2.36E-02	6.56E-03	0	-8.4999
3879	-2.63E-02	9.84E-03	0	-51.662
3880	-2.36E-02	6.56E-03	0	-8.5546
3881	-2.89E-02	6.56E-03	0	-69.288
3882	-2.63E-02	3.28E-03	0	-30.548
3883	-2.63E-02	1.97E-02	0	-70.606
3884	-2.36E-02	1.31E-02	0	-20.201
3885	-2.89E-02	1.31E-02	0	-108.6
3886	-2.63E-02	3.28E-02	0	-78.968
3887	-2.36E-02	2.63E-02	0	-29.413
3888	-2.89E-02	2.63E-02	0	-124.21
3889	-2.63E-02	4.59E-02	0	-81.499
3890	-2.36E-02	3.94E-02	0	-32.908
3891	-2.89E-02	3.94E-02	0	-129.34
3892	-2.63E-02	5.91E-02	0	-81.932
3893	-2.36E-02	5.25E-02	0	-33.535
3894	-2.89E-02	5.25E-02	0	-130.21
3895	-2.63E-02	7.22E-02	0	-81.995
3896	-2.36E-02	6.56E-02	0	-33.63
3897	-2.89E-02	6.56E-02	0	-130.35
3898	-2.63E-02	8.53E-02	0	-81.997
3899	-2.36E-02	7.88E-02	0	-33.636
3900	-2.89E-02	7.88E-02	0	-130.36
3901	-2.63E-02	9.84E-02	0	-81.994
3902	-2.36E-02	9.19E-02	0	-33.63
3903	-2.89E-02	9.19E-02	0	-130.36
3904	-2.63E-02	0.11156	0	-81.994
3905	-2.36E-02	0.105	0	-33.627
3906	-2.89E-02	0.105	0	-130.36
3907	-2.63E-02	0.12469	0	-81.997
3908	-2.36E-02	0.11812	0	-33.63
3909	-2.89E-02	0.11812	0	-130.36
3910	-2.63E-02	0.13781	0	-81.995
3911	-2.36E-02	0.13125	0	-33.636
3912	-2.89E-02	0.13125	0	-130.36
3913	-2.63E-02	0.15094	0	-81.932
3914	-2.36E-02	0.14437	0	-33.631
3915	-2.89E-02	0.14437	0	-130.35
3916	-2.63E-02	0.16406	0	-81.5
3917	-2.36E-02	0.1575	0	-33.535
3918	-2.89E-02	0.1575	0	-130.21
3919	-2.63E-02	0.17719	0	-78.968
3920	-2.36E-02	0.17063	0	-32.909
3921	-2.89E-02	0.17063	0	-129.34
3922	-2.63E-02	0.19031	0	-70.606
3923	-2.36E-02	0.18375	0	-29.413
3924	-2.89E-02	0.18375	0	-124.21
3925	-2.63E-02	0.20016	0	-51.661
3926	-2.36E-02	0.19688	0	-20.2
3927	-2.89E-02	0.19688	0	-108.6
3928	-2.36E-02	0.20344	0	-8.5542
3929	-2.89E-02	0.20344	0	-69.287
3930	-2.63E-02	0.20672	0	-30.548
3931	-2.10E-02	0.20016	0	22.907
3932	-2.10E-02	0.20672	0	18.829
3935	-2.10E-02	0.19031	0	20.993
3938	-2.10E-02	0.17719	0	16.646
3941	-2.10E-02	0.16406	0	15.056
3944	-2.10E-02	0.15094	0	14.766
3947	-2.10E-02	0.13781	0	14.729
3950	-2.10E-02	0.12469	0	14.732
3953	-2.10E-02	0.11156	0	14.737
3956	-2.10E-02	9.84E-02	0	14.737
3959	-2.10E-02	8.53E-02	0	14.732
3962	-2.10E-02	7.22E-02	0	14.729
3965	-2.10E-02	5.91E-02	0	14.767
3968	-2.10E-02	4.59E-02	0	15.056
3971	-2.10E-02	3.28E-02	0	16.646
3974	-2.10E-02	1.97E-02	0	20.992
3977	-2.10E-02	9.84E-03	0	22.906
3980	-2.10E-02	3.28E-03	0	18.829
3983	-3.15E-02	0.20016	0	-126.23
3984	-3.15E-02	0.20672	0	-79.924
3988	-3.15E-02	0.19031	0	-162.2
3994	-3.15E-02	0.17719	0	-174.58
3999	-3.15E-02	0.16406	0	-178.06
4007	-3.15E-02	0.15094	0	-178.63
4012	-3.15E-02	0.13781	0	-178.72
4018	-3.15E-02	0.12469	0	-178.73
4024	-3.15E-02	0.11156	0	-178.72
4028	-3.15E-02	9.84E-02	0	-178.72
4033	-3.15E-02	8.53E-02	0	-178.73
4039	-3.15E-02	7.22E-02	0	-178.72
4044	-3.15E-02	5.91E-02	0	-178.63
4049	-3.15E-02	4.59E-02	0	-178.05
4054	-3.15E-02	3.28E-02	0	-174.58
4058	-3.15E-02	1.97E-02	0	-162.2
4064	-3.15E-02	9.84E-03	0	-126.23
4070	-3.15E-02	3.28E-03	0	-79.925
4075	-2.36E-02	9.43E-16	0	-3.1646
4082	-2.89E-02	9.43E-16	0	-41.185
4093	-2.89E-02	0.21	0	-41.185
4101	-2.36E-02	0.21	0	-3.1647
4175	2.36E-02	0.21	0	-3.1194
4176	2.10E-02	0.20672	0	18.886
4267	2.89E-02	0.21	0	-41.154
4321	3.15E-02	0.20672	0	-79.895
4368	2.36E-02	2.65E-16	0	-3.12
4369	2.89E-02	7.65E-16	0	-41.156
4409	2.10E-02	3.28E-03	0	18.886
4469	3.15E-02	3.28E-03	0	-79.897
5161	3.15E-02	9.84E-03	0	-126.2
5165	3.15E-02	1.97E-02	0	-162.18
5170	3.15E-02	3.28E-02	0	-174.58
5177	3.15E-02	4.59E-02	0	-178.06
5180	3.15E-02	5.91E-02	0	-178.64
5184	3.15E-02	7.22E-02	0	-178.72
5189	3.15E-02	8.53E-02	0	-178.73
5193	3.15E-02	9.84E-02	0	-178.72
5197	3.15E-02	0.11156	0	-178.72
5202	3.15E-02	0.12469	0	-178.73
5206	3.15E-02	0.13781	0	-178.72
5211	3.15E-02	0.15094	0	-178.64
5217	3.15E-02	0.16406	0	-178.06
5220	3.15E-02	0.17719	0	-174.58
5224	3.15E-02	0.19031	0	-162.18
5228	3.15E-02	0.20016	0	-126.2
5467	2.10E-02	9.84E-03	0	22.958
5469	2.10E-02	1.97E-02	0	21.014
5471	2.10E-02	3.28E-02	0	16.643
5473	2.10E-02	4.59E-02	0	15.048
5475	2.10E-02	5.91E-02	0	14.762
5477	2.10E-02	7.22E-02	0	14.727
5479	2.10E-02	8.53E-02	0	14.731
5481	2.10E-02	9.84E-02	0	14.736
5483	2.10E-02	0.11156	0	14.736
5485	2.10E-02	0.12469	0	14.731
5487	2.10E-02	0.13781	0	14.727
5489	2.10E-02	0.15094	0	14.762
5491	2.10E-02	0.16406	0	15.048
5493	2.10E-02	0.17719	0	16.642
5495	2.10E-02	0.19031	0	21.014
5497	2.10E-02	0.20016	0	22.958
