Node Number	X Location (m)	Y Location (m)	Z Location (m)	Total Magnetic Flux Density (T)
9	-0.16	0.	2.e-002	0.15676
10	-0.13714	0.	2.e-002	0.28303
11	-0.11429	0.	2.e-002	0.41935
12	-9.1429e-002	0.	2.e-002	0.46321
13	-6.8571e-002	0.	2.e-002	0.46454
14	-4.5714e-002	0.	2.e-002	0.42051
15	0.	0.	2.e-002	0.16965
16	-2.2857e-002	0.	2.e-002	0.30293
59	-2.2857e-002	0.	-2.e-002	0.28844
60	0.	0.	-2.e-002	0.16284
61	-4.5714e-002	0.	-2.e-002	0.40371
62	-6.8571e-002	0.	-2.e-002	0.45953
63	-9.1429e-002	0.	-2.e-002	0.46073
64	-0.11429	0.	-2.e-002	0.40552
65	-0.13714	0.	-2.e-002	0.29724
66	-0.16	0.	-2.e-002	0.18076
385	0.	0.	0.	0.15034
386	-0.16	0.	0.	0.14112
1875	-0.14857	0.	2.e-002	0.21548
1877	-0.16	0.	1.e-002	0.14517
1883	-0.12571	0.	2.e-002	0.3507
1885	-0.12571	0.	0.	0.34297
1886	-0.13714	0.	0.	0.28731
1887	-0.14857	0.	1.e-002	0.21124
1892	-0.10286	0.	2.e-002	0.44125
1894	-0.10286	0.	0.	0.43993
1895	-0.11429	0.	0.	0.41218
1898	-8.e-002	0.	2.e-002	0.46382
1900	-9.1429e-002	0.	0.	0.46194
1903	-5.7143e-002	0.	2.e-002	0.44248
1905	-6.8571e-002	0.	0.	0.46201
1906	-8.e-002	0.	0.	0.46263
1909	-3.4286e-002	0.	2.e-002	0.36147
1911	-4.5714e-002	0.	0.	0.41186
1912	-5.7143e-002	0.	0.	0.4399
1915	-1.1429e-002	0.	2.e-002	0.23317
1917	0.	0.	1.e-002	0.15481
1922	-2.2857e-002	0.	0.	0.29432
1923	-3.4286e-002	0.	0.	0.35244
1924	-1.1429e-002	0.	1.e-002	0.22464
2152	-1.1429e-002	0.	-2.e-002	0.2172
2153	-3.4286e-002	0.	-2.e-002	0.34592
2155	-1.1429e-002	0.	-1.e-002	0.21847
2160	0.	0.	-1.e-002	0.1503
2165	-5.7143e-002	0.	-2.e-002	0.43158
2169	-8.e-002	0.	-2.e-002	0.46011
2173	-0.10286	0.	-2.e-002	0.43308
2177	-0.12571	0.	-2.e-002	0.35089
2181	-0.14857	0.	-2.e-002	0.23724
2183	-0.14857	0.	-1.e-002	0.21684
2188	-0.16	0.	-1.e-002	0.15591
1	0.	0.	3.e-002	6.8068e-002
2	-2.2857e-002	0.	3.e-002	5.1098e-002
3	-4.5714e-002	0.	3.e-002	2.8601e-002
4	-6.8571e-002	0.	3.e-002	1.4695e-002
5	-9.1429e-002	0.	3.e-002	1.4603e-002
6	-0.11429	0.	3.e-002	2.8593e-002
7	-0.13714	0.	3.e-002	5.1972e-002
8	-0.16	0.	3.e-002	6.9954e-002
9	-0.16	0.	2.e-002	6.9954e-002
10	-0.13714	0.	2.e-002	5.1972e-002
11	-0.11429	0.	2.e-002	2.8593e-002
12	-9.1429e-002	0.	2.e-002	1.4603e-002
13	-6.8571e-002	0.	2.e-002	1.4695e-002
14	-4.5714e-002	0.	2.e-002	2.8601e-002
15	0.	0.	2.e-002	6.8068e-002
16	-2.2857e-002	0.	2.e-002	5.1098e-002
59	-2.2857e-002	0.	-2.e-002	5.2506e-002
60	0.	0.	-2.e-002	6.9534e-002
61	-4.5714e-002	0.	-2.e-002	2.8854e-002
62	-6.8571e-002	0.	-2.e-002	1.4465e-002
63	-9.1429e-002	0.	-2.e-002	1.4988e-002
64	-0.11429	0.	-2.e-002	2.8559e-002
65	-0.13714	0.	-2.e-002	5.0833e-002
66	-0.16	0.	-2.e-002	6.873e-002
131	-0.13714	0.	-3.e-002	5.0833e-002
132	-0.16	0.	-3.e-002	6.873e-002
133	-0.11429	0.	-3.e-002	2.8559e-002
134	-9.1429e-002	0.	-3.e-002	1.4988e-002
135	-6.8571e-002	0.	-3.e-002	1.4465e-002
136	-4.5714e-002	0.	-3.e-002	2.8854e-002
137	-2.2857e-002	0.	-3.e-002	5.2506e-002
138	0.	0.	-3.e-002	6.9534e-002
1815	-1.1429e-002	0.	3.e-002	5.9344e-002
1816	0.	0.	2.5e-002	6.8068e-002
1825	-3.4286e-002	0.	3.e-002	3.904e-002
1826	-2.2857e-002	0.	2.5e-002	5.1098e-002
1833	-5.7143e-002	0.	3.e-002	2.1011e-002
1834	-4.5714e-002	0.	2.5e-002	2.8601e-002
1842	-8.e-002	0.	3.e-002	1.2083e-002
1843	-6.8571e-002	0.	2.5e-002	1.4695e-002
1847	-0.10286	0.	3.e-002	2.0946e-002
1848	-9.1429e-002	0.	2.5e-002	1.4603e-002
1853	-0.12571	0.	3.e-002	3.9417e-002
1854	-0.11429	0.	2.5e-002	2.8593e-002
1860	-0.14857	0.	3.e-002	6.0714e-002
1861	-0.13714	0.	2.5e-002	5.1972e-002
1866	-0.16	0.	2.5e-002	6.9954e-002
1875	-0.14857	0.	2.e-002	6.0714e-002
1883	-0.12571	0.	2.e-002	3.9417e-002
1892	-0.10286	0.	2.e-002	2.0946e-002
1898	-8.e-002	0.	2.e-002	1.2083e-002
1903	-5.7143e-002	0.	2.e-002	2.1011e-002
1909	-3.4286e-002	0.	2.e-002	3.904e-002
1915	-1.1429e-002	0.	2.e-002	5.9344e-002
2152	-1.1429e-002	0.	-2.e-002	6.0808e-002
2153	-3.4286e-002	0.	-2.e-002	3.9924e-002
2154	-2.2857e-002	0.	-2.5e-002	5.2506e-002
2159	0.	0.	-2.5e-002	6.9534e-002
2165	-5.7143e-002	0.	-2.e-002	2.0973e-002
2166	-4.5714e-002	0.	-2.5e-002	2.8854e-002
2169	-8.e-002	0.	-2.e-002	1.2057e-002
2170	-6.8571e-002	0.	-2.5e-002	1.4465e-002
2173	-0.10286	0.	-2.e-002	2.1199e-002
2174	-9.1429e-002	0.	-2.5e-002	1.4988e-002
2177	-0.12571	0.	-2.e-002	3.8875e-002
2178	-0.11429	0.	-2.5e-002	2.8559e-002
2181	-0.14857	0.	-2.e-002	5.9549e-002
2182	-0.13714	0.	-2.5e-002	5.0833e-002
2187	-0.16	0.	-2.5e-002	6.873e-002
2594	-0.14857	0.	-3.e-002	5.9549e-002
2595	-0.12571	0.	-3.e-002	3.8875e-002
2608	-0.10286	0.	-3.e-002	2.1199e-002
2613	-8.e-002	0.	-3.e-002	1.2057e-002
2617	-5.7143e-002	0.	-3.e-002	2.0973e-002
2623	-3.4286e-002	0.	-3.e-002	3.9924e-002
2629	-1.1429e-002	0.	-3.e-002	6.0808e-002
60	0.	0.	-2.e-002	4.8882e-002
66	-0.16	0.	-2.e-002	5.6223e-002
131	-0.13714	0.	-3.e-002	3.0273e-002
132	-0.16	0.	-3.e-002	3.1244e-002
133	-0.11429	0.	-3.e-002	2.0127e-002
134	-9.1429e-002	0.	-3.e-002	1.8843e-002
135	-6.8571e-002	0.	-3.e-002	1.6239e-002
136	-4.5714e-002	0.	-3.e-002	2.3079e-002
137	-2.2857e-002	0.	-3.e-002	3.6097e-002
138	0.	0.	-3.e-002	3.1347e-002
209	1.	0.	-9.3636e-002	1.525e-005
210	1.	0.	-0.18727	1.4481e-005
211	1.	0.	-0.28091	1.2737e-005
212	1.	0.	-0.37455	1.0326e-005
213	1.	0.	-0.46818	8.5678e-006
214	1.	0.	-0.56182	6.749e-006
215	1.	0.	-0.65545	4.8828e-006
216	1.	0.	-0.74909	3.5988e-006
217	1.	0.	-0.84273	2.2668e-006
218	1.	0.	-0.93636	1.0998e-006
229	0.90609	0.	-1.03	1.0823e-006
230	0.81217	0.	-1.03	2.3998e-006
231	0.71826	0.	-1.03	3.0682e-006
232	0.62435	0.	-1.03	4.2379e-006
233	0.53043	0.	-1.03	5.0667e-006
234	0.43652	0.	-1.03	5.6573e-006
235	0.34261	0.	-1.03	5.5135e-006
236	0.2487	0.	-1.03	5.2804e-006
237	0.15478	0.	-1.03	4.7335e-006
238	6.087e-002	0.	-1.03	3.2349e-006
239	-3.3043e-002	0.	-1.03	1.4542e-006
240	-0.12696	0.	-1.03	1.3822e-006
241	-0.22087	0.	-1.03	3.1804e-006
242	-0.31478	0.	-1.03	4.6499e-006
243	-0.4087	0.	-1.03	5.4423e-006
244	-0.50261	0.	-1.03	5.7759e-006
245	-0.59652	0.	-1.03	5.4669e-006
246	-0.69043	0.	-1.03	4.9053e-006
247	-0.78435	0.	-1.03	4.163e-006
248	-0.87826	0.	-1.03	3.2316e-006
249	-0.97217	0.	-1.03	2.3594e-006
250	-1.0661	0.	-1.03	1.0726e-006
256	-1.16	0.	-0.93636	1.2539e-006
257	-1.16	0.	-0.84273	2.1755e-006
258	-1.16	0.	-0.74909	3.7121e-006
259	-1.16	0.	-0.65545	5.2006e-006
260	-1.16	0.	-0.56182	7.0888e-006
261	-1.16	0.	-0.46818	9.0135e-006
262	-1.16	0.	-0.37455	1.0727e-005
263	-1.16	0.	-0.28091	1.2714e-005
264	-1.16	0.	-0.18727	1.4703e-005
265	-1.16	0.	-9.3636e-002	1.564e-005
271	9.0909e-002	0.	0.	3.237e-003
272	0.18182	0.	0.	1.2455e-003
273	0.27273	0.	0.	3.4554e-004
274	0.36364	0.	0.	1.7173e-004
275	0.45455	0.	0.	9.007e-005
276	0.54545	0.	0.	5.2461e-005
277	0.63636	0.	0.	3.4639e-005
278	0.72727	0.	0.	2.6439e-005
279	0.81818	0.	0.	1.9557e-005
280	0.90909	0.	0.	1.6327e-005
281	-1.0691	0.	0.	1.6925e-005
282	-0.97818	0.	0.	1.98e-005
283	-0.88727	0.	0.	2.5717e-005
284	-0.79636	0.	0.	3.2094e-005
285	-0.70545	0.	0.	5.5574e-005
286	-0.61455	0.	0.	8.4313e-005
287	-0.52364	0.	0.	1.6374e-004
288	-0.43273	0.	0.	3.25e-004
289	-0.34182	0.	0.	9.8396e-004
290	-0.25091	0.	0.	4.9708e-003
385	0.	0.	0.	8.8834e-002
386	-0.16	0.	0.	8.1883e-002
391	1.	0.	-1.03	6.171e-007
392	1.	0.	0.	1.5618e-005
393	-1.16	0.	-1.03	6.2866e-007
394	-1.16	0.	0.	1.5775e-005
399	4.5455e-002	0.	0.	1.8508e-002
400	-0.20545	0.	0.	2.0456e-002
557	5.9947e-002	0.	-0.37264	1.0736e-004
558	0.5258	0.	-0.46258	2.1787e-005
559	-7.1085e-002	0.	-0.22435	4.839e-004
560	-0.35275	0.	-0.7348	1.1262e-005
561	-0.20232	0.	-0.46432	5.5589e-005
562	-0.75657	0.	-0.6102	1.24e-005
563	0.15014	0.	-0.69667	1.4771e-005
564	-0.36365	0.	-0.23722	2.4153e-004
565	-0.26183	0.	-0.13361	1.0688e-003
566	-0.46711	0.	-0.52835	2.7232e-005
567	-0.1074	0.	-0.10591	3.9291e-003
568	-0.82192	0.	-0.3051	2.357e-005
569	0.61155	0.	-0.74924	7.6364e-006
570	0.28053	0.	-0.42159	5.2855e-005
571	-0.1015	0.	-0.72444	1.1918e-005
572	-2.3114e-002	0.	-0.1169	3.5168e-003
573	-0.49832	0.	-0.26348	9.4547e-005
574	-5.0467e-002	0.	-0.60407	2.084e-005
575	0.59284	0.	-0.31968	2.7284e-005
576	-0.11233	0.	-0.29802	2.1679e-004
577	0.29483	0.	-0.74243	1.1482e-005
578	3.0147e-002	0.	-0.29782	2.3746e-004
579	0.68386	0.	-0.49566	1.3021e-005
580	0.25458	0.	-0.30332	1.0733e-004
581	9.6024e-002	0.	-0.46471	6.4921e-005
582	-0.64031	0.	-0.63281	1.4106e-005
583	-0.6053	0.	-0.451	3.2279e-005
584	-0.85241	0.	-0.89659	4.0363e-006
585	4.7211e-002	0.	-0.18667	9.6664e-004
586	4.0742e-002	0.	-0.1296	1.9513e-003
587	-1.0436	0.	-0.51218	8.9703e-006
588	0.7145	0.	-0.26156	2.3869e-005
589	-0.95975	0.	-0.71946	5.4544e-006
590	-0.21382	0.	-9.7366e-002	2.9133e-003
591	-0.43823	0.	-0.39599	6.5331e-005
592	-0.55428	0.	-0.86004	7.4204e-006
593	-8.6811e-002	0.	-0.42876	7.546e-005
594	-0.24312	0.	-0.25167	3.4447e-004
595	-0.17829	0.	-0.19449	7.9184e-004
596	0.80102	0.	-0.80173	3.5658e-006
597	-0.28582	0.	-0.62967	1.9645e-005
598	-0.12165	0.	-6.2228e-002	1.3528e-002
599	0.34707	0.	-0.11806	1.5322e-004
600	0.41474	0.	-0.25938	6.8091e-005
601	-1.5516e-002	0.	-0.91903	2.8713e-006
602	0.21608	0.	-0.87576	6.9505e-006
603	0.26283	0.	-0.53836	3.1122e-005
604	-0.99888	0.	-0.26452	1.6338e-005
605	-0.16118	0.	-0.87722	4.0851e-006
606	0.38652	0.	-0.51067	2.7956e-005
607	0.49564	0.	-0.61123	1.5174e-005
608	0.86152	0.	-0.55941	7.23e-006
609	0.37198	0.	-0.8716	6.8267e-006
610	1.6163e-002	0.	-7.2821e-002	8.7525e-003
611	-0.61093	0.	-0.12992	8.7234e-005
612	0.48201	0.	-0.1295	7.1165e-005
613	-0.65861	0.	-0.26291	5.1992e-005
614	0.78632	0.	-0.40092	1.4739e-005
615	-1.0078	0.	-0.90809	2.1271e-006
616	-0.3301	0.	-0.50207	4.1351e-005
617	-0.70704	0.	-0.77204	7.5075e-006
618	0.16616	0.	-0.37226	9.6653e-005
619	-0.8771	0.	-0.15187	2.4919e-005
620	-0.15385	0.	-0.38185	1.1045e-004
621	-0.79963	0.	-0.46588	1.5886e-005
622	-0.30125	0.	-0.31728	1.6024e-004
623	-8.3172e-002	0.	-7.1115e-002	8.9604e-003
624	-0.4809	0.	-0.72204	1.1879e-005
625	1.7255e-002	0.	-0.70091	1.2786e-005
626	5.5709e-002	0.	-0.60814	2.0495e-005
627	0.6908	0.	-0.89931	3.9009e-006
628	0.52729	0.	-0.9035	5.3956e-006
629	-0.3973	0.	-0.92907	5.8282e-006
630	-0.47457	0.	-0.12992	2.2406e-004
631	-0.93975	0.	-0.41956	1.2917e-005
632	-0.22732	0.	-0.73833	9.778e-006
633	0.67714	0.	-0.12217	2.8705e-005
634	-0.3575	0.	-0.11821	5.4327e-004
635	0.77341	0.	-0.13401	2.0958e-005
636	-0.90015	0.	-0.58459	8.8619e-006
637	-0.17038	0.	-0.62496	2.0422e-005
638	0.10665	0.	-6.7222e-002	2.3378e-003
639	0.2177	0.	-9.1329e-002	5.8015e-004
640	0.43465	0.	-0.74955	9.0308e-006
641	0.74802	0.	-0.66133	6.9835e-006
642	-3.6408e-002	0.	-7.1667e-002	1.0563e-002
643	0.86682	0.	-0.26142	1.5102e-005
644	-0.13571	0.	-0.52958	3.7612e-005
645	-2.1187e-002	0.	-0.36126	1.2021e-004
646	-0.25629	0.	-0.39819	9.0619e-005
647	-1.03	0.	-0.12309	1.7154e-005
648	0.12545	0.	-0.16237	7.0879e-004
649	-0.39414	0.	-0.64325	1.8276e-005
650	8.0378e-002	0.	-0.80696	8.2303e-006
651	-0.15901	0.	-9.7569e-002	4.3627e-003
652	-0.70257	0.	-0.92262	5.2232e-006
653	-5.0874e-002	0.	-0.50685	4.2317e-005
654	0.85026	0.	-0.93278	1.8451e-006
655	-0.74506	0.	-0.14163	3.8265e-005
656	-0.15428	0.	-5.5881e-002	1.485e-002
657	0.40537	0.	-0.40238	4.9123e-005
658	-1.8204e-002	0.	-5.0833e-002	2.2943e-002
659	-0.55523	0.	-0.36155	5.0718e-005
660	0.62403	0.	-0.61326	1.127e-005
661	0.10963	0.	-0.29903	2.0641e-004
662	-6.119e-002	0.	-9.8156e-002	4.5726e-003
663	-1.0744	0.	-0.38511	1.0897e-005
664	-0.30412	0.	-0.81472	6.9795e-006
665	-0.27735	0.	-0.93195	4.3271e-006
666	9.8695e-002	0.	-0.9254	4.8663e-006
667	-0.19136	0.	-5.7331e-002	9.5856e-003
668	4.2029e-003	0.	-0.44667	6.7325e-005
669	0.34898	0.	-0.62791	1.7283e-005
670	0.88997	0.	-0.14081	1.6837e-005
671	0.90551	0.	-0.72498	3.8226e-006
672	-7.382e-002	0.	-0.14943	1.4838e-003
673	-1.0661	0.	-0.65576	5.4168e-006
674	-0.68203	0.	-0.51918	2.0066e-005
675	-0.11757	0.	-0.18795	7.2564e-004
676	-0.41924	0.	-0.80674	8.2822e-006
677	-0.13886	0.	-0.14618	1.7896e-003
678	-0.1971	0.	-0.14171	1.4773e-003
679	0.66066	0.	-0.38808	2.125e-005
680	0.91209	0.	-0.39282	1.0451e-005
681	-0.20278	0.	-0.31529	2.1346e-004
682	0.18306	0.	-0.4761	5.4989e-005
683	-0.71102	0.	-0.38052	2.7e-005
684	0.22892	0.	-0.19868	2.4452e-004
685	-0.1542	0.	-0.24529	4.674e-004
686	-4.0845e-002	0.	-0.29218	2.2277e-004
687	-0.51673	0.	-0.43866	3.8335e-005
688	-0.24239	0.	-0.19052	6.2719e-004
689	-0.83075	0.	-0.7383	6.1876e-006
690	-1.1329e-002	0.	-0.17128	1.0732e-003
691	6.5464e-003	0.	-0.2293	4.5521e-004
692	0.49009	0.	-0.34674	4.3494e-005
693	-0.57772	0.	-0.53952	2.4328e-005
694	-0.94603	0.	-0.81404	4.0422e-006
695	0.18255	0.	-0.27624	1.9794e-004
696	0.14465	0.	-0.56281	3.052e-005
697	-8.2702e-002	0.	-0.3509	1.3195e-004
698	2.9293e-002	0.	-0.51958	3.7171e-005
699	0.24717	0.	-0.63308	2.053e-005
700	-0.22711	0.	-0.54925	3.4269e-005
701	-0.34625	0.	-0.38659	8.709e-005
702	0.58636	0.	-0.12293	4.4125e-005
703	-0.53267	0.	-0.6222	1.7258e-005
704	-9.6273e-002	0.	-4.5124e-002	1.4997e-002
705	0.31985	0.	-0.96499	5.8718e-006
706	7.7315e-002	0.	-0.23475	3.7522e-004
707	-0.58304	0.	-0.72183	1.2078e-005
708	-0.25995	0.	-5.7e-002	3.0214e-003
709	-3.4089e-002	0.	-0.79867	6.4665e-006
710	0.53419	0.	-0.23937	4.4056e-005
711	0.31491	0.	-0.23637	1.0929e-004
712	0.62493	0.	-0.21454	3.1443e-005
713	-1.0657	0.	-0.80365	3.0876e-006
714	-0.91639	0.	-7.6275e-002	2.467e-005
2159	0.	0.	-2.5e-002	3.6906e-002
2160	0.	0.	-1.e-002	6.7787e-002
2161	2.2727e-002	0.	-1.e-002	3.3655e-002
2187	-0.16	0.	-2.5e-002	4.2243e-002
2188	-0.16	0.	-1.e-002	6.862e-002
2189	-0.18273	0.	-1.e-002	3.8239e-002
2594	-0.14857	0.	-3.e-002	2.8679e-002
2595	-0.12571	0.	-3.e-002	2.4124e-002
2596	-0.1294	0.	-4.6114e-002	2.1467e-002
2597	-0.14571	0.	-4.2941e-002	2.247e-002
2601	-0.18273	0.	-1.5e-002	2.4308e-002
2602	-0.15714	0.	-4.2941e-002	2.225e-002
2603	-0.17568	0.	-4.3666e-002	2.0397e-002
2608	-0.10286	0.	-3.e-002	1.9098e-002
2609	-0.11797	0.	-4.6114e-002	1.677e-002
2610	-0.10528	0.	-3.7562e-002	1.7283e-002
2613	-8.e-002	0.	-3.e-002	1.6619e-002
2614	-9.3851e-002	0.	-3.7562e-002	1.6917e-002
2617	-5.7143e-002	0.	-3.e-002	1.8522e-002
2618	-7.5872e-002	0.	-5.0558e-002	1.2537e-002
2619	-5.249e-002	0.	-5.0833e-002	1.2806e-002
2620	-8.2422e-002	0.	-3.7562e-002	1.4695e-002
2623	-3.4286e-002	0.	-3.e-002	2.9087e-002
2624	-4.1061e-002	0.	-5.0833e-002	1.6798e-002
2625	-3.1959e-002	0.	-4.0417e-002	2.2626e-002
2629	-1.1429e-002	0.	-3.e-002	3.2542e-002
2630	-2.0531e-002	0.	-4.0417e-002	2.9515e-002
2634	2.2727e-002	0.	-1.5e-002	2.2564e-002
2635	8.0817e-003	0.	-5.141e-002	2.0034e-002
2636	-9.102e-003	0.	-4.0417e-002	2.6242e-002
3094	1.	0.	-0.14045	1.4862e-005
3096	0.95455	0.	-4.6818e-002	1.5788e-005
3097	1.	0.	-4.6818e-002	1.5432e-005
3098	0.94498	0.	-0.11722	1.6035e-005
3103	1.	0.	-0.23409	1.3607e-005
3104	0.93341	0.	-0.22435	1.4758e-005
3105	0.94498	0.	-0.16404	1.5655e-005
3108	1.	0.	-0.32773	1.1531e-005
3109	0.93341	0.	-0.27116	1.3898e-005
3110	0.95605	0.	-0.33687	1.1585e-005
3115	1.	0.	-0.42136	9.4432e-006
3116	0.95605	0.	-0.38368	1.0379e-005
3119	1.	0.	-0.515	7.6546e-006
3120	0.93076	0.	-0.51379	7.8389e-006
3121	0.95605	0.	-0.4305	9.5069e-006
3124	1.	0.	-0.60864	5.815e-006
3125	0.93076	0.	-0.56061	6.9565e-006
3130	1.	0.	-0.70227	4.2407e-006
3131	0.93076	0.	-0.60743	6.0229e-006
3132	0.95275	0.	-0.69022	4.3352e-006
3134	1.	0.	-0.79591	2.9197e-006
3135	0.95275	0.	-0.73704	3.6959e-006
3138	1.	0.	-0.88955	1.6739e-006
3139	0.90051	0.	-0.82223	2.8296e-006
3140	0.92513	0.	-0.88775	1.9239e-006
3141	0.95275	0.	-0.78385	3.0446e-006
3146	0.95304	0.	-0.98318	1.0373e-006
3147	1.	0.	-0.98318	8.5142e-007
3148	0.92513	0.	-0.93457	1.4268e-006
3219	0.85913	0.	-1.03	1.7347e-006
3220	0.95304	0.	-1.03	8.3013e-007
3221	0.87817	0.	-0.98139	1.4615e-006
3225	0.76522	0.	-1.03	2.733e-006
3226	0.75149	0.	-0.96466	3.1459e-006
3227	0.83122	0.	-0.98139	2.0999e-006
3230	0.6713	0.	-1.03	3.6517e-006
3231	0.70453	0.	-0.96466	3.4744e-006
3236	0.57739	0.	-1.03	4.6518e-006
3237	0.65757	0.	-0.96466	4.0476e-006
3238	0.57582	0.	-0.96675	4.8133e-006
3240	0.48348	0.	-1.03	5.3612e-006
3241	0.52886	0.	-0.96675	5.2244e-006
3245	0.38957	0.	-1.03	5.5841e-006
3246	0.40425	0.	-0.9508	6.2417e-006
3247	0.4819	0.	-0.96675	5.5137e-006
3248	0.37818	0.	-0.99749	5.7618e-006
3251	0.29565	0.	-1.03	5.3937e-006
3252	0.33123	0.	-0.99749	5.6919e-006
3255	0.20174	0.	-1.03	5.0047e-006
3256	0.23239	0.	-0.95288	6.1006e-006
3257	0.28427	0.	-0.99749	5.5739e-006
3261	0.10783	0.	-1.03	3.9642e-006
3262	0.18543	0.	-0.95288	5.8368e-006
3263	0.12674	0.	-0.9777	4.7713e-006
3266	1.3913e-002	0.	-1.03	2.2762e-006
3267	2.2677e-002	0.	-0.97452	2.8588e-006
3268	7.9782e-002	0.	-0.9777	4.0492e-006
3272	-8.e-002	0.	-1.03	1.1436e-006
3273	-2.428e-002	0.	-0.97452	2.1512e-006
3278	-0.17391	0.	-1.03	2.1679e-006
3279	-7.1236e-002	0.	-0.97452	1.8592e-006
3280	-0.14407	0.	-0.95361	2.7224e-006
3283	-0.26783	0.	-1.03	3.8888e-006
3284	-0.19103	0.	-0.95361	3.4348e-006
3285	-0.24911	0.	-0.98097	3.7522e-006
3289	-0.36174	0.	-1.03	5.0415e-006
3290	-0.35604	0.	-0.97953	5.2388e-006
3291	-0.29607	0.	-0.98097	4.4706e-006
3295	-0.45565	0.	-1.03	5.6075e-006
3296	-0.403	0.	-0.97953	5.6313e-006
3298	-0.54957	0.	-1.03	5.6193e-006
3299	-0.52844	0.	-0.94502	6.5933e-006
3300	-0.44995	0.	-0.97953	5.7924e-006
3305	-0.64348	0.	-1.03	5.1856e-006
3306	-0.5754	0.	-0.94502	6.4428e-006
3307	-0.64955	0.	-0.97631	5.3361e-006
3311	-0.73739	0.	-1.03	4.5331e-006
3312	-0.6965	0.	-0.97631	5.059e-006
3316	-0.8313	0.	-1.03	3.6929e-006
3317	-0.81838	0.	-0.9633	4.0718e-006
3318	-0.74346	0.	-0.97631	4.6908e-006
3320	-0.92522	0.	-1.03	2.7907e-006
3321	-0.86533	0.	-0.9633	3.6258e-006
3325	-1.0191	0.	-1.03	1.6959e-006
3326	-0.91229	0.	-0.9633	3.1975e-006
3327	-0.99	0.	-0.96905	2.2111e-006
3332	-1.113	0.	-0.98318	1.1313e-006
3333	-1.113	0.	-1.03	8.4863e-007
3334	-1.037	0.	-0.96905	1.5995e-006
3362	-1.16	0.	-0.88955	1.7096e-006
3363	-1.16	0.	-0.98318	9.2995e-007
3364	-1.0839	0.	-0.92223	1.6496e-006
3368	-1.16	0.	-0.79591	2.9377e-006
3369	-1.0839	0.	-0.87541	2.053e-006
3370	-1.1128	0.	-0.82319	2.6219e-006
3373	-1.16	0.	-0.70227	4.4532e-006
3374	-1.1131	0.	-0.70243	4.5581e-006
3375	-1.1128	0.	-0.77637	3.3691e-006
3380	-1.16	0.	-0.60864	6.1431e-006
3381	-1.1131	0.	-0.65561	5.2865e-006
3383	-1.16	0.	-0.515	8.0494e-006
3384	-1.1018	0.	-0.537	7.9936e-006
3385	-1.1131	0.	-0.60879	6.2366e-006
3390	-1.16	0.	-0.42136	9.8667e-006
3391	-1.1018	0.	-0.49018	8.9331e-006
3392	-1.1172	0.	-0.42665	9.9536e-006
3396	-1.16	0.	-0.32773	1.1718e-005
3397	-1.1172	0.	-0.37983	1.0801e-005
3399	-1.16	0.	-0.23409	1.3707e-005
3400	-1.0794	0.	-0.27272	1.4485e-005
3401	-1.1172	0.	-0.33301	1.1799e-005
3406	-1.16	0.	-0.14045	1.5165e-005
3407	-1.0794	0.	-0.2259	1.5461e-005
3408	-1.095	0.	-0.15518	1.5928e-005
3413	-1.1145	0.	-4.6818e-002	1.6282e-005
3414	-1.16	0.	-4.6818e-002	1.5707e-005
3415	-1.095	0.	-0.10836	1.639e-005
3455	0.13636	0.	0.	2.2398e-003
3456	6.8182e-002	0.	0.	1.0839e-002
3459	9.8778e-002	0.	-3.3611e-002	2.6864e-003
3467	0.22727	0.	0.	7.9547e-004
3470	0.14423	0.	-3.3611e-002	1.7242e-003
3471	0.19976	0.	-4.5664e-002	8.9802e-004
3476	0.31818	0.	0.	2.5855e-004
3479	0.3099	0.	-5.9029e-002	2.4754e-004
3480	0.24521	0.	-4.5664e-002	4.5571e-004
3485	0.40909	0.	0.	1.3076e-004
3489	0.35535	0.	-5.9029e-002	1.6047e-004
3497	0.5	0.	0.	7.1227e-005
3499	0.40081	0.	-5.9029e-002	1.2062e-004
3500	0.46828	0.	-6.4751e-002	8.0302e-005
3504	0.59091	0.	0.	4.3506e-005
3507	0.51373	0.	-6.4751e-002	6.136e-005
3508	0.5659	0.	-6.1467e-002	4.8115e-005
3514	0.68182	0.	0.	3.0527e-005
3517	0.65675	0.	-6.1087e-002	3.1598e-005
3518	0.61136	0.	-6.1467e-002	3.919e-005
3521	0.77273	0.	0.	2.2998e-005
3523	0.70221	0.	-6.1087e-002	2.7512e-005
3524	0.75034	0.	-6.7003e-002	2.3671e-005
3528	0.86364	0.	0.	1.7933e-005
3531	0.7958	0.	-6.7003e-002	2.0234e-005
3532	0.85407	0.	-7.0404e-002	1.8191e-005
3540	0.95455	0.	0.	1.5972e-005
3542	0.89953	0.	-7.0404e-002	1.6566e-005
3546	-1.0236	0.	0.	1.8362e-005
3548	-1.1145	0.	0.	1.6348e-005
3550	-1.0496	0.	-6.1547e-002	1.7032e-005
3554	-0.93273	0.	0.	2.2754e-005
3556	-1.0041	0.	-6.1547e-002	1.847e-005
3557	-0.94729	0.	-3.8138e-002	2.2231e-005
3562	-0.84182	0.	0.	2.8878e-005
3565	-0.90183	0.	-3.8138e-002	2.5182e-005
3571	-0.75091	0.	0.	4.3765e-005
3574	-0.83673	0.	-7.5937e-002	2.8449e-005
3575	-0.77071	0.	-7.0817e-002	3.4998e-005
3576	-0.85638	0.	-3.8138e-002	2.8362e-005
3579	-0.66	0.	0.	6.9799e-005
3581	-0.65819	0.	-6.4962e-002	7.0974e-005
3582	-0.72526	0.	-7.0817e-002	4.6752e-005
3588	-0.56909	0.	0.	1.2331e-004
3591	-0.61274	0.	-6.4962e-002	8.485e-005
3595	-0.47818	0.	0.	2.4425e-004
3598	-0.56728	0.	-6.4962e-002	1.25e-004
3599	-0.4991	0.	-6.4962e-002	1.9046e-004
3606	-0.38727	0.	0.	6.5354e-004
3609	-0.45365	0.	-6.4962e-002	2.6919e-004
3610	-0.39511	0.	-5.9106e-002	4.2319e-004
3616	-0.29636	0.	0.	2.9746e-003
3619	-0.34966	0.	-5.9106e-002	7.4984e-004
3620	-0.30088	0.	-2.85e-002	1.9841e-003
3626	-0.22818	0.	0.	1.2668e-002
3629	-0.25543	0.	-2.85e-002	3.9097e-003
4134	2.2727e-002	0.	0.	5.3326e-002
4139	-0.18273	0.	0.	5.1102e-002
4151	3.0809e-002	0.	-3.641e-002	1.2657e-002
4152	7.605e-002	0.	-3.3611e-002	1.0367e-002
4163	-0.19841	0.	-2.8666e-002	1.4294e-002
4164	-0.2327	0.	-2.85e-002	1.1707e-002
5126	4.5047e-002	0.	-0.33523	1.7226e-004
5127	7.7985e-002	0.	-0.41868	8.6037e-005
5128	0.11305	0.	-0.37245	9.8864e-005
5129	1.938e-002	0.	-0.36695	1.0797e-004
5130	8.4786e-002	0.	-0.33584	1.5511e-004
5131	3.2075e-002	0.	-0.40965	8.5084e-005
5135	0.55932	0.	-0.39113	2.4304e-005
5136	0.60483	0.	-0.47912	1.7331e-005
5137	0.45616	0.	-0.48663	2.4588e-005
5138	0.51072	0.	-0.5369	1.8296e-005
5139	0.46558	0.	-0.43248	3.5432e-005
5140	0.57491	0.	-0.53792	1.6513e-005
5141	0.59323	0.	-0.42533	2.123e-005
5142	0.50794	0.	-0.40466	3.2556e-005
5147	-9.1709e-002	0.	-0.26118	3.3987e-004
5148	-7.2453e-002	0.	-0.18689	9.8293e-004
5149	-9.4326e-002	0.	-0.20615	5.719e-004
5150	-0.11264	0.	-0.23482	4.1852e-004
5151	-5.5965e-002	0.	-0.25827	3.5302e-004
5152	-4.1207e-002	0.	-0.19782	7.1942e-004
5153	-3.2269e-002	0.	-0.22682	4.3977e-004
5157	-0.31928	0.	-0.68223	1.5351e-005
5158	-0.41683	0.	-0.72842	1.1423e-005
5159	-0.29004	0.	-0.73656	1.03e-005
5160	-0.37345	0.	-0.68902	1.4714e-005
5161	-0.32844	0.	-0.77476	9.1055e-006
5162	-0.386	0.	-0.77077	9.7332e-006
5164	-0.14456	0.	-0.44654	6.1777e-005
5165	-0.26621	0.	-0.4832	4.6754e-005
5166	-0.17808	0.	-0.42309	8.2833e-005
5167	-0.16901	0.	-0.49695	4.4902e-005
5168	-0.22931	0.	-0.43125	7.2001e-005
5169	-0.21471	0.	-0.50679	4.4927e-005
5173	-0.69844	0.	-0.62151	1.318e-005
5174	-0.7318	0.	-0.69112	9.8569e-006
5175	-0.7781	0.	-0.53804	1.4061e-005
5176	-0.82836	0.	-0.59739	1.0543e-005
5177	-0.7193	0.	-0.56469	1.6227e-005
5178	-0.79366	0.	-0.67425	9.2925e-006
5182	0.22249	0.	-0.71955	1.295e-005
5183	0.18311	0.	-0.78621	1.0817e-005
5184	8.37e-002	0.	-0.69879	1.325e-005
5185	0.10293	0.	-0.65241	1.712e-005
5186	0.11526	0.	-0.75181	1.139e-005
5187	0.1474	0.	-0.62974	2.264e-005
5188	0.19866	0.	-0.66487	1.7381e-005
5192	-0.31274	0.	-0.18542	6.5462e-004
5193	-0.43098	0.	-0.25035	1.6659e-004
5194	-0.40094	0.	-0.3166	1.5315e-004
5195	-0.30339	0.	-0.24445	2.8026e-004
5196	-0.33245	0.	-0.27725	1.9611e-004
5197	-0.41911	0.	-0.18357	2.2306e-004
5198	-0.36058	0.	-0.17772	3.8128e-004
5199	-0.30302	0.	-0.21387	4.2858e-004
5200	-0.35495	0.	-0.31191	1.6219e-004
5205	-0.23782	0.	-0.11549	1.9834e-003
5206	-0.30966	0.	-0.12591	7.8872e-004
5207	-0.22947	0.	-0.13766	1.22e-003
5208	-0.25211	0.	-0.16206	8.2855e-004
5209	-0.26089	0.	-9.5305e-002	1.9941e-003
5215	-0.45267	0.	-0.46217	4.6145e-005
5216	-0.3986	0.	-0.51521	3.3713e-005
5217	-0.43062	0.	-0.5858	2.2492e-005
5218	-0.49192	0.	-0.48351	3.2558e-005
5219	-0.52241	0.	-0.53394	2.5599e-005
5220	-0.49989	0.	-0.57528	2.2229e-005
5225	-0.11453	0.	-8.4068e-002	8.6245e-003
5226	-9.5286e-002	0.	-8.8511e-002	6.1659e-003
5227	-0.1332	0.	-0.10174	3.7806e-003
5228	-8.4295e-002	0.	-0.10203	3.7746e-003
5229	-9.061e-002	0.	-0.12767	2.5932e-003
5230	-0.12313	0.	-0.12604	2.7992e-003
5235	-0.9104	0.	-0.28481	1.9814e-005
5236	-0.74027	0.	-0.284	3.7748e-005
5237	-0.84951	0.	-0.22849	2.3954e-005
5238	-0.81078	0.	-0.38549	1.9598e-005
5239	-0.88083	0.	-0.36233	1.8226e-005
5240	-0.78349	0.	-0.22337	3.0701e-005
5241	-0.76647	0.	-0.34281	2.5036e-005
5246	0.70628	0.	-0.77549	5.5673e-006
5247	0.55359	0.	-0.68024	1.1396e-005
5248	0.65117	0.	-0.82428	5.7486e-006
5249	0.56942	0.	-0.82637	6.4411e-006
5250	0.5231	0.	-0.74939	8.2696e-006
5251	0.67978	0.	-0.70529	7.2093e-006
5252	0.61779	0.	-0.68125	9.4137e-006
5255	0.26755	0.	-0.36245	7.9888e-005
5256	0.27168	0.	-0.47997	4.1848e-005
5257	0.33353	0.	-0.46613	4.0345e-005
5258	0.22334	0.	-0.39692	7.4206e-005
5259	0.34295	0.	-0.41198	5.0255e-005
5260	0.2318	0.	-0.44884	5.2945e-005
5265	-7.5982e-002	0.	-0.66426	1.6204e-005
5266	-0.13134	0.	-0.80083	7.8692e-006
5267	-4.2121e-002	0.	-0.71268	1.1529e-005
5268	-0.16441	0.	-0.73139	1.0186e-005
5269	-0.13594	0.	-0.6747	1.5904e-005
5270	-6.7793e-002	0.	-0.76156	9.0738e-006
5274	8.8141e-003	0.	-0.12325	2.5931e-003
5275	-3.4751e-003	0.	-9.4859e-002	5.6546e-003
5276	-2.9761e-002	0.	-9.4282e-002	7.0223e-003
5277	-4.2152e-002	0.	-0.10753	3.8261e-003
5278	-4.8467e-002	0.	-0.13317	2.2611e-003
5279	-1.7221e-002	0.	-0.14409	2.2947e-003
5284	-0.46827	0.	-0.32973	7.8086e-005
5285	-0.55462	0.	-0.1967	8.7847e-005
5286	-0.57846	0.	-0.26319	7.2734e-005
5287	-0.48644	0.	-0.1967	1.5785e-004
5288	-0.52677	0.	-0.31251	7.2375e-005
5292	-1.6606e-002	0.	-0.65249	1.6448e-005
5293	2.6208e-003	0.	-0.60611	2.0026e-005
5294	-0.11042	0.	-0.61452	1.9449e-005
5295	-9.3089e-002	0.	-0.56683	2.859e-005
5296	-5.067e-002	0.	-0.55546	3.157e-005
5297	-1.0587e-002	0.	-0.56183	2.8266e-005
5301	0.65367	0.	-0.29062	2.537e-005
5302	0.62675	0.	-0.35388	2.4257e-005
5303	0.54147	0.	-0.33321	3.5314e-005
5304	0.56352	0.	-0.27952	3.5599e-005
5305	0.60889	0.	-0.26711	2.9159e-005
5309	-0.13309	0.	-0.33993	1.6185e-004
5310	-0.15756	0.	-0.30665	2.0525e-004
5311	-0.13326	0.	-0.27166	3.3434e-004
5312	-7.6589e-002	0.	-0.2951	2.094e-004
5313	-9.7517e-002	0.	-0.32446	1.7304e-004
5316	0.25546	0.	-0.80909	9.1928e-006
5317	0.33341	0.	-0.80702	9.1337e-006
5318	0.36474	0.	-0.74599	1.0141e-005
5319	0.32191	0.	-0.68517	1.4285e-005
5320	0.271	0.	-0.68775	1.6004e-005
5325	4.4799e-003	0.	-0.32954	1.725e-004
5326	6.9886e-002	0.	-0.29843	2.1777e-004
5327	-5.349e-003	0.	-0.295	2.1407e-004
5328	1.8347e-002	0.	-0.26356	3.4569e-004
5329	5.3731e-002	0.	-0.26628	2.9708e-004
5333	0.77269	0.	-0.52753	1.0002e-005
5334	0.73509	0.	-0.44829	1.3753e-005
5335	0.71594	0.	-0.57849	9.9961e-006
5336	0.65395	0.	-0.55446	1.2068e-005
5337	0.67226	0.	-0.44187	1.7094e-005
5341	0.21037	0.	-0.33779	9.9917e-005
5342	0.32997	0.	-0.35285	7.7923e-005
5343	0.24175	0.	-0.251	1.7465e-004
5344	0.21857	0.	-0.28978	1.5191e-004
5345	0.28475	0.	-0.26984	1.0673e-004
5350	0.13109	0.	-0.41849	7.9221e-005
5351	5.0113e-002	0.	-0.45569	6.351e-005
5352	0.13954	0.	-0.47041	5.9408e-005
5353	0.12033	0.	-0.51376	4.7717e-005
5354	6.2659e-002	0.	-0.49215	4.9369e-005
5357	-0.67367	0.	-0.70243	1.0799e-005
5358	-0.66117	0.	-0.576	1.6979e-005
5359	-0.60901	0.	-0.58617	1.9212e-005
5360	-0.58649	0.	-0.62751	1.5554e-005
5361	-0.61167	0.	-0.67732	1.3007e-005
5366	-0.58026	0.	-0.40628	4.1495e-005
5367	-0.64366	0.	-0.48509	2.6142e-005
5368	-0.65816	0.	-0.41576	2.9429e-005
5369	-0.56102	0.	-0.44483	3.5146e-005
5370	-0.59151	0.	-0.49526	2.8196e-005
5374	-0.93012	0.	-0.90234	3.0464e-006
5375	-0.77972	0.	-0.83432	5.7708e-006
5376	-0.77749	0.	-0.90961	4.6131e-006
5377	-0.84158	0.	-0.81745	5.0655e-006
5378	-0.89922	0.	-0.85532	3.9535e-006
5382	4.3977e-002	0.	-0.15814	1.452e-003
5383	8.6329e-002	0.	-0.17452	8.1027e-004
5384	1.7941e-002	0.	-0.17898	9.8876e-004
5385	2.6879e-002	0.	-0.20798	6.7964e-004
5386	6.2263e-002	0.	-0.21071	6.6994e-004
5390	2.8453e-002	0.	-0.10121	5.3231e-003
5391	7.3694e-002	0.	-9.8413e-002	2.0047e-003
5392	8.3094e-002	0.	-0.14599	1.3153e-003
5393	1.4706e-002	0.	-0.15044	1.4301e-003
5397	-0.99165	0.	-0.46587	1.0941e-005
5398	-0.97185	0.	-0.54839	8.8077e-006
5399	-1.059	0.	-0.44865	9.8885e-006
5400	-1.0548	0.	-0.58397	7.1918e-006
5404	0.75041	0.	-0.33124	1.9289e-005
5405	0.69582	0.	-0.19187	2.6173e-005
5406	0.74395	0.	-0.19778	2.2274e-005
5407	0.79066	0.	-0.26149	1.9421e-005
5408	0.68758	0.	-0.32482	2.243e-005
5409	0.66971	0.	-0.23805	2.7654e-005
5413	-0.92995	0.	-0.65202	7.1557e-006
5414	-1.0129	0.	-0.68761	5.3704e-006
5415	-0.89525	0.	-0.72888	5.7354e-006
5416	-0.95289	0.	-0.76675	4.7245e-006
5417	-1.0127	0.	-0.76155	4.2603e-006
5421	-0.18641	0.	-9.7468e-002	3.532e-003
5422	-0.20259	0.	-7.7349e-002	6.2131e-003
5423	-0.20546	0.	-0.11954	2.158e-003
5424	-0.23688	0.	-7.7183e-002	2.7837e-003
5429	-0.38417	0.	-0.44903	5.1477e-005
5430	-0.49673	0.	-0.37877	5.7535e-005
5431	-0.47748	0.	-0.41732	5.1776e-005
5432	-0.39224	0.	-0.39129	7.5758e-005
5436	-0.63066	0.	-0.81604	7.389e-006
5437	-0.51759	0.	-0.79104	9.641e-006
5438	-0.47579	0.	-0.89455	6.594e-006
5439	-0.62842	0.	-0.89133	6.3145e-006
5440	-0.48676	0.	-0.83339	7.7993e-006
5441	-0.56866	0.	-0.79094	9.7278e-006
5446	-0.12033	0.	-0.40531	8.9638e-005
5447	-0.11126	0.	-0.47917	5.642e-005
5448	-5.3999e-002	0.	-0.39501	9.4124e-005
5449	-6.8842e-002	0.	-0.4678	5.8071e-005
5450	-4.1304e-002	0.	-0.43771	6.6545e-005
5451	-8.4757e-002	0.	-0.38983	1.037e-004
5455	-0.2107	0.	-0.22308	5.6606e-004
5456	-0.27218	0.	-0.28448	2.5167e-004
5457	-0.22295	0.	-0.28348	2.7158e-004
5458	-0.19866	0.	-0.24848	3.8673e-004
5459	-0.24275	0.	-0.2211	4.8267e-004
5463	-0.14793	0.	-0.19122	7.057e-004
5464	-0.15857	0.	-0.17034	1.2833e-003
5465	-0.18769	0.	-0.1681	1.1246e-003
5466	-0.16624	0.	-0.21989	6.1556e-004
5467	-0.21034	0.	-0.19251	6.9396e-004
5471	0.74591	0.	-0.85052	3.6554e-006
5472	0.77452	0.	-0.73153	5.2677e-006
5473	0.82564	0.	-0.86725	2.6897e-006
5474	0.85326	0.	-0.76336	3.5715e-006
5480	-0.30796	0.	-0.56587	3.0113e-005
5481	-0.25657	0.	-0.684	1.4659e-005
5482	-0.2281	0.	-0.62731	1.9396e-005
5483	-0.33998	0.	-0.63646	1.857e-005
5484	-0.25646	0.	-0.58946	2.6817e-005
5489	-0.10241	0.	-6.6672e-002	9.897e-003
5490	-0.14033	0.	-7.9899e-002	8.7512e-003
5491	-0.13797	0.	-5.9055e-002	1.3518e-002
5492	-0.10896	0.	-5.3676e-002	1.3771e-002
5497	0.3809	0.	-0.18872	1.0958e-004
5498	0.41454	0.	-0.12378	1.1208e-004
5499	0.28238	0.	-0.10469	3.6618e-004
5500	0.288	0.	-0.15837	1.9301e-004
5501	0.33099	0.	-0.17722	1.2849e-004
5506	0.44837	0.	-0.19444	6.8376e-005
5507	0.41005	0.	-0.33088	5.7978e-005
5508	0.45242	0.	-0.30306	5.5707e-005
5509	0.47447	0.	-0.24938	5.5802e-005
5510	0.36483	0.	-0.24788	8.842e-005
5513	-8.835e-002	0.	-0.89813	3.0119e-006
5514	3.2431e-002	0.	-0.863	5.4822e-006
5515	4.159e-002	0.	-0.92221	3.6491e-006
5516	-2.4802e-002	0.	-0.85885	4.6189e-006
5520	0.29403	0.	-0.87368	6.8261e-006
5521	0.14823	0.	-0.84136	7.3744e-006
5522	0.15739	0.	-0.90058	5.8949e-006
5523	0.26796	0.	-0.92037	6.3806e-006
5527	0.32468	0.	-0.52452	2.9242e-005
5528	0.30591	0.	-0.58314	2.4192e-005
5529	0.22295	0.	-0.50723	4.2809e-005
5530	0.20374	0.	-0.55059	2.9984e-005
5531	0.255	0.	-0.58572	2.5748e-005
5535	-0.93799	0.	-0.2082	2.0616e-005
5536	-0.96931	0.	-0.34204	1.4583e-005
5537	-1.0145	0.	-0.19381	1.6684e-005
5538	-1.0366	0.	-0.32482	1.3603e-005
5543	-0.19425	0.	-0.80778	6.8722e-006
5544	-0.23265	0.	-0.84597	5.3091e-006
5545	-0.21927	0.	-0.90459	3.9319e-006
5546	-9.7636e-002	0.	-0.83795	4.9253e-006
5552	0.44108	0.	-0.56095	2.1564e-005
5553	0.39595	0.	-0.45653	3.8307e-005
5554	0.36775	0.	-0.56929	2.2488e-005
5559	0.46515	0.	-0.68039	1.2063e-005
5560	0.55984	0.	-0.61224	1.3103e-005
5561	0.42231	0.	-0.61957	1.6117e-005
5566	0.82392	0.	-0.48017	1.0977e-005
5567	0.80477	0.	-0.61037	6.9697e-006
5568	0.88351	0.	-0.64219	5.5253e-006
5569	0.88681	0.	-0.47612	8.7927e-006
5574	0.44963	0.	-0.88755	6.1009e-006
5575	0.40332	0.	-0.81058	7.8962e-006
5576	0.34591	0.	-0.9183	6.3447e-006
5579	6.1405e-002	0.	-7.0021e-002	5.4322e-003
5580	-1.0122e-002	0.	-7.2244e-002	8.3705e-003
5581	-1.0203e-003	0.	-6.1827e-002	1.5253e-002
5591	-0.63477	0.	-0.19642	6.8994e-005
5592	-0.54275	0.	-0.12992	1.5481e-004
5593	-0.678	0.	-0.13578	6.2729e-005
5597	0.53418	0.	-0.12622	5.7609e-005
5598	0.5081	0.	-0.18444	5.7374e-005
5602	-0.70184	0.	-0.20227	4.4554e-005
5603	-0.60692	0.	-0.31223	5.0207e-005
5604	-0.68482	0.	-0.32171	3.9306e-005
5609	0.82657	0.	-0.33117	1.4813e-005
5610	0.72349	0.	-0.3945	1.7935e-005
5611	0.8492	0.	-0.39687	1.2481e-005
5618	-0.97693	0.	-0.86107	3.0816e-006
5619	-1.0368	0.	-0.85587	2.5456e-006
5623	-0.2932	0.	-0.45013	6.5748e-005
5624	-0.36212	0.	-0.57266	2.9799e-005
5625	-0.27861	0.	-0.52566	3.6398e-005
5626	-0.33817	0.	-0.44433	6.3446e-005
5631	-0.7048	0.	-0.84733	6.3366e-006
5632	-0.7689	0.	-0.75517	6.7931e-006
5633	-0.64504	0.	-0.74694	9.7655e-006
5638	0.13789	0.	-0.33565	1.5092e-004
5639	0.17461	0.	-0.42418	7.5627e-005
5640	0.17435	0.	-0.32425	1.4664e-004
5643	-0.95356	0.	-0.13748	2.101e-005
5644	-0.81108	0.	-0.14675	3.157e-005
5645	-0.89674	0.	-0.11407	2.4736e-005
5651	-0.20507	0.	-0.39002	9.7441e-005
5652	-0.17831	0.	-0.34857	1.6031e-004
5653	-0.11828	0.	-0.36638	1.1645e-004
5657	-0.86969	0.	-0.44272	1.4225e-005
5658	-0.84989	0.	-0.52523	1.2368e-005
5659	-0.74083	0.	-0.49253	1.7882e-005
5660	-0.75533	0.	-0.4232	2.143e-005
5663	-0.27877	0.	-0.35773	1.2281e-004
5664	-0.25201	0.	-0.31628	1.7793e-004
5665	-0.32375	0.	-0.35194	1.2351e-004
5670	-5.979e-002	0.	-7.1391e-002	8.9569e-003
5671	-7.2181e-002	0.	-8.4636e-002	6.6907e-003
5672	-8.9723e-002	0.	-5.812e-002	1.165e-002
5677	-0.43752	0.	-0.68265	1.5041e-005
5678	-0.45007	0.	-0.76439	1.0056e-005
5679	-0.50679	0.	-0.67212	1.4494e-005
5680	-0.53197	0.	-0.72193	1.1906e-005
5684	3.6482e-002	0.	-0.65453	1.6631e-005
5685	4.8817e-002	0.	-0.75394	1.0417e-005
5686	-8.417e-003	0.	-0.74979	9.4547e-006
5689	0.10018	0.	-0.58548	2.4652e-005
5690	4.2501e-002	0.	-0.56386	2.8825e-005
5694	0.60904	0.	-0.90141	4.6384e-006
5695	0.77053	0.	-0.91605	2.8623e-006
5699	0.48097	0.	-0.82653	7.2071e-006
5703	-0.35071	0.	-0.87189	6.32e-006
5704	-0.33732	0.	-0.93051	5.0563e-006
5705	-0.40827	0.	-0.86791	7.0516e-006
5709	-0.41603	0.	-0.12407	3.835e-004
5713	-0.91995	0.	-0.50208	1.0797e-005
5714	-1.0071	0.	-0.40234	1.1823e-005
5719	-0.19885	0.	-0.68165	1.4918e-005
5720	-0.26572	0.	-0.77653	8.2844e-006
5724	0.72527	0.	-0.12809	2.4826e-005
5725	0.63175	0.	-0.12255	3.6398e-005
5726	0.65103	0.	-0.16836	2.991e-005
5731	-0.30873	0.	-8.7605e-002	1.7816e-003
5735	0.82011	0.	-0.19771	1.8023e-005
5736	0.83169	0.	-0.13741	1.8892e-005
5740	-0.98314	0.	-0.62017	7.0321e-006
5741	-0.86545	0.	-0.66144	7.445e-006
5746	-0.15304	0.	-0.57727	2.882e-005
5747	-0.19875	0.	-0.58711	2.7055e-005
5751	0.16217	0.	-7.9276e-002	1.4548e-003
5752	0.11605	0.	-0.1148	1.5023e-003
5757	0.17157	0.	-0.12685	6.1737e-004
5758	0.22331	0.	-0.14501	4.0589e-004
5763	0.39181	0.	-0.68873	1.3149e-005
5769	0.68602	0.	-0.6373	9.0909e-006
5770	0.82676	0.	-0.69316	5.2897e-006
5776	-2.7306e-002	0.	-6.125e-002	1.641e-002
5777	-4.8799e-002	0.	-8.4911e-002	7.3666e-003
5784	0.87839	0.	-0.20111	1.5948e-005
5785	0.88945	0.	-0.32712	1.2774e-005
5789	-9.3292e-002	0.	-0.51821	3.8806e-005
5790	-0.18141	0.	-0.53942	3.4622e-005
5796	-8.4921e-003	0.	-0.40396	9.3439e-005
5797	-3.1016e-002	0.	-0.32672	1.7082e-004
5798	-5.1945e-002	0.	-0.35608	1.2138e-004
5804	-0.22954	0.	-0.35674	1.514e-004
5805	-0.30127	0.	-0.39239	8.5923e-005
5809	-0.97321	0.	-9.9684e-002	2.0903e-005
5814	0.17718	0.	-0.18053	4.7488e-004
5815	0.154	0.	-0.21931	4.5056e-004
5816	0.10138	0.	-0.19856	5.2388e-004
5822	-0.4634	0.	-0.63273	1.7503e-005
5826	8.9537e-002	0.	-0.86618	6.458e-006
5827	2.3145e-002	0.	-0.80282	6.949e-006
5832	-0.15665	0.	-7.6725e-002	9.5869e-003
5833	-0.17518	0.	-7.745e-002	6.5648e-003
5834	-0.14894	0.	-0.12187	3.0245e-003
5835	-0.17806	0.	-0.11964	2.917e-003
5843	-2.3335e-002	0.	-0.47676	5.3812e-005
5844	-1.079e-002	0.	-0.51321	3.8855e-005
5856	-0.17282	0.	-5.6606e-002	1.1697e-002
5862	0.44773	0.	-0.37456	4.6001e-005
5863	0.36014	0.	-0.31938	7.9006e-005
5873	-0.63313	0.	-0.37104	3.8644e-005
5874	-0.53598	0.	-0.40011	4.4276e-005
5879	0.14609	0.	-0.28764	1.9851e-004
5880	9.347e-002	0.	-0.26689	2.9022e-004
5885	-6.7505e-002	0.	-0.12379	3.0021e-003
5893	-0.29073	0.	-0.87334	5.6397e-006
5894	-0.36168	0.	-0.81073	7.5565e-006
5905	-0.22565	0.	-5.7166e-002	6.1852e-003
5911	1.6748e-002	0.	-0.48313	5.2243e-005
5915	0.29808	0.	-0.6305	1.8796e-005
5926	-9.5693e-002	0.	-0.16869	1.0645e-003
5927	-0.10634	0.	-0.14781	1.3991e-003
5928	-4.2575e-002	0.	-0.16036	1.141e-003
5935	-1.0659	0.	-0.7297	4.2391e-006
5939	-0.69653	0.	-0.44985	2.3456e-005
5940	-0.62987	0.	-0.52935	2.1998e-005
5942	-0.12821	0.	-0.16706	1.223e-003
5943	-0.13588	0.	-0.21662	5.8949e-004
5951	-0.16798	0.	-0.14395	1.5815e-003
5955	-0.21974	0.	-0.16612	1.0499e-003
5965	-0.17849	0.	-0.28029	3.396e-004
5970	0.16386	0.	-0.51946	4.2448e-005
5978	0.20574	0.	-0.23746	2.1535e-004
5979	0.27192	0.	-0.21753	1.7673e-004
5988	-1.7149e-002	0.	-0.26074	3.2441e-004
5989	-6.1774e-002	0.	-0.32154	1.7464e-004
5993	-0.54722	0.	-0.48909	3.1321e-005
5998	-0.88839	0.	-0.77617	5.1023e-006
6003	-2.3914e-003	0.	-0.20029	7.6231e-004
6007	4.193e-002	0.	-0.23202	3.9517e-004
6011	0.51214	0.	-0.29306	4.345e-005
6016	-0.55519	0.	-0.58086	2.068e-005
6020	-1.0059	0.	-0.80884	3.5115e-006
6024	0.12993	0.	-0.2555	2.8411e-004
6028	8.697e-002	0.	-0.5412	3.257e-005
6029	0.19591	0.	-0.59794	2.5222e-005
6046	0.56027	0.	-0.18115	4.3721e-005
6047	0.60564	0.	-0.16874	3.7669e-005
6052	-0.55785	0.	-0.67202	1.4656e-005
6078	0.57956	0.	-0.22696	3.7676e-005
1	0.	0.	3.e-002	2.9353e-002
2	-2.2857e-002	0.	3.e-002	2.7738e-002
3	-4.5714e-002	0.	3.e-002	2.0308e-002
4	-6.8571e-002	0.	3.e-002	1.9479e-002
5	-9.1429e-002	0.	3.e-002	1.6403e-002
6	-0.11429	0.	3.e-002	2.131e-002
7	-0.13714	0.	3.e-002	3.2753e-002
8	-0.16	0.	3.e-002	3.2842e-002
9	-0.16	0.	2.e-002	5.591e-002
15	0.	0.	2.e-002	5.7234e-002
271	9.0909e-002	0.	0.	4.8758e-003
272	0.18182	0.	0.	1.0639e-003
273	0.27273	0.	0.	3.459e-004
274	0.36364	0.	0.	1.6114e-004
275	0.45455	0.	0.	8.2371e-005
276	0.54545	0.	0.	5.0705e-005
277	0.63636	0.	0.	3.5161e-005
278	0.72727	0.	0.	2.5866e-005
279	0.81818	0.	0.	1.9875e-005
280	0.90909	0.	0.	1.5983e-005
281	-1.0691	0.	0.	1.6707e-005
282	-0.97818	0.	0.	1.9308e-005
283	-0.88727	0.	0.	2.6314e-005
284	-0.79636	0.	0.	3.6992e-005
285	-0.70545	0.	0.	4.8641e-005
286	-0.61455	0.	0.	8.9361e-005
287	-0.52364	0.	0.	1.4592e-004
288	-0.43273	0.	0.	3.0084e-004
289	-0.34182	0.	0.	1.0092e-003
290	-0.25091	0.	0.	4.3893e-003
333	-1.16	0.	9.3636e-002	1.5662e-005
334	-1.16	0.	0.18727	1.432e-005
335	-1.16	0.	0.28091	1.2193e-005
336	-1.16	0.	0.37455	1.074e-005
337	-1.16	0.	0.46818	8.922e-006
338	-1.16	0.	0.56182	6.9124e-006
339	-1.16	0.	0.65545	5.0903e-006
340	-1.16	0.	0.74909	3.6732e-006
341	-1.16	0.	0.84273	2.3721e-006
342	-1.16	0.	0.93636	9.2032e-007
348	-1.0661	0.	1.03	1.0705e-006
349	-0.97217	0.	1.03	2.3415e-006
350	-0.87826	0.	1.03	3.1015e-006
351	-0.78435	0.	1.03	4.1289e-006
352	-0.69043	0.	1.03	5.1221e-006
353	-0.59652	0.	1.03	5.6521e-006
354	-0.50261	0.	1.03	5.8245e-006
355	-0.4087	0.	1.03	5.202e-006
356	-0.31478	0.	1.03	4.8654e-006
357	-0.22087	0.	1.03	3.1097e-006
358	-0.12696	0.	1.03	1.5534e-006
359	-3.3043e-002	0.	1.03	1.5374e-006
360	6.087e-002	0.	1.03	3.2769e-006
361	0.15478	0.	1.03	4.3588e-006
362	0.2487	0.	1.03	5.479e-006
363	0.34261	0.	1.03	6.0135e-006
364	0.43652	0.	1.03	5.2875e-006
365	0.53043	0.	1.03	5.0108e-006
366	0.62435	0.	1.03	4.1481e-006
367	0.71826	0.	1.03	3.2423e-006
368	0.81217	0.	1.03	2.2186e-006
369	0.90609	0.	1.03	1.1063e-006
375	1.	0.	0.93636	1.3295e-006
376	1.	0.	0.84273	2.2783e-006
377	1.	0.	0.74909	3.4343e-006
378	1.	0.	0.65545	5.2059e-006
379	1.	0.	0.56182	7.0171e-006
380	1.	0.	0.46818	8.94e-006
381	1.	0.	0.37455	1.0383e-005
382	1.	0.	0.28091	1.3254e-005
383	1.	0.	0.18727	1.4118e-005
384	1.	0.	9.3636e-002	1.5313e-005
385	0.	0.	0.	8.3465e-002
386	-0.16	0.	0.	9.1766e-002
392	1.	0.	0.	1.5419e-005
394	-1.16	0.	0.	1.5617e-005
397	-1.16	0.	1.03	5.864e-007
398	1.	0.	1.03	5.8825e-007
399	4.5455e-002	0.	0.	2.3243e-002
400	-0.20545	0.	0.	1.7405e-002
401	0.11435	0.	0.68155	1.6255e-005
402	-2.8406e-002	0.	0.36333	1.3803e-004
403	-0.65249	0.	0.515	2.3025e-005
404	0.55159	0.	0.58242	1.3188e-005
405	-0.10261	0.	0.20325	6.2516e-004
406	-0.38883	0.	0.37756	7.9762e-005
407	-0.29711	0.	0.69292	1.418e-005
408	0.27636	0.	0.47289	4.631e-005
409	0.62066	0.	0.2994	2.9221e-005
410	-4.7618e-002	0.	0.10749	3.5238e-003
411	-0.77044	0.	0.24253	3.1474e-005
412	-0.13378	0.	9.5603e-002	5.1677e-003
413	-0.25022	0.	0.23458	3.4424e-004
414	-0.76376	0.	0.79532	7.0722e-006
415	-0.17876	0.	0.53108	3.5922e-005
416	0.28045	0.	0.31822	9.8696e-005
417	0.1102	0.	0.21502	4.0173e-004
418	5.9824e-002	0.	0.13464	1.8142e-003
419	-1.0163	0.	0.51298	8.989e-006
420	-0.45541	0.	0.74004	1.048e-005
421	0.40213	0.	0.62051	1.7517e-005
422	0.84995	0.	0.71177	4.6584e-006
423	2.0943e-002	0.	0.46729	5.3321e-005
424	-0.16368	0.	0.69417	1.2465e-005
425	-0.63729	0.	0.2513	5.4227e-005
426	0.57979	0.	0.87616	5.267e-006
427	0.7221	0.	0.40907	1.5727e-005
428	0.3365	0.	0.76386	1.0828e-005
429	-0.22658	0.	0.34342	1.2624e-004
430	-0.41954	0.	0.6179	2.2463e-005
431	-0.39364	0.	0.17311	3.1457e-004
432	0.42186	0.	0.46176	2.8399e-005
433	6.9856e-002	0.	0.34437	1.2485e-004
434	-0.96494	0.	0.22239	1.9864e-005
435	-0.10172	0.	0.88125	3.8471e-006
436	0.39194	0.	0.16473	1.0374e-004
437	1.5025e-002	0.	0.20548	6.7867e-004
438	0.81972	0.	0.23924	1.7706e-005
439	-0.80759	0.	0.61449	9.8941e-006
440	-3.4822e-002	0.	7.0832e-002	1.0455e-002
441	-0.52072	0.	0.44479	3.8422e-005
442	-6.1373e-002	0.	0.55184	2.5718e-005
443	0.12812	0.	0.88325	5.3249e-006
444	-0.29104	0.	0.89704	5.1612e-006
445	-0.76778	0.	0.44083	1.8152e-005
446	-0.27732	0.	0.44324	6.6137e-005
447	-0.53314	0.	0.89288	6.375e-006
448	-0.18866	0.	0.17396	9.4944e-004
449	-0.1661	0.	0.12229	2.6081e-003
450	-0.29107	0.	0.15194	7.4395e-004
451	0.25266	0.	0.65859	1.5634e-005
452	4.1881e-002	0.	5.9058e-002	7.9807e-003
453	-0.13807	0.	5.5869e-002	2.0121e-002
454	0.83945	0.	0.88329	2.6297e-006
455	-0.60727	0.	0.75914	9.3852e-006
456	0.23493	0.	0.16644	2.8415e-004
457	-0.17463	0.	7.4295e-002	8.9455e-003
458	-0.92047	0.	0.87199	3.3784e-006
459	0.19498	0.	0.57044	2.5463e-005
460	-0.57802	0.	0.11376	1.0386e-004
461	0.69416	0.	0.65028	8.2347e-006
462	-0.15764	0.	0.26455	3.2483e-004
463	0.86585	0.	0.48397	9.063e-006
464	0.39934	0.	0.30323	6.9718e-005
465	-3.1236e-002	0.	0.67601	1.233e-005
466	-0.2993	0.	0.5655	3.2311e-005
467	-0.518	0.	0.33021	6.8941e-005
468	-7.004e-002	0.	6.1903e-002	1.1964e-002
469	0.14633	0.	0.48442	4.9038e-005
470	-5.6769e-002	0.	0.26682	3.6278e-004
471	0.60765	0.	0.1373	3.8301e-005
472	0.59667	0.	0.73011	7.3633e-006
473	6.3054e-002	0.	0.57449	2.7569e-005
474	-9.3615e-002	0.	0.45465	6.4684e-005
475	0.16841	0.	0.33425	1.3416e-004
476	0.1559	0.	0.15405	5.8627e-004
477	0.58822	0.	0.43646	2.1312e-005
478	-0.40456	0.	0.49629	3.745e-005
479	-0.12661	0.	0.35514	1.6701e-004
480	0.26562	0.	0.90452	6.438e-006
481	0.43258	0.	0.90295	6.1786e-006
482	-0.84934	0.	0.13392	2.8343e-005
483	0.7036	0.	0.79669	5.3004e-006
484	-0.87684	0.	0.32919	1.9947e-005
485	-0.22215	0.	0.10861	2.3568e-003
486	-0.73505	0.	0.91852	5.2298e-006
487	4.9371e-002	0.	0.77937	8.8062e-006
488	0.49589	0.	0.22442	5.1629e-005
489	-0.9822	0.	0.36968	1.2602e-005
490	0.1911	0.	0.77852	9.4753e-006
491	-0.52707	0.	0.56168	2.3018e-005
492	0.74346	0.	0.10758	2.5265e-005
493	-0.10728	0.	6.6132e-002	9.926e-003
494	0.8538	0.	0.35707	1.2195e-005
495	-0.70715	0.	0.11547	5.3667e-005
496	-0.2124	0.	0.80014	7.1843e-006
497	-1.017	0.	0.11119	1.726e-005
498	-1.5226e-002	0.	0.15034	1.554e-003
499	4.6564e-003	0.	0.8974	3.3192e-006
500	-1.0491	0.	0.65608	5.725e-006
501	-1.0467	0.	0.92003	1.8157e-006
502	4.2441e-002	0.	0.27492	3.0839e-004
503	-0.31372	0.	0.30281	1.5535e-004
504	-0.4748	0.	0.10095	2.0305e-004
505	-0.63089	0.	0.63049	1.4253e-005
506	-0.18083	0.	0.4293	8.0693e-005
507	0.88675	0.	0.15345	1.5876e-005
508	-0.63335	0.	0.38798	3.4175e-005
509	0.47522	0.	0.11221	7.2775e-005
510	0.1234	0.	7.7027e-002	1.5171e-003
511	0.21303	0.	8.9061e-002	5.3414e-004
512	-9.1771e-002	0.	0.10522	3.5457e-003
513	0.71148	0.	0.93336	3.5809e-006
514	0.46341	0.	0.74431	9.7245e-006
515	-0.93544	0.	0.59508	7.5798e-006
516	0.51433	0.	0.33847	3.7237e-005
517	0.31472	0.	0.5526	2.5061e-005
518	-0.40473	0.	0.27154	1.5564e-004
519	-0.41068	0.	0.91014	6.4585e-006
520	-0.19269	0.	0.91485	3.3813e-006
521	-0.21982	0.	4.9571e-002	6.6571e-003
522	-7.0652e-002	0.	0.155	1.433e-003
523	-0.34492	0.	0.80226	8.2519e-006
524	-1.3053e-003	0.	9.6963e-002	4.9419e-003
525	-0.28309	0.	6.5209e-002	1.7333e-003
526	-0.36952	0.	8.187e-002	5.4326e-004
527	-0.21749	0.	0.61824	2.1798e-005
528	-0.18398	0.	3.4773e-002	2.2067e-002
529	0.69611	0.	0.52564	1.2677e-005
530	0.7418	0.	0.312	1.8398e-005
531	-0.50108	0.	0.20681	1.3514e-004
532	0.18	0.	0.9606	4.9917e-006
533	-0.32641	0.	0.22631	2.66e-004
534	0.79523	0.	0.5933	8.8402e-006
535	0.32822	0.	0.38752	5.4351e-005
536	-0.5297	0.	0.66341	1.5211e-005
537	-4.6046e-002	0.	0.19618	7.2358e-004
538	0.11898	0.	0.2834	2.2307e-004
539	-7.5655e-002	0.	0.78054	6.8013e-006
540	0.29469	0.	0.11733	2.1908e-004
541	-0.8988	0.	0.47164	1.1606e-005
542	-0.85241	0.	0.95099	3.602e-006
543	-0.1241	0.	0.14453	1.5417e-003
544	-0.62638	0.	0.88799	6.5649e-006
545	0.22216	0.	0.40134	7.5545e-005
546	-0.91946	0.	0.72123	5.4447e-006
547	0.19655	0.	0.2421	2.1916e-004
548	-1.0405	0.	0.79441	3.3615e-006
549	-1.0742	0.	0.28216	1.317e-005
550	0.10419	0.	0.40902	7.2292e-005
551	0.92867	0.	0.81667	2.6242e-006
552	0.307	0.	0.22332	1.4288e-004
553	-1.0754	0.	0.42917	9.977e-006
554	-1.0486e-002	0.	5.4238e-002	1.5303e-002
555	0.88718	0.	0.59827	6.575e-006
556	-0.72499	0.	0.33256	3.0914e-005
1815	-1.1429e-002	0.	3.e-002	2.6613e-002
1816	0.	0.	2.5e-002	4.185e-002
1818	2.2727e-002	0.	1.5e-002	2.4351e-002
1819	2.0941e-002	0.	4.4529e-002	1.8637e-002
1820	-5.2428e-003	0.	4.2119e-002	2.1833e-002
1825	-3.4286e-002	0.	3.e-002	2.327e-002
1828	-2.884e-002	0.	5.0416e-002	1.887e-002
1829	-1.6671e-002	0.	4.2119e-002	2.1267e-002
1833	-5.7143e-002	0.	3.e-002	1.9658e-002
1836	-4.0268e-002	0.	5.0416e-002	1.5313e-002
1837	-5.7877e-002	0.	4.5951e-002	1.5564e-002
1842	-8.e-002	0.	3.e-002	1.6051e-002
1845	-6.9306e-002	0.	4.5951e-002	1.5595e-002
1847	-0.10286	0.	3.e-002	1.8257e-002
1850	-8.0734e-002	0.	4.5951e-002	1.3418e-002
1851	-9.9353e-002	0.	4.8066e-002	1.3073e-002
1853	-0.12571	0.	3.e-002	2.6522e-002
1856	-0.12618	0.	4.2935e-002	2.0319e-002
1857	-0.11078	0.	4.8066e-002	1.5495e-002
1860	-0.14857	0.	3.e-002	3.1183e-002
1863	-0.1376	0.	4.2935e-002	2.643e-002
1866	-0.16	0.	2.5e-002	4.1915e-002
1868	-0.14903	0.	4.2935e-002	2.5196e-002
1869	-0.16731	0.	5.2148e-002	2.0857e-002
1870	-0.17199	0.	3.2387e-002	2.6722e-002
1877	-0.16	0.	1.e-002	7.3289e-002
1878	-0.18273	0.	1.e-002	3.6468e-002
1879	-0.17199	0.	2.7387e-002	3.8781e-002
1917	0.	0.	1.e-002	6.9929e-002
1918	2.2727e-002	0.	1.e-002	3.9992e-002
3455	0.13636	0.	0.	2.9658e-003
3456	6.8182e-002	0.	0.	1.4045e-002
3457	6.6395e-002	0.	2.9529e-002	6.0273e-003
3458	0.10716	0.	3.8513e-002	3.1509e-003
3467	0.22727	0.	0.	7.0489e-004
3468	0.15261	0.	3.8513e-002	1.2481e-003
3469	0.19743	0.	4.453e-002	7.8906e-004
3476	0.31818	0.	0.	2.5352e-004
3477	0.24288	0.	4.453e-002	4.3448e-004
3478	0.28371	0.	5.8663e-002	2.7825e-004
3485	0.40909	0.	0.	1.2128e-004
3486	0.37779	0.	8.2364e-002	1.3021e-004
3487	0.41943	0.	5.6105e-002	1.168e-004
3488	0.32917	0.	5.8663e-002	1.8713e-004
3497	0.5	0.	0.	6.6432e-005
3498	0.46488	0.	5.6105e-002	7.7001e-005
3504	0.59091	0.	0.	4.2911e-005
3505	0.57655	0.	6.8648e-002	4.4257e-005
3506	0.51034	0.	5.6105e-002	6.1565e-005
3514	0.68182	0.	0.	3.0503e-005
3515	0.62201	0.	6.8648e-002	3.6539e-005
3516	0.68991	0.	5.3791e-002	3.0189e-005
3521	0.77273	0.	0.	2.2869e-005
3522	0.73537	0.	5.3791e-002	2.5523e-005
3528	0.86364	0.	0.	1.7926e-005
3529	0.78082	0.	5.3791e-002	2.2545e-005
3530	0.85246	0.	7.6723e-002	1.7873e-005
3539	0.95455	0.	4.6818e-002	1.5647e-005
3540	0.95455	0.	0.	1.57e-005
3541	0.89792	0.	7.6723e-002	1.5922e-005
3546	-1.0236	0.	0.	1.8002e-005
3547	-1.1145	0.	4.6818e-002	1.6183e-005
3548	-1.1145	0.	0.	1.6161e-005
3549	-1.0431	0.	5.5597e-002	1.6973e-005
3554	-0.93273	0.	0.	2.28e-005
3555	-0.9976	0.	5.5597e-002	1.8272e-005
3562	-0.84182	0.	0.	3.1632e-005
3563	-0.86831	0.	6.6958e-002	2.7284e-005
3564	-0.95214	0.	5.5597e-002	2.1779e-005
3571	-0.75091	0.	0.	4.2768e-005
3572	-0.82285	0.	6.6958e-002	3.2603e-005
3573	-0.75176	0.	5.7735e-002	4.5186e-005
3579	-0.66	0.	0.	6.8896e-005
3580	-0.7063	0.	5.7735e-002	5.0944e-005
3588	-0.56909	0.	0.	1.175e-004
3589	-0.59628	0.	5.6878e-002	9.6319e-005
3590	-0.66085	0.	5.7735e-002	7.1477e-005
3595	-0.47818	0.	0.	2.2307e-004
3596	-0.55083	0.	5.6878e-002	1.2389e-004
3597	-0.49922	0.	5.0477e-002	1.7197e-004
3606	-0.38727	0.	0.	6.5484e-004
3607	-0.45376	0.	5.0477e-002	2.4982e-004
3608	-0.40113	0.	4.0935e-002	4.1802e-004
3616	-0.29636	0.	0.	2.6987e-003
3617	-0.31245	0.	3.2604e-002	1.3537e-003
3618	-0.35567	0.	4.0935e-002	7.707e-004
3626	-0.22818	0.	0.	1.0887e-002
3627	-0.23536	0.	2.4785e-002	5.3698e-003
3628	-0.267	0.	3.2604e-002	3.0225e-003
3860	-1.16	0.	0.14045	1.4989e-005
3861	-1.16	0.	4.6818e-002	1.5637e-005
3862	-1.0885	0.	0.10241	1.6455e-005
3865	-1.16	0.	0.23409	1.3256e-005
3866	-1.0885	0.	0.14923	1.5789e-005
3867	-1.1171	0.	0.23472	1.3739e-005
3871	-1.16	0.	0.32773	1.1466e-005
3872	-1.1171	0.	0.28154	1.2675e-005
3875	-1.16	0.	0.42136	9.8224e-006
3876	-1.1171	0.	0.32835	1.1949e-005
3877	-1.1177	0.	0.40186	1.035e-005
3879	-1.16	0.	0.515	7.9155e-006
3880	-1.0882	0.	0.49058	8.9073e-006
3881	-1.1177	0.	0.44867	9.449e-006
3885	-1.16	0.	0.60864	5.9997e-006
3886	-1.0882	0.	0.5374	7.9114e-006
3887	-1.1045	0.	0.60895	6.2995e-006
3891	-1.16	0.	0.70227	4.3794e-006
3892	-1.1045	0.	0.65577	5.392e-006
3894	-1.16	0.	0.79591	3.0193e-006
3895	-1.1045	0.	0.70258	4.6948e-006
3896	-1.1002	0.	0.77175	3.4827e-006
3900	-1.16	0.	0.88955	1.6337e-006
3901	-1.1033	0.	0.88138	2.0301e-006
3902	-1.1002	0.	0.81857	2.853e-006
3907	-1.113	0.	0.98318	9.4726e-007
3908	-1.16	0.	0.98318	7.3879e-007
3909	-1.1033	0.	0.92819	1.36e-006
3937	-1.0191	0.	1.03	1.7019e-006
3938	-1.113	0.	1.03	8.1697e-007
3939	-1.0564	0.	0.97501	1.4166e-006
3943	-0.92522	0.	1.03	2.7163e-006
3944	-0.94632	0.	0.95099	2.815e-006
3945	-1.0094	0.	0.97501	2.003e-006
3946	-0.91229	0.	0.9905	2.9706e-006
3948	-0.8313	0.	1.03	3.6151e-006
3949	-0.86534	0.	0.9905	3.3388e-006
3953	-0.73739	0.	1.03	4.6251e-006
3954	-0.7597	0.	0.97426	4.6712e-006
3955	-0.81838	0.	0.9905	3.8509e-006
3957	-0.64348	0.	1.03	5.3865e-006
3958	-0.71274	0.	0.97426	5.163e-006
3959	-0.65841	0.	0.95899	5.8344e-006
3963	-0.54957	0.	1.03	5.7361e-006
3964	-0.56483	0.	0.96144	6.0132e-006
3965	-0.61145	0.	0.95899	6.0934e-006
3968	-0.45565	0.	1.03	5.5105e-006
3969	-0.51788	0.	0.96144	6.0969e-006
3970	-0.45664	0.	0.97007	6.1332e-006
3975	-0.36174	0.	1.03	5.0319e-006
3976	-0.40969	0.	0.97007	5.8291e-006
3980	-0.26783	0.	1.03	3.9768e-006
3981	-0.30291	0.	0.96352	4.9875e-006
3982	-0.36273	0.	0.97007	5.6618e-006
3985	-0.17391	0.	1.03	2.2589e-006
3986	-0.25595	0.	0.96352	4.1331e-006
3987	-0.20678	0.	0.97243	3.1694e-006
3991	-8.e-002	0.	1.03	1.2185e-006
3992	-0.11434	0.	0.95562	2.6156e-006
3993	-0.15982	0.	0.97243	2.4643e-006
3998	1.3913e-002	0.	1.03	2.2567e-006
3999	-6.7384e-002	0.	0.95562	2.5279e-006
4000	-1.4194e-002	0.	0.9637	2.4129e-006
4003	0.10783	0.	1.03	3.8018e-006
4004	9.4496e-002	0.	0.95663	4.283e-006
4005	3.2763e-002	0.	0.9637	3.1475e-006
4006	0.12044	0.	0.9953	4.1264e-006
4010	0.20174	0.	1.03	4.9169e-006
4011	0.16739	0.	0.9953	4.6732e-006
4015	0.29565	0.	1.03	5.7445e-006
4016	0.25716	0.	0.96726	5.9555e-006
4017	0.21435	0.	0.9953	5.2264e-006
4019	0.38957	0.	1.03	5.6485e-006
4020	0.30411	0.	0.96726	6.2178e-006
4021	0.3876	0.	0.96648	6.0902e-006
4025	0.48348	0.	1.03	5.1437e-006
4026	0.43455	0.	0.96648	5.7312e-006
4029	0.57739	0.	1.03	4.5787e-006
4030	0.55511	0.	0.95308	5.1313e-006
4031	0.48151	0.	0.96648	5.5932e-006
4036	0.6713	0.	1.03	3.6952e-006
4037	0.60207	0.	0.95308	4.6993e-006
4038	0.66791	0.	0.98168	3.855e-006
4040	0.76522	0.	1.03	2.7161e-006
4041	0.71487	0.	0.98168	3.4041e-006
4044	0.85913	0.	1.03	1.6502e-006
4045	0.82581	0.	0.95665	2.3743e-006
4046	0.76183	0.	0.98168	2.8977e-006
4052	0.95304	0.	0.98318	1.1721e-006
4053	0.95304	0.	1.03	8.4386e-007
4054	0.87277	0.	0.95665	1.8635e-006
4081	1.	0.	0.88955	1.7889e-006
4082	1.	0.	0.98318	9.4526e-007
4083	0.91973	0.	0.90983	1.9442e-006
4084	0.96433	0.	0.87652	1.9751e-006
4088	1.	0.	0.79591	2.8557e-006
4089	0.96433	0.	0.8297	2.4413e-006
4091	1.	0.	0.70227	4.3197e-006
4092	0.92498	0.	0.73043	3.976e-006
4093	0.96433	0.	0.78288	3.0218e-006
4097	1.	0.	0.60864	6.106e-006
4098	0.92498	0.	0.68361	4.8564e-006
4099	0.94359	0.	0.62686	5.8873e-006
4105	1.	0.	0.515	7.978e-006
4106	0.93293	0.	0.52289	8.0136e-006
4107	0.94359	0.	0.58005	6.7796e-006
4109	1.	0.	0.42136	9.6605e-006
4110	0.93293	0.	0.47608	8.9642e-006
4115	1.	0.	0.32773	1.1816e-005
4116	0.93293	0.	0.42926	9.6798e-006
4117	0.9269	0.	0.36581	1.1268e-005
4120	1.	0.	0.23409	1.3681e-005
4121	0.90986	0.	0.26008	1.5454e-005
4122	0.9269	0.	0.31899	1.2695e-005
4123	0.94337	0.	0.21718	1.4563e-005
4127	1.	0.	0.14045	1.4715e-005
4128	0.94337	0.	0.17036	1.4993e-005
4131	1.	0.	4.6818e-002	1.5366e-005
4132	0.94337	0.	0.12354	1.5587e-005
4134	2.2727e-002	0.	0.	5.3156e-002
4139	-0.18273	0.	0.	5.4443e-002
4150	4.3668e-002	0.	2.9529e-002	1.4947e-002
4161	-0.21264	0.	2.4785e-002	1.1833e-002
4162	-0.19472	0.	1.7387e-002	1.9205e-002
4172	0.1835	0.	0.67007	1.5535e-005
4173	0.15466	0.	0.62599	2.0432e-005
4174	4.1558e-002	0.	0.67878	1.3296e-005
4175	8.8703e-002	0.	0.62802	2.1799e-005
4176	8.1861e-002	0.	0.73046	1.2466e-005
4177	0.15273	0.	0.73004	1.2705e-005
4181	-3.7312e-003	0.	0.41531	9.5094e-005
4182	2.0725e-002	0.	0.35385	1.2382e-004
4183	-4.2587e-002	0.	0.31508	2.4926e-004
4184	-6.101e-002	0.	0.40899	9.5193e-005
4185	-7.7507e-002	0.	0.35924	1.3818e-004
4186	7.0175e-003	0.	0.31913	2.1171e-004
4194	-0.73004	0.	0.56474	1.6406e-005
4195	-0.5866	0.	0.47989	3.0636e-005
4196	-0.71013	0.	0.47791	2.0395e-005
4197	-0.58978	0.	0.53834	2.2779e-005
4198	-0.64169	0.	0.57274	1.8589e-005
4199	-0.64292	0.	0.45149	2.8475e-005
4204	0.47686	0.	0.60146	1.5158e-005
4205	0.48673	0.	0.52209	2.0782e-005
4206	0.62288	0.	0.61635	1.0658e-005
4207	0.57413	0.	0.65627	1.0254e-005
4208	0.56991	0.	0.50944	1.7163e-005
4209	0.5075	0.	0.66337	1.1309e-005
4210	0.62385	0.	0.55403	1.2745e-005
4215	-0.14564	0.	0.18861	6.975e-004
4216	-0.13012	0.	0.2339	4.6821e-004
4217	-7.9688e-002	0.	0.23504	4.677e-004
4218	-8.663e-002	0.	0.17913	1.0058e-003
4219	-7.4327e-002	0.	0.19972	6.3277e-004
4220	-0.11335	0.	0.17389	1.0758e-003
4224	-0.45477	0.	0.41117	5.8825e-005
4225	-0.33308	0.	0.4104	7.1111e-005
4226	-0.45342	0.	0.35388	7.2947e-005
4227	-0.39669	0.	0.43693	5.8296e-005
4228	-0.35128	0.	0.34018	1.175e-004
4229	-0.39678	0.	0.32455	1.166e-004
4233	-0.37626	0.	0.71648	1.2127e-005
4234	-0.23039	0.	0.69354	1.2532e-005
4235	-0.35832	0.	0.65541	1.796e-005
4236	-0.29821	0.	0.62921	2.3239e-005
4237	-0.25475	0.	0.74653	1.0479e-005
4238	-0.32101	0.	0.74759	1.121e-005
4239	-0.2573	0.	0.65558	1.7678e-005
4244	0.34911	0.	0.46733	3.6681e-005
4245	0.23567	0.	0.52166	3.5535e-005
4246	0.21134	0.	0.47866	4.6861e-005
4247	0.29554	0.	0.51275	3.5677e-005
4248	0.30229	0.	0.43021	4.9804e-005
4249	0.24926	0.	0.43712	6.0852e-005
4254	0.67138	0.	0.35424	2.2469e-005
4255	0.61416	0.	0.21835	3.3548e-005
4256	0.60444	0.	0.36793	2.5018e-005
4257	0.55828	0.	0.26191	4.0397e-005
4258	0.5675	0.	0.31894	3.3082e-005
4259	0.68123	0.	0.3057	2.3757e-005
4263	-4.122e-002	0.	8.9161e-002	6.9281e-003
4264	-5.8829e-002	0.	8.4697e-002	7.6202e-003
4265	-3.1422e-002	0.	0.12892	2.5229e-003
4266	-6.9695e-002	0.	0.10635	3.1618e-003
4267	-5.9135e-002	0.	0.13125	2.3851e-003
4268	-2.4462e-002	0.	0.10223	3.9969e-003
4273	-0.70387	0.	0.24692	4.2771e-005
4274	-0.86769	0.	0.23246	2.5533e-005
4275	-0.80989	0.	0.18822	2.9549e-005
4276	-0.82364	0.	0.28586	2.5703e-005
4277	-0.73879	0.	0.179	4.2182e-005
4278	-0.74772	0.	0.28755	3.1126e-005
4282	-0.14994	0.	0.10895	3.8502e-003
4283	-0.13592	0.	7.5736e-002	1.2571e-002
4284	-0.1542	0.	8.4949e-002	6.5751e-003
4285	-0.12053	0.	8.0867e-002	7.4163e-003
4286	-0.11278	0.	0.10041	4.0307e-003
4287	-0.12894	0.	0.12007	3.3104e-003
4291	-0.2384	0.	0.289	2.3179e-004
4292	-0.21944	0.	0.20427	6.4627e-004
4293	-0.27065	0.	0.19326	5.1788e-004
4294	-0.20393	0.	0.24957	3.1277e-004
4295	-0.28197	0.	0.26869	2.4839e-004
4296	-0.28832	0.	0.23045	2.9677e-004
4302	-0.78568	0.	0.70491	8.3968e-006
4303	-0.68552	0.	0.77723	8.1654e-006
4304	-0.84212	0.	0.83366	5.2147e-006
4305	-0.74941	0.	0.85692	6.1086e-006
4306	-0.69732	0.	0.7129	1.0661e-005
4307	-0.80809	0.	0.87316	5.3184e-006
4308	-0.69507	0.	0.84165	6.7596e-006
4309	-0.84161	0.	0.75827	6.1317e-006
4314	-0.12007	0.	0.54146	2.906e-005
4315	-0.22804	0.	0.48716	4.8011e-005
4316	-0.23903	0.	0.54829	3.2856e-005
4317	-0.13619	0.	0.49286	4.9614e-005
4318	-0.1798	0.	0.48019	5.8145e-005
4319	-0.19813	0.	0.57466	2.8751e-005
4323	0.3399	0.	0.31073	8.3432e-005
4324	0.22443	0.	0.32624	1.1419e-004
4325	0.30434	0.	0.35287	7.6439e-005
4326	0.25131	0.	0.35978	8.5697e-005
4327	0.2385	0.	0.28016	1.589e-004
4328	0.29373	0.	0.27077	1.1958e-004
4331	8.5012e-002	0.	0.17483	1.1057e-003
4332	6.2613e-002	0.	0.21025	5.2097e-004
4333	0.13305	0.	0.18453	4.794e-004
4334	7.6321e-002	0.	0.24497	3.462e-004
4335	0.11459	0.	0.24921	3.1202e-004
4336	0.15338	0.	0.22856	3.0446e-004
4340	3.7425e-002	0.	0.17006	1.1887e-003
4341	5.0853e-002	0.	9.685e-002	4.8457e-003
4342	0.10786	0.	0.14435	1.1857e-003
4343	2.2299e-002	0.	0.14249	1.5315e-003
4344	9.1613e-002	0.	0.10583	1.5593e-003
4345	2.9259e-002	0.	0.1158	3.3177e-003
4352	-0.99927	0.	0.44133	1.0792e-005
4353	-1.0327	0.	0.58453	7.3553e-006
4354	-0.97589	0.	0.55403	8.2307e-006
4355	-0.95757	0.	0.49231	1.0236e-005
4356	-1.0459	0.	0.47107	9.4293e-006
4360	-0.43747	0.	0.67897	1.6468e-005
4361	-0.49428	0.	0.81646	8.415e-006
4362	-0.53134	0.	0.74959	9.8612e-006
4363	-0.43304	0.	0.82509	8.4641e-006
4364	-0.40016	0.	0.77115	9.204e-006
4365	-0.49255	0.	0.70173	1.2728e-005
4369	0.36931	0.	0.69218	1.4084e-005
4370	0.41199	0.	0.54113	2.2787e-005
4371	0.32739	0.	0.63955	1.6243e-005
4372	0.43277	0.	0.68241	1.3621e-005
4373	0.35842	0.	0.58655	2.1257e-005
4377	0.8447	0.	0.79753	3.6172e-006
4378	0.77206	0.	0.68103	6.4142e-006
4379	0.77677	0.	0.75423	4.8405e-006
4380	0.82259	0.	0.65254	6.7484e-006
4381	0.88931	0.	0.76422	3.6178e-006
4382	0.86856	0.	0.65502	5.5555e-006
4388	4.54e-002	0.	0.40583	8.7281e-005
4389	-2.0215e-002	0.	0.50957	3.7719e-005
4390	8.3635e-002	0.	0.47585	4.8978e-005
4391	4.1999e-002	0.	0.52089	4.0437e-005
4392	-3.6336e-002	0.	0.46097	5.1935e-005
4393	6.2567e-002	0.	0.43815	6.0754e-005
4397	-0.11252	0.	0.62301	1.845e-005
4398	-9.7456e-002	0.	0.68509	1.165e-005
4399	-0.18804	0.	0.74715	9.7356e-006
4400	-0.19058	0.	0.6562	1.6934e-005
4401	-0.11967	0.	0.73735	9.4036e-006
4405	-0.60766	0.	0.18253	7.8229e-005
4406	-0.57765	0.	0.29075	6.0444e-005
4407	-0.67222	0.	0.18339	5.2919e-005
4408	-0.63532	0.	0.31964	4.3912e-005
4409	-0.56919	0.	0.22906	9.4586e-005
4410	-0.68114	0.	0.29193	4.2564e-005
4416	0.58823	0.	0.80313	6.2734e-006
4417	0.50619	0.	0.88956	5.7056e-006
4418	0.6417	0.	0.83643	5.2288e-006
4419	0.64563	0.	0.90476	4.4235e-006
4420	0.5216	0.	0.81023	7.494e-006
4424	0.79397	0.	0.44652	1.2333e-005
4425	0.65516	0.	0.42277	1.8349e-005
4426	0.78795	0.	0.38307	1.3831e-005
4427	0.7091	0.	0.46735	1.4168e-005
4428	0.73195	0.	0.36054	1.7011e-005
4431	0.29458	0.	0.71122	1.3182e-005
4432	0.30106	0.	0.83419	8.6118e-006
4433	0.38454	0.	0.83341	8.5012e-006
4434	0.2638	0.	0.77119	1.0045e-005
4435	0.39996	0.	0.75408	1.021e-005
4438	-0.25195	0.	0.39333	9.5617e-005
4439	-0.19211	0.	0.30398	2.2274e-004
4440	-0.17659	0.	0.34928	1.3766e-004
4441	-0.27015	0.	0.32311	1.3427e-004
4442	-0.20371	0.	0.38636	1.0203e-004
4446	-0.35942	0.	0.5917	2.68e-005
4447	-0.41205	0.	0.5571	2.9956e-005
4448	-0.4733	0.	0.58979	2.2507e-005
4449	-0.47462	0.	0.64066	1.8713e-005
4454	-0.34236	0.	0.16253	5.2646e-004
4455	-0.43422	0.	0.13703	2.5389e-004
4456	-0.39918	0.	0.22232	2.326e-004
4457	-0.38158	0.	0.12749	4.2286e-004
4458	-0.44736	0.	0.18996	2.2466e-004
4459	-0.36002	0.	0.19971	2.8329e-004
4463	0.4106	0.	0.3825	4.8763e-005
4464	0.50504	0.	0.44911	2.4621e-005
4465	0.4681	0.	0.40012	3.2258e-005
4466	0.36829	0.	0.50718	2.6293e-005
4467	0.37504	0.	0.42464	4.1326e-005
4472	0.11914	0.	0.33931	1.256e-004
4473	5.6148e-002	0.	0.30965	2.1661e-004
4474	9.442e-002	0.	0.31389	1.7069e-004
4475	8.7024e-002	0.	0.37669	9.8501e-005
4479	-0.90714	0.	0.17815	2.4075e-005
4480	-0.92089	0.	0.27579	1.9818e-005
4481	-0.97357	0.	0.29603	1.623e-005
4482	-0.99098	0.	0.16679	1.8479e-005
4483	-1.0196	0.	0.25228	1.6474e-005
4487	-0.15706	0.	0.8407	5.3433e-006
4488	-4.8534e-002	0.	0.88933	3.2295e-006
4489	-0.14721	0.	0.89805	3.4214e-006
4490	-8.869e-002	0.	0.83089	5.2974e-006
4495	0.39564	0.	0.23398	8.559e-005
4496	0.44392	0.	0.19457	7.765e-005
4497	0.43358	0.	0.13847	8.7483e-005
4498	0.34332	0.	0.14103	1.6139e-004
4499	0.34947	0.	0.19402	1.2179e-004
4503	-2.0872e-002	0.	0.23615	4.8276e-004
4504	-1.0051e-004	0.	0.17791	1.1128e-003
4505	2.8733e-002	0.	0.2402	4.9294e-004
4506	-1.551e-002	0.	0.20083	6.4817e-004
4511	0.78159	0.	0.17341	2.147e-005
4512	0.83676	0.	0.29815	1.4947e-005
4513	0.85323	0.	0.19634	1.6752e-005
4514	0.78076	0.	0.27562	1.8003e-005
4518	-0.78768	0.	0.52766	1.4004e-005
4519	-0.71924	0.	0.62249	1.1919e-005
4520	-0.87152	0.	0.60478	8.6598e-006
4521	-0.85319	0.	0.54306	1.0652e-005
4522	-0.86353	0.	0.66786	7.6572e-006
4527	-5.2431e-002	0.	6.6367e-002	1.047e-002
4528	-1.8064e-002	0.	8.3897e-002	7.5786e-003
4529	-2.2654e-002	0.	6.2535e-002	1.2255e-002
4535	-0.51936	0.	0.3875	5.345e-005
4536	-0.46264	0.	0.47054	3.7102e-005
4537	-0.52389	0.	0.50323	3.0654e-005
4538	-0.57704	0.	0.41638	3.576e-005
4542	-4.6304e-002	0.	0.61393	1.8981e-005
4543	8.4054e-004	0.	0.56317	2.5073e-005
4544	-7.7494e-002	0.	0.50325	4.4638e-005
4545	-0.13943	0.	0.58504	2.1572e-005
4549	0.19687	0.	0.89389	5.7845e-006
4550	8.8746e-002	0.	0.83131	6.9786e-006
4551	0.15961	0.	0.83089	7.3576e-006
4552	6.6389e-002	0.	0.89033	4.2323e-006
4553	0.15406	0.	0.92193	5.0962e-006
4558	-0.25172	0.	0.84859	5.9847e-006
4559	-0.35086	0.	0.90359	5.7764e-006
4560	-0.24186	0.	0.90595	4.2007e-006
4561	-0.31798	0.	0.84965	6.6994e-006
4567	-0.82231	0.	0.38501	1.8854e-005
4568	-0.70057	0.	0.4144	2.6141e-005
4569	-0.83329	0.	0.45623	1.4822e-005
4570	-0.74639	0.	0.3867	2.448e-005
4576	-0.28831	0.	0.50437	4.9047e-005
4577	-0.34094	0.	0.46977	5.147e-005
4578	-0.29552	0.	0.37302	1.0903e-004
4579	-0.22908	0.	0.43627	7.0466e-005
4583	-0.57021	0.	0.82601	7.8617e-006
4584	-0.47191	0.	0.90151	6.3948e-006
4585	-0.57976	0.	0.89044	6.4571e-006
4589	-0.17738	0.	0.14812	1.7783e-003
4590	-0.23987	0.	0.16295	7.8642e-004
4591	-0.17315	0.	0.21925	6.1337e-004
4592	-0.20541	0.	0.14128	1.5928e-003
4593	-0.15638	0.	0.15924	1.1691e-003
4597	-0.17037	0.	9.8292e-002	5.6628e-003
4598	-0.19413	0.	0.11545	2.3558e-003
4599	-0.1451	0.	0.13341	1.9633e-003
4604	-0.25661	0.	0.13028	1.5465e-003
4605	-0.28708	0.	0.10858	1.2086e-003
4606	-0.3303	0.	0.11691	6.1812e-004
4607	-0.30874	0.	0.18913	5.0219e-004
4612	0.22382	0.	0.61451	2.0534e-005
4613	0.22188	0.	0.71855	1.252e-005
4614	0.28369	0.	0.6056	2.0144e-005
4617	8.2642e-002	0.	6.8042e-002	4.7109e-003
4618	2.0288e-002	0.	7.801e-002	5.9791e-003
4619	1.5698e-002	0.	5.6648e-002	1.1266e-002
4626	-0.15635	0.	6.5082e-002	1.414e-002
4627	-0.12267	0.	6.1001e-002	1.4307e-002
4632	0.77153	0.	0.83999	3.9427e-006
4633	0.77547	0.	0.90833	3.0169e-006
4634	0.88406	0.	0.84998	2.549e-006
4638	-0.61908	0.	0.69481	1.1753e-005
4639	-0.56848	0.	0.71127	1.2296e-005
4640	-0.61683	0.	0.82356	7.9747e-006
4644	0.19541	0.	0.16025	4.3196e-004
4645	0.22398	0.	0.12775	4.0477e-004
4646	0.26481	0.	0.14188	2.4924e-004
4647	0.21574	0.	0.20427	2.4811e-004
4648	0.27096	0.	0.19488	2.1334e-004
4651	-0.19839	0.	9.145e-002	5.6384e-003
4652	-0.19722	0.	6.1933e-002	7.384e-003
4653	-0.1793	0.	5.4534e-002	1.4927e-002
4660	-0.98359	0.	0.89601	2.5864e-006
4661	-0.88644	0.	0.91149	3.4478e-006
4662	-0.91997	0.	0.79661	4.3734e-006
4663	-0.98046	0.	0.8332	3.2682e-006
4668	0.17065	0.	0.52743	3.7224e-005
4669	0.12901	0.	0.57246	2.523e-005
4670	0.25485	0.	0.56152	2.4939e-005
4675	-0.64258	0.	0.11461	7.8694e-005
4676	-0.52641	0.	0.10736	1.5332e-004
4677	-0.53955	0.	0.16028	1.1715e-004
4680	0.64541	0.	0.69019	7.6982e-006
4681	0.69888	0.	0.72349	6.7106e-006
4682	0.69514	0.	0.58796	1.0432e-005
4683	0.74469	0.	0.62179	8.4843e-006
4687	-0.1072	0.	0.26569	2.9884e-004
4688	-0.14212	0.	0.30984	2.419e-004
4692	0.85982	0.	0.42052	1.0623e-005
4693	0.78098	0.	0.5048	1.0713e-005
4694	0.83054	0.	0.53864	8.8753e-006
4695	0.87651	0.	0.54112	7.8164e-006
4700	0.44762	0.	0.26383	5.9864e-005
4701	0.45683	0.	0.32085	5.3366e-005
4702	0.36378	0.	0.34538	6.1147e-005
4703	0.35317	0.	0.26327	1.062e-004
4708	1.5909e-002	0.	0.62525	1.9315e-005
4709	9.0675e-003	0.	0.72769	1.0181e-005
4710	-5.3446e-002	0.	0.72827	9.4995e-006
4715	-0.35193	0.	0.53089	3.4145e-005
4716	-0.2584	0.	0.59187	2.6606e-005
4719	-0.57568	0.	0.35909	5.1421e-005
4720	-0.46136	0.	0.30087	1.1216e-004
4721	-0.50954	0.	0.26851	1.0105e-004
4726	-8.8658e-002	0.	6.4017e-002	9.8627e-003
4727	-8.0905e-002	0.	8.3561e-002	7.5858e-003
4734	0.10469	0.	0.52946	3.6993e-005
4735	0.18424	0.	0.44288	6.1225e-005
4736	0.12526	0.	0.44672	6.0623e-005
4739	-9.1689e-002	0.	0.31098	2.5213e-004
4740	-7.164e-003	0.	0.27087	3.0163e-004
4741	-5.1407e-002	0.	0.2315	5.4311e-004
4745	0.55177	0.	0.18086	4.4669e-005
4746	0.67555	0.	0.12244	3.1712e-005
4747	0.54143	0.	0.12475	5.5506e-005
4748	0.67473	0.	0.22465	2.8323e-005
4752	0.65013	0.	0.7634	6.3278e-006
4753	0.53004	0.	0.73721	8.4958e-006
4759	-0.11011	0.	0.4049	1.1545e-004
4760	-0.13722	0.	0.44198	7.0406e-005
4764	0.1437	0.	0.30883	1.7827e-004
4765	0.19529	0.	0.3678	1.047e-004
4766	0.18248	0.	0.28818	1.7355e-004
4767	0.1363	0.	0.37163	1.0118e-004
4772	0.13965	0.	0.11554	1.0378e-003
4773	0.18446	0.	0.12156	5.3855e-004
4774	0.17622	0.	0.19808	4.0226e-004
4779	0.55127	0.	0.38747	2.924e-005
4780	0.64216	0.	0.48105	1.6956e-005
4785	-0.46581	0.	0.52898	2.9927e-005
4790	-0.15372	0.	0.39222	1.2201e-004
4793	0.3491	0.	0.90373	6.2805e-006
4794	0.22836	0.	0.84152	7.9317e-006
4795	0.22281	0.	0.93256	5.7127e-006
4799	0.448	0.	0.82363	7.9193e-006
4805	-0.77825	0.	0.12469	4.0999e-005
4806	-0.93318	0.	0.12255	2.2779e-005
4811	0.70754	0.	0.86503	4.403e-006
4816	-0.92952	0.	0.34943	1.6226e-005
4817	-0.88782	0.	0.40042	1.5746e-005
4818	-0.80091	0.	0.33088	2.5357e-005
4824	-0.22099	0.	7.9088e-002	4.3994e-003
4825	-0.25262	0.	8.6907e-002	1.9415e-003
4830	-0.79373	0.	0.93476	4.4138e-006
4831	-0.68072	0.	0.90325	5.8965e-006
4836	0.12024	0.	0.77895	8.8176e-006
4837	2.7014e-002	0.	0.83839	6.0554e-006
4838	-1.3142e-002	0.	0.77996	7.2048e-006
4843	0.48556	0.	0.16831	6.1541e-005
4844	0.50511	0.	0.28145	4.4227e-005
4846	-0.9405	0.	0.42066	1.1994e-005
4847	-1.0282	0.	0.32592	1.2835e-005
4848	-1.0288	0.	0.39942	1.1252e-005
4858	-0.57898	0.	0.59608	1.8589e-005
4859	-0.52839	0.	0.61254	1.9102e-005
4861	0.8151	0.	0.13051	2.056e-005
4862	0.74263	0.	0.20979	2.1698e-005
4868	-9.9524e-002	0.	8.5675e-002	6.6299e-003
4875	0.7978	0.	0.33453	1.5264e-005
4884	-0.20254	0.	0.8575	5.2728e-006
4885	-0.27866	0.	0.8012	7.5561e-006
4886	-0.14403	0.	0.79034	6.5272e-006
4890	-1.0456	0.	0.19668	1.5211e-005
4895	-4.2939e-002	0.	0.15267	1.3603e-003
4896	-8.2658e-003	0.	0.12365	3.1917e-003
4897	-3.0636e-002	0.	0.17326	1.0933e-003
4902	-3.5499e-002	0.	0.83897	4.7969e-006
4907	-0.99225	0.	0.62558	6.592e-006
4908	-0.98426	0.	0.68865	5.4636e-006
4909	-1.0448	0.	0.72524	4.5222e-006
4915	-1.0436	0.	0.85722	2.5614e-006
4921	8.0712e-002	0.	0.27916	2.6076e-004
4925	-0.35922	0.	0.28717	1.5304e-004
4926	-0.32006	0.	0.26456	2.0917e-004
4930	-0.42216	0.	9.1412e-002	3.729e-004
4931	-0.48794	0.	0.15388	1.6696e-004
4934	-0.58029	0.	0.64695	1.4673e-005
4946	-0.67917	0.	0.36027	3.2352e-005
4955	0.16822	0.	8.3044e-002	1.0218e-003
4960	0.25386	0.	0.10319	3.7657e-004
4965	-8.1212e-002	0.	0.13011	2.4636e-003
4966	-0.10793	0.	0.12487	2.4993e-003
4980	-0.91712	0.	0.53336	9.5918e-006
4981	-0.92745	0.	0.65815	6.4943e-006
4988	-0.4529	0.	0.23917	1.4256e-004
4989	-0.36557	0.	0.24892	2.1029e-004
4992	-0.3778	0.	0.8562	7.269e-006
4999	-0.25146	0.	5.739e-002	4.1873e-003
5000	-0.2019	0.	4.2172e-002	1.4356e-002
5005	-5.8349e-002	0.	0.17559	1.0711e-003
5006	-9.7375e-002	0.	0.14976	1.3906e-003
5013	-5.8954e-003	0.	7.5601e-002	1.0054e-002
5018	-0.32631	0.	7.3539e-002	1.1375e-003
5034	0.74567	0.	0.55947	1.0748e-005
5053	0.8412	0.	0.59579	7.6273e-006
5057	0.27519	0.	0.39443	6.4208e-005
5065	0.15777	0.	0.26275	2.1474e-004
5070	0.30085	0.	0.17032	1.785e-004
5090	0.16318	0.	0.40518	7.2095e-005
5093	-0.97996	0.	0.75782	4.3774e-006
5097	0.25177	0.	0.23271	1.791e-004
5103	-1.0748	0.	0.35567	1.1571e-005
