Node Number	X Location (m)	Y Location (m)	Z Location (m)	Total Magnetic Flux Density (T)
95	-0.4	0.	5.e-002	0.43043
96	-0.375	0.	5.e-002	0.60309
97	-0.35	0.	5.e-002	0.81281
98	-0.3	0.	5.e-002	1.0146
99	-0.25	0.	5.e-002	1.1302
100	-0.2	0.	5.e-002	1.2032
101	-0.15	0.	5.e-002	1.1781
102	-0.1	0.	5.e-002	0.97226
103	-5.e-002	0.	5.e-002	0.78231
104	0.	0.	5.e-002	0.43885
105	-2.5e-002	0.	5.e-002	0.57877
169	-2.5e-002	0.	-5.e-002	0.58295
170	0.	0.	-5.e-002	0.44079
171	-5.e-002	0.	-5.e-002	0.79496
172	-0.1	0.	-5.e-002	0.98224
173	-0.15	0.	-5.e-002	1.173
174	-0.2	0.	-5.e-002	1.2116
175	-0.25	0.	-5.e-002	1.1766
176	-0.3	0.	-5.e-002	1.0218
177	-0.35	0.	-5.e-002	0.79758
178	-0.375	0.	-5.e-002	0.6281
179	-0.4	0.	-5.e-002	0.48415
541	0.	0.	0.	0.37331
542	-0.4	0.	0.	0.37846
970	-5.e-002	0.	0.	0.77949
971	-0.35	0.	0.	0.78753
972	-0.125	0.	0.	1.1169
973	-0.225	0.	0.	1.2073
2530	-0.3875	0.	5.e-002	0.50613
2532	-0.4	0.	2.5e-002	0.38104
2537	-0.3625	0.	5.e-002	0.70659
2539	-0.3875	0.	2.5e-002	0.48447
2540	-0.3625	0.	2.5e-002	0.68674
2544	-0.325	0.	5.e-002	0.91076
2546	-0.35	0.	2.5e-002	0.79639
2548	-0.275	0.	5.e-002	1.0724
2550	-0.3	0.	0.	1.017
2551	-0.325	0.	2.5e-002	0.90052
2553	-0.225	0.	5.e-002	1.1666
2555	-0.275	0.	0.	1.0752
2556	-0.2375	0.	2.5e-002	1.1686
2558	-0.175	0.	5.e-002	1.1906
2560	-0.1625	0.	2.5e-002	1.16
2561	-0.2125	0.	2.5e-002	1.2053
2564	-0.125	0.	5.e-002	1.0747
2566	-0.1375	0.	2.5e-002	1.1474
2568	-7.5e-002	0.	5.e-002	0.87604
2570	-7.5e-002	0.	2.5e-002	0.87542
2571	-0.1125	0.	2.5e-002	1.0438
2574	-3.75e-002	0.	5.e-002	0.67788
2576	-5.e-002	0.	2.5e-002	0.77861
2579	-1.25e-002	0.	5.e-002	0.50135
2581	0.	0.	2.5e-002	0.38373
2585	-1.25e-002	0.	2.5e-002	0.46778
2586	-3.75e-002	0.	2.5e-002	0.66999
2873	-1.25e-002	0.	-5.e-002	0.50435
2874	-3.75e-002	0.	-5.e-002	0.68663
2875	-1.25e-002	0.	-2.5e-002	0.46852
2876	-3.75e-002	0.	-2.5e-002	0.67052
2882	0.	0.	-2.5e-002	0.38253
2886	-7.5e-002	0.	-5.e-002	0.88755
2887	-5.e-002	0.	-2.5e-002	0.78359
2890	-0.125	0.	-5.e-002	1.0772
2891	-7.5e-002	0.	-2.5e-002	0.8796
2892	-0.1125	0.	-2.5e-002	1.0488
2894	-0.175	0.	-5.e-002	1.1922
2895	-0.1375	0.	-2.5e-002	1.1448
2897	-0.225	0.	-5.e-002	1.1938
2898	-0.1625	0.	-2.5e-002	1.1642
2899	-0.2125	0.	-2.5e-002	1.2094
2901	-0.275	0.	-5.e-002	1.0992
2902	-0.2375	0.	-2.5e-002	1.1917
2904	-0.325	0.	-5.e-002	0.90784
2905	-0.325	0.	-2.5e-002	0.9039
2906	-0.2625	0.	-2.5e-002	1.1142
2910	-0.3625	0.	-5.e-002	0.71102
2911	-0.35	0.	-2.5e-002	0.78905
2914	-0.3875	0.	-5.e-002	0.5503
2915	-0.3875	0.	-2.5e-002	0.49272
2916	-0.3625	0.	-2.5e-002	0.69836
2921	-0.4	0.	-2.5e-002	0.40775
5171	-2.5e-002	0.	0.	0.57393
5181	-0.375	0.	0.	0.58051
8000	-8.75e-002	0.	0.	0.94802
8015	-0.175	0.	0.	1.162
64	-0.375	0.	-6.25e-002	0.18203
65	-0.35	0.	-6.25e-002	0.12799
66	-0.3	0.	-6.25e-002	8.3151e-002
67	-0.25	0.	-6.25e-002	4.5898e-002
68	-0.2	0.	-6.25e-002	2.7596e-002
69	-0.15	0.	-6.25e-002	4.5837e-002
70	-0.1	0.	-6.25e-002	8.1503e-002
71	-5.e-002	0.	-6.25e-002	0.12828
72	-2.5e-002	0.	-6.25e-002	0.18428
73	-2.5e-002	0.	6.25e-002	0.18449
74	-5.e-002	0.	6.25e-002	0.12936
75	-0.1	0.	6.25e-002	8.312e-002
76	-0.15	0.	6.25e-002	4.5744e-002
77	-0.2	0.	6.25e-002	2.7602e-002
78	-0.25	0.	6.25e-002	4.6116e-002
79	-0.3	0.	6.25e-002	8.2642e-002
80	-0.35	0.	6.25e-002	0.12829
81	-0.375	0.	6.25e-002	0.18293
82	0.	0.	6.25e-002	0.22044
83	0.	0.	7.5e-002	0.16567
84	-2.5e-002	0.	7.5e-002	0.14944
85	-5.e-002	0.	7.5e-002	0.11697
86	-0.1	0.	7.5e-002	7.9989e-002
87	-0.15	0.	7.5e-002	5.2117e-002
88	-0.2	0.	7.5e-002	4.1269e-002
89	-0.25	0.	7.5e-002	5.2561e-002
90	-0.3	0.	7.5e-002	7.9639e-002
91	-0.35	0.	7.5e-002	0.11591
92	-0.375	0.	7.5e-002	0.14841
93	-0.4	0.	6.25e-002	0.21787
94	-0.4	0.	7.5e-002	0.16354
95	-0.4	0.	5.e-002	0.27261
96	-0.375	0.	5.e-002	0.21785
97	-0.35	0.	5.e-002	0.14128
98	-0.3	0.	5.e-002	8.8161e-002
99	-0.25	0.	5.e-002	4.332e-002
100	-0.2	0.	5.e-002	1.3935e-002
101	-0.15	0.	5.e-002	4.3041e-002
102	-0.1	0.	5.e-002	8.8709e-002
103	-5.e-002	0.	5.e-002	0.14236
104	0.	0.	5.e-002	0.27544
105	-2.5e-002	0.	5.e-002	0.21983
169	-2.5e-002	0.	-5.e-002	0.21951
170	0.	0.	-5.e-002	0.27456
171	-5.e-002	0.	-5.e-002	0.14123
172	-0.1	0.	-5.e-002	8.7401e-002
173	-0.15	0.	-5.e-002	4.3e-002
174	-0.2	0.	-5.e-002	1.393e-002
175	-0.25	0.	-5.e-002	4.325e-002
176	-0.3	0.	-5.e-002	8.868e-002
177	-0.35	0.	-5.e-002	0.14114
178	-0.375	0.	-5.e-002	0.21783
179	-0.4	0.	-5.e-002	0.27407
273	-0.375	0.	-7.5e-002	0.14659
274	-0.4	0.	-7.5e-002	0.16267
275	-0.35	0.	-7.5e-002	0.11549
276	-0.3	0.	-7.5e-002	8.0129e-002
277	-0.25	0.	-7.5e-002	5.2202e-002
278	-0.2	0.	-7.5e-002	4.1261e-002
279	-0.15	0.	-7.5e-002	5.2412e-002
280	-0.1	0.	-7.5e-002	7.817e-002
281	-5.e-002	0.	-7.5e-002	0.11596
282	-2.5e-002	0.	-7.5e-002	0.14928
283	0.	0.	-7.5e-002	0.16404
293	-0.4	0.	-6.25e-002	0.21821
297	0.	0.	-6.25e-002	0.21926
2401	-0.3625	0.	-6.25e-002	0.15383
2402	-0.375	0.	-5.625e-002	0.19989
2403	-0.375	0.	-6.875e-002	0.16425
2404	-0.3875	0.	-6.25e-002	0.19961
2405	-0.325	0.	-6.25e-002	0.1053
2406	-0.35	0.	-5.625e-002	0.13449
2407	-0.35	0.	-6.875e-002	0.12164
2408	-0.275	0.	-6.25e-002	6.3715e-002
2409	-0.3	0.	-5.625e-002	8.5627e-002
2410	-0.3	0.	-6.875e-002	8.1304e-002
2411	-0.225	0.	-6.25e-002	3.2961e-002
2412	-0.25	0.	-5.625e-002	4.4055e-002
2413	-0.25	0.	-6.875e-002	4.8663e-002
2414	-0.175	0.	-6.25e-002	3.3107e-002
2415	-0.2	0.	-5.625e-002	2.0763e-002
2416	-0.2	0.	-6.875e-002	3.4428e-002
2417	-0.125	0.	-6.25e-002	6.2838e-002
2418	-0.15	0.	-5.625e-002	4.3884e-002
2419	-0.15	0.	-6.875e-002	4.8732e-002
2420	-7.5e-002	0.	-6.25e-002	0.10458
2421	-0.1	0.	-5.625e-002	8.416e-002
2422	-0.1	0.	-6.875e-002	7.949e-002
2423	-3.75e-002	0.	-6.25e-002	0.15518
2424	-5.e-002	0.	-5.625e-002	0.13468
2425	-5.e-002	0.	-6.875e-002	0.12203
2426	-2.5e-002	0.	-5.625e-002	0.20188
2427	-2.5e-002	0.	-6.875e-002	0.16674
2428	-1.25e-002	0.	-6.25e-002	0.20129
2429	-3.75e-002	0.	6.25e-002	0.15581
2430	-1.25e-002	0.	6.25e-002	0.20199
2431	-2.5e-002	0.	6.875e-002	0.16691
2432	-2.5e-002	0.	5.625e-002	0.20213
2433	-7.5e-002	0.	6.25e-002	0.10595
2434	-5.e-002	0.	6.875e-002	0.12307
2435	-5.e-002	0.	5.625e-002	0.13579
2436	-0.125	0.	6.25e-002	6.3594e-002
2437	-0.1	0.	6.875e-002	8.1224e-002
2438	-0.1	0.	5.625e-002	8.5632e-002
2439	-0.175	0.	6.25e-002	3.2902e-002
2440	-0.15	0.	6.875e-002	4.8543e-002
2441	-0.15	0.	5.625e-002	4.387e-002
2442	-0.225	0.	6.25e-002	3.3185e-002
2443	-0.2	0.	6.875e-002	3.4436e-002
2444	-0.2	0.	5.625e-002	2.0768e-002
2445	-0.275	0.	6.25e-002	6.3569e-002
2446	-0.25	0.	6.875e-002	4.8954e-002
2447	-0.25	0.	5.625e-002	4.4198e-002
2448	-0.325	0.	6.25e-002	0.10517
2449	-0.3	0.	6.875e-002	8.0803e-002
2450	-0.3	0.	5.625e-002	8.5112e-002
2451	-0.3625	0.	6.25e-002	0.15453
2452	-0.35	0.	6.875e-002	0.12201
2453	-0.35	0.	5.625e-002	0.13472
2454	-0.375	0.	6.875e-002	0.1656
2455	-0.3875	0.	6.25e-002	0.19994
2456	-0.375	0.	5.625e-002	0.20035
2457	0.	0.	6.875e-002	0.19302
2458	0.	0.	5.625e-002	0.24792
2461	-1.25e-002	0.	7.5e-002	0.15713
2467	-3.75e-002	0.	7.5e-002	0.13201
2472	-7.5e-002	0.	7.5e-002	9.7715e-002
2478	-0.125	0.	7.5e-002	6.4732e-002
2484	-0.175	0.	7.5e-002	4.3975e-002
2491	-0.225	0.	7.5e-002	4.4226e-002
2496	-0.275	0.	7.5e-002	6.4842e-002
2502	-0.325	0.	7.5e-002	9.6982e-002
2508	-0.3625	0.	7.5e-002	0.13107
2514	-0.3875	0.	7.5e-002	0.15562
2519	-0.4	0.	6.875e-002	0.19063
2520	-0.4	0.	5.625e-002	0.24521
2530	-0.3875	0.	5.e-002	0.24471
2537	-0.3625	0.	5.e-002	0.17857
2544	-0.325	0.	5.e-002	0.11469
2548	-0.275	0.	5.e-002	6.5477e-002
2553	-0.225	0.	5.e-002	2.4883e-002
2558	-0.175	0.	5.e-002	2.4539e-002
2564	-0.125	0.	5.e-002	6.5607e-002
2568	-7.5e-002	0.	5.e-002	0.1155
2574	-3.75e-002	0.	5.e-002	0.18012
2579	-1.25e-002	0.	5.e-002	0.24713
2873	-1.25e-002	0.	-5.e-002	0.24657
2874	-3.75e-002	0.	-5.e-002	0.17945
2880	0.	0.	-5.625e-002	0.2469
2886	-7.5e-002	0.	-5.e-002	0.11427
2890	-0.125	0.	-5.e-002	6.4932e-002
2894	-0.175	0.	-5.e-002	2.4712e-002
2897	-0.225	0.	-5.e-002	2.4667e-002
2901	-0.275	0.	-5.e-002	6.5705e-002
2904	-0.325	0.	-5.e-002	0.11488
2910	-0.3625	0.	-5.e-002	0.17841
2914	-0.3875	0.	-5.e-002	0.24539
2920	-0.4	0.	-5.625e-002	0.24611
3550	-0.3875	0.	-7.5e-002	0.15421
3551	-0.3625	0.	-7.5e-002	0.12983
3555	-0.4	0.	-6.875e-002	0.19038
3559	-0.325	0.	-7.5e-002	9.7068e-002
3563	-0.275	0.	-7.5e-002	6.4895e-002
3567	-0.225	0.	-7.5e-002	4.3985e-002
3570	-0.175	0.	-7.5e-002	4.4243e-002
3575	-0.125	0.	-7.5e-002	6.4012e-002
3581	-7.5e-002	0.	-7.5e-002	9.6229e-002
3586	-3.75e-002	0.	-7.5e-002	0.13138
3589	-1.25e-002	0.	-7.5e-002	0.15619
3595	0.	0.	-6.875e-002	0.19163
170	0.	0.	-5.e-002	0.17087
179	-0.4	0.	-5.e-002	0.18605
273	-0.375	0.	-7.5e-002	0.11596
274	-0.4	0.	-7.5e-002	0.13069
275	-0.35	0.	-7.5e-002	8.2577e-002
276	-0.3	0.	-7.5e-002	7.0404e-002
277	-0.25	0.	-7.5e-002	5.2478e-002
278	-0.2	0.	-7.5e-002	4.1088e-002
279	-0.15	0.	-7.5e-002	4.3377e-002
280	-0.1	0.	-7.5e-002	6.0103e-002
281	-5.e-002	0.	-7.5e-002	0.10662
282	-2.5e-002	0.	-7.5e-002	0.10204
283	0.	0.	-7.5e-002	0.10791
293	-0.4	0.	-6.25e-002	0.19345
297	0.	0.	-6.25e-002	0.15079
364	1.	0.	-9.7727e-002	4.7406e-004
365	1.	0.	-0.19545	4.281e-004
366	1.	0.	-0.29318	4.0919e-004
367	1.	0.	-0.39091	3.3896e-004
368	1.	0.	-0.48864	2.7104e-004
369	1.	0.	-0.58636	2.1944e-004
370	1.	0.	-0.68409	1.7258e-004
371	1.	0.	-0.78182	1.1317e-004
372	1.	0.	-0.87955	7.2468e-005
373	1.	0.	-0.97727	4.1499e-005
384	0.9	0.	-1.075	3.6968e-005
385	0.8	0.	-1.075	6.9502e-005
386	0.7	0.	-1.075	1.07e-004
387	0.6	0.	-1.075	1.4229e-004
388	0.5	0.	-1.075	1.732e-004
389	0.4	0.	-1.075	1.954e-004
390	0.3	0.	-1.075	2.185e-004
391	0.2	0.	-1.075	2.0041e-004
392	0.1	0.	-1.075	1.9453e-004
393	-2.2204e-016	0.	-1.075	1.4233e-004
394	-0.1	0.	-1.075	6.805e-005
395	-0.2	0.	-1.075	4.7471e-005
396	-0.3	0.	-1.075	8.1584e-005
397	-0.4	0.	-1.075	1.417e-004
398	-0.5	0.	-1.075	1.8631e-004
399	-0.6	0.	-1.075	2.0612e-004
400	-0.7	0.	-1.075	2.0666e-004
401	-0.8	0.	-1.075	1.8563e-004
402	-0.9	0.	-1.075	1.7469e-004
403	-1.	0.	-1.075	1.3642e-004
404	-1.1	0.	-1.075	1.1485e-004
405	-1.2	0.	-1.075	7.3806e-005
406	-1.3	0.	-1.075	3.1455e-005
412	-1.4	0.	-0.97727	3.1098e-005
413	-1.4	0.	-0.87955	8.3085e-005
414	-1.4	0.	-0.78182	1.1385e-004
415	-1.4	0.	-0.68409	1.7407e-004
416	-1.4	0.	-0.58636	2.1945e-004
417	-1.4	0.	-0.48864	2.6819e-004
418	-1.4	0.	-0.39091	3.3577e-004
419	-1.4	0.	-0.29318	3.8535e-004
420	-1.4	0.	-0.19545	4.3315e-004
421	-1.4	0.	-9.7727e-002	4.6847e-004
427	0.1	0.	0.	6.0275e-002
428	0.2	0.	0.	1.3441e-002
429	0.3	0.	0.	7.6709e-003
430	0.4	0.	0.	3.1713e-003
431	0.5	0.	0.	1.8782e-003
432	0.6	0.	0.	1.0379e-003
433	0.7	0.	0.	8.3734e-004
434	0.8	0.	0.	5.9764e-004
435	0.9	0.	0.	5.0119e-004
436	-1.3	0.	0.	4.9259e-004
437	-1.2	0.	0.	6.0042e-004
438	-1.1	0.	0.	7.899e-004
439	-1.	0.	0.	1.0465e-003
440	-0.9	0.	0.	1.8317e-003
441	-0.8	0.	0.	2.73e-003
442	-0.7	0.	0.	5.7089e-003
443	-0.6	0.	0.	1.3989e-002
444	-0.5	0.	0.	4.5475e-002
541	0.	0.	0.	0.20891
542	-0.4	0.	0.	0.20646
547	1.	0.	-1.075	1.9255e-005
548	1.	0.	0.	4.7759e-004
549	-1.4	0.	-1.075	1.8183e-005
550	-1.4	0.	0.	4.7318e-004
724	0.1638	0.	-0.56272	1.14e-003
725	-0.55	0.	-0.575	9.9705e-004
726	-0.46465	0.	-0.33477	4.8603e-003
727	8.6505e-002	0.	-0.32787	5.0316e-003
728	-0.975	0.	-0.48295	6.2779e-004
729	0.58879	0.	-0.49773	5.2644e-004
730	-0.24517	0.	-0.45615	2.0515e-003
731	-0.18939	0.	-0.76903	2.8202e-004
732	-0.15057	0.	-0.25827	9.5361e-003
733	4.3262e-002	0.	-0.19381	1.8026e-002
734	-0.44908	0.	-0.18306	1.6449e-002
735	0.33558	0.	-0.39273	1.7078e-003
736	-0.73102	0.	-0.41415	1.5794e-003
737	0.48534	0.	-0.79679	2.7824e-004
738	-0.90853	0.	-0.79126	2.6629e-004
739	2.0833e-002	0.	-0.53333	1.4176e-003
740	-0.46248	0.	-0.925	2.2778e-004
741	0.14728	0.	-0.79278	3.6208e-004
742	-0.27033	0.	-0.27303	8.9529e-003
743	-4.2361e-002	0.	-0.44306	2.4053e-003
744	-1.2403	0.	-0.73413	1.6527e-004
745	0.67945	0.	-0.76415	1.9964e-004
746	-0.42292	0.	-0.6375	7.9332e-004
747	-0.29272	0.	-0.22129	1.5345e-002
748	0.61667	0.	-0.32197	8.5538e-004
749	-1.0255	0.	-0.16359	8.4863e-004
750	-0.74167	0.	-0.8221	3.0961e-004
751	0.23786	0.	-0.12344	6.6743e-003
752	-0.55363	0.	-0.19274	9.4023e-003
753	-0.78378	0.	-0.67982	4.7386e-004
754	-0.21016	0.	-0.54582	1.1484e-003
755	0.37276	0.	-0.51989	9.1704e-004
756	-0.32165	0.	-0.16233	2.7306e-002
757	-0.82147	0.	-0.3308	1.5984e-003
758	0.85799	0.	-0.53344	2.579e-004
759	0.38755	0.	-0.11758	2.9037e-003
760	-7.4908e-002	0.	-0.28108	8.9045e-003
761	-6.7188e-002	0.	-0.14734	3.3336e-002
762	-1.2723	0.	-0.42232	3.3673e-004
763	-0.45764	0.	-0.42917	2.341e-003
764	-0.36631	0.	-0.11556	6.3591e-002
765	0.79447	0.	-0.27885	5.3313e-004
766	-0.4784	0.	-0.77091	4.395e-004
767	-0.33437	0.	-0.75208	3.6669e-004
768	-0.37882	0.	-0.35755	3.8922e-003
769	0.2109	0.	-0.93314	2.4443e-004
770	-0.173	0.	-0.37347	3.8524e-003
771	-0.69746	0.	-0.30302	2.6975e-003
772	0.29035	0.	-0.25144	3.2997e-003
773	0.31042	0.	-0.76032	4.1606e-004
774	-9.2951e-002	0.	-0.9556	1.1935e-004
775	-6.0407e-002	0.	-0.65917	7.6873e-004
776	-0.41539	0.	-0.1243	4.5155e-002
777	1.875e-002	0.	-0.1375	3.9194e-002
778	-0.19026	0.	-0.1487	2.7069e-002
779	-0.33021	0.	-0.54375	1.2794e-003
780	-1.1646	0.	-0.89536	1.1397e-004
781	0.17203	0.	-0.23436	6.4464e-003
782	-0.2355	0.	-0.93531	1.0395e-004
783	0.86249	0.	-0.83198	1.1078e-004
784	-0.10666	0.	-0.20818	1.5522e-002
785	0.12542	0.	-0.44468	2.2091e-003
786	-0.62259	0.	-0.40247	2.3168e-003
787	0.1161	0.	-0.12207	1.9404e-002
788	3.4243e-002	0.	-7.8456e-002	7.3947e-002
789	-1.0566	0.	-0.77053	1.9635e-004
790	-1.1021	0.	-0.59934	3.0546e-004
791	-0.84092	0.	-0.13738	2.061e-003
792	0.54797	0.	-0.14331	1.394e-003
793	0.43802	0.	-0.27841	1.7626e-003
794	-1.2655	0.	-0.12927	5.12e-004
795	0.36647	0.	-0.92578	2.3272e-004
796	-1.0365	0.	-0.33024	7.0251e-004
797	0.7375	0.	-0.43693	4.1018e-004
798	-0.86031	0.	-0.56439	6.0691e-004
799	0.20712	0.	-0.35446	3.0281e-003
800	0.6176	0.	-0.92933	1.5414e-004
801	-0.58205	0.	-0.85147	2.8664e-004
802	6.1931e-002	0.	-0.93282	1.9848e-004
803	-0.75282	0.	-0.54709	8.6834e-004
804	0.55186	0.	-0.64156	3.8385e-004
805	0.69792	0.	-0.59214	3.4008e-004
806	-0.625	0.	-0.10833	7.5972e-003
807	-0.52855	0.	-0.10936	2.0375e-002
808	-0.47021	0.	-0.10178	3.5783e-002
809	-0.42234	0.	-8.0573e-002	8.7939e-002
810	-0.92245	0.	-0.92708	1.8817e-004
811	-0.27448	0.	-0.65313	6.4668e-004
812	-0.14416	0.	-0.45428	2.0415e-003
813	-0.10694	0.	-0.54722	1.1146e-003
814	-0.25376	0.	-0.16817	2.5419e-002
815	-2.8129e-002	0.	-0.20521	1.7602e-002
816	-0.27725	0.	-0.36379	4.0737e-003
817	0.24864	0.	-0.48196	1.355e-003
818	-0.40668	0.	-0.27416	8.8484e-003
819	7.7083e-002	0.	-0.6375	8.0174e-004
820	1.7969e-002	0.	-0.26337	1.0594e-002
821	-8.3319e-003	0.	-0.34615	5.1137e-003
822	-1.1167	0.	-0.45227	4.4292e-004
823	0.45	0.	-0.44347	8.6871e-004
824	-1.2679	0.	-0.56473	2.4171e-004
825	-0.34722	0.	-0.45	2.0688e-003
826	-0.74028	0.	-0.11781	3.5136e-003
827	-0.12809	0.	-0.14742	2.8363e-002
828	-0.84583	0.	-0.45291	8.7927e-004
829	0.21105	0.	-0.66585	6.5915e-004
830	-0.44469	0.	-0.51888	1.4604e-003
831	-0.54445	0.	-0.47615	1.7732e-003
832	-0.62642	0.	-0.73036	4.6024e-004
833	0.70744	0.	-0.12894	7.4338e-004
834	0.49442	0.	-0.95913	1.8501e-004
835	0.41891	0.	-0.65258	5.2036e-004
836	-0.95694	0.	-0.66509	3.6236e-004
837	-0.21681	0.	-0.22465	1.2508e-002
838	-0.36201	0.	-0.22286	1.6932e-002
839	-0.17187	0.	-0.63429	6.5171e-004
840	0.8798	0.	-0.95756	6.9541e-005
841	0.8893	0.	-0.40679	3.4256e-004
842	-0.79395	0.	-0.97168	2.1237e-004
843	-1.1638	0.	-0.34757	5.05e-004
844	0.86883	0.	-0.68111	1.8083e-004
845	-0.21488	0.	-0.30661	6.43e-003
846	-9.6906e-002	0.	-0.36876	3.9821e-003
847	0.87708	0.	-0.16241	4.9717e-004
848	-1.2867	0.	-0.9547	5.0329e-005
849	1.2302e-002	0.	-0.82704	3.3973e-004
850	-4.375e-002	0.	-0.10972	6.8371e-002
851	-1.2855	0.	-0.28982	4.2633e-004
852	-0.65951	0.	-0.9545	2.425e-004
853	-0.33585	0.	-0.28073	7.9044e-003
854	-0.38286	0.	-0.16258	2.8684e-002
855	-0.34561	0.	-0.94819	1.5349e-004
856	-0.65733	0.	-0.62592	6.9186e-004
857	0.75656	0.	-0.93884	9.9448e-005
858	0.30469	0.	-0.59832	7.1429e-004
859	-0.79132	0.	-0.22895	2.2469e-003
860	4.1123e-002	0.	-0.41305	2.6949e-003
861	-1.151	0.	-0.23045	5.8753e-004
862	-0.9252	0.	-0.37042	9.8817e-004
863	8.7173e-002	0.	-0.22829	9.1475e-003
864	-0.92168	0.	-0.23773	1.2262e-003
865	-0.66241	0.	-0.20619	4.2629e-003
866	-1.2911	0.	-0.84303	9.8373e-005
867	-0.3834	0.	-0.8476	2.6814e-004
868	-0.29615	0.	-0.84182	2.1259e-004
869	-0.23349	0.	-0.11966	3.9923e-002
870	-0.575	0.	-0.29058	4.8742e-003
871	-0.64065	0.	-0.52767	1.1278e-003
872	-1.0542	0.	-0.91117	1.6114e-004
873	0.47877	0.	-0.5503	6.2687e-004
874	-0.55951	0.	-0.97257	2.1855e-004
875	-0.48981	0.	-0.25506	7.4761e-003
876	4.9521e-004	0.	-9.8317e-002	8.1462e-002
877	-0.53325	0.	-0.38385	3.352e-003
878	-0.27688	0.	-0.12159	4.6196e-002
879	-0.54108	0.	-0.66299	6.6657e-004
880	-0.92237	0.	-9.1691e-002	1.549e-003
881	-1.1217	0.	-9.1454e-002	7.6846e-004
882	-0.32146	0.	-0.11469	4.8017e-002
883	-0.14014	0.	-0.31587	5.4569e-003
884	-0.16005	0.	-0.20138	1.4339e-002
885	-0.39779	0.	-9.5015e-002	8.8793e-002
1395	-0.4433	0.	-2.7645e-002	0.12827
1396	-0.45459	0.	-4.8815e-002	7.1263e-002
1397	-0.41371	0.	-6.2219e-002	0.15204
2880	0.	0.	-5.625e-002	0.15901
2881	5.e-002	0.	-2.5e-002	0.11515
2882	0.	0.	-2.5e-002	0.18775
2883	1.7122e-002	0.	-6.4228e-002	0.12072
2920	-0.4	0.	-5.625e-002	0.18864
2921	-0.4	0.	-2.5e-002	0.19105
2922	-0.42165	0.	-3.8823e-002	0.15581
2923	-0.40685	0.	-5.6109e-002	0.16793
3550	-0.3875	0.	-7.5e-002	0.12072
3551	-0.3625	0.	-7.5e-002	9.8357e-002
3552	-0.37065	0.	-9.528e-002	8.9448e-002
3553	-0.3864	0.	-8.5008e-002	0.10193
3555	-0.4	0.	-6.875e-002	0.15939
3556	-0.41117	0.	-7.7787e-002	0.10894
3557	-0.3989	0.	-8.5008e-002	0.1089
3558	-0.40685	0.	-6.8609e-002	0.13915
3559	-0.325	0.	-7.5e-002	7.5776e-002
3560	-0.35815	0.	-9.528e-002	7.2884e-002
3561	-0.33573	0.	-9.4846e-002	6.5014e-002
3563	-0.275	0.	-7.5e-002	6.0107e-002
3564	-0.28844	0.	-9.8293e-002	5.7947e-002
3565	-0.31073	0.	-9.4846e-002	5.9163e-002
3567	-0.225	0.	-7.5e-002	4.4568e-002
3568	-0.24174	0.	-9.733e-002	4.5893e-002
3569	-0.26344	0.	-9.8293e-002	4.9085e-002
3570	-0.175	0.	-7.5e-002	4.1044e-002
3571	-0.19513	0.	-0.11185	3.4051e-002
3572	-0.21674	0.	-9.733e-002	3.9706e-002
3575	-0.125	0.	-7.5e-002	5.0313e-002
3576	-0.17013	0.	-0.11185	3.4579e-002
3577	-0.13904	0.	-0.11121	3.5702e-002
3581	-7.5e-002	0.	-7.5e-002	8.2309e-002
3582	-8.3594e-002	0.	-0.11117	4.654e-002
3583	-0.11404	0.	-0.11121	4.3836e-002
3584	-7.1875e-002	0.	-9.2361e-002	6.3574e-002
3586	-3.75e-002	0.	-7.5e-002	0.10388
3587	-4.6875e-002	0.	-9.2361e-002	8.7398e-002
3589	-1.25e-002	0.	-7.5e-002	0.10271
3590	-3.4375e-002	0.	-9.2361e-002	8.4796e-002
3591	-1.2252e-002	0.	-8.6658e-002	9.0307e-002
3595	0.	0.	-6.875e-002	0.12632
3596	1.7122e-002	0.	-7.6728e-002	8.9361e-002
3597	2.476e-004	0.	-8.6658e-002	9.4645e-002
3666	-0.40685	0.	-6.2359e-002	0.17274
3680	1.7122e-002	0.	-7.0478e-002	0.11232
4112	1.	0.	-0.14659	4.5101e-004
4114	0.95	0.	-4.8864e-002	4.8761e-004
4115	1.	0.	-4.8864e-002	4.7577e-004
4116	0.93854	0.	-0.13007	4.8545e-004
4119	1.	0.	-0.24432	4.1857e-004
4120	0.93854	0.	-0.17893	4.626e-004
4124	1.	0.	-0.34205	3.7405e-004
4125	0.89723	0.	-0.28601	4.6938e-004
4126	0.94465	0.	-0.34999	3.7563e-004
4127	0.93854	0.	-0.22779	4.5316e-004
4130	1.	0.	-0.43977	3.0486e-004
4131	0.94465	0.	-0.39885	3.4043e-004
4134	1.	0.	-0.5375	2.4524e-004
4135	0.92899	0.	-0.51104	2.6396e-004
4136	0.94465	0.	-0.44771	3.0676e-004
4140	1.	0.	-0.63523	1.96e-004
4141	0.92899	0.	-0.5599	2.3822e-004
4142	0.93442	0.	-0.63374	1.987e-004
4144	1.	0.	-0.73295	1.428e-004
4145	0.93442	0.	-0.6826	1.7552e-004
4148	1.	0.	-0.83068	9.278e-005
4149	0.93125	0.	-0.8069	1.1038e-004
4150	0.93442	0.	-0.73147	1.4651e-004
4155	1.	0.	-0.92841	5.6534e-005
4156	0.93125	0.	-0.85576	9.0779e-005
4157	0.9399	0.	-0.91855	6.8698e-005
4162	0.95	0.	-1.0261	3.7623e-005
4163	1.	0.	-1.0261	3.015e-005
4164	0.9399	0.	-0.96742	5.511e-005
4233	0.85	0.	-1.075	5.2998e-005
4234	0.95	0.	-1.075	2.7792e-005
4235	0.8899	0.	-1.0163	5.2618e-005
4238	0.75	0.	-1.075	8.813e-005
4239	0.8399	0.	-1.0163	6.7181e-005
4240	0.77828	0.	-1.0069	8.4021e-005
4244	0.65	0.	-1.075	1.246e-004
4245	0.6588	0.	-1.0022	1.3014e-004
4246	0.72828	0.	-1.0069	1.0193e-004
4248	0.55	0.	-1.075	1.5771e-004
4249	0.6088	0.	-1.0022	1.4735e-004
4250	0.54721	0.	-1.0171	1.6364e-004
4253	0.45	0.	-1.075	1.8429e-004
4254	0.49721	0.	-1.0171	1.79e-004
4257	0.35	0.	-1.075	2.0688e-004
4258	0.38324	0.	-1.0004	2.1396e-004
4259	0.44721	0.	-1.0171	1.9006e-004
4261	0.25	0.	-1.075	2.0935e-004
4262	0.25545	0.	-1.0041	2.3132e-004
4263	0.33324	0.	-1.0004	2.2536e-004
4268	0.15	0.	-1.075	1.9741e-004
4269	0.20545	0.	-1.0041	2.2241e-004
4273	5.e-002	0.	-1.075	1.6786e-004
4274	0.15545	0.	-1.0041	2.1942e-004
4275	8.0965e-002	0.	-1.0039	1.9588e-004
4278	-5.e-002	0.	-1.075	1.0378e-004
4279	-4.6476e-002	0.	-1.0153	1.2777e-004
4280	3.0965e-002	0.	-1.0039	1.7038e-004
4284	-0.15	0.	-1.075	5.3825e-005
4285	-9.6476e-002	0.	-1.0153	9.3591e-005
4289	-0.25	0.	-1.075	5.1058e-005
4290	-0.14648	0.	-1.0153	7.9821e-005
4291	-0.21775	0.	-1.0052	7.1742e-005
4294	-0.35	0.	-1.075	1.1089e-004
4295	-0.26775	0.	-1.0052	8.7126e-005
4296	-0.3228	0.	-1.0116	1.1722e-004
4300	-0.45	0.	-1.075	1.6377e-004
4301	-0.43124	0.	-1.	1.8459e-004
4302	-0.3728	0.	-1.0116	1.4473e-004
4307	-0.55	0.	-1.075	1.9601e-004
4308	-0.48124	0.	-1.	2.0611e-004
4309	-0.52976	0.	-1.0238	2.0237e-004
4312	-0.65	0.	-1.075	2.0636e-004
4313	-0.62975	0.	-1.0148	2.2428e-004
4314	-0.57976	0.	-1.0238	2.121e-004
4318	-0.75	0.	-1.075	1.9611e-004
4319	-0.74697	0.	-1.0233	2.094e-004
4320	-0.67975	0.	-1.0148	2.2458e-004
4324	-0.85	0.	-1.075	1.8014e-004
4325	-0.79697	0.	-1.0233	1.9894e-004
4328	-0.95	0.	-1.075	1.5543e-004
4329	-0.91122	0.	-1.001	1.8091e-004
4330	-0.84697	0.	-1.0233	1.935e-004
4332	-1.05	0.	-1.075	1.255e-004
4333	-0.96122	0.	-1.001	1.6219e-004
4334	-1.0271	0.	-0.99309	1.4752e-004
4339	-1.15	0.	-1.075	9.4183e-005
4340	-1.1323	0.	-0.98518	1.1301e-004
4341	-1.0771	0.	-0.99309	1.3751e-004
4344	-1.25	0.	-1.075	5.2516e-005
4345	-1.1823	0.	-0.98518	9.3432e-005
4346	-1.2434	0.	-1.0148	6.0794e-005
4351	-1.35	0.	-1.0261	2.9736e-005
4352	-1.35	0.	-1.075	2.4586e-005
4353	-1.2934	0.	-1.0148	4.0534e-005
4384	-1.4	0.	-0.92841	5.6878e-005
4385	-1.4	0.	-1.0261	2.4297e-005
4386	-1.3434	0.	-0.96599	4.0091e-005
4388	-1.4	0.	-0.83068	9.8424e-005
4389	-1.3434	0.	-0.91712	6.4348e-005
4390	-1.3456	0.	-0.86129	8.9882e-005
4394	-1.4	0.	-0.73295	1.438e-004
4395	-1.3202	0.	-0.75797	1.3874e-004
4396	-1.3456	0.	-0.81243	1.0499e-004
4399	-1.4	0.	-0.63523	1.9667e-004
4400	-1.3202	0.	-0.70911	1.6792e-004
4401	-1.3339	0.	-0.62441	2.0757e-004
4405	-1.4	0.	-0.5375	2.438e-004
4406	-1.3339	0.	-0.57555	2.2973e-004
4408	-1.4	0.	-0.43977	3.019e-004
4409	-1.3362	0.	-0.45548	3.0198e-004
4410	-1.3339	0.	-0.52668	2.5399e-004
4415	-1.4	0.	-0.34205	3.6054e-004
4416	-1.3362	0.	-0.40662	3.3521e-004
4417	-1.3428	0.	-0.34037	3.8087e-004
4419	-1.4	0.	-0.24432	4.0923e-004
4420	-1.3428	0.	-0.2915	4.055e-004
4423	-1.4	0.	-0.14659	4.5079e-004
4424	-1.3327	0.	-0.16236	4.7247e-004
4425	-1.3428	0.	-0.24264	4.2922e-004
4428	-1.35	0.	-4.8864e-002	4.805e-004
4429	-1.4	0.	-4.8864e-002	4.7078e-004
4430	-1.3327	0.	-0.1135	4.9009e-004
4477	0.15	0.	0.	3.6787e-002
4478	5.e-002	0.	0.	0.13444
4481	0.10805	0.	-6.1035e-002	3.9212e-002
4482	6.7122e-002	0.	-3.9228e-002	6.4576e-002
4491	0.25	0.	0.	1.0516e-002
4494	0.21893	0.	-6.1721e-002	9.9493e-003
4495	0.15805	0.	-6.1035e-002	1.581e-002
4498	0.35	0.	0.	5.417e-003
4502	0.26893	0.	-6.1721e-002	6.9938e-003
4503	0.34378	0.	-5.879e-002	5.2514e-003
4510	0.45	0.	0.	2.5208e-003
4512	0.39378	0.	-5.879e-002	3.0036e-003
4515	0.55	0.	0.	1.458e-003
4518	0.44378	0.	-5.879e-002	2.3775e-003
4519	0.52399	0.	-7.1653e-002	1.6316e-003
4523	0.65	0.	0.	9.3711e-004
4527	0.57399	0.	-7.1653e-002	1.2122e-003
4528	0.65372	0.	-6.447e-002	8.9015e-004
4532	0.75	0.	0.	7.173e-004
4534	0.70372	0.	-6.447e-002	7.8868e-004
4539	0.85	0.	0.	5.4921e-004
4542	0.75372	0.	-6.447e-002	6.6991e-004
4543	0.83854	0.	-8.1203e-002	5.4733e-004
4550	0.95	0.	0.	4.8937e-004
4552	0.88854	0.	-8.1203e-002	4.9889e-004
4556	-1.25	0.	0.	5.463e-004
4558	-1.35	0.	0.	4.8288e-004
4560	-1.2827	0.	-6.4636e-002	5.0199e-004
4564	-1.15	0.	0.	6.948e-004
4567	-1.2327	0.	-6.4636e-002	5.5598e-004
4568	-1.1608	0.	-4.5727e-002	6.8394e-004
4576	-1.05	0.	0.	9.1736e-004
4578	-1.1108	0.	-4.5727e-002	7.78e-004
4580	-0.95	0.	0.	1.4374e-003
4584	-1.0128	0.	-8.1796e-002	9.4412e-004
4585	-0.96119	0.	-4.5846e-002	1.2963e-003
4586	-1.0608	0.	-4.5727e-002	9.0734e-004
4591	-0.85	0.	0.	2.2788e-003
4594	-0.91119	0.	-4.5846e-002	1.6854e-003
4600	-0.75	0.	0.	4.2191e-003
4602	-0.82046	0.	-6.8692e-002	2.3788e-003
4603	-0.77014	0.	-5.8903e-002	3.0989e-003
4604	-0.86119	0.	-4.5846e-002	2.1383e-003
4608	-0.65	0.	0.	9.8297e-003
4612	-0.6625	0.	-5.4167e-002	6.5322e-003
4613	-0.72014	0.	-5.8903e-002	4.5778e-003
4618	-0.55	0.	0.	2.9705e-002
4621	-0.6125	0.	-5.4167e-002	1.0683e-002
4622	-0.56428	0.	-5.4678e-002	1.6867e-002
4630	-0.45	0.	0.	0.12589
4633	-0.51428	0.	-5.4678e-002	3.2241e-002
4636	-0.47165	0.	-1.3823e-002	8.6428e-002
4637	-0.47729	0.	-2.4407e-002	5.7001e-002
5182	-0.42165	0.	-1.3823e-002	0.16661
6217	9.2318e-002	0.	-0.54803	1.2475e-003
6218	0.14461	0.	-0.5037	1.6743e-003
6219	0.20622	0.	-0.52234	1.2357e-003
6220	0.12044	0.	-0.60011	9.5146e-004
6221	0.18743	0.	-0.61428	8.9872e-004
6222	0.23424	0.	-0.58052	9.2068e-004
6227	-0.48646	0.	-0.60625	8.8292e-004
6228	-0.49735	0.	-0.54694	1.217e-003
6229	-0.54722	0.	-0.52557	1.3827e-003
6230	-0.60366	0.	-0.60046	8.4027e-004
6231	-0.59532	0.	-0.55133	1.0526e-003
6232	-0.54554	0.	-0.619	8.3127e-004
6235	-0.46115	0.	-0.38197	3.5822e-003
6236	-0.42174	0.	-0.34616	4.2362e-003
6237	-0.43567	0.	-0.30446	6.831e-003
6238	-0.51983	0.	-0.31267	4.7563e-003
6239	-0.47723	0.	-0.29491	6.1551e-003
6240	-0.49895	0.	-0.35931	4.0942e-003
6244	0.12927	0.	-0.28111	5.5171e-003
6245	0.10596	0.	-0.38627	3.6197e-003
6246	0.14681	0.	-0.34116	3.9616e-003
6247	5.2237e-002	0.	-0.29562	7.8094e-003
6248	3.9086e-002	0.	-0.33701	4.9667e-003
6249	6.3814e-002	0.	-0.37046	3.833e-003
6250	8.6839e-002	0.	-0.27808	7.0266e-003
6254	-1.0385	0.	-0.54115	4.6647e-004
6255	-1.0058	0.	-0.4066	6.603e-004
6256	-0.91766	0.	-0.52367	6.1105e-004
6257	-1.0458	0.	-0.46761	5.3062e-004
6258	-0.91042	0.	-0.46793	7.519e-004
6259	-0.96597	0.	-0.57402	4.9256e-004
6260	-0.9501	0.	-0.42669	8.0678e-004
6264	0.60273	0.	-0.40985	6.8322e-004
6265	0.66314	0.	-0.46733	4.6238e-004
6266	0.57032	0.	-0.56964	4.5328e-004
6267	0.64335	0.	-0.54493	4.3242e-004
6268	0.51939	0.	-0.4706	6.9734e-004
6269	0.53378	0.	-0.52401	5.748e-004
6273	-0.22766	0.	-0.50098	1.595e-003
6274	-0.20908	0.	-0.41481	2.9374e-003
6275	-0.28769	0.	-0.49995	1.639e-003
6276	-0.19466	0.	-0.45521	1.9628e-003
6277	-0.26121	0.	-0.40997	3.0233e-003
6278	-0.29619	0.	-0.45308	1.9309e-003
6282	-0.26188	0.	-0.76056	2.9677e-004
6283	-0.14117	0.	-0.86231	1.8976e-004
6284	-0.1249	0.	-0.7141	5.0696e-004
6285	-0.21245	0.	-0.85217	1.8711e-004
6286	-0.23193	0.	-0.71108	4.4319e-004
6287	-0.18063	0.	-0.70166	4.6676e-004
6288	-8.8544e-002	0.	-0.79804	2.886e-004
6289	-0.24277	0.	-0.80542	2.3033e-004
6296	-0.11274	0.	-0.26968	8.8943e-003
6297	-0.12862	0.	-0.23323	1.2314e-002
6298	-0.18369	0.	-0.24146	1.0473e-002
6299	-0.18273	0.	-0.28244	7.6682e-003
6300	-0.14536	0.	-0.28707	7.4955e-003
6301	-0.15531	0.	-0.22982	1.1895e-002
6306	3.1006e-002	0.	-0.16565	2.8588e-002
6307	7.968e-002	0.	-0.15794	1.7974e-002
6308	7.5662e-003	0.	-0.19951	1.7402e-002
6309	3.0615e-002	0.	-0.22859	1.4174e-002
6310	6.5217e-002	0.	-0.21105	1.3584e-002
6314	-0.50136	0.	-0.1879	1.2754e-002
6315	-0.43223	0.	-0.15368	3.08e-002
6316	-0.48881	0.	-0.14621	1.7392e-002
6317	-0.45964	0.	-0.14242	2.5733e-002
6318	-0.42788	0.	-0.22861	1.2345e-002
6319	-0.40554	0.	-0.20296	1.5928e-002
6320	-0.41597	0.	-0.17282	2.2238e-002
6321	-0.46944	0.	-0.21906	1.1929e-002
6326	0.35417	0.	-0.45631	1.3112e-003
6327	0.31296	0.	-0.32208	2.4858e-003
6328	0.3868	0.	-0.33557	1.7107e-003
6329	0.27135	0.	-0.37359	2.3594e-003
6330	0.29211	0.	-0.43734	1.5144e-003
6331	0.39279	0.	-0.4181	1.285e-003
6336	-0.77624	0.	-0.37248	1.5745e-003
6337	-0.71424	0.	-0.35859	2.1335e-003
6338	-0.6768	0.	-0.40831	1.9372e-003
6339	-0.74192	0.	-0.48062	1.22e-003
6340	-0.78843	0.	-0.43353	1.2266e-003
6341	-0.68583	0.	-0.47091	1.3297e-003
6347	0.5824	0.	-0.78047	2.3539e-004
6348	0.39788	0.	-0.77856	3.4533e-004
6349	0.42591	0.	-0.86128	2.5368e-004
6350	0.55147	0.	-0.86306	2.1617e-004
6351	0.5186	0.	-0.71918	3.2804e-004
6352	0.48988	0.	-0.87796	2.3033e-004
6353	0.45213	0.	-0.72468	3.9887e-004
6358	-0.8251	0.	-0.80668	2.8603e-004
6359	-0.84615	0.	-0.73554	3.6984e-004
6360	-0.98256	0.	-0.7809	2.2961e-004
6361	-0.91549	0.	-0.85917	2.2622e-004
6362	-0.93274	0.	-0.72818	3.1234e-004
6363	-0.98135	0.	-0.85122	2.1368e-004
6367	-1.0764e-002	0.	-0.48819	1.895e-003
6368	-1.9787e-002	0.	-0.59625	1.0707e-003
6369	7.3129e-002	0.	-0.48901	1.7626e-003
6370	-4.3056e-002	0.	-0.54028	1.1948e-003
6371	4.8958e-002	0.	-0.58542	1.1084e-003
6372	3.0978e-002	0.	-0.47319	2.0464e-003
6375	-0.47044	0.	-0.84796	3.3357e-004
6376	-0.52226	0.	-0.88824	2.5603e-004
6377	-0.40404	0.	-0.93659	1.8836e-004
6378	-0.42294	0.	-0.8863	2.4528e-004
6379	-0.51099	0.	-0.94879	2.2238e-004
6382	0.17909	0.	-0.86296	3.0235e-004
6383	0.22885	0.	-0.77655	3.8374e-004
6384	0.10461	0.	-0.8628	2.8003e-004
6385	0.11218	0.	-0.71514	5.7981e-004
6386	0.17917	0.	-0.72932	5.0811e-004
6387	7.9791e-002	0.	-0.80991	3.4152e-004
6393	-0.28153	0.	-0.24716	1.2047e-002
6394	-0.27379	0.	-0.31841	6.5122e-003
6395	-0.24357	0.	-0.24884	1.0569e-002
6396	-0.2426	0.	-0.28982	7.524e-003
6397	-0.30309	0.	-0.27688	8.2228e-003
6402	-9.3262e-002	0.	-0.44867	2.1476e-003
6403	-7.4653e-002	0.	-0.49514	1.7276e-003
6404	-2.5346e-002	0.	-0.3946	3.7197e-003
6405	-6.9633e-002	0.	-0.40591	3.1832e-003
6406	-6.1885e-004	0.	-0.42805	2.4836e-003
6410	-1.2025	0.	-0.81474	1.3439e-004
6411	-1.1485	0.	-0.75233	1.7592e-004
6412	-1.1712	0.	-0.66673	2.3412e-004
6413	-1.2541	0.	-0.64943	2.0274e-004
6414	-1.2657	0.	-0.78858	1.3174e-004
6420	0.77097	0.	-0.79807	1.5331e-004
6421	0.64852	0.	-0.84674	1.7384e-004
6422	0.61565	0.	-0.70286	2.9145e-004
6423	0.68868	0.	-0.67815	2.6824e-004
6424	0.77414	0.	-0.72263	1.8436e-004
6425	0.718	0.	-0.85149	1.4876e-004
6429	-0.45066	0.	-0.70421	6.1594e-004
6430	-0.37865	0.	-0.69479	5.6652e-004
6431	-0.37656	0.	-0.59063	9.9364e-004
6432	-0.3487	0.	-0.64531	6.8348e-004
6433	-0.43381	0.	-0.57819	1.1265e-003
6434	-0.482	0.	-0.65025	7.2232e-004
6439	-0.30719	0.	-0.19181	2.1062e-002
6440	-0.27324	0.	-0.19473	2.0232e-002
6441	-0.25477	0.	-0.22297	1.327e-002
6442	-0.32737	0.	-0.22207	1.5608e-002
6443	-0.31429	0.	-0.25101	1.1582e-002
6447	0.70557	0.	-0.30041	6.9004e-004
6448	0.58232	0.	-0.23264	1.1155e-003
6449	0.52734	0.	-0.30019	1.3056e-003
6450	0.67708	0.	-0.37945	6.3248e-004
6451	0.53333	0.	-0.38272	8.4961e-004
6452	0.66206	0.	-0.22545	7.8683e-004
6458	-1.031	0.	-0.24692	7.6976e-004
6459	-1.0883	0.	-0.19702	7.1805e-004
6460	-0.97361	0.	-0.20066	1.0323e-003
6461	-0.97396	0.	-0.12764	1.1976e-003
6462	-1.0736	0.	-0.12752	8.0664e-004
6466	-0.76272	0.	-0.75096	3.9056e-004
6467	-0.66186	0.	-0.83678	2.9541e-004
6468	-0.83206	0.	-0.87459	2.4881e-004
6469	-0.68404	0.	-0.77623	3.8381e-004
6470	-0.76781	0.	-0.89689	2.6067e-004
6471	-0.70059	0.	-0.8883	2.7507e-004
6476	0.3127	0.	-0.12051	4.7679e-003
6477	0.2641	0.	-0.18744	4.9432e-003
6478	0.20494	0.	-0.1789	6.3786e-003
6479	0.17698	0.	-0.12276	1.2965e-002
6484	-0.58932	0.	-0.15054	8.31e-003
6485	-0.54109	0.	-0.15105	1.4702e-002
6486	-0.60802	0.	-0.19946	6.8027e-003
6487	-0.56432	0.	-0.24166	7.1021e-003
6488	-0.52172	0.	-0.2239	8.1785e-003
6493	-0.82204	0.	-0.62211	5.3708e-004
6494	-0.7683	0.	-0.61346	6.7055e-004
6495	-0.7051	0.	-0.70509	4.6133e-004
6496	-0.87036	0.	-0.67246	4.1348e-004
6497	-0.72055	0.	-0.65287	5.7939e-004
6501	-0.27018	0.	-0.54478	1.1729e-003
6502	-0.24232	0.	-0.59947	8.7455e-004
6503	-0.17716	0.	-0.50005	1.5632e-003
6504	-0.15855	0.	-0.54652	1.0922e-003
6505	-0.19101	0.	-0.59006	8.9627e-004
6508	0.3107	0.	-0.50092	1.1292e-003
6509	0.41138	0.	-0.48168	8.8719e-004
6510	0.39584	0.	-0.58623	7.18e-004
6511	0.33873	0.	-0.5591	8.0907e-004
6512	0.42577	0.	-0.53509	7.7061e-004
6516	-0.34398	0.	-0.13894	4.4971e-002
6517	-0.2877	0.	-0.16525	2.5278e-002
6518	-0.34183	0.	-0.19259	2.2026e-002
6519	-0.35225	0.	-0.16246	2.7314e-002
6520	-0.29926	0.	-0.14196	3.625e-002
6521	-0.32155	0.	-0.13851	3.7648e-002
6525	-0.75946	0.	-0.31691	2.1408e-003
6526	-0.83365	0.	-0.39186	1.2358e-003
6527	-0.80639	0.	-0.27987	1.9168e-003
6528	-0.87333	0.	-0.35061	1.2914e-003
6529	-0.87158	0.	-0.28427	1.3989e-003
6533	0.79774	0.	-0.48519	3.3248e-004
6534	0.77795	0.	-0.56279	2.9323e-004
6535	0.87364	0.	-0.47012	2.9985e-004
6536	0.86341	0.	-0.60728	2.19e-004
6539	0.33895	0.	-0.18451	3.0196e-003
6540	0.46776	0.	-0.13044	2.1477e-003
6541	0.41279	0.	-0.198	2.3008e-003
6546	-9.0784e-002	0.	-0.24463	1.218e-002
6547	-5.1518e-002	0.	-0.24315	1.301e-002
6548	-2.8469e-002	0.	-0.27222	9.3881e-003
6549	-4.162e-002	0.	-0.31362	6.9781e-003
6550	-8.5907e-002	0.	-0.32492	6.3878e-003
6551	-0.10752	0.	-0.29848	6.9304e-003
6556	-2.4219e-002	0.	-0.14242	3.4655e-002
6557	-8.6924e-002	0.	-0.17776	2.4185e-002
6558	-4.7658e-002	0.	-0.17628	2.5279e-002
6559	-9.7636e-002	0.	-0.14738	3.0079e-002
6560	-5.5469e-002	0.	-0.12853	5.0747e-002
6564	-1.1945	0.	-0.4373	3.8718e-004
6565	-1.2701	0.	-0.49353	2.8908e-004
6566	-1.2181	0.	-0.38495	4.201e-004
6567	-1.2789	0.	-0.35607	3.811e-004
6572	-0.41823	0.	-0.39336	3.0848e-003
6573	-0.40243	0.	-0.43958	2.1413e-003
6574	-0.45117	0.	-0.47402	1.8932e-003
6575	-0.50104	0.	-0.45266	2.0446e-003
6576	-0.49545	0.	-0.40651	2.7996e-003
6580	-0.39085	0.	-0.11993	5.2901e-002
6581	-0.37459	0.	-0.13907	4.6032e-002
6582	-0.34388	0.	-0.11513	5.5027e-002
6583	-0.38205	0.	-0.10529	7.539e-002
6588	0.76598	0.	-0.35789	4.6921e-004
6589	0.75096	0.	-0.20389	6.3691e-004
6590	0.84188	0.	-0.34282	4.3721e-004
6591	0.83578	0.	-0.22063	5.1279e-004
6598	-0.40639	0.	-0.7615	3.8839e-004
6599	-0.53023	0.	-0.81119	3.6066e-004
6600	-0.55241	0.	-0.75064	4.4313e-004
6601	-0.4309	0.	-0.80926	3.5116e-004
6602	-0.50974	0.	-0.71695	5.5012e-004
6606	-0.30443	0.	-0.7026	5.0483e-004
6607	-0.35889	0.	-0.79984	3.1412e-004
6608	-0.31526	0.	-0.79695	2.8937e-004
6612	-0.32804	0.	-0.36067	3.8279e-003
6613	-0.39275	0.	-0.31585	6.2932e-003
6614	-0.36302	0.	-0.40378	2.9672e-003
6615	-0.35734	0.	-0.31914	5.8848e-003
6621	0.26066	0.	-0.84673	3.2886e-004
6622	0.28869	0.	-0.92946	2.3782e-004
6623	0.13642	0.	-0.93298	2.2033e-004
6626	-0.15858	0.	-0.41387	2.9026e-003
6627	-0.22513	0.	-0.36863	3.8156e-003
6628	-0.19394	0.	-0.34004	5.1328e-003
6629	-0.13495	0.	-0.37111	3.664e-003
6630	-0.15657	0.	-0.34467	4.5344e-003
6635	-0.66002	0.	-0.35275	2.4731e-003
6636	-0.74439	0.	-0.26598	2.4429e-003
6637	-0.67993	0.	-0.25461	3.4655e-003
6638	-0.63623	0.	-0.2968	3.7633e-003
6641	0.23119	0.	-0.2429	4.8386e-003
6642	0.36418	0.	-0.26493	2.5257e-003
6643	0.24874	0.	-0.30295	3.0971e-003
6645	0.33845	0.	-0.84305	3.2434e-004
6646	0.26073	0.	-0.71309	5.3629e-004
6647	0.36466	0.	-0.70645	4.6292e-004
6648	0.30755	0.	-0.67932	5.6391e-004
6652	-0.16423	0.	-0.94545	8.9475e-005
6653	-1.551e-002	0.	-0.94421	1.5519e-004
6654	-4.0324e-002	0.	-0.89132	2.2949e-004
6658	-8.3676e-002	0.	-0.60319	9.3376e-004
6659	8.3382e-003	0.	-0.64833	7.6584e-004
6660	-0.11614	0.	-0.64673	6.7792e-004
6661	-2.4052e-002	0.	-0.7431	5.5264e-004
6664	-0.4428	0.	-0.11304	3.9703e-002
6665	-0.41886	0.	-0.10244	6.617e-002
6666	-0.39913	0.	-0.14344	3.6441e-002
6667	-0.40659	0.	-0.10966	6.6735e-002
6671	6.7424e-002	0.	-0.12979	2.7967e-002
6672	2.6497e-002	0.	-0.10798	5.4903e-002
6673	-4.6896e-003	0.	-0.17136	2.8034e-002
6674	-1.25e-002	0.	-0.12361	5.2374e-002
6675	9.6226e-003	0.	-0.11791	6.0284e-002
6681	-0.22201	0.	-0.15843	2.4808e-002
6682	-0.15917	0.	-0.14806	2.6544e-002
6683	-0.20353	0.	-0.18668	1.9604e-002
6684	-0.21187	0.	-0.13418	3.2572e-002
6685	-0.17515	0.	-0.17504	2.0632e-002
6691	-0.30234	0.	-0.59844	9.627e-004
6692	-0.33872	0.	-0.49688	1.6506e-003
6693	-0.38745	0.	-0.53132	1.2995e-003
6698	-1.1106	0.	-0.83295	1.5498e-004
6699	-1.2257	0.	-0.92503	8.1751e-005
6700	-1.2278	0.	-0.8692	1.0302e-004
6701	-1.1094	0.	-0.90327	1.3722e-004
6706	0.14407	0.	-0.17821	1.2854e-002
6707	0.18958	0.	-0.29441	4.7198e-003
6708	0.1296	0.	-0.23133	7.721e-003
6713	-0.29055	0.	-0.94175	1.2399e-004
6714	-0.26582	0.	-0.88856	1.5758e-004
6719	0.87114	0.	-0.89477	8.9582e-005
6720	0.86566	0.	-0.75655	1.4529e-004
6721	0.80952	0.	-0.88541	1.013e-004
6725	-6.7395e-002	0.	-0.2067	1.5919e-002
6726	-0.11737	0.	-0.1778	2.1885e-002
6727	-0.13335	0.	-0.20478	1.4362e-002
6731	0.16627	0.	-0.39957	2.578e-003
6732	0.18703	0.	-0.46332	1.7705e-003
6733	8.3274e-002	0.	-0.42887	2.4274e-003
6737	-0.58352	0.	-0.43931	2.0198e-003
6738	-0.59879	0.	-0.34652	3.5913e-003
6739	-0.63162	0.	-0.46507	1.717e-003
6740	-0.57792	0.	-0.39316	2.8245e-003
6744	7.5171e-002	0.	-0.10026	4.6572e-002
6745	0.10164	0.	-0.17518	1.3857e-002
6754	1.7369e-002	0.	-8.8386e-002	7.5882e-002
6760	-1.0793	0.	-0.68494	2.4891e-004
6761	-1.0068	0.	-0.71781	2.7916e-004
6762	-1.0554	0.	-0.84085	1.7751e-004
6765	-1.1094	0.	-0.5258	3.7208e-004
6766	-1.185	0.	-0.58203	2.6847e-004
6767	-1.0295	0.	-0.63222	3.3103e-004
6771	-0.7906	0.	-0.12759	2.7846e-003
6772	-0.81612	0.	-0.18316	2.1363e-003
6773	-0.8813	0.	-0.18755	1.6393e-003
6774	-0.88164	0.	-0.11454	1.7983e-003
6777	0.493	0.	-0.21086	1.5451e-003
6778	0.62771	0.	-0.13612	1.0674e-003
6783	0.44401	0.	-0.36094	1.3105e-003
6787	-1.2755	0.	-0.20955	4.6895e-004
6788	-1.2083	0.	-0.17986	5.4735e-004
6789	-1.1936	0.	-0.11036	6.4011e-004
6793	0.43045	0.	-0.94245	2.0885e-004
6797	-1.0766	0.	-0.39126	5.726e-004
6798	-1.1002	0.	-0.33891	6.0216e-004
6799	-1.0938	0.	-0.28034	6.4084e-004
6800	-0.98087	0.	-0.35033	8.431e-004
6801	-0.97911	0.	-0.28398	9.6385e-004
6805	0.71771	0.	-0.51454	3.7329e-004
6806	0.8134	0.	-0.42186	3.7231e-004
6810	-0.80656	0.	-0.55574	7.3592e-004
6811	-0.85307	0.	-0.50865	7.4088e-004
6812	-0.90863	0.	-0.61474	4.8429e-004
6817	0.22788	0.	-0.41821	2.1879e-003
6821	0.55601	0.	-0.94423	1.6883e-004
6822	0.68708	0.	-0.93409	1.2638e-004
6829	-0.60423	0.	-0.79092	3.7274e-004
6830	-0.62078	0.	-0.90299	2.6424e-004
6831	-0.57078	0.	-0.91202	2.5257e-004
6835	3.7117e-002	0.	-0.87993	2.6371e-004
6839	-0.79932	0.	-0.5	8.6437e-004
6840	-0.70507	0.	-0.58651	7.7113e-004
6841	-0.69673	0.	-0.53738	9.9237e-004
6845	0.62489	0.	-0.61685	3.5794e-004
6846	0.48538	0.	-0.64707	4.5018e-004
6847	0.51531	0.	-0.59593	5.0487e-004
6853	0.78338	0.	-0.63663	2.5815e-004
6858	-0.57678	0.	-0.10884	1.3975e-002
6859	-0.68264	0.	-0.11307	5.5441e-003
6860	-0.6437	0.	-0.15726	5.8929e-003
6864	-0.49938	0.	-0.10557	2.7773e-002
6865	-0.49157	0.	-7.9086e-002	4.5802e-002
6869	-0.44627	0.	-9.1175e-002	6.1683e-002
6870	-0.4624	0.	-7.5296e-002	5.2969e-002
6875	-0.41007	0.	-8.7794e-002	8.6611e-002
6876	-0.43846	0.	-6.4694e-002	7.7413e-002
6877	-0.41802	0.	-7.1396e-002	0.11937
6881	-0.8582	0.	-0.94938	1.9976e-004
6882	-0.98831	0.	-0.91913	1.7386e-004
6887	-0.22318	0.	-0.64371	6.1444e-004
6892	-0.12555	0.	-0.50075	1.5757e-003
6893	-0.12053	0.	-0.41152	2.9687e-003
6897	-0.13941	0.	-0.59076	8.7099e-004
6902	-0.23528	0.	-0.19641	1.8675e-002
6903	-0.24363	0.	-0.14392	3.2532e-002
6904	-0.26532	0.	-0.14488	3.5577e-002
6909	-5.0803e-003	0.	-0.23429	1.4062e-002
6915	-0.31224	0.	-0.40689	3.0239e-003
6916	-0.24607	0.	-0.3352	5.1269e-003
6917	-0.30655	0.	-0.32226	5.8733e-003
6920	0.27666	0.	-0.54014	1.0345e-003
6923	-0.38435	0.	-0.24851	1.2859e-002
6924	-0.37127	0.	-0.27744	8.1349e-003
6925	-0.44825	0.	-0.26461	8.068e-003
6929	0.14407	0.	-0.65168	7.1674e-004
6930	4.4693e-002	0.	-0.73227	5.6599e-004
6936	4.8184e-003	0.	-0.30476	7.7472e-003
6937	5.2571e-002	0.	-0.24583	9.7364e-003
6941	-5.2619e-002	0.	-0.35745	4.4196e-003
6942	1.6396e-002	0.	-0.3796	3.8949e-003
6946	-1.1923	0.	-0.5085	3.4107e-004
6947	-1.1402	0.	-0.39992	4.7318e-004
6952	0.46438	0.	-0.49688	7.4605e-004
6960	-0.39596	0.	-0.48444	1.7452e-003
6964	-0.7658	0.	-0.17338	2.8599e-003
6965	-0.70134	0.	-0.162	3.8229e-003
6971	-0.14407	0.	-0.1744	2.0952e-002
6976	-0.88552	0.	-0.41166	9.2741e-004
6980	0.25787	0.	-0.63209	6.7994e-004
6982	-0.49457	0.	-0.49751	1.5842e-003
6986	-0.59255	0.	-0.50191	1.4466e-003
6987	-0.53885	0.	-0.43	2.5563e-003
6991	-0.64187	0.	-0.67814	5.7488e-004
6992	-0.58375	0.	-0.69668	5.617e-004
6998	0.79226	0.	-0.14567	6.2e-004
7005	0.3618	0.	-0.62545	6.1515e-004
7006	0.44884	0.	-0.60144	5.7071e-004
7014	-0.21585	0.	-0.26563	9.4586e-003
7015	-0.18843	0.	-0.21302	1.306e-002
7018	-0.34893	0.	-0.25179	1.2267e-002
7019	-0.37244	0.	-0.19272	2.2637e-002
7027	0.81818	0.	-0.9482	8.3516e-005
7036	-0.72673	0.	-0.96309	2.273e-004
7042	-1.2247	0.	-0.3187	4.6294e-004
7043	-1.1574	0.	-0.28901	5.4573e-004
7052	-0.17751	0.	-0.31124	5.7074e-003
7055	-0.11852	0.	-0.34231	4.68e-003
7063	-1.2889	0.	-0.89887	7.3701e-005
7071	-2.1627e-002	0.	-0.10402	7.2047e-002
7077	-1.2183	0.	-0.26013	5.059e-004
7082	-0.60951	0.	-0.96354	2.3008e-004
7093	-0.3645	0.	-0.89789	2.1075e-004
7094	-0.32088	0.	-0.895	1.8021e-004
7098	-0.64899	0.	-0.5768	9.0862e-004
7099	-0.5992	0.	-0.64446	6.7421e-004
7109	-0.8565	0.	-0.23334	1.7326e-003
7110	-0.72686	0.	-0.21757	3.2465e-003
7117	-1.1363	0.	-0.16095	6.7601e-004
7121	-0.92344	0.	-0.30407	1.1013e-003
7126	-0.92203	0.	-0.16471	1.3741e-003
7131	-0.6187	0.	-0.24838	4.481e-003
7140	-0.33978	0.	-0.84471	2.3614e-004
7146	-0.25519	0.	-0.12062	4.2098e-002
7149	-0.5324	0.	-0.27282	6.1108e-003
7150	-0.55413	0.	-0.33721	4.0759e-003
7175	-0.29917	0.	-0.11814	4.6563e-002
10369	-0.44894	0.	-3.823e-002	9.9242e-002
10370	-0.4285	0.	-4.4932e-002	0.13588
10374	-0.43415	0.	-5.5517e-002	0.11058
82	0.	0.	6.25e-002	0.15692
83	0.	0.	7.5e-002	0.10323
84	-2.5e-002	0.	7.5e-002	0.10704
85	-5.e-002	0.	7.5e-002	8.79e-002
86	-0.1	0.	7.5e-002	6.5013e-002
87	-0.15	0.	7.5e-002	4.3969e-002
88	-0.2	0.	7.5e-002	4.1027e-002
89	-0.25	0.	7.5e-002	4.6409e-002
90	-0.3	0.	7.5e-002	6.1433e-002
91	-0.35	0.	7.5e-002	8.4074e-002
92	-0.375	0.	7.5e-002	0.10501
93	-0.4	0.	6.25e-002	0.16275
94	-0.4	0.	7.5e-002	0.11475
95	-0.4	0.	5.e-002	0.1988
104	0.	0.	5.e-002	0.22633
427	0.1	0.	0.	6.1678e-002
428	0.2	0.	0.	1.6797e-002
429	0.3	0.	0.	6.7633e-003
430	0.4	0.	0.	3.156e-003
431	0.5	0.	0.	1.707e-003
432	0.6	0.	0.	1.1095e-003
433	0.7	0.	0.	9.0952e-004
434	0.8	0.	0.	6.2667e-004
435	0.9	0.	0.	5.0222e-004
436	-1.3	0.	0.	4.8725e-004
437	-1.2	0.	0.	5.8372e-004
438	-1.1	0.	0.	7.797e-004
439	-1.	0.	0.	1.0294e-003
440	-0.9	0.	0.	1.7491e-003
441	-0.8	0.	0.	3.0899e-003
442	-0.7	0.	0.	5.6584e-003
443	-0.6	0.	0.	1.3274e-002
444	-0.5	0.	0.	5.3064e-002
488	-1.4	0.	9.7727e-002	4.6123e-004
489	-1.4	0.	0.19545	4.4558e-004
490	-1.4	0.	0.29318	3.9378e-004
491	-1.4	0.	0.39091	3.1185e-004
492	-1.4	0.	0.48864	2.6915e-004
493	-1.4	0.	0.58636	2.106e-004
494	-1.4	0.	0.68409	1.5636e-004
495	-1.4	0.	0.78182	1.1724e-004
496	-1.4	0.	0.87955	7.1452e-005
497	-1.4	0.	0.97727	3.3158e-005
503	-1.3	0.	1.075	2.9576e-005
504	-1.2	0.	1.075	7.2208e-005
505	-1.1	0.	1.075	1.0871e-004
506	-1.	0.	1.075	1.4717e-004
507	-0.9	0.	1.075	1.8106e-004
508	-0.8	0.	1.075	2.0354e-004
509	-0.7	0.	1.075	2.0346e-004
510	-0.6	0.	1.075	2.0905e-004
511	-0.5	0.	1.075	1.7903e-004
512	-0.4	0.	1.075	1.391e-004
513	-0.3	0.	1.075	8.5256e-005
514	-0.2	0.	1.075	3.8253e-005
515	-0.1	0.	1.075	7.2813e-005
516	0.	0.	1.075	1.4463e-004
517	0.1	0.	1.075	1.8585e-004
518	0.2	0.	1.075	2.0353e-004
519	0.3	0.	1.075	2.0992e-004
520	0.4	0.	1.075	2.0216e-004
521	0.5	0.	1.075	1.7105e-004
522	0.6	0.	1.075	1.3731e-004
523	0.7	0.	1.075	1.0636e-004
524	0.8	0.	1.075	7.1984e-005
525	0.9	0.	1.075	4.099e-005
531	1.	0.	0.97727	4.1164e-005
532	1.	0.	0.87955	7.0508e-005
533	1.	0.	0.78182	1.2297e-004
534	1.	0.	0.68409	1.7421e-004
535	1.	0.	0.58636	2.1577e-004
536	1.	0.	0.48864	2.8206e-004
537	1.	0.	0.39091	3.3294e-004
538	1.	0.	0.29318	3.8291e-004
539	1.	0.	0.19545	4.3728e-004
540	1.	0.	9.7727e-002	4.7157e-004
541	0.	0.	0.	0.19847
542	-0.4	0.	0.	0.20112
548	1.	0.	0.	4.7762e-004
550	-1.4	0.	0.	4.7476e-004
553	-1.4	0.	1.075	1.8031e-005
554	1.	0.	1.075	1.9707e-005
555	0.15	0.	0.575	1.0548e-003
556	-0.56233	0.	0.5627	9.7134e-004
557	-0.48472	0.	0.33699	4.7713e-003
558	8.1836e-002	0.	0.33823	4.4277e-003
559	-0.975	0.	0.48295	6.1708e-004
560	0.58363	0.	0.46543	6.1258e-004
561	-0.24755	0.	0.46067	2.1396e-003
562	-0.15749	0.	0.78347	3.2163e-004
563	-0.17491	0.	0.25442	8.765e-003
564	1.5758e-002	0.	0.2064	1.7429e-002
565	0.33437	0.	0.39363	1.6534e-003
566	-0.73438	0.	0.39363	1.4974e-003
567	-0.87999	0.	0.79679	2.7726e-004
568	1.9406e-002	0.	0.51627	1.6168e-003
569	-0.50252	0.	0.72682	5.1931e-004
570	0.11667	0.	0.90833	2.3678e-004
571	-0.10264	0.	0.3651	4.1006e-003
572	-0.38016	0.	0.29503	6.5166e-003
573	-0.42046	0.	0.64316	6.9948e-004
574	-1.0792	0.	0.76458	2.0981e-004
575	0.82917	0.	0.71572	1.8758e-004
576	0.61667	0.	0.32197	8.2484e-004
577	-1.0167	0.	0.32197	8.5574e-004
578	0.1759	0.	0.21027	7.8022e-003
579	-0.57613	0.	0.21058	7.4203e-003
580	5.2778e-002	0.	0.65833	7.3276e-004
581	-0.25625	0.	0.1375	3.1909e-002
582	-0.17502	0.	0.66121	5.7938e-004
583	-0.76064	0.	0.53173	9.0109e-004
584	0.41782	0.	0.6668	4.7683e-004
585	-0.44853	0.	0.54666	1.2033e-003
586	-1.258	0.	0.53344	2.6524e-004
587	-0.79002	0.	0.1196	3.1523e-003
588	0.375	0.	0.13466	3.0043e-003
589	0.27327	0.	0.81415	3.0866e-004
590	0.78561	0.	0.50306	3.2774e-004
591	-0.73508	0.	0.75306	4.3094e-004
592	-6.0502e-002	0.	0.22264	1.3387e-002
593	-3.902e-002	0.	0.16577	2.9411e-002
594	-0.40328	0.	0.96751	1.546e-004
595	-0.10023	0.	0.50324	1.5914e-003
596	-1.2083	0.	0.25871	5.0365e-004
597	0.80833	0.	0.25871	5.1463e-004
598	-0.28516	0.	0.30234	6.0441e-003
599	-0.4193	0.	0.14225	3.6649e-002
600	2.6447e-002	0.	0.12896	3.7128e-002
601	-0.34688	0.	0.16875	3.1076e-002
602	-0.15937	0.	0.16875	2.2886e-002
603	-0.33499	0.	0.54422	1.2009e-003
604	-0.3342	0.	0.42364	2.668e-003
605	0.76458	0.	0.89536	1.0524e-004
606	-0.54224	0.	0.95041	2.208e-004
607	-2.3785e-002	0.	0.86881	2.3647e-004
608	-1.2625	0.	0.83207	9.832e-005
609	0.12199	0.	0.44696	2.1637e-003
610	-0.5125	0.	0.45	2.0689e-003
611	-0.6	0.	0.36449	2.9484e-003
612	0.2	0.	0.36449	2.7511e-003
613	0.67723	0.	0.75546	2.0886e-004
614	0.2875	0.	0.24957	3.6942e-003
615	0.45208	0.	0.28577	1.7374e-003
616	-0.6875	0.	0.24957	3.1378e-003
617	-0.85208	0.	0.28577	1.5269e-003
618	-0.76039	0.	0.89944	2.5811e-004
619	-0.15131	0.	0.93457	1.1461e-004
620	-4.257e-002	0.	0.42879	2.566e-003
621	0.29149	0.	0.6038	6.7595e-004
622	-0.27281	0.	0.72776	4.0947e-004
623	-0.18819	0.	0.31806	4.9701e-003
624	-7.6572e-002	0.	0.60021	9.1404e-004
625	-1.1375	0.	0.43693	4.0855e-004
626	-0.92604	0.	0.14289	1.3909e-003
627	0.52604	0.	0.14289	1.417e-003
628	0.3375	0.	0.92808	2.4687e-004
629	-1.0161	0.	0.92942	1.5671e-004
630	-0.2125	0.	0.2	1.5404e-002
631	-0.95162	0.	0.64248	4.4076e-004
632	-1.0979	0.	0.59214	3.2484e-004
633	-0.19838	0.	0.55178	1.0855e-003
634	0.49945	0.	0.94036	1.85e-004
635	-2.875e-002	0.	0.11589	5.7793e-002
636	0.37917	0.	0.52898	8.1745e-004
637	0.26406	0.	0.15862	5.6217e-003
638	-0.6679	0.	0.14184	6.0148e-003
639	-0.25814	0.	0.37314	3.6613e-003
640	-0.27969	0.	0.18438	2.1733e-002
641	0.6657	0.	0.18777	8.2311e-004
642	-1.0657	0.	0.18777	7.6125e-004
643	-5.1344e-002	0.	0.72226	4.7241e-004
644	-0.64216	0.	0.4753	1.339e-003
645	0.2375	0.	0.48949	1.2557e-003
646	-1.9992e-002	0.	0.34987	4.8299e-003
647	8.4722e-002	0.	0.78333	3.6626e-004
648	-0.85	0.	0.44347	1.0022e-003
649	0.45	0.	0.44347	8.8015e-004
650	-0.31553	0.	0.23183	1.3284e-002
651	0.74054	0.	0.60433	3.0761e-004
652	-0.82352	0.	0.65683	4.8847e-004
653	-0.36706	0.	0.11705	5.7454e-002
654	-0.89193	0.	0.95943	1.9796e-004
655	-0.24107	0.	0.83962	2.1151e-004
656	0.19167	0.	0.71112	5.1193e-004
657	0.62306	0.	0.59614	3.923e-004
658	-0.17874	0.	0.40059	2.9223e-003
659	9.5702e-002	0.	0.16952	1.659e-002
660	-0.49594	0.	0.17204	1.5718e-002
661	-0.61867	0.	0.67806	6.1037e-004
662	-0.34072	0.	0.84026	2.5763e-004
663	-0.50803	0.	8.5143e-002	2.5847e-002
664	-0.42981	0.	6.4838e-002	9.6479e-002
665	0.10798	0.	8.4955e-002	3.2849e-002
666	3.0622e-002	0.	6.3776e-002	0.10499
667	0.87	0.	0.11574	5.1581e-004
668	-1.27	0.	0.11574	5.035e-004
669	-1.2798	0.	0.95757	5.0754e-005
670	-1.289	0.	0.40526	3.6101e-004
671	-4.5697e-002	0.	0.98511	1.15e-004
672	-1.2688	0.	0.68118	1.8035e-004
673	8.2832e-004	0.	0.27444	8.8451e-003
674	-0.31664	0.	0.12628	4.1802e-002
675	-0.38395	0.	0.21473	1.4099e-002
676	3.2134e-002	0.	0.41602	2.7698e-003
677	-0.41198	0.	0.37535	3.1635e-003
678	0.88672	0.	0.9547	6.5972e-005
679	-9.6699e-002	0.	0.28692	7.6886e-003
680	-7.6042e-002	0.	0.12708	4.4435e-002
681	0.72227	0.	0.40902	5.0745e-004
682	-0.41129	0.	0.4657	1.9819e-003
683	-0.33115	0.	0.351	4.3222e-003
684	-0.10024	0.	0.17758	2.1779e-002
685	-0.13724	0.	0.21823	1.2971e-002
686	0.50417	0.	0.56847	6.0104e-004
687	-0.27604	0.	0.9449	9.7752e-005
688	-1.1563	0.	0.93894	1.0397e-004
689	-0.72643	0.	0.63531	6.6746e-004
690	0.89051	0.	0.57035	2.3769e-004
691	0.23047	0.	0.93738	2.4053e-004
692	0.8851	0.	0.41746	3.4407e-004
693	-0.26449	0.	0.62246	7.2717e-004
694	0.38023	0.	0.78913	3.1247e-004
695	0.87371	0.	0.83467	1.0062e-004
696	-0.60908	0.	0.83267	3.6824e-004
697	-0.11489	0.	0.42954	2.4264e-003
698	0.16101	0.	0.28506	4.3048e-003
699	-0.5607	0.	0.28638	5.0081e-003
700	0.65417	0.	0.91117	1.562e-004
701	-0.46432	0.	0.84153	2.987e-004
702	-0.87869	0.	0.55037	6.43e-004
703	-0.20307	0.	0.14462	2.6899e-002
704	-0.1175	0.	0.13945	3.5416e-002
705	-0.45625	0.	0.2625	9.0008e-003
706	7.9524e-002	0.	0.25124	8.7164e-003
707	2.8347e-003	0.	9.6448e-002	7.1847e-002
708	-0.40102	0.	9.7496e-002	8.3338e-002
709	0.17936	0.	0.83086	2.9913e-004
710	-0.17292	0.	0.47083	1.9211e-003
711	0.68965	0.	0.51415	4.0708e-004
712	-0.66925	0.	0.98119	2.2078e-004
713	-0.38806	0.	0.73149	4.6889e-004
714	0.55208	0.	0.69706	3.7868e-004
715	0.19035	0.	0.10673	1.2165e-002
716	-0.59077	0.	0.10445	1.0538e-002
717	0.58799	0.	0.82458	2.4444e-004
718	-0.5105	0.	0.63148	7.6935e-004
719	-0.24037	0.	0.24826	1.0248e-002
720	0.314	0.	0.71443	4.7239e-004
721	5.8333e-002	0.	0.99167	1.7936e-004
722	-1.1439	0.	0.11488	7.2963e-004
723	0.74388	0.	0.11488	7.4837e-004
2457	0.	0.	6.875e-002	0.12573
2458	0.	0.	5.625e-002	0.19089
2460	1.5311e-002	0.	6.3138e-002	0.13065
2461	-1.25e-002	0.	7.5e-002	0.10386
2463	1.5311e-002	0.	6.9388e-002	0.10037
2464	1.4173e-003	0.	8.5724e-002	8.7386e-002
2467	-3.75e-002	0.	7.5e-002	9.6674e-002
2469	-2.6875e-002	0.	9.5443e-002	8.226e-002
2470	-1.1083e-002	0.	8.5724e-002	8.8921e-002
2472	-7.5e-002	0.	7.5e-002	7.5463e-002
2474	-3.9375e-002	0.	9.5443e-002	7.2686e-002
2475	-6.3021e-002	0.	0.10104	6.5775e-002
2478	-0.125	0.	7.5e-002	5.32e-002
2480	-8.8021e-002	0.	0.10104	5.4621e-002
2481	-0.10875	0.	0.10722	4.9802e-002
2484	-0.175	0.	7.5e-002	4.0814e-002
2486	-0.15469	0.	0.12188	3.3374e-002
2487	-0.17654	0.	0.10981	3.3986e-002
2488	-0.13375	0.	0.10722	3.95e-002
2491	-0.225	0.	7.5e-002	4.2386e-002
2493	-0.20154	0.	0.10981	3.3957e-002
2496	-0.275	0.	7.5e-002	5.2653e-002
2498	-0.25313	0.	0.10625	3.9127e-002
2499	-0.22654	0.	0.10981	3.5725e-002
2502	-0.325	0.	7.5e-002	7.1669e-002
2504	-0.27813	0.	0.10625	4.5938e-002
2505	-0.30832	0.	0.10064	5.1482e-002
2508	-0.3625	0.	7.5e-002	9.3824e-002
2510	-0.35853	0.	9.6026e-002	7.0505e-002
2511	-0.33332	0.	0.10064	6.2514e-002
2514	-0.3875	0.	7.5e-002	0.10778
2516	-0.37103	0.	9.6026e-002	8.1116e-002
2517	-0.38801	0.	8.6248e-002	9.3301e-002
2519	-0.4	0.	6.875e-002	0.1363
2520	-0.4	0.	5.625e-002	0.17965
2522	-0.4149	0.	6.3669e-002	0.12949
2526	-0.4149	0.	6.9919e-002	0.10311
2527	-0.40051	0.	8.6248e-002	9.8874e-002
2532	-0.4	0.	2.5e-002	0.19695
2533	-0.4149	0.	5.7419e-002	0.14725
2581	0.	0.	2.5e-002	0.20886
2582	1.5311e-002	0.	5.6888e-002	0.16479
4477	0.15	0.	0.	3.9177e-002
4478	5.e-002	0.	0.	0.12997
4479	0.10399	0.	4.2477e-002	4.5801e-002
4480	6.5311e-002	0.	3.1888e-002	8.0364e-002
4491	0.25	0.	0.	1.1742e-002
4492	0.15399	0.	4.2477e-002	2.3888e-002
4493	0.19517	0.	5.3367e-002	1.4244e-002
4498	0.35	0.	0.	4.9409e-003
4499	0.3375	0.	6.733e-002	4.8781e-003
4500	0.28203	0.	7.9311e-002	6.0951e-003
4501	0.24517	0.	5.3367e-002	9.3693e-003
4510	0.45	0.	0.	2.4294e-003
4511	0.3875	0.	6.733e-002	3.0511e-003
4515	0.55	0.	0.	1.407e-003
4516	0.4375	0.	6.733e-002	2.3454e-003
4517	0.51302	0.	7.1443e-002	1.5535e-003
4523	0.65	0.	0.	1.0087e-003
4524	0.56302	0.	7.1443e-002	1.2532e-003
4525	0.63285	0.	9.3885e-002	9.6299e-004
4526	0.67194	0.	5.7439e-002	9.2849e-004
4532	0.75	0.	0.	7.6807e-004
4533	0.72194	0.	5.7439e-002	8.2833e-004
4539	0.85	0.	0.	5.643e-004
4540	0.835	0.	5.7871e-002	5.7113e-004
4541	0.77194	0.	5.7439e-002	6.871e-004
4549	0.95	0.	4.8864e-002	4.8689e-004
4550	0.95	0.	0.	4.8991e-004
4551	0.885	0.	5.7871e-002	5.0879e-004
4556	-1.25	0.	0.	5.3518e-004
4557	-1.35	0.	4.8864e-002	4.7422e-004
4558	-1.35	0.	0.	4.81e-004
4559	-1.285	0.	5.7871e-002	4.9504e-004
4564	-1.15	0.	0.	6.8121e-004
4565	-1.235	0.	5.7871e-002	5.4337e-004
4566	-1.1719	0.	5.7439e-002	6.5617e-004
4576	-1.05	0.	0.	9.0374e-004
4577	-1.1219	0.	5.7439e-002	7.5306e-004
4580	-0.95	0.	0.	1.3877e-003
4581	-0.96302	0.	7.1443e-002	1.203e-003
4582	-1.0329	0.	9.3885e-002	8.9223e-004
4583	-1.0719	0.	5.7439e-002	8.7924e-004
4591	-0.85	0.	0.	2.4152e-003
4592	-0.84501	0.	5.98e-002	2.4461e-003
4593	-0.91302	0.	7.1443e-002	1.5636e-003
4600	-0.75	0.	0.	4.3626e-003
4601	-0.79501	0.	5.98e-002	3.0964e-003
4608	-0.65	0.	0.	9.462e-003
4609	-0.74501	0.	5.98e-002	4.397e-003
4610	-0.68395	0.	7.0919e-002	5.6996e-003
4611	-0.64538	0.	5.2227e-002	7.98e-003
4618	-0.55	0.	0.	3.3146e-002
4619	-0.55401	0.	4.2572e-002	1.9043e-002
4620	-0.59538	0.	5.2227e-002	1.1704e-002
4630	-0.45	0.	0.	0.12701
4631	-0.50401	0.	4.2572e-002	3.8699e-002
4632	-0.4649	0.	3.2419e-002	7.205e-002
4890	-1.4	0.	0.14659	4.5333e-004
4891	-1.4	0.	4.8864e-002	4.6795e-004
4892	-1.335	0.	0.10674	4.822e-004
4896	-1.4	0.	0.24432	4.1966e-004
4897	-1.3042	0.	0.22708	4.7318e-004
4898	-1.335	0.	0.1556	4.7451e-004
4902	-1.4	0.	0.34205	3.5281e-004
4903	-1.3042	0.	0.27595	4.4767e-004
4904	-1.3445	0.	0.34922	3.7673e-004
4908	-1.4	0.	0.43977	2.9047e-004
4909	-1.3445	0.	0.39808	3.3592e-004
4914	-1.4	0.	0.5375	2.3987e-004
4915	-1.329	0.	0.51104	2.6602e-004
4916	-1.3445	0.	0.44695	3.1482e-004
4920	-1.4	0.	0.63523	1.8347e-004
4921	-1.329	0.	0.5599	2.3704e-004
4922	-1.3344	0.	0.63377	1.9415e-004
4926	-1.4	0.	0.73295	1.3654e-004
4927	-1.3344	0.	0.68263	1.6728e-004
4929	-1.4	0.	0.83068	9.4347e-005
4930	-1.3312	0.	0.80694	1.0672e-004
4931	-1.3344	0.	0.7315	1.4862e-004
4935	-1.4	0.	0.92841	5.2094e-005
4936	-1.3312	0.	0.85581	8.4075e-005
4937	-1.3399	0.	0.91856	5.9044e-005
4940	-1.35	0.	1.0261	2.9856e-005
4941	-1.4	0.	1.0261	2.5265e-005
4942	-1.3399	0.	0.96742	4.139e-005
4968	-1.25	0.	1.075	5.0698e-005
4969	-1.35	0.	1.075	2.3571e-005
4970	-1.2899	0.	1.0163	3.9776e-005
4972	-1.15	0.	1.075	9.0272e-005
4973	-1.2399	0.	1.0163	5.9784e-005
4974	-1.1781	0.	1.007	8.775e-005
4978	-1.05	0.	1.075	1.2792e-004
4979	-1.0581	0.	1.0022	1.3229e-004
4980	-1.1281	0.	1.007	1.0507e-004
4982	-0.95	0.	1.075	1.6403e-004
4983	-1.0081	0.	1.0022	1.5128e-004
4984	-0.94597	0.	1.0172	1.7254e-004
4988	-0.85	0.	1.075	1.9229e-004
4989	-0.89597	0.	1.0172	1.8929e-004
4993	-0.75	0.	1.075	2.0344e-004
4994	-0.7802	0.	0.98722	2.3065e-004
4995	-0.84597	0.	1.0172	2.0039e-004
4996	-0.73463	0.	1.0281	2.1209e-004
4999	-0.65	0.	1.075	2.0619e-004
5000	-0.68463	0.	1.0281	2.1211e-004
5003	-0.55	0.	1.075	1.9397e-004
5004	-0.57112	0.	1.0127	2.1464e-004
5005	-0.63463	0.	1.0281	2.1486e-004
5009	-0.45	0.	1.075	1.5895e-004
5010	-0.45164	0.	1.0213	1.6539e-004
5011	-0.52112	0.	1.0127	1.9984e-004
5013	-0.35	0.	1.075	1.098e-004
5014	-0.40164	0.	1.0213	1.4622e-004
5017	-0.25	0.	1.075	5.4901e-005
5018	-0.35164	0.	1.0213	1.1912e-004
5019	-0.28802	0.	1.0099	8.9191e-005
5023	-0.15	0.	1.075	4.8075e-005
5024	-0.17565	0.	1.0048	7.5686e-005
5025	-0.23802	0.	1.0099	6.5626e-005
5027	-5.e-002	0.	1.075	1.083e-004
5028	-0.12565	0.	1.0048	8.6893e-005
5029	-7.2849e-002	0.	1.0301	9.3832e-005
5032	5.e-002	0.	1.075	1.647e-004
5033	-2.2849e-002	0.	1.0301	1.2922e-004
5034	2.9167e-002	0.	1.0333	1.6194e-004
5038	0.15	0.	1.075	1.9467e-004
5039	7.9167e-002	0.	1.0333	1.8213e-004
5041	0.25	0.	1.075	2.0667e-004
5042	0.15833	0.	0.99167	2.1894e-004
5043	0.21523	0.	1.0062	2.2203e-004
5044	0.12917	0.	1.0333	1.9075e-004
5048	0.35	0.	1.075	2.0594e-004
5049	0.31875	0.	1.0015	2.2817e-004
5050	0.26523	0.	1.0062	2.2516e-004
5054	0.45	0.	1.075	1.8659e-004
5055	0.36875	0.	1.0015	2.245e-004
5056	0.44973	0.	1.0077	1.9321e-004
5061	0.55	0.	1.075	1.5412e-004
5062	0.49973	0.	1.0077	1.7772e-004
5064	0.65	0.	1.075	1.2172e-004
5065	0.54973	0.	1.0077	1.6108e-004
5066	0.62708	0.	0.99309	1.4524e-004
5071	0.75	0.	1.075	8.9145e-005
5072	0.73229	0.	0.98518	1.0408e-004
5073	0.67708	0.	0.99309	1.3065e-004
5077	0.85	0.	1.075	5.6077e-005
5078	0.78229	0.	0.98518	8.7578e-005
5079	0.84336	0.	1.0148	6.6236e-005
5084	0.95	0.	1.0261	3.8648e-005
5085	0.95	0.	1.075	3.0135e-005
5086	0.89336	0.	1.0148	5.2852e-005
5115	1.	0.	0.92841	5.5792e-005
5116	1.	0.	1.0261	2.9799e-005
5117	0.94336	0.	0.96599	5.2679e-005
5121	1.	0.	0.83068	9.6683e-005
5122	0.94336	0.	0.91712	6.6551e-005
5123	0.93686	0.	0.85711	8.4798e-005
5126	1.	0.	0.73295	1.485e-004
5127	0.91458	0.	0.74877	1.5373e-004
5128	0.93686	0.	0.80824	1.1051e-004
5134	1.	0.	0.63523	1.9485e-004
5135	0.91458	0.	0.69991	1.7806e-004
5136	0.94525	0.	0.62722	2.058e-004
5139	1.	0.	0.5375	2.4891e-004
5140	0.94525	0.	0.57836	2.261e-004
5143	1.	0.	0.43977	3.0744e-004
5144	0.94525	0.	0.52949	2.5919e-004
5145	0.94255	0.	0.45305	3.1285e-004
5149	1.	0.	0.34205	3.5791e-004
5150	0.94255	0.	0.40419	3.3798e-004
5152	1.	0.	0.24432	4.1009e-004
5153	0.90417	0.	0.27595	4.4744e-004
5154	0.94255	0.	0.35532	3.6296e-004
5158	1.	0.	0.14659	4.543e-004
5159	0.90417	0.	0.22708	4.7433e-004
5160	0.935	0.	0.1556	4.765e-004
5165	1.	0.	4.8864e-002	4.7458e-004
5166	0.935	0.	0.10674	4.9349e-004
5169	1.5311e-002	0.	3.1888e-002	0.14803
5179	-0.4149	0.	3.2419e-002	0.14481
5191	8.4703e-002	0.	0.54564	1.3121e-003
5192	0.10139	0.	0.61667	8.7647e-004
5193	0.136	0.	0.51098	1.6088e-003
5194	0.22075	0.	0.5894	8.5811e-004
5195	0.19375	0.	0.53224	1.143e-003
5196	0.17083	0.	0.64306	7.8262e-004
5200	-0.50543	0.	0.55468	1.0762e-003
5201	-0.53741	0.	0.50635	1.5199e-003
5202	-0.60224	0.	0.519	1.1437e-003
5203	-0.5905	0.	0.62038	7.9064e-004
5204	-0.64438	0.	0.59901	8.1291e-004
5205	-0.53641	0.	0.59709	8.6565e-004
5210	-0.43244	0.	0.31601	5.5393e-003
5211	-0.49861	0.	0.3935	3.4168e-003
5212	-0.54236	0.	0.35074	3.8052e-003
5213	-0.44835	0.	0.35617	3.8848e-003
5214	-0.52271	0.	0.31169	4.8243e-003
5215	-0.47048	0.	0.29975	6.8735e-003
5220	0.10191	0.	0.39259	3.2953e-003
5221	0.14092	0.	0.35136	3.5434e-003
5222	3.0922e-002	0.	0.34405	4.5349e-003
5223	4.1332e-002	0.	0.30634	6.5925e-003
5224	5.6985e-002	0.	0.37713	3.5652e-003
5225	0.12142	0.	0.31165	4.2923e-003
5226	8.068e-002	0.	0.29473	6.5314e-003
5230	-0.99583	0.	0.40246	7.2987e-004
5231	-1.0562	0.	0.45994	5.0782e-004
5232	-0.96331	0.	0.56272	5.2696e-004
5233	-1.0365	0.	0.53755	4.7079e-004
5234	-0.9125	0.	0.46321	8.0791e-004
5235	-0.92684	0.	0.51666	6.2637e-004
5239	0.60015	0.	0.3937	7.1494e-004
5240	0.51682	0.	0.45445	7.4534e-004
5241	0.60335	0.	0.53078	5.0207e-004
5242	0.65295	0.	0.43723	5.5716e-004
5243	0.5439	0.	0.51695	6.0251e-004
5244	0.63664	0.	0.48979	5.0939e-004
5247	-0.29127	0.	0.50244	1.6341e-003
5248	-0.29088	0.	0.44215	2.3213e-003
5249	-0.22296	0.	0.50622	1.5998e-003
5250	-0.25285	0.	0.41691	2.8991e-003
5251	-0.21314	0.	0.43063	2.4467e-003
5252	-0.21023	0.	0.46575	1.9485e-003
5257	-0.16625	0.	0.72234	4.5048e-004
5258	-9.0636e-002	0.	0.82614	2.6626e-004
5259	-0.1544	0.	0.85902	2.1756e-004
5260	-0.21515	0.	0.75562	3.498e-004
5261	-0.10442	0.	0.75287	3.8375e-004
5262	-0.19928	0.	0.81155	2.5901e-004
5266	-0.18155	0.	0.28624	6.8596e-003
5267	-0.1937	0.	0.22721	1.1975e-002
5268	-0.1358	0.	0.27067	7.8367e-003
5269	-0.15607	0.	0.23632	1.0657e-002
5270	-0.20764	0.	0.25134	9.1598e-003
5274	-2.2372e-002	0.	0.21452	1.4915e-002
5275	-1.1631e-002	0.	0.18608	2.3261e-002
5276	2.1103e-002	0.	0.16768	2.6999e-002
5277	5.573e-002	0.	0.18796	1.6549e-002
5278	8.2934e-003	0.	0.24042	1.302e-002
5279	4.7641e-002	0.	0.22882	1.3018e-002
5284	0.26719	0.	0.37906	2.1906e-003
5285	0.31094	0.	0.3216	2.6638e-003
5286	0.39323	0.	0.3397	1.6693e-003
5287	0.35677	0.	0.4613	1.2334e-003
5288	0.28594	0.	0.44156	1.4387e-003
5289	0.39219	0.	0.41855	1.2617e-003
5293	-0.74751	0.	0.46268	1.1943e-003
5294	-0.66719	0.	0.37906	2.2084e-003
5295	-0.71094	0.	0.3216	2.3051e-003
5296	-0.79323	0.	0.3397	1.4894e-003
5297	-0.68827	0.	0.43446	1.3945e-003
5298	-0.79219	0.	0.41855	1.2485e-003
5301	-0.97961	0.	0.78069	2.4064e-004
5302	-0.80753	0.	0.77492	3.5295e-004
5303	-0.82019	0.	0.84811	2.6546e-004
5304	-0.94807	0.	0.8631	2.1689e-004
5305	-0.9158	0.	0.71963	3.555e-004
5306	-0.85175	0.	0.72681	3.8267e-004
5307	-0.88596	0.	0.87811	2.363e-004
5312	3.6092e-002	0.	0.5873	1.1747e-003
5313	-4.0413e-002	0.	0.50976	1.5311e-003
5314	7.0698e-002	0.	0.48162	1.8491e-003
5315	-1.1582e-002	0.	0.47253	2.0785e-003
5316	-2.8583e-002	0.	0.55824	1.2447e-003
5317	2.577e-002	0.	0.46615	2.186e-003
5321	-0.46149	0.	0.68499	6.0512e-004
5322	-0.56059	0.	0.70244	5.5908e-004
5323	-0.5558	0.	0.77974	4.4159e-004
5324	-0.48342	0.	0.78417	4.0858e-004
5325	-0.44529	0.	0.72915	4.8228e-004
5326	-0.50651	0.	0.67915	6.4422e-004
5329	4.6441e-002	0.	0.88857	2.2967e-004
5330	0.10069	0.	0.84583	3.0102e-004
5331	0.17357	0.	0.92286	2.3733e-004
5332	0.14801	0.	0.8696	2.6722e-004
5333	8.75e-002	0.	0.95	2.0798e-004
5338	-7.2603e-002	0.	0.39694	3.3136e-003
5339	-0.14542	0.	0.34158	4.3024e-003
5340	-6.1314e-002	0.	0.35749	4.3374e-003
5341	-0.14069	0.	0.38285	3.4008e-003
5342	-9.9668e-002	0.	0.32601	5.8909e-003
5343	-0.10877	0.	0.39732	3.2462e-003
5348	-0.33266	0.	0.29869	6.042e-003
5349	-0.34785	0.	0.26343	9.8159e-003
5350	-0.38206	0.	0.25488	1.025e-002
5351	-0.39607	0.	0.33519	4.8394e-003
5352	-0.35566	0.	0.32302	5.3536e-003
5353	-0.41821	0.	0.27877	7.5081e-003
5357	-0.43449	0.	0.59491	9.472e-004
5358	-0.37773	0.	0.59369	9.3899e-004
5359	-0.34247	0.	0.63281	6.8044e-004
5360	-0.40426	0.	0.68733	5.8136e-004
5361	-0.46548	0.	0.63732	7.2742e-004
5366	-1.1709	0.	0.79832	1.5213e-004
5367	-1.0477	0.	0.847	1.8018e-004
5368	-1.0154	0.	0.70353	3.2522e-004
5369	-1.0886	0.	0.67836	2.6596e-004
5370	-1.174	0.	0.72288	1.8853e-004
5371	-1.1178	0.	0.85176	1.5601e-004
5378	0.7532	0.	0.73559	1.9575e-004
5379	0.78485	0.	0.66002	2.4724e-004
5380	0.85984	0.	0.64304	2.106e-004
5381	0.85144	0.	0.77519	1.4409e-004
5387	0.7125	0.	0.29034	6.64e-004
5388	0.53438	0.	0.30387	1.2762e-003
5389	0.57135	0.	0.23243	1.1148e-003
5390	0.64118	0.	0.25487	8.1695e-004
5391	0.53333	0.	0.38272	8.4207e-004
5392	0.66947	0.	0.36549	6.6583e-004
5395	-1.1125	0.	0.29034	6.7427e-004
5396	-0.93437	0.	0.30387	1.1879e-003
5397	-1.0771	0.	0.37945	6.3188e-004
5398	-0.97135	0.	0.23243	1.1189e-003
5399	-1.0412	0.	0.25487	8.0326e-004
5400	-0.93333	0.	0.38272	9.1011e-004
5406	0.2317	0.	0.22992	5.7428e-003
5407	0.21998	0.	0.18445	6.6142e-003
5408	0.1358	0.	0.1899	1.2169e-002
5409	0.16846	0.	0.24767	5.9905e-003
5410	0.12771	0.	0.23076	8.0881e-003
5411	0.18312	0.	0.1585	9.7843e-003
5416	-0.63182	0.	0.23008	5.2655e-003
5417	-0.62202	0.	0.17621	6.6278e-003
5418	-0.53604	0.	0.19131	1.1538e-002
5419	-0.56841	0.	0.24848	6.1512e-003
5420	-0.51619	0.	0.23654	7.9666e-003
5421	-0.58345	0.	0.15752	8.8025e-003
5425	-1.1897e-002	0.	0.62927	8.1009e-004
5426	7.1685e-004	0.	0.6903	5.9041e-004
5427	6.875e-002	0.	0.72083	5.4933e-004
5428	0.12222	0.	0.68472	6.1499e-004
5431	-0.23438	0.	0.16875	2.3054e-002
5432	-0.26797	0.	0.16094	2.671e-002
5433	-0.28645	0.	0.13189	3.5771e-002
5434	-0.22966	0.	0.14106	2.8358e-002
5438	-0.22391	0.	0.69449	4.7394e-004
5439	-0.1258	0.	0.63071	7.1658e-004
5440	-0.1867	0.	0.60649	8.261e-004
5441	-0.11318	0.	0.69174	5.0723e-004
5442	-0.21976	0.	0.64183	6.1789e-004
5446	-0.7014	0.	0.50351	1.115e-003
5447	-0.80532	0.	0.4876	9.4393e-004
5448	-0.79208	0.	0.59428	6.9476e-004
5449	-0.74353	0.	0.58352	7.7944e-004
5450	-0.81966	0.	0.54105	7.6831e-004
5455	0.35465	0.	0.6353	5.7453e-004
5456	0.39849	0.	0.59789	6.469e-004
5457	0.46099	0.	0.61763	5.3563e-004
5458	0.39902	0.	0.72796	3.9356e-004
5459	0.48495	0.	0.68193	4.2612e-004
5460	0.36591	0.	0.69061	4.7263e-004
5463	-0.39176	0.	0.54544	1.1626e-003
5464	-0.48051	0.	0.49833	1.6221e-003
5465	-0.42991	0.	0.50618	1.5874e-003
5466	-0.47951	0.	0.58907	9.8557e-004
5470	-1.1977	0.	0.48519	3.3598e-004
5471	-1.178	0.	0.56279	2.8979e-004
5472	-1.2735	0.	0.46935	3.1252e-004
5473	-1.2634	0.	0.60731	2.2268e-004
5477	-0.73876	0.	0.18459	3.0515e-003
5478	-0.82105	0.	0.20269	2.3072e-003
5479	-0.85803	0.	0.13124	2.2699e-003
5480	-0.72896	0.	0.13072	4.53e-003
5485	0.33125	0.	0.19212	3.2425e-003
5486	0.41354	0.	0.21022	2.3377e-003
5487	0.45052	0.	0.13877	2.2106e-003
5488	0.31953	0.	0.14664	4.2805e-003
5493	0.30539	0.	0.87111	2.7765e-004
5494	0.23247	0.	0.76263	4.0928e-004
5495	0.25187	0.	0.87577	2.744e-004
5496	0.32675	0.	0.80164	3.0859e-004
5497	0.22631	0.	0.82251	3.0313e-004
5498	0.29364	0.	0.76429	3.8859e-004
5502	0.76308	0.	0.5537	3.1512e-004
5503	0.75394	0.	0.45604	4.1683e-004
5504	0.83806	0.	0.53671	2.821e-004
5505	0.83536	0.	0.46026	3.3413e-004
5506	0.73763	0.	0.50861	3.6512e-004
5510	-0.74774	0.	0.82625	3.4416e-004
5511	-0.7793	0.	0.70494	4.5668e-004
5512	-0.67687	0.	0.71556	5.1827e-004
5513	-0.73076	0.	0.69418	5.4916e-004
5514	-0.67208	0.	0.79287	3.9567e-004
5518	-4.9761e-002	0.	0.1942	2.1228e-002
5519	-2.9837e-002	0.	0.24854	1.1045e-002
5520	-7.8601e-002	0.	0.25478	1.0399e-002
5521	-8.0369e-002	0.	0.20011	1.7524e-002
5522	-9.8871e-002	0.	0.22044	1.2675e-002
5526	-6.2864e-003	0.	0.14736	3.206e-002
5527	-3.3885e-002	0.	0.14083	4.3592e-002
5528	-5.7531e-002	0.	0.14642	3.6463e-002
5529	-6.9628e-002	0.	0.17167	2.4988e-002
5533	-0.47276	0.	0.95896	1.8671e-004
5534	-0.372	0.	0.90389	2.023e-004
5535	-0.33966	0.	0.9562	1.1917e-004
5536	-0.4338	0.	0.90452	2.2661e-004
5541	-7.1401e-002	0.	0.46601	2.0437e-003
5542	-8.8402e-002	0.	0.55172	1.2451e-003
5543	-0.1493	0.	0.52751	1.2783e-003
5544	-0.10756	0.	0.46639	2.008e-003
5545	-0.13657	0.	0.48704	1.7355e-003
5550	-1.1729	0.	0.34782	4.5301e-004
5551	-1.137	0.	0.22324	6.3222e-004
5552	-1.2392	0.	0.18723	5.0235e-004
5553	-1.2487	0.	0.33198	4.3225e-004
5554	-1.1761	0.	0.18679	6.1575e-004
5558	0.73702	0.	0.22324	6.6886e-004
5559	0.83917	0.	0.18723	5.1349e-004
5560	0.7653	0.	0.33386	5.0633e-004
5561	0.84672	0.	0.33809	4.2919e-004
5562	0.77611	0.	0.18679	6.3017e-004
5568	-0.23667	0.	0.3102	5.12e-003
5569	-0.27165	0.	0.33774	4.7989e-003
5570	-0.30034	0.	0.26709	9.5846e-003
5571	-0.30815	0.	0.32667	5.1484e-003
5572	-0.26276	0.	0.2753	8.0524e-003
5576	-0.38309	0.	0.1555	3.2688e-002
5577	-0.39318	0.	0.12965	4.6324e-002
5578	-0.45762	0.	0.15715	2.5985e-002
5579	-0.46366	0.	0.1137	2.9398e-002
5580	-0.42456	0.	0.10355	6.4495e-002
5581	-0.40163	0.	0.17849	2.5047e-002
5582	-0.41016	0.	0.11987	5.9976e-002
5589	-1.1516e-003	0.	0.12242	4.5999e-002
5590	6.1074e-002	0.	0.14924	2.6785e-002
5591	6.7213e-002	0.	0.10696	3.3869e-002
5592	2.8534e-002	0.	9.637e-002	6.9511e-002
5593	1.4641e-002	0.	0.11271	5.4317e-002
5598	-0.31328	0.	0.17656	2.5574e-002
5599	-0.3312	0.	0.20029	2.1934e-002
5600	-0.35697	0.	0.1429	4.4101e-002
5601	-0.33176	0.	0.14751	3.6241e-002
5602	-0.36541	0.	0.19174	2.251e-002
5606	-0.18594	0.	0.18438	1.8479e-002
5607	-0.12981	0.	0.17317	2.1554e-002
5608	-0.14831	0.	0.19349	1.7885e-002
5609	-0.18122	0.	0.15668	2.4168e-002
5610	-0.13844	0.	0.1541	2.8855e-002
5614	-0.3346	0.	0.48393	1.9325e-003
5615	-0.26668	0.	0.548	1.074e-003
5616	-0.37314	0.	0.50496	1.5681e-003
5617	-0.29974	0.	0.58334	9.5449e-004
5623	-0.29617	0.	0.39839	3.0812e-003
5624	-0.37309	0.	0.39949	2.8656e-003
5625	-0.37275	0.	0.44467	2.3055e-003
5626	-0.33268	0.	0.38732	3.4924e-003
5630	0.72091	0.	0.82541	1.5671e-004
5631	0.82565	0.	0.92503	8.4938e-005
5632	0.81915	0.	0.86501	1.0045e-004
5633	0.70938	0.	0.90327	1.3031e-004
5639	-0.57566	0.	0.89154	2.9423e-004
5640	-0.50328	0.	0.89597	2.5823e-004
5641	-0.60574	0.	0.9658	2.2018e-004
5645	-8.7546e-002	0.	0.90169	1.7161e-004
5646	-3.7565e-002	0.	0.79554	3.5414e-004
5647	3.0469e-002	0.	0.82607	2.9652e-004
5648	-3.4741e-002	0.	0.92696	1.7375e-004
5649	1.7274e-002	0.	0.93024	2.008e-004
5654	-1.2711	0.	0.89482	7.4003e-005
5655	-1.2657	0.	0.75662	1.3881e-004
5656	-1.2094	0.	0.8855	9.733e-005
5660	0.161	0.	0.40572	2.4221e-003
5661	0.17975	0.	0.46822	1.6967e-003
5662	7.7063e-002	0.	0.43149	2.444e-003
5667	-0.55625	0.	0.40724	2.4494e-003
5668	-0.57733	0.	0.46265	1.6846e-003
5669	-0.46224	0.	0.41267	2.5832e-003
5670	-0.4619	0.	0.45785	1.9796e-003
5676	-0.64375	0.	0.30703	2.9739e-003
5677	-0.62108	0.	0.41989	2.1392e-003
5678	-0.58035	0.	0.32543	3.9781e-003
5682	0.24375	0.	0.30703	3.1597e-003
5683	0.21875	0.	0.42699	2.0018e-003
5684	0.18051	0.	0.32478	3.5246e-003
5688	0.70888	0.	0.67989	2.5689e-004
5689	0.65014	0.	0.6758	3.0039e-004
5690	0.77547	0.	0.79506	1.5322e-004
5691	0.6657	0.	0.83332	1.8052e-004
5692	0.61466	0.	0.72626	2.9315e-004
5693	0.63261	0.	0.79002	2.244e-004
5697	0.36979	0.	0.26767	2.7078e-003
5698	0.27578	0.	0.2041	4.6217e-003
5699	0.22426	0.	0.26732	3.9286e-003
5704	0.48906	0.	0.21433	1.5556e-003
5705	0.45104	0.	0.36462	1.3037e-003
5712	-0.76979	0.	0.26767	2.3262e-003
5713	-0.6777	0.	0.19571	4.5606e-003
5714	-0.6241	0.	0.26798	3.977e-003
5720	-0.88906	0.	0.21433	1.4416e-003
5721	-0.85104	0.	0.36462	1.2542e-003
5724	-0.82616	0.	0.92943	2.2798e-004
5725	-0.68474	0.	0.86606	3.1181e-004
5726	-0.71482	0.	0.94031	2.3903e-004
5730	-0.19619	0.	0.8871	1.5527e-004
5731	-9.8502e-002	0.	0.95984	1.0636e-004
5732	-0.21367	0.	0.93974	9.5353e-005
5737	-3.1281e-002	0.	0.38933	3.6696e-003
5738	-5.2178e-003	0.	0.4224	2.6178e-003
5739	-7.8732e-002	0.	0.42916	2.4384e-003
5744	0.33533	0.	0.56639	7.4234e-004
5745	0.2645	0.	0.54664	9.6533e-004
5746	0.24158	0.	0.65746	5.846e-004
5747	0.30275	0.	0.65912	5.738e-004
5750	-0.25694	0.	0.78369	3.101e-004
5751	-0.30676	0.	0.78401	3.2567e-004
5752	-0.26865	0.	0.67511	5.679e-004
5753	-0.33043	0.	0.72963	4.2612e-004
5758	-0.22317	0.	0.3456	4.2092e-003
5759	-0.18346	0.	0.35932	3.9374e-003
5760	-0.14245	0.	0.30249	5.9433e-003
5761	-0.21428	0.	0.28316	7.4454e-003
5765	-0.13747	0.	0.57599	9.1313e-004
5766	-6.3958e-002	0.	0.66124	6.9294e-004
5771	-1.1177	0.	0.51454	3.643e-004
5772	-1.2133	0.	0.42109	3.8162e-004
5777	-0.99587	0.	0.16533	1.0755e-003
5780	0.59587	0.	0.16533	1.1189e-003
5786	0.41848	0.	0.93422	2.1568e-004
5787	0.28398	0.	0.93273	2.4315e-004
5788	0.35886	0.	0.8586	2.7872e-004
5792	-0.95404	0.	0.94443	1.7682e-004
5793	-1.0862	0.	0.93418	1.2994e-004
5798	-0.24609	0.	0.19219	1.7572e-002
5799	-0.17487	0.	0.20911	1.3374e-002
5800	-0.20779	0.	0.17231	2.1143e-002
5801	-0.22644	0.	0.22413	1.272e-002
5804	-1.0248	0.	0.61731	3.803e-004
5805	-0.88757	0.	0.64965	4.6174e-004
5806	-0.91515	0.	0.59642	5.4162e-004
5810	-1.1834	0.	0.63666	2.4973e-004
5815	-0.23143	0.	0.58712	8.8812e-004
5816	-0.18565	0.	0.5113	1.487e-003
5822	0.43984	0.	0.86474	2.4861e-004
5823	0.57681	0.	0.92576	1.6952e-004
5824	0.54372	0.	0.88247	2.1312e-004
5829	-5.2396e-002	0.	0.12148	5.0319e-002
5830	-1.2958e-002	0.	0.10617	6.3877e-002
5835	0.30833	0.	0.50923	1.0322e-003
5836	0.41458	0.	0.48622	8.3936e-004
5837	0.44167	0.	0.54872	7.0682e-004
5841	0.22721	0.	0.13268	8.8892e-003
5844	-0.62933	0.	0.12315	8.2711e-003
5848	-0.21844	0.	0.38687	3.1529e-003
5849	-0.29464	0.	0.36207	3.8468e-003
5853	-0.29761	0.	0.2081	1.7437e-002
5854	-0.29817	0.	0.15533	3.1434e-002
5855	-0.26003	0.	0.21632	1.5706e-002
5859	0.70479	0.	0.15132	7.8382e-004
5863	-1.1048	0.	0.15132	7.4398e-004
5867	1.6689e-002	0.	0.7528	4.0873e-004
5872	-0.6843	0.	0.5553	1.0031e-003
5879	-9.5817e-003	0.	0.31216	6.8175e-003
5880	6.0713e-003	0.	0.38295	3.7909e-003
5881	-5.8346e-002	0.	0.3184	6.1359e-003
5886	0.13819	0.	0.74722	4.3508e-004
5887	0.13204	0.	0.8071	3.2979e-004
5891	-0.86434	0.	0.49692	8.2194e-004
5895	0.47708	0.	0.50597	7.3905e-004
5899	-0.34974	0.	0.22328	1.3271e-002
5900	-0.27795	0.	0.24005	1.1264e-002
5904	0.6818	0.	0.60023	3.4918e-004
5905	0.81552	0.	0.58734	2.6765e-004
5906	0.71509	0.	0.55924	3.573e-004
5910	-0.77498	0.	0.64607	5.7477e-004
5911	-0.85111	0.	0.6036	5.6282e-004
5916	-0.34185	0.	0.12167	4.8769e-002
5917	-0.38404	0.	0.10727	6.9255e-002
5925	-0.29089	0.	0.83994	2.2574e-004
5926	-0.25855	0.	0.89226	1.5346e-004
5930	0.18551	0.	0.77099	4.0523e-004
5931	0.25283	0.	0.71277	4.8546e-004
5938	0.56361	0.	0.5823	4.9515e-004
5939	0.65635	0.	0.55514	3.9836e-004
5940	0.58757	0.	0.6466	3.834e-004
5943	-0.14681	0.	0.41507	2.6434e-003
5944	-0.17583	0.	0.43571	2.4211e-003
5949	0.10184	0.	0.12724	2.4385e-002
5950	8.7613e-002	0.	0.21038	1.2546e-002
5951	0.14302	0.	0.13813	1.386e-002
5956	-0.50198	0.	0.12859	2.0312e-002
5957	-0.43994	0.	0.19339	1.4187e-002
5958	-0.47609	0.	0.21727	1.22e-002
5959	-0.54335	0.	0.13825	1.2636e-002
5964	-0.67255	0.	0.65669	6.3535e-004
5965	-0.61387	0.	0.75537	4.8883e-004
5966	-0.56458	0.	0.65477	6.845e-004
5970	-0.30838	0.	0.89258	1.762e-004
5971	-0.40252	0.	0.84089	2.7296e-004
5972	-0.36439	0.	0.78588	3.6312e-004
5977	-0.46892	0.	7.4991e-002	6.1047e-002
5978	-0.5494	0.	9.4799e-002	1.8147e-002
5984	-0.41541	0.	8.1167e-002	8.6485e-002
5992	6.9301e-002	0.	7.4365e-002	6.8911e-002
5993	0.14916	0.	9.5845e-002	2.2401e-002
6001	1.6728e-002	0.	8.0112e-002	8.4058e-002
6007	0.80694	0.	0.11531	6.3195e-004
6013	-1.2069	0.	0.11531	6.1638e-004
6017	-1.218	0.	0.94825	7.6593e-005
6026	6.3179e-003	0.	0.98839	1.4633e-004
6034	-4.7936e-002	0.	0.28068	7.9373e-003
6035	4.0176e-002	0.	0.26284	8.5332e-003
6042	-0.4201	0.	0.23862	1.1434e-002
6048	-0.41164	0.	0.42052	2.5672e-003
6049	-0.37157	0.	0.36317	3.7017e-003
6051	0.88021	0.	0.89468	8.2951e-005
6055	-0.11697	0.	0.25258	1.0273e-002
6059	-8.8139e-002	0.	0.15233	3.3054e-002
6060	-9.677e-002	0.	0.13327	3.9299e-002
6065	0.80369	0.	0.41324	4.2058e-004
6066	0.70596	0.	0.46159	4.5632e-004
6078	-0.11874	0.	0.19791	1.7073e-002
6079	-0.10887	0.	0.15852	2.8407e-002
6088	0.52812	0.	0.63277	4.8968e-004
6101	0.88781	0.	0.49391	2.907e-004
6107	0.20491	0.	0.88412	2.6968e-004
6115	-0.32628	0.	0.67697	5.8606e-004
6119	0.46616	0.	0.7431	3.4097e-004
6120	0.48411	0.	0.80685	2.7735e-004
6121	0.34711	0.	0.75178	3.9227e-004
6129	-0.5367	0.	0.8371	3.2997e-004
6130	-0.63917	0.	0.90693	2.9427e-004
6136	-0.1439	0.	0.45019	2.1557e-003
6138	0.12027	0.	0.26815	6.4895e-003
6140	-0.50847	0.	0.27444	6.9719e-003
6144	0.62108	0.	0.86788	2.0029e-004
6148	-0.42619	0.	0.78651	3.783e-004
6184	0.57004	0.	0.76082	3.1073e-004
