Node Number	X Location (m)	Y Location (m)	Z Location (m)	Total Magnetic Flux Density (T)
13	-0.28	0.	3.5e-002	0.2725
14	-0.25455	0.	3.5e-002	0.40054
15	-0.22909	0.	3.5e-002	0.64083
16	-0.20364	0.	3.5e-002	0.72508
17	-0.17818	0.	3.5e-002	0.80378
18	-0.15273	0.	3.5e-002	0.93422
19	-0.12727	0.	3.5e-002	0.86356
20	-0.10182	0.	3.5e-002	0.81205
21	-7.6364e-002	0.	3.5e-002	0.71645
22	-5.0909e-002	0.	3.5e-002	0.63145
23	0.	0.	3.5e-002	0.28408
24	-2.5455e-002	0.	3.5e-002	0.40881
95	-2.5455e-002	0.	-3.5e-002	0.40789
96	0.	0.	-3.5e-002	0.28153
97	-5.0909e-002	0.	-3.5e-002	0.63111
98	-7.6364e-002	0.	-3.5e-002	0.71428
99	-0.10182	0.	-3.5e-002	0.80819
100	-0.12727	0.	-3.5e-002	0.82554
101	-0.15273	0.	-3.5e-002	0.85724
102	-0.17818	0.	-3.5e-002	0.81296
103	-0.20364	0.	-3.5e-002	0.72823
104	-0.22909	0.	-3.5e-002	0.65499
105	-0.25455	0.	-3.5e-002	0.40756
106	-0.28	0.	-3.5e-002	0.27969
462	0.	0.	0.	0.24857
463	-0.28	0.	0.	0.2442
909	-3.8182e-002	0.	0.	0.55818
910	-8.9091e-002	0.	0.	0.78268
911	-0.14664	0.	6.0377e-019	0.84348
912	-0.19091	0.	0.	0.76455
913	-0.23541	0.	-4.9893e-019	0.5862
2100	-0.26727	0.	3.5e-002	0.33074
2103	-0.28	0.	1.75e-002	0.2446
2108	-0.24182	0.	3.5e-002	0.51827
2110	-0.26727	0.	1.75e-002	0.31812
2111	-0.24498	0.	1.75e-002	0.48809
2114	-0.21636	0.	3.5e-002	0.6827
2116	-0.23225	0.	1.75e-002	0.61256
2118	-0.19091	0.	3.5e-002	0.76441
2120	-0.19727	0.	1.75e-002	0.74452
2121	-0.21952	0.	1.75e-002	0.65525
2125	-0.16545	0.	3.5e-002	0.86887
2127	-0.16241	0.	1.75e-002	0.82345
2128	-0.18455	0.	1.75e-002	0.78399
2130	-0.14	0.	3.5e-002	0.89872
2132	-0.14969	0.	1.75e-002	0.88884
2133	-0.11455	0.	3.5e-002	0.83774
2135	-0.10818	0.	1.75e-002	0.82312
2136	-0.13696	0.	1.75e-002	0.85343
2138	-8.9091e-002	0.	3.5e-002	0.76413
2140	-9.5455e-002	0.	1.75e-002	0.79728
2142	-6.3636e-002	0.	3.5e-002	0.67376
2144	-5.7273e-002	0.	1.75e-002	0.63692
2145	-8.2727e-002	0.	1.75e-002	0.74921
2147	-3.8182e-002	0.	3.5e-002	0.5179
2149	-4.4545e-002	0.	1.75e-002	0.59396
2151	-1.2727e-002	0.	3.5e-002	0.34175
2154	0.	0.	1.75e-002	0.25311
2160	-1.2727e-002	0.	1.75e-002	0.32396
2161	-3.1818e-002	0.	1.75e-002	0.47848
2568	-1.2727e-002	0.	-3.5e-002	0.34001
2569	-3.8182e-002	0.	-3.5e-002	0.51731
2571	-1.2727e-002	0.	-1.75e-002	0.32346
2572	-3.1818e-002	0.	-1.75e-002	0.4774
2578	0.	0.	-1.75e-002	0.2518
2583	-6.3636e-002	0.	-3.5e-002	0.67249
2585	-4.4545e-002	0.	-1.75e-002	0.59346
2587	-8.9091e-002	0.	-3.5e-002	0.76113
2589	-5.7273e-002	0.	-1.75e-002	0.63566
2590	-8.2727e-002	0.	-1.75e-002	0.74801
2592	-0.11455	0.	-3.5e-002	0.81685
2594	-9.5455e-002	0.	-1.75e-002	0.79528
2596	-0.14	0.	-3.5e-002	0.84127
2598	-0.10818	0.	-1.75e-002	0.804
2599	-0.13696	0.	-1.75e-002	0.83444
2601	-0.16545	0.	-3.5e-002	0.83505
2603	-0.14969	0.	-1.75e-002	0.85036
2605	-0.19091	0.	-3.5e-002	0.77051
2607	-0.16241	0.	-1.75e-002	0.82814
2608	-0.18455	0.	-1.75e-002	0.78868
2611	-0.21636	0.	-3.5e-002	0.69132
2613	-0.19727	0.	-1.75e-002	0.74609
2614	-0.21952	0.	-1.75e-002	0.65669
2618	-0.24182	0.	-3.5e-002	0.52941
2620	-0.23225	0.	-1.75e-002	0.6193
2622	-0.26727	0.	-3.5e-002	0.33936
2624	-0.26727	0.	-1.75e-002	0.32102
2625	-0.24498	0.	-1.75e-002	0.49175
2631	-0.28	0.	-1.75e-002	0.2492
4810	-1.9091e-002	0.	0.	0.40205
4818	-0.25771	0.	-2.4947e-019	0.4139
7773	-6.3636e-002	0.	0.	0.67032
7779	-0.11787	0.	3.0189e-019	0.81298
7786	-0.16878	0.	3.0189e-019	0.80402
7793	-0.21316	0.	-2.4947e-019	0.67521
1	0.	0.	5.25e-002	0.13925
2	-2.5455e-002	0.	5.25e-002	0.11138
3	-5.0909e-002	0.	5.25e-002	7.4804e-002
4	-7.6364e-002	0.	5.25e-002	5.2982e-002
5	-0.10182	0.	5.25e-002	3.5382e-002
6	-0.12727	0.	5.25e-002	2.332e-002
7	-0.15273	0.	5.25e-002	2.3304e-002
8	-0.17818	0.	5.25e-002	3.5338e-002
9	-0.20364	0.	5.25e-002	5.3556e-002
10	-0.22909	0.	5.25e-002	7.5821e-002
11	-0.25455	0.	5.25e-002	0.11121
12	-0.28	0.	5.25e-002	0.13925
13	-0.28	0.	3.5e-002	0.13925
14	-0.25455	0.	3.5e-002	0.11121
15	-0.22909	0.	3.5e-002	7.5821e-002
16	-0.20364	0.	3.5e-002	5.3556e-002
17	-0.17818	0.	3.5e-002	3.5338e-002
18	-0.15273	0.	3.5e-002	2.3304e-002
19	-0.12727	0.	3.5e-002	2.332e-002
20	-0.10182	0.	3.5e-002	3.5382e-002
21	-7.6364e-002	0.	3.5e-002	5.2982e-002
22	-5.0909e-002	0.	3.5e-002	7.4804e-002
23	0.	0.	3.5e-002	0.13925
24	-2.5455e-002	0.	3.5e-002	0.11138
95	-2.5455e-002	0.	-3.5e-002	0.11104
96	0.	0.	-3.5e-002	0.13778
97	-5.0909e-002	0.	-3.5e-002	7.5189e-002
98	-7.6364e-002	0.	-3.5e-002	5.2854e-002
99	-0.10182	0.	-3.5e-002	3.5898e-002
100	-0.12727	0.	-3.5e-002	2.3135e-002
101	-0.15273	0.	-3.5e-002	2.3466e-002
102	-0.17818	0.	-3.5e-002	3.5283e-002
103	-0.20364	0.	-3.5e-002	5.2604e-002
104	-0.22909	0.	-3.5e-002	7.4841e-002
105	-0.25455	0.	-3.5e-002	0.11085
106	-0.28	0.	-3.5e-002	0.13841
199	-0.25455	0.	-5.25e-002	0.11085
200	-0.28	0.	-5.25e-002	0.13841
201	-0.22909	0.	-5.25e-002	7.4841e-002
202	-0.20364	0.	-5.25e-002	5.2604e-002
203	-0.17818	0.	-5.25e-002	3.5283e-002
204	-0.15273	0.	-5.25e-002	2.3466e-002
205	-0.12727	0.	-5.25e-002	2.3135e-002
206	-0.10182	0.	-5.25e-002	3.5898e-002
207	-7.6364e-002	0.	-5.25e-002	5.2854e-002
208	-5.0909e-002	0.	-5.25e-002	7.5189e-002
209	-2.5455e-002	0.	-5.25e-002	0.11104
210	0.	0.	-5.25e-002	0.13778
2024	-1.2727e-002	0.	5.25e-002	0.12496
2025	0.	0.	4.375e-002	0.13925
2032	-3.8182e-002	0.	5.25e-002	9.2141e-002
2033	-2.5455e-002	0.	4.375e-002	0.11138
2039	-6.3636e-002	0.	5.25e-002	6.374e-002
2040	-5.0909e-002	0.	4.375e-002	7.4804e-002
2044	-8.9091e-002	0.	5.25e-002	4.3863e-002
2045	-7.6364e-002	0.	4.375e-002	5.2982e-002
2052	-0.11455	0.	5.25e-002	2.8367e-002
2053	-0.10182	0.	4.375e-002	3.5382e-002
2058	-0.14	0.	5.25e-002	2.1404e-002
2059	-0.12727	0.	4.375e-002	2.332e-002
2064	-0.16545	0.	5.25e-002	2.8326e-002
2065	-0.15273	0.	4.375e-002	2.3304e-002
2071	-0.19091	0.	5.25e-002	4.4116e-002
2072	-0.17818	0.	4.375e-002	3.5338e-002
2077	-0.21636	0.	5.25e-002	6.4553e-002
2078	-0.20364	0.	4.375e-002	5.3556e-002
2082	-0.24182	0.	5.25e-002	9.2556e-002
2083	-0.22909	0.	4.375e-002	7.5821e-002
2088	-0.26727	0.	5.25e-002	0.12485
2089	-0.25455	0.	4.375e-002	0.11121
2093	-0.28	0.	4.375e-002	0.13925
2100	-0.26727	0.	3.5e-002	0.12485
2108	-0.24182	0.	3.5e-002	9.2556e-002
2114	-0.21636	0.	3.5e-002	6.4553e-002
2118	-0.19091	0.	3.5e-002	4.4116e-002
2125	-0.16545	0.	3.5e-002	2.8326e-002
2130	-0.14	0.	3.5e-002	2.1404e-002
2133	-0.11455	0.	3.5e-002	2.8367e-002
2138	-8.9091e-002	0.	3.5e-002	4.3863e-002
2142	-6.3636e-002	0.	3.5e-002	6.374e-002
2147	-3.8182e-002	0.	3.5e-002	9.2141e-002
2151	-1.2727e-002	0.	3.5e-002	0.12496
2568	-1.2727e-002	0.	-3.5e-002	0.12403
2569	-3.8182e-002	0.	-3.5e-002	9.2177e-002
2570	-2.5455e-002	0.	-4.375e-002	0.11104
2576	0.	0.	-4.375e-002	0.13778
2583	-6.3636e-002	0.	-3.5e-002	6.3864e-002
2584	-5.0909e-002	0.	-4.375e-002	7.5189e-002
2587	-8.9091e-002	0.	-3.5e-002	4.4077e-002
2588	-7.6364e-002	0.	-4.375e-002	5.2854e-002
2592	-0.11455	0.	-3.5e-002	2.8554e-002
2593	-0.10182	0.	-4.375e-002	3.5898e-002
2596	-0.14	0.	-3.5e-002	2.1276e-002
2597	-0.12727	0.	-4.375e-002	2.3135e-002
2601	-0.16545	0.	-3.5e-002	2.8468e-002
2602	-0.15273	0.	-4.375e-002	2.3466e-002
2605	-0.19091	0.	-3.5e-002	4.3603e-002
2606	-0.17818	0.	-4.375e-002	3.5283e-002
2611	-0.21636	0.	-3.5e-002	6.357e-002
2612	-0.20364	0.	-4.375e-002	5.2604e-002
2618	-0.24182	0.	-3.5e-002	9.1937e-002
2619	-0.22909	0.	-4.375e-002	7.4841e-002
2622	-0.26727	0.	-3.5e-002	0.12428
2623	-0.25455	0.	-4.375e-002	0.11085
2629	-0.28	0.	-4.375e-002	0.13841
3239	-0.26727	0.	-5.25e-002	0.12428
3240	-0.24182	0.	-5.25e-002	9.1937e-002
3249	-0.21636	0.	-5.25e-002	6.357e-002
3254	-0.19091	0.	-5.25e-002	4.3603e-002
3261	-0.16545	0.	-5.25e-002	2.8468e-002
3265	-0.14	0.	-5.25e-002	2.1276e-002
3270	-0.11455	0.	-5.25e-002	2.8554e-002
3274	-8.9091e-002	0.	-5.25e-002	4.4077e-002
3278	-6.3636e-002	0.	-5.25e-002	6.3864e-002
3282	-3.8182e-002	0.	-5.25e-002	9.2177e-002
3285	-1.2727e-002	0.	-5.25e-002	0.12403
96	0.	0.	-3.5e-002	0.10364
106	-0.28	0.	-3.5e-002	0.10079
199	-0.25455	0.	-5.25e-002	6.4925e-002
200	-0.28	0.	-5.25e-002	7.3708e-002
201	-0.22909	0.	-5.25e-002	5.1907e-002
202	-0.20364	0.	-5.25e-002	4.4912e-002
203	-0.17818	0.	-5.25e-002	3.6241e-002
204	-0.15273	0.	-5.25e-002	3.14e-002
205	-0.12727	0.	-5.25e-002	3.2939e-002
206	-0.10182	0.	-5.25e-002	3.6349e-002
207	-7.6364e-002	0.	-5.25e-002	4.1426e-002
208	-5.0909e-002	0.	-5.25e-002	6.3305e-002
209	-2.5455e-002	0.	-5.25e-002	6.3481e-002
210	0.	0.	-5.25e-002	7.0466e-002
283	1.	0.	-9.5682e-002	1.2907e-004
284	1.	0.	-0.19136	1.17e-004
285	1.	0.	-0.28705	1.0439e-004
286	1.	0.	-0.38273	8.8072e-005
287	1.	0.	-0.47841	7.3804e-005
288	1.	0.	-0.57409	5.338e-005
289	1.	0.	-0.66977	4.1952e-005
290	1.	0.	-0.76545	3.0102e-005
291	1.	0.	-0.86114	1.993e-005
292	1.	0.	-0.95682	1.0241e-005
303	0.905	0.	-1.0525	8.4501e-006
304	0.81	0.	-1.0525	2.0322e-005
305	0.715	0.	-1.0525	2.7464e-005
306	0.62	0.	-1.0525	3.5433e-005
307	0.525	0.	-1.0525	4.3899e-005
308	0.43	0.	-1.0525	5.0571e-005
309	0.335	0.	-1.0525	5.3196e-005
310	0.24	0.	-1.0525	5.0555e-005
311	0.145	0.	-1.0525	4.3814e-005
312	5.e-002	0.	-1.0525	3.6394e-005
313	-4.5e-002	0.	-1.0525	1.8394e-005
314	-0.14	0.	-1.0525	7.4851e-006
315	-0.235	0.	-1.0525	2.0165e-005
316	-0.33	0.	-1.0525	3.5045e-005
317	-0.425	0.	-1.0525	4.6664e-005
318	-0.52	0.	-1.0525	5.1966e-005
319	-0.615	0.	-1.0525	5.3438e-005
320	-0.71	0.	-1.0525	4.7827e-005
321	-0.805	0.	-1.0525	4.4441e-005
322	-0.9	0.	-1.0525	3.4364e-005
323	-0.995	0.	-1.0525	2.6783e-005
324	-1.09	0.	-1.0525	1.9722e-005
325	-1.185	0.	-1.0525	9.9838e-006
331	-1.28	0.	-0.95682	9.8059e-006
332	-1.28	0.	-0.86114	1.9603e-005
333	-1.28	0.	-0.76545	3.187e-005
334	-1.28	0.	-0.66977	4.4901e-005
335	-1.28	0.	-0.57409	5.6865e-005
336	-1.28	0.	-0.47841	8.1105e-005
337	-1.28	0.	-0.38273	9.0491e-005
338	-1.28	0.	-0.28705	1.0459e-004
339	-1.28	0.	-0.19136	1.1956e-004
340	-1.28	0.	-9.5682e-002	1.2786e-004
346	9.0909e-002	0.	0.	3.2756e-002
347	0.18182	0.	0.	5.2988e-003
348	0.27273	0.	0.	2.3325e-003
349	0.36364	0.	0.	1.1517e-003
350	0.45455	0.	0.	6.4887e-004
351	0.54545	0.	0.	4.5019e-004
352	0.63636	0.	0.	2.832e-004
353	0.72727	0.	0.	2.1087e-004
354	0.81818	0.	0.	1.7205e-004
355	0.90909	0.	0.	1.3657e-004
356	-1.1891	0.	0.	1.3493e-004
357	-1.0982	0.	0.	1.6376e-004
358	-1.0073	0.	0.	2.102e-004
359	-0.91636	0.	0.	3.0114e-004
360	-0.82545	0.	0.	4.3971e-004
361	-0.73455	0.	0.	6.5076e-004
362	-0.64364	0.	0.	1.0829e-003
363	-0.55273	0.	0.	2.2905e-003
364	-0.46182	0.	0.	5.864e-003
365	-0.37091	0.	0.	3.3311e-002
462	0.	0.	0.	0.14915
463	-0.28	0.	0.	0.14949
468	1.	0.	-1.0525	5.426e-006
469	1.	0.	0.	1.3045e-004
470	-1.28	0.	-1.0525	5.3224e-006
471	-1.28	0.	0.	1.2963e-004
654	0.14587	0.	-0.55393	3.2179e-004
655	-0.4011	0.	-0.5425	3.0884e-004
656	-0.2746	0.	-0.29651	1.9317e-003
657	6.e-002	0.	-0.3025	1.7752e-003
658	-0.81953	0.	-0.50459	1.5814e-004
659	0.57578	0.	-0.50109	1.5257e-004
660	-0.17781	0.	-0.17552	7.3889e-003
661	0.27879	0.	-0.4031	5.1214e-004
662	-4.6614e-002	0.	-0.42316	6.7598e-004
663	-0.1091	0.	-0.72512	9.3934e-005
664	-0.5311	0.	-0.28004	1.2393e-003
665	-0.37896	0.	-0.1673	4.56e-003
666	3.2908e-002	0.	-0.16542	7.9812e-003
667	-0.49751	0.	-0.7942	8.7283e-005
668	0.2275	0.	-0.8025	8.7453e-005
669	-0.1192	0.	-0.30076	1.9175e-003
670	0.64398	0.	-0.80239	5.1175e-005
671	-0.93375	0.	-0.80024	5.3201e-005
672	0.61576	0.	-0.34364	2.1393e-004
673	-0.95152	0.	-0.17182	2.1386e-004
674	-0.21697	0.	-0.13206	1.3103e-002
675	-0.10047	0.	-8.6965e-002	2.4307e-002
676	-0.67449	0.	-0.52389	2.3124e-004
677	-0.28768	0.	-0.53642	2.994e-004
678	-0.65595	0.	-0.2534	6.9156e-004
679	-4.0909e-002	0.	-0.1775	7.7297e-003
680	0.40834	0.	-0.14784	7.7338e-004
681	0.27259	0.	-0.13222	1.5037e-003
682	-0.37364	0.	-0.78167	1.0249e-004
683	0.3549	0.	-0.74144	1.0507e-004
684	-1.125	0.	-0.4153	1.0121e-004
685	-8.3182e-002	0.	-0.53167	2.8748e-004
686	0.85333	0.	-0.55455	6.7562e-005
687	-0.30909	0.	-0.38583	8.9742e-004
688	-0.78083	0.	-0.79015	6.7061e-005
689	-0.33924	0.	-0.1181	1.0321e-002
690	-1.7974e-002	0.	-0.12355	1.9359e-002
691	0.82078	0.	-0.25408	1.2957e-004
692	6.0795e-002	0.	-0.77125	8.9816e-005
693	-0.30205	0.	-0.20547	4.345e-003
694	-0.1933	0.	-0.65397	1.5447e-004
695	-0.46091	0.	-0.41438	6.1612e-004
696	0.1677	0.	-0.16027	3.5119e-003
697	0.24391	0.	-0.31669	8.7703e-004
698	0.17636	0.	-0.41944	6.291e-004
699	-0.18957	0.	-0.89215	4.5022e-005
700	-0.25274	0.	-8.8619e-002	3.5279e-002
701	0.371	0.	-0.88792	6.3033e-005
702	-0.8909	0.	-0.3648	1.8972e-004
703	-2.502e-002	0.	-0.64436	1.6108e-004
704	-1.1152	0.	-0.80489	3.1351e-005
705	0.82843	0.	-0.80004	3.2125e-005
706	5.2273e-002	0.	-0.42347	7.0791e-004
707	-0.60758	0.	-0.40203	4.3777e-004
708	-0.60042	0.	-0.66515	1.5318e-004
709	-0.40046	0.	-0.24381	2.6842e-003
710	0.58061	0.	-0.17182	3.4182e-004
711	-0.11182	0.	-0.1775	6.3896e-003
712	-0.1667	0.	-0.12143	1.4942e-002
713	-0.53066	0.	-0.53976	2.7008e-004
714	-1.1381	0.	-0.26993	1.2228e-004
715	0.4739	0.	-0.3917	2.8791e-004
716	0.32417	0.	-0.5579	2.1356e-004
717	-3.3636e-002	0.	-0.3025	1.9628e-003
718	5.1818e-002	0.	-8.9592e-002	1.864e-002
719	-7.2727e-002	0.	-0.24	4.011e-003
720	-0.23977	0.	-0.76083	9.2786e-005
721	-0.22228	0.	-0.23061	3.8838e-003
722	-0.75167	0.	-0.37283	2.8996e-004
723	0.17375	0.	-0.6775	1.6316e-004
724	-0.4547	0.	-0.66412	1.7009e-004
725	-0.31434	0.	-0.64202	1.6955e-004
726	2.7432e-002	0.	-0.92027	3.7321e-005
727	-0.57398	0.	-0.13592	1.4806e-003
728	0.48792	0.	-0.7454	9.083e-005
729	0.7151	0.	-0.44503	1.184e-004
730	-0.82667	0.	-0.21697	3.4252e-004
731	-0.155	0.	-0.24	3.8129e-003
732	0.74542	0.	-0.66926	6.4984e-005
733	-0.70131	0.	-0.94183	5.3546e-005
734	-7.5233e-002	0.	-0.13066	1.4276e-002
735	-0.18689	0.	-0.52125	3.3614e-004
736	-0.27868	0.	-0.1414	1.4739e-002
737	0.35524	0.	-0.34461	5.4724e-004
738	-0.99093	0.	-0.49356	1.0292e-004
739	-0.39932	0.	-0.91708	5.6717e-005
740	-0.73708	0.	-0.65898	1.2853e-004
741	-0.85284	0.	-0.92987	4.4375e-005
742	0.62238	0.	-0.96215	3.4872e-005
743	-0.64417	0.	-0.79633	9.1543e-005
744	-5.7568e-002	0.	-9.0588e-002	3.5764e-002
745	0.74878	0.	-0.12238	1.9389e-004
746	-0.90405	0.	-0.65098	8.5289e-005
747	0.60561	0.	-0.64039	9.258e-005
748	2.6656e-002	0.	-0.55556	2.7935e-004
749	-0.99613	0.	-0.94199	3.1319e-005
750	-0.36051	0.	-0.31335	1.5552e-003
751	0.15606	0.	-0.95025	5.4523e-005
752	-0.20666	0.	-8.8475e-002	2.7097e-002
753	-0.6998	0.	-0.12072	7.6346e-004
754	0.87079	0.	-0.39213	9.4907e-005
755	0.39975	0.	-0.63471	1.5177e-004
756	-0.35455	0.	-0.46917	5.037e-004
757	0.43462	0.	-0.25632	4.8353e-004
758	8.8937e-003	0.	-0.23684	3.1262e-003
759	0.10337	0.	-0.22025	3.0799e-003
760	0.44501	0.	-0.52524	1.8621e-004
761	-0.51375	0.	-0.9275	5.6698e-005
762	-0.19283	0.	-0.29617	1.8684e-003
763	-1.1701	0.	-0.66591	4.8368e-005
764	-0.12266	0.	-0.12783	1.2072e-002
765	-1.0145	0.	-0.3853	1.3757e-004
766	0.1453	0.	-0.30464	1.5713e-003
767	0.72679	0.	-0.90436	2.9857e-005
768	-0.11084	0.	-0.6287	1.7329e-004
769	0.89332	0.	-0.67125	4.202e-005
770	0.25027	0.	-0.48867	3.562e-004
771	-9.5664e-002	0.	-0.37489	1.0068e-003
772	9.3182e-003	0.	-0.36298	1.1536e-003
773	-1.1709	0.	-0.11345	1.4079e-004
774	0.23524	0.	-0.5878	2.3393e-004
775	0.68503	0.	-0.55658	9.7664e-005
776	-0.28813	0.	-0.95358	4.4013e-005
777	0.85329	0.	-0.95176	1.6066e-005
778	-1.1544	0.	-0.94302	1.6612e-005
779	-6.364e-002	0.	-0.8359	5.6905e-005
780	0.88379	0.	-0.16256	1.345e-004
781	-0.23428	0.	-0.17048	7.8901e-003
782	-0.31412	0.	-7.1286e-002	4.1392e-002
783	-0.44116	0.	-0.2948	1.2567e-003
784	9.9318e-002	0.	-0.35895	1.0014e-003
785	0.31436	0.	-0.2407	1.0087e-003
786	-0.12556	0.	-0.46118	6.166e-004
787	6.5374e-002	0.	-0.65928	1.7149e-004
788	-0.38904	0.	-7.5477e-002	9.3582e-003
789	-1.0435	0.	-0.70707	5.971e-005
790	-0.24053	0.	-0.45875	5.8428e-004
791	-0.16279	0.	-0.34601	1.129e-003
792	-0.98303	0.	-0.27856	1.8466e-004
793	-0.4692	0.	-9.6172e-002	3.3444e-003
794	-0.46544	0.	-0.20113	1.9802e-003
795	-1.0227e-002	0.	-8.375e-002	4.4222e-002
796	-0.17336	0.	-7.8936e-002	2.6679e-002
797	-0.22651	0.	-0.36449	9.8266e-004
798	-0.38513	0.	-0.38692	9.0032e-004
799	-2.6705e-002	0.	-0.48479	3.9943e-004
800	-0.88848	0.	-8.5909e-002	3.032e-004
801	-1.052	0.	-0.14327	1.6922e-004
802	0.27072	0.	-0.9392	6.005e-005
803	-0.10773	0.	-0.97438	1.6335e-005
804	0.35456	0.	-0.45187	2.971e-004
805	-1.143	0.	-0.5323	7.4868e-005
806	0.73951	0.	-0.3301	1.5153e-004
807	-1.1553e-002	0.	-0.7286	1.0654e-004
808	-0.22868	0.	-0.58481	2.1698e-004
809	0.47591	0.	-6.8163e-002	6.1844e-004
810	-0.14133	0.	-8.8958e-002	2.1896e-002
811	2.5909e-002	0.	-6.2296e-002	4.721e-002
812	0.16864	0.	-8.1888e-002	4.9037e-003
813	0.20699	0.	-0.22662	1.8653e-003
814	0.28213	0.	-0.66099	1.6258e-004
815	0.50739	0.	-0.60516	1.319e-004
816	0.51338	0.	-0.91714	5.5229e-005
817	8.6136e-002	0.	-0.48798	4.6472e-004
818	-0.79201	0.	-8.7758e-002	4.8216e-004
819	-1.2067	0.	-0.35701	9.5993e-005
2576	0.	0.	-4.375e-002	8.3636e-002
2577	4.5455e-002	0.	-1.75e-002	6.7403e-002
2578	0.	0.	-1.75e-002	0.1241
2579	1.2955e-002	0.	-4.8648e-002	7.5071e-002
2629	-0.28	0.	-4.375e-002	8.4941e-002
2630	-0.32545	0.	-1.75e-002	6.6118e-002
2631	-0.28	0.	-1.75e-002	0.12199
2632	-0.29706	0.	-5.3143e-002	7.0489e-002
3239	-0.26727	0.	-5.25e-002	6.5673e-002
3240	-0.24182	0.	-5.25e-002	5.7925e-002
3241	-0.25364	0.	-7.056e-002	5.004e-002
3245	-0.26637	0.	-7.056e-002	5.2345e-002
3246	-0.29706	0.	-6.1893e-002	5.7297e-002
3249	-0.21636	0.	-5.25e-002	4.8101e-002
3250	-0.24091	0.	-7.056e-002	4.305e-002
3251	-0.21788	0.	-7.0488e-002	3.9248e-002
3254	-0.19091	0.	-5.25e-002	3.9884e-002
3255	-0.20515	0.	-7.0488e-002	3.5945e-002
3256	-0.1885	0.	-6.5718e-002	3.5067e-002
3261	-0.16545	0.	-5.25e-002	3.3093e-002
3262	-0.17577	0.	-6.5718e-002	3.1441e-002
3265	-0.14	0.	-5.25e-002	3.1602e-002
3266	-0.16304	0.	-6.5718e-002	2.85e-002
3267	-0.14703	0.	-7.0729e-002	2.6568e-002
3270	-0.11455	0.	-5.25e-002	3.4157e-002
3271	-0.11387	0.	-6.9732e-002	2.8319e-002
3272	-0.1343	0.	-7.0729e-002	2.726e-002
3274	-8.9091e-002	0.	-5.25e-002	3.8464e-002
3275	-0.10114	0.	-6.9732e-002	3.0315e-002
3278	-6.3636e-002	0.	-5.25e-002	5.1779e-002
3279	-8.8416e-002	0.	-6.9732e-002	3.2432e-002
3280	-6.6966e-002	0.	-7.1544e-002	3.8416e-002
3282	-3.8182e-002	0.	-5.25e-002	6.2799e-002
3283	-5.4238e-002	0.	-7.1544e-002	4.9445e-002
3285	-1.2727e-002	0.	-5.25e-002	6.4669e-002
3286	-4.1511e-002	0.	-7.1544e-002	4.8817e-002
3287	-1.7841e-002	0.	-6.8125e-002	5.3609e-002
3292	-5.1136e-003	0.	-6.8125e-002	5.6563e-002
3293	1.2955e-002	0.	-5.7398e-002	5.7826e-002
3759	1.	0.	-0.14352	1.2303e-004
3761	0.95455	0.	-4.7841e-002	1.3282e-004
3762	1.	0.	-4.7841e-002	1.2975e-004
3763	0.94189	0.	-0.12912	1.317e-004
3766	1.	0.	-0.2392	1.1067e-004
3767	0.94189	0.	-0.17696	1.2571e-004
3771	1.	0.	-0.33489	9.6218e-005
3772	0.91039	0.	-0.27056	1.1676e-004
3773	0.93539	0.	-0.33959	9.934e-005
3774	0.94189	0.	-0.2248	1.1944e-004
3780	1.	0.	-0.43057	8.0922e-005
3781	0.93539	0.	-0.38743	9.1271e-005
3783	1.	0.	-0.52625	6.3591e-005
3784	0.92667	0.	-0.51648	7.0277e-005
3785	0.93539	0.	-0.43527	8.4255e-005
3789	1.	0.	-0.62193	4.7664e-005
3790	0.92667	0.	-0.56432	6.0103e-005
3791	0.94666	0.	-0.62267	4.749e-005
3794	1.	0.	-0.71761	3.6009e-005
3795	0.94666	0.	-0.67051	4.182e-005
3797	1.	0.	-0.8133	2.4959e-005
3798	0.91421	0.	-0.78275	3.0324e-005
3799	0.94666	0.	-0.71835	3.6003e-005
3803	1.	0.	-0.90898	1.5024e-005
3804	0.91421	0.	-0.83059	2.5726e-005
3805	0.92665	0.	-0.90645	1.7152e-005
3810	0.9525	0.	-1.0047	8.9105e-006
3811	1.	0.	-1.0047	7.7351e-006
3812	0.92665	0.	-0.95429	1.2837e-005
3881	0.8575	0.	-1.0525	1.4319e-005
3882	0.9525	0.	-1.0525	6.8126e-006
3883	0.87915	0.	-1.0021	1.2217e-005
3886	0.7625	0.	-1.0525	2.3883e-005
3887	0.7684	0.	-0.97843	2.4854e-005
3888	0.83165	0.	-1.0021	1.7867e-005
3892	0.6675	0.	-1.0525	3.1435e-005
3893	0.66869	0.	-1.0073	3.1146e-005
3894	0.7209	0.	-0.97843	2.8263e-005
3897	0.5725	0.	-1.0525	3.9658e-005
3898	0.62119	0.	-1.0073	3.5119e-005
3902	0.4775	0.	-1.0525	4.7221e-005
3903	0.57369	0.	-1.0073	3.931e-005
3904	0.51919	0.	-0.98482	4.9419e-005
3909	0.3825	0.	-1.0525	5.1862e-005
3910	0.4005	0.	-0.97021	5.679e-005
3911	0.47169	0.	-0.98482	5.2632e-005
3914	0.2875	0.	-1.0525	5.1858e-005
3915	0.353	0.	-0.97021	5.808e-005
3916	0.30286	0.	-0.99585	5.6585e-005
3920	0.1925	0.	-1.0525	4.7176e-005
3921	0.19803	0.	-1.0014	5.2442e-005
3922	0.25536	0.	-0.99585	5.5299e-005
3926	9.75e-002	0.	-1.0525	4.0056e-005
3927	0.15053	0.	-1.0014	4.9114e-005
3929	2.5e-003	0.	-1.0525	2.6656e-005
3930	3.8716e-002	0.	-0.98639	3.6459e-005
3931	0.10303	0.	-1.0014	4.5454e-005
3934	-9.25e-002	0.	-1.0525	1.0614e-005
3935	-8.7841e-003	0.	-0.98639	2.7718e-005
3936	-7.6364e-002	0.	-1.0134	1.5943e-005
3940	-0.1875	0.	-1.0525	1.3415e-005
3941	-0.12386	0.	-1.0134	1.1518e-005
3943	-0.2825	0.	-1.0525	2.7223e-005
3944	-0.21228	0.	-0.97233	3.0415e-005
3945	-0.26157	0.	-1.003	3.2084e-005
3946	-0.17136	0.	-1.0134	1.5565e-005
3950	-0.3775	0.	-1.0525	4.0783e-005
3951	-0.36466	0.	-0.98479	4.5838e-005
3952	-0.30907	0.	-1.003	3.8823e-005
3957	-0.4725	0.	-1.0525	4.9279e-005
3958	-0.41216	0.	-0.98479	5.1412e-005
3959	-0.46937	0.	-0.99	5.1671e-005
3962	-0.5675	0.	-1.0525	5.2694e-005
3963	-0.51687	0.	-0.99	5.4319e-005
3967	-0.6625	0.	-1.0525	5.0616e-005
3968	-0.65815	0.	-0.99716	5.3424e-005
3969	-0.56437	0.	-0.99	5.5024e-005
3973	-0.7575	0.	-1.0525	4.6132e-005
3974	-0.70565	0.	-0.99716	5.0665e-005
3977	-0.8525	0.	-1.0525	3.9385e-005
3978	-0.75315	0.	-0.99716	4.8983e-005
3979	-0.82892	0.	-0.99118	4.4244e-005
3981	-0.9475	0.	-1.0525	3.057e-005
3982	-0.87642	0.	-0.99118	3.9307e-005
3983	-0.94806	0.	-0.99725	3.257e-005
3988	-1.0425	0.	-1.0525	2.3205e-005
3989	-0.99556	0.	-0.99725	2.8851e-005
3991	-1.1375	0.	-1.0525	1.4778e-005
3992	-1.0431	0.	-0.99725	2.5485e-005
3993	-1.1222	0.	-0.99776	1.764e-005
3998	-1.2325	0.	-1.0047	9.3748e-006
3999	-1.2325	0.	-1.0525	7.5586e-006
4000	-1.1697	0.	-0.99776	1.3148e-005
4031	-1.28	0.	-0.90898	1.4657e-005
4032	-1.28	0.	-1.0047	7.4535e-006
4033	-1.2172	0.	-0.94992	1.2994e-005
4037	-1.28	0.	-0.8133	2.5721e-005
4038	-1.1976	0.	-0.83301	2.5116e-005
4039	-1.2172	0.	-0.90208	1.7515e-005
4043	-1.28	0.	-0.71761	3.8344e-005
4044	-1.1976	0.	-0.78517	3.0923e-005
4045	-1.2251	0.	-0.71568	4.0054e-005
4050	-1.28	0.	-0.62193	5.087e-005
4051	-1.2251	0.	-0.66784	4.638e-005
4053	-1.28	0.	-0.52625	6.8964e-005
4054	-1.2251	0.	-0.62	5.244e-005
4055	-1.2115	0.	-0.55319	6.5589e-005
4059	-1.28	0.	-0.43057	8.5734e-005
4060	-1.2025	0.	-0.44686	9.0745e-005
4061	-1.2115	0.	-0.50535	7.749e-005
4062	-1.2433	0.	-0.41771	8.8541e-005
4066	-1.28	0.	-0.33489	9.7534e-005
4067	-1.2433	0.	-0.36987	9.3212e-005
4069	-1.28	0.	-0.2392	1.1206e-004
4070	-1.2091	0.	-0.27849	1.1332e-004
4071	-1.2433	0.	-0.32203	1.0028e-004
4075	-1.28	0.	-0.14352	1.237e-004
4076	-1.2091	0.	-0.23065	1.2067e-004
4077	-1.2255	0.	-0.15241	1.3014e-004
4080	-1.2345	0.	-4.7841e-002	1.3139e-004
4081	-1.28	0.	-4.7841e-002	1.2873e-004
4082	-1.2255	0.	-0.10457	1.3428e-004
4121	0.13636	0.	0.	1.8917e-002
4122	4.5455e-002	0.	0.	9.0833e-002
4126	7.1364e-002	0.	-4.4796e-002	2.4116e-002
4127	5.8409e-002	0.	-3.1148e-002	3.8461e-002
4128	0.12977	0.	-4.0944e-002	1.8786e-002
4139	0.22727	0.	0.	3.8008e-003
4142	0.17523	0.	-4.0944e-002	4.935e-003
4146	0.31818	0.	0.	1.7402e-003
4149	0.27266	0.	-6.6112e-002	1.88e-003
4150	0.22068	0.	-4.0944e-002	3.5727e-003
4157	0.40909	0.	0.	8.9816e-004
4160	0.38599	0.	-7.392e-002	9.5483e-004
4161	0.31812	0.	-6.6112e-002	1.3032e-003
4162	0.41977	0.	-3.4081e-002	8.8466e-004
4166	0.5	0.	0.	5.4855e-004
4168	0.46523	0.	-3.4081e-002	6.3261e-004
4171	0.59091	0.	0.	3.663e-004
4174	0.56303	0.	-8.5909e-002	3.9352e-004
4175	0.51068	0.	-3.4081e-002	5.337e-004
4178	0.68182	0.	0.	2.4664e-004
4181	0.60848	0.	-8.5909e-002	3.1073e-004
4182	0.69257	0.	-6.119e-002	2.3845e-004
4187	0.77273	0.	0.	1.9135e-004
4189	0.73803	0.	-6.119e-002	2.0191e-004
4191	0.86364	0.	0.	1.5427e-004
4194	0.78348	0.	-6.119e-002	1.828e-004
4195	0.85098	0.	-8.1278e-002	1.5323e-004
4200	0.95455	0.	0.	1.335e-004
4202	0.89644	0.	-8.1278e-002	1.3543e-004
4206	-1.1436	0.	0.	1.4931e-004
4208	-1.2345	0.	0.	1.3228e-004
4210	-1.18	0.	-5.6726e-002	1.3778e-004
4214	-1.0527	0.	0.	1.8691e-004
4217	-1.1346	0.	-5.6726e-002	1.5222e-004
4218	-1.0751	0.	-7.1634e-002	1.661e-004
4225	-0.96182	0.	0.	2.554e-004
4227	-0.97939	0.	-8.5909e-002	2.1114e-004
4228	-0.94788	0.	-4.2955e-002	2.5643e-004
4229	-1.0296	0.	-7.1634e-002	1.8951e-004
4232	-0.87091	0.	0.	3.7034e-004
4235	-0.90242	0.	-4.2955e-002	3.014e-004
4239	-0.78	0.	0.	5.45e-004
4242	-0.85697	0.	-4.2955e-002	3.7098e-004
4243	-0.80873	0.	-4.3879e-002	4.6016e-004
4247	-0.68909	0.	0.	8.6641e-004
4249	-0.71717	0.	-6.036e-002	7.0245e-004
4250	-0.76328	0.	-4.3879e-002	5.6551e-004
4252	-0.59818	0.	0.	1.6832e-003
4256	-0.60881	0.	-6.7961e-002	1.2614e-003
4257	-0.67172	0.	-6.036e-002	9.1981e-004
4261	-0.50727	0.	0.	4.0764e-003
4264	-0.56335	0.	-6.7961e-002	1.8653e-003
4265	-0.51097	0.	-4.8086e-002	2.7795e-003
4270	-0.41636	0.	0.	1.9584e-002
4273	-0.42543	0.	-3.7739e-002	7.4663e-003
4274	-0.46551	0.	-4.8086e-002	4.5592e-003
4279	-0.32545	0.	0.	9.1185e-002
4282	-0.34251	0.	-3.5643e-002	3.5357e-002
4283	-0.37998	0.	-3.7739e-002	2.111e-002
5894	0.16112	0.	-0.48669	4.7241e-004
5895	0.15981	0.	-0.61572	2.4242e-004
5896	8.6262e-002	0.	-0.55475	2.918e-004
5897	0.19807	0.	-0.5213	3.3368e-004
5898	0.19055	0.	-0.57087	2.7622e-004
5899	0.10562	0.	-0.60661	2.4179e-004
5900	0.116	0.	-0.52096	3.9195e-004
5906	-0.34439	0.	-0.53946	2.9486e-004
5907	-0.431	0.	-0.47844	4.5495e-004
5908	-0.46588	0.	-0.54113	2.8644e-004
5909	-0.4279	0.	-0.60331	2.3939e-004
5910	-0.35772	0.	-0.59226	2.3388e-004
5911	-0.37782	0.	-0.50583	4.0598e-004
5914	-0.29185	0.	-0.34117	1.4137e-003
5915	-0.28832	0.	-0.25099	3.094e-003
5916	-0.24844	0.	-0.26356	2.8868e-003
5917	-0.31756	0.	-0.30493	1.7041e-003
5918	-0.23372	0.	-0.29634	1.7989e-003
5919	-0.25056	0.	-0.3305	1.4131e-003
5923	1.3182e-002	0.	-0.3025	1.7762e-003
5924	3.4447e-002	0.	-0.26967	2.4458e-003
5925	8.1687e-002	0.	-0.26138	2.3758e-003
5926	0.10265	0.	-0.30357	1.6469e-003
5927	3.4659e-002	0.	-0.33274	1.4408e-003
5928	7.9659e-002	0.	-0.33073	1.3883e-003
5931	-0.74701	0.	-0.51424	1.9319e-004
5932	-0.85521	0.	-0.43469	1.7208e-004
5933	-0.7856	0.	-0.43871	2.2364e-004
5934	-0.90523	0.	-0.49907	1.2933e-004
5935	-0.77831	0.	-0.58178	1.4194e-004
5936	-0.86179	0.	-0.57778	1.2151e-004
5943	0.59577	0.	-0.42237	1.8193e-004
5944	0.52484	0.	-0.4464	2.202e-004
5945	0.64544	0.	-0.47306	1.3447e-004
5946	0.5907	0.	-0.57074	1.2241e-004
5947	0.5104	0.	-0.51317	1.6818e-004
5948	0.6304	0.	-0.52884	1.2494e-004
5949	0.54159	0.	-0.55313	1.4146e-004
5953	-0.19739	0.	-0.15379	9.9349e-003
5954	-0.14481	0.	-0.17651	6.2896e-003
5955	-0.17226	0.	-0.14847	1.1154e-002
5956	-0.20005	0.	-0.20307	5.5613e-003
5957	-0.16641	0.	-0.20776	5.5623e-003
5958	-0.15024	0.	-0.15168	9.1115e-003
5959	-0.20605	0.	-0.173	7.239e-003
5963	0.26135	0.	-0.35989	6.9108e-004
5964	0.22758	0.	-0.41127	5.6589e-004
5965	0.31702	0.	-0.37386	5.234e-004
5966	0.26453	0.	-0.44588	4.331e-004
5967	0.31668	0.	-0.42748	4.0383e-004
5971	2.8292e-003	0.	-0.42332	6.7565e-004
5972	-7.1139e-002	0.	-0.39903	8.3671e-004
5973	-1.8648e-002	0.	-0.39307	9.0222e-004
5974	-8.6086e-002	0.	-0.44217	6.1245e-004
5975	-3.6659e-002	0.	-0.45398	5.3763e-004
5980	-0.1512	0.	-0.68954	1.2059e-004
5981	-0.14933	0.	-0.80864	6.8394e-005
5982	-6.706e-002	0.	-0.68474	1.2443e-004
5983	-0.17444	0.	-0.74298	8.7859e-005
5984	-0.10997	0.	-0.67691	1.3359e-004
5985	-8.6369e-002	0.	-0.78051	7.3807e-005
5986	-6.0326e-002	0.	-0.72686	9.6587e-005
5989	-0.59352	0.	-0.26672	9.5688e-004
5990	-0.496	0.	-0.34721	9.0451e-004
5991	-0.56934	0.	-0.34103	8.3694e-004
5992	-0.55254	0.	-0.20798	1.3175e-003
5993	-0.48613	0.	-0.28742	1.2315e-003
5994	-0.49827	0.	-0.24059	1.6084e-003
5998	-0.3591	0.	-0.1427	7.4271e-003
5999	-0.3405	0.	-0.18638	4.1683e-003
6000	-0.38971	0.	-0.20555	3.5657e-003
6001	-0.384	0.	-0.12139	6.8391e-003
6002	-0.42408	0.	-0.13174	3.8305e-003
6003	-0.4222	0.	-0.18422	3.2673e-003
6009	-4.0007e-003	0.	-0.17146	7.5249e-003
6010	7.4671e-003	0.	-0.14449	1.3584e-002
6011	0.1003	0.	-0.16284	5.5619e-003
6012	4.2363e-002	0.	-0.12751	1.3003e-002
6013	2.0901e-002	0.	-0.20113	5.4762e-003
6014	6.8141e-002	0.	-0.19284	5.5091e-003
6021	-0.43557	0.	-0.78794	9.3657e-005
6022	-0.54896	0.	-0.72968	1.1935e-004
6023	-0.47611	0.	-0.72916	1.2852e-004
6024	-0.44841	0.	-0.85564	7.1596e-005
6025	-0.57084	0.	-0.79527	8.8496e-005
6026	-0.50563	0.	-0.86085	7.1975e-005
6030	0.2912	0.	-0.77197	9.5415e-005
6031	0.14415	0.	-0.78688	8.6825e-005
6032	0.29925	0.	-0.84521	7.4909e-005
6033	0.20063	0.	-0.74	1.2523e-004
6034	0.19178	0.	-0.87638	7.0965e-005
6035	0.24911	0.	-0.87085	7.3725e-005
6036	0.25481	0.	-0.73174	1.2431e-004
6040	-7.642e-002	0.	-0.30163	1.8516e-003
6041	-9.5966e-002	0.	-0.27038	2.8937e-003
6042	-0.1371	0.	-0.27038	2.8056e-003
6043	-0.15602	0.	-0.29847	1.8018e-003
6044	-0.10743	0.	-0.33783	1.444e-003
6045	-0.141	0.	-0.32339	1.513e-003
6048	0.7362	0.	-0.80121	4.0966e-005
6049	0.56595	0.	-0.77389	7.0767e-005
6050	0.6947	0.	-0.73582	5.7341e-005
6051	0.63318	0.	-0.88227	4.2526e-005
6052	0.6248	0.	-0.72139	7.1718e-005
6053	0.68538	0.	-0.85337	4.0508e-005
6054	0.57868	0.	-0.85976	5.2671e-005
6058	-0.85729	0.	-0.7952	5.9905e-005
6059	-1.0245	0.	-0.80257	4.1609e-005
6060	-0.8933	0.	-0.86505	4.8142e-005
6061	-0.9189	0.	-0.72561	6.9093e-005
6062	-0.96494	0.	-0.87112	4.2093e-005
6063	-0.98861	0.	-0.75365	5.5794e-005
6067	0.59818	0.	-0.25773	2.7546e-004
6068	0.54483	0.	-0.36767	2.4909e-004
6069	0.66543	0.	-0.39433	1.6616e-004
6070	0.52519	0.	-0.29998	3.4832e-004
6071	0.67763	0.	-0.33687	1.8204e-004
6075	-0.88909	0.	-0.1944	2.7713e-004
6076	-0.96727	0.	-0.22519	1.9895e-004
6077	-0.92	0.	-0.12886	2.5808e-004
6078	-1.0017	0.	-0.15754	1.9132e-004
6083	-0.23486	0.	-0.11034	2.3676e-002
6084	-0.19184	0.	-0.12674	1.3375e-002
6085	-0.24783	0.	-0.13673	1.3208e-002
6086	-0.21182	0.	-0.11027	2.0087e-002
6087	-0.22563	0.	-0.15127	1.0473e-002
6091	-8.7851e-002	0.	-0.10881	1.904e-002
6092	-7.9018e-002	0.	-8.8777e-002	2.9023e-002
6093	-0.11156	0.	-0.1074	1.8063e-002
6094	-0.1209	0.	-8.7962e-002	2.2345e-002
6099	-0.64103	0.	-0.46296	3.3412e-004
6100	-0.63745	0.	-0.59452	1.899e-004
6101	-0.60258	0.	-0.53183	2.4515e-004
6102	-0.71308	0.	-0.44836	2.5609e-004
6103	-0.70579	0.	-0.59143	1.7984e-004
6106	-0.30101	0.	-0.58922	2.3438e-004
6107	-0.23729	0.	-0.52883	3.0548e-004
6108	-0.32111	0.	-0.50279	3.9334e-004
6109	-0.26411	0.	-0.49758	4.4081e-004
6110	-0.25818	0.	-0.56061	2.5154e-004
6114	-0.63176	0.	-0.32771	5.5358e-004
6115	-0.70381	0.	-0.31311	4.9051e-004
6116	-0.61496	0.	-0.19466	1.0798e-003
6117	-0.74131	0.	-0.23518	5.1325e-004
6118	-0.67787	0.	-0.18706	7.1131e-004
6125	-2.9441e-002	0.	-0.15053	1.3389e-002
6126	-7.6364e-002	0.	-0.1775	6.6048e-003
6127	-5.6818e-002	0.	-0.20875	5.7541e-003
6128	-5.8071e-002	0.	-0.15408	1.0929e-002
6129	-1.6008e-002	0.	-0.20717	5.3991e-003
6133	0.34047	0.	-0.14003	1.1354e-003
6134	0.49447	0.	-0.15983	5.5714e-004
6135	0.42148	0.	-0.20208	6.2222e-004
6136	0.36135	0.	-0.19427	8.7529e-004
6137	0.44212	0.	-0.108	6.9008e-004
6143	0.22015	0.	-0.14625	2.4651e-003
6144	0.29348	0.	-0.18646	1.2477e-003
6145	0.22062	0.	-0.10706	3.1974e-003
6146	0.23979	0.	-0.17942	1.6421e-003
6150	-0.3067	0.	-0.77125	9.2786e-005
6151	-0.41417	0.	-0.7229	1.3543e-004
6152	-0.34399	0.	-0.71185	1.3488e-004
6153	-0.38648	0.	-0.84938	7.9457e-005
6154	-0.33088	0.	-0.86762	7.2996e-005
6160	0.36295	0.	-0.81468	8.3984e-005
6161	0.42141	0.	-0.74342	9.7367e-005
6162	0.37732	0.	-0.68807	1.2773e-004
6163	0.31851	0.	-0.70121	1.3379e-004
6168	-1.1316	0.	-0.34262	1.1142e-004
6169	-1.058	0.	-0.45443	1.011e-004
6170	-1.0698	0.	-0.4003	1.1923e-004
6171	-1.134	0.	-0.4738	8.798e-005
6172	-1.1658	0.	-0.38616	9.8037e-005
6175	-5.4101e-002	0.	-0.58801	2.2198e-004
6176	-0.13504	0.	-0.52646	2.9771e-004
6177	-2.8263e-002	0.	-0.54362	2.7006e-004
6178	-9.7012e-002	0.	-0.58018	2.2943e-004
6179	-0.10437	0.	-0.49642	4.4949e-004
6180	-5.4943e-002	0.	-0.50823	3.3569e-004
6184	0.78422	0.	-0.49979	9.2576e-005
6185	0.79937	0.	-0.6119	6.5219e-005
6186	0.86206	0.	-0.47334	8.1102e-005
6187	0.87333	0.	-0.6129	5.4774e-005
6188	0.76918	0.	-0.55556	8.1521e-005
6193	-0.3348	0.	-0.34959	1.208e-003
6194	-0.33182	0.	-0.4275	6.9935e-004
6195	-0.27481	0.	-0.42229	7.2344e-004
6196	-0.2678	0.	-0.37516	8.9922e-004
6197	-0.34711	0.	-0.38638	8.8203e-004
6201	-0.74107	0.	-0.86599	5.9699e-005
6202	-0.75896	0.	-0.72456	9.7766e-005
6203	-0.81684	0.	-0.86001	5.556e-005
6204	-0.7125	0.	-0.79324	7.8961e-005
6205	-0.84244	0.	-0.72056	7.5336e-005
6209	-0.32064	0.	-0.16179	7.0514e-003
6210	-0.30896	0.	-0.12975	1.2274e-002
6211	-0.32668	0.	-9.4695e-002	2.5778e-002
6212	-0.36414	0.	-9.679e-002	9.5394e-003
6217	1.6922e-002	0.	-0.10657	1.7791e-002
6218	-4.6603e-002	0.	-0.12711	1.6136e-002
6219	-3.7771e-002	0.	-0.10707	2.7098e-002
6220	-1.41e-002	0.	-0.10365	3.1677e-002
6224	0.78478	0.	-0.18823	1.6159e-004
6225	0.84578	0.	-0.32311	1.122e-004
6226	0.85229	0.	-0.20832	1.3179e-004
6227	0.78015	0.	-0.29209	1.4001e-004
6232	0.11727	0.	-0.72438	1.2491e-004
6233	4.4114e-002	0.	-0.84576	6.3548e-005
6234	0.10843	0.	-0.86075	7.1096e-005
6235	-1.4221e-003	0.	-0.80357	7.1552e-005
6236	6.3085e-002	0.	-0.71527	1.3063e-004
6237	2.4621e-002	0.	-0.74993	9.6758e-005
6242	-0.35125	0.	-0.22464	3.463e-003
6243	-0.26216	0.	-0.21804	3.9193e-003
6244	-0.29036	0.	-0.17344	9.5083e-003
6245	-0.33128	0.	-0.25941	2.9489e-003
6246	-0.26816	0.	-0.18797	6.048e-003
6251	-0.21654	0.	-0.7074	1.2309e-004
6252	-0.25382	0.	-0.648	1.5563e-004
6253	-0.15207	0.	-0.64133	1.5945e-004
6254	-0.21099	0.	-0.61939	1.8562e-004
6258	-0.53424	0.	-0.4082	5.195e-004
6259	-0.49579	0.	-0.47707	4.4269e-004
6260	-0.40773	0.	-0.44177	5.4542e-004
6261	-0.45104	0.	-0.35459	9.3408e-004
6262	-0.42302	0.	-0.40065	7.5428e-004
6267	0.10976	0.	-0.12493	1.1068e-002
6268	0.13554	0.	-0.19026	3.2435e-003
6269	0.16817	0.	-0.12108	4.0988e-003
6270	0.18735	0.	-0.19344	2.6865e-003
6274	0.21013	0.	-0.36806	7.3361e-004
6275	0.29957	0.	-0.33065	7.108e-004
6276	0.1946	0.	-0.31066	1.2096e-003
6277	0.27913	0.	-0.27869	9.3374e-004
6278	0.22545	0.	-0.27165	1.3698e-003
6284	0.11432	0.	-0.42145	6.4919e-004
6285	0.16083	0.	-0.36204	1.0977e-003
6286	0.21331	0.	-0.45405	4.9189e-004
6287	0.13784	0.	-0.3892	8.1154e-004
6288	0.13125	0.	-0.45371	5.3639e-004
6292	-0.21467	0.	-0.82649	6.8169e-005
6293	-0.23885	0.	-0.92287	4.1302e-005
6294	-0.1266	0.	-0.86402	4.6958e-005
6295	-0.14865	0.	-0.93326	3.0388e-005
6301	-0.26571	0.	-0.11501	2.4924e-002
6302	-0.2297	0.	-8.8547e-002	3.0127e-002
6303	-0.28343	0.	-7.9953e-002	3.5473e-002
6308	0.42946	0.	-0.81666	7.6129e-005
6309	0.32086	0.	-0.91356	6.1398e-005
6310	0.44219	0.	-0.90253	5.889e-005
6316	-0.82128	0.	-0.36881	2.3903e-004
6317	-0.85878	0.	-0.29089	2.6543e-004
6318	-0.94091	0.	-0.42918	1.4624e-004
6319	-0.95272	0.	-0.37505	1.6305e-004
6320	-0.93696	0.	-0.32168	1.8599e-004
6324	8.1806e-004	0.	-0.59996	2.1765e-004
6325	-6.7931e-002	0.	-0.63653	1.6227e-004
6326	2.0177e-002	0.	-0.65182	1.632e-004
6327	-1.8286e-002	0.	-0.68648	1.3369e-004
6331	-1.0557	0.	-0.87344	3.0163e-005
6332	-1.1427	0.	-0.7354	3.9415e-005
6333	-1.1348	0.	-0.87396	2.3901e-005
6334	-1.0793	0.	-0.75598	4.551e-005
6339	0.78692	0.	-0.73465	4.8532e-005
6340	0.77761	0.	-0.8522	3.0344e-005
6341	0.86088	0.	-0.73565	3.6557e-005
6342	0.84086	0.	-0.8759	2.3842e-005
6345	3.0795e-002	0.	-0.39323	9.2947e-004
6346	7.5795e-002	0.	-0.39121	8.4614e-004
6347	1.2784e-002	0.	-0.45413	5.422e-004
6348	6.9205e-002	0.	-0.45573	5.8574e-004
6352	-0.56912	0.	-0.47089	3.4607e-004
6353	-0.67962	0.	-0.38743	3.5869e-004
6358	-0.56554	0.	-0.60246	2.1125e-004
6359	-0.52756	0.	-0.66464	1.5922e-004
6360	-0.66875	0.	-0.66206	1.3947e-004
6361	-0.62229	0.	-0.73074	1.2226e-004
6364	-0.38049	0.	-0.27858	2.099e-003
6365	-0.42081	0.	-0.2693	1.969e-003
6366	-0.43295	0.	-0.22247	2.2861e-003
6370	0.66469	0.	-0.1471	2.6703e-004
6371	0.50761	0.	-0.21407	4.0563e-004
6372	0.66006	0.	-0.25096	2.4638e-004
6373	0.52826	0.	-0.11999	4.7847e-004
6379	-9.2273e-002	0.	-0.20875	5.1433e-003
6380	-0.13341	0.	-0.20875	4.8909e-003
6381	-9.3526e-002	0.	-0.15408	1.0078e-002
6382	-0.11724	0.	-0.15267	9.2194e-003
6386	-0.18668	0.	-0.10495	2.0291e-002
6387	-0.14468	0.	-0.12463	1.2822e-002
6388	-0.17003	0.	-0.10018	2.0745e-002
6389	-0.15402	0.	-0.10519	1.81e-002
6394	-0.49268	0.	-0.60194	2.1842e-004
6400	-1.0763	0.	-0.32762	1.2909e-004
6401	-1.1545	0.	-0.19169	1.3137e-004
6402	-1.0606	0.	-0.27425	1.529e-004
6403	-1.095	0.	-0.2066	1.4574e-004
6404	-1.1724	0.	-0.31347	1.0908e-004
6408	0.41457	0.	-0.36815	4.1691e-004
6409	0.45426	0.	-0.32401	3.8486e-004
6410	0.45945	0.	-0.45847	2.3533e-004
6411	0.41423	0.	-0.42178	2.8932e-004
6416	0.36196	0.	-0.5963	1.8255e-004
6417	0.38459	0.	-0.54157	1.9819e-004
6418	0.28722	0.	-0.52328	2.8469e-004
6419	0.2797	0.	-0.57285	2.2239e-004
6420	0.33936	0.	-0.50488	2.5402e-004
6421	0.30315	0.	-0.60944	1.8736e-004
6424	-5.3182e-002	0.	-0.27125	2.9806e-003
6425	-1.2371e-002	0.	-0.26967	2.4684e-003
6426	-6.465e-002	0.	-0.33869	1.4718e-003
6427	-1.2159e-002	0.	-0.33274	1.5447e-003
6432	2.0795e-002	0.	-8.6671e-002	3.0502e-002
6433	3.8864e-002	0.	-7.5944e-002	3.2799e-002
6434	0.11023	0.	-8.574e-002	1.1496e-002
6442	-0.11386	0.	-0.24	3.522e-003
6443	-3.1917e-002	0.	-0.23842	3.3888e-003
6447	-0.27706	0.	-0.70143	1.291e-004
6448	-0.26395	0.	-0.85721	6.6875e-005
6452	-0.18864	0.	-0.2353	3.6817e-003
6453	-0.20756	0.	-0.26339	2.8257e-003
6454	-0.22828	0.	-0.20054	5.8255e-003
6457	-0.78917	0.	-0.2949	3.1233e-004
6462	0.20449	0.	-0.63265	1.9694e-004
6463	0.11956	0.	-0.66839	1.6443e-004
6464	0.22794	0.	-0.66924	1.6108e-004
6469	-0.38452	0.	-0.65307	1.6487e-004
6472	-0.27151	0.	-0.61342	1.8705e-004
6476	9.1748e-002	0.	-0.93526	4.5423e-005
6477	-1.8104e-002	0.	-0.87808	4.564e-005
6478	-4.0148e-002	0.	-0.94732	2.4018e-005
6483	-0.63689	0.	-0.12832	1.1173e-003
6484	-0.52159	0.	-0.11605	2.4113e-003
6485	-0.51971	0.	-0.16853	1.673e-003
6490	0.54677	0.	-0.69289	9.0628e-005
6491	0.44383	0.	-0.69005	1.2126e-004
6492	0.49765	0.	-0.67528	1.1078e-004
6493	0.50065	0.	-0.83127	7.292e-005
6497	0.79294	0.	-0.41858	1.0539e-004
6498	0.70006	0.	-0.50081	1.0775e-004
6499	0.7273	0.	-0.38756	1.3447e-004
6504	-0.76323	0.	-0.16885	5.5122e-004
6505	-0.90485	0.	-0.24777	2.6334e-004
6506	-0.85758	0.	-0.15144	3.1944e-004
6507	-0.80934	0.	-0.15237	4.0851e-004
6512	-0.17392	0.	-0.26809	2.8293e-003
6517	0.67552	0.	-0.65482	7.8427e-005
6518	0.81937	0.	-0.67026	5.2519e-005
6519	0.71522	0.	-0.61292	8.1292e-005
6525	-0.77707	0.	-0.93585	4.8854e-005
6526	-0.67274	0.	-0.86908	7.2437e-005
6527	-0.60753	0.	-0.93466	5.4901e-005
6532	-6.64e-002	0.	-0.11062	2.4919e-002
6533	-9.8947e-002	0.	-0.12925	1.2618e-002
6537	-0.14887	0.	-0.57498	2.4975e-004
6538	-0.15623	0.	-0.49121	4.6865e-004
6539	-0.21371	0.	-0.49	4.5109e-004
6540	-0.20779	0.	-0.55303	2.7614e-004
6546	-0.25648	0.	-0.15594	1.0986e-002
6547	-0.2964	0.	-0.10634	2.7092e-002
6552	0.39493	0.	-0.30046	5.112e-004
6553	0.3348	0.	-0.29265	7.7555e-004
6554	0.3549	0.	-0.39824	4.2058e-004
6557	-0.94749	0.	-0.57227	9.3069e-005
6558	-1.0027	0.	-0.43943	1.196e-004
6559	-1.0172	0.	-0.60031	8.1199e-005
6560	-1.067	0.	-0.51293	8.8242e-005
6563	-0.45653	0.	-0.92229	5.6352e-005
6564	-0.34373	0.	-0.93533	4.984e-005
6568	-0.69063	0.	-0.72765	1.0926e-004
6569	-0.82057	0.	-0.65498	1.0614e-004
6572	-0.92448	0.	-0.93593	3.7752e-005
6577	0.67458	0.	-0.93326	3.2067e-005
6578	0.56788	0.	-0.93965	4.5043e-005
6582	-0.57896	0.	-0.86191	7.3428e-005
6588	-3.3898e-002	0.	-8.7169e-002	3.8409e-002
6595	0.81628	0.	-0.14247	1.6415e-004
6596	0.74414	0.	-0.22624	1.7127e-004
6601	-0.97376	0.	-0.67902	7.2161e-005
6604	0.64532	0.	-0.59849	9.4589e-005
6605	0.5565	0.	-0.62277	1.1204e-004
6608	4.6015e-002	0.	-0.60742	2.2529e-004
6609	-2.4062e-005	0.	-0.52018	3.3798e-004
6610	5.6396e-002	0.	-0.52177	3.6731e-004
6614	-1.0753	0.	-0.94251	2.3569e-005
6620	-0.40084	0.	-0.30407	1.3822e-003
6621	-0.37282	0.	-0.35013	1.2269e-003
6626	0.21339	0.	-0.94473	5.7211e-005
6631	-0.19001	0.	-8.3705e-002	2.6383e-002
6636	-0.74591	0.	-0.10424	6.2186e-004
6641	0.80515	0.	-0.36112	1.2294e-004
6647	0.42238	0.	-0.57997	1.6821e-004
6648	0.34094	0.	-0.64785	1.5598e-004
6649	0.45357	0.	-0.61993	1.4082e-004
6651	-0.29754	0.	-0.46396	5.2266e-004
6652	-0.36984	0.	-0.42804	6.9594e-004
6657	0.37449	0.	-0.24851	7.4546e-004
6661	5.6134e-002	0.	-0.22855	2.982e-003
6665	0.12434	0.	-0.26245	2.3241e-003
6666	0.15518	0.	-0.22343	2.4443e-003
6670	0.39979	0.	-0.48855	2.4141e-004
6671	0.4762	0.	-0.5652	1.589e-004
6678	-0.17781	0.	-0.32109	1.473e-003
6679	-0.20967	0.	-0.33033	1.4225e-003
6684	-1.1068	0.	-0.68649	5.3148e-005
6685	-1.1566	0.	-0.5991	6.1613e-005
6690	-0.13199	0.	-0.1084	1.6849e-002
6695	-0.99879	0.	-0.33193	1.6103e-004
6700	0.12231	0.	-0.3318	1.2689e-003
6701	0.17615	0.	-0.26563	1.6861e-003
6707	0.79004	0.	-0.92806	2.2931e-005
6712	-0.16976	0.	-0.60676	1.8861e-004
6722	0.24275	0.	-0.53823	2.9422e-004
6723	0.30241	0.	-0.47027	3.2366e-004
6727	-4.3173e-002	0.	-0.36894	1.0406e-003
6728	-0.11061	0.	-0.41803	7.9304e-004
6729	-0.12923	0.	-0.36045	1.0249e-003
6733	5.4318e-002	0.	-0.36097	1.0576e-003
6735	-1.1114	0.	-0.12836	1.5487e-004
6740	0.25868	0.	-0.62439	1.9815e-004
6755	-8.5683e-002	0.	-0.90514	3.5838e-005
6756	-3.7596e-002	0.	-0.78225	8.16e-005
6769	-0.35158	0.	-7.3382e-002	2.5191e-002
6778	-0.4533	0.	-0.24796	1.598e-003
6779	-0.41315	0.	-0.34086	1.0624e-003
6786	0.26068	0.	-0.23366	1.4294e-003
6789	-0.18304	0.	-0.45996	5.5406e-004
6790	-0.14418	0.	-0.4036	8.7117e-004
6791	-0.17603	0.	-0.41283	7.6075e-004
6792	-7.6131e-002	0.	-0.47299	4.819e-004
6797	2.6911e-002	0.	-0.69394	1.3754e-004
6801	-0.42912	0.	-8.5824e-002	6.3434e-003
6806	-1.0932	0.	-0.61968	6.6271e-005
6811	-0.23352	0.	-0.41162	7.8146e-004
6815	-0.19465	0.	-0.35525	1.021e-003
6817	-1.0175	0.	-0.21091	1.7608e-004
6820	-0.46732	0.	-0.14865	2.587e-003
6827	7.8409e-003	0.	-7.3023e-002	4.2866e-002
6832	-0.15734	0.	-8.3947e-002	2.34e-002
6840	2.9716e-002	0.	-0.48639	4.1811e-004
6844	-0.84025	0.	-8.6834e-002	3.9264e-004
1	0.	0.	5.25e-002	6.8627e-002
2	-2.5455e-002	0.	5.25e-002	6.6781e-002
3	-5.0909e-002	0.	5.25e-002	5.4673e-002
4	-7.6364e-002	0.	5.25e-002	4.0699e-002
5	-0.10182	0.	5.25e-002	3.5861e-002
6	-0.12727	0.	5.25e-002	3.2366e-002
7	-0.15273	0.	5.25e-002	3.2132e-002
8	-0.17818	0.	5.25e-002	3.6289e-002
9	-0.20364	0.	5.25e-002	5.014e-002
10	-0.22909	0.	5.25e-002	5.2716e-002
11	-0.25455	0.	5.25e-002	6.9545e-002
12	-0.28	0.	5.25e-002	6.5009e-002
13	-0.28	0.	3.5e-002	9.1357e-002
23	0.	0.	3.5e-002	9.7331e-002
346	9.0909e-002	0.	0.	3.3084e-002
347	0.18182	0.	0.	5.3469e-003
348	0.27273	0.	0.	2.1604e-003
349	0.36364	0.	0.	1.0858e-003
350	0.45455	0.	0.	6.5888e-004
351	0.54545	0.	0.	4.1008e-004
352	0.63636	0.	0.	2.9189e-004
353	0.72727	0.	0.	2.091e-004
354	0.81818	0.	0.	1.6211e-004
355	0.90909	0.	0.	1.3607e-004
356	-1.1891	0.	0.	1.353e-004
357	-1.0982	0.	0.	1.6064e-004
358	-1.0073	0.	0.	2.0502e-004
359	-0.91636	0.	0.	2.9546e-004
360	-0.82545	0.	0.	4.1281e-004
361	-0.73455	0.	0.	5.978e-004
362	-0.64364	0.	0.	8.7379e-004
363	-0.55273	0.	0.	2.1966e-003
364	-0.46182	0.	0.	5.9639e-003
365	-0.37091	0.	0.	3.0911e-002
409	-1.28	0.	9.5682e-002	1.2583e-004
410	-1.28	0.	0.19136	1.1843e-004
411	-1.28	0.	0.28705	1.0434e-004
412	-1.28	0.	0.38273	8.9581e-005
413	-1.28	0.	0.47841	7.4302e-005
414	-1.28	0.	0.57409	5.6195e-005
415	-1.28	0.	0.66977	4.4643e-005
416	-1.28	0.	0.76545	2.9362e-005
417	-1.28	0.	0.86114	1.8245e-005
418	-1.28	0.	0.95682	1.0775e-005
424	-1.185	0.	1.0525	9.4149e-006
425	-1.09	0.	1.0525	1.9901e-005
426	-0.995	0.	1.0525	2.724e-005
427	-0.9	0.	1.0525	3.6598e-005
428	-0.805	0.	1.0525	4.3523e-005
429	-0.71	0.	1.0525	4.9943e-005
430	-0.615	0.	1.0525	5.1742e-005
431	-0.52	0.	1.0525	5.1597e-005
432	-0.425	0.	1.0525	4.3803e-005
433	-0.33	0.	1.0525	3.5269e-005
434	-0.235	0.	1.0525	1.8996e-005
435	-0.14	0.	1.0525	1.0318e-005
436	-4.5e-002	0.	1.0525	1.7484e-005
437	5.e-002	0.	1.0525	3.5767e-005
438	0.145	0.	1.0525	4.6926e-005
439	0.24	0.	1.0525	5.1767e-005
440	0.335	0.	1.0525	5.3146e-005
441	0.43	0.	1.0525	4.9268e-005
442	0.525	0.	1.0525	4.3517e-005
443	0.62	0.	1.0525	3.5488e-005
444	0.715	0.	1.0525	2.5683e-005
445	0.81	0.	1.0525	1.9061e-005
446	0.905	0.	1.0525	9.26e-006
452	1.	0.	0.95682	1.0349e-005
453	1.	0.	0.86114	2.2118e-005
454	1.	0.	0.76545	3.1821e-005
455	1.	0.	0.66977	4.2949e-005
456	1.	0.	0.57409	5.7012e-005
457	1.	0.	0.47841	7.6745e-005
458	1.	0.	0.38273	9.3544e-005
459	1.	0.	0.28705	1.0391e-004
460	1.	0.	0.19136	1.1589e-004
461	1.	0.	9.5682e-002	1.2944e-004
462	0.	0.	0.	0.14793
463	-0.28	0.	0.	0.13348
469	1.	0.	0.	1.2918e-004
471	-1.28	0.	0.	1.3014e-004
474	-1.28	0.	1.0525	5.3847e-006
475	1.	0.	1.0525	4.9983e-006
476	0.10883	0.	0.55178	2.9155e-004
477	-0.40014	0.	0.56296	2.6248e-004
478	-0.26626	0.	0.29196	2.0684e-003
479	7.9869e-002	0.	0.28723	1.7611e-003
480	-0.85855	0.	0.5039	1.5119e-004
481	0.55343	0.	0.49502	1.6031e-004
482	-0.1834	0.	0.16245	7.8585e-003
483	0.31285	0.	0.38999	5.214e-004
484	-7.1818e-002	0.	0.4275	6.9208e-004
485	-0.10591	0.	0.74	1.0598e-004
486	-0.51488	0.	0.29204	1.0034e-003
487	-0.38619	0.	0.16673	5.445e-003
488	2.1333e-002	0.	0.17783	6.9349e-003
489	-0.5075	0.	0.8025	9.4983e-005
490	0.21461	0.	0.8015	8.5539e-005
491	-0.13571	0.	0.30456	1.8853e-003
492	0.63035	0.	0.79864	5.72e-005
493	-0.89952	0.	0.77948	6.2063e-005
494	0.58215	0.	0.33378	2.5254e-004
495	-0.85134	0.	0.36674	2.1845e-004
496	-0.24732	0.	8.7258e-002	3.8163e-002
497	-0.15423	0.	0.12365	1.3713e-002
498	-0.53074	0.	0.54984	2.7684e-004
499	-0.16907	0.	0.46308	5.2175e-004
500	0.35818	0.	0.27265	6.5243e-004
501	0.14514	0.	0.20154	2.8044e-003
502	-0.23009	0.	0.74372	1.089e-004
503	0.44259	0.	0.62226	1.3664e-004
504	-0.72917	0.	0.61114	1.6936e-004
505	-0.7521	0.	0.44476	2.3465e-004
506	-9.1344e-002	0.	0.5185	3.2028e-004
507	-8.8182e-002	0.	0.14972	1.0509e-002
508	0.70667	0.	0.535	9.7613e-005
509	-0.98667	0.	0.535	1.0109e-004
510	-0.75173	0.	0.31787	4.217e-004
511	-0.35455	0.	0.46917	4.7539e-004
512	-0.65903	0.	0.81338	7.3404e-005
513	0.48173	0.	0.77687	7.2904e-005
514	-0.33693	0.	0.11779	1.0988e-002
515	-1.1069	0.	0.27715	1.3161e-004
516	0.82686	0.	0.27715	1.2701e-004
517	-0.21049	0.	0.615	2.1111e-004
518	-6.2278e-002	0.	0.25418	2.8109e-003
519	7.9118e-002	0.	0.77302	8.8595e-005
520	-0.39273	0.	0.28938	1.8443e-003
521	0.29192	0.	0.59409	2.1883e-004
522	0.19409	0.	0.36842	8.6998e-004
523	-5.7721e-002	0.	0.10801	2.4223e-002
524	-1.1236	0.	0.76327	3.5364e-005
525	0.8436	0.	0.76326	3.6662e-005
526	0.10649	0.	0.43101	5.9749e-004
527	-2.2355e-002	0.	0.66216	1.4869e-004
528	2.0566e-002	0.	0.12146	1.6316e-002
529	-0.70737	0.	0.16059	6.0535e-004
530	0.45673	0.	0.11725	6.482e-004
531	-0.89366	0.	0.12892	3.2045e-004
532	0.59533	0.	0.16114	2.9731e-004
533	-0.32283	0.	0.22649	3.9778e-003
534	-0.11214	0.	0.21326	4.4296e-003
535	-5.0436e-002	0.	0.33171	1.4454e-003
536	-0.42908	0.	0.387	6.7566e-004
537	0.44715	0.	0.37301	3.701e-004
538	-0.19742	0.	0.115	1.7568e-002
539	-0.27565	0.	0.89678	4.8324e-005
540	-0.31989	0.	0.65667	1.7662e-004
541	-0.55085	0.	0.41165	5.6791e-004
542	-0.21472	0.	0.24329	3.1068e-003
543	-0.12735	0.	8.8324e-002	2.2764e-002
544	0.17375	0.	0.6775	1.5114e-004
545	-0.45375	0.	0.6775	1.4977e-004
546	0.82365	0.	0.93241	2.0324e-005
547	-1.1031	0.	0.93178	1.9987e-005
548	0.33833	0.	0.70682	1.124e-004
549	0.1029	0.	0.91188	5.3701e-005
550	0.32302	0.	0.12522	1.1632e-003
551	-0.21582	0.	0.38123	9.5623e-004
552	-0.37364	0.	0.78167	8.1027e-005
553	0.42058	0.	0.94247	5.589e-005
554	-0.71857	0.	0.95963	5.1566e-005
555	-0.59542	0.	0.66824	1.2988e-004
556	0.24992	0.	0.22418	1.2291e-003
557	-0.31728	0.	0.37257	9.247e-004
558	-0.62801	0.	0.29846	6.446e-004
559	0.215	0.	0.48074	4.0326e-004
560	-1.1481	0.	0.52009	7.0321e-005
561	0.86814	0.	0.52009	6.9987e-005
562	1.2147e-002	0.	0.47718	4.7501e-004
563	8.0602e-002	0.	0.15749	7.1618e-003
564	0.56042	0.	0.92133	4.6904e-005
565	-2.898e-002	0.	0.15512	1.1916e-002
566	0.77309	0.	0.40929	1.1014e-004
567	-1.0531	0.	0.40929	1.1251e-004
568	2.4608e-002	0.	0.36877	1.1803e-003
569	-0.28887	0.	0.5499	3.516e-004
570	0.74485	0.	0.12974	1.8452e-004
571	-1.0266	0.	0.12773	2.0955e-004
572	-0.87068	0.	0.64014	1.0894e-004
573	-0.76146	0.	0.72302	1.0188e-004
574	0.58725	0.	0.65268	9.9263e-005
575	-0.57426	0.	0.93058	5.8794e-005
576	-0.42944	0.	0.93843	5.0807e-005
577	0.37978	0.	0.49307	2.6368e-004
578	-0.94118	0.	0.92479	3.5533e-005
579	0.49652	0.	0.25354	3.8631e-004
580	-0.11084	0.	0.63323	1.7124e-004
581	-0.16974	0.	8.6103e-002	2.6452e-002
582	0.16061	0.	0.10461	5.3666e-003
583	8.276e-002	0.	0.10024	1.4806e-002
584	3.3096e-002	0.	6.7569e-002	3.2771e-002
585	0.23375	0.	0.9275	5.8514e-005
586	-0.19545	0.	0.3025	1.709e-003
587	-0.15557	0.	0.25563	2.6999e-003
588	-0.25247	0.	0.46396	4.9641e-004
589	0.68051	0.	0.9235	3.3599e-005
590	-0.45306	0.	0.47469	4.082e-004
591	-0.15761	0.	0.82854	5.7135e-005
592	-0.6403	0.	0.48794	2.7467e-004
593	-6.0455e-002	0.	0.19376	6.209e-003
594	-1.1781	0.	0.39085	9.3259e-005
595	0.89814	0.	0.39085	9.4296e-005
596	-3.892e-003	0.	0.56552	2.5583e-004
597	0.35857	0.	0.8223	7.6957e-005
598	-1.1638	0.	0.16256	1.3643e-004
599	0.88379	0.	0.16256	1.297e-004
600	-0.47292	0.	0.20903	2.2637e-003
601	-0.82104	0.	0.8542	5.5581e-005
602	-0.31282	0.	7.1161e-002	3.7334e-002
603	-0.28489	0.	0.11796	1.9983e-002
604	-0.59187	0.	0.21842	1.0673e-003
605	0.70875	0.	0.6883	5.6902e-005
606	-0.98875	0.	0.6883	5.883e-005
607	-0.17984	0.	0.91889	2.9921e-005
608	6.402e-002	0.	0.66435	1.8097e-004
609	-0.30411	0.	0.16464	7.2093e-003
610	-1.0836	0.	0.62491	6.6271e-005
611	0.80357	0.	0.6249	6.4507e-005
612	3.8434e-003	0.	0.28163	2.2971e-003
613	-0.39495	0.	6.5573e-002	1.1751e-002
614	-9.4887e-002	0.	9.5987e-002	2.2628e-002
615	5.3084e-002	0.	0.22	4.226e-003
616	0.91715	0.	0.64989	4.6878e-005
617	-1.1971	0.	0.6499	4.4632e-005
618	-0.4692	0.	9.6172e-002	3.6388e-003
619	-0.13546	0.	0.16603	8.6173e-003
620	0.26743	0.	0.31626	8.7264e-004
621	0.17378	0.	0.29008	1.3647e-003
622	-1.2108	0.	0.85205	2.0283e-005
623	0.93097	0.	0.85216	2.1603e-005
624	-0.18718	0.	0.54061	2.8397e-004
625	-0.65989	0.	0.39159	4.0263e-004
626	-0.20255	0.	7.8598e-002	3.6177e-002
627	-5.6397e-003	0.	7.9816e-002	4.4798e-002
628	-0.94213	0.	0.41902	1.4548e-004
629	0.66518	0.	0.42128	1.4757e-004
630	-0.26269	0.	0.20713	5.4398e-003
631	-0.83716	0.	0.96872	4.3197e-005
632	-2.4623e-002	0.	0.83994	5.8132e-005
633	-0.76641	0.	8.0294e-002	5.4478e-004
634	-0.16282	0.	0.35243	1.1814e-003
635	-0.82192	0.	0.22243	3.347e-004
636	-2.4152e-002	0.	0.96952	2.3811e-005
637	0.70524	0.	0.29367	1.8591e-004
638	-0.96101	0.	0.28019	2.1717e-004
639	-0.11789	0.	0.12487	1.2306e-002
640	0.23803	0.	0.12047	2.0722e-003
641	-1.1905e-002	0.	0.74543	1.0559e-004
642	-1.0111	0.	0.8179	3.7678e-005
643	0.73703	0.	0.82169	3.6246e-005
644	-0.24035	0.	0.14878	1.0511e-002
645	-1.2155e-002	0.	0.21401	4.412e-003
646	-2.0909e-002	0.	0.10806	2.5363e-002
647	-4.1136e-002	0.	7.6806e-002	4.6562e-002
648	-0.17058	0.	0.20878	4.5356e-003
649	-0.21559	0.	0.194	6.0275e-003
650	0.11345	0.	0.34758	1.0654e-003
651	-0.11001	0.	0.35267	1.1727e-003
652	-9.2959e-002	0.	0.30051	2.2321e-003
653	-0.61685	0.	0.13339	1.2578e-003
2024	-1.2727e-002	0.	5.25e-002	6.5717e-002
2025	0.	0.	4.375e-002	7.9203e-002
2027	1.6548e-002	0.	6.0035e-002	5.0318e-002
2028	-2.8198e-003	0.	6.6158e-002	5.6158e-002
2032	-3.8182e-002	0.	5.25e-002	5.9869e-002
2035	-1.5547e-002	0.	6.6158e-002	5.5511e-002
2036	-3.3295e-002	0.	6.4653e-002	5.6296e-002
2039	-6.3636e-002	0.	5.25e-002	4.7254e-002
2042	-4.6023e-002	0.	6.4653e-002	5.0544e-002
2044	-8.9091e-002	0.	5.25e-002	3.7744e-002
2047	-6.7042e-002	0.	8.0253e-002	3.2411e-002
2048	-8.5625e-002	0.	7.4244e-002	3.1435e-002
2049	-5.875e-002	0.	6.4653e-002	4.288e-002
2052	-0.11455	0.	5.25e-002	3.3653e-002
2055	-0.11459	0.	7.0412e-002	2.8845e-002
2056	-9.8353e-002	0.	7.4244e-002	2.9219e-002
2058	-0.14	0.	5.25e-002	3.1449e-002
2061	-0.12731	0.	7.0412e-002	2.756e-002
2064	-0.16545	0.	5.25e-002	3.371e-002
2067	-0.14004	0.	7.0412e-002	2.6896e-002
2068	-0.16123	0.	6.9301e-002	2.9159e-002
2071	-0.19091	0.	5.25e-002	4.2513e-002
2074	-0.17396	0.	6.9301e-002	3.1282e-002
2075	-0.19037	0.	6.5549e-002	3.5924e-002
2077	-0.21636	0.	5.25e-002	5.1189e-002
2080	-0.20309	0.	6.5549e-002	4.3089e-002
2082	-0.24182	0.	5.25e-002	6.024e-002
2085	-0.23821	0.	6.9879e-002	4.5309e-002
2086	-0.21582	0.	6.5549e-002	4.3956e-002
2088	-0.26727	0.	5.25e-002	6.4569e-002
2091	-0.25093	0.	6.9879e-002	5.3604e-002
2093	-0.28	0.	4.375e-002	7.5467e-002
2095	-0.26366	0.	6.9879e-002	4.8077e-002
2096	-0.29641	0.	6.1831e-002	5.0975e-002
2097	-0.28244	0.	8.5228e-002	4.2066e-002
2102	-0.32545	0.	1.75e-002	6.0249e-002
2103	-0.28	0.	1.75e-002	0.1111
2104	-0.29641	0.	5.3081e-002	6.3515e-002
2153	4.5455e-002	0.	1.75e-002	6.4729e-002
2154	0.	0.	1.75e-002	0.12084
2155	1.6548e-002	0.	5.1285e-002	6.4267e-002
4121	0.13636	0.	0.	1.9209e-002
4122	4.5455e-002	0.	0.	9.0396e-002
4123	0.12576	0.	5.2304e-002	1.9107e-002
4124	8.6835e-002	0.	5.0121e-002	2.3199e-002
4125	6.2003e-002	0.	3.3785e-002	3.1319e-002
4139	0.22727	0.	0.	3.7499e-003
4140	0.17121	0.	5.2304e-002	5.2537e-003
4141	0.20992	0.	6.0234e-002	3.6743e-003
4146	0.31818	0.	0.	1.6187e-003
4147	0.29787	0.	6.2609e-002	1.6395e-003
4148	0.25538	0.	6.0234e-002	2.0729e-003
4157	0.40909	0.	0.	8.7099e-004
4158	0.41018	0.	5.8627e-002	8.6365e-004
4159	0.34333	0.	6.2609e-002	1.1124e-003
4166	0.5	0.	0.	5.3403e-004
4167	0.45564	0.	5.8627e-002	6.4855e-004
4171	0.59091	0.	0.	3.5084e-004
4172	0.50109	0.	5.8627e-002	5.2706e-004
4173	0.57039	0.	8.057e-002	3.5209e-004
4178	0.68182	0.	0.	2.5026e-004
4179	0.61585	0.	8.057e-002	2.9236e-004
4180	0.69061	0.	6.4868e-002	2.3796e-004
4187	0.77273	0.	0.	1.8549e-004
4188	0.73606	0.	6.4868e-002	1.9617e-004
4191	0.86364	0.	0.	1.4904e-004
4192	0.78151	0.	6.4868e-002	1.7312e-004
4193	0.85098	0.	8.1278e-002	1.4586e-004
4199	0.95455	0.	4.7841e-002	1.3275e-004
4200	0.95455	0.	0.	1.3262e-004
4201	0.89644	0.	8.1278e-002	1.328e-004
4206	-1.1436	0.	0.	1.479e-004
4207	-1.2345	0.	4.7841e-002	1.3055e-004
4208	-1.2345	0.	0.	1.3271e-004
4209	-1.1764	0.	8.1278e-002	1.3577e-004
4214	-1.0527	0.	0.	1.8272e-004
4215	-1.0624	0.	6.3866e-002	1.8488e-004
4216	-1.131	0.	8.1278e-002	1.485e-004
4225	-0.96182	0.	0.	2.5002e-004
4226	-1.0169	0.	6.3866e-002	2.0674e-004
4232	-0.87091	0.	0.	3.5413e-004
4233	-0.90501	0.	6.4458e-002	3.0696e-004
4234	-0.97147	0.	6.3866e-002	2.5228e-004
4239	-0.78	0.	0.	5.0493e-004
4240	-0.85955	0.	6.4458e-002	3.6557e-004
4241	-0.79593	0.	4.0147e-002	4.7829e-004
4247	-0.68909	0.	0.	7.3428e-004
4248	-0.75048	0.	4.0147e-002	5.6985e-004
4252	-0.59818	0.	0.	1.5348e-003
4253	-0.67551	0.	8.0294e-002	7.3107e-004
4254	-0.70503	0.	4.0147e-002	7.0916e-004
4255	-0.63024	0.	6.6694e-002	1.0565e-003
4261	-0.50727	0.	0.	4.0801e-003
4262	-0.51097	0.	4.8086e-002	2.8857e-003
4263	-0.58479	0.	6.6694e-002	1.7163e-003
4270	-0.41636	0.	0.	1.8435e-002
4271	-0.42838	0.	3.2786e-002	8.7091e-003
4272	-0.46551	0.	4.8086e-002	4.7531e-003
4279	-0.32545	0.	0.	8.1675e-002
4280	-0.34186	0.	3.5581e-002	3.1835e-002
4281	-0.38293	0.	3.2786e-002	2.1014e-002
4532	-1.28	0.	0.14352	1.2211e-004
4533	-1.28	0.	4.7841e-002	1.2797e-004
4534	-1.2219	0.	0.12912	1.3109e-004
4538	-1.28	0.	0.2392	1.1136e-004
4539	-1.1934	0.	0.23426	1.2467e-004
4540	-1.2219	0.	0.17696	1.2741e-004
4542	-1.28	0.	0.33489	9.696e-005
4543	-1.1934	0.	0.2821	1.1781e-004
4544	-1.2291	0.	0.33895	9.8703e-005
4548	-1.28	0.	0.43057	8.1925e-005
4549	-1.2291	0.	0.38679	9.1306e-005
4553	-1.28	0.	0.52625	6.5244e-005
4554	-1.2141	0.	0.49925	7.199e-005
4555	-1.2291	0.	0.43463	8.3743e-005
4559	-1.28	0.	0.62193	5.0418e-005
4560	-1.2141	0.	0.54709	6.2934e-005
4561	-1.2386	0.	0.61199	5.0322e-005
4563	-1.28	0.	0.71761	3.6947e-005
4564	-1.2386	0.	0.65984	4.4539e-005
4567	-1.28	0.	0.8133	2.3798e-005
4568	-1.2018	0.	0.76436	3.1673e-005
4569	-1.2386	0.	0.70768	3.6995e-005
4570	-1.2454	0.	0.80875	2.4687e-005
4574	-1.28	0.	0.90898	1.4273e-005
4575	-1.2454	0.	0.85659	1.9105e-005
4578	-1.2325	0.	1.0047	9.7745e-006
4579	-1.28	0.	1.0047	8.0288e-006
4580	-1.1916	0.	0.9443	1.4842e-005
4581	-1.2454	0.	0.90443	1.5501e-005
4611	-1.1375	0.	1.0525	1.4504e-005
4612	-1.2325	0.	1.0525	7.3384e-006
4613	-1.1441	0.	0.99214	1.4696e-005
4616	-1.0425	0.	1.0525	2.3558e-005
4617	-1.0966	0.	0.99214	1.9775e-005
4620	-0.9475	0.	1.0525	3.1913e-005
4621	-1.0491	0.	0.99214	2.3307e-005
4622	-0.96809	0.	0.98865	3.1259e-005
4624	-0.8525	0.	1.0525	4.0051e-005
4625	-0.92059	0.	0.98865	3.5866e-005
4626	-0.86858	0.	1.0106	3.9885e-005
4630	-0.7575	0.	1.0525	4.6723e-005
4631	-0.76179	0.	1.0061	4.7542e-005
4632	-0.82108	0.	1.0106	4.332e-005
4636	-0.6625	0.	1.0525	5.0838e-005
4637	-0.71429	0.	1.0061	5.0731e-005
4639	-0.5675	0.	1.0525	5.1648e-005
4640	-0.66679	0.	1.0061	5.1605e-005
4641	-0.59463	0.	0.99154	5.5259e-005
4644	-0.4725	0.	1.0525	4.7686e-005
4645	-0.54713	0.	0.99154	5.5182e-005
4646	-0.47472	0.	0.99547	5.1031e-005
4650	-0.3775	0.	1.0525	3.9478e-005
4651	-0.42722	0.	0.99547	4.7219e-005
4653	-0.2825	0.	1.0525	2.6575e-005
4654	-0.30283	0.	0.97464	4.0779e-005
4655	-0.37972	0.	0.99547	4.3036e-005
4659	-0.1875	0.	1.0525	1.1987e-005
4660	-0.25533	0.	0.97464	3.3658e-005
4661	-0.20742	0.	0.98569	2.3497e-005
4666	-9.25e-002	0.	1.0525	1.2597e-005
4667	-0.15992	0.	0.98569	1.9155e-005
4668	-8.2076e-002	0.	1.011	1.6347e-005
4671	2.5e-003	0.	1.0525	2.6613e-005
4672	-3.4576e-002	0.	1.011	2.0444e-005
4675	9.75e-002	0.	1.0525	4.1164e-005
4676	7.6449e-002	0.	0.98219	4.4727e-005
4677	1.2924e-002	0.	1.011	2.9411e-005
4681	0.1925	0.	1.0525	4.9329e-005
4682	0.12395	0.	0.98219	5.0007e-005
4683	0.18937	0.	0.99	5.2718e-005
4685	0.2875	0.	1.0525	5.244e-005
4686	0.23687	0.	0.99	5.5132e-005
4690	0.3825	0.	1.0525	5.1197e-005
4691	0.37779	0.	0.99748	5.4437e-005
4692	0.28438	0.	0.99	5.5779e-005
4696	0.4775	0.	1.0525	4.6385e-005
4697	0.42529	0.	0.99748	5.2547e-005
4701	0.5725	0.	1.0525	3.9451e-005
4702	0.47279	0.	0.99748	4.9685e-005
4703	0.54271	0.	0.98691	4.5077e-005
4705	0.6675	0.	1.0525	3.0583e-005
4706	0.59021	0.	0.98691	4.1182e-005
4707	0.65026	0.	0.988	3.437e-005
4712	0.7625	0.	1.0525	2.2359e-005
4713	0.76933	0.	0.99246	2.2579e-005
4714	0.69776	0.	0.988	2.9467e-005
4716	0.8575	0.	1.0525	1.4032e-005
4717	0.81683	0.	0.99246	1.944e-005
4721	0.9525	0.	1.0047	9.4547e-006
4722	0.9525	0.	1.0525	7.0652e-006
4723	0.86433	0.	0.99246	1.4788e-005
4753	1.	0.	0.90898	1.6011e-005
4754	1.	0.	1.0047	7.6188e-006
4755	0.91183	0.	0.94461	1.4899e-005
4756	0.96549	0.	0.90449	1.5962e-005
4759	1.	0.	0.8133	2.6963e-005
4760	0.96549	0.	0.85665	2.1665e-005
4764	1.	0.	0.71761	3.7372e-005
4765	0.9218	0.	0.76436	3.3811e-005
4766	0.95858	0.	0.70767	3.9346e-005
4767	0.96549	0.	0.80881	2.6552e-005
4770	1.	0.	0.62193	4.9971e-005
4771	0.95858	0.	0.65983	4.4875e-005
4777	1.	0.	0.52625	6.6875e-005
4778	0.93407	0.	0.54709	6.3272e-005
4779	0.95858	0.	0.61199	5.1859e-005
4781	1.	0.	0.43057	8.5127e-005
4782	0.93407	0.	0.49925	7.3124e-005
4783	0.94907	0.	0.43463	8.5493e-005
4788	1.	0.	0.33489	9.8725e-005
4789	0.94907	0.	0.38679	9.3836e-005
4793	1.	0.	0.2392	1.0989e-004
4794	0.91343	0.	0.2821	1.1514e-004
4795	0.94907	0.	0.33895	9.8988e-005
4799	1.	0.	0.14352	1.2265e-004
4800	0.91343	0.	0.23426	1.2098e-004
4801	0.94189	0.	0.17696	1.2277e-004
4805	1.	0.	4.7841e-002	1.293e-004
4806	0.94189	0.	0.12912	1.2953e-004
4835	0.20038	0.	0.57294	2.478e-004
4836	0.10766	0.	0.4914	4.4294e-004
4837	0.14129	0.	0.61464	2.2106e-004
4838	0.16192	0.	0.51626	3.3844e-004
4839	6.049e-002	0.	0.51448	3.777e-004
4840	5.2471e-002	0.	0.55865	2.6506e-004
4841	8.6427e-002	0.	0.60807	2.336e-004
4845	-0.46544	0.	0.5564	2.6476e-004
4846	-0.37734	0.	0.51606	3.6788e-004
4847	-0.36001	0.	0.60981	2.1647e-004
4848	-0.42695	0.	0.62023	2.0597e-004
4849	-0.34451	0.	0.55643	2.9961e-004
4850	-0.4266	0.	0.51882	3.3231e-004
4854	-0.3295	0.	0.29067	1.8443e-003
4855	-0.29455	0.	0.25923	2.9463e-003
4856	-0.24049	0.	0.26762	2.5463e-003
4857	-0.24104	0.	0.33659	1.4765e-003
4858	-0.29177	0.	0.33226	1.4898e-003
4859	-0.23086	0.	0.29723	1.7887e-003
4860	-0.26448	0.	0.24955	3.7381e-003
4865	0.11251	0.	0.24438	2.2354e-003
4866	5.2239e-002	0.	0.328	1.4283e-003
4867	4.1856e-002	0.	0.28443	1.9663e-003
4868	6.6477e-002	0.	0.25361	2.9927e-003
4869	0.12682	0.	0.28865	1.5467e-003
4870	9.666e-002	0.	0.3174	1.413e-003
4874	-0.85494	0.	0.43532	1.8392e-004
4875	-0.79386	0.	0.55752	1.5906e-004
4876	-0.80533	0.	0.47433	1.9277e-004
4877	-0.92261	0.	0.51945	1.2579e-004
4878	-0.86462	0.	0.57202	1.2985e-004
4879	-0.90034	0.	0.46146	1.474e-004
4882	0.56779	0.	0.4144	2.048e-004
4883	0.49801	0.	0.55864	1.4647e-004
4884	0.63005	0.	0.51501	1.2833e-004
4885	0.50029	0.	0.43402	2.652e-004
4886	0.57034	0.	0.57385	1.2945e-004
4887	0.4666	0.	0.49405	2.1003e-004
4888	0.60931	0.	0.45815	1.5265e-004
4894	-0.16882	0.	0.14305	1.075e-002
4895	-0.19041	0.	0.13873	1.2515e-002
4896	-0.15943	0.	0.16424	8.0529e-003
4897	-0.21188	0.	0.15562	8.5938e-003
4898	-0.17699	0.	0.18562	6.1473e-003
4899	-0.1995	0.	0.17823	6.8389e-003
4903	0.33552	0.	0.33132	5.7708e-004
4904	0.25347	0.	0.3792	6.9211e-004
4905	0.38	0.	0.3815	4.4205e-004
4906	0.26393	0.	0.43536	4.5603e-004
4907	0.34632	0.	0.44153	3.9253e-004
4908	0.29014	0.	0.35312	6.9685e-004
4912	-0.12044	0.	0.44529	5.6698e-004
4913	-8.1581e-002	0.	0.473	5.0452e-004
4914	-6.1127e-002	0.	0.37961	1.0659e-003
4915	-2.9836e-002	0.	0.45234	5.7329e-004
4916	-2.3605e-002	0.	0.39813	8.9567e-004
4917	-9.0915e-002	0.	0.39009	9.2629e-004
4922	-0.168	0.	0.74186	1.0028e-004
4923	-6.4132e-002	0.	0.70108	1.2579e-004
4924	-0.10838	0.	0.68661	1.3772e-004
4925	-0.13176	0.	0.78427	7.8454e-005
4926	-6.5266e-002	0.	0.78997	8.1277e-005
4927	-5.8907e-002	0.	0.74271	1.0271e-004
4931	-0.4538	0.	0.29071	1.4037e-003
4932	-0.47198	0.	0.33952	8.2094e-004
4933	-0.53286	0.	0.35184	7.834e-004
4934	-0.57144	0.	0.29525	8.1876e-004
4935	-0.4939	0.	0.25053	1.6286e-003
4936	-0.55337	0.	0.25523	1.023e-003
4940	-0.36156	0.	0.14226	8.1984e-003
4941	-0.38946	0.	0.22805	3.5917e-003
4942	-0.35451	0.	0.19661	4.508e-003
4943	-0.42955	0.	0.18788	3.8478e-003
4944	-0.34515	0.	0.16568	6.1485e-003
4945	-0.39057	0.	0.11615	8.4133e-003
4946	-0.4277	0.	0.13145	4.3845e-003
4950	2.0949e-002	0.	0.14965	1.155e-002
4951	5.0967e-002	0.	0.16766	6.928e-003
4952	-3.8238e-003	0.	0.16648	9.3437e-003
4953	3.7208e-002	0.	0.19892	5.5689e-003
4954	4.5887e-003	0.	0.19592	5.6064e-003
4956	-0.58326	0.	0.80794	8.3585e-005
4957	-0.48063	0.	0.74	1.222e-004
4958	-0.44057	0.	0.79208	8.6529e-005
4959	-0.55146	0.	0.73537	1.1134e-004
4960	-0.54088	0.	0.86654	7.6804e-005
4961	-0.46847	0.	0.87047	7.2777e-005
4966	0.14686	0.	0.78726	8.5316e-005
4967	0.19418	0.	0.7395	1.1814e-004
4968	0.27647	0.	0.75416	9.79e-005
4969	0.15875	0.	0.85669	6.9303e-005
4970	0.22418	0.	0.8645	7.2004e-005
4971	0.28659	0.	0.8119	8.086e-005
4975	-0.16558	0.	0.30353	1.7326e-003
4976	-0.14564	0.	0.28009	2.2769e-003
4977	-0.14926	0.	0.3285	1.508e-003
4978	-0.12286	0.	0.32862	1.5243e-003
4979	-0.11433	0.	0.30253	2.0371e-003
4983	0.55604	0.	0.78775	6.4677e-005
4984	0.59538	0.	0.85998	5.1389e-005
4985	0.6088	0.	0.72566	7.8194e-005
4986	0.65543	0.	0.86107	4.5234e-005
4987	0.66955	0.	0.74347	5.6457e-005
4988	0.68369	0.	0.81016	4.6544e-005
4993	-0.8851	0.	0.70981	8.5324e-005
4994	-0.83049	0.	0.75125	8.182e-005
4995	-0.92035	0.	0.85213	4.8554e-005
4996	-0.86028	0.	0.81684	5.8403e-005
4997	-0.94413	0.	0.73389	5.9949e-005
4998	-0.95532	0.	0.79869	4.9826e-005
5002	0.58874	0.	0.24746	2.722e-004
5003	0.51465	0.	0.3534	3.0856e-004
5004	0.53933	0.	0.29366	3.1924e-004
5005	0.62366	0.	0.37753	1.9996e-004
5006	0.64369	0.	0.31373	2.1843e-004
5010	-0.80172	0.	0.40575	2.2491e-004
5011	-0.80154	0.	0.3423	3.197e-004
5012	-0.89673	0.	0.39288	1.8193e-004
5013	-0.83663	0.	0.29458	2.7528e-004
5014	-0.90617	0.	0.32346	2.1621e-004
5018	-0.22237	0.	0.10113	2.7274e-002
5019	-0.26611	0.	0.10261	2.8459e-002
5020	-0.22494	0.	8.2928e-002	3.6254e-002
5021	-0.24384	0.	0.11802	2.4315e-002
5027	-0.17583	0.	0.11932	1.5058e-002
5028	-0.14079	0.	0.10599	1.7796e-002
5029	-0.16198	0.	0.10488	2.0036e-002
5030	-0.14485	0.	0.14484	1.1076e-002
5031	-0.13606	0.	0.12426	1.2391e-002
5035	-0.5408	0.	0.48074	4.1949e-004
5036	-0.49224	0.	0.61367	2.1071e-004
5037	-0.56308	0.	0.60904	2.0327e-004
5038	-0.4919	0.	0.51226	3.4177e-004
5039	-0.58552	0.	0.51889	2.7259e-004
5044	-0.13021	0.	0.49079	4.054e-004
5045	-0.19244	0.	0.42216	7.2664e-004
5046	-0.21077	0.	0.46352	4.8971e-004
5047	-0.17812	0.	0.50185	4.0185e-004
5048	-0.16594	0.	0.40776	8.5148e-004
5049	-0.13954	0.	0.40788	8.2475e-004
5054	0.40746	0.	0.19495	6.3258e-004
5055	0.40267	0.	0.32283	5.1036e-004
5056	0.3406	0.	0.19893	8.9681e-004
5057	0.30405	0.	0.24842	9.3901e-004
5058	0.42735	0.	0.2631	5.1703e-004
5059	0.31281	0.	0.29445	7.5184e-004
5063	0.19753	0.	0.21286	2.0035e-003
5064	0.11287	0.	0.17951	4.9746e-003
5065	0.15287	0.	0.15307	3.9675e-003
5066	9.9112e-002	0.	0.21077	3.452e-003
5067	0.15946	0.	0.24581	2.0791e-003
5068	0.19159	0.	0.161	2.3318e-003
5072	-0.22029	0.	0.67936	1.5999e-004
5073	-0.25287	0.	0.82025	7.6643e-005
5074	-0.27499	0.	0.70019	1.3804e-004
5075	-0.30186	0.	0.76269	8.9846e-005
5076	-0.17047	0.	0.68847	1.3589e-004
5077	-0.19385	0.	0.78613	8.2795e-005
5081	0.46216	0.	0.69957	1.0466e-004
5082	0.36725	0.	0.60818	1.7644e-004
5083	0.39046	0.	0.66454	1.2367e-004
5084	0.51492	0.	0.63747	1.1747e-004
5085	0.41118	0.	0.55767	2.0011e-004
5088	-0.74064	0.	0.52795	2.0113e-004
5089	-0.66229	0.	0.63969	1.4741e-004
5090	-0.79993	0.	0.62564	1.3883e-004
5091	-0.74531	0.	0.66708	1.3539e-004
5092	-0.68473	0.	0.54954	2.2172e-004
5096	-0.75192	0.	0.38131	3.2743e-004
5097	-0.6962	0.	0.46635	2.5195e-004
5098	-0.706	0.	0.41818	3.1821e-004
5103	-3.9599e-002	0.	0.49784	3.8295e-004
5104	-0.10109	0.	0.57586	2.435e-004
5105	-4.7618e-002	0.	0.54201	2.8231e-004
5106	-0.13926	0.	0.52956	2.8334e-004
5111	-7.2951e-002	0.	0.12886	1.7167e-002
5112	-0.10016	0.	0.18149	7.3653e-003
5113	-5.8581e-002	0.	0.15242	1.0684e-002
5114	-7.4318e-002	0.	0.17174	8.3316e-003
5115	-9.1535e-002	0.	0.12285	1.6567e-002
5116	-0.11182	0.	0.15788	9.0119e-003
5117	-0.10303	0.	0.1373	1.1262e-002
5120	0.7874	0.	0.52755	8.2725e-005
5121	0.73988	0.	0.47214	1.0334e-004
5122	0.64696	0.	0.59384	9.6958e-005
5123	0.70771	0.	0.61165	7.7127e-005
5124	0.75512	0.	0.57995	8.0981e-005
5125	0.68592	0.	0.47814	1.2253e-004
5129	-1.0674	0.	0.52755	8.4472e-005
5130	-1.0199	0.	0.47214	1.0575e-004
5131	-0.92868	0.	0.58757	1.0422e-004
5132	-0.98771	0.	0.61165	7.9818e-005
5133	-1.0351	0.	0.57996	8.3581e-005
5134	-0.9644	0.	0.47701	1.232e-004
5138	-0.72955	0.	0.23923	5.0853e-004
5139	-0.68987	0.	0.30816	5.3189e-004
5140	-0.70581	0.	0.35473	4.0909e-004
5141	-0.78683	0.	0.27015	3.7403e-004
5146	-0.39181	0.	0.42808	5.5834e-004
5147	-0.33591	0.	0.42087	6.9861e-004
5148	-0.32171	0.	0.50953	4.0824e-004
5149	-0.30351	0.	0.46656	4.7519e-004
5150	-0.4038	0.	0.47193	4.3308e-004
5153	-0.6888	0.	0.8865	6.2466e-005
5154	-0.62722	0.	0.74081	1.016e-004
5155	-0.71024	0.	0.7682	8.6858e-005
5156	-0.61664	0.	0.87198	6.5921e-005
5157	-0.74003	0.	0.83379	6.4307e-005
5161	0.41003	0.	0.74184	9.2442e-005
5162	0.45115	0.	0.85967	6.407e-005
5163	0.52108	0.	0.8491	5.9825e-005
5164	0.53449	0.	0.71478	8.5257e-005
5165	0.42015	0.	0.79958	7.4401e-005
5169	-0.32487	0.	9.4476e-002	2.4062e-002
5170	-0.31091	0.	0.11787	1.5323e-002
5171	-0.32052	0.	0.14121	8.9651e-003
5172	-0.36594	0.	9.1682e-002	1.0905e-002
5177	-1.08	0.	0.34322	1.2158e-004
5178	-1.0667	0.	0.20244	1.7049e-004
5179	-1.1425	0.	0.334	1.1242e-004
5180	-1.1353	0.	0.21985	1.3374e-004
5181	-1.0339	0.	0.27867	1.7377e-004
5186	0.79998	0.	0.34322	1.1805e-004
5187	0.78586	0.	0.20344	1.5548e-004
5188	0.8625	0.	0.334	1.1059e-004
5189	0.85533	0.	0.21985	1.2799e-004
5190	0.76605	0.	0.28541	1.5596e-004
5195	-0.26519	0.	0.63583	1.8784e-004
5196	-0.24968	0.	0.58245	2.7615e-004
5197	-0.16067	0.	0.62411	1.845e-004
5198	-0.19884	0.	0.57781	2.472e-004
5200	-8.7208e-002	0.	0.23372	3.5328e-003
5201	-5.6357e-002	0.	0.29295	2.1265e-003
5202	-6.1367e-002	0.	0.22397	4.5052e-003
5203	-2.9217e-002	0.	0.26791	2.5115e-003
5204	-3.7217e-002	0.	0.23409	3.5073e-003
5205	-7.7619e-002	0.	0.27734	2.4845e-003
5209	0.12643	0.	0.72526	1.1868e-004
5210	9.1008e-002	0.	0.84245	7.0786e-005
5211	7.1569e-002	0.	0.71869	1.346e-004
5212	2.7247e-002	0.	0.80648	7.1414e-005
5213	3.3606e-002	0.	0.75923	9.6156e-005
5217	-0.35778	0.	0.25793	2.8977e-003
5218	-0.41091	0.	0.33819	1.2592e-003
5219	-0.355	0.	0.33097	1.3498e-003
5220	-0.43282	0.	0.2492	1.9893e-003
5224	0.23284	0.	0.63579	1.8149e-004
5225	0.31513	0.	0.65045	1.656e-004
5226	0.25346	0.	0.53741	3.1102e-004
5227	0.33585	0.	0.54358	2.3862e-004
5232	0.15029	0.	0.39971	7.1868e-004
5233	0.20454	0.	0.42458	6.3555e-004
5234	0.23076	0.	0.34234	8.6503e-004
5235	0.18393	0.	0.32925	1.116e-003
5236	0.15377	0.	0.358	9.6176e-004
5240	-4.3351e-002	0.	0.13156	1.7904e-002
5241	-7.6304e-002	0.	0.102	2.3045e-002
5242	-3.9315e-002	0.	0.10803	2.4396e-002
5243	-4.9429e-002	0.	9.2406e-002	3.5113e-002
5246	-1.1133	0.	0.84752	2.6969e-005
5247	-1.0562	0.	0.72578	4.6965e-005
5248	-1.1036	0.	0.69409	5.0786e-005
5249	-1.1604	0.	0.70659	3.9232e-005
5250	-1.1672	0.	0.80766	2.769e-005
5251	-1.0673	0.	0.79059	3.6042e-005
5256	0.83363	0.	0.84784	2.7683e-005
5257	0.77618	0.	0.72578	4.6526e-005
5258	0.82358	0.	0.69408	5.0566e-005
5259	0.88038	0.	0.70657	4.134e-005
5260	0.88729	0.	0.80771	2.91e-005
5261	0.79032	0.	0.79247	3.5953e-005
5265	0.16075	0.	0.45587	4.9535e-004
5266	5.9319e-002	0.	0.45409	5.1847e-004
5267	6.555e-002	0.	0.39989	8.8056e-004
5268	0.10997	0.	0.38929	8.2669e-004
5274	-6.6599e-002	0.	0.64769	1.5408e-004
5275	-1.3123e-002	0.	0.61384	2.0176e-004
5276	2.0833e-002	0.	0.66326	1.6246e-004
5277	-1.713e-002	0.	0.70379	1.2671e-004
5280	5.0584e-002	0.	0.13948	1.1717e-002
5281	-4.2073e-003	0.	0.13829	1.3687e-002
5282	5.1663e-002	0.	0.11085	1.499e-002
5283	2.6831e-002	0.	9.4517e-002	2.3977e-002
5284	7.4631e-003	0.	0.10064	3.0532e-002
5285	-1.7163e-004	0.	0.11476	2.0384e-002
5290	-0.66769	0.	0.22952	6.125e-004
5291	-0.64962	0.	0.1895	8.2686e-004
5292	-0.73689	0.	0.12044	5.6975e-004
5293	-0.76465	0.	0.19151	4.698e-004
5294	-0.66211	0.	0.14699	9.3116e-004
5299	0.52603	0.	0.1392	4.724e-004
5300	0.38987	0.	0.12124	9.0238e-004
5301	0.47662	0.	0.1854	5.1187e-004
5309	-0.96011	0.	0.12832	2.6478e-004
5310	-0.83003	0.	0.1046	4.3215e-004
5311	-0.85779	0.	0.17567	3.2547e-004
5312	-0.92733	0.	0.20455	2.6768e-004
5314	0.67009	0.	0.14544	2.4014e-004
5315	0.54592	0.	0.20734	3.3912e-004
5316	0.65028	0.	0.2274	2.4126e-004
5320	-0.31347	0.	0.19556	5.5817e-003
5321	-0.29276	0.	0.21681	4.6644e-003
5326	-0.13385	0.	0.23444	3.4927e-003
5327	-8.6297e-002	0.	0.20351	5.1362e-003
5328	-0.1238	0.	0.18965	6.4488e-003
5329	-0.14136	0.	0.21102	4.3515e-003
5330	-0.10255	0.	0.25688	3.3262e-003
5333	-1.2914e-002	0.	0.35024	1.2792e-003
5334	-2.3296e-002	0.	0.30667	1.8277e-003
5335	-8.0224e-002	0.	0.34219	1.2841e-003
5336	-7.1697e-002	0.	0.31611	1.8223e-003
5339	-0.48997	0.	0.39932	6.1601e-004
5340	-0.37318	0.	0.37978	7.847e-004
5341	-0.44107	0.	0.43084	5.4106e-004
5345	0.41346	0.	0.43304	3.1408e-004
5346	0.47183	0.	0.31327	3.7343e-004
5352	-0.18358	0.	0.10055	2.1566e-002
5353	-0.19999	0.	9.6799e-002	2.6867e-002
5354	-0.21889	0.	0.13189	1.3842e-002
5358	-0.32465	0.	0.83922	6.4425e-005
5359	-0.35254	0.	0.91761	4.839e-005
5360	-0.21663	0.	0.86266	5.0072e-005
5361	-0.22775	0.	0.90783	3.7704e-005
5365	-0.38682	0.	0.66708	1.5988e-004
5366	-0.34676	0.	0.71917	1.2857e-004
5367	-0.30438	0.	0.60328	2.6379e-004
5372	-0.58943	0.	0.35506	5.9496e-004
5373	-0.50196	0.	0.44317	4.7983e-004
5374	-0.59558	0.	0.44979	4.2114e-004
5375	-0.60537	0.	0.40162	4.8184e-004
5379	-0.20509	0.	0.27289	2.3843e-003
5380	-0.18514	0.	0.24946	2.7798e-003
5381	-0.2387	0.	0.22521	4.1153e-003
5382	-0.19265	0.	0.22603	3.6977e-003
5383	-0.21515	0.	0.21864	4.5629e-003
5388	-0.14854	0.	8.7214e-002	2.3522e-002
5389	-0.11112	0.	9.2156e-002	2.2118e-002
5390	-0.12262	0.	0.1066	1.7481e-002
5394	0.25604	0.	0.69216	1.2906e-004
5395	0.11889	0.	0.67093	1.6284e-004
5401	-0.41369	0.	0.72958	1.1444e-004
5402	-0.52458	0.	0.67287	1.3721e-004
5405	0.75208	0.	0.92796	2.6872e-005
5406	0.87731	0.	0.89229	2.0047e-005
5407	0.78034	0.	0.87705	2.819e-005
5413	-1.0221	0.	0.92828	2.7692e-005
5414	-1.157	0.	0.89191	1.8999e-005
5415	-1.0571	0.	0.87484	2.8759e-005
5420	0.34845	0.	0.76456	9.456e-005
5425	0.16832	0.	0.91969	5.5722e-005
5426	3.9138e-002	0.	0.87591	5.2717e-005
5427	3.9373e-002	0.	0.9407	3.8404e-005
5431	0.28647	0.	0.1747	1.1656e-003
5432	0.28052	0.	0.12284	1.615e-003
5435	-0.26655	0.	0.3769	8.8771e-004
5436	-0.20564	0.	0.34186	1.3272e-003
5437	-0.23415	0.	0.42259	7.2388e-004
5438	-0.18932	0.	0.36683	1.0528e-003
5442	-0.40154	0.	0.86005	6.5393e-005
5447	0.4905	0.	0.9319	5.1333e-005
5448	0.32716	0.	0.93498	5.694e-005
5449	0.38957	0.	0.88238	6.6405e-005
5453	-0.64642	0.	0.9451	5.5108e-005
5454	-0.76981	0.	0.90691	5.33e-005
5455	-0.77786	0.	0.96418	4.7355e-005
5459	-0.67844	0.	0.69563	1.1514e-004
5460	-0.61786	0.	0.57809	2.0099e-004
5466	0.25868	0.	0.27022	1.0452e-003
5467	0.21185	0.	0.25713	1.2741e-003
5468	0.24398	0.	0.17232	1.6263e-003
5472	-0.28488	0.	0.41826	6.904e-004
5477	-0.60994	0.	0.25844	8.5365e-004
5478	-0.64395	0.	0.34503	5.2198e-004
5481	0.29739	0.	0.4869	3.2931e-004
5485	-1.1006	0.	0.46469	9.1367e-005
5486	-1.1631	0.	0.45547	8.162e-005
5487	-1.1158	0.	0.5725	6.7768e-005
5488	-1.1726	0.	0.58499	5.7426e-005
5493	0.82061	0.	0.46469	8.99e-005
5494	0.88314	0.	0.45547	8.1986e-005
5495	0.83585	0.	0.5725	6.6773e-005
5496	0.89264	0.	0.58499	5.8408e-005
5501	1.8377e-002	0.	0.42297	8.2317e-004
5502	4.1273e-003	0.	0.52135	3.6444e-004
5506	0.1206	0.	0.13105	5.957e-003
5507	8.1681e-002	0.	0.12887	1.0771e-002
5508	6.6843e-002	0.	0.18874	5.6474e-003
5512	0.62047	0.	0.92241	4.0143e-005
5516	-4.4718e-002	0.	0.17444	8.8557e-003
5517	-2.0568e-002	0.	0.18456	8.1623e-003
5518	-2.4945e-002	0.	0.13159	1.8626e-002
5522	0.83562	0.	0.40007	1.0144e-004
5523	0.71914	0.	0.41528	1.2841e-004
5524	0.73916	0.	0.35148	1.4801e-004
5528	-1.1156	0.	0.40007	1.0239e-004
5529	-0.99761	0.	0.41415	1.2833e-004
5530	-1.007	0.	0.34474	1.6483e-004
5535	1.4226e-002	0.	0.3252	1.7384e-003
5536	6.9029e-002	0.	0.35817	1.0879e-003
5542	-0.27067	0.	0.50693	4.2351e-004
5543	-0.23803	0.	0.54525	3.0785e-004
5547	0.81432	0.	0.14615	1.5697e-004
5548	0.72504	0.	0.2117	1.8356e-004
5555	-1.0952	0.	0.14514	1.7288e-004
5556	-0.99379	0.	0.20396	2.1192e-004
5560	-0.81607	0.	0.68158	1.0454e-004
5561	-0.92972	0.	0.66422	8.3741e-005
5565	-0.79125	0.	0.78861	7.8605e-005
5570	0.648	0.	0.67049	7.7618e-005
5575	-0.50185	0.	0.93451	5.4512e-005
5588	-0.88111	0.	0.88949	4.5547e-005
5589	-0.88917	0.	0.94676	3.9226e-005
5590	-0.97615	0.	0.87135	3.6213e-005
5596	-5.7367e-002	0.	0.59938	2.0155e-004
5597	-0.14901	0.	0.58692	2.2277e-004
5601	-0.18614	0.	8.235e-002	3.0688e-002
5607	0.12168	0.	0.10243	1.0037e-002
5608	0.19932	0.	0.11254	3.7157e-003
5613	5.7928e-002	0.	8.3906e-002	2.3761e-002
5619	1.3728e-002	0.	7.3693e-002	3.737e-002
5625	0.29616	0.	0.8749	6.7527e-005
5629	-0.17551	0.	0.27906	2.1804e-003
5630	-0.17914	0.	0.32747	1.4401e-003
5633	-0.16307	0.	0.2322	3.6156e-003
5634	-0.12426	0.	0.27807	2.3825e-003
5638	-0.21983	0.	0.50228	3.8273e-004
5641	0.70877	0.	0.87259	3.4436e-005
5647	-0.16873	0.	0.87371	4.3465e-005
5648	-9.1118e-002	0.	0.83424	5.2287e-005
5653	-0.6501	0.	0.43976	3.3719e-004
5657	-3.6305e-002	0.	0.20388	5.2019e-003
5667	3.0064e-002	0.	0.61494	2.1737e-004
5681	-0.53239	0.	0.21373	1.6613e-003
5682	-0.47106	0.	0.1526	2.888e-003
5683	-0.54488	0.	0.17121	1.7111e-003
5689	-0.8291	0.	0.91146	4.9264e-005
5694	-0.29885	0.	9.4559e-002	2.7798e-002
5695	-0.35388	0.	6.8367e-002	2.4257e-002
5703	-0.2945	0.	0.1413	1.3585e-002
5704	-0.26262	0.	0.13337	1.4771e-002
5709	-0.60436	0.	0.1759	1.1454e-003
5714	0.75616	0.	0.6566	6.0372e-005
5715	0.72289	0.	0.75499	4.6473e-005
5719	-1.0362	0.	0.65661	6.2173e-005
5720	-0.99994	0.	0.7531	4.8087e-005
5724	-0.10223	0.	0.87941	3.9612e-005
5725	-0.102	0.	0.9442	2.1112e-005
5730	2.6058e-002	0.	0.70489	1.4275e-004
5735	-0.2834	0.	0.18588	6.2053e-003
5736	-0.27223	0.	0.15671	8.6009e-003
5739	-1.1403	0.	0.63741	5.4717e-005
5743	0.86036	0.	0.63739	5.5105e-005
5747	2.8464e-002	0.	0.25082	3.1567e-003
5748	-4.156e-003	0.	0.24782	3.3478e-003
5752	-0.43208	0.	8.0872e-002	7.6851e-003
5757	-0.10639	0.	0.11043	1.7299e-002
5762	2.0464e-002	0.	0.217	4.2306e-003
5773	-0.54303	0.	0.11478	2.4471e-003
5777	-0.12668	0.	0.14545	1.0294e-002
5778	-0.15302	0.	0.18741	6.5526e-003
5782	0.2206	0.	0.30317	1.1143e-003
5786	0.14361	0.	0.31883	1.203e-003
5804	-1.3274e-002	0.	9.3936e-002	3.4621e-002
5805	-2.3388e-002	0.	7.8311e-002	4.4602e-002
5810	-0.95157	0.	0.3496	1.8034e-004
5814	0.68521	0.	0.35747	1.6595e-004
5816	-0.25152	0.	0.17796	7.965e-003
5817	-0.23914	0.	0.20057	5.5713e-003
5821	-2.4387e-002	0.	0.90473	4.0339e-005
5822	-1.8264e-002	0.	0.79268	8.1503e-005
5827	-0.79417	0.	0.15136	4.3569e-004
5831	-0.13641	0.	0.35255	1.1352e-003
5835	-0.89147	0.	0.25131	2.7568e-004
5860	-0.22797	0.	0.17139	8.1291e-003
5868	-3.1023e-002	0.	9.2431e-002	3.5921e-002
5875	-0.19309	0.	0.20139	5.044e-003
5883	-0.10149	0.	0.32659	1.6988e-003
