Node Number	X Location (m)	Y Location (m)	Z Location (m)	Total Magnetic Flux Density (T)
13	-0.24	0.	3.e-002	0.26197
14	-0.21818	0.	3.e-002	0.39368
15	-0.19636	0.	3.e-002	0.5404
16	-0.17455	0.	3.e-002	0.64036
17	-0.15273	0.	3.e-002	0.69749
18	-0.13091	0.	3.e-002	0.7276
19	-0.10909	0.	3.e-002	0.72562
20	-8.7273e-002	0.	3.e-002	0.69563
21	-6.5455e-002	0.	3.e-002	0.63241
22	-4.3636e-002	0.	3.e-002	0.5554
23	0.	0.	3.e-002	0.26445
24	-2.1818e-002	0.	3.e-002	0.37322
95	-2.1818e-002	0.	-3.e-002	0.37651
96	0.	0.	-3.e-002	0.24177
97	-4.3636e-002	0.	-3.e-002	0.53385
98	-6.5455e-002	0.	-3.e-002	0.62669
99	-8.7273e-002	0.	-3.e-002	0.7017
100	-0.10909	0.	-3.e-002	0.74776
101	-0.13091	0.	-3.e-002	0.74141
102	-0.15273	0.	-3.e-002	0.69643
103	-0.17455	0.	-3.e-002	0.64056
104	-0.19636	0.	-3.e-002	0.54133
105	-0.21818	0.	-3.e-002	0.3748
106	-0.24	0.	-3.e-002	0.2454
462	0.	0.	0.	0.21711
463	-0.24	0.	0.	0.21889
916	-3.8218e-002	0.	-2.4947e-019	0.49104
917	-7.6364e-002	0.	0.	0.65464
918	-0.12	0.	0.	0.72119
919	-0.16933	0.	0.	0.64886
920	-0.20727	0.	0.	0.47569
2128	-0.22909	0.	3.e-002	0.32379
2130	-0.24	0.	1.5e-002	0.23005
2137	-0.20727	0.	3.e-002	0.46585
2139	-0.22909	0.	1.5e-002	0.30247
2140	-0.21273	0.	1.5e-002	0.43144
2143	-0.18545	0.	3.e-002	0.59027
2145	-0.18285	0.	1.5e-002	0.59379
2146	-0.20182	0.	1.5e-002	0.50732
2149	-0.16364	0.	3.e-002	0.66881
2151	-0.17194	0.	1.5e-002	0.64424
2154	-0.14182	0.	3.e-002	0.71253
2156	-0.13636	0.	1.5e-002	0.70926
2157	-0.16103	0.	1.5e-002	0.67309
2160	-0.12	0.	3.e-002	0.72656
2162	-0.12545	0.	1.5e-002	0.72437
2165	-9.8182e-002	0.	3.e-002	0.71055
2167	-0.11455	0.	1.5e-002	0.7234
2170	-7.6364e-002	0.	3.e-002	0.66396
2172	-8.1818e-002	0.	1.5e-002	0.67504
2173	-0.10364	0.	1.5e-002	0.70828
2176	-5.4545e-002	0.	3.e-002	0.59373
2178	-5.1836e-002	0.	1.5e-002	0.56147
2179	-7.0909e-002	0.	1.5e-002	0.64323
2182	-3.2727e-002	0.	3.e-002	0.46282
2184	-4.0927e-002	0.	1.5e-002	0.52264
2186	-1.0909e-002	0.	3.e-002	0.3152
2188	0.	0.	1.5e-002	0.23055
2195	-1.0909e-002	0.	1.5e-002	0.29095
2196	-3.0018e-002	0.	1.5e-002	0.42888
2588	-1.0909e-002	0.	-3.e-002	0.30394
2589	-3.2727e-002	0.	-3.e-002	0.4543
2591	-1.0909e-002	0.	-1.5e-002	0.29399
2592	-3.0018e-002	0.	-1.5e-002	0.43009
2598	0.	0.	-1.5e-002	0.21963
2606	-5.4545e-002	0.	-3.e-002	0.57999
2608	-4.0927e-002	0.	-1.5e-002	0.51115
2611	-7.6364e-002	0.	-3.e-002	0.6641
2613	-5.1836e-002	0.	-1.5e-002	0.55827
2614	-7.0909e-002	0.	-1.5e-002	0.64039
2617	-9.8182e-002	0.	-3.e-002	0.72472
2619	-8.1818e-002	0.	-1.5e-002	0.67811
2620	-0.10364	0.	-1.5e-002	0.7114
2624	-0.12	0.	-3.e-002	0.74456
2626	-0.11455	0.	-1.5e-002	0.73446
2628	-0.14182	0.	-3.e-002	0.71882
2630	-0.12545	0.	-1.5e-002	0.7313
2633	-0.16364	0.	-3.e-002	0.66837
2635	-0.13636	0.	-1.5e-002	0.7087
2636	-0.16103	0.	-1.5e-002	0.67256
2639	-0.18545	0.	-3.e-002	0.59082
2641	-0.17194	0.	-1.5e-002	0.64435
2644	-0.20727	0.	-3.e-002	0.45689
2646	-0.18285	0.	-1.5e-002	0.59427
2647	-0.20182	0.	-1.5e-002	0.50775
2650	-0.22909	0.	-3.e-002	0.30546
2652	-0.22909	0.	-1.5e-002	0.29424
2653	-0.21273	0.	-1.5e-002	0.42202
2659	-0.24	0.	-1.5e-002	0.223
4868	-1.9109e-002	0.	-1.2473e-019	0.35275
4876	-0.22364	0.	0.	0.34603
7906	-5.7291e-002	0.	-1.2473e-019	0.57263
7912	-9.8182e-002	0.	0.	0.6879
7918	-0.14467	0.	0.	0.685
7924	-0.1883	0.	0.	0.56213
1	0.	0.	4.5e-002	0.11755
2	-2.1818e-002	0.	4.5e-002	9.4837e-002
3	-4.3636e-002	0.	4.5e-002	6.4662e-002
4	-6.5455e-002	0.	4.5e-002	4.5428e-002
5	-8.7273e-002	0.	4.5e-002	3.0201e-002
6	-0.10909	0.	4.5e-002	1.996e-002
7	-0.13091	0.	4.5e-002	1.991e-002
8	-0.15273	0.	4.5e-002	3.024e-002
9	-0.17455	0.	4.5e-002	4.5315e-002
10	-0.19636	0.	4.5e-002	6.4028e-002
11	-0.21818	0.	4.5e-002	9.2437e-002
12	-0.24	0.	4.5e-002	0.11416
13	-0.24	0.	3.e-002	0.11416
14	-0.21818	0.	3.e-002	9.2437e-002
15	-0.19636	0.	3.e-002	6.4028e-002
16	-0.17455	0.	3.e-002	4.5315e-002
17	-0.15273	0.	3.e-002	3.024e-002
18	-0.13091	0.	3.e-002	1.991e-002
19	-0.10909	0.	3.e-002	1.996e-002
20	-8.7273e-002	0.	3.e-002	3.0201e-002
21	-6.5455e-002	0.	3.e-002	4.5428e-002
22	-4.3636e-002	0.	3.e-002	6.4662e-002
23	0.	0.	3.e-002	0.11755
24	-2.1818e-002	0.	3.e-002	9.4837e-002
95	-2.1818e-002	0.	-3.e-002	9.4332e-002
96	0.	0.	-3.e-002	0.11687
97	-4.3636e-002	0.	-3.e-002	6.4005e-002
98	-6.5455e-002	0.	-3.e-002	4.5375e-002
99	-8.7273e-002	0.	-3.e-002	3.042e-002
100	-0.10909	0.	-3.e-002	1.9981e-002
101	-0.13091	0.	-3.e-002	1.9824e-002
102	-0.15273	0.	-3.e-002	3.0118e-002
103	-0.17455	0.	-3.e-002	4.5054e-002
104	-0.19636	0.	-3.e-002	6.3668e-002
105	-0.21818	0.	-3.e-002	9.3802e-002
106	-0.24	0.	-3.e-002	0.11621
199	-0.21818	0.	-4.5e-002	9.3802e-002
200	-0.24	0.	-4.5e-002	0.11621
201	-0.19636	0.	-4.5e-002	6.3668e-002
202	-0.17455	0.	-4.5e-002	4.5054e-002
203	-0.15273	0.	-4.5e-002	3.0118e-002
204	-0.13091	0.	-4.5e-002	1.9824e-002
205	-0.10909	0.	-4.5e-002	1.9981e-002
206	-8.7273e-002	0.	-4.5e-002	3.042e-002
207	-6.5455e-002	0.	-4.5e-002	4.5375e-002
208	-4.3636e-002	0.	-4.5e-002	6.4005e-002
209	-2.1818e-002	0.	-4.5e-002	9.4332e-002
210	0.	0.	-4.5e-002	0.11687
2052	-1.0909e-002	0.	4.5e-002	0.1059
2053	0.	0.	3.75e-002	0.11755
2059	-3.2727e-002	0.	4.5e-002	7.9001e-002
2060	-2.1818e-002	0.	3.75e-002	9.4837e-002
2067	-5.4545e-002	0.	4.5e-002	5.4917e-002
2068	-4.3636e-002	0.	3.75e-002	6.4662e-002
2073	-7.6364e-002	0.	4.5e-002	3.7525e-002
2074	-6.5455e-002	0.	3.75e-002	4.5428e-002
2079	-9.8182e-002	0.	4.5e-002	2.425e-002
2080	-8.7273e-002	0.	3.75e-002	3.0201e-002
2087	-0.12	0.	4.5e-002	1.8295e-002
2088	-0.10909	0.	3.75e-002	1.996e-002
2093	-0.14182	0.	4.5e-002	2.4239e-002
2094	-0.13091	0.	3.75e-002	1.991e-002
2101	-0.16364	0.	4.5e-002	3.7501e-002
2102	-0.15273	0.	3.75e-002	3.024e-002
2106	-0.18545	0.	4.5e-002	5.4557e-002
2107	-0.17455	0.	3.75e-002	4.5315e-002
2112	-0.20727	0.	4.5e-002	7.743e-002
2113	-0.19636	0.	3.75e-002	6.4028e-002
2117	-0.22909	0.	4.5e-002	0.10296
2118	-0.21818	0.	3.75e-002	9.2437e-002
2123	-0.24	0.	3.75e-002	0.11416
2128	-0.22909	0.	3.e-002	0.10296
2137	-0.20727	0.	3.e-002	7.743e-002
2143	-0.18545	0.	3.e-002	5.4557e-002
2149	-0.16364	0.	3.e-002	3.7501e-002
2154	-0.14182	0.	3.e-002	2.4239e-002
2160	-0.12	0.	3.e-002	1.8295e-002
2165	-9.8182e-002	0.	3.e-002	2.425e-002
2170	-7.6364e-002	0.	3.e-002	3.7525e-002
2176	-5.4545e-002	0.	3.e-002	5.4917e-002
2182	-3.2727e-002	0.	3.e-002	7.9001e-002
2186	-1.0909e-002	0.	3.e-002	0.1059
2588	-1.0909e-002	0.	-3.e-002	0.10533
2589	-3.2727e-002	0.	-3.e-002	7.8439e-002
2590	-2.1818e-002	0.	-3.75e-002	9.4332e-002
2597	0.	0.	-3.75e-002	0.11687
2606	-5.4545e-002	0.	-3.e-002	5.4559e-002
2607	-4.3636e-002	0.	-3.75e-002	6.4005e-002
2611	-7.6364e-002	0.	-3.e-002	3.7635e-002
2612	-6.5455e-002	0.	-3.75e-002	4.5375e-002
2617	-9.8182e-002	0.	-3.e-002	2.4358e-002
2618	-8.7273e-002	0.	-3.75e-002	3.042e-002
2624	-0.12	0.	-3.e-002	1.8306e-002
2625	-0.10909	0.	-3.75e-002	1.9981e-002
2628	-0.14182	0.	-3.e-002	2.4103e-002
2629	-0.13091	0.	-3.75e-002	1.9824e-002
2633	-0.16364	0.	-3.e-002	3.7314e-002
2634	-0.15273	0.	-3.75e-002	3.0118e-002
2639	-0.18545	0.	-3.e-002	5.4229e-002
2640	-0.17455	0.	-3.75e-002	4.5054e-002
2644	-0.20727	0.	-3.e-002	7.7995e-002
2645	-0.19636	0.	-3.75e-002	6.3668e-002
2650	-0.22909	0.	-3.e-002	0.10472
2651	-0.21818	0.	-3.75e-002	9.3802e-002
2658	-0.24	0.	-3.75e-002	0.11621
3268	-0.22909	0.	-4.5e-002	0.10472
3269	-0.20727	0.	-4.5e-002	7.7995e-002
3279	-0.18545	0.	-4.5e-002	5.4229e-002
3282	-0.16364	0.	-4.5e-002	3.7314e-002
3285	-0.14182	0.	-4.5e-002	2.4103e-002
3291	-0.12	0.	-4.5e-002	1.8306e-002
3295	-9.8182e-002	0.	-4.5e-002	2.4358e-002
3298	-7.6364e-002	0.	-4.5e-002	3.7635e-002
3303	-5.4545e-002	0.	-4.5e-002	5.4559e-002
3309	-3.2727e-002	0.	-4.5e-002	7.8439e-002
3312	-1.0909e-002	0.	-4.5e-002	0.10533
96	0.	0.	-3.e-002	8.8541e-002
106	-0.24	0.	-3.e-002	9.5095e-002
199	-0.21818	0.	-4.5e-002	5.5108e-002
200	-0.24	0.	-4.5e-002	6.4037e-002
201	-0.19636	0.	-4.5e-002	5.1833e-002
202	-0.17455	0.	-4.5e-002	3.8768e-002
203	-0.15273	0.	-4.5e-002	3.13e-002
204	-0.13091	0.	-4.5e-002	2.8217e-002
205	-0.10909	0.	-4.5e-002	2.988e-002
206	-8.7273e-002	0.	-4.5e-002	3.2328e-002
207	-6.5455e-002	0.	-4.5e-002	3.6912e-002
208	-4.3636e-002	0.	-4.5e-002	4.8283e-002
209	-2.1818e-002	0.	-4.5e-002	5.6485e-002
210	0.	0.	-4.5e-002	6.8616e-002
283	1.	0.	-9.5e-002	7.3349e-005
284	1.	0.	-0.19	6.8128e-005
285	1.	0.	-0.285	5.8968e-005
286	1.	0.	-0.38	4.9148e-005
287	1.	0.	-0.475	4.3217e-005
288	1.	0.	-0.57	3.3132e-005
289	1.	0.	-0.665	2.3723e-005
290	1.	0.	-0.76	1.8284e-005
291	1.	0.	-0.855	1.0923e-005
292	1.	0.	-0.95	4.7464e-006
303	0.90667	0.	-1.045	4.7018e-006
304	0.81333	0.	-1.045	1.106e-005
305	0.72	0.	-1.045	1.6177e-005
306	0.62667	0.	-1.045	1.973e-005
307	0.53333	0.	-1.045	2.3807e-005
308	0.44	0.	-1.045	2.8347e-005
309	0.34667	0.	-1.045	2.9968e-005
310	0.25333	0.	-1.045	2.8743e-005
311	0.16	0.	-1.045	2.6733e-005
312	6.6667e-002	0.	-1.045	1.9383e-005
313	-2.6667e-002	0.	-1.045	1.0852e-005
314	-0.12	0.	-1.045	4.496e-006
315	-0.21333	0.	-1.045	1.2576e-005
316	-0.30667	0.	-1.045	1.9926e-005
317	-0.4	0.	-1.045	2.5347e-005
318	-0.49333	0.	-1.045	2.8282e-005
319	-0.58667	0.	-1.045	2.9097e-005
320	-0.68	0.	-1.045	2.69e-005
321	-0.77333	0.	-1.045	2.4351e-005
322	-0.86667	0.	-1.045	1.8379e-005
323	-0.96	0.	-1.045	1.5227e-005
324	-1.0533	0.	-1.045	1.0515e-005
325	-1.1467	0.	-1.045	5.2403e-006
331	-1.24	0.	-0.95	5.2328e-006
332	-1.24	0.	-0.855	1.0392e-005
333	-1.24	0.	-0.76	1.9089e-005
334	-1.24	0.	-0.665	2.4038e-005
335	-1.24	0.	-0.57	3.2877e-005
336	-1.24	0.	-0.475	4.3578e-005
337	-1.24	0.	-0.38	5.009e-005
338	-1.24	0.	-0.285	5.8445e-005
339	-1.24	0.	-0.19	6.6664e-005
340	-1.24	0.	-9.5e-002	7.3721e-005
346	9.0909e-002	0.	0.	1.1512e-002
347	0.18182	0.	0.	2.9359e-003
348	0.27273	0.	0.	1.1533e-003
349	0.36364	0.	0.	7.1523e-004
350	0.45455	0.	0.	4.0986e-004
351	0.54545	0.	0.	2.3568e-004
352	0.63636	0.	0.	1.5628e-004
353	0.72727	0.	0.	1.2286e-004
354	0.81818	0.	0.	9.3038e-005
355	0.90909	0.	0.	7.678e-005
356	-1.1491	0.	0.	7.6994e-005
357	-1.0582	0.	0.	9.305e-005
358	-0.96727	0.	0.	1.3084e-004
359	-0.87636	0.	0.	1.6923e-004
360	-0.78545	0.	0.	2.4617e-004
361	-0.69455	0.	0.	4.1521e-004
362	-0.60364	0.	0.	6.8749e-004
363	-0.51273	0.	0.	1.2976e-003
364	-0.42182	0.	0.	3.984e-003
365	-0.33091	0.	0.	1.2848e-002
462	0.	0.	0.	0.13947
463	-0.24	0.	0.	0.14055
468	1.	0.	-1.045	2.9366e-006
469	1.	0.	0.	7.4315e-005
470	-1.24	0.	-1.045	2.8466e-006
471	-1.24	0.	0.	7.3833e-005
476	4.5455e-002	0.	0.	5.1296e-002
477	-0.28545	0.	0.	4.714e-002
653	0.12954	0.	-0.55552	1.5361e-004
654	-0.34641	0.	-0.51913	2.1405e-004
655	2.9468e-003	0.	-0.29083	1.0937e-003
656	-0.30564	0.	-0.28676	1.2699e-003
657	-0.80333	0.	-0.51	1.0021e-004
658	0.56333	0.	-0.51	8.8468e-005
659	-7.7424e-002	0.	-0.17	4.7984e-003
660	-0.2672	0.	-0.15393	5.8704e-003
661	-0.55333	0.	-0.4025	2.6363e-004
662	0.25505	0.	-0.26372	7.5622e-004
663	-0.19498	0.	-0.39807	4.6967e-004
664	-0.11601	0.	-0.55542	1.4601e-004
665	-0.48694	0.	-0.79945	4.9821e-005
666	0.23667	0.	-0.795	4.7119e-005
667	-0.18335	0.	-0.80256	3.6944e-005
668	0.64699	0.	-0.79914	3.0317e-005
669	-0.8622	0.	-0.80229	3.1074e-005
670	-0.12415	0.	-0.288	1.0618e-003
671	0.58968	0.	-0.37065	1.308e-004
672	-0.89798	0.	-0.17698	1.2439e-004
673	-0.11189	0.	-0.1347	8.251e-003
674	0.26252	0.	-0.53808	1.5146e-004
675	-7.7489e-002	0.	-0.71828	6.0082e-005
676	-0.6004	0.	-0.26833	3.6336e-004
677	-0.37628	0.	-0.19566	1.7945e-003
678	-0.14211	0.	-9.6505e-002	1.4125e-002
679	0.35669	0.	-0.69787	6.8716e-005
680	-0.60327	0.	-0.73188	5.1452e-005
681	0.46586	0.	-0.43671	1.6008e-004
682	-1.0873	0.	-0.40851	6.0322e-005
683	-7.0121e-002	0.	-0.46995	2.7047e-004
684	0.1637	0.	-0.22607	1.1883e-003
685	0.85444	0.	-0.55	4.0357e-005
686	-5.4582e-002	0.	-9.2222e-002	1.7394e-002
687	-0.16375	0.	-0.14222	7.4565e-003
688	0.47223	0.	-0.28776	2.2655e-004
689	8.3737e-002	0.	-0.46167	2.7436e-004
690	-1.0016	0.	-0.5966	3.6438e-005
691	0.81563	0.	-0.24718	7.7469e-005
692	7.6478e-003	0.	-0.9151	2.0835e-005
693	-5.303e-004	0.	-0.1075	1.6325e-002
694	-0.27772	0.	-0.69043	7.8328e-005
695	9.1082e-002	0.	-0.17919	2.8874e-003
696	-0.19097	0.	-9.3611e-002	1.9315e-002
697	-0.26565	0.	-0.10018	1.4626e-002
698	-0.43628	0.	-0.36222	4.5715e-004
699	-0.14733	0.	-0.21861	2.2412e-003
700	-0.35083	0.	-0.42129	3.8997e-004
701	0.11788	0.	-0.74869	5.9647e-005
702	-0.62326	0.	-0.88488	3.4744e-005
703	0.3774	0.	-0.87461	3.6362e-005
704	-0.85798	0.	-0.34	1.1732e-004
705	-1.103	0.	-0.80092	1.5303e-005
706	0.83045	0.	-0.79397	1.8888e-005
707	0.42016	0.	-0.14988	3.8816e-004
708	-0.32167	0.	-0.795	5.1115e-005
709	-0.75652	0.	-0.21917	2.4788e-004
710	0.62145	0.	-0.13844	1.5936e-004
711	-1.1019	0.	-0.26442	7.0462e-005
712	-0.69683	0.	-0.39103	1.8433e-004
713	-0.56176	0.	-0.53456	1.481e-004
714	0.13825	0.	-0.37484	4.4677e-004
715	-0.22533	0.	-0.25681	1.6773e-003
716	-0.23188	0.	-0.54114	1.6744e-004
717	3.3333e-003	0.	-0.545	1.8734e-004
718	-0.39443	0.	-0.686	8.0992e-005
719	0.26589	0.	-0.38962	2.8662e-004
720	0.20006	0.	-0.66006	9.4113e-005
721	-9.3279e-002	0.	-9.7816e-002	1.5131e-002
722	-3.5577e-002	0.	-0.2225	2.4933e-003
723	-0.73361	0.	-0.73875	5.0346e-005
724	0.49114	0.	-0.75123	4.534e-005
725	0.71371	0.	-0.44595	6.8463e-005
726	0.40184	0.	-0.55545	1.0697e-004
727	-4.1414e-002	0.	-0.37833	5.5953e-004
728	0.74806	0.	-0.66375	3.4213e-005
729	-0.57524	0.	-0.12743	6.7621e-004
730	-0.49002	0.	-0.21876	8.7019e-004
731	-0.36186	0.	-9.7884e-002	5.1948e-003
732	-0.22198	0.	-0.32306	7.9563e-004
733	0.35776	0.	-0.27932	3.9814e-004
734	-0.44991	0.	-0.47071	2.6552e-004
735	-0.9429	0.	-0.48217	6.0117e-005
736	-0.2675	0.	-0.92	2.4865e-005
737	-0.20807	0.	-0.18811	3.633e-003
738	4.7496e-002	0.	-0.66381	9.5966e-005
739	-0.86536	0.	-0.95176	2.0738e-005
740	0.62794	0.	-0.95566	2.0303e-005
741	0.87906	0.	-0.13012	7.8077e-005
742	-0.86381	0.	-0.63504	5.0266e-005
743	0.6025	0.	-0.64375	5.4892e-005
744	8.048e-002	0.	-0.26667	1.0852e-003
745	-0.45715	0.	-0.10781	1.8319e-003
746	0.11013	0.	-0.84573	3.6865e-005
747	-0.13064	0.	-0.93565	1.0597e-005
748	-0.12856	0.	-0.17347	3.9582e-003
749	-6.1886e-002	0.	-0.12523	1.0242e-002
750	-0.40172	0.	-0.93562	2.7912e-005
751	-0.64409	0.	-0.62796	8.4942e-005
752	0.87139	0.	-0.38837	5.5462e-005
753	8.6092e-002	0.	-8.6458e-002	7.0847e-003
754	3.5e-002	0.	-6.178e-002	2.4684e-002
755	-0.21781	0.	-0.12674	1.0233e-002
756	0.19125	0.	-0.92381	3.1518e-005
757	-0.20393	0.	-0.61737	9.9672e-005
758	4.0997e-002	0.	-0.36417	5.3163e-004
759	-0.68639	0.	-0.53062	1.1291e-004
760	-1.1333	0.	-0.66235	2.5977e-005
761	0.32329	0.	-0.13896	6.8013e-004
762	-0.99211	0.	-0.35049	7.9506e-005
763	0.73062	0.	-0.89746	1.5818e-005
764	-0.98038	0.	-0.87245	1.7151e-005
765	0.89446	0.	-0.66616	2.4709e-005
766	-0.27276	0.	-4.7569e-002	4.149e-002
767	0.1791	0.	-0.46485	2.9669e-004
768	-0.1129	0.	-0.39917	4.345e-004
769	-0.28009	0.	-0.37177	5.7209e-004
770	-0.26105	0.	-0.45409	3.1713e-004
771	2.8236e-003	0.	-0.44863	3.1094e-004
772	-4.4768e-002	0.	-0.62144	1.0476e-004
773	-0.18	0.	-0.70125	6.6998e-005
774	-0.43199	0.	-0.57827	1.1819e-004
775	-6.6515e-002	0.	-0.295	1.1538e-003
776	-9.3552e-002	0.	-0.22556	2.1323e-003
777	0.85558	0.	-0.94486	8.0616e-006
778	-1.0984	0.	-0.94461	9.2455e-006
779	-1.1311	0.	-0.11252	7.7267e-005
780	-0.11135	0.	-6.6847e-002	2.349e-002
781	0.68593	0.	-0.5556	4.8947e-005
782	0.3565	0.	-0.46819	1.7e-004
783	-0.17185	0.	-6.9306e-002	2.9315e-002
784	3.971e-002	0.	-0.21833	2.3275e-003
785	0.74449	0.	-0.11689	1.0912e-004
786	-0.28745	0.	-0.22069	2.5301e-003
787	-0.23084	0.	-7.597e-002	3.4591e-002
788	-0.14383	0.	-6.8836e-002	2.4445e-002
789	-0.703	0.	-8.6895e-002	3.4282e-004
790	0.48087	0.	-0.63208	7.5351e-005
791	0.2844	0.	-0.92432	3.2709e-005
792	-0.99063	0.	-0.72579	2.9149e-005
793	-0.52275	0.	-0.65173	8.8983e-005
794	-2.3933e-003	0.	-7.135e-002	3.9255e-002
795	0.16328	0.	-0.12615	2.2714e-003
796	4.0372e-002	0.	-0.14021	6.7577e-003
797	-0.50864	0.	-0.3118	4.866e-004
798	-0.40479	0.	-0.27576	8.419e-004
799	-7.68e-002	0.	-0.82464	2.9456e-005
800	1.2249e-002	0.	-0.78438	4.4081e-005
801	-0.20187	0.	-6.6049e-002	3.7076e-002
802	-0.84904	0.	-8.5e-002	1.7396e-004
803	-0.1621	0.	-0.47317	2.9249e-004
804	-3.8359e-002	0.	-6.5833e-002	3.5126e-002
805	0.10294	0.	-0.94036	2.5889e-005
806	-7.4915e-002	0.	-6.8687e-002	2.7584e-002
807	-0.30504	0.	-7.4966e-002	1.192e-002
808	-1.0127	0.	-0.14187	1.0115e-004
809	-1.1042	0.	-0.52802	4.006e-005
810	-0.52275	0.	-0.93328	3.186e-005
811	0.71348	0.	-0.3025	9.4554e-005
812	0.51889	0.	-0.1467	2.8639e-004
813	-0.31667	0.	-0.6075	1.2118e-004
814	-9.6902e-002	0.	-0.34179	6.9603e-004
815	-0.15228	0.	-0.34057	8.1279e-004
816	0.22621	0.	-0.17145	1.1137e-003
817	-0.32707	0.	-0.16194	4.1897e-003
818	-0.36054	0.	-0.33301	6.4609e-004
819	-0.75324	0.	-0.6003	6.9687e-005
820	0.57295	0.	-0.25219	1.726e-004
821	0.51947	0.	-0.91177	2.851e-005
822	-0.74961	0.	-0.9008	2.9122e-005
823	-3.4875e-002	0.	-0.15658	5.4934e-003
824	-0.17394	0.	-0.28407	1.298e-003
825	0.1793	0.	-0.30208	6.8462e-004
826	-1.1672	0.	-0.35417	5.393e-005
2597	0.	0.	-3.75e-002	7.6595e-002
2598	0.	0.	-1.5e-002	0.11056
2599	2.2727e-002	0.	-1.5e-002	6.8242e-002
2600	1.75e-002	0.	-4.589e-002	5.6403e-002
2658	-0.24	0.	-3.75e-002	7.7121e-002
2659	-0.24	0.	-1.5e-002	0.11571
2660	-0.26273	0.	-1.5e-002	7.0116e-002
2661	-0.25638	0.	-3.8784e-002	6.8023e-002
3268	-0.22909	0.	-4.5e-002	5.712e-002
3269	-0.20727	0.	-4.5e-002	5.2598e-002
3270	-0.22451	0.	-6.0485e-002	4.4682e-002
3271	-0.21002	0.	-5.5524e-002	4.5651e-002
3275	-0.25638	0.	-4.6284e-002	5.2047e-002
3276	-0.23542	0.	-6.0485e-002	4.8415e-002
3279	-0.18545	0.	-4.5e-002	4.4863e-002
3280	-0.18411	0.	-5.7153e-002	4.0107e-002
3281	-0.19912	0.	-5.5524e-002	4.4283e-002
3282	-0.16364	0.	-4.5e-002	3.4742e-002
3283	-0.1732	0.	-5.7153e-002	3.4024e-002
3285	-0.14182	0.	-4.5e-002	2.9393e-002
3286	-0.16229	0.	-5.7153e-002	3.0084e-002
3287	-0.14828	0.	-5.6918e-002	2.7646e-002
3291	-0.12	0.	-4.5e-002	2.7766e-002
3292	-0.12113	0.	-5.5924e-002	2.5216e-002
3293	-0.13737	0.	-5.6918e-002	2.632e-002
3295	-9.8182e-002	0.	-4.5e-002	3.0743e-002
3296	-0.11022	0.	-5.5924e-002	2.6611e-002
3298	-7.6364e-002	0.	-4.5e-002	3.4063e-002
3299	-9.931e-002	0.	-5.5924e-002	2.7228e-002
3300	-8.1094e-002	0.	-5.6843e-002	2.986e-002
3303	-5.4545e-002	0.	-4.5e-002	4.2374e-002
3304	-5.1907e-002	0.	-5.5417e-002	3.5693e-002
3305	-7.0185e-002	0.	-5.6843e-002	3.2046e-002
3309	-3.2727e-002	0.	-4.5e-002	5.1656e-002
3310	-4.0997e-002	0.	-5.5417e-002	4.1664e-002
3312	-1.0909e-002	0.	-4.5e-002	6.0443e-002
3313	-1.2106e-002	0.	-5.8175e-002	4.7603e-002
3314	-3.0088e-002	0.	-5.5417e-002	4.542e-002
3318	1.75e-002	0.	-5.339e-002	4.6364e-002
3319	-1.1967e-003	0.	-5.8175e-002	5.3278e-002
3808	1.	0.	-0.1425	7.0726e-005
3810	0.95455	0.	-4.75e-002	7.5063e-005
3811	1.	0.	-4.75e-002	7.3828e-005
3812	0.93953	0.	-0.11256	7.5692e-005
3816	1.	0.	-0.2375	6.3536e-005
3817	0.90781	0.	-0.21859	7.2645e-005
3818	0.93953	0.	-0.16006	7.3102e-005
3822	1.	0.	-0.3325	5.4051e-005
3823	0.90781	0.	-0.26609	6.8147e-005
3824	0.9357	0.	-0.33669	5.705e-005
3830	1.	0.	-0.4275	4.6171e-005
3831	0.9357	0.	-0.38419	5.2145e-005
3833	1.	0.	-0.5225	3.8163e-005
3834	0.92722	0.	-0.5125	4.1437e-005
3835	0.9357	0.	-0.43169	4.9255e-005
3838	1.	0.	-0.6175	2.8422e-005
3839	0.92722	0.	-0.56	3.6499e-005
3840	0.94723	0.	-0.61808	2.8846e-005
3847	1.	0.	-0.7125	2.098e-005
3848	0.94723	0.	-0.66558	2.4133e-005
3850	1.	0.	-0.8075	1.4541e-005
3851	0.91523	0.	-0.77699	1.8182e-005
3852	0.94723	0.	-0.71308	2.1483e-005
3856	1.	0.	-0.9025	7.7843e-006
3857	0.91523	0.	-0.82449	1.4815e-005
3858	0.92779	0.	-0.89993	9.204e-006
3863	0.95333	0.	-0.9975	4.6032e-006
3864	1.	0.	-0.9975	3.8042e-006
3865	0.92779	0.	-0.94743	6.356e-006
3934	0.86	0.	-1.045	7.8616e-006
3935	0.95333	0.	-1.045	3.7668e-006
3936	0.88112	0.	-0.99493	6.352e-006
3939	0.76667	0.	-1.045	1.358e-005
3940	0.77198	0.	-0.97123	1.3422e-005
3941	0.83446	0.	-0.99493	9.4183e-006
3945	0.67333	0.	-1.045	1.7946e-005
3946	0.67397	0.	-1.0003	1.8226e-005
3947	0.72531	0.	-0.97123	1.5873e-005
3949	0.58	0.	-1.045	2.1768e-005
3950	0.62731	0.	-1.0003	1.9971e-005
3954	0.48667	0.	-1.045	2.6071e-005
3955	0.58064	0.	-1.0003	2.2e-005
3956	0.5264	0.	-0.97839	2.613e-005
3960	0.39333	0.	-1.045	2.915e-005
3961	0.4087	0.	-0.95981	3.2348e-005
3962	0.47973	0.	-0.97839	2.8363e-005
3964	0.3	0.	-1.045	2.9342e-005
3965	0.36203	0.	-0.95981	3.3145e-005
3966	0.31553	0.	-0.98466	3.1321e-005
3970	0.20667	0.	-1.045	2.7729e-005
3971	0.22229	0.	-0.98441	3.0097e-005
3972	0.26887	0.	-0.98466	3.0724e-005
3976	0.11333	0.	-1.045	2.302e-005
3977	0.17563	0.	-0.98441	2.9116e-005
3978	0.13147	0.	-0.99268	2.6211e-005
3981	2.e-002	0.	-1.045	1.4987e-005
3982	3.7157e-002	0.	-0.98005	1.9564e-005
3983	8.4805e-002	0.	-0.99268	2.2624e-005
3987	-7.3333e-002	0.	-1.045	6.1358e-006
3988	-9.5095e-003	0.	-0.98005	1.5778e-005
3989	-7.8656e-002	0.	-0.99032	8.9502e-006
3994	-0.16667	0.	-1.045	8.0664e-006
3995	-0.12532	0.	-0.99032	7.4863e-006
3997	-0.26	0.	-1.045	1.6095e-005
3998	-0.24042	0.	-0.9825	1.8671e-005
3999	-0.17199	0.	-0.99032	1.0081e-005
4004	-0.35333	0.	-1.045	2.2611e-005
4005	-0.28708	0.	-0.9825	2.1866e-005
4006	-0.35419	0.	-0.99031	2.3917e-005
4010	-0.44667	0.	-1.045	2.6808e-005
4011	-0.40086	0.	-0.99031	2.6581e-005
4013	-0.54	0.	-1.045	2.8681e-005
4014	-0.44753	0.	-0.99031	2.8009e-005
4015	-0.50804	0.	-0.98914	3.0063e-005
4019	-0.63333	0.	-1.045	2.7987e-005
4020	-0.60496	0.	-0.96494	3.1888e-005
4021	-0.55471	0.	-0.98914	3.0445e-005
4026	-0.72667	0.	-1.045	2.5623e-005
4027	-0.65163	0.	-0.96494	3.0818e-005
4028	-0.7148	0.	-0.9729	2.7921e-005
4032	-0.82	0.	-1.045	2.1363e-005
4033	-0.81935	0.	-0.99838	2.2522e-005
4034	-0.76147	0.	-0.9729	2.6676e-005
4037	-0.91333	0.	-1.045	1.6791e-005
4038	-0.86602	0.	-0.99838	1.9534e-005
4042	-1.0067	0.	-1.045	1.2861e-005
4043	-0.91268	0.	-0.99838	1.798e-005
4044	-0.97019	0.	-0.95873	1.5951e-005
4046	-1.1	0.	-1.045	7.7767e-006
4047	-1.0169	0.	-0.95873	1.3719e-005
4048	-1.0758	0.	-0.99481	9.7589e-006
4052	-1.1933	0.	-0.9975	5.0966e-006
4053	-1.1933	0.	-1.045	4.0233e-006
4054	-1.1225	0.	-0.99481	7.2421e-006
4083	-1.24	0.	-0.9025	7.7744e-006
4084	-1.24	0.	-0.9975	4.0097e-006
4085	-1.1692	0.	-0.94731	7.0433e-006
4088	-1.24	0.	-0.8075	1.4734e-005
4089	-1.1715	0.	-0.82796	1.277e-005
4090	-1.1692	0.	-0.89981	9.2454e-006
4094	-1.24	0.	-0.7125	2.1517e-005
4095	-1.1715	0.	-0.78046	1.7031e-005
4096	-1.1866	0.	-0.71118	2.2522e-005
4100	-1.24	0.	-0.6175	2.8452e-005
4101	-1.1866	0.	-0.66368	2.4894e-005
4103	-1.24	0.	-0.5225	3.8221e-005
4104	-1.1866	0.	-0.61618	2.933e-005
4105	-1.1721	0.	-0.54901	3.6271e-005
4110	-1.24	0.	-0.4275	4.68e-005
4111	-1.1636	0.	-0.44175	5.1752e-005
4112	-1.1721	0.	-0.50151	4.1518e-005
4113	-1.2036	0.	-0.41458	4.8753e-005
4117	-1.24	0.	-0.3325	5.4265e-005
4118	-1.2036	0.	-0.36708	5.1974e-005
4120	-1.24	0.	-0.2375	6.2553e-005
4121	-1.1709	0.	-0.27471	6.4375e-005
4122	-1.2036	0.	-0.31958	5.6164e-005
4126	-1.24	0.	-0.1425	7.0175e-005
4127	-1.1709	0.	-0.22721	6.8465e-005
4128	-1.1856	0.	-0.15126	7.1965e-005
4134	-1.1945	0.	-4.75e-002	7.5356e-005
4135	-1.24	0.	-4.75e-002	7.3772e-005
4136	-1.1856	0.	-0.10376	7.5478e-005
4173	0.13636	0.	0.	7.2239e-003
4174	6.8182e-002	0.	0.	3.14e-002
4177	8.8501e-002	0.	-4.3229e-002	8.998e-003
4178	6.2955e-002	0.	-3.089e-002	1.7288e-002
4185	0.22727	0.	0.	2.0358e-003
4188	0.13396	0.	-4.3229e-002	4.8652e-003
4189	0.17255	0.	-6.3075e-002	2.5069e-003
4197	0.31818	0.	0.	9.3176e-004
4200	0.29801	0.	-6.9479e-002	9.0852e-004
4201	0.21801	0.	-6.3075e-002	1.6461e-003
4202	0.24947	0.	-8.5727e-002	1.0923e-003
4207	0.40909	0.	0.	5.6227e-004
4210	0.3919	0.	-7.494e-002	5.4661e-004
4211	0.34346	0.	-6.9479e-002	6.8704e-004
4217	0.5	0.	0.	3.2276e-004
4219	0.43735	0.	-7.494e-002	3.9451e-004
4220	0.48672	0.	-7.3351e-002	3.4639e-004
4225	0.59091	0.	0.	1.959e-004
4228	0.58345	0.	-6.9221e-002	1.9726e-004
4229	0.53217	0.	-7.3351e-002	2.5977e-004
4234	0.68182	0.	0.	1.395e-004
4237	0.62891	0.	-6.9221e-002	1.5743e-004
4238	0.69043	0.	-5.8446e-002	1.3259e-004
4242	0.77273	0.	0.	1.0787e-004
4244	0.73588	0.	-5.8446e-002	1.1567e-004
4246	0.86364	0.	0.	8.4869e-005
4249	0.84862	0.	-6.5062e-002	8.5523e-005
4250	0.78134	0.	-5.8446e-002	1.0099e-004
4257	0.95455	0.	0.	7.5546e-005
4259	0.89407	0.	-6.5062e-002	7.7399e-005
4261	-1.1036	0.	0.	8.4989e-005
4263	-1.1945	0.	0.	7.5412e-005
4265	-1.1401	0.	-5.6262e-002	7.7105e-005
4268	-1.0127	0.	0.	1.1189e-004
4271	-1.0947	0.	-5.6262e-002	8.5134e-005
4272	-1.0354	0.	-7.0937e-002	9.6916e-005
4278	-0.92182	0.	0.	1.4996e-004
4280	-0.90816	0.	-4.25e-002	1.5217e-004
4281	-0.98997	0.	-7.0937e-002	1.1578e-004
4283	-0.83091	0.	0.	2.0763e-004
4286	-0.8627	0.	-4.25e-002	1.7127e-004
4290	-0.74	0.	0.	3.3066e-004
4293	-0.74422	0.	-4.3447e-002	2.9394e-004
4294	-0.81725	0.	-4.25e-002	2.0987e-004
4300	-0.64909	0.	0.	5.5088e-004
4302	-0.69877	0.	-4.3447e-002	3.7791e-004
4307	-0.55818	0.	0.	9.9239e-004
4310	-0.58944	0.	-6.3715e-002	6.736e-004
4311	-0.65332	0.	-4.3447e-002	5.1456e-004
4318	-0.46727	0.	0.	2.6386e-003
4321	-0.54398	0.	-6.3715e-002	9.786e-004
4322	-0.48494	0.	-5.3904e-002	1.5374e-003
4327	-0.37636	0.	0.	8.4126e-003
4330	-0.39184	0.	-4.8942e-002	4.486e-003
4331	-0.43949	0.	-5.3904e-002	2.8814e-003
4338	-0.30818	0.	0.	2.9993e-002
4341	-0.34639	0.	-4.8942e-002	8.8993e-003
4342	-0.30183	0.	-2.3784e-002	2.6552e-002
4343	-0.31797	0.	-3.7483e-002	1.1993e-002
4866	2.2727e-002	0.	0.	9.5316e-002
4874	-0.26273	0.	0.	9.3767e-002
4884	4.0227e-002	0.	-3.089e-002	3.6243e-002
4895	-0.27911	0.	-2.3784e-002	4.2805e-002
5988	0.19603	0.	-0.5468	1.4842e-004
5989	0.10664	0.	-0.50859	2.1391e-004
5990	6.6437e-002	0.	-0.55026	1.6194e-004
5991	0.1648	0.	-0.60779	1.2322e-004
5992	8.8519e-002	0.	-0.60966	1.2307e-004
5993	0.15432	0.	-0.51019	2.2177e-004
5997	-0.34862	0.	-0.47021	3.0195e-004
5998	-0.28914	0.	-0.53014	1.8071e-004
5999	-0.39816	0.	-0.49492	2.3695e-004
6000	-0.30373	0.	-0.48661	2.6116e-004
6001	-0.3892	0.	-0.5487	1.6581e-004
6002	-0.33154	0.	-0.56332	1.6495e-004
6008	-1.6315e-002	0.	-0.25667	1.7932e-003
6009	-1.9234e-002	0.	-0.33458	8.1644e-004
6010	4.1713e-002	0.	-0.27875	1.0518e-003
6011	2.1972e-002	0.	-0.3275	8.112e-004
6012	-3.1784e-002	0.	-0.29292	1.0947e-003
6013	2.1328e-002	0.	-0.25458	1.6752e-003
6017	-0.34096	0.	-0.24121	1.4436e-003
6018	-0.26549	0.	-0.27178	1.4387e-003
6019	-0.26381	0.	-0.30491	9.9399e-004
6020	-0.29287	0.	-0.32926	9.1687e-004
6021	-0.29654	0.	-0.25373	1.8994e-003
6022	-0.35522	0.	-0.28126	1.0346e-003
6023	-0.33309	0.	-0.30989	9.5598e-004
6028	-0.83066	0.	-0.425	1.0743e-004
6029	-0.75008	0.	-0.45051	1.4225e-004
6030	-0.87312	0.	-0.49609	7.9586e-005
6031	-0.83357	0.	-0.57252	7.5208e-005
6032	-0.74486	0.	-0.52031	1.0583e-004
6033	-0.77829	0.	-0.55515	8.4457e-005
6038	0.57651	0.	-0.44032	1.094e-004
6039	0.5146	0.	-0.47335	1.2423e-004
6040	0.63852	0.	-0.47798	7.7725e-005
6041	0.48259	0.	-0.53272	9.6402e-005
6042	0.58292	0.	-0.57687	7.1521e-005
6043	0.62463	0.	-0.5328	6.8543e-005
6044	0.5221	0.	-0.57104	8.116e-005
6049	-9.4657e-002	0.	-0.15235	6.3829e-003
6050	-5.6501e-002	0.	-0.19625	3.5951e-003
6051	-0.10299	0.	-0.17174	4.183e-003
6052	-6.9655e-002	0.	-0.14762	7.4526e-003
6053	-8.5488e-002	0.	-0.19778	3.4518e-003
6054	-5.615e-002	0.	-0.16329	4.9698e-003
6057	-0.26643	0.	-0.12705	1.0158e-002
6058	-0.23764	0.	-0.17102	4.5296e-003
6059	-0.24251	0.	-0.14033	7.9219e-003
6060	-0.27733	0.	-0.18731	4.1843e-003
6061	-0.29714	0.	-0.15793	4.9457e-003
6066	-0.57687	0.	-0.33542	3.0873e-004
6067	-0.49481	0.	-0.38236	3.581e-004
6068	-0.62508	0.	-0.39676	2.22e-004
6069	-0.55755	0.	-0.46853	2.0464e-004
6070	-0.50162	0.	-0.43661	2.5913e-004
6071	-0.61986	0.	-0.46656	1.8821e-004
6072	-0.53099	0.	-0.35715	3.7481e-004
6076	0.20937	0.	-0.24489	9.706e-004
6077	0.26047	0.	-0.32667	5.1641e-004
6078	0.3064	0.	-0.27152	5.7484e-004
6079	0.28917	0.	-0.20134	6.9732e-004
6080	0.24063	0.	-0.21758	9.2926e-004
6081	0.21717	0.	-0.2829	7.0658e-004
6085	-0.20848	0.	-0.36057	6.2711e-004
6086	-0.15394	0.	-0.39862	4.2859e-004
6087	-0.23754	0.	-0.38492	4.9535e-004
6088	-0.22801	0.	-0.42608	3.8682e-004
6089	-0.17854	0.	-0.43562	3.8e-004
6090	-0.17363	0.	-0.36932	6.3727e-004
6093	-9.3066e-002	0.	-0.51268	2.0422e-004
6094	-0.17395	0.	-0.54828	1.5032e-004
6095	-5.6338e-002	0.	-0.55021	1.569e-004
6096	-0.15997	0.	-0.58639	1.2139e-004
6097	-8.0389e-002	0.	-0.58843	1.2168e-004
6098	-0.13906	0.	-0.51429	2.1624e-004
6102	-0.54511	0.	-0.76566	5.0309e-005
6103	-0.5551	0.	-0.84216	4.2107e-005
6104	-0.4043	0.	-0.79722	4.9407e-005
6105	-0.44069	0.	-0.74272	6.4911e-005
6106	-0.44433	0.	-0.86753	3.8797e-005
6107	-0.50484	0.	-0.72559	6.93e-005
6108	-0.50484	0.	-0.86636	4.0823e-005
6114	0.29668	0.	-0.74644	5.7112e-005
6115	0.17727	0.	-0.77185	5.2715e-005
6116	0.30703	0.	-0.83481	4.1528e-005
6117	0.21836	0.	-0.72753	7.0576e-005
6118	0.1734	0.	-0.82036	4.1635e-005
6119	0.21396	0.	-0.85941	3.9314e-005
6120	0.26053	0.	-0.85966	3.9885e-005
6124	-0.13042	0.	-0.76042	4.5984e-005
6125	-0.23053	0.	-0.7465	5.6302e-005
6126	-0.25251	0.	-0.79878	4.1072e-005
6127	-0.22543	0.	-0.86128	2.9454e-005
6128	-0.157	0.	-0.86911	2.3637e-005
6129	-0.18168	0.	-0.75191	5.1962e-005
6130	-0.13008	0.	-0.8136	3.164e-005
6135	0.73872	0.	-0.79655	2.4109e-005
6136	0.56906	0.	-0.77518	3.7733e-005
6137	0.69752	0.	-0.73144	3.1575e-005
6138	0.63747	0.	-0.8774	2.5064e-005
6139	0.62475	0.	-0.72144	4.255e-005
6140	0.68881	0.	-0.8483	2.303e-005
6141	0.58323	0.	-0.85545	2.9012e-005
6148	-0.79791	0.	-0.77052	4.0679e-005
6149	-0.86378	0.	-0.87702	2.5647e-005
6150	-0.86301	0.	-0.71867	4.0442e-005
6151	-0.92129	0.	-0.83737	2.4109e-005
6152	-0.92642	0.	-0.76404	2.975e-005
6153	-0.8059	0.	-0.85154	2.9875e-005
6157	-0.13574	0.	-0.25331	1.6041e-003
6158	-9.5331e-002	0.	-0.2915	1.0746e-003
6159	-0.10885	0.	-0.25678	1.5734e-003
6160	-0.11052	0.	-0.3149	8.7687e-004
6161	-0.13821	0.	-0.31429	9.2097e-004
6162	-0.14904	0.	-0.28604	1.1319e-003
6166	0.52777	0.	-0.40368	1.4481e-004
6167	0.53095	0.	-0.3292	1.7851e-004
6168	0.65169	0.	-0.4083	9.9365e-005
6169	0.65158	0.	-0.33657	1.112e-004
6170	0.58131	0.	-0.31142	1.5045e-004
6174	-0.87798	0.	-0.25849	1.2022e-004
6175	-0.82725	0.	-0.19807	1.8575e-004
6176	-0.94505	0.	-0.26373	1.0188e-004
6177	-0.87351	0.	-0.13099	1.4849e-004
6178	-0.95532	0.	-0.15943	1.1237e-004
6181	-0.127	0.	-0.1156	1.0833e-002
6182	-0.13782	0.	-0.13846	7.2093e-003
6183	-0.10258	0.	-0.11626	1.1524e-002
6184	-0.12023	0.	-0.15409	6.0855e-003
6185	-8.6887e-002	0.	-0.12997	8.6587e-003
6189	0.30961	0.	-0.61798	1.1e-004
6190	0.26421	0.	-0.46385	2.1808e-004
6191	0.23129	0.	-0.59907	1.2161e-004
6192	0.33218	0.	-0.54676	1.2803e-004
6193	0.22081	0.	-0.50147	2.235e-004
6194	0.30951	0.	-0.50313	1.5839e-004
6197	-1.4996e-002	0.	-0.69104	7.4892e-005
6198	-6.1128e-002	0.	-0.66986	8.2347e-005
6199	-0.12874	0.	-0.70976	6.0391e-005
6200	-7.7144e-002	0.	-0.77146	4.4757e-005
6201	-3.262e-002	0.	-0.75133	5.1365e-005
6204	-0.67846	0.	-0.24375	3.0121e-004
6205	-0.64862	0.	-0.32968	2.7362e-004
6206	-0.58782	0.	-0.19788	5.1126e-004
6207	-0.54521	0.	-0.24354	6.1646e-004
6208	-0.55452	0.	-0.29006	4.2081e-004
6212	-0.43315	0.	-0.20721	1.3255e-003
6213	-0.36907	0.	-0.14677	3.4389e-003
6214	-0.41672	0.	-0.15173	1.7467e-003
6215	-0.33187	0.	-0.20818	2.0533e-003
6216	-0.39054	0.	-0.23571	1.3066e-003
6217	-0.35168	0.	-0.1788	2.9894e-003
6222	-0.15293	0.	-0.11936	1.0686e-002
6223	-0.16654	0.	-9.5058e-002	1.5649e-002
6224	-0.11769	0.	-9.716e-002	1.3244e-002
6225	-0.12673	0.	-8.1676e-002	1.8181e-002
6226	-0.15698	0.	-8.2905e-002	2.1206e-002
6227	-0.14297	0.	-8.267e-002	1.9282e-002
6232	0.36705	0.	-0.78624	5.2423e-005
6233	0.27838	0.	-0.67897	8.0352e-005
6234	0.42392	0.	-0.72455	5.6853e-005
6235	0.37927	0.	-0.62666	8.7351e-005
6236	0.41878	0.	-0.66498	7.1347e-005
6241	-0.61327	0.	-0.80838	4.3065e-005
6242	-0.66844	0.	-0.73531	5.053e-005
6243	-0.62368	0.	-0.67992	6.7821e-005
6244	-0.56301	0.	-0.6918	7.0092e-005
6249	0.46904	0.	-0.36223	1.9154e-004
6250	0.43385	0.	-0.49608	1.3233e-004
6251	0.41181	0.	-0.35802	2.7854e-004
6252	0.41118	0.	-0.45245	1.6415e-004
6255	-1.0946	0.	-0.33646	6.5235e-005
6256	-1.0151	0.	-0.44534	5.9616e-005
6257	-1.0397	0.	-0.3795	6.9845e-005
6258	-1.0957	0.	-0.46826	5.0156e-005
6259	-1.1272	0.	-0.38134	5.6898e-005
6265	-3.3394e-002	0.	-0.50747	2.2665e-004
6266	-5.5768e-002	0.	-0.42414	4.1079e-004
6267	-9.1513e-002	0.	-0.43456	3.4974e-004
6268	-3.3649e-002	0.	-0.45929	2.7915e-004
6269	-0.11611	0.	-0.47156	2.6117e-004
6272	0.12739	0.	-0.20263	2.0303e-003
6273	0.12209	0.	-0.24637	1.0871e-003
6274	0.16349	0.	-0.17611	1.7121e-003
6275	0.19496	0.	-0.19876	1.1352e-003
6276	0.1715	0.	-0.26407	9.2816e-004
6280	0.78408	0.	-0.49798	5.4221e-005
6281	0.80125	0.	-0.60688	3.6978e-005
6282	0.86292	0.	-0.46919	4.7781e-005
6283	0.87445	0.	-0.60808	3.2504e-005
6284	0.77019	0.	-0.5528	4.415e-005
6288	-2.7556e-002	0.	-9.9861e-002	1.6324e-002
6289	-7.3931e-002	0.	-9.5019e-002	1.5561e-002
6290	-5.8234e-002	0.	-0.10873	1.3739e-002
6291	-4.6471e-002	0.	-7.9028e-002	2.6168e-002
6292	-6.4749e-002	0.	-8.0454e-002	2.2175e-002
6296	-0.17736	0.	-0.11792	1.3132e-002
6297	-0.18591	0.	-0.16517	5.4817e-003
6298	-0.14616	0.	-0.15785	5.4381e-003
6299	-0.19078	0.	-0.13448	8.486e-003
6305	0.44619	0.	-0.21882	3.0528e-004
6306	0.41499	0.	-0.28354	3.1129e-004
6307	0.49556	0.	-0.21723	2.5301e-004
6308	0.52259	0.	-0.26997	1.9886e-004
6312	0.11099	0.	-0.41825	3.5571e-004
6313	4.3535e-002	0.	-0.50333	2.2046e-004
6314	6.2367e-002	0.	-0.41292	4.0214e-004
6315	0.13142	0.	-0.46326	2.8031e-004
6316	4.3281e-002	0.	-0.45515	2.8867e-004
6320	-0.97227	0.	-0.53939	4.8276e-005
6321	-0.93273	0.	-0.61582	4.2862e-005
6322	-1.0675	0.	-0.62948	3.0974e-005
6323	-0.99614	0.	-0.6612	3.261e-005
6324	-1.0529	0.	-0.56231	3.8058e-005
6328	0.84734	0.	-0.18865	7.7636e-005
6329	0.84351	0.	-0.31777	6.6432e-005
6330	0.78006	0.	-0.18203	9.3246e-005
6331	0.76456	0.	-0.27484	8.5664e-005
6336	5.8889e-002	0.	-0.88041	2.8573e-005
6337	-6.1498e-002	0.	-0.92537	1.4092e-005
6338	-3.4576e-002	0.	-0.86987	2.4026e-005
6339	9.9484e-003	0.	-0.84974	3.2272e-005
6340	5.5296e-002	0.	-0.92773	2.2893e-005
6344	-3.1208e-002	0.	-0.11637	1.2465e-002
6345	1.7235e-002	0.	-8.464e-002	1.9363e-002
6346	-1.4618e-003	0.	-8.9425e-002	2.7754e-002
6347	1.9921e-002	0.	-0.12385	1.1489e-002
6348	-1.9444e-002	0.	-8.6667e-002	2.5349e-002
6349	-1.7703e-002	0.	-0.13204	1.0667e-002
6354	-0.29969	0.	-0.74272	6.4091e-005
6355	-0.33607	0.	-0.68822	7.7616e-005
6356	-0.24082	0.	-0.6539	8.7125e-005
6357	-0.22886	0.	-0.69584	7.0432e-005
6358	-0.29719	0.	-0.64897	9.9529e-005
6362	8.5781e-002	0.	-0.22293	1.9538e-003
6363	8.8587e-002	0.	-0.13283	4.8602e-003
6364	6.5396e-002	0.	-0.19876	2.5284e-003
6365	0.12718	0.	-0.15267	2.5072e-003
6366	6.5727e-002	0.	-0.1597	4.8094e-003
6370	-0.20439	0.	-0.11017	1.4739e-002
6371	-0.18141	0.	-8.1458e-002	2.4105e-002
6372	-0.21091	0.	-8.4791e-002	2.609e-002
6373	-0.19642	0.	-7.983e-002	2.8163e-002
6378	-0.24173	0.	-0.11346	1.1769e-002
6379	-0.26921	0.	-7.3874e-002	2.7552e-002
6380	-0.24825	0.	-8.8075e-002	2.44e-002
6381	-0.28534	0.	-8.7572e-002	1.2968e-002
6382	-0.29636	0.	-0.13106	9.4005e-003
6387	-0.39355	0.	-0.39175	4.1225e-004
6388	-0.4431	0.	-0.41647	3.6009e-004
6389	-0.47246	0.	-0.33701	4.6645e-004
6390	-0.42053	0.	-0.31899	6.4943e-004
6391	-0.39841	0.	-0.34761	5.4723e-004
6395	-0.18633	0.	-0.23771	1.9074e-003
6396	-0.1777	0.	-0.20336	2.8493e-003
6397	-0.13795	0.	-0.19604	3.0228e-003
6398	-0.12044	0.	-0.22208	1.9794e-003
6399	-0.16063	0.	-0.25134	1.7688e-003
6403	-0.40037	0.	-0.446	3.2437e-004
6404	-0.31546	0.	-0.39653	4.7999e-004
6405	-0.30594	0.	-0.43769	3.4697e-004
6406	-0.35568	0.	-0.37715	5.1538e-004
6410	0.15897	0.	-0.70438	7.5893e-005
6411	8.2688e-002	0.	-0.70625	7.7409e-005
6412	0.114	0.	-0.79721	4.8233e-005
6413	6.5064e-002	0.	-0.76654	5.0529e-005
6418	-0.67844	0.	-0.81181	4.2102e-005
6419	-0.573	0.	-0.90908	3.3165e-005
6420	-0.68643	0.	-0.89284	3.1869e-005
6424	0.43427	0.	-0.81292	4.0414e-005
6425	0.3309	0.	-0.89946	3.4457e-005
6426	0.44843	0.	-0.89319	3.2387e-005
6431	-0.80725	0.	-0.27958	1.8234e-004
6432	-0.77741	0.	-0.36551	1.489e-004
6433	-0.90044	0.	-0.41109	8.8663e-005
6434	-0.92505	0.	-0.34524	9.8102e-005
6439	-1.1181	0.	-0.73164	2.0524e-005
6440	-1.0417	0.	-0.83669	1.569e-005
6441	-1.1007	0.	-0.87277	1.1961e-005
6442	-1.0468	0.	-0.76336	2.2081e-005
6447	0.78925	0.	-0.72886	2.6551e-005
6448	0.78054	0.	-0.84572	1.6766e-005
6449	0.86246	0.	-0.73006	2.1476e-005
6450	0.84302	0.	-0.86942	1.3369e-005
6456	0.38896	0.	-0.2146	3.8507e-004
6457	0.37172	0.	-0.14442	5.3345e-004
6458	0.46952	0.	-0.14829	3.3672e-004
6461	-0.35805	0.	-0.7405	6.5808e-005
6462	-0.29458	0.	-0.8575	3.793e-005
6463	-0.36169	0.	-0.86531	3.9125e-005
6468	-0.72667	0.	-0.3051	2.1121e-004
6469	-0.66588	0.	-0.1733	4.6188e-004
6470	-0.72976	0.	-0.15303	2.929e-004
6471	-0.80278	0.	-0.15208	2.086e-004
6478	0.68297	0.	-0.12767	1.3418e-004
6479	0.66747	0.	-0.22047	1.2645e-004
6480	0.57017	0.	-0.14257	2.2265e-004
6481	0.5972	0.	-0.19532	1.6458e-004
6487	-1.047	0.	-0.30745	7.4586e-005
6488	-1.1165	0.	-0.18847	7.3749e-005
6489	-1.0573	0.	-0.20315	8.5788e-005
6490	-1.1345	0.	-0.30929	6.2183e-005
6494	-0.69161	0.	-0.46083	1.478e-004
6498	-0.50584	0.	-0.50264	2.0601e-004
6499	-0.60293	0.	-0.58126	1.1625e-004
6500	-0.62408	0.	-0.53259	1.2926e-004
6501	-0.49687	0.	-0.55641	1.3088e-004
6502	-0.54225	0.	-0.59314	1.1801e-004
6507	0.20207	0.	-0.38223	3.6118e-004
6508	0.10937	0.	-0.32075	7.6516e-004
6509	8.9624e-002	0.	-0.3695	4.7605e-004
6510	0.15868	0.	-0.41985	3.7093e-004
6511	0.15877	0.	-0.33846	5.6087e-004
6514	-0.22366	0.	-0.28993	1.2344e-003
6515	-0.2167	0.	-0.22246	2.6547e-003
6516	-0.25639	0.	-0.23875	2.0436e-003
6517	-0.19963	0.	-0.27044	1.4576e-003
6520	-0.21791	0.	-0.57926	1.3248e-004
6521	-0.24646	0.	-0.49762	2.4005e-004
6522	-0.19699	0.	-0.50715	2.2864e-004
6523	-0.27427	0.	-0.57432	1.4285e-004
6527	2.5415e-002	0.	-0.6044	1.4023e-004
6528	3.0785e-003	0.	-0.49682	2.4679e-004
6529	-2.0717e-002	0.	-0.58322	1.4537e-004
6533	-0.41321	0.	-0.63213	9.9206e-005
6534	-0.45859	0.	-0.66886	8.3653e-005
6535	-0.35555	0.	-0.64675	9.9854e-005
6538	0.31183	0.	-0.33447	3.324e-004
6539	0.2225	0.	-0.42724	2.8865e-004
6540	0.3112	0.	-0.4289	2.2759e-004
6541	0.2226	0.	-0.34585	4.8522e-004
6547	0.12378	0.	-0.66194	9.1635e-005
6554	-7.7582e-002	0.	-0.11153	1.2478e-002
6555	-0.10231	0.	-8.2332e-002	1.9041e-002
6556	-8.4097e-002	0.	-8.3252e-002	2.1207e-002
6562	-5.1046e-002	0.	-0.25875	1.7901e-003
6563	-6.4565e-002	0.	-0.22403	2.2289e-003
6564	2.0663e-003	0.	-0.22042	2.3412e-003
6565	-3.5226e-002	0.	-0.18954	3.9804e-003
6569	-0.79871	0.	-0.6869	4.9753e-005
6570	-0.68885	0.	-0.68336	6.7638e-005
6571	-0.74343	0.	-0.66952	5.9834e-005
6572	-0.74161	0.	-0.81977	3.9606e-005
6577	0.54682	0.	-0.69749	4.973e-005
6578	0.48601	0.	-0.69166	6.0249e-005
6579	0.5053	0.	-0.8315	3.677e-005
6583	0.79255	0.	-0.41716	6.1235e-005
6584	0.69982	0.	-0.50078	5.8485e-005
6585	0.7136	0.	-0.37423	8.1166e-005
6591	0.37917	0.	-0.51182	1.3841e-004
6592	0.44136	0.	-0.59377	9.1121e-005
6596	-2.0833e-004	0.	-0.37125	5.315e-004
6597	-7.7159e-002	0.	-0.38875	4.7809e-004
6598	-1.9295e-002	0.	-0.41348	4.3179e-004
6599	-5.3965e-002	0.	-0.33667	8.5516e-004
6600	-6.9158e-002	0.	-0.36006	6.0992e-004
6604	0.67528	0.	-0.65375	4.4041e-005
6605	0.82126	0.	-0.66495	2.9035e-005
6606	0.71699	0.	-0.60967	4.156e-005
6610	-0.53263	0.	-0.17309	7.5452e-004
6611	-0.51619	0.	-0.11762	1.2518e-003
6612	-0.63912	0.	-0.10716	5.0673e-004
6616	-0.47359	0.	-0.16328	1.3352e-003
6617	-0.49933	0.	-0.26528	6.746e-004
6618	-0.44741	0.	-0.24726	8.2937e-004
6623	-0.40951	0.	-0.10285	3.5068e-003
6624	-0.33345	0.	-8.6425e-002	8.5358e-003
6625	-0.34447	0.	-0.12991	4.5471e-003
6629	-0.25103	0.	-0.34741	6.7307e-004
6630	-0.18713	0.	-0.33182	7.811e-004
6631	-0.19796	0.	-0.30356	1.0369e-003
6636	0.34052	0.	-0.20914	5.3321e-004
6637	0.35713	0.	-0.37376	2.8068e-004
6643	-0.44095	0.	-0.52449	1.9113e-004
6647	-0.90336	0.	-0.55861	5.462e-005
6648	-0.96751	0.	-0.41633	6.94e-005
6649	-1.0236	0.	-0.5051	4.9807e-005
6654	-0.19907	0.	-0.92782	1.6323e-005
6655	-0.33461	0.	-0.92781	2.583e-005
6660	-0.16832	0.	-0.18079	3.3594e-003
6661	-0.21294	0.	-0.15742	6.8878e-003
6662	-0.24776	0.	-0.2044	3.0061e-003
6666	1.3642e-003	0.	-0.64262	9.7289e-005
6667	2.9872e-002	0.	-0.72409	6.9536e-005
6671	-0.92287	0.	-0.91211	1.8703e-005
6672	-0.80749	0.	-0.92628	2.4924e-005
6678	0.67928	0.	-0.92656	1.7997e-005
6679	0.57371	0.	-0.93371	2.4399e-005
6683	0.81177	0.	-0.12351	9.3531e-005
6687	-0.92722	0.	-0.68042	3.9669e-005
6688	-0.80853	0.	-0.61767	5.9784e-005
6692	0.64422	0.	-0.59967	5.1421e-005
6693	0.54169	0.	-0.63792	6.4968e-005
6698	6.0739e-002	0.	-0.31542	7.9385e-004
6699	6.0095e-002	0.	-0.2425	1.7048e-003
6700	0.12989	0.	-0.28437	8.7435e-004
6709	0.15069	0.	-0.88477	3.3932e-005
6710	6.1189e-002	0.	-0.81505	3.9135e-005
6711	0.10654	0.	-0.89305	3.1326e-005
6715	-0.10372	0.	-0.88015	1.9766e-005
6719	-0.11106	0.	-0.19951	2.9863e-003
6725	-4.8381e-002	0.	-0.14091	7.8168e-003
6729	-0.46223	0.	-0.93445	2.9837e-005
6733	-0.66524	0.	-0.57929	9.87e-005
6734	-0.58342	0.	-0.63985	8.5758e-005
6735	-0.69867	0.	-0.61413	7.7013e-005
6739	0.79244	0.	-0.34544	7.4877e-005
6744	6.0546e-002	0.	-7.4119e-002	1.5864e-002
6745	0.12469	0.	-0.1063	4.6773e-003
6746	6.3232e-002	0.	-0.11333	6.6031e-003
6751	1.6303e-002	0.	-6.6565e-002	3.0726e-002
6752	3.7686e-002	0.	-0.10099	1.5407e-002
6759	-0.22433	0.	-0.10135	2.212e-002
6764	0.23783	0.	-0.92407	3.2082e-005
6765	0.1471	0.	-0.93209	2.8641e-005
6767	-0.12435	0.	-0.61941	9.402e-005
6768	-0.19197	0.	-0.65931	8.3262e-005
6769	-0.2603	0.	-0.61244	1.0631e-004
6772	2.1911e-002	0.	-0.4064	4.1944e-004
6776	-0.71981	0.	-0.56546	9.1264e-005
6779	-1.062	0.	-0.69407	2.6838e-005
6780	-1.1188	0.	-0.59519	3.3009e-005
6784	0.27475	0.	-0.15521	8.8829e-004
6788	-1.0024	0.	-0.24618	8.9713e-005
6791	0.7931	0.	-0.92116	1.1857e-005
6795	-1.0394	0.	-0.90853	1.3193e-005
6796	-0.9855	0.	-0.79912	2.2943e-005
6804	-0.2518	0.	-6.177e-002	3.5642e-002
6805	-0.2889	0.	-6.1267e-002	2.6703e-002
6816	-0.1375	0.	-0.43617	3.5226e-004
6817	-0.1049	0.	-0.37048	5.6486e-004
6818	-0.13259	0.	-0.36987	6.1028e-004
6823	-0.27057	0.	-0.41293	4.412e-004
6824	-0.32032	0.	-0.35239	6.0039e-004
6828	-0.21157	0.	-0.46363	2.9502e-004
6834	-0.11238	0.	-0.66134	8.0631e-005
6843	-0.47737	0.	-0.615	1.0319e-004
6844	-0.37433	0.	-0.59289	1.161e-004
6848	-8.0034e-002	0.	-0.26028	1.6399e-003
6849	-8.1709e-002	0.	-0.3184	9.1125e-004
6864	-1.0719	0.	-0.1272	8.9115e-005
6869	-0.12759	0.	-6.7842e-002	2.3223e-002
6870	-9.3132e-002	0.	-6.7767e-002	2.4449e-002
6878	-0.15784	0.	-6.9071e-002	2.6052e-002
6879	-0.18686	0.	-6.7677e-002	3.2708e-002
6885	4.0041e-002	0.	-0.17927	4.478e-003
6886	2.4171e-003	0.	-0.18746	3.8719e-003
6890	0.72899	0.	-0.2097	1.011e-004
6896	-0.30726	0.	-0.19132	3.2391e-003
6900	-0.21635	0.	-7.101e-002	3.4894e-002
6909	-0.77602	0.	-8.5947e-002	2.5834e-004
6923	-2.0376e-002	0.	-6.8592e-002	3.6136e-002
6928	0.19475	0.	-0.1488	1.6887e-003
6934	2.7485e-003	0.	-0.1484	5.7749e-003
6942	-0.45671	0.	-0.29378	6.582e-004
6947	-0.38266	0.	-0.30439	7.3695e-004
6952	-3.2275e-002	0.	-0.80451	3.6119e-005
6965	-0.93085	0.	-0.11344	1.3754e-004
6974	-5.6637e-002	0.	-6.726e-002	3.0415e-002
6986	-0.31605	0.	-0.11845	7.9546e-003
7002	0.64322	0.	-0.27734	1.3347e-004
7007	0.54592	0.	-0.19944	2.2876e-004
7015	-0.12459	0.	-0.34118	7.2984e-004
7018	-0.16311	0.	-0.31232	1.0505e-003
1	0.	0.	4.5e-002	6.3786e-002
2	-2.1818e-002	0.	4.5e-002	5.3718e-002
3	-4.3636e-002	0.	4.5e-002	4.6303e-002
4	-6.5455e-002	0.	4.5e-002	3.9138e-002
5	-8.7273e-002	0.	4.5e-002	2.8788e-002
6	-0.10909	0.	4.5e-002	2.7579e-002
7	-0.13091	0.	4.5e-002	2.7039e-002
8	-0.15273	0.	4.5e-002	3.1287e-002
9	-0.17455	0.	4.5e-002	3.9543e-002
10	-0.19636	0.	4.5e-002	5.0316e-002
11	-0.21818	0.	4.5e-002	5.181e-002
12	-0.24	0.	4.5e-002	6.9912e-002
13	-0.24	0.	3.e-002	9.3631e-002
23	0.	0.	3.e-002	9.468e-002
346	9.0909e-002	0.	0.	1.1859e-002
347	0.18182	0.	0.	2.9667e-003
348	0.27273	0.	0.	1.1209e-003
349	0.36364	0.	0.	6.0349e-004
350	0.45455	0.	0.	4.3926e-004
351	0.54545	0.	0.	2.4581e-004
352	0.63636	0.	0.	1.677e-004
353	0.72727	0.	0.	1.2301e-004
354	0.81818	0.	0.	9.6764e-005
355	0.90909	0.	0.	7.7907e-005
356	-1.1491	0.	0.	7.8949e-005
357	-1.0582	0.	0.	9.3704e-005
358	-0.96727	0.	0.	1.215e-004
359	-0.87636	0.	0.	1.5019e-004
360	-0.78545	0.	0.	2.8706e-004
361	-0.69455	0.	0.	4.3021e-004
362	-0.60364	0.	0.	7.3752e-004
363	-0.51273	0.	0.	1.3726e-003
364	-0.42182	0.	0.	4.0962e-003
365	-0.33091	0.	0.	1.2305e-002
409	-1.24	0.	9.5e-002	7.3403e-005
410	-1.24	0.	0.19	6.6501e-005
411	-1.24	0.	0.285	5.7567e-005
412	-1.24	0.	0.38	4.9667e-005
413	-1.24	0.	0.475	4.2852e-005
414	-1.24	0.	0.57	3.1774e-005
415	-1.24	0.	0.665	2.4847e-005
416	-1.24	0.	0.76	1.8565e-005
417	-1.24	0.	0.855	1.0028e-005
418	-1.24	0.	0.95	5.5849e-006
424	-1.1467	0.	1.045	5.3031e-006
425	-1.0533	0.	1.045	1.099e-005
426	-0.96	0.	1.045	1.4933e-005
427	-0.86667	0.	1.045	2.0126e-005
428	-0.77333	0.	1.045	2.4327e-005
429	-0.68	0.	1.045	2.8051e-005
430	-0.58667	0.	1.045	2.8951e-005
431	-0.49333	0.	1.045	2.8221e-005
432	-0.4	0.	1.045	2.4441e-005
433	-0.30667	0.	1.045	1.9285e-005
434	-0.21333	0.	1.045	1.2415e-005
435	-0.12	0.	1.045	4.2357e-006
436	-2.6667e-002	0.	1.045	9.3834e-006
437	6.6667e-002	0.	1.045	2.1285e-005
438	0.16	0.	1.045	2.5872e-005
439	0.25333	0.	1.045	2.9365e-005
440	0.34667	0.	1.045	2.8673e-005
441	0.44	0.	1.045	2.6551e-005
442	0.53333	0.	1.045	2.4196e-005
443	0.62667	0.	1.045	1.9435e-005
444	0.72	0.	1.045	1.4575e-005
445	0.81333	0.	1.045	1.0914e-005
446	0.90667	0.	1.045	5.0927e-006
452	1.	0.	0.95	5.8911e-006
453	1.	0.	0.855	1.141e-005
454	1.	0.	0.76	1.8149e-005
455	1.	0.	0.665	2.6391e-005
456	1.	0.	0.57	3.2894e-005
457	1.	0.	0.475	4.403e-005
458	1.	0.	0.38	5.2496e-005
459	1.	0.	0.285	5.9292e-005
460	1.	0.	0.19	6.731e-005
461	1.	0.	9.5e-002	7.4658e-005
462	0.	0.	0.	0.13804
463	-0.24	0.	0.	0.13859
469	1.	0.	0.	7.4645e-005
471	-1.24	0.	0.	7.3803e-005
474	-1.24	0.	1.045	2.6518e-006
475	1.	0.	1.045	2.6202e-006
476	4.5455e-002	0.	0.	4.8211e-002
477	-0.28545	0.	0.	5.0697e-002
478	0.12667	0.	0.545	1.7524e-004
479	-0.36667	0.	0.545	1.6235e-004
480	-2.1212e-003	0.	0.295	1.0207e-003
481	-0.31354	0.	0.28733	1.0113e-003
482	-0.79668	0.	0.48982	9.7613e-005
483	0.56333	0.	0.51	9.2801e-005
484	-6.8626e-002	0.	0.17	5.1264e-003
485	-1.0882e-002	0.	0.18322	3.9301e-003
486	-0.27167	0.	0.17	4.7744e-003
487	-0.55559	0.	0.38355	2.867e-004
488	0.24515	0.	0.2725	7.2259e-004
489	-0.17391	0.	0.41913	3.8912e-004
490	-0.10599	0.	0.55015	1.6788e-004
491	-0.47667	0.	0.795	5.2434e-005
492	0.23667	0.	0.795	4.7003e-005
493	-5.6646e-002	0.	0.80256	3.4667e-005
494	0.64167	0.	0.7775	3.1235e-005
495	-0.86303	0.	0.7732	3.5606e-005
496	-0.13091	0.	0.295	1.0912e-003
497	0.59645	0.	0.33529	1.2703e-004
498	-0.85798	0.	0.34	1.1761e-004
499	-0.14217	0.	8.6667e-002	1.7131e-002
500	0.39812	0.	0.52852	1.3654e-004
501	-0.16315	0.	0.71792	5.9054e-005
502	-0.6004	0.	0.26833	3.7221e-004
503	-0.47942	0.	0.21187	1.0025e-003
504	-0.68197	0.	0.60181	8.5245e-005
505	-0.20692	0.	0.17	5.1666e-003
506	-4.4084e-002	0.	0.36672	6.4648e-004
507	9.2535e-002	0.	0.22591	1.8822e-003
508	4.6481e-002	0.	0.15724	5.1675e-003
509	0.70889	0.	0.53	5.3589e-005
510	-0.94889	0.	0.53	5.2678e-005
511	-0.23098	0.	8.0864e-002	2.666e-002
512	-6.448e-002	0.	0.11431	1.2369e-002
513	0.37924	0.	0.27682	3.6373e-004
514	2.9494e-002	0.	0.37989	5.1027e-004
515	-0.63491	0.	0.81906	4.1564e-005
516	0.50667	0.	0.78333	3.6666e-005
517	-2.6312e-002	0.	8.5405e-002	2.4757e-002
518	-1.049	0.	0.265	7.9612e-005
519	0.80899	0.	0.265	8.1121e-005
520	-0.23274	0.	0.89555	2.2399e-005
521	2.6667e-002	0.	0.67	7.921e-005
522	-0.53056	0.	0.575	1.198e-004
523	0.18171	0.	0.41814	3.2738e-004
524	-0.43628	0.	0.36222	4.2216e-004
525	-0.35843	0.	0.74847	5.3932e-005
526	-0.35017	0.	0.42319	3.5795e-004
527	0.46399	0.	0.13577	3.2691e-004
528	-1.0854	0.	0.75741	2.0299e-005
529	0.85269	0.	0.72238	2.4947e-005
530	-0.37491	0.	0.1971	1.9994e-003
531	0.32722	0.	0.65833	7.4223e-005
532	2.7003e-002	0.	9.8056e-002	1.514e-002
533	8.1667e-002	0.	0.795	4.2925e-005
534	-0.69293	0.	0.13417	3.4424e-004
535	-3.9596e-002	0.	0.46167	2.9792e-004
536	-0.84796	0.	0.17122	1.7081e-004
537	0.62717	0.	0.17	1.7716e-004
538	0.25657	0.	0.53354	1.5491e-004
539	0.14278	0.	0.30634	7.4094e-004
540	-0.1098	0.	0.12833	8.8827e-003
541	-0.69974	0.	0.35964	1.9004e-004
542	-0.26636	0.	0.56138	1.7319e-004
543	-9.8535e-002	0.	8.6667e-002	1.6128e-002
544	-0.14217	0.	0.17	4.4792e-003
545	0.16318	0.	0.65866	9.2619e-005
546	-3.9773e-002	0.	0.2325	2.218e-003
547	0.20633	0.	0.12403	1.8714e-003
548	0.85152	0.	0.93494	1.028e-005
549	-1.0657	0.	0.92495	1.1488e-005
550	-0.17455	0.	0.12833	1.0023e-002
551	-0.43123	0.	0.65097	8.9155e-005
552	-0.16891	0.	0.2325	2.339e-003
553	0.45201	0.	0.38998	1.8172e-004
554	-0.18432	0.	8.2225e-002	2.4884e-002
555	0.313	0.	0.41427	2.6334e-004
556	-0.68925	0.	0.93808	2.9282e-005
557	0.44048	0.	0.93107	2.9519e-005
558	-0.21712	0.	0.295	1.0954e-003
559	8.5579e-003	0.	0.55969	1.3386e-004
560	-0.35468	0.	9.2194e-002	5.0165e-003
561	-0.30162	0.	6.4888e-002	1.4661e-002
562	-0.54723	0.	0.11778	6.9513e-004
563	-1.108	0.	0.51375	3.9802e-005
564	0.86834	0.	0.51328	4.1356e-005
565	-0.46	0.	0.47375	2.3012e-004
566	2.75e-002	0.	0.92	1.9282e-005
567	0.46222	0.	0.6525	6.1044e-005
568	0.32185	0.	0.13485	7.0094e-004
569	-0.28744	0.	0.66221	8.433e-005
570	0.57518	0.	0.91318	2.562e-005
571	0.8796	0.	0.13195	7.5934e-005
572	-1.1196	0.	0.13193	7.8047e-005
573	-0.55055	0.	0.92661	3.4652e-005
574	0.37167	0.	0.78917	4.3094e-005
575	0.77145	0.	0.40396	6.4257e-005
576	-1.0115	0.	0.40396	5.9752e-005
577	-0.83133	0.	0.63302	5.4318e-005
578	0.6025	0.	0.64375	5.3396e-005
579	-0.10434	0.	0.2325	2.1698e-003
580	-0.73263	0.	0.72826	4.9931e-005
581	-0.28646	0.	0.35126	6.0767e-004
582	-0.34504	0.	0.84879	3.4167e-005
583	-0.10784	0.	0.93651	1.2504e-005
584	-0.62096	0.	0.48214	1.4989e-004
585	-0.90611	0.	0.9178	2.0049e-005
586	0.17839	0.	0.92974	3.1387e-005
587	0.47928	0.	0.27299	2.2494e-004
588	-0.7702	0.	0.26253	2.033e-004
589	8.3737e-002	0.	0.46167	2.7754e-004
590	-0.45165	0.	0.10958	1.8657e-003
591	-0.22022	0.	0.22693	2.2702e-003
592	0.16308	0.	0.23833	1.4363e-003
593	0.11634	0.	0.154	3.5324e-003
594	-0.57883	0.	0.6909	6.3491e-005
595	-0.10357	0.	0.40403	4.3363e-004
596	-0.19957	0.	0.61571	1.1285e-004
597	-6.e-002	0.	0.70125	6.2165e-005
598	-1.7071e-002	0.	0.12833	9.2584e-003
599	-6.6515e-002	0.	0.295	1.0978e-003
600	-0.15765	0.	0.3575	6.4991e-004
601	-6.4746e-002	0.	7.5002e-002	2.4871e-002
602	-1.134	0.	0.37425	5.4412e-005
603	0.89404	0.	0.37425	5.7193e-005
604	-0.97952	0.	0.12913	1.1093e-004
605	0.7418	0.	0.12929	1.1955e-004
606	2.4575e-002	0.	0.22805	2.1424e-003
607	0.3125	0.	0.91708	3.3845e-005
608	-0.78708	0.	0.84729	2.9361e-005
609	-0.28947	0.	0.22404	2.3783e-003
610	0.71167	0.	0.6825	3.4899e-005
611	-0.95167	0.	0.6825	3.6548e-005
612	0.71289	0.	0.93543	1.679e-005
613	-0.24941	0.	0.42369	3.904e-004
614	-0.24466	0.	0.13209	8.3689e-003
615	-1.0454	0.	0.61972	3.2924e-005
616	0.80759	0.	0.61536	3.6095e-005
617	-0.12339	0.	0.46767	2.6208e-004
618	-0.32599	0.	0.95697	2.2484e-005
619	0.91932	0.	0.64002	2.5558e-005
620	-1.1578	0.	0.64463	2.6693e-005
621	7.0623e-002	0.	0.10573	7.7018e-003
622	6.5669e-002	0.	0.30073	1.0204e-003
623	-0.49752	0.	0.30267	5.1325e-004
624	0.11898	0.	7.2753e-002	7.2145e-003
625	-0.40479	0.	0.27576	9.4174e-004
626	3.6229e-002	0.	4.9028e-002	3.111e-002
627	-0.11656	0.	0.6407	8.9044e-005
628	-1.1718	0.	0.84586	1.2485e-005
629	0.90517	0.	0.83189	1.3178e-005
630	-0.16167	0.	0.82826	3.1664e-005
631	-0.25337	0.	0.78517	4.1686e-005
632	-0.19301	0.	0.504	2.3329e-004
633	-0.15836	0.	6.5833e-002	2.9085e-002
634	-0.11472	0.	6.5833e-002	2.238e-002
635	0.10652	0.	0.38266	5.0236e-004
636	-0.81222	0.	0.95457	2.3946e-005
637	-0.90343	0.	0.435	7.9347e-005
638	0.67004	0.	0.41811	7.8043e-005
639	0.77927	0.	0.81411	2.0729e-005
640	-0.43194	0.	0.93042	2.9578e-005
641	-0.28617	0.	0.11273	9.1652e-003
642	-0.31566	0.	0.16105	3.8524e-003
643	-0.2637	0.	5.6548e-002	3.936e-002
644	0.70265	0.	0.28694	9.8555e-005
645	-0.95348	0.	0.3025	9.2028e-005
646	-9.8302e-002	0.	0.34436	6.6035e-004
647	-0.97431	0.	0.81146	2.1263e-005
648	0.91031	0.	0.24355	6.3987e-005
649	-1.1503	0.	0.24355	6.5827e-005
650	-0.36129	0.	0.3327	6.0655e-004
651	9.0706e-003	0.	6.8556e-002	3.9982e-002
652	-0.2169	0.	0.36771	5.6189e-004
2052	-1.0909e-002	0.	4.5e-002	5.6658e-002
2053	0.	0.	3.75e-002	7.6343e-002
2055	1.8114e-002	0.	4.7014e-002	4.6654e-002
2056	4.5353e-003	0.	5.6778e-002	5.1675e-002
2059	-3.2727e-002	0.	4.5e-002	4.9103e-002
2062	-2.4065e-002	0.	6.5203e-002	3.9088e-002
2063	-6.3738e-003	0.	5.6778e-002	4.6136e-002
2067	-5.4545e-002	0.	4.5e-002	4.2464e-002
2070	-3.4974e-002	0.	6.5203e-002	3.5353e-002
2071	-5.4191e-002	0.	6.0001e-002	3.5254e-002
2073	-7.6364e-002	0.	4.5e-002	3.3505e-002
2076	-6.51e-002	0.	6.0001e-002	3.1973e-002
2079	-9.8182e-002	0.	4.5e-002	2.7636e-002
2082	-9.2904e-002	0.	6.5833e-002	2.2326e-002
2083	-7.6009e-002	0.	6.0001e-002	2.6588e-002
2084	-0.101	0.	5.5417e-002	2.4745e-002
2087	-0.12	0.	4.5e-002	2.6792e-002
2090	-0.11191	0.	5.5417e-002	2.4933e-002
2093	-0.14182	0.	4.5e-002	2.8747e-002
2096	-0.13654	0.	6.5833e-002	2.2009e-002
2097	-0.14463	0.	5.5417e-002	2.7306e-002
2098	-0.12282	0.	5.5417e-002	2.4492e-002
2101	-0.16364	0.	4.5e-002	3.4763e-002
2104	-0.15554	0.	5.5417e-002	3.0125e-002
2106	-0.18545	0.	4.5e-002	4.4734e-002
2109	-0.17943	0.	6.3612e-002	3.2181e-002
2110	-0.16645	0.	5.5417e-002	3.4021e-002
2112	-0.20727	0.	4.5e-002	5.0663e-002
2115	-0.19034	0.	6.3612e-002	3.7559e-002
2117	-0.22909	0.	4.5e-002	5.6274e-002
2120	-0.22458	0.	6.2932e-002	3.8961e-002
2121	-0.20125	0.	6.3612e-002	3.7939e-002
2123	-0.24	0.	3.75e-002	7.9613e-002
2125	-0.23549	0.	6.2932e-002	4.6644e-002
2126	-0.25185	0.	5.0774e-002	5.4465e-002
2130	-0.24	0.	1.5e-002	0.11332
2131	-0.26273	0.	1.5e-002	7.1258e-002
2132	-0.25185	0.	4.3274e-002	6.5796e-002
2188	0.	0.	1.5e-002	0.11427
2189	2.2727e-002	0.	1.5e-002	7.0539e-002
2190	1.8114e-002	0.	3.9514e-002	6.2739e-002
4173	0.13636	0.	0.	7.4116e-003
4174	6.8182e-002	0.	0.	3.0025e-002
4175	0.10494	0.	3.6376e-002	9.364e-003
4176	6.3569e-002	0.	2.4514e-002	2.0808e-002
4185	0.22727	0.	0.	2.0415e-003
4186	0.19407	0.	6.2016e-002	2.3637e-003
4187	0.1504	0.	3.6376e-002	4.9982e-003
4197	0.31818	0.	0.	8.6171e-004
4198	0.23953	0.	6.2016e-002	1.4632e-003
4199	0.29729	0.	6.7427e-002	9.002e-004
4207	0.40909	0.	0.	5.2136e-004
4208	0.41382	0.	6.7887e-002	4.6294e-004
4209	0.34274	0.	6.7427e-002	6.4047e-004
4217	0.5	0.	0.	3.4242e-004
4218	0.45927	0.	6.7887e-002	3.8074e-004
4225	0.59091	0.	0.	2.067e-004
4226	0.50472	0.	6.7887e-002	2.8508e-004
4227	0.58631	0.	8.5e-002	2.1036e-004
4234	0.68182	0.	0.	1.4531e-004
4235	0.63177	0.	8.5e-002	1.7105e-004
4236	0.68908	0.	6.4646e-002	1.4345e-004
4242	0.77273	0.	0.	1.0983e-004
4243	0.73454	0.	6.4646e-002	1.2096e-004
4246	0.86364	0.	0.	8.7294e-005
4247	0.84889	0.	6.5977e-002	8.6323e-005
4248	0.77999	0.	6.4646e-002	1.0799e-004
4256	0.95455	0.	4.75e-002	7.628e-005
4257	0.95455	0.	0.	7.6275e-005
4258	0.89434	0.	6.5977e-002	7.6872e-005
4261	-1.1036	0.	0.	8.6306e-005
4262	-1.1945	0.	4.75e-002	7.6169e-005
4263	-1.1945	0.	0.	7.6373e-005
4264	-1.1344	0.	6.5963e-002	7.8451e-005
4268	-1.0127	0.	0.	1.0756e-004
4269	-1.0889	0.	6.5963e-002	8.5822e-005
4270	-1.0188	0.	6.4566e-002	1.0213e-004
4278	-0.92182	0.	0.	1.3573e-004
4279	-0.97339	0.	6.4566e-002	1.1589e-004
4283	-0.83091	0.	0.	2.1849e-004
4284	-0.86216	0.	8.561e-002	1.5974e-004
4285	-0.92794	0.	6.4566e-002	1.3041e-004
4290	-0.74	0.	0.	3.5818e-004
4291	-0.73919	0.	6.7083e-002	3.1429e-004
4292	-0.81671	0.	8.561e-002	2.285e-004
4300	-0.64909	0.	0.	5.8305e-004
4301	-0.69374	0.	6.7083e-002	3.8366e-004
4307	-0.55818	0.	0.	1.055e-003
4308	-0.64828	0.	6.7083e-002	5.3825e-004
4309	-0.57543	0.	5.8889e-002	7.0691e-004
4318	-0.46727	0.	0.	2.733e-003
4319	-0.52998	0.	5.8889e-002	1.0232e-003
4320	-0.48219	0.	5.4792e-002	1.5936e-003
4327	-0.37636	0.	0.	8.1998e-003
4328	-0.38825	0.	4.6097e-002	4.3981e-003
4329	-0.43674	0.	5.4792e-002	2.9519e-003
4338	-0.30818	0.	0.	3.1488e-002
4339	-0.34279	0.	4.6097e-002	8.4337e-003
4340	-0.31626	0.	3.2444e-002	1.3195e-002
4587	-1.24	0.	0.1425	6.9946e-005
4588	-1.24	0.	4.75e-002	7.3585e-005
4589	-1.1798	0.	0.11346	7.5695e-005
4594	-1.24	0.	0.2375	6.2033e-005
4595	-1.1798	0.	0.16096	7.2266e-005
4596	-1.1952	0.	0.21678	6.6134e-005
4600	-1.24	0.	0.3325	5.3615e-005
4601	-1.187	0.	0.32962	5.5902e-005
4602	-1.1952	0.	0.26428	6.1671e-005
4605	-1.24	0.	0.4275	4.6246e-005
4606	-1.187	0.	0.37712	5.1975e-005
4608	-1.24	0.	0.5225	3.7303e-005
4609	-1.174	0.	0.49438	4.1216e-005
4610	-1.187	0.	0.42462	4.8616e-005
4614	-1.24	0.	0.6175	2.8299e-005
4615	-1.174	0.	0.54188	3.5745e-005
4616	-1.1989	0.	0.60732	2.9207e-005
4620	-1.24	0.	0.7125	2.1685e-005
4621	-1.1989	0.	0.65482	2.5703e-005
4623	-1.24	0.	0.8075	1.429e-005
4624	-1.1627	0.	0.75871	1.9112e-005
4625	-1.1989	0.	0.70232	2.262e-005
4626	-1.2059	0.	0.80293	1.5478e-005
4630	-1.24	0.	0.9025	7.7366e-006
4631	-1.2059	0.	0.85043	1.1243e-005
4637	-1.1933	0.	0.9975	5.246e-006
4638	-1.24	0.	0.9975	4.0926e-006
4639	-1.1529	0.	0.93747	8.3019e-006
4640	-1.2059	0.	0.89793	9.0029e-006
4670	-1.1	0.	1.045	8.07e-006
4671	-1.1933	0.	1.045	3.9371e-006
4672	-1.1062	0.	0.98497	8.3937e-006
4675	-1.0067	0.	1.045	1.2957e-005
4676	-1.0595	0.	0.98497	1.1085e-005
4679	-0.91333	0.	1.045	1.7527e-005
4680	-1.0129	0.	0.98497	1.2973e-005
4681	-0.93305	0.	0.9814	1.7421e-005
4683	-0.82	0.	1.045	2.2219e-005
4684	-0.88639	0.	0.9814	1.9988e-005
4685	-0.83944	0.	0.99979	2.2028e-005
4689	-0.72667	0.	1.045	2.6183e-005
4690	-0.73129	0.	0.99154	2.68e-005
4691	-0.79277	0.	0.99979	2.4109e-005
4695	-0.63333	0.	1.045	2.8497e-005
4696	-0.68462	0.	0.99154	2.8643e-005
4698	-0.54	0.	1.045	2.8578e-005
4699	-0.63796	0.	0.99154	2.9074e-005
4700	-0.56861	0.	0.9858	3.1796e-005
4704	-0.44667	0.	1.045	2.6322e-005
4705	-0.52194	0.	0.9858	3.1428e-005
4706	-0.46264	0.	0.98771	2.8852e-005
4710	-0.35333	0.	1.045	2.1844e-005
4711	-0.363	0.	1.001	2.3399e-005
4712	-0.41597	0.	0.98771	2.6992e-005
4714	-0.26	0.	1.045	1.5702e-005
4715	-0.31633	0.	1.001	2.0873e-005
4719	-0.16667	0.	1.045	6.5955e-006
4720	-0.22304	0.	0.97027	1.7158e-005
4721	-0.16059	0.	0.99076	1.0267e-005
4722	-0.26966	0.	1.001	1.7353e-005
4727	-7.3333e-002	0.	1.045	6.452e-006
4728	-0.11392	0.	0.99076	8.2747e-006
4730	2.e-002	0.	1.045	1.5229e-005
4731	4.1667e-004	0.	0.9825	1.4312e-005
4732	-6.7252e-002	0.	0.99076	9.494e-006
4735	0.11333	0.	1.045	2.3537e-005
4736	4.7083e-002	0.	0.9825	1.995e-005
4737	0.12253	0.	0.98737	2.6334e-005
4741	0.20667	0.	1.045	2.7614e-005
4742	0.1692	0.	0.98737	2.8572e-005
4744	0.3	0.	1.045	2.9e-005
4745	0.21586	0.	0.98737	3.0299e-005
4746	0.28292	0.	0.98104	3.1593e-005
4751	0.39333	0.	1.045	2.761e-005
4752	0.39357	0.	0.98803	2.906e-005
4753	0.32958	0.	0.98104	3.1257e-005
4757	0.48667	0.	1.045	2.537e-005
4758	0.44024	0.	0.98803	2.8015e-005
4762	0.58	0.	1.045	2.179e-005
4763	0.48691	0.	0.98803	2.6844e-005
4764	0.55426	0.	0.97909	2.4841e-005
4766	0.67333	0.	1.045	1.7003e-005
4767	0.60093	0.	0.97909	2.2521e-005
4768	0.66978	0.	0.99022	1.8049e-005
4773	0.76667	0.	1.045	1.2725e-005
4774	0.71644	0.	0.99022	1.5614e-005
4776	0.86	0.	1.045	7.9411e-006
4777	0.83242	0.	0.98997	1.0397e-005
4778	0.76311	0.	0.99022	1.3843e-005
4783	0.95333	0.	0.9975	5.2862e-006
4784	0.95333	0.	1.045	3.8265e-006
4785	0.87909	0.	0.98997	7.6734e-006
4813	1.	0.	0.9025	8.614e-006
4814	1.	0.	0.9975	4.2183e-006
4815	0.92576	0.	0.94247	7.915e-006
4816	0.95258	0.	0.89095	9.5345e-006
4819	1.	0.	0.8075	1.4772e-005
4820	0.95258	0.	0.84345	1.2243e-005
4825	1.	0.	0.7125	2.2247e-005
4826	0.92635	0.	0.74119	2.1315e-005
4827	0.95966	0.	0.70001	2.1848e-005
4828	0.95258	0.	0.79595	1.5561e-005
4831	1.	0.	0.6175	2.9639e-005
4832	0.95966	0.	0.65251	2.5951e-005
4837	1.	0.	0.5225	3.8446e-005
4838	0.93417	0.	0.54164	3.7029e-005
4839	0.95966	0.	0.60501	2.9196e-005
4842	1.	0.	0.4275	4.8249e-005
4843	0.93417	0.	0.49414	4.2504e-005
4844	0.94702	0.	0.42462	5.0569e-005
4849	1.	0.	0.3325	5.589e-005
4850	0.94702	0.	0.37712	5.4728e-005
4852	1.	0.	0.2375	6.33e-005
4853	0.94702	0.	0.32962	5.8072e-005
4854	0.95516	0.	0.26428	6.1624e-005
4857	1.	0.	0.1425	7.0979e-005
4858	0.9398	0.	0.16098	7.1602e-005
4859	0.95516	0.	0.21678	6.5624e-005
4862	1.	0.	4.75e-002	7.4645e-005
4863	0.9398	0.	0.11348	7.5268e-005
4866	2.2727e-002	0.	0.	9.3058e-002
4874	-0.26273	0.	0.	9.4485e-002
4883	4.0842e-002	0.	2.4514e-002	3.8483e-002
4893	-0.29353	0.	3.2444e-002	3.2267e-002
4894	-0.27458	0.	2.8274e-002	4.2712e-002
4904	7.6667e-002	0.	0.6075	1.2291e-004
4905	0.15419	0.	0.48157	2.4858e-004
4906	0.19162	0.	0.53927	1.6293e-004
4907	0.14492	0.	0.60183	1.3392e-004
4908	6.7612e-002	0.	0.55234	1.4547e-004
4909	0.1052	0.	0.50333	2.2437e-004
4914	-0.44861	0.	0.56	1.3769e-004
4915	-0.35842	0.	0.48409	2.5986e-004
4916	-0.31651	0.	0.55319	1.6379e-004
4917	-0.39895	0.	0.59798	1.2528e-004
4918	-0.41333	0.	0.50937	1.9192e-004
4919	-0.32705	0.	0.6036	1.2126e-004
4925	-2.3103e-002	0.	0.33086	8.0962e-004
4926	1.3686e-002	0.	0.33744	7.6545e-004
4927	-2.0947e-002	0.	0.26375	1.615e-003
4928	-3.4318e-002	0.	0.295	1.0058e-003
4929	1.1227e-002	0.	0.26152	1.5602e-003
4930	3.1774e-002	0.	0.29786	1.0037e-003
4935	-0.34423	0.	0.24222	1.4571e-003
4936	-0.26533	0.	0.29116	1.009e-003
4937	-0.3	0.	0.31929	7.9683e-004
4938	-0.30151	0.	0.25568	1.6941e-003
4939	-0.35917	0.	0.28155	9.5469e-004
4940	-0.33742	0.	0.31001	8.0815e-004
4946	-0.82733	0.	0.41491	1.0633e-004
4947	-0.73933	0.	0.54582	9.0203e-005
4948	-0.87279	0.	0.50991	7.4592e-005
4949	-0.74821	0.	0.42473	1.4369e-004
4950	-0.81401	0.	0.56142	7.5858e-005
4951	-0.70882	0.	0.48598	1.2285e-004
4952	-0.85006	0.	0.46241	8.7814e-005
4958	0.57989	0.	0.42264	1.0905e-004
4959	0.48073	0.	0.51926	1.1343e-004
4960	0.63611	0.	0.52	7.2939e-005
4961	0.50767	0.	0.44999	1.3725e-004
4962	0.51278	0.	0.58125	7.5872e-005
4963	0.58292	0.	0.57687	7.3e-005
4964	0.61668	0.	0.46405	8.4677e-005
4968	-3.9754e-002	0.	0.17661	4.4045e-003
4969	-6.6553e-002	0.	0.14215	8.7207e-003
4970	-8.9212e-002	0.	0.14917	6.7405e-003
4971	-0.1054	0.	0.17	4.2972e-003
4972	-5.4199e-002	0.	0.20125	3.6463e-003
4973	-8.6484e-002	0.	0.20125	3.5976e-003
4974	-4.2848e-002	0.	0.14917	6.8055e-003
4979	1.7799e-002	0.	0.17023	4.2984e-003
4980	-2.5328e-002	0.	0.20786	3.0578e-003
4981	-1.3977e-002	0.	0.15578	6.5584e-003
4982	6.8464e-003	0.	0.20564	3.0058e-003
4986	-0.23929	0.	0.17	4.752e-003
4987	-0.24594	0.	0.19847	3.4248e-003
4988	-0.28057	0.	0.19702	3.5746e-003
4989	-0.25817	0.	0.15104	6.5507e-003
4990	-0.27892	0.	0.14137	6.8916e-003
4991	-0.29366	0.	0.16553	4.2661e-003
4995	-0.578	0.	0.32594	3.2476e-004
4996	-0.49593	0.	0.37289	3.5048e-004
4997	-0.62766	0.	0.37159	2.3573e-004
4998	-0.50779	0.	0.42865	2.5412e-004
4999	-0.58828	0.	0.43284	2.1826e-004
5000	-0.52656	0.	0.34311	3.999e-004
5005	0.31219	0.	0.27466	5.4096e-004
5006	0.21343	0.	0.34532	5.1127e-004
5007	0.19397	0.	0.28942	7.088e-004
5008	0.22574	0.	0.19827	1.276e-003
5009	0.27907	0.	0.34339	4.9163e-004
5010	0.2835	0.	0.20368	6.8778e-004
5011	0.20412	0.	0.25542	1.0754e-003
5016	-0.13874	0.	0.41158	3.9821e-004
5017	-0.16578	0.	0.38832	5.1869e-004
5018	-0.21166	0.	0.42141	3.7393e-004
5019	-0.14865	0.	0.4434	3.2411e-004
5020	-0.18346	0.	0.46157	3.0982e-004
5021	-0.19541	0.	0.39342	4.6498e-004
5025	-7.2791e-002	0.	0.50591	2.2732e-004
5026	-4.8714e-002	0.	0.55492	1.4462e-004
5027	-0.15278	0.	0.58293	1.3548e-004
5028	-0.11469	0.	0.50891	2.1392e-004
5029	-0.11128	0.	0.59542	1.2844e-004
5030	-0.1495	0.	0.52708	1.9215e-004
5035	-0.55579	0.	0.80703	4.6518e-005
5036	-0.41755	0.	0.77173	5.2588e-005
5037	-0.45395	0.	0.72298	7.0789e-005
5038	-0.51361	0.	0.8608	4.3436e-005
5039	-0.41085	0.	0.8219	4.2867e-005
5040	-0.52775	0.	0.74295	5.7434e-005
5041	-0.45431	0.	0.86271	4.1006e-005
5045	0.28194	0.	0.72667	6.0061e-005
5046	0.15917	0.	0.795	4.3695e-005
5047	0.19992	0.	0.72683	6.97e-005
5048	0.30417	0.	0.79208	4.4822e-005
5049	0.20753	0.	0.86237	3.9169e-005
5050	0.27458	0.	0.85604	4.0348e-005
5053	-0.1099	0.	0.76024	4.48e-005
5054	1.251e-002	0.	0.79878	3.6894e-005
5055	-1.4573e-002	0.	0.86128	2.5576e-005
5056	-8.2241e-002	0.	0.86954	2.3425e-005
5057	-5.8323e-002	0.	0.75191	4.8412e-005
5058	-0.10916	0.	0.81541	3.1364e-005
5063	0.57417	0.	0.78042	3.3813e-005
5064	0.60843	0.	0.84534	2.8051e-005
5065	0.62208	0.	0.71062	4.2263e-005
5066	0.67667	0.	0.73	3.2745e-005
5067	0.67728	0.	0.85647	2.3895e-005
5068	0.71047	0.	0.7958	2.5871e-005
5072	-0.84718	0.	0.70311	4.4909e-005
5073	-0.79783	0.	0.75073	4.2552e-005
5074	-0.88457	0.	0.8455	2.7651e-005
5075	-0.82506	0.	0.81024	3.2227e-005
5076	-0.90735	0.	0.72785	3.5775e-005
5077	-0.91867	0.	0.79233	2.8397e-005
5083	-0.14991	0.	0.26375	1.6732e-003
5084	-0.17402	0.	0.295	1.0182e-003
5085	-0.11763	0.	0.26375	1.5926e-003
5086	-9.8712e-002	0.	0.295	1.0454e-003
5087	-0.14428	0.	0.32625	8.6562e-004
5088	-0.11461	0.	0.31968	8.66e-004
5092	0.61181	0.	0.25264	1.5068e-004
5093	0.52423	0.	0.36264	1.53e-004
5094	0.53786	0.	0.30414	1.7587e-004
5095	0.63324	0.	0.3767	1.0244e-004
5096	0.64955	0.	0.31112	1.1232e-004
5102	-0.85297	0.	0.25561	1.4248e-004
5103	-0.77886	0.	0.34982	1.5292e-004
5104	-0.81409	0.	0.30126	1.6039e-004
5105	-0.88071	0.	0.3875	9.8433e-005
5106	-0.90573	0.	0.32125	1.0439e-004
5110	-0.12598	0.	0.1075	1.2706e-002
5111	-0.12035	0.	8.6667e-002	1.5531e-002
5112	-0.15836	0.	0.1075	1.3277e-002
5113	-0.16325	0.	8.4446e-002	1.9968e-002
5114	-0.15027	0.	7.625e-002	2.2873e-002
5115	-0.12845	0.	7.625e-002	1.9293e-002
5120	0.36267	0.	0.59343	1.0432e-004
5121	0.32734	0.	0.53103	1.4379e-004
5122	0.42506	0.	0.45925	1.5751e-004
5123	0.35556	0.	0.4714	1.9991e-004
5124	0.43017	0.	0.59051	9.8774e-005
5130	-0.22529	0.	0.69006	6.85e-005
5131	-0.18136	0.	0.66682	8.5643e-005
5132	-0.11157	0.	0.70958	5.7789e-005
5133	-0.13986	0.	0.67931	7.2625e-005
5134	-0.16241	0.	0.77309	4.5345e-005
5135	-0.20826	0.	0.75155	4.8864e-005
5140	-0.53991	0.	0.2401	6.8693e-004
5141	-0.64667	0.	0.20125	3.4925e-004
5142	-0.65007	0.	0.31399	2.8108e-004
5143	-0.57382	0.	0.19306	5.2735e-004
5144	-0.6853	0.	0.26543	2.8598e-004
5145	-0.54896	0.	0.2855	4.3565e-004
5149	-0.42716	0.	0.20449	1.4878e-003
5150	-0.51332	0.	0.16483	8.3345e-004
5151	-0.46554	0.	0.16073	1.4161e-003
5152	-0.48847	0.	0.25727	7.5056e-004
5153	-0.4421	0.	0.24382	9.5345e-004
5157	-0.60626	0.	0.58841	1.0179e-004
5158	-0.75665	0.	0.61741	6.9196e-005
5159	-0.7073	0.	0.66504	6.758e-005
5160	-0.65147	0.	0.54197	1.1747e-004
5161	-0.6304	0.	0.64635	7.3736e-005
5166	-0.17455	0.	0.17	4.4937e-003
5167	-0.19073	0.	0.14917	7.5572e-003
5168	-0.18792	0.	0.20125	3.6964e-003
5169	-0.21357	0.	0.19847	3.7151e-003
5170	-0.22579	0.	0.15104	6.6207e-003
5174	-7.2953e-003	0.	0.3733	5.5927e-004
5175	-4.184e-002	0.	0.41419	4.7213e-004
5176	-7.3826e-002	0.	0.38537	5.3165e-004
5177	-5.53e-002	0.	0.33086	8.6999e-004
5178	-7.1193e-002	0.	0.35554	6.3781e-004
5182	6.9508e-002	0.	0.19157	3.5231e-003
5183	0.11766	0.	0.26612	1.3098e-003
5184	0.12781	0.	0.23212	1.6493e-003
5185	0.10444	0.	0.18995	2.6407e-003
5186	5.8555e-002	0.	0.22698	1.98e-003
5187	7.9102e-002	0.	0.26332	1.4316e-003
5190	3.6742e-002	0.	0.12765	1.0145e-002
5191	8.141e-002	0.	0.15562	4.2492e-003
5192	1.4705e-002	0.	0.14279	7.0443e-003
5193	3.5528e-002	0.	0.19264	3.6015e-003
5194	5.8552e-002	0.	0.13148	6.306e-003
5200	0.78861	0.	0.52164	4.6789e-005
5201	0.74017	0.	0.46698	5.8595e-005
5202	0.65569	0.	0.58687	5.2964e-005
5203	0.71028	0.	0.60625	4.418e-005
5204	0.75824	0.	0.57268	4.4738e-005
5205	0.68946	0.	0.47405	6.5742e-005
5209	-1.0285	0.	0.52188	4.5542e-005
5210	-0.98017	0.	0.46698	5.5872e-005
5211	-0.89011	0.	0.58151	5.2831e-005
5212	-0.95028	0.	0.60625	4.4512e-005
5213	-0.99717	0.	0.57486	4.2777e-005
5214	-0.92616	0.	0.4825	6.6003e-005
5218	-0.20276	0.	0.1046	1.7334e-002
5219	-0.20765	0.	8.1544e-002	2.4829e-002
5220	-0.23782	0.	0.10648	1.7471e-002
5221	-0.25857	0.	9.6798e-002	1.7645e-002
5222	-0.24734	0.	6.8706e-002	3.1169e-002
5230	-4.5396e-002	0.	9.9858e-002	1.803e-002
5231	-8.7139e-002	0.	0.12132	9.9177e-003
5232	-8.1508e-002	0.	0.10049	1.3867e-002
5233	-4.0775e-002	0.	0.12132	1.0462e-002
5234	-6.4613e-002	0.	9.4656e-002	1.8619e-002
5239	0.42162	0.	0.2063	3.3439e-004
5240	0.41562	0.	0.3334	2.7248e-004
5241	0.34612	0.	0.34555	3.0876e-004
5242	0.35054	0.	0.20584	5.2584e-004
5243	0.42926	0.	0.27491	2.9345e-004
5248	-5.051e-003	0.	0.42078	3.9087e-004
5249	5.6616e-002	0.	0.42078	3.9389e-004
5250	4.7582e-002	0.	0.34031	7.5561e-004
5251	6.8009e-002	0.	0.38127	4.9873e-004
5255	-0.66208	0.	0.87857	3.5416e-005
5256	-0.59273	0.	0.87283	3.8008e-005
5257	-0.68377	0.	0.77366	4.5488e-005
5258	-0.60687	0.	0.75498	5.2509e-005
5259	-0.711	0.	0.83317	3.5341e-005
5263	0.47357	0.	0.8572	3.2863e-005
5264	0.48444	0.	0.71792	4.8825e-005
5265	0.54093	0.	0.84826	3.1061e-005
5266	0.43917	0.	0.78625	3.9504e-005
5267	0.55458	0.	0.71354	4.4607e-005
5271	3.4544e-004	0.	9.173e-002	1.9227e-002
5272	-2.1692e-002	0.	0.10687	1.7006e-002
5273	-4.5529e-002	0.	8.0204e-002	2.4068e-002
5274	-8.6209e-003	0.	7.6981e-002	3.1322e-002
5279	-1.0843	0.	0.19846	7.8584e-005
5280	-1.0302	0.	0.33448	6.945e-005
5281	-1.0915	0.	0.31962	6.6968e-005
5282	-1.0143	0.	0.19707	9.5177e-005
5283	-1.0012	0.	0.28375	8.5608e-005
5284	-1.0997	0.	0.25428	7.2577e-005
5290	0.84429	0.	0.19848	7.818e-005
5291	0.79022	0.	0.33448	7.2393e-005
5292	0.85151	0.	0.31962	6.9124e-005
5293	0.77539	0.	0.19715	1.0017e-004
5294	0.75582	0.	0.27597	8.9612e-005
5295	0.85965	0.	0.25428	7.2301e-005
5300	-0.28889	0.	0.87217	2.7825e-005
5301	-0.17029	0.	0.91603	1.6026e-005
5302	-0.27936	0.	0.92626	2.1537e-005
5303	-0.1972	0.	0.8619	2.6361e-005
5304	-0.24306	0.	0.84036	3.2041e-005
5309	5.4167e-002	0.	0.7325	6.0856e-005
5310	9.4924e-002	0.	0.66433	8.2796e-005
5311	1.7612e-002	0.	0.61484	1.0632e-004
5312	-1.6667e-002	0.	0.68562	6.882e-005
5313	-4.4949e-002	0.	0.65535	7.9406e-005
5318	-0.48089	0.	0.61298	1.0359e-004
5319	-0.49528	0.	0.52437	1.7496e-004
5320	-0.57576	0.	0.52857	1.3309e-004
5321	-0.55469	0.	0.63295	9.1622e-005
5324	0.21914	0.	0.47584	2.4111e-004
5325	0.16224	0.	0.36224	5.3396e-004
5326	0.24735	0.	0.41621	2.9138e-004
5327	0.13272	0.	0.4399	2.8992e-004
5328	0.14411	0.	0.4004	4.1185e-004
5332	-0.39322	0.	0.3927	3.8281e-004
5333	-0.44814	0.	0.41798	3.2599e-004
5334	-0.4669	0.	0.33245	4.6305e-004
5335	-0.42053	0.	0.31899	6.7953e-004
5336	-0.39878	0.	0.34746	5.1089e-004
5340	-0.39483	0.	0.69972	7.0702e-005
5341	-0.32294	0.	0.70534	6.8618e-005
5342	-0.35174	0.	0.79863	4.4042e-005
5343	-0.3059	0.	0.76682	4.7039e-005
5347	-0.30826	0.	0.49228	2.5722e-004
5348	-0.40508	0.	0.44847	2.9031e-004
5349	-0.31831	0.	0.38723	4.7999e-004
5350	-0.29979	0.	0.42344	3.6287e-004
5351	-0.35573	0.	0.37794	4.8054e-004
5356	0.54558	0.	0.15289	2.5202e-004
5357	0.39292	0.	0.13531	5.1222e-004
5358	0.47164	0.	0.20438	2.7159e-004
5364	-1.0756	0.	0.84118	1.5482e-005
5365	-1.0185	0.	0.71996	2.8303e-005
5366	-1.0654	0.	0.68856	2.6609e-005
5367	-1.1216	0.	0.70102	2.3218e-005
5368	-1.1286	0.	0.80163	1.631e-005
5369	-1.0298	0.	0.78443	2.0473e-005
5373	0.78218	0.	0.70244	2.9761e-005
5374	0.83014	0.	0.66887	3.0517e-005
5375	0.886	0.	0.6812	2.4979e-005
5376	0.87893	0.	0.77714	1.9053e-005
5377	0.81598	0.	0.76825	2.2596e-005
5381	-0.36479	0.	0.14465	3.4562e-003
5382	-0.41328	0.	0.15334	1.8426e-003
5383	-0.33219	0.	0.21057	2.1275e-003
5384	-0.38985	0.	0.23643	1.4683e-003
5385	-0.34528	0.	0.17908	2.9184e-003
5389	0.29189	0.	0.59594	1.1453e-004
5390	0.2452	0.	0.6585	8.1973e-005
5391	0.39472	0.	0.65542	6.7077e-005
5392	0.34944	0.	0.72375	5.8582e-005
5398	4.9663e-003	0.	0.11319	1.177e-002
5399	4.8813e-002	0.	0.10189	1.1297e-002
5400	3.1616e-002	0.	7.3542e-002	2.2408e-002
5401	1.8037e-002	0.	8.3306e-002	2.7556e-002
5406	0.12242	0.	0.72683	6.6782e-005
5407	5.4583e-002	0.	0.8575	3.1096e-005
5408	0.13003	0.	0.86237	3.6413e-005
5409	1.0833e-002	0.	0.74812	4.9979e-005
5414	-0.77045	0.	0.15269	2.5741e-004
5415	-0.62008	0.	0.12597	5.1822e-004
5416	-0.73157	0.	0.19835	2.7222e-004
5420	-1.5519e-002	0.	0.51068	2.1551e-004
5421	2.2071e-002	0.	0.46167	2.7713e-004
5422	-7.1582e-002	0.	0.43285	3.604e-004
5423	-8.1494e-002	0.	0.46467	2.6498e-004
5427	-0.80908	0.	0.21687	1.8541e-004
5428	-0.91374	0.	0.15018	1.407e-004
5429	-0.90072	0.	0.23686	1.3114e-004
5434	0.55322	0.	0.2215	1.9818e-004
5435	0.68449	0.	0.14965	1.4792e-004
5436	0.66491	0.	0.22847	1.3765e-004
5442	0.20987	0.	0.5961	1.2204e-004
5443	0.28478	0.	0.47391	2.0675e-004
5446	0.15293	0.	0.27234	1.076e-003
5447	0.10423	0.	0.30354	8.743e-004
5448	0.12465	0.	0.3445	6.1748e-004
5454	-0.10417	0.	0.1075	1.2396e-002
5455	-0.12598	0.	0.14917	6.5869e-003
5456	-0.14217	0.	0.12833	8.533e-003
5461	-0.66035	0.	0.42089	1.6771e-004
5462	-0.73497	0.	0.31108	1.9486e-004
5466	-0.2769	0.	0.61179	1.2873e-004
5467	-0.23296	0.	0.58854	1.4051e-004
5468	-0.25788	0.	0.49253	2.8174e-004
5469	-0.22968	0.	0.53269	2.0048e-004
5473	-8.1641e-002	0.	8.0834e-002	1.9925e-002
5474	-0.10663	0.	7.625e-002	1.9052e-002
5479	-0.15836	0.	0.14917	7.0311e-003
5480	-0.15554	0.	0.20125	3.3567e-003
5481	-0.12326	0.	0.20125	3.2094e-003
5489	-7.2058e-002	0.	0.2325	2.0882e-003
5490	-5.3144e-002	0.	0.26375	1.6158e-003
5491	-7.5987e-003	0.	0.23027	2.11e-003
5495	0.26409	0.	0.12944	1.2843e-003
5496	0.18471	0.	0.18118	1.5848e-003
5497	0.16133	0.	0.13902	2.666e-003
5498	0.16265	0.	9.8393e-002	4.5427e-003
5503	0.7822	0.	0.93519	1.3378e-005
5504	0.87834	0.	0.88342	1.1452e-005
5505	0.81539	0.	0.87452	1.5491e-005
5510	-0.98592	0.	0.92138	1.5691e-005
5511	-1.1188	0.	0.8854	1.13e-005
5512	-1.02	0.	0.8682	1.6341e-005
5518	-0.17943	0.	0.10528	1.7376e-002
5519	-0.20961	0.	0.13021	8.7346e-003
5524	-0.35933	0.	0.65659	8.3285e-005
5525	-0.50503	0.	0.67093	7.5714e-005
5529	-0.19302	0.	0.26375	1.7031e-003
5530	-0.13663	0.	0.2325	2.0134e-003
5531	-0.19457	0.	0.22972	2.2422e-003
5536	0.3825	0.	0.40213	2.2016e-004
5537	0.46564	0.	0.33149	2.0227e-004
5540	-0.17134	0.	7.4029e-002	2.6574e-002
5548	-0.6199	0.	0.93234	3.1906e-005
5549	-0.73817	0.	0.89268	2.9185e-005
5550	-0.75073	0.	0.94633	2.6602e-005
5555	0.50783	0.	0.92213	2.7542e-005
5556	0.40607	0.	0.86012	3.6299e-005
5557	0.37649	0.	0.92408	3.1627e-005
5562	-0.25179	0.	0.32313	8.4652e-004
5563	-0.21867	0.	0.26097	1.6749e-003
5564	-0.18739	0.	0.32625	8.4402e-004
5565	-0.2533	0.	0.25952	1.6594e-003
5566	-0.21701	0.	0.33136	8.247e-004
5570	4.6148e-002	0.	0.51068	2.0171e-004
5571	-5.4003e-002	0.	0.60019	1.0752e-004
5576	-0.32815	0.	7.8541e-002	9.8281e-003
5577	-0.40316	0.	0.10089	3.4225e-003
5578	-0.32042	0.	0.10246	6.9028e-003
5579	-0.33517	0.	0.12662	4.2839e-003
5586	-0.29389	0.	8.881e-002	1.1441e-002
5587	-0.28266	0.	6.0718e-002	2.6816e-002
5591	-0.49944	0.	0.11368	1.28e-003
5597	-1.0597	0.	0.45885	4.9664e-005
5598	-1.121	0.	0.444	4.705e-005
5599	-1.0767	0.	0.56673	3.5993e-005
5600	-1.1329	0.	0.57919	3.3246e-005
5604	0.81989	0.	0.45862	5.2696e-005
5605	0.88119	0.	0.44376	4.9206e-005
5606	0.83796	0.	0.56432	3.8525e-005
5607	0.89383	0.	0.57665	3.3443e-005
5612	-0.54048	0.	0.47794	1.8737e-004
5616	-4.0168e-002	0.	0.92826	1.425e-005
5617	0.10295	0.	0.92487	2.4942e-005
5622	0.41694	0.	0.72083	5.1394e-005
5623	0.53236	0.	0.64812	5.6842e-005
5632	-0.2435	0.	0.63896	9.6342e-005
5633	-0.2704	0.	0.72369	6.2907e-005
5638	0.64403	0.	0.92431	2.1168e-005
5643	0.8107	0.	0.13062	9.7674e-005
5644	0.89495	0.	0.18775	6.9947e-005
5651	-1.0496	0.	0.13053	9.4409e-005
5652	-1.135	0.	0.18774	7.1927e-005
5655	-0.49125	0.	0.92851	3.2024e-005
5661	0.34208	0.	0.85312	3.844e-005
5665	0.83274	0.	0.3891	6.0299e-005
5666	0.72074	0.	0.41103	7.0991e-005
5667	0.73705	0.	0.34545	8.1386e-005
5672	-1.0727	0.	0.3891	5.6702e-005
5673	-0.95744	0.	0.41948	6.9135e-005
5674	-0.98247	0.	0.35323	7.5885e-005
5679	-0.78198	0.	0.68064	5.1603e-005
5680	-0.8915	0.	0.65776	4.5247e-005
5683	0.65708	0.	0.66312	4.3943e-005
5688	-8.5429e-002	0.	0.26375	1.6299e-003
5693	-0.65573	0.	0.70958	5.6318e-005
5694	-0.75986	0.	0.78778	3.9635e-005
5698	-0.26793	0.	0.38748	4.9418e-004
5699	-0.32387	0.	0.34198	5.9654e-004
5700	-0.25168	0.	0.35949	5.7111e-004
5703	-0.33551	0.	0.90288	2.8187e-005
5704	-0.2992	0.	0.81698	3.7288e-005
5705	-0.38849	0.	0.88961	3.1556e-005
5709	-0.13475	0.	0.88238	2.1731e-005
5717	-0.8466	0.	0.88255	2.4704e-005
5718	-0.85916	0.	0.93619	2.1931e-005
5719	-0.94021	0.	0.86463	2.0365e-005
5724	0.24545	0.	0.92341	3.2456e-005
5736	9.5131e-002	0.	0.42216	3.8501e-004
5745	-0.25485	0.	0.22548	2.2664e-003
5749	0.13971	0.	0.19617	2.4687e-003
5754	9.348e-002	0.	0.12986	5.6143e-003
5755	0.11766	0.	0.11338	5.2947e-003
5762	-0.13061	0.	0.38077	5.1847e-004
5763	-0.11348	0.	0.43585	3.4387e-004
5764	-0.10093	0.	0.3742	5.466e-004
5768	-0.15807	0.	0.6282	9.6843e-005
5769	-0.19629	0.	0.55986	1.7301e-004
5774	-8.8282e-002	0.	0.67097	7.5195e-005
5783	-8.2408e-002	0.	0.31968	8.7022e-004
5787	-0.12798	0.	0.35093	6.3278e-004
5788	-0.18728	0.	0.36261	5.9779e-004
5798	-1.1422	0.	0.3089	6.0097e-005
5803	0.90217	0.	0.3089	6.0503e-005
5808	-0.9665	0.	0.21582	1.0081e-004
5814	0.72222	0.	0.20812	1.0814e-004
5820	4.5122e-002	0.	0.26439	1.5813e-003
5828	-0.79965	0.	0.90093	2.659e-005
5832	-0.30257	0.	0.19254	3.0673e-003
5837	0.75963	0.	0.64893	3.5243e-005
5838	0.74547	0.	0.7483	2.7782e-005
5840	-0.99855	0.	0.65111	3.4561e-005
5841	-0.96299	0.	0.74698	2.8825e-005
5844	0.74608	0.	0.87477	1.8395e-005
5848	-0.22121	0.	0.46385	3.0666e-004
5849	-0.23315	0.	0.3957	4.7489e-004
5854	-0.26542	0.	0.12241	8.5139e-003
5858	-1.1016	0.	0.63217	2.9477e-005
5863	0.86345	0.	0.62769	3.0569e-005
5867	-0.1582	0.	0.48584	2.4307e-004
5871	-0.37897	0.	0.9437	2.6002e-005
5880	9.48e-002	0.	8.924e-002	7.3102e-003
5881	5.3426e-002	0.	7.7377e-002	1.9325e-002
5885	8.6097e-002	0.	0.3417	7.6136e-004
5888	-0.45116	0.	0.28922	7.2632e-004
5892	7.7603e-002	0.	6.089e-002	1.9118e-002
5896	-0.38304	0.	0.30423	7.5806e-004
5901	2.265e-002	0.	5.8792e-002	3.4152e-002
5914	0.84222	0.	0.823	1.6697e-005
5917	-0.20752	0.	0.80672	3.5754e-005
5936	-0.92846	0.	0.36875	8.5054e-005
5940	0.68634	0.	0.35252	8.7983e-005
5951	-0.30091	0.	0.13689	6.5048e-003
5952	-0.27493	0.	8.464e-002	2.4081e-002
