Node Number	X Location (m)	Y Location (m)	Z Location (m)	Total Magnetic Flux Density (T)
115	-0.48	0.	6.e-002	0.54936
116	-0.456	0.	6.e-002	0.64876
117	-0.432	0.	6.e-002	0.85129
118	-0.384	0.	6.e-002	1.138
119	-0.336	0.	6.e-002	1.3268
120	-0.288	0.	6.e-002	1.4366
121	-0.24	0.	6.e-002	1.4875
122	-0.192	0.	6.e-002	1.4412
123	-0.144	0.	6.e-002	1.3322
124	-9.6e-002	0.	6.e-002	1.1312
125	-4.8e-002	0.	6.e-002	0.90106
126	0.	0.	6.e-002	0.55329
127	-2.4e-002	0.	6.e-002	0.68366
205	-2.4e-002	0.	-6.e-002	0.65332
206	0.	0.	-6.e-002	0.52454
207	-4.8e-002	0.	-6.e-002	0.87337
208	-9.6e-002	0.	-6.e-002	1.1405
209	-0.144	0.	-6.e-002	1.3481
210	-0.192	0.	-6.e-002	1.4455
211	-0.24	0.	-6.e-002	1.4863
212	-0.288	0.	-6.e-002	1.4559
213	-0.336	0.	-6.e-002	1.3021
214	-0.384	0.	-6.e-002	1.1524
215	-0.432	0.	-6.e-002	0.89334
216	-0.456	0.	-6.e-002	0.65743
217	-0.48	0.	-6.e-002	0.54706
595	0.	0.	0.	0.44109
596	-0.48	0.	0.	0.49067
1054	-4.8e-002	0.	0.	0.8705
1055	-0.14247	0.	-7.4083e-019	1.3063
1056	-0.23681	0.	1.6421e-018	1.473
1057	-0.312	0.	0.	1.3915
1058	-0.38325	0.	-6.5055e-019	1.0937
2668	-0.468	0.	6.e-002	0.59372
2670	-0.48	0.	3.e-002	0.48516
2676	-0.444	0.	6.e-002	0.74155
2678	-0.468	0.	3.e-002	0.55233
2681	-0.408	0.	6.e-002	0.99362
2683	-0.456	0.	3.e-002	0.66616
2684	-0.40763	0.	3.e-002	0.96728
2687	-0.36	0.	6.e-002	1.2318
2689	-0.38363	0.	3.e-002	1.1139
2692	-0.312	0.	6.e-002	1.3817
2694	-0.324	0.	3.e-002	1.3588
2695	-0.35963	0.	3.e-002	1.2097
2699	-0.264	0.	6.e-002	1.462
2701	-0.2624	0.	3.e-002	1.4547
2702	-0.3	0.	3.e-002	1.4139
2706	-0.216	0.	6.e-002	1.4642
2708	-0.2384	0.	3.e-002	1.4803
2711	-0.168	0.	6.e-002	1.3864
2713	-0.16723	0.	3.e-002	1.3735
2714	-0.2144	0.	3.e-002	1.457
2717	-0.12	0.	6.e-002	1.2314
2719	-0.14323	0.	3.e-002	1.3184
2722	-7.2e-002	0.	6.e-002	1.0142
2724	-7.2e-002	0.	3.e-002	0.99905
2725	-0.11923	0.	3.e-002	1.2169
2728	-3.6e-002	0.	6.e-002	0.78934
2730	-4.8e-002	0.	3.e-002	0.87986
2733	-1.2e-002	0.	6.e-002	0.60942
2735	0.	0.	3.e-002	0.46639
2741	-1.2e-002	0.	3.e-002	0.55027
2742	-3.6e-002	0.	3.e-002	0.76124
3104	-1.2e-002	0.	-6.e-002	0.58037
3105	-3.6e-002	0.	-6.e-002	0.7596
3106	-1.2e-002	0.	-3.e-002	0.53178
3107	-3.6e-002	0.	-3.e-002	0.74696
3113	0.	0.	-3.e-002	0.447
3117	-7.2e-002	0.	-6.e-002	1.0046
3118	-4.8e-002	0.	-3.e-002	0.86755
3121	-0.12	0.	-6.e-002	1.2442
3122	-7.2e-002	0.	-3.e-002	1.0046
3123	-0.11923	0.	-3.e-002	1.2226
3128	-0.168	0.	-6.e-002	1.3966
3129	-0.14323	0.	-3.e-002	1.3269
3132	-0.216	0.	-6.e-002	1.4658
3133	-0.16723	0.	-3.e-002	1.3759
3134	-0.2144	0.	-3.e-002	1.4592
3138	-0.264	0.	-6.e-002	1.471
3139	-0.2384	0.	-3.e-002	1.4796
3142	-0.312	0.	-6.e-002	1.3788
3143	-0.2624	0.	-3.e-002	1.4643
3144	-0.3	0.	-3.e-002	1.4236
3146	-0.36	0.	-6.e-002	1.2267
3147	-0.324	0.	-3.e-002	1.3463
3148	-0.35963	0.	-3.e-002	1.1975
3150	-0.408	0.	-6.e-002	1.0222
3151	-0.38363	0.	-3.e-002	1.1216
3154	-0.444	0.	-6.e-002	0.76717
3155	-0.456	0.	-3.e-002	0.68605
3156	-0.40763	0.	-3.e-002	0.98988
3159	-0.468	0.	-6.e-002	0.59724
3160	-0.468	0.	-3.e-002	0.55534
3165	-0.48	0.	-3.e-002	0.48264
5455	-2.4e-002	0.	0.	0.65242
5465	-0.43163	0.	-3.2527e-019	0.7885
8490	-9.5234e-002	0.	-3.7042e-019	1.0881
8498	-0.18964	0.	4.5064e-019	1.3896
8505	-0.2744	0.	8.2106e-019	1.4322
8514	-0.34763	0.	-3.2527e-019	1.2425
78	-0.456	0.	-7.5e-002	0.23514
79	-0.432	0.	-7.5e-002	0.17289
80	-0.384	0.	-7.5e-002	0.12145
81	-0.336	0.	-7.5e-002	7.9936e-002
82	-0.288	0.	-7.5e-002	4.8629e-002
83	-0.24	0.	-7.5e-002	3.3146e-002
84	-0.192	0.	-7.5e-002	4.7711e-002
85	-0.144	0.	-7.5e-002	7.8651e-002
86	-9.6e-002	0.	-7.5e-002	0.11985
87	-4.8e-002	0.	-7.5e-002	0.17213
88	-2.4e-002	0.	-7.5e-002	0.23487
89	-2.4e-002	0.	7.5e-002	0.23501
90	-4.8e-002	0.	7.5e-002	0.17324
91	-9.6e-002	0.	7.5e-002	0.12103
92	-0.144	0.	7.5e-002	7.9123e-002
93	-0.192	0.	7.5e-002	4.7994e-002
94	-0.24	0.	7.5e-002	3.314e-002
95	-0.288	0.	7.5e-002	4.8365e-002
96	-0.336	0.	7.5e-002	7.9734e-002
97	-0.384	0.	7.5e-002	0.12157
98	-0.432	0.	7.5e-002	0.17234
99	-0.456	0.	7.5e-002	0.23378
100	0.	0.	7.5e-002	0.27261
101	0.	0.	9.e-002	0.19981
102	-2.4e-002	0.	9.e-002	0.18759
103	-4.8e-002	0.	9.e-002	0.15423
104	-9.6e-002	0.	9.e-002	0.11258
105	-0.144	0.	9.e-002	8.015e-002
106	-0.192	0.	9.e-002	5.8292e-002
107	-0.24	0.	9.e-002	4.9495e-002
108	-0.288	0.	9.e-002	5.8364e-002
109	-0.336	0.	9.e-002	8.0534e-002
110	-0.384	0.	9.e-002	0.11321
111	-0.432	0.	9.e-002	0.15265
112	-0.456	0.	9.e-002	0.18525
113	-0.48	0.	7.5e-002	0.27396
114	-0.48	0.	9.e-002	0.20056
115	-0.48	0.	6.e-002	0.34755
116	-0.456	0.	6.e-002	0.28252
117	-0.432	0.	6.e-002	0.19249
118	-0.384	0.	6.e-002	0.13216
119	-0.336	0.	6.e-002	8.2661e-002
120	-0.288	0.	6.e-002	4.2677e-002
121	-0.24	0.	6.e-002	1.6785e-002
122	-0.192	0.	6.e-002	4.2024e-002
123	-0.144	0.	6.e-002	8.1809e-002
124	-9.6e-002	0.	6.e-002	0.13168
125	-4.8e-002	0.	6.e-002	0.1927
126	0.	0.	6.e-002	0.34549
127	-2.4e-002	0.	6.e-002	0.2826
205	-2.4e-002	0.	-6.e-002	0.28364
206	0.	0.	-6.e-002	0.34887
207	-4.8e-002	0.	-6.e-002	0.19188
208	-9.6e-002	0.	-6.e-002	0.13051
209	-0.144	0.	-6.e-002	8.1385e-002
210	-0.192	0.	-6.e-002	4.1815e-002
211	-0.24	0.	-6.e-002	1.6792e-002
212	-0.288	0.	-6.e-002	4.2881e-002
213	-0.336	0.	-6.e-002	8.2759e-002
214	-0.384	0.	-6.e-002	0.1321
215	-0.432	0.	-6.e-002	0.19301
216	-0.456	0.	-6.e-002	0.28285
217	-0.48	0.	-6.e-002	0.34609
325	-0.456	0.	-9.e-002	0.18756
326	-0.48	0.	-9.e-002	0.20354
327	-0.432	0.	-9.e-002	0.15322
328	-0.384	0.	-9.e-002	0.11302
329	-0.336	0.	-9.e-002	8.0828e-002
330	-0.288	0.	-9.e-002	5.8675e-002
331	-0.24	0.	-9.e-002	4.9502e-002
332	-0.192	0.	-9.e-002	5.7962e-002
333	-0.144	0.	-9.e-002	7.9721e-002
334	-9.6e-002	0.	-9.e-002	0.11144
335	-4.8e-002	0.	-9.e-002	0.15281
336	-2.4e-002	0.	-9.e-002	0.18626
337	0.	0.	-9.e-002	0.2
347	-0.48	0.	-7.5e-002	0.27478
351	0.	0.	-7.5e-002	0.2744
2519	-0.444	0.	-7.5e-002	0.20283
2520	-0.456	0.	-6.75e-002	0.25898
2521	-0.456	0.	-8.25e-002	0.21133
2522	-0.468	0.	-7.5e-002	0.25446
2523	-0.408	0.	-7.5e-002	0.14688
2524	-0.432	0.	-6.75e-002	0.1829
2525	-0.432	0.	-8.25e-002	0.16298
2526	-0.36	0.	-7.5e-002	0.10029
2527	-0.384	0.	-6.75e-002	0.12653
2528	-0.384	0.	-8.25e-002	0.11693
2529	-0.312	0.	-7.5e-002	6.3435e-002
2530	-0.336	0.	-6.75e-002	8.0895e-002
2531	-0.336	0.	-8.25e-002	7.9913e-002
2532	-0.264	0.	-7.5e-002	3.767e-002
2533	-0.288	0.	-6.75e-002	4.5086e-002
2534	-0.288	0.	-8.25e-002	5.3242e-002
2535	-0.216	0.	-7.5e-002	3.7112e-002
2536	-0.24	0.	-6.75e-002	2.4969e-002
2537	-0.24	0.	-8.25e-002	4.1324e-002
2538	-0.168	0.	-7.5e-002	6.2295e-002
2539	-0.192	0.	-6.75e-002	4.4079e-002
2540	-0.192	0.	-8.25e-002	5.2426e-002
2541	-0.12	0.	-7.5e-002	9.883e-002
2542	-0.144	0.	-6.75e-002	7.9554e-002
2543	-0.144	0.	-8.25e-002	7.8707e-002
2544	-7.2e-002	0.	-7.5e-002	0.1457
2545	-9.6e-002	0.	-6.75e-002	0.12493
2546	-9.6e-002	0.	-8.25e-002	0.11533
2547	-3.6e-002	0.	-7.5e-002	0.20225
2548	-4.8e-002	0.	-6.75e-002	0.18196
2549	-4.8e-002	0.	-8.25e-002	0.16241
2550	-2.4e-002	0.	-6.75e-002	0.25924
2551	-2.4e-002	0.	-8.25e-002	0.21054
2552	-1.2e-002	0.	-7.5e-002	0.25409
2553	-3.6e-002	0.	7.5e-002	0.20296
2554	-1.2e-002	0.	7.5e-002	0.2533
2555	-2.4e-002	0.	8.25e-002	0.21127
2556	-2.4e-002	0.	6.75e-002	0.25879
2557	-7.2e-002	0.	7.5e-002	0.14686
2558	-4.8e-002	0.	8.25e-002	0.16367
2559	-4.8e-002	0.	6.75e-002	0.18292
2560	-0.12	0.	7.5e-002	9.9666e-002
2561	-9.6e-002	0.	8.25e-002	0.1165
2562	-9.6e-002	0.	6.75e-002	0.12611
2563	-0.168	0.	7.5e-002	6.2652e-002
2564	-0.144	0.	8.25e-002	7.9169e-002
2565	-0.144	0.	6.75e-002	8.0013e-002
2566	-0.216	0.	7.5e-002	3.7401e-002
2567	-0.192	0.	8.25e-002	5.2736e-002
2568	-0.192	0.	6.75e-002	4.433e-002
2569	-0.264	0.	7.5e-002	3.7376e-002
2570	-0.24	0.	8.25e-002	4.1318e-002
2571	-0.24	0.	6.75e-002	2.4962e-002
2572	-0.312	0.	7.5e-002	6.3198e-002
2573	-0.288	0.	8.25e-002	5.2954e-002
2574	-0.288	0.	6.75e-002	4.4851e-002
2575	-0.36	0.	7.5e-002	0.10026
2576	-0.336	0.	8.25e-002	7.9663e-002
2577	-0.336	0.	6.75e-002	8.0745e-002
2578	-0.408	0.	7.5e-002	0.14668
2579	-0.384	0.	8.25e-002	0.11708
2580	-0.384	0.	6.75e-002	0.12662
2581	-0.444	0.	7.5e-002	0.20179
2582	-0.432	0.	8.25e-002	0.16243
2583	-0.432	0.	6.75e-002	0.18237
2584	-0.456	0.	8.25e-002	0.20948
2585	-0.468	0.	7.5e-002	0.25333
2586	-0.456	0.	6.75e-002	0.25813
2587	0.	0.	8.25e-002	0.23619
2588	0.	0.	6.75e-002	0.30904
2594	-1.2e-002	0.	9.e-002	0.19325
2599	-3.6e-002	0.	9.e-002	0.16969
2603	-7.2e-002	0.	9.e-002	0.13266
2610	-0.12	0.	9.e-002	9.5588e-002
2615	-0.168	0.	9.e-002	6.7999e-002
2620	-0.216	0.	9.e-002	5.1804e-002
2626	-0.264	0.	9.e-002	5.1645e-002
2630	-0.312	0.	9.e-002	6.8299e-002
2636	-0.36	0.	9.e-002	9.6124e-002
2640	-0.408	0.	9.e-002	0.1322
2646	-0.444	0.	9.e-002	0.16767
2652	-0.468	0.	9.e-002	0.19247
2656	-0.48	0.	8.25e-002	0.23723
2657	-0.48	0.	6.75e-002	0.31074
2668	-0.468	0.	6.e-002	0.31441
2676	-0.444	0.	6.e-002	0.2363
2681	-0.408	0.	6.e-002	0.16228
2687	-0.36	0.	6.e-002	0.1073
2692	-0.312	0.	6.e-002	6.2377e-002
2699	-0.264	0.	6.e-002	2.5739e-002
2706	-0.216	0.	6.e-002	2.5554e-002
2711	-0.168	0.	6.e-002	6.1604e-002
2717	-0.12	0.	6.e-002	0.10662
2722	-7.2e-002	0.	6.e-002	0.16214
2728	-3.6e-002	0.	6.e-002	0.23658
2733	-1.2e-002	0.	6.e-002	0.31349
3104	-1.2e-002	0.	-6.e-002	0.31566
3105	-3.6e-002	0.	-6.e-002	0.2366
3111	0.	0.	-6.75e-002	0.31163
3117	-7.2e-002	0.	-6.e-002	0.16115
3121	-0.12	0.	-6.e-002	0.10582
3128	-0.168	0.	-6.e-002	6.1294e-002
3132	-0.216	0.	-6.e-002	2.5231e-002
3138	-0.264	0.	-6.e-002	2.6064e-002
3142	-0.312	0.	-6.e-002	6.2529e-002
3146	-0.36	0.	-6.e-002	0.10731
3150	-0.408	0.	-6.e-002	0.16251
3154	-0.444	0.	-6.e-002	0.23686
3159	-0.468	0.	-6.e-002	0.31393
3164	-0.48	0.	-6.75e-002	0.31043
3866	-0.468	0.	-9.e-002	0.19512
3867	-0.444	0.	-9.e-002	0.16912
3871	-0.48	0.	-8.25e-002	0.23915
3876	-0.408	0.	-9.e-002	0.13237
3881	-0.36	0.	-9.e-002	9.6176e-002
3886	-0.312	0.	-9.e-002	6.8607e-002
3891	-0.264	0.	-9.e-002	5.1919e-002
3897	-0.216	0.	-9.e-002	5.1541e-002
3900	-0.168	0.	-9.e-002	6.7657e-002
3904	-0.12	0.	-9.e-002	9.4788e-002
3909	-7.2e-002	0.	-9.e-002	0.13133
3914	-3.6e-002	0.	-9.e-002	0.16823
3917	-1.2e-002	0.	-9.e-002	0.19266
3922	0.	0.	-8.25e-002	0.23718
206	0.	0.	-6.e-002	0.21848
217	-0.48	0.	-6.e-002	0.22402
325	-0.456	0.	-9.e-002	0.14106
326	-0.48	0.	-9.e-002	0.14222
327	-0.432	0.	-9.e-002	0.11482
328	-0.384	0.	-9.e-002	8.5527e-002
329	-0.336	0.	-9.e-002	6.8259e-002
330	-0.288	0.	-9.e-002	5.7595e-002
331	-0.24	0.	-9.e-002	5.8651e-002
332	-0.192	0.	-9.e-002	5.5135e-002
333	-0.144	0.	-9.e-002	6.1343e-002
334	-9.6e-002	0.	-9.e-002	8.6971e-002
335	-4.8e-002	0.	-9.e-002	0.11911
336	-2.4e-002	0.	-9.e-002	0.12337
337	0.	0.	-9.e-002	0.14398
347	-0.48	0.	-7.5e-002	0.17715
351	0.	0.	-7.5e-002	0.2073
418	1.	0.	-9.9091e-002	8.9714e-004
419	1.	0.	-0.19818	8.3178e-004
420	1.	0.	-0.29727	7.6234e-004
421	1.	0.	-0.39636	6.3682e-004
422	1.	0.	-0.49545	5.3777e-004
423	1.	0.	-0.59455	4.023e-004
424	1.	0.	-0.69364	3.1387e-004
425	1.	0.	-0.79273	2.394e-004
426	1.	0.	-0.89182	1.3698e-004
427	1.	0.	-0.99091	6.0877e-005
438	0.89667	0.	-1.09	7.3106e-005
439	0.79333	0.	-1.09	1.464e-004
440	0.69	0.	-1.09	2.167e-004
441	0.58667	0.	-1.09	2.8467e-004
442	0.48333	0.	-1.09	3.456e-004
443	0.38	0.	-1.09	3.9752e-004
444	0.27667	0.	-1.09	4.3015e-004
445	0.17333	0.	-1.09	4.212e-004
446	7.e-002	0.	-1.09	3.9577e-004
447	-3.3333e-002	0.	-1.09	2.846e-004
448	-0.13667	0.	-1.09	1.4117e-004
449	-0.24	0.	-1.09	8.6366e-005
450	-0.34333	0.	-1.09	1.6616e-004
451	-0.44667	0.	-1.09	2.8205e-004
452	-0.55	0.	-1.09	3.844e-004
453	-0.65333	0.	-1.09	4.1756e-004
454	-0.75667	0.	-1.09	4.1795e-004
455	-0.86	0.	-1.09	3.744e-004
456	-0.96333	0.	-1.09	3.5132e-004
457	-1.0667	0.	-1.09	2.8147e-004
458	-1.17	0.	-1.09	2.1293e-004
459	-1.2733	0.	-1.09	1.4617e-004
460	-1.3767	0.	-1.09	6.1878e-005
466	-1.48	0.	-0.99091	5.8596e-005
467	-1.48	0.	-0.89182	1.3596e-004
468	-1.48	0.	-0.79273	2.3398e-004
469	-1.48	0.	-0.69364	3.369e-004
470	-1.48	0.	-0.59455	4.0806e-004
471	-1.48	0.	-0.49545	5.4823e-004
472	-1.48	0.	-0.39636	6.4183e-004
473	-1.48	0.	-0.29727	7.3213e-004
474	-1.48	0.	-0.19818	8.3739e-004
475	-1.48	0.	-9.9091e-002	9.0416e-004
481	0.1	0.	0.	7.6013e-002
482	0.2	0.	0.	2.5753e-002
483	0.3	0.	0.	1.0907e-002
484	0.4	0.	0.	5.0508e-003
485	0.5	0.	0.	3.5413e-003
486	0.6	0.	0.	1.9745e-003
487	0.7	0.	0.	1.6325e-003
488	0.8	0.	0.	1.1446e-003
489	0.9	0.	0.	9.5951e-004
490	-1.38	0.	0.	9.6314e-004
491	-1.28	0.	0.	1.1715e-003
492	-1.18	0.	0.	1.5139e-003
493	-1.08	0.	0.	2.1546e-003
494	-0.98	0.	0.	3.2784e-003
495	-0.88	0.	0.	5.3955e-003
496	-0.78	0.	0.	8.4207e-003
497	-0.68	0.	0.	2.582e-002
498	-0.58	0.	0.	8.0153e-002
595	0.	0.	0.	0.25665
596	-0.48	0.	0.	0.24347
601	1.	0.	-1.09	3.9787e-005
602	1.	0.	0.	9.019e-004
603	-1.48	0.	-1.09	3.6816e-005
604	-1.48	0.	0.	9.0996e-004
793	0.17027	0.	-0.59705	1.7212e-003
794	-0.61833	0.	-0.59	1.7302e-003
795	-0.55263	0.	-0.37883	6.4224e-003
796	6.9167e-002	0.	-0.34	8.0407e-003
797	-0.20763	0.	-0.45053	3.9887e-003
798	-1.0492	0.	-0.49318	1.163e-003
799	0.58291	0.	-0.48465	1.2424e-003
800	-0.25841	0.	-0.78858	6.1887e-004
801	-0.27521	0.	-0.28979	1.4004e-002
802	2.4513e-002	0.	-0.2101	2.5568e-002
803	-0.52719	0.	-0.21658	2.1502e-002
804	-0.79917	0.	-0.41659	2.9257e-003
805	0.31917	0.	-0.41659	2.9229e-003
806	0.49269	0.	-0.8078	5.15e-004
807	-0.95458	0.	-0.79159	5.7641e-004
808	-0.41187	0.	-0.5275	2.7253e-003
809	-9.2682e-002	0.	-0.31098	1.1717e-002
810	8.1111e-002	0.	-0.75667	1.0491e-003
811	-6.312e-004	0.	-0.65064	1.3567e-003
812	-0.58542	0.	-0.92141	5.3024e-004
813	-1.3049	0.	-0.72629	3.4221e-004
814	0.67208	0.	-0.77412	3.923e-004
815	0.2405	0.	-0.35516	5.1964e-003
816	-0.60944	0.	-0.2822	9.8052e-003
817	0.61278	0.	-0.32879	1.4921e-003
818	-1.1367	0.	-0.14181	1.619e-003
819	-0.36302	0.	-0.28076	1.3239e-002
820	-0.38139	0.	-0.73024	9.8339e-004
821	-1.7774e-002	0.	-0.37191	7.2035e-003
822	0.38657	0.	-0.13467	5.4235e-003
823	0.24289	0.	-0.13912	1.1376e-002
824	-0.86323	0.	-0.12722	5.0016e-003
825	-0.12399	0.	-0.2336	2.3853e-002
826	-0.88614	0.	-0.65571	1.0066e-003
827	0.37097	0.	-0.54159	1.5547e-003
828	0.85578	0.	-0.54171	5.0859e-004
829	-1.3502	0.	-0.42899	6.8992e-004
830	-0.68278	0.	-0.83775	7.1952e-004
831	0.37174	0.	-0.70514	8.5298e-004
832	-0.25035	0.	-0.66383	1.1988e-003
833	-0.95779	0.	-0.2979	2.7954e-003
834	-0.10004	0.	-0.77537	7.2359e-004
835	-0.34553	0.	-0.18514	3.4912e-002
836	0.79255	0.	-0.28401	9.7522e-004
837	0.17744	0.	-0.94384	5.3042e-004
838	-0.28263	0.	-0.38912	6.2928e-003
839	-9.6761e-002	0.	-0.15538	5.2978e-002
840	-7.3461e-003	0.	-0.52885	2.701e-003
841	-0.3877	0.	-0.41292	5.3266e-003
842	-0.49686	0.	-0.14435	6.0604e-002
843	2.5639e-002	0.	-0.15071	4.8807e-002
844	0.14342	0.	-0.16614	2.0087e-002
845	9.0363e-002	0.	-0.11224	4.8942e-002
846	-0.26002	0.	-0.19558	2.5634e-002
847	-0.12623	0.	-0.61277	1.7906e-003
848	-1.2374	0.	-0.90814	2.2342e-004
849	-0.4512	0.	-0.88178	5.1249e-004
850	0.859	0.	-0.84364	2.0543e-004
851	-0.54515	0.	-0.79129	8.5832e-004
852	-0.70028	0.	-0.22331	9.1837e-003
853	-0.61427	0.	-0.18152	1.8278e-002
854	-0.5514	0.	-0.14867	4.0053e-002
855	-0.20552	0.	-0.93375	2.4608e-004
856	0.10931	0.	-0.49743	2.9245e-003
857	-0.59175	0.	-0.47545	3.225e-003
858	-0.19262	0.	-0.34521	8.1335e-003
859	-1.1297	0.	-0.75894	4.2824e-004
860	5.0415e-002	0.	-0.85991	6.0306e-004
861	-1.177	0.	-0.60973	6.6888e-004
862	0.56761	0.	-0.1501	2.4597e-003
863	-0.39862	0.	-0.17498	4.7459e-002
864	-1.0928	0.	-0.32879	1.3894e-003
865	-0.74901	0.	-0.62285	1.2315e-003
866	0.45384	0.	-0.3876	2.2165e-003
867	-1.3649	0.	-0.1533	9.2979e-004
868	0.73458	0.	-0.44477	8.2453e-004
869	0.34875	0.	-0.85516	5.9319e-004
870	-4.8299e-002	0.	-0.22542	2.8695e-002
871	0.35032	0.	-0.29358	4.2814e-003
872	-0.43906	0.	-0.25667	1.9322e-002
873	-0.30865	0.	-0.49625	3.0999e-003
874	-0.17369	0.	-0.16486	3.7335e-002
875	-0.51954	0.	-0.6627	1.3865e-003
876	0.60998	0.	-0.94063	3.0698e-004
877	-0.10975	0.	-0.40848	5.4209e-003
878	0.52188	0.	-0.64239	8.5116e-004
879	0.69215	0.	-0.60186	5.8518e-004
880	0.22181	0.	-0.74053	1.0626e-003
881	-0.71979	0.	-0.34858	5.2378e-003
882	-0.98957	0.	-0.94393	3.8971e-004
883	0.10396	0.	-0.24919	1.3662e-002
884	-0.83629	0.	-0.53891	1.7822e-003
885	0.23618	0.	-0.49097	2.6864e-003
886	-0.70999	0.	-0.48643	2.887e-003
887	2.9503e-002	0.	-8.656e-002	0.11852
888	-0.49582	0.	-0.44963	4.426e-003
889	-0.79278	0.	-0.75217	8.0558e-004
890	-0.99472	0.	-0.15163	2.5862e-003
891	-1.1928	0.	-0.46091	8.4526e-004
892	-0.65056	0.	-0.71388	9.5043e-004
893	-0.33163	0.	-0.60042	1.7428e-003
894	-0.83009	0.	-0.2733	4.9264e-003
895	-0.20094	0.	-0.25667	1.6664e-002
896	1.0434e-002	0.	-0.28271	1.2937e-002
897	-0.22177	0.	-0.5466	2.0047e-003
898	0.47546	0.	-0.95994	3.7586e-004
899	-1.3451	0.	-0.57355	4.9789e-004
900	-0.41617	0.	-0.32662	1.0543e-002
901	-1.0264	0.	-0.65165	7.33e-004
902	-7.3404e-002	0.	-0.87501	4.5536e-004
903	0.27419	0.	-0.61505	1.3424e-003
904	-0.43249	0.	-0.13597	6.963e-002
905	0.73154	0.	-0.12378	1.3584e-003
906	-0.91687	0.	-0.43062	1.9629e-003
907	-0.51141	0.	-0.55382	2.9351e-003
908	0.88803	0.	-0.41318	6.4612e-004
909	0.4737	0.	-0.2582	2.7745e-003
910	-1.239	0.	-0.35095	8.8933e-004
911	0.87639	0.	-0.97121	1.1652e-004
912	-0.1161	0.	-0.49854	3.2785e-003
913	1.2149e-002	0.	-0.97716	4.0011e-004
914	0.86609	0.	-0.6909	3.4128e-004
915	-0.36076	0.	-0.99515	2.2763e-004
916	0.18444	0.	-0.21897	1.128e-002
917	-3.6149e-002	0.	-0.15771	5.1932e-002
918	-0.30925	0.	-0.14076	4.5257e-002
919	-0.8404	0.	-0.87638	6.0394e-004
920	0.8766	0.	-0.16496	9.3076e-004
921	-1.3632	0.	-0.96813	1.043e-004
922	-0.6713	0.	-0.12946	1.733e-002
923	-1.3645	0.	-0.29671	7.733e-004
924	-0.32891	0.	-0.87385	4.0589e-004
925	0.2641	0.	-0.24222	7.86e-003
926	-0.50337	0.	-0.30342	1.1834e-002
927	-0.43111	0.	-0.61763	1.7958e-003
928	-0.32065	0.	-0.23632	1.8773e-002
929	0.35337	0.	-0.97373	4.4241e-004
930	0.75013	0.	-0.9516	2.2702e-004
931	-0.37032	0.	-0.13604	6.2874e-002
932	0.16413	0.	-0.29929	7.6795e-003
933	-0.49709	0.	-9.169e-002	0.11426
934	-0.94298	0.	-0.55402	1.1425e-003
935	-1.2293	0.	-0.23468	1.0858e-003
936	-0.23287	0.	-0.13307	4.6073e-002
937	7.3525e-002	0.	-0.58275	1.859e-003
938	-9.4837e-003	0.	-0.11797	9.4604e-002
939	-0.6377	0.	-0.39286	5.1083e-003
940	0.14909	0.	-0.40103	5.0397e-003
941	-0.47769	0.	-0.36943	7.4899e-003
942	-0.39441	0.	-0.22542	2.4373e-002
943	4.5724e-002	0.	-0.42787	4.7506e-003
944	-1.3502	0.	-0.84661	1.8643e-004
945	0.46484	0.	-0.50464	1.4017e-003
946	-0.7568	0.	-0.12481	1.0716e-002
947	-1.124	0.	-0.92447	3.0839e-004
948	-0.46523	0.	-0.10919	0.11225
949	-1.2556	0.	-9.1157e-002	1.2111e-003
950	-6.2242e-002	0.	-0.12404	8.794e-002
951	-0.44964	0.	-0.19235	3.731e-002
952	0.17881	0.	-7.2728e-002	2.111e-002
953	-0.34495	0.	-0.33984	8.5913e-003
954	-0.10943	0.	-0.98974	2.6483e-004
955	7.8501e-002	0.	-0.18109	2.7641e-002
956	-0.5336	0.	-5.2843e-002	0.12197
957	-2.1137e-002	0.	-0.7695	7.2918e-004
958	-0.58721	0.	-9.1288e-002	4.4863e-002
959	-0.50972	0.	-1.0067	3.7209e-004
960	-4.105e-002	0.	-0.44713	4.5934e-003
961	-0.71288	0.	-0.95998	4.9857e-004
962	-0.86149	0.	-0.98387	4.136e-004
3111	0.	0.	-6.75e-002	0.2104
3112	5.e-002	0.	-3.e-002	0.14635
3113	0.	0.	-3.e-002	0.23391
3114	1.4751e-002	0.	-7.328e-002	0.16587
3164	-0.48	0.	-6.75e-002	0.19753
3165	-0.48	0.	-3.e-002	0.23042
3166	-0.5068	0.	-5.6421e-002	0.17292
3866	-0.468	0.	-9.e-002	0.13984
3867	-0.444	0.	-9.e-002	0.12739
3868	-0.46062	0.	-9.9597e-002	0.12637
3871	-0.48	0.	-8.25e-002	0.15721
3872	-0.48854	0.	-9.0845e-002	0.12765
3873	-0.47262	0.	-9.9597e-002	0.12618
3876	-0.408	0.	-9.e-002	9.9057e-002
3877	-0.43225	0.	-0.11298	9.2194e-002
3878	-0.44862	0.	-9.9597e-002	0.11251
3881	-0.36	0.	-9.e-002	7.5893e-002
3882	-0.40825	0.	-0.11298	7.6795e-002
3883	-0.37716	0.	-0.11302	7.4052e-002
3886	-0.312	0.	-9.e-002	6.169e-002
3887	-0.32263	0.	-0.11538	5.6494e-002
3888	-0.35316	0.	-0.11302	6.5078e-002
3891	-0.264	0.	-9.e-002	5.746e-002
3892	-0.29863	0.	-0.11538	5.1163e-002
3893	-0.26043	0.	-0.11154	5.0687e-002
3897	-0.216	0.	-9.e-002	5.5096e-002
3898	-0.23643	0.	-0.11154	5.2262e-002
3900	-0.168	0.	-9.e-002	5.7275e-002
3901	-0.18285	0.	-0.12743	4.6147e-002
3902	-0.21243	0.	-0.11154	4.9701e-002
3904	-0.12	0.	-9.e-002	7.2895e-002
3905	-0.12038	0.	-0.12269	5.6276e-002
3906	-0.15885	0.	-0.12743	4.9005e-002
3909	-7.2e-002	0.	-9.e-002	0.10258
3910	-9.638e-002	0.	-0.12269	6.9886e-002
3911	-7.9121e-002	0.	-0.10702	8.6785e-002
3914	-3.6e-002	0.	-9.e-002	0.12082
3915	-5.5121e-002	0.	-0.10702	0.10331
3917	-1.2e-002	0.	-9.e-002	0.13109
3918	-1.6742e-002	0.	-0.10398	0.1083
3919	-4.3121e-002	0.	-0.10702	0.1053
3922	0.	0.	-8.25e-002	0.17102
3923	1.4751e-002	0.	-8.828e-002	0.12824
3924	-4.7418e-003	0.	-0.10398	0.11873
3980	-0.48854	0.	-8.3345e-002	0.14524
3981	-0.5068	0.	-6.3921e-002	0.1473
3994	1.4751e-002	0.	-8.078e-002	0.1623
4430	1.	0.	-0.14864	8.6441e-004
4432	0.95	0.	-4.9545e-002	9.2824e-004
4433	1.	0.	-4.9545e-002	8.995e-004
4434	0.9383	0.	-0.13203	9.1331e-004
4436	1.	0.	-0.24773	7.9674e-004
4437	0.9383	0.	-0.18157	8.8087e-004
4440	1.	0.	-0.34682	6.9955e-004
4441	0.89628	0.	-0.29064	8.6567e-004
4442	0.94402	0.	-0.35523	7.0353e-004
4443	0.9383	0.	-0.23112	8.4645e-004
4447	1.	0.	-0.44591	5.8728e-004
4448	0.94402	0.	-0.40477	6.4071e-004
4450	1.	0.	-0.545	4.6986e-004
4451	0.92789	0.	-0.51858	5.208e-004
4452	0.94402	0.	-0.45432	5.9139e-004
4455	1.	0.	-0.64409	3.5807e-004
4456	0.92789	0.	-0.56813	4.5441e-004
4457	0.93304	0.	-0.64272	3.6862e-004
4461	1.	0.	-0.74318	2.7654e-004
4462	0.93304	0.	-0.69227	3.2507e-004
4466	1.	0.	-0.84227	1.8815e-004
4467	0.9295	0.	-0.81818	2.1943e-004
4468	0.93304	0.	-0.74181	2.8897e-004
4472	1.	0.	-0.94136	9.8179e-005
4473	0.9295	0.	-0.86773	1.6951e-004
4474	0.93819	0.	-0.93151	1.2426e-004
4478	0.94833	0.	-1.0405	6.4009e-005
4479	1.	0.	-1.0405	4.9514e-005
4480	0.93819	0.	-0.98106	8.8529e-005
4550	0.845	0.	-1.09	1.0936e-004
4551	0.94833	0.	-1.09	5.5861e-005
4552	0.88653	0.	-1.0306	9.2289e-005
4556	0.74167	0.	-1.09	1.814e-004
4557	0.83486	0.	-1.0306	1.251e-004
4558	0.77173	0.	-1.0208	1.8538e-004
4562	0.63833	0.	-1.09	2.5056e-004
4563	0.64999	0.	-1.0153	2.6133e-004
4564	0.72006	0.	-1.0208	2.1898e-004
4568	0.535	0.	-1.09	3.1492e-004
4569	0.59832	0.	-1.0153	2.9462e-004
4570	0.53106	0.	-1.025	3.3027e-004
4574	0.43167	0.	-1.09	3.7153e-004
4575	0.4794	0.	-1.025	3.6047e-004
4578	0.32833	0.	-1.09	4.1373e-004
4579	0.42773	0.	-1.025	3.8621e-004
4580	0.36668	0.	-1.0319	4.1992e-004
4582	0.225	0.	-1.09	4.2555e-004
4583	0.22705	0.	-1.0169	4.7988e-004
4584	0.31502	0.	-1.0319	4.3604e-004
4588	0.12167	0.	-1.09	4.0834e-004
4589	0.17539	0.	-1.0169	4.7574e-004
4594	1.8333e-002	0.	-1.09	3.401e-004
4595	0.12372	0.	-1.0169	4.6307e-004
4596	4.1074e-002	0.	-1.0336	3.9667e-004
4599	-8.5e-002	0.	-1.09	2.1013e-004
4600	-1.0592e-002	0.	-1.0336	3.4178e-004
4601	-7.1382e-002	0.	-1.0399	2.6936e-004
4604	-0.18833	0.	-1.09	1.0648e-004
4605	-0.12305	0.	-1.0399	2.0293e-004
4609	-0.29167	0.	-1.09	9.0135e-005
4610	-0.22276	0.	-1.0119	1.6543e-004
4611	-0.30038	0.	-1.0426	1.2892e-004
4612	-0.17472	0.	-1.0399	1.6805e-004
4615	-0.395	0.	-1.09	2.2353e-004
4616	-0.35205	0.	-1.0426	1.9507e-004
4620	-0.49833	0.	-1.09	3.328e-004
4621	-0.40372	0.	-1.0426	2.4926e-004
4622	-0.47819	0.	-1.0483	3.2703e-004
4626	-0.60167	0.	-1.09	4.0095e-004
4627	-0.52986	0.	-1.0483	3.7746e-004
4629	-0.705	0.	-1.09	4.1765e-004
4630	-0.61938	0.	-1.0057	4.7226e-004
4631	-0.58153	0.	-1.0483	3.9387e-004
4632	-0.68311	0.	-1.025	4.5789e-004
4636	-0.80833	0.	-1.09	3.9611e-004
4637	-0.73477	0.	-1.025	4.5823e-004
4638	-0.80908	0.	-1.0369	4.1555e-004
4642	-0.91167	0.	-1.09	3.6283e-004
4643	-0.86075	0.	-1.0369	3.9392e-004
4646	-1.015	0.	-1.09	3.1613e-004
4647	-0.97645	0.	-1.017	3.6929e-004
4648	-0.91241	0.	-1.0369	3.8242e-004
4650	-1.1183	0.	-1.09	2.471e-004
4651	-1.0281	0.	-1.017	3.3532e-004
4652	-1.0953	0.	-1.0072	2.9316e-004
4657	-1.2217	0.	-1.09	1.795e-004
4658	-1.2037	0.	-0.99907	2.1226e-004
4659	-1.147	0.	-1.0072	2.5975e-004
4661	-1.325	0.	-1.09	1.0324e-004
4662	-1.2554	0.	-0.99907	1.809e-004
4663	-1.3183	0.	-1.0291	1.2231e-004
4667	-1.4283	0.	-1.0405	5.8306e-005
4668	-1.4283	0.	-1.09	4.8678e-005
4669	-1.3699	0.	-1.0291	8.2789e-005
4699	-1.48	0.	-0.94136	9.6793e-005
4700	-1.48	0.	-1.0405	4.6913e-005
4701	-1.4216	0.	-0.97952	8.037e-005
4704	-1.48	0.	-0.84227	1.8481e-004
4705	-1.4216	0.	-0.92997	1.1567e-004
4706	-1.4151	0.	-0.86921	1.6107e-004
4710	-1.48	0.	-0.74318	2.8512e-004
4711	-1.3924	0.	-0.75951	2.8661e-004
4712	-1.4151	0.	-0.81967	2.0959e-004
4716	-1.48	0.	-0.64409	3.7244e-004
4717	-1.3924	0.	-0.70996	3.3568e-004
4718	-1.4125	0.	-0.63359	4.1656e-004
4720	-1.48	0.	-0.545	4.7814e-004
4721	-1.4125	0.	-0.58405	4.5158e-004
4724	-1.48	0.	-0.44591	5.9486e-004
4725	-1.4151	0.	-0.46222	6.1773e-004
4726	-1.4125	0.	-0.5345	5.2159e-004
4730	-1.48	0.	-0.34682	6.8689e-004
4731	-1.4151	0.	-0.41268	6.6325e-004
4732	-1.4222	0.	-0.34654	7.0723e-004
4735	-1.48	0.	-0.24773	7.8472e-004
4736	-1.4222	0.	-0.29699	7.5201e-004
4739	-1.48	0.	-0.14864	8.7072e-004
4740	-1.4225	0.	-0.17574	8.8329e-004
4741	-1.4222	0.	-0.24745	8.0421e-004
4745	-1.43	0.	-4.9545e-002	9.3363e-004
4746	-1.48	0.	-4.9545e-002	9.0704e-004
4747	-1.4225	0.	-0.1262	9.1643e-004
4790	0.15	0.	0.	5.0647e-002
4791	5.e-002	0.	0.	0.16619
4795	9.5181e-002	0.	-5.6122e-002	6.0501e-002
4796	6.4751e-002	0.	-4.328e-002	9.3496e-002
4797	0.13941	0.	-3.6364e-002	4.8526e-002
4807	0.25	0.	0.	1.8291e-002
4811	0.18941	0.	-3.6364e-002	2.3147e-002
4817	0.35	0.	0.	7.9621e-003
4820	0.34328	0.	-6.7335e-002	8.1285e-003
4821	0.27145	0.	-6.956e-002	1.0942e-002
4822	0.23941	0.	-3.6364e-002	1.5926e-002
4826	0.45	0.	0.	4.2901e-003
4828	0.39328	0.	-6.7335e-002	5.1668e-003
4832	0.55	0.	0.	2.7575e-003
4835	0.44328	0.	-6.7335e-002	4.4428e-003
4836	0.5338	0.	-7.5051e-002	2.989e-003
4841	0.65	0.	0.	1.8027e-003
4844	0.5838	0.	-7.5051e-002	2.205e-003
4845	0.66577	0.	-6.1892e-002	1.6655e-003
4848	0.75	0.	0.	1.3885e-003
4850	0.71577	0.	-6.1892e-002	1.4929e-003
4854	0.85	0.	0.	1.052e-003
4857	0.76577	0.	-6.1892e-002	1.2498e-003
4858	0.8383	0.	-8.2481e-002	1.0374e-003
4864	0.95	0.	0.	9.3061e-004
4866	0.8883	0.	-8.2481e-002	9.446e-004
4872	-1.33	0.	0.	1.0672e-003
4874	-1.43	0.	0.	9.3651e-004
4876	-1.3725	0.	-7.6652e-002	9.4602e-004
4877	-1.3178	0.	-4.5578e-002	1.0864e-003
4880	-1.23	0.	0.	1.3424e-003
4883	-1.2678	0.	-4.5578e-002	1.1905e-003
4887	-1.13	0.	0.	1.8335e-003
4889	-1.1584	0.	-7.0907e-002	1.5625e-003
4890	-1.2178	0.	-4.5578e-002	1.3621e-003
4894	-1.03	0.	0.	2.7131e-003
4897	-1.1084	0.	-7.0907e-002	1.8841e-003
4898	-1.0374	0.	-7.5814e-002	2.3527e-003
4901	-0.93	0.	0.	4.323e-003
4904	-0.92162	0.	-6.3608e-002	4.1238e-003
4905	-0.98736	0.	-7.5814e-002	2.9173e-003
4912	-0.83	0.	0.	6.8797e-003
4914	-0.87162	0.	-6.3608e-002	5.1427e-003
4916	-0.73	0.	0.	1.7114e-002
4920	-0.82162	0.	-6.3608e-002	6.691e-003
4921	-0.7684	0.	-6.2406e-002	9.4962e-003
4926	-0.63	0.	0.	5.2951e-002
4928	-0.67565	0.	-6.4728e-002	2.115e-002
4929	-0.7184	0.	-6.2406e-002	1.82e-002
4930	-0.63361	0.	-4.5644e-002	3.4641e-002
4935	-0.53	0.	0.	0.16175
4937	-0.5568	0.	-2.6421e-002	9.9197e-002
4938	-0.58361	0.	-4.5644e-002	6.0879e-002
5463	-0.5068	0.	-2.6421e-002	0.18026
6603	0.12569	0.	-0.67686	1.3737e-003
6604	0.13979	0.	-0.54724	2.3211e-003
6605	0.19604	0.	-0.66879	1.391e-003
6606	0.20323	0.	-0.54401	2.1787e-003
6607	0.22223	0.	-0.60605	1.5217e-003
6608	0.1219	0.	-0.5899	1.778e-003
6611	-0.60504	0.	-0.53273	2.4773e-003
6612	-0.68367	0.	-0.60643	1.4694e-003
6613	-0.56894	0.	-0.62635	1.5386e-003
6614	-0.66416	0.	-0.53822	2.278e-003
6615	-0.63444	0.	-0.65194	1.3391e-003
6616	-0.56487	0.	-0.57191	2.3134e-003
6622	-0.58104	0.	-0.33051	8.0087e-003
6623	-0.57219	0.	-0.42714	4.8209e-003
6624	-0.52422	0.	-0.41423	5.3595e-003
6625	-0.528	0.	-0.34112	9.1278e-003
6626	-0.59516	0.	-0.38585	5.7459e-003
6627	-0.51516	0.	-0.37413	6.8931e-003
6630	2.5696e-002	0.	-0.35596	7.5045e-003
6631	8.6565e-002	0.	-0.29459	1.0771e-002
6632	3.98e-002	0.	-0.31135	1.0426e-002
6633	0.11665	0.	-0.31964	7.72e-003
6634	0.10913	0.	-0.37051	6.525e-003
6635	5.7445e-002	0.	-0.38393	6.3054e-003
6639	-0.24513	0.	-0.41982	5.0395e-003
6640	-0.20013	0.	-0.39787	6.0568e-003
6641	-0.25814	0.	-0.47339	3.4328e-003
6642	-0.15869	0.	-0.4295	4.4616e-003
6643	-0.2147	0.	-0.49856	2.9896e-003
6644	-0.16186	0.	-0.47454	3.5212e-003
6648	-1.1131	0.	-0.55146	9.154e-004
6649	-1.071	0.	-0.41098	1.267e-003
6650	-1.121	0.	-0.47705	9.9756e-004
6651	-1.0378	0.	-0.57242	9.4401e-004
6652	-0.98302	0.	-0.4619	1.5617e-003
6653	-0.99607	0.	-0.5236	1.1456e-003
6657	0.59784	0.	-0.40672	1.354e-003
6658	0.51837	0.	-0.43612	1.7293e-003
6659	0.65874	0.	-0.46471	1.0249e-003
6660	0.55239	0.	-0.56352	1.0388e-003
6661	0.63753	0.	-0.54325	9.1345e-004
6662	0.52387	0.	-0.49464	1.3157e-003
6667	-0.3199	0.	-0.75941	7.464e-004
6668	-0.25438	0.	-0.72621	9.0878e-004
6669	-0.17922	0.	-0.78198	6.3243e-004
6670	-0.23196	0.	-0.86117	4.3038e-004
6671	-0.29366	0.	-0.83122	5.0401e-004
6675	-0.31911	0.	-0.28528	1.2888e-002
6676	-0.27892	0.	-0.33946	1.0144e-002
6677	-0.26761	0.	-0.24269	1.9819e-002
6678	-0.23391	0.	-0.3175	1.0842e-002
6679	-0.23808	0.	-0.27323	1.4829e-002
6680	-0.29793	0.	-0.26306	1.5915e-002
6681	-0.31008	0.	-0.31482	1.0948e-002
6687	2.5076e-002	0.	-0.1804	3.7039e-002
6688	-1.1893e-002	0.	-0.21776	2.6644e-002
6689	6.4239e-002	0.	-0.22964	1.9527e-002
6690	1.7474e-002	0.	-0.2464	1.9073e-002
6691	-5.8179e-003	0.	-0.1839	3.8423e-002
6692	5.1507e-002	0.	-0.1956	2.6207e-002
6698	-0.56832	0.	-0.24939	1.5601e-002
6699	-0.51202	0.	-0.18047	4.1046e-002
6700	-0.57073	0.	-0.19905	1.925e-002
6701	-0.53929	0.	-0.18263	3.0353e-002
6702	-0.48312	0.	-0.23662	1.9915e-002
6703	-0.51528	0.	-0.26	1.6612e-002
6704	-0.48841	0.	-0.20447	2.911e-002
6708	-0.75948	0.	-0.38258	4.0807e-003
6709	-0.81773	0.	-0.47775	2.3516e-003
6710	-0.75458	0.	-0.45151	2.8801e-003
6711	-0.81463	0.	-0.34494	3.8746e-003
6712	-0.85802	0.	-0.42361	2.4335e-003
6714	0.27984	0.	-0.38587	4.0553e-003
6715	0.34507	0.	-0.47909	2.2339e-003
6716	0.3865	0.	-0.40209	2.5529e-003
6717	0.33474	0.	-0.35509	3.58e-003
6718	0.27767	0.	-0.45378	2.7765e-003
6719	0.392	0.	-0.46062	2.1616e-003
6725	0.58238	0.	-0.79096	4.4899e-004
6726	0.43222	0.	-0.75647	6.8399e-004
6727	0.42072	0.	-0.83148	5.5102e-004
6728	0.55134	0.	-0.87422	4.1075e-004
6729	0.50728	0.	-0.72509	6.7851e-004
6730	0.48408	0.	-0.88387	4.4281e-004
6735	-0.92036	0.	-0.72365	7.9106e-004
6736	-1.0422	0.	-0.77527	4.9735e-004
6737	-0.97208	0.	-0.86776	4.8175e-004
6738	-0.87368	0.	-0.77188	6.8871e-004
6739	-0.99052	0.	-0.72162	6.483e-004
6740	-0.89749	0.	-0.83398	5.8724e-004
6741	-1.0393	0.	-0.85803	4.4239e-004
6745	-0.39979	0.	-0.47021	4.0242e-003
6746	-0.36026	0.	-0.51188	2.7833e-003
6747	-0.45385	0.	-0.48857	3.5198e-003
6748	-0.37175	0.	-0.56396	2.1883e-003
6749	-0.46164	0.	-0.54066	2.7881e-003
6750	-0.42149	0.	-0.57257	2.2591e-003
6755	-5.5228e-002	0.	-0.34145	9.3062e-003
6756	-0.10834	0.	-0.27229	1.7774e-002
6757	-0.14265	0.	-0.3281	9.2943e-003
6758	-7.049e-002	0.	-0.2682	1.9884e-002
6759	-0.10122	0.	-0.35973	8.5447e-003
6760	-0.14681	0.	-0.28382	1.3499e-002
6761	-4.1124e-002	0.	-0.29685	1.1957e-002
6767	4.024e-002	0.	-0.70365	1.1899e-003
6768	0.12927	0.	-0.85025	7.8737e-004
6769	6.5763e-002	0.	-0.80829	8.2524e-004
6770	0.15146	0.	-0.7486	1.0447e-003
6771	7.7318e-002	0.	-0.66971	1.4536e-003
6772	2.9987e-002	0.	-0.76308	8.8007e-004
6776	-5.0336e-002	0.	-0.713	1.0256e-003
6777	-3.9887e-003	0.	-0.58974	2.0236e-003
6778	-6.3432e-002	0.	-0.6317	1.5466e-003
6779	3.6447e-002	0.	-0.61669	1.5866e-003
6780	-1.0884e-002	0.	-0.71007	1.043e-003
6785	-0.6341	0.	-0.87958	6.2308e-004
6786	-0.51831	0.	-0.90159	5.1256e-004
6787	-0.56528	0.	-0.85635	6.9323e-004
6788	-0.54757	0.	-0.96404	4.5108e-004
6789	-0.64915	0.	-0.94069	5.1138e-004
6793	-1.2711	0.	-0.81722	2.7614e-004
6794	-1.2173	0.	-0.74261	3.7559e-004
6795	-1.2409	0.	-0.66801	5.033e-004
6796	-1.325	0.	-0.64992	4.1836e-004
6797	-1.3275	0.	-0.78645	2.6424e-004
6802	0.76554	0.	-0.80888	2.9429e-004
6803	0.64103	0.	-0.85738	3.4496e-004
6804	0.59698	0.	-0.70825	6.2155e-004
6805	0.68211	0.	-0.68799	4.8478e-004
6806	0.76908	0.	-0.73251	3.5542e-004
6807	0.7111	0.	-0.86286	3.0909e-004
6811	0.29541	0.	-0.32437	4.684e-003
6812	0.23834	0.	-0.42306	3.9245e-003
6813	0.2523	0.	-0.29869	6.4473e-003
6814	0.20232	0.	-0.32722	6.435e-003
6815	0.1948	0.	-0.37809	5.0714e-003
6819	-0.65486	0.	-0.25275	9.3731e-003
6820	-0.61186	0.	-0.23186	1.3863e-002
6821	-0.66462	0.	-0.31539	7.4882e-003
6822	-0.55641	0.	-0.29281	1.0658e-002
6823	-0.62357	0.	-0.33753	7.4337e-003
6827	0.70266	0.	-0.3064	1.229e-003
6828	0.59019	0.	-0.23945	1.9681e-003
6829	0.53331	0.	-0.35819	1.8344e-003
6830	0.67368	0.	-0.38678	1.1582e-003
6831	0.67216	0.	-0.22629	1.409e-003
6832	0.54324	0.	-0.29349	2.1313e-003
6838	-1.1147	0.	-0.2353	1.4863e-003
6839	-1.0657	0.	-0.14672	2.0977e-003
6840	-1.183	0.	-0.18825	1.3515e-003
6841	-1.1962	0.	-0.11649	1.4132e-003
6847	-0.40104	0.	-0.26872	1.5817e-002
6848	-0.3896	0.	-0.30369	1.1746e-002
6849	-0.34184	0.	-0.25854	1.5948e-002
6850	-0.37872	0.	-0.25309	1.8705e-002
6851	-0.35399	0.	-0.3103	1.0887e-002
6855	-0.31587	0.	-0.69704	1.0151e-003
6856	-0.4163	0.	-0.80601	7.4314e-004
6857	-0.46327	0.	-0.76077	8.9221e-004
6858	-0.45047	0.	-0.69647	1.1525e-003
6859	-0.35651	0.	-0.66533	1.3549e-003
6860	-0.35515	0.	-0.80205	6.8349e-004
6861	-0.40625	0.	-0.67394	1.3792e-003
6866	-6.3764e-002	0.	-0.39019	6.1018e-003
6867	-3.6702e-003	0.	-0.32731	1.0051e-002
6868	1.3975e-002	0.	-0.39989	5.977e-003
6869	-2.9412e-002	0.	-0.40952	5.8568e-003
6873	0.31473	0.	-0.1369	8.3623e-003
6874	0.47709	0.	-0.14239	3.9368e-003
6875	0.36844	0.	-0.21413	4.7648e-003
6876	0.43014	0.	-0.19643	4.0858e-003
6877	0.32534	0.	-0.18845	6.5354e-003
6884	0.19316	0.	-0.15263	1.5584e-002
6885	0.21367	0.	-0.17904	1.1123e-002
6886	0.2535	0.	-0.19067	9.5736e-003
6887	0.21085	0.	-0.10592	1.6147e-002
6890	-0.91051	0.	-0.21256	3.8628e-003
6891	-0.92898	0.	-0.13942	3.7934e-003
6892	-0.84666	0.	-0.20026	4.8739e-003
6893	-0.81002	0.	-0.12601	7.851e-003
6898	-0.11038	0.	-0.19449	3.8226e-002
6899	-8.6146e-002	0.	-0.22951	2.5574e-002
6900	-0.14884	0.	-0.19923	3.0113e-002
6901	-0.16247	0.	-0.24513	1.946e-002
6908	-0.81758	0.	-0.63928	1.1139e-003
6909	-0.86122	0.	-0.59731	1.3934e-003
6910	-0.83946	0.	-0.70394	9.001e-004
6911	-0.9563	0.	-0.65368	8.6454e-004
6912	-0.91456	0.	-0.60487	1.0685e-003
6917	0.37136	0.	-0.62336	1.202e-003
6918	0.44642	0.	-0.59199	1.2007e-003
6919	0.30358	0.	-0.51628	2.1152e-003
6920	0.32258	0.	-0.57832	1.4391e-003
6921	0.41791	0.	-0.52312	1.4721e-003
6925	0.79518	0.	-0.49324	6.6433e-004
6926	0.77396	0.	-0.57178	5.3753e-004
6927	0.8719	0.	-0.47745	5.7654e-004
6928	0.86093	0.	-0.6163	4.2409e-004
6932	-1.2715	0.	-0.44495	7.6224e-004
6933	-1.3477	0.	-0.50127	5.9386e-004
6934	-1.2946	0.	-0.38997	7.8899e-004
6935	-1.3574	0.	-0.36285	7.3028e-004
6938	-0.61396	0.	-0.81452	7.8222e-004
6939	-0.73778	0.	-0.79496	7.5589e-004
6940	-0.66667	0.	-0.77581	8.3484e-004
6941	-0.76159	0.	-0.85707	6.5747e-004
6942	-0.69783	0.	-0.89886	6.0872e-004
6946	0.36025	0.	-0.78015	7.1927e-004
6947	0.44681	0.	-0.67376	8.4587e-004
6948	0.29678	0.	-0.72283	9.4671e-004
6949	0.32297	0.	-0.6601	1.0959e-003
6953	-0.1752	0.	-0.7196	9.074e-004
6954	-0.18829	0.	-0.6383	1.4144e-003
6955	-0.29099	0.	-0.63212	1.4221e-003
6956	-0.23606	0.	-0.60521	1.6016e-003
6961	-1.0253	0.	-0.31335	2.0907e-003
6962	-0.97626	0.	-0.22477	2.6687e-003
6963	-0.89394	0.	-0.2856	3.8565e-003
6964	-0.93733	0.	-0.36426	2.3624e-003
6968	-0.11314	0.	-0.69407	1.2568e-003
6969	-0.15278	0.	-0.85456	4.7482e-004
6970	-8.6723e-002	0.	-0.82519	5.8677e-004
6971	-6.0589e-002	0.	-0.77243	7.1476e-004
6976	-0.30278	0.	-0.19036	2.8688e-002
6977	-0.37208	0.	-0.18006	4.0644e-002
6978	-0.32739	0.	-0.16295	3.9777e-002
6979	-0.33309	0.	-0.21073	2.6749e-002
6980	-0.35793	0.	-0.16059	4.8701e-002
6981	-0.36997	0.	-0.20528	2.9473e-002
6985	0.76357	0.	-0.36439	8.9577e-004
6986	0.76205	0.	-0.2039	1.1645e-003
6987	0.84029	0.	-0.34859	8.1e-004
6988	0.83457	0.	-0.22449	9.4914e-004
6992	0.11393	0.	-0.90187	5.6202e-004
6993	0.26309	0.	-0.8995	5.5832e-004
6994	0.19962	0.	-0.84218	7.9504e-004
6995	9.4793e-002	0.	-0.9605	4.6343e-004
6996	0.2654	0.	-0.95878	4.8507e-004
7000	-0.33517	0.	-0.40102	5.521e-003
7001	-0.23763	0.	-0.36716	7.0029e-003
7002	-0.29564	0.	-0.44268	4.6912e-003
7003	-0.31379	0.	-0.36448	7.2612e-003
7007	-7.253e-002	0.	-0.1904	4.0524e-002
7008	-0.13523	0.	-0.16012	4.3404e-002
7009	-6.6455e-002	0.	-0.15655	5.1584e-002
7010	-7.9502e-002	0.	-0.13971	6.9972e-002
7014	-6.679e-002	0.	-0.57081	2.1711e-003
7015	5.098e-002	0.	-0.51314	2.746e-003
7016	-6.1722e-002	0.	-0.5137	2.8847e-003
7017	3.309e-002	0.	-0.5558	2.2712e-003
7018	1.9189e-002	0.	-0.47836	3.7162e-003
7019	-2.4198e-002	0.	-0.48799	3.643e-003
7024	-0.34817	0.	-0.45458	4.0732e-003
7025	-0.44176	0.	-0.43127	4.7675e-003
7026	-0.40194	0.	-0.36977	7.8689e-003
7027	-0.4327	0.	-0.39117	6.2423e-003
7028	-0.36632	0.	-0.37638	6.9296e-003
7033	-0.52413	0.	-0.14651	4.9687e-002
7034	-0.46467	0.	-0.14016	6.3895e-002
7035	-0.49697	0.	-0.11802	8.6449e-002
7036	-0.48104	0.	-0.12677	8.6183e-002
7037	-0.47325	0.	-0.16835	4.8391e-002
7042	5.8001e-002	0.	-0.13147	4.7758e-002
7043	2.7571e-002	0.	-0.11863	8.2448e-002
7044	-5.255e-003	0.	-0.15421	4.9066e-002
7045	8.0778e-003	0.	-0.13434	7.131e-002
7046	5.207e-002	0.	-0.1659	3.8102e-002
7050	0.11689	0.	-0.13919	3.4509e-002
7051	0.12369	0.	-0.20766	1.6566e-002
7052	0.16393	0.	-0.19255	1.5668e-002
7053	0.16112	0.	-0.11943	2.0066e-002
7054	0.11096	0.	-0.17361	2.3701e-002
7058	5.9933e-002	0.	-9.9402e-002	8.3682e-002
7059	0.13459	0.	-9.2486e-002	3.4364e-002
7060	8.4432e-002	0.	-0.14667	3.7988e-002
7066	-0.21686	0.	-0.18022	2.9527e-002
7067	-0.23048	0.	-0.22612	2.0476e-002
7068	-0.28464	0.	-0.16817	3.4767e-002
7069	-0.29034	0.	-0.21595	2.1569e-002
7070	-0.24644	0.	-0.16432	3.5657e-002
7074	-0.174	0.	-0.57968	1.7978e-003
7075	-0.12117	0.	-0.55566	2.5339e-003
7080	-1.1836	0.	-0.83354	3.2582e-004
7081	-1.3003	0.	-0.93814	1.6382e-004
7082	-1.2938	0.	-0.87738	1.9864e-004
7083	-1.1807	0.	-0.91631	2.6297e-004
7089	-0.49817	0.	-0.83653	6.7982e-004
7090	-0.40598	0.	-0.93846	3.7004e-004
7091	-0.39006	0.	-0.87781	4.3665e-004
7092	-0.48046	0.	-0.94422	4.3378e-004
7097	0.8677	0.	-0.90743	1.6068e-004
7098	0.86255	0.	-0.76727	2.7277e-004
7099	0.80457	0.	-0.89762	2.0967e-004
7105	-0.53235	0.	-0.727	1.1218e-003
7106	-0.59785	0.	-0.75258	8.9693e-004
7108	-0.65728	0.	-0.20241	1.373e-002
7109	-0.71004	0.	-0.28594	7.1981e-003
7110	-0.76519	0.	-0.2483	7.0171e-003
7111	-0.68579	0.	-0.17638	1.3132e-002
7112	-0.72854	0.	-0.17406	9.6363e-003
7116	-0.58284	0.	-0.16509	2.9068e-002
7117	-0.64279	0.	-0.15549	1.7642e-002
7118	-0.60074	0.	-0.1364	3.1353e-002
7122	-0.52424	0.	-0.12018	7.7143e-002
7123	-0.56931	0.	-0.11998	4.1508e-002
7129	-0.13946	0.	-0.90438	3.3335e-004
7130	-0.28314	0.	-0.96445	1.9399e-004
7131	-0.26722	0.	-0.9038	3.1282e-004
7132	-0.15748	0.	-0.96174	2.34e-004
7137	0.17274	0.	-0.4942	2.78e-003
7138	9.1416e-002	0.	-0.54009	2.3707e-003
7139	0.1292	0.	-0.44923	3.9645e-003
7140	7.7516e-002	0.	-0.46265	3.7982e-003
7145	-0.65087	0.	-0.48094	3.0082e-003
7146	-0.54379	0.	-0.46254	3.7981e-003
7147	-0.55158	0.	-0.51464	3.0559e-003
7148	-0.61472	0.	-0.43416	4.1387e-003
7152	-0.15119	0.	-0.37684	6.5116e-003
7153	-0.19678	0.	-0.30094	1.2385e-002
7157	-1.1534	0.	-0.68434	5.4406e-004
7158	-1.0781	0.	-0.7053	5.8057e-004
7159	-1.1269	0.	-0.8417	3.6437e-004
7163	-1.1495e-002	0.	-0.86746	5.2032e-004
7164	3.1282e-002	0.	-0.91854	5.011e-004
7165	1.4639e-002	0.	-0.81471	6.6292e-004
7170	-1.1849	0.	-0.53532	7.5444e-004
7171	-1.2611	0.	-0.59164	5.7333e-004
7172	-1.1017	0.	-0.63069	6.9498e-004
7178	0.64958	0.	-0.13694	1.9047e-003
7179	0.52066	0.	-0.20415	2.5924e-003
7187	-0.41556	0.	-0.15547	5.8187e-002
7188	-0.38447	0.	-0.15551	5.4991e-002
7189	-0.39652	0.	-0.2002	3.5866e-002
7190	-0.42413	0.	-0.18367	4.1908e-002
7194	-1.0437	0.	-0.24021	1.9807e-003
7195	-1.1428	0.	-0.39485	1.1169e-003
7196	-1.0048	0.	-0.37971	1.6548e-003
7197	-1.1659	0.	-0.33987	1.1359e-003
7198	-1.1611	0.	-0.28173	1.2288e-003
7203	-0.79265	0.	-0.58088	1.4936e-003
7204	-0.7295	0.	-0.55464	2.0577e-003
7205	-0.7709	0.	-0.68751	1.0181e-003
7206	-0.69979	0.	-0.66836	1.0786e-003
7210	0.40208	0.	-0.34059	3.2489e-003
7211	0.46377	0.	-0.3229	2.4819e-003
7212	0.45934	0.	-0.44612	1.8022e-003
7216	-1.3647	0.	-0.22501	8.5103e-004
7217	-1.2971	0.	-0.19399	1.0042e-003
7218	-1.3103	0.	-0.12223	1.0704e-003
7225	0.71337	0.	-0.52331	7.0125e-004
7226	0.81131	0.	-0.42898	7.2861e-004
7231	0.28528	0.	-0.79785	8.2694e-004
7232	0.41211	0.	-0.90755	4.8446e-004
7233	0.35106	0.	-0.91445	5.1736e-004
7238	-1.8932e-002	0.	-0.25406	2.0794e-002
7239	-4.2224e-002	0.	-0.19156	4.0261e-002
7243	0.41201	0.	-0.27589	3.508e-003
7244	0.30721	0.	-0.2679	6.0703e-003
7247	-0.42761	0.	-0.29164	1.4867e-002
7248	-0.47121	0.	-0.28004	1.5437e-002
7249	-0.41673	0.	-0.24104	2.1649e-002
7250	-0.44435	0.	-0.22451	2.8241e-002
7257	-0.32014	0.	-0.54833	2.4119e-003
7258	-0.26521	0.	-0.52142	2.5127e-003
7262	-0.18732	0.	-0.21076	2.6873e-002
7263	-0.20328	0.	-0.14896	4.0402e-002
7267	-0.58505	0.	-0.68829	1.1566e-003
7268	-0.51548	0.	-0.60826	2.16e-003
7269	-0.47533	0.	-0.64017	1.5815e-003
7273	0.54272	0.	-0.95029	3.4007e-004
7274	0.68005	0.	-0.94612	2.6563e-004
7276	-0.11293	0.	-0.45351	4.3377e-003
7277	-7.5401e-002	0.	-0.4278	4.9549e-003
7281	0.60701	0.	-0.62212	7.099e-004
7282	0.49336	0.	-0.57351	1.126e-003
7286	0.77912	0.	-0.64638	4.5992e-004
7292	0.248	0.	-0.67779	1.1971e-003
7297	-0.71489	0.	-0.4175	4.0344e-003
7298	-0.77494	0.	-0.31094	5.0095e-003
7299	-0.67875	0.	-0.37072	5.0881e-003
7303	-0.91499	0.	-0.91016	4.9667e-004
7304	-1.0568	0.	-0.9342	3.4822e-004
7305	-0.92553	0.	-0.9639	4.0046e-004
7310	5.7199e-002	0.	-0.26595	1.2923e-002
7311	0.1442	0.	-0.23408	1.2334e-002
7312	0.13405	0.	-0.27424	1.0648e-002
7313	9.1232e-002	0.	-0.21514	2.0596e-002
7317	-0.77314	0.	-0.51267	2.325e-003
7318	-0.87658	0.	-0.48477	1.8579e-003
7319	-0.88964	0.	-0.54646	1.4591e-003
7323	0.25519	0.	-0.55301	2.0129e-003
7324	0.19264	0.	-0.446	3.8606e-003
7327	-0.67384	0.	-0.43965	3.9912e-003
7332	1.0009e-002	0.	-0.10226	0.10222
7338	-0.50361	0.	-0.50173	3.6788e-003
7339	-0.48676	0.	-0.40953	5.9502e-003
7342	-0.72167	0.	-0.73302	8.7014e-004
7343	-0.81659	0.	-0.81427	7.0446e-004
7351	-1.2689	0.	-0.51723	6.676e-004
7352	-1.2159	0.	-0.40593	8.6441e-004
7357	-0.2767	0.	-0.57351	1.8051e-003
7358	-0.38137	0.	-0.60903	1.7177e-003
7362	-0.87348	0.	-0.35196	3.4373e-003
7363	-0.79345	0.	-0.19905	7.7509e-003
7373	-0.16893	0.	-0.52257	2.5128e-003
7377	0.41442	0.	-0.96683	4.0887e-004
7387	-0.45977	0.	-0.31502	1.0916e-002
7388	-0.44693	0.	-0.34802	8.97e-003
7389	-0.38056	0.	-0.33323	9.3203e-003
7392	-0.98472	0.	-0.60283	9.3734e-004
7396	-3.0628e-002	0.	-0.92608	4.1723e-004
7397	-9.1418e-002	0.	-0.93237	3.5883e-004
7398	-4.727e-002	0.	-0.82225	5.8997e-004
7404	-0.40141	0.	-0.136	6.5049e-002
7405	-0.44886	0.	-0.12258	9.0158e-002
7406	-0.44107	0.	-0.16416	5.3434e-002
7411	0.80407	0.	-0.14437	1.1442e-003
7416	-0.92993	0.	-0.49232	1.549e-003
7420	-0.47126	0.	-0.58573	2.3441e-003
7431	-1.3018	0.	-0.32383	8.2733e-004
7432	-1.2342	0.	-0.29281	9.8601e-004
7434	0.81326	0.	-0.96141	1.6889e-004
7440	-7.8574e-002	0.	-0.47284	3.8426e-003
7444	-4.8641e-002	0.	-0.98345	3.294e-004
7451	-0.34484	0.	-0.9345	3.0211e-004
7452	-0.43524	0.	-1.0009	2.9442e-004
7457	0.22427	0.	-0.23059	9.5301e-003
7458	0.17429	0.	-0.25913	9.4361e-003
7463	-2.2816e-002	0.	-0.13784	7.2742e-002
7464	-4.9196e-002	0.	-0.14088	6.9773e-002
7468	-0.33979	0.	-0.1384	5.2865e-002
7469	-0.27106	0.	-0.13691	4.3445e-002
7474	-0.77664	0.	-0.91818	5.4945e-004
7475	-0.85095	0.	-0.93012	5.0807e-004
7485	-1.3567	0.	-0.90737	1.4152e-004
7491	-0.71405	0.	-0.12713	1.3946e-002
7492	-0.62926	0.	-0.11037	3.1095e-002
7496	-1.2969	0.	-0.2657	9.2828e-004
7505	0.21412	0.	-0.27076	7.6425e-003
7509	-0.49053	0.	-0.33642	9.5878e-003
7515	-0.35753	0.	-0.23087	2.1171e-002
7527	0.15661	0.	-0.35016	6.3157e-003
7530	-0.48116	0.	-0.10044	0.11039
7531	-0.51535	0.	-7.2267e-002	0.11418
7532	-0.54215	0.	-9.1489e-002	7.8044e-002
7539	-1.2425	0.	-0.16292	1.1444e-003
7549	-3.5863e-002	0.	-0.12101	8.9539e-002
7557	9.7408e-002	0.	-0.41445	4.7504e-003
7566	-0.42203	0.	-0.20888	3.0214e-002
7570	2.3373e-003	0.	-0.4375	4.6363e-003
7614	-0.56041	0.	-7.2065e-002	8.3358e-002
7631	-0.78719	0.	-0.97192	4.5589e-004
100	0.	0.	7.5e-002	0.19172
101	0.	0.	9.e-002	0.15697
102	-2.4e-002	0.	9.e-002	0.14405
103	-4.8e-002	0.	9.e-002	0.11756
104	-9.6e-002	0.	9.e-002	9.5143e-002
105	-0.144	0.	9.e-002	6.9685e-002
106	-0.192	0.	9.e-002	5.4921e-002
107	-0.24	0.	9.e-002	5.7028e-002
108	-0.288	0.	9.e-002	5.6842e-002
109	-0.336	0.	9.e-002	7.5523e-002
110	-0.384	0.	9.e-002	9.5462e-002
111	-0.432	0.	9.e-002	0.11868
112	-0.456	0.	9.e-002	0.14032
113	-0.48	0.	7.5e-002	0.20833
114	-0.48	0.	9.e-002	0.1451
115	-0.48	0.	6.e-002	0.22867
126	0.	0.	6.e-002	0.25088
481	0.1	0.	0.	7.0079e-002
482	0.2	0.	0.	2.3586e-002
483	0.3	0.	0.	9.4079e-003
484	0.4	0.	0.	5.5377e-003
485	0.5	0.	0.	3.2666e-003
486	0.6	0.	0.	1.962e-003
487	0.7	0.	0.	1.5151e-003
488	0.8	0.	0.	1.1483e-003
489	0.9	0.	0.	9.7667e-004
490	-1.38	0.	0.	9.6699e-004
491	-1.28	0.	0.	1.1756e-003
492	-1.18	0.	0.	1.5405e-003
493	-1.08	0.	0.	1.9432e-003
494	-0.98	0.	0.	3.3236e-003
495	-0.88	0.	0.	5.3833e-003
496	-0.78	0.	0.	9.787e-003
497	-0.68	0.	0.	2.177e-002
498	-0.58	0.	0.	8.0221e-002
542	-1.48	0.	9.9091e-002	9.1016e-004
543	-1.48	0.	0.19818	8.3068e-004
544	-1.48	0.	0.29727	7.8058e-004
545	-1.48	0.	0.39636	6.2961e-004
546	-1.48	0.	0.49545	5.4337e-004
547	-1.48	0.	0.59455	4.2221e-004
548	-1.48	0.	0.69364	3.0502e-004
549	-1.48	0.	0.79273	2.3021e-004
550	-1.48	0.	0.89182	1.4473e-004
551	-1.48	0.	0.99091	6.1365e-005
557	-1.3767	0.	1.09	7.5178e-005
558	-1.2733	0.	1.09	1.5017e-004
559	-1.17	0.	1.09	2.2288e-004
560	-1.0667	0.	1.09	2.747e-004
561	-0.96333	0.	1.09	3.434e-004
562	-0.86	0.	1.09	3.9548e-004
563	-0.75667	0.	1.09	4.2615e-004
564	-0.65333	0.	1.09	4.2214e-004
565	-0.55	0.	1.09	3.5855e-004
566	-0.44667	0.	1.09	2.9386e-004
567	-0.34333	0.	1.09	1.7536e-004
568	-0.24	0.	1.09	9.5534e-005
569	-0.13667	0.	1.09	1.4214e-004
570	-3.3333e-002	0.	1.09	3.0267e-004
571	7.e-002	0.	1.09	3.8903e-004
572	0.17333	0.	1.09	4.1648e-004
573	0.27667	0.	1.09	4.1725e-004
574	0.38	0.	1.09	3.8841e-004
575	0.48333	0.	1.09	3.6899e-004
576	0.58667	0.	1.09	2.7993e-004
577	0.69	0.	1.09	2.0052e-004
578	0.79333	0.	1.09	1.4651e-004
579	0.89667	0.	1.09	7.3523e-005
585	1.	0.	0.99091	6.012e-005
586	1.	0.	0.89182	1.4417e-004
587	1.	0.	0.79273	2.2512e-004
588	1.	0.	0.69364	3.2903e-004
589	1.	0.	0.59455	4.068e-004
590	1.	0.	0.49545	5.1404e-004
591	1.	0.	0.39636	6.4492e-004
592	1.	0.	0.29727	7.7391e-004
593	1.	0.	0.19818	8.4801e-004
594	1.	0.	9.9091e-002	9.1011e-004
595	0.	0.	0.	0.27143
596	-0.48	0.	0.	0.24735
602	1.	0.	0.	9.1833e-004
604	-1.48	0.	0.	9.2002e-004
607	-1.48	0.	1.09	3.9436e-005
608	1.	0.	1.09	3.8565e-005
609	-0.61833	0.	0.59	2.0552e-003
610	-0.55644	0.	0.35309	7.6552e-003
611	-0.21365	0.	0.45458	4.0361e-003
612	-1.0629	0.	0.48465	1.1097e-003
613	0.5757	0.	0.47432	1.101e-003
614	-0.28115	0.	0.79296	6.4168e-004
615	-0.27071	0.	0.2775	1.3721e-002
616	-0.50836	0.	0.22292	2.3209e-002
617	5.5443e-002	0.	0.21119	2.3484e-002
618	-0.81732	0.	0.42428	2.5643e-003
619	0.32591	0.	0.42333	2.5293e-003
620	0.4407	0.	0.77371	6.3993e-004
621	-0.97418	0.	0.81703	5.4156e-004
622	-0.41934	0.	0.51245	3.0507e-003
623	-9.2088e-002	0.	0.31675	1.0083e-002
624	2.3889e-002	0.	0.92333	4.4291e-004
625	7.6389e-004	0.	0.6525	1.3893e-003
626	-0.55933	0.	0.74087	9.7147e-004
627	-1.1523	0.	0.77361	3.8232e-004
628	0.84369	0.	0.74224	2.8859e-004
629	-0.72962	0.	0.35572	4.6666e-003
630	0.13098	0.	0.27494	1.0705e-002
631	0.57832	0.	0.31527	1.781e-003
632	-1.096	0.	0.30364	1.3867e-003
633	-0.36078	0.	0.28712	1.4329e-002
634	0.31112	0.	0.83868	6.0913e-004
635	-3.423e-002	0.	0.38421	6.0983e-003
636	0.39102	0.	0.12584	5.0776e-003
637	-0.86657	0.	0.13467	5.2224e-003
638	-0.72289	0.	0.13911	1.05e-002
639	-0.16159	0.	0.16292	3.8324e-002
640	-0.84507	0.	0.55638	1.5776e-003
641	0.4385	0.	0.66072	9.1607e-004
642	-1.3358	0.	0.54171	5.2184e-004
643	-0.23742	0.	0.55788	1.93e-003
644	0.75371	0.	0.51065	7.4031e-004
645	-0.34553	0.	0.18514	3.2497e-002
646	-1.2726	0.	0.28401	1.0138e-003
647	0.83814	0.	0.26721	9.6362e-004
648	8.6295e-002	0.	0.77415	9.199e-004
649	-6.3503e-002	0.	0.18896	3.5165e-002
650	-0.28447	0.	0.38167	6.1525e-003
651	-8.9256e-002	0.	0.58594	2.0557e-003
652	-3.3742e-002	0.	0.14681	6.0577e-002
653	-0.76479	0.	0.78311	8.0319e-004
654	-0.3877	0.	0.41292	5.1886e-003
655	-0.49729	0.	0.1525	5.9361e-002
656	-0.62342	0.	0.16614	2.0344e-002
657	-0.57048	0.	0.11155	4.9117e-002
658	1.6015e-002	0.	0.15109	5.0491e-002
659	-0.5202	0.	0.90659	5.1162e-004
660	-0.28407	0.	0.19688	2.5749e-002
661	-0.48679	0.	0.61143	1.6777e-003
662	-0.12524	0.	0.85042	4.8759e-004
663	0.75743	0.	0.90814	2.2784e-004
664	5.6721e-002	0.	0.47233	3.7637e-003
665	-1.339	0.	0.84354	1.9074e-004
666	-0.10138	0.	0.7096	9.6281e-004
667	0.26623	0.	0.20828	8.4252e-003
668	0.13427	0.	0.18152	2.1511e-002
669	8.4322e-002	0.	0.14273	3.9641e-002
670	-0.58375	0.	0.465	3.6869e-003
671	-0.19262	0.	0.34521	8.1061e-003
672	-0.17711	0.	0.25406	1.7542e-002
673	0.19417	0.	0.3783	5.3315e-003
674	0.66489	0.	0.76835	4.161e-004
675	0.21521	0.	0.7334	9.0458e-004
676	0.23307	0.	0.58618	1.8711e-003
677	-1.0308	0.	0.14091	2.2934e-003
678	0.56549	0.	0.14994	2.3323e-003
679	-0.39863	0.	0.17541	4.2833e-002
680	-0.73563	0.	0.94167	5.4264e-004
681	-0.95031	0.	0.38236	2.0273e-003
682	0.46597	0.	0.37269	2.1452e-003
683	-0.28687	0.	0.93488	3.0616e-004
684	-1.2146	0.	0.44477	8.3494e-004
685	0.16575	0.	0.86455	5.9635e-004
686	-0.8436	0.	0.29957	4.177e-003
687	-0.43906	0.	0.25667	2.0405e-002
688	-0.31017	0.	0.48482	3.4336e-003
689	0.35077	0.	0.27647	4.6625e-003
690	-0.36166	0.	0.72868	9.306e-004
691	-1.0641	0.	0.963	3.1112e-004
692	-0.11389	0.	0.42333	4.9866e-003
693	-1.0019	0.	0.64239	8.2149e-004
694	-1.1722	0.	0.60186	6.3791e-004
695	0.50707	0.	0.97084	3.6146e-004
696	-0.58396	0.	0.24919	1.4131e-002
697	0.38324	0.	0.55687	1.4035e-003
698	-0.70775	0.	0.48488	2.6722e-003
699	-2.6168e-002	0.	0.25155	2.0675e-002
700	-0.88656	0.	0.97412	3.9589e-004
701	-0.50467	0.	9.4388e-002	0.11782
702	-0.48573	0.	0.43896	4.917e-003
703	0.74591	0.	0.63219	5.1124e-004
704	-0.41586	0.	0.32707	9.4718e-003
705	-0.45462	0.	0.80732	6.8903e-004
706	0.16689	0.	0.4743	3.4329e-003
707	-0.10412	0.	0.23479	2.1277e-002
708	-0.67401	0.	0.72182	9.9101e-004
709	0.6151	0.	0.60657	6.7865e-004
710	-0.26257	0.	0.66711	1.0619e-003
711	-0.43249	0.	0.13597	7.1522e-002
712	0.73181	0.	0.12274	1.3732e-003
713	-1.187	0.	0.1306	1.4586e-003
714	-0.88847	0.	0.70826	8.888e-004
715	-2.6134e-002	0.	0.44704	4.4299e-003
716	-1.368	0.	0.41318	6.9472e-004
717	-0.9537	0.	0.2582	2.6249e-003
718	-1.3564	0.	0.9712	1.1094e-004
719	-1.3461	0.	0.69082	3.3218e-004
720	0.37526	0.	0.98968	4.4032e-004
721	-2.3003e-002	0.	0.78468	6.8652e-004
722	-0.66444	0.	0.21897	1.1193e-002
723	0.46666	0.	0.24627	2.9103e-003
724	-0.50661	0.	0.50921	2.5999e-003
725	-0.30956	0.	0.1401	4.9258e-002
726	-1.3566	0.	0.16496	9.483e-004
727	0.87735	0.	0.14307	9.5516e-004
728	0.13946	0.	8.7399e-002	3.1584e-002
729	0.8832	0.	0.96813	1.157e-004
730	0.2014	0.	0.13462	1.6174e-002
731	-1.3585e-002	0.	0.53352	2.9185e-003
732	-0.14504	0.	0.98153	1.8659e-004
733	0.10884	0.	0.41536	4.9768e-003
734	0.6814	0.	0.25163	1.2875e-003
735	0.50592	0.	0.5806	1.0786e-003
736	-0.7441	0.	0.24222	7.2827e-003
737	0.23854	0.	0.29676	5.7187e-003
738	-0.17432	0.	0.62679	1.4496e-003
739	-0.49411	0.	0.29833	1.2649e-002
740	0.71898	0.	0.37382	1.0106e-003
741	-0.75331	0.	0.6423	1.2025e-003
742	-0.32916	0.	0.23377	2.0284e-002
743	-1.2259	0.	0.95523	2.1586e-004
744	0.23799	0.	0.96938	4.8909e-004
745	0.88887	0.	0.57891	4.4565e-004
746	0.88662	0.	0.42385	6.8309e-004
747	-0.37037	0.	0.13593	6.5603e-002
748	7.1534e-002	0.	0.56456	2.2058e-003
749	-0.65225	0.	0.3043	7.8056e-003
750	-0.65488	0.	0.84437	6.9805e-004
751	1.8215e-002	0.	9.7439e-002	0.11631
752	-0.24078	0.	0.1394	4.4585e-002
753	-0.36065	0.	0.60884	1.76e-003
754	-8.8387e-002	0.	0.13683	6.5857e-002
755	0.45135	0.	0.48156	1.4698e-003
756	-0.64414	0.	0.39272	5.1697e-003
757	-0.46797	0.	0.36607	7.2657e-003
758	-0.40289	0.	0.94043	3.9792e-004
759	-0.38726	0.	0.22212	2.4259e-002
760	0.88804	0.	0.85503	1.824e-004
761	-0.94484	0.	0.50464	1.4483e-003
762	0.27173	0.	9.3747e-002	1.1159e-002
763	5.1875e-002	0.	0.2775	1.3166e-002
764	0.63148	0.	0.94187	2.779e-004
765	-0.46542	0.	0.10921	0.11085
766	-0.85178	0.	0.84078	5.8583e-004
767	-0.21145	0.	0.87566	3.7114e-004
768	-0.44658	0.	0.6995	1.2138e-003
769	0.34312	0.	0.68504	1.0084e-003
770	0.12966	0.	0.97159	4.701e-004
771	-1.5876e-002	0.	0.11474	0.11013
772	0.54201	0.	0.70883	6.3495e-004
773	-0.19156	0.	0.75118	7.5956e-004
774	-0.36033	0.	0.83042	5.5442e-004
775	0.1936	0.	0.2209	1.0851e-002
776	3.6284e-002	0.	0.39788	5.964e-003
777	-0.44385	0.	0.19427	3.2704e-002
778	-0.65883	0.	7.2693e-002	2.3521e-002
779	-0.59345	0.	0.99377	4.3361e-004
780	0.54449	0.	0.84534	4.4686e-004
781	-1.2272e-002	0.	0.19366	3.2293e-002
782	0.10972	0.	0.67333	1.3824e-003
783	-0.33569	0.	0.33928	9.5667e-003
784	0.43065	0.	0.87885	5.2172e-004
785	-0.22685	0.	0.20615	2.4392e-002
786	-0.15387	0.	0.51188	2.9666e-003
787	-0.55721	0.	0.18296	3.1004e-002
788	4.0388e-003	0.	0.3279	9.5649e-003
789	8.3145e-002	0.	8.081e-002	6.4585e-002
790	3.8446e-002	0.	6.2946e-002	0.14504
791	-7.9347e-002	0.	0.50034	3.3066e-003
792	8.8559e-002	0.	0.33953	7.3052e-003
1457	-0.50119	0.	6.8695e-002	0.17838
1458	-0.54104	0.	5.3302e-002	9.6583e-002
1459	-0.5232	0.	3.3418e-002	0.17134
2587	0.	0.	8.25e-002	0.1728
2588	0.	0.	6.75e-002	0.21775
2590	9.1073e-003	0.	8.622e-002	0.1537
2591	1.9223e-002	0.	6.8973e-002	0.16503
2594	-1.2e-002	0.	9.e-002	0.14738
2596	9.1073e-003	0.	9.372e-002	0.13618
2597	-7.9379e-003	0.	0.10237	0.13155
2599	-3.6e-002	0.	9.e-002	0.13017
2601	-1.9938e-002	0.	0.10237	0.127
2603	-7.2e-002	0.	9.e-002	0.10527
2605	-4.0871e-002	0.	0.11841	8.9009e-002
2606	-6.8194e-002	0.	0.11342	9.0873e-002
2607	-3.1938e-002	0.	0.10237	0.11293
2610	-0.12	0.	9.e-002	8.1502e-002
2612	-9.2194e-002	0.	0.11342	8.05e-002
2615	-0.168	0.	9.e-002	6.1544e-002
2617	-0.1528	0.	0.12646	5.3882e-002
2618	-0.11619	0.	0.11342	6.6979e-002
2620	-0.216	0.	9.e-002	5.3554e-002
2622	-0.1768	0.	0.12646	4.6423e-002
2623	-0.21639	0.	0.1147	4.8186e-002
2626	-0.264	0.	9.e-002	5.6528e-002
2628	-0.24039	0.	0.1147	5.0762e-002
2630	-0.312	0.	9.e-002	6.4072e-002
2632	-0.29878	0.	0.11505	5.2739e-002
2633	-0.26439	0.	0.1147	5.0061e-002
2636	-0.36	0.	9.e-002	8.4174e-002
2638	-0.32278	0.	0.11505	6.1673e-002
2639	-0.35319	0.	0.11296	7.0409e-002
2640	-0.408	0.	9.e-002	0.10637
2642	-0.40825	0.	0.11298	8.3178e-002
2643	-0.37719	0.	0.11296	8.005e-002
2646	-0.444	0.	9.e-002	0.12895
2648	-0.43225	0.	0.11298	9.5059e-002
2649	-0.44871	0.	9.9604e-002	0.11395
2652	-0.468	0.	9.e-002	0.14111
2654	-0.46071	0.	9.9604e-002	0.12533
2656	-0.48	0.	8.25e-002	0.17338
2657	-0.48	0.	6.75e-002	0.21631
2659	-0.49234	0.	8.4694e-002	0.16217
2660	-0.4906	0.	7.1847e-002	0.19321
2664	-0.49234	0.	9.2194e-002	0.13091
2665	-0.47271	0.	9.9604e-002	0.12685
2670	-0.48	0.	3.e-002	0.23167
2671	-0.4906	0.	6.4347e-002	0.2021
2672	-0.5016	0.	4.6709e-002	0.19876
2735	0.	0.	3.e-002	0.25807
2736	1.9223e-002	0.	6.1473e-002	0.19791
4790	0.15	0.	0.	4.6818e-002
4791	5.e-002	0.	0.	0.17075
4792	0.11973	0.	4.37e-002	5.0376e-002
4793	9.1572e-002	0.	4.0405e-002	6.5684e-002
4794	6.9223e-002	0.	3.1473e-002	0.1066
4807	0.25	0.	0.	1.648e-002
4808	0.16973	0.	4.37e-002	2.7261e-002
4809	0.2007	0.	6.7309e-002	1.949e-002
4810	0.23586	0.	4.6874e-002	1.7353e-002
4817	0.35	0.	0.	7.4684e-003
4818	0.34551	0.	6.292e-002	7.2094e-003
4819	0.28586	0.	4.6874e-002	1.0234e-002
4826	0.45	0.	0.	4.3975e-003
4827	0.39551	0.	6.292e-002	5.2585e-003
4832	0.55	0.	0.	2.6123e-003
4833	0.44551	0.	6.292e-002	4.1555e-003
4834	0.53275	0.	7.4972e-002	2.7916e-003
4841	0.65	0.	0.	1.7375e-003
4842	0.58275	0.	7.4972e-002	2.1361e-003
4843	0.6659	0.	6.1369e-002	1.6661e-003
4848	0.75	0.	0.	1.3315e-003
4849	0.7159	0.	6.1369e-002	1.4419e-003
4854	0.85	0.	0.	1.0624e-003
4855	0.7659	0.	6.1369e-002	1.2597e-003
4856	0.83867	0.	7.1535e-002	1.0516e-003
4863	0.95	0.	4.9545e-002	9.4336e-004
4864	0.95	0.	0.	9.4741e-004
4865	0.88867	0.	7.1535e-002	9.6567e-004
4872	-1.33	0.	0.	1.0709e-003
4873	-1.43	0.	4.9545e-002	9.3853e-004
4874	-1.43	0.	0.	9.4346e-004
4875	-1.3683	0.	8.2481e-002	9.5705e-004
4880	-1.23	0.	0.	1.3579e-003
4881	-1.2335	0.	6.5302e-002	1.3157e-003
4882	-1.3183	0.	8.2481e-002	1.0618e-003
4887	-1.13	0.	0.	1.7408e-003
4888	-1.1835	0.	6.5302e-002	1.4967e-003
4894	-1.03	0.	0.	2.6286e-003
4895	-1.0554	0.	7.0453e-002	2.1091e-003
4896	-1.1335	0.	6.5302e-002	1.699e-003
4901	-0.93	0.	0.	4.3426e-003
4902	-0.92328	0.	6.7335e-002	4.2451e-003
4903	-1.0054	0.	7.0453e-002	2.7999e-003
4912	-0.83	0.	0.	7.5591e-003
4913	-0.87328	0.	6.7335e-002	5.2326e-003
4916	-0.73	0.	0.	1.5742e-002
4917	-0.82328	0.	6.7335e-002	7.4809e-003
4918	-0.75145	0.	6.9557e-002	9.9529e-003
4919	-0.71942	0.	3.6346e-002	1.6602e-002
4926	-0.63	0.	0.	5.0932e-002
4927	-0.66942	0.	3.6346e-002	2.2386e-002
4935	-0.53	0.	0.	0.16378
4936	-0.61942	0.	3.6346e-002	5.1686e-002
4942	-0.56052	0.	2.6651e-002	8.6557e-002
4943	-0.5516	0.	1.6709e-002	0.12498
5180	-1.48	0.	0.14864	8.7034e-004
5181	-1.48	0.	4.9545e-002	9.1494e-004
5182	-1.4183	0.	0.13203	9.2891e-004
5186	-1.48	0.	0.24773	8.0538e-004
5187	-1.4183	0.	0.18157	8.8917e-004
5189	-1.48	0.	0.34682	7.0508e-004
5190	-1.3763	0.	0.29064	8.942e-004
5191	-1.424	0.	0.35523	7.369e-004
5192	-1.4183	0.	0.23112	8.6437e-004
5196	-1.48	0.	0.44591	5.8643e-004
5197	-1.424	0.	0.40477	6.6134e-004
5200	-1.48	0.	0.545	4.8275e-004
5201	-1.4079	0.	0.51858	5.3065e-004
5202	-1.424	0.	0.45432	6.1855e-004
5204	-1.48	0.	0.64409	3.6359e-004
5205	-1.4079	0.	0.56813	4.7074e-004
5206	-1.413	0.	0.64268	3.7494e-004
5209	-1.48	0.	0.74318	2.6759e-004
5210	-1.413	0.	0.69223	3.1708e-004
5213	-1.48	0.	0.84227	1.8736e-004
5214	-1.4095	0.	0.81814	2.0753e-004
5215	-1.413	0.	0.74177	2.8023e-004
5217	-1.48	0.	0.94136	1.0226e-004
5218	-1.4095	0.	0.86768	1.6626e-004
5219	-1.4182	0.	0.93151	1.2353e-004
5223	-1.4283	0.	1.0405	6.5476e-005
5224	-1.48	0.	1.0405	4.9621e-005
5225	-1.4182	0.	0.98106	8.5513e-005
5252	-1.325	0.	1.09	1.1232e-004
5253	-1.4283	0.	1.09	5.6787e-005
5254	-1.3665	0.	1.0306	9.1831e-005
5258	-1.2217	0.	1.09	1.862e-004
5259	-1.3149	0.	1.0306	1.2697e-004
5260	-1.2496	0.	1.0226	1.8255e-004
5264	-1.1183	0.	1.09	2.487e-004
5265	-1.117	0.	1.0265	2.6692e-004
5266	-1.1979	0.	1.0226	2.1743e-004
5270	-1.015	0.	1.09	3.0878e-004
5271	-1.0654	0.	1.0265	2.9274e-004
5275	-0.91167	0.	1.09	3.6943e-004
5276	-1.0137	0.	1.0265	3.2633e-004
5277	-0.92495	0.	1.0321	3.6953e-004
5280	-0.80833	0.	1.09	4.1077e-004
5281	-0.87328	0.	1.0321	3.9549e-004
5283	-0.705	0.	1.09	4.2366e-004
5284	-0.74615	0.	1.0158	4.8427e-004
5285	-0.82161	0.	1.0321	4.1061e-004
5289	-0.60167	0.	1.09	3.9032e-004
5290	-0.69448	0.	1.0158	4.8174e-004
5291	-0.62339	0.	1.0419	4.2776e-004
5295	-0.49833	0.	1.09	3.2527e-004
5296	-0.57173	0.	1.0419	3.9593e-004
5298	-0.395	0.	1.09	2.29e-004
5299	-0.48343	0.	0.99829	4.0221e-004
5300	-0.42478	0.	1.0152	3.3912e-004
5301	-0.52006	0.	1.0419	3.6318e-004
5305	-0.29167	0.	1.09	1.2637e-004
5306	-0.3151	0.	1.0124	2.3321e-004
5307	-0.37311	0.	1.0152	2.8654e-004
5311	-0.18833	0.	1.09	9.6231e-005
5312	-0.26344	0.	1.0124	1.9947e-004
5313	-0.19252	0.	1.0358	1.2901e-004
5316	-8.5e-002	0.	1.09	2.2175e-004
5317	-0.14085	0.	1.0358	1.6102e-004
5320	1.8333e-002	0.	1.09	3.4444e-004
5321	-4.7222e-003	0.	1.0067	3.7261e-004
5322	-8.9186e-002	0.	1.0358	2.3531e-004
5327	0.12167	0.	1.09	4.0244e-004
5328	4.6944e-002	0.	1.0067	4.1295e-004
5329	9.983e-002	0.	1.0308	4.2942e-004
5331	0.225	0.	1.09	4.168e-004
5332	0.20566	0.	1.0297	4.5275e-004
5333	0.1515	0.	1.0308	4.4278e-004
5337	0.32833	0.	1.09	4.0264e-004
5338	0.32596	0.	1.0398	4.2858e-004
5339	0.25733	0.	1.0297	4.5316e-004
5343	0.43167	0.	1.09	3.7867e-004
5344	0.37763	0.	1.0398	4.1436e-004
5348	0.535	0.	1.09	3.2437e-004
5349	0.4952	0.	1.0304	3.6479e-004
5350	0.4293	0.	1.0398	4.0463e-004
5353	0.63833	0.	1.09	2.4011e-004
5354	0.54687	0.	1.0304	3.206e-004
5355	0.60907	0.	1.0159	2.7709e-004
5360	0.74167	0.	1.09	1.7333e-004
5361	0.72372	0.	0.99907	2.0956e-004
5362	0.66074	0.	1.0159	2.3819e-004
5365	0.845	0.	1.09	1.0974e-004
5366	0.77538	0.	0.99907	1.8482e-004
5367	0.83827	0.	1.0291	1.2589e-004
5372	0.94833	0.	1.0405	6.3274e-005
5373	0.94833	0.	1.09	5.5299e-005
5374	0.88993	0.	1.0291	9.2568e-005
5405	1.	0.	0.94136	1.0133e-004
5406	1.	0.	1.0405	4.8481e-005
5407	0.9416	0.	0.97952	8.738e-005
5410	1.	0.	0.84227	1.8465e-004
5411	0.9416	0.	0.92997	1.258e-004
5412	0.94402	0.	0.87342	1.6262e-004
5415	1.	0.	0.74318	2.7706e-004
5416	0.92185	0.	0.76748	2.5534e-004
5417	0.94402	0.	0.82388	2.0293e-004
5419	1.	0.	0.64409	3.6759e-004
5420	0.92185	0.	0.71794	3.0678e-004
5421	0.94444	0.	0.63628	3.8721e-004
5425	1.	0.	0.545	4.604e-004
5426	0.94444	0.	0.58673	4.2524e-004
5428	1.	0.	0.44591	5.7931e-004
5429	0.94444	0.	0.53718	4.7885e-004
5430	0.94331	0.	0.45965	5.9833e-004
5434	1.	0.	0.34682	7.0939e-004
5435	0.94331	0.	0.41011	6.631e-004
5438	1.	0.	0.24773	8.1091e-004
5439	0.91907	0.	0.28224	8.6729e-004
5440	0.94331	0.	0.36056	7.2764e-004
5443	1.	0.	0.14864	8.7879e-004
5444	0.91907	0.	0.23269	9.0375e-004
5445	0.93867	0.	0.17063	9.0158e-004
5449	1.	0.	4.9545e-002	9.1418e-004
5450	0.93867	0.	0.12108	9.3241e-004
5453	1.9223e-002	0.	3.1473e-002	0.20653
5466	-0.5016	0.	1.6709e-002	0.20788
5480	-0.58883	0.	0.66543	1.503e-003
5481	-0.55256	0.	0.60071	1.8188e-003
5482	-0.60104	0.	0.5275	2.8678e-003
5483	-0.66304	0.	0.53744	2.331e-003
5484	-0.64617	0.	0.65591	1.5218e-003
5485	-0.56247	0.	0.54961	2.3039e-003
5486	-0.68582	0.	0.61615	1.617e-003
5492	-0.5701	0.	0.40905	5.6589e-003
5493	-0.5702	0.	0.30114	1.0796e-002
5494	-0.52108	0.	0.39603	6.183e-003
5495	-0.52528	0.	0.32571	1.0109e-002
5496	-0.60434	0.	0.3287	7.5762e-003
5497	-0.60029	0.	0.3729	6.3757e-003
5498	-0.5122	0.	0.35958	7.3214e-003
5505	-0.22554	0.	0.50623	2.973e-003
5506	-0.24906	0.	0.41813	4.9924e-003
5507	-0.20314	0.	0.3999	6.059e-003
5508	-0.26191	0.	0.4697	3.5435e-003
5509	-0.16377	0.	0.43896	4.3307e-003
5510	-0.18376	0.	0.48323	3.4729e-003
5513	-1.0794	0.	0.39414	1.239e-003
5514	-1.0066	0.	0.4335	1.5683e-003
5515	-1.1387	0.	0.46471	9.6798e-004
5516	-1.0324	0.	0.56352	9.5703e-004
5517	-1.1175	0.	0.54325	8.7375e-004
5518	-1.0039	0.	0.49464	1.2734e-003
5521	0.57701	0.	0.39479	1.4321e-003
5522	0.6647	0.	0.49248	9.1535e-004
5523	0.52084	0.	0.4235	1.6229e-003
5524	0.5954	0.	0.54044	8.8862e-004
5525	0.54081	0.	0.52746	1.0828e-003
5526	0.64734	0.	0.42407	1.0441e-003
5527	0.51352	0.	0.47794	1.279e-003
5532	-0.28401	0.	0.86392	4.7056e-004
5533	-0.3214	0.	0.76082	7.6288e-004
5534	-0.27186	0.	0.73003	8.5173e-004
5535	-0.2463	0.	0.83431	5.0065e-004
5536	-0.23635	0.	0.77207	6.8786e-004
5537	-0.32074	0.	0.81169	5.8283e-004
5541	-0.31574	0.	0.28231	1.3424e-002
5542	-0.27759	0.	0.32958	9.9332e-003
5543	-0.27739	0.	0.23719	1.9716e-002
5544	-0.23166	0.	0.31135	1.0481e-002
5545	-0.22391	0.	0.26578	1.4688e-002
5546	-0.29994	0.	0.25563	1.6724e-002
5547	-0.3032	0.	0.30839	1.1423e-002
5548	-0.24878	0.	0.24183	1.8807e-002
5552	-0.50283	0.	0.18771	4.1238e-002
5553	-0.47371	0.	0.23979	2.1466e-002
5554	-0.54616	0.	0.23605	1.8553e-002
5555	-0.50123	0.	0.26063	1.782e-002
5556	-0.4761	0.	0.20859	2.764e-002
5557	-0.53278	0.	0.20294	2.6782e-002
5561	9.3209e-002	0.	0.24306	1.7048e-002
5562	3.5729e-002	0.	0.18114	3.698e-002
5563	9.4857e-002	0.	0.19635	2.2021e-002
5564	6.9883e-002	0.	0.17696	3.098e-002
5565	1.4638e-002	0.	0.23137	2.1656e-002
5566	5.3659e-002	0.	0.24434	1.8282e-002
5567	2.1585e-002	0.	0.20242	2.7631e-002
5572	-0.77347	0.	0.39	3.6144e-003
5573	-0.83119	0.	0.49033	2.0706e-003
5574	-0.88381	0.	0.40332	2.2673e-003
5575	-0.83046	0.	0.36193	3.3398e-003
5576	-0.76253	0.	0.45458	2.6021e-003
5577	-0.88108	0.	0.46446	1.9993e-003
5581	0.26004	0.	0.40081	3.9174e-003
5582	0.27949	0.	0.50476	2.1623e-003
5583	0.39594	0.	0.39801	2.3064e-003
5584	0.33834	0.	0.3499	3.5503e-003
5585	0.35458	0.	0.4901	1.9651e-003
5586	0.2464	0.	0.44881	2.9302e-003
5587	0.28222	0.	0.36004	4.1209e-003
5588	0.38863	0.	0.45245	1.9954e-003
5593	0.37591	0.	0.80619	6.2118e-004
5594	0.4396	0.	0.71721	7.7659e-004
5595	0.39191	0.	0.72937	8.2313e-004
5596	0.49136	0.	0.74127	6.3448e-004
5597	0.49259	0.	0.80952	5.4321e-004
5598	0.43568	0.	0.82628	5.8008e-004
5601	-1.0633	0.	0.79532	4.5613e-004
5602	-1.0191	0.	0.89001	4.2446e-004
5603	-0.98803	0.	0.72971	6.7698e-004
5604	-0.93037	0.	0.89557	4.642e-004
5605	-0.93133	0.	0.76264	7.1463e-004
5606	-0.91298	0.	0.8289	5.6165e-004
5612	-0.40352	0.	0.46268	4.1104e-003
5613	-0.45306	0.	0.56194	2.3595e-003
5614	-0.36476	0.	0.49864	3.1206e-003
5615	-0.45253	0.	0.47571	3.9425e-003
5616	-0.46298	0.	0.51083	2.7995e-003
5617	-0.38999	0.	0.56065	2.3551e-003
5622	-6.3159e-002	0.	0.35048	8.0171e-003
5623	-0.14235	0.	0.33098	8.6467e-003
5624	-0.1346	0.	0.28541	1.3389e-002
5625	-0.10299	0.	0.37004	7.5037e-003
5626	-5.9128e-002	0.	0.28415	1.5006e-002
5627	-9.8105e-002	0.	0.27577	1.5658e-002
5628	-4.4025e-002	0.	0.32233	9.5999e-003
5633	5.5092e-002	0.	0.84874	6.8039e-004
5634	-5.0677e-002	0.	0.88688	4.4368e-004
5635	9.4817e-002	0.	0.89394	5.1624e-004
5636	4.43e-004	0.	0.854	5.5788e-004
5637	-6.0575e-002	0.	0.95243	3.0637e-004
5638	7.6775e-002	0.	0.94746	4.5358e-004
5643	4.353e-002	0.	0.71332	1.1471e-003
5644	-4.4246e-002	0.	0.61922	1.7013e-003
5645	-5.031e-002	0.	0.68105	1.1454e-003
5646	-1.1119e-002	0.	0.71859	1.0333e-003
5647	-6.4106e-003	0.	0.59301	2.1535e-003
5648	3.6149e-002	0.	0.60853	1.7784e-003
5649	5.5243e-002	0.	0.66292	1.367e-003
5654	-0.53977	0.	0.82373	7.4126e-004
5655	-0.52306	0.	0.67615	1.3181e-003
5656	-0.50698	0.	0.7741	8.1535e-004
5657	-0.61667	0.	0.73135	9.7288e-004
5658	-0.6071	0.	0.79262	8.3143e-004
5659	-0.50295	0.	0.72019	1.0817e-003
5664	-1.2457	0.	0.80858	2.8267e-004
5665	-1.1082	0.	0.8683	3.3621e-004
5666	-1.0771	0.	0.708	6.0133e-004
5667	-1.1622	0.	0.68773	5.0756e-004
5668	-1.2492	0.	0.73221	3.4565e-004
5669	-1.1891	0.	0.86442	2.9685e-004
5676	0.80056	0.	0.82519	2.4909e-004
5677	0.75429	0.	0.7553	3.4634e-004
5678	0.7948	0.	0.68722	3.9898e-004
5679	0.86628	0.	0.66058	3.6572e-004
5680	0.86586	0.	0.79864	2.3545e-004
5684	-0.78661	0.	0.32764	4.3693e-003
5685	-0.71869	0.	0.4203	3.6534e-003
5686	-0.73686	0.	0.29897	5.9069e-003
5687	-0.69093	0.	0.33001	6.235e-003
5688	-0.68688	0.	0.37422	4.8931e-003
5693	0.13262	0.	0.22823	1.5993e-002
5694	0.16257	0.	0.32662	8.0171e-003
5695	0.18476	0.	0.28585	8.1671e-003
5696	9.1425e-002	0.	0.27622	1.1803e-002
5697	0.16229	0.	0.24792	1.0635e-002
5698	0.10977	0.	0.30723	8.9084e-003
5704	0.57191	0.	0.23261	2.0426e-003
5705	0.52215	0.	0.34398	1.9515e-003
5706	0.52249	0.	0.28077	2.3433e-003
5707	0.62986	0.	0.28345	1.5295e-003
5708	0.64865	0.	0.34455	1.3943e-003
5712	-1.1843	0.	0.29383	1.1951e-003
5713	-1.0634	0.	0.22227	1.8307e-003
5714	-1.0231	0.	0.343	1.6907e-003
5715	-1.1553	0.	0.37421	1.1102e-003
5716	-1.1415	0.	0.21712	1.4063e-003
5717	-1.0248	0.	0.28092	2.0026e-003
5721	-0.39992	0.	0.27189	1.6823e-002
5722	-0.38832	0.	0.30709	1.182e-002
5723	-0.34497	0.	0.26044	1.7202e-002
5724	-0.37402	0.	0.25462	1.9179e-002
5725	-0.34823	0.	0.3132	1.1892e-002
5728	0.26317	0.	0.78604	7.5521e-004
5729	0.23843	0.	0.85161	5.9655e-004
5730	0.34319	0.	0.91418	5.2412e-004
5731	0.27455	0.	0.90403	5.471e-004
5732	0.32712	0.	0.76186	8.0728e-004
5733	0.37089	0.	0.85877	5.646e-004
5738	-7.4059e-002	0.	0.40377	5.3942e-003
5739	-3.0182e-002	0.	0.41563	5.2584e-003
5740	1.0272e-003	0.	0.39104	5.9977e-003
5741	-1.5095e-002	0.	0.35606	7.8088e-003
5746	0.32862	0.	0.16706	6.6341e-003
5747	0.47826	0.	0.13789	3.7043e-003
5748	0.3709	0.	0.20116	4.7638e-003
5749	0.42884	0.	0.18606	3.9693e-003
5750	0.33137	0.	0.10979	8.1173e-003
5756	-0.79473	0.	0.13689	7.8185e-003
5757	-0.94867	0.	0.13779	3.7548e-003
5758	-0.85509	0.	0.21712	4.587e-003
5759	-0.91014	0.	0.19643	3.9062e-003
5760	-0.80534	0.	0.18845	6.1053e-003
5765	-0.67316	0.	0.15263	1.53e-002
5766	-0.69367	0.	0.17904	1.0682e-002
5767	-0.7335	0.	0.19067	8.8388e-003
5768	-0.69086	0.	0.1059	1.6916e-002
5772	-0.11255	0.	0.17594	3.5308e-002
5773	-0.16935	0.	0.20849	2.7755e-002
5774	-0.13286	0.	0.19885	2.9294e-002
5775	-0.20119	0.	0.15116	3.9023e-002
5776	-0.12499	0.	0.14987	5.0927e-002
5777	-0.19422	0.	0.18453	2.999e-002
5781	-0.92347	0.	0.59938	1.1975e-003
5782	-0.77641	0.	0.52063	2.1165e-003
5783	-0.86677	0.	0.63232	1.2304e-003
5784	-0.79919	0.	0.59934	1.3777e-003
5785	-0.89495	0.	0.53051	1.5046e-003
5789	0.41087	0.	0.60879	1.1586e-003
5790	0.47221	0.	0.62066	9.9356e-004
5791	0.39081	0.	0.67288	9.582e-004
5792	0.49026	0.	0.68477	7.7474e-004
5799	-1.2752	0.	0.49324	6.7439e-004
5800	-1.254	0.	0.57178	5.693e-004
5801	-1.3519	0.	0.47745	6.0765e-004
5802	-1.3409	0.	0.61627	4.267e-004
5808	-0.2738	0.	0.52135	2.6122e-003
5809	-0.25	0.	0.61249	1.491e-003
5810	-0.20587	0.	0.59234	1.6586e-003
5811	-0.29903	0.	0.58336	1.7624e-003
5812	-0.19565	0.	0.53488	2.3967e-003
5817	0.74981	0.	0.57142	6.2526e-004
5818	0.68441	0.	0.55861	7.0014e-004
5819	0.73635	0.	0.44224	8.7467e-004
5820	0.82129	0.	0.54478	5.8908e-004
5821	0.82016	0.	0.46725	7.0327e-004
5826	-0.3148	0.	0.19101	2.8374e-002
5827	-0.37208	0.	0.18028	3.7128e-002
5828	-0.32755	0.	0.16262	4.0513e-002
5829	-0.33735	0.	0.20945	2.629e-002
5830	-0.35795	0.	0.16053	4.892e-002
5831	-0.36639	0.	0.20363	2.8148e-002
5836	-1.2436	0.	0.36439	9.1758e-004
5837	-1.2298	0.	0.20731	1.2341e-003
5838	-1.3203	0.	0.34859	8.5367e-004
5839	-1.3146	0.	0.22449	9.7734e-004
5844	0.78497	0.	0.19497	1.1673e-003
5845	0.85774	0.	0.20514	9.5699e-004
5846	0.75977	0.	0.25942	1.1233e-003
5847	0.77856	0.	0.32051	9.8184e-004
5848	0.86238	0.	0.34553	8.2331e-004
5852	0.15075	0.	0.75377	9.0416e-004
5853	0.12602	0.	0.81935	7.5651e-004
5854	3.1646e-002	0.	0.77941	7.8485e-004
5855	9.8009e-002	0.	0.72374	1.1496e-003
5860	-4.8623e-002	0.	0.16788	4.7585e-002
5861	-4.4836e-002	0.	0.22026	2.7811e-002
5862	-8.3812e-002	0.	0.21187	2.8115e-002
5863	-7.5945e-002	0.	0.16289	5.0409e-002
5864	-3.7888e-002	0.	0.19131	3.33e-002
5868	-0.33609	0.	0.39729	5.3759e-003
5869	-0.23855	0.	0.36344	6.8841e-003
5870	-0.29732	0.	0.43324	4.7626e-003
5871	-0.31008	0.	0.36047	7.6701e-003
5876	-9.532e-002	0.	0.64777	1.5058e-003
5877	-5.1421e-002	0.	0.55973	2.4475e-003
5878	-0.13179	0.	0.60637	1.7242e-003
5879	-0.12156	0.	0.54891	2.4774e-003
5880	-8.4302e-002	0.	0.54314	2.6788e-003
5885	-8.8637e-003	0.	0.14895	5.4482e-002
5886	-6.1065e-002	0.	0.14182	6.2251e-002
5887	-2.4809e-002	0.	0.13077	8.5016e-002
5888	-2.3007e-002	0.	0.17024	4.6352e-002
5893	-0.75021	0.	0.86239	6.7185e-004
5894	-0.7194	0.	0.75247	8.9477e-004
5895	-0.82663	0.	0.74568	8.4036e-004
5896	-0.75905	0.	0.71271	1.0012e-003
5897	-0.70984	0.	0.81374	7.4599e-004
5898	-0.80829	0.	0.81195	6.9354e-004
5901	-0.34893	0.	0.44887	4.2216e-003
5902	-0.43671	0.	0.42594	4.935e-003
5903	-0.40178	0.	0.36999	7.2875e-003
5904	-0.42783	0.	0.3895	6.0937e-003
5905	-0.36169	0.	0.3761	7.3425e-003
5909	-0.53389	0.	0.13203	5.2476e-002
5910	-0.50098	0.	0.12344	8.7908e-002
5911	-0.46489	0.	0.14423	6.3825e-002
5912	-0.48136	0.	0.13085	8.4698e-002
5913	-0.47057	0.	0.17338	4.5142e-002
5914	-0.52725	0.	0.16773	4.4957e-002
5920	-0.59695	0.	0.13884	3.4729e-002
5921	-0.60369	0.	0.20766	1.6898e-002
5922	-0.64393	0.	0.19255	1.5752e-002
5923	-0.64113	0.	0.11941	2.1308e-002
5924	-0.59032	0.	0.17455	2.5356e-002
5929	-0.53758	0.	0.10297	8.2922e-002
5930	-0.61466	0.	9.2122e-002	3.5342e-002
5931	-0.56385	0.	0.14726	3.9625e-002
5932	-0.55576	0.	8.2427e-002	7.2214e-002
5937	5.0168e-002	0.	0.14691	4.4361e-002
5938	1.7115e-002	0.	0.12427	8.2721e-002
5939	6.9501e-005	0.	0.13292	7.9939e-002
5940	1.8713e-003	0.	0.17238	4.0897e-002
5945	-0.48741	0.	0.85695	5.9186e-004
5946	-0.58754	0.	0.87548	6.011e-004
5947	-0.46155	0.	0.92351	4.4979e-004
5948	-0.55683	0.	0.95018	4.7025e-004
5952	-0.29682	0.	0.16849	3.7345e-002
5953	-0.30662	0.	0.21532	2.2797e-002
5954	-0.26243	0.	0.16814	3.4678e-002
5955	-0.25546	0.	0.20152	2.4497e-002
5958	-0.4967	0.	0.56032	2.1307e-003
5959	-0.42372	0.	0.61013	1.6563e-003
5960	-0.46668	0.	0.65546	1.444e-003
5963	-0.11331	0.	0.78001	7.249e-004
5964	-7.4123e-002	0.	0.81755	5.8089e-004
5965	-0.13514	0.	0.91597	3.3669e-004
5966	-0.16835	0.	0.86304	4.1921e-004
5967	-0.1584	0.	0.8008	6.136e-004
5970	0.71116	0.	0.83825	3.2101e-004
5971	0.82032	0.	0.93814	1.706e-004
5972	0.82273	0.	0.88159	1.9684e-004
5973	0.69445	0.	0.92501	2.5114e-004
5978	0.11181	0.	0.47331	3.5505e-003
5979	1.5294e-002	0.	0.45969	4.0572e-003
5980	2.1568e-002	0.	0.50292	3.3115e-003
5981	8.2783e-002	0.	0.44385	4.3501e-003
5982	6.4127e-002	0.	0.51844	2.9846e-003
5983	4.6503e-002	0.	0.4351	4.8635e-003
5987	-1.3477	0.	0.90737	1.4967e-004
5988	-1.3426	0.	0.76718	2.6054e-004
5989	-1.2825	0.	0.89938	1.9464e-004
5994	-6.2193e-002	0.	0.74714	8.1751e-004
5995	-0.13785	0.	0.6682	1.1992e-003
5996	-0.14647	0.	0.73039	8.449e-004
6000	0.3085	0.	0.24238	6.54e-003
6001	0.23381	0.	0.17145	1.2285e-002
6002	0.25238	0.	0.25252	7.0004e-003
6003	0.26898	0.	0.15101	9.6023e-003
6004	0.22991	0.	0.21459	9.5984e-003
6008	0.1093	0.	0.16212	3.0575e-002
6009	0.13687	0.	0.13446	2.5924e-002
6010	0.16783	0.	0.15807	1.8576e-002
6011	0.16394	0.	0.20121	1.6169e-002
6016	0.11189	0.	0.11507	3.4701e-002
6017	5.1268e-002	0.	0.12009	7.7926e-002
6018	8.3733e-002	0.	0.11177	5.1624e-002
6022	-0.64575	0.	0.47494	3.1431e-003
6023	-0.53474	0.	0.45198	4.2544e-003
6024	-0.54518	0.	0.48711	3.102e-003
6025	-0.61394	0.	0.42886	4.3789e-003
6028	-0.18486	0.	0.29964	1.2802e-002
6029	-0.15326	0.	0.38427	6.3945e-003
6033	-0.14061	0.	0.24443	1.8474e-002
6034	-0.20198	0.	0.23011	2.0625e-002
6040	0.18053	0.	0.4263	4.3604e-003
6041	0.15151	0.	0.39683	5.0821e-003
6042	0.21635	0.	0.33753	5.481e-003
6043	0.14136	0.	0.35891	6.2651e-003
6047	0.7054	0.	0.70027	4.604e-004
6048	0.64	0.	0.68746	5.4737e-004
6049	0.64818	0.	0.85511	3.4047e-004
6050	0.60345	0.	0.73859	5.2283e-004
6051	0.60469	0.	0.80684	4.2456e-004
6056	0.22414	0.	0.65979	1.3849e-003
6057	0.19048	0.	0.79898	7.4789e-004
6058	0.27917	0.	0.70922	9.4895e-004
6059	0.16247	0.	0.70337	1.139e-003
6063	0.30816	0.	0.57152	1.6144e-003
6064	0.19998	0.	0.53024	2.6512e-003
6065	0.1523	0.	0.57537	2.0097e-003
6066	0.28809	0.	0.63561	1.4375e-003
6067	0.17139	0.	0.62976	1.6067e-003
6073	-1.1089	0.	0.13575	1.8739e-003
6074	-0.99223	0.	0.19955	2.4336e-003
6078	0.64865	0.	0.13634	1.8491e-003
6079	0.51607	0.	0.19811	2.6015e-003
6080	0.62344	0.	0.20079	1.8084e-003
6085	-0.41556	0.	0.15569	5.6883e-002
6086	-0.3845	0.	0.15567	5.3993e-002
6087	-0.39295	0.	0.19877	3.3517e-002
6088	-0.42124	0.	0.18484	3.7421e-002
6092	-0.8111	0.	0.95789	4.687e-004
6093	-0.69525	0.	0.89302	6.1921e-004
6094	-0.79371	0.	0.89122	5.617e-004
6095	-0.66454	0.	0.96772	4.8681e-004
6101	-0.89696	0.	0.34097	3.1013e-003
6102	-0.95201	0.	0.32028	2.3115e-003
6103	-0.94758	0.	0.4435	1.7328e-003
6106	0.40837	0.	0.32458	3.4034e-003
6107	0.46632	0.	0.30948	2.5114e-003
6108	0.45866	0.	0.42713	1.7973e-003
6113	-0.21596	0.	0.95821	2.1197e-004
6114	-0.34488	0.	0.93766	3.3777e-004
6115	-0.24916	0.	0.90527	3.2522e-004
6116	-0.3236	0.	0.88265	4.2826e-004
6119	-1.1934	0.	0.52331	7.3396e-004
6120	-1.2913	0.	0.42898	7.554e-004
6125	0.20187	0.	0.91696	5.4179e-004
6126	0.1477	0.	0.91807	5.3298e-004
6129	-0.89865	0.	0.27889	3.3753e-003
6130	-0.79385	0.	0.2709	5.7298e-003
6134	-0.42746	0.	0.29187	1.4817e-002
6135	-0.46658	0.	0.2775	1.6495e-002
6136	-0.41316	0.	0.23939	2.2105e-002
6137	-0.44145	0.	0.22547	2.6523e-002
6142	-0.33541	0.	0.54683	2.5923e-003
6146	0.40871	0.	0.26137	3.7609e-003
6147	0.29465	0.	0.28661	5.1502e-003
6152	-0.40814	0.	0.768	8.0121e-004
6153	-0.31212	0.	0.69789	9.6649e-004
6154	-0.36115	0.	0.66876	1.3448e-003
6155	-0.40412	0.	0.71409	1.0521e-003
6156	-0.361	0.	0.77955	7.4222e-004
6161	-0.97532	0.	0.96856	3.5302e-004
6162	-1.145	0.	0.95911	2.6161e-004
6165	-7.0012e-002	0.	0.43519	4.6272e-003
6166	-0.13388	0.	0.4676	3.9309e-003
6167	-9.6618e-002	0.	0.46184	4.1425e-003
6171	-1.087	0.	0.62212	7.2194e-004
6172	-0.94517	0.	0.67532	8.4782e-004
6173	-0.97336	0.	0.57351	1.1338e-003
6177	-1.2591	0.	0.64634	4.7991e-004
6180	0.44117	0.	0.98026	4.0017e-004
6181	0.56927	0.	0.95636	3.1841e-004
6182	0.52578	0.	0.90809	4.0178e-004
6183	0.46886	0.	0.92485	4.4118e-004
6187	-0.6242	0.	0.23408	1.25e-002
6188	-0.53904	0.	0.27376	1.3035e-002
6189	-0.61811	0.	0.27674	1.0949e-002
6190	-0.57059	0.	0.21607	2.2551e-002
6196	0.44458	0.	0.56873	1.2376e-003
6197	0.4173	0.	0.51921	1.4314e-003
6198	0.36318	0.	0.62095	1.1987e-003
6201	-0.73053	0.	0.56359	1.9358e-003
6202	-0.67594	0.	0.4388	3.9205e-003
6205	-6.5144e-002	0.	0.24317	2.0636e-002
6206	1.2854e-002	0.	0.26453	1.6789e-002
6207	-1.922e-002	0.	0.22261	2.6417e-002
6208	-1.1064e-002	0.	0.28973	1.5117e-002
6211	-0.86917	0.	0.90745	4.9011e-004
6216	-0.48505	0.	0.1018	0.11146
6217	-0.50293	0.	8.1541e-002	0.14698
6218	-0.52286	0.	7.3845e-002	0.1035
6224	-0.49617	0.	0.47408	3.7581e-003
6225	-0.47685	0.	0.40252	6.0909e-003
6229	0.68051	0.	0.61938	5.9064e-004
6230	0.81739	0.	0.60555	4.7243e-004
6234	-0.45498	0.	0.3127	1.0845e-002
6235	-0.44191	0.	0.34657	8.3266e-003
6236	-0.37577	0.	0.33317	9.309e-003
6241	-0.42876	0.	0.87388	5.4332e-004
6242	-0.4506	0.	0.75341	9.5027e-004
6243	-0.40748	0.	0.81887	6.1318e-004
6246	0.13787	0.	0.44483	4.1954e-003
6247	0.11921	0.	0.51943	2.7811e-003
6255	-0.71366	0.	0.68206	1.0881e-003
6256	-0.66444	0.	0.78309	8.438e-004
6258	0.56051	0.	0.59358	8.771e-004
6259	0.57856	0.	0.6577	6.5342e-004
6263	-0.21845	0.	0.64695	1.2082e-003
6264	-0.31161	0.	0.63797	1.3803e-003
6265	-0.22707	0.	0.70914	8.9414e-004
6269	-0.40143	0.	0.13595	6.7232e-002
6270	-0.44896	0.	0.12259	9.0224e-002
6271	-0.43817	0.	0.16512	5.2023e-002
6278	0.80458	0.	0.1329	1.1635e-003
6279	0.7066	0.	0.18718	1.3229e-003
6285	-1.2718	0.	0.14778	1.203e-003
6290	-0.82089	0.	0.67528	1.0431e-003
6291	-0.87013	0.	0.77452	7.3543e-004
6294	-1.986e-002	0.	0.49028	3.6737e-003
6295	5.0749e-003	0.	0.42246	5.1381e-003
6296	-5.2741e-002	0.	0.47369	3.8304e-003
6311	-1.2911	0.	0.96322	1.6142e-004
6319	0.30662	0.	0.97953	4.6438e-004
6320	0.40296	0.	0.93427	4.785e-004
6329	-0.70427	0.	0.23059	9.2195e-003
6330	-0.65834	0.	0.26163	9.4514e-003
6338	-0.33997	0.	0.13801	5.6161e-002
6339	-0.27517	0.	0.13975	4.5235e-002
6353	0.17043	0.	0.11101	2.3849e-002
6354	0.1113	0.	8.4105e-002	4.7877e-002
6358	0.88562	0.	0.91158	1.4716e-004
6363	0.23656	0.	0.11418	1.3517e-002
6364	0.1975	0.	0.17776	1.3391e-002
6369	2.8974e-002	0.	0.54904	2.5414e-003
6370	-4.6466e-002	0.	0.51693	3.0782e-003
6375	-0.17825	0.	0.92859	2.6987e-004
6381	7.2564e-002	0.	0.40662	5.4511e-003
6382	9.8701e-002	0.	0.37745	6.1343e-003
6387	0.70019	0.	0.31273	1.1481e-003
6391	0.47864	0.	0.53108	1.2737e-003
6392	0.52397	0.	0.64471	8.5607e-004
6395	-0.69818	0.	0.27326	7.4406e-003
6399	0.21607	0.	0.25883	8.274e-003
6403	-0.18294	0.	0.68899	1.1008e-003
6404	-0.1641	0.	0.56933	2.2078e-003
6408	-0.48104	0.	0.3322	9.9112e-003
6412	0.8028	0.	0.39884	8.4163e-004
6419	-0.35821	0.	0.22795	2.1748e-002
6427	0.18382	0.	0.97049	4.7879e-004
6430	0.88775	0.	0.50138	5.64e-004
6441	9.0628e-002	0.	0.61895	1.7935e-003
6445	-0.64819	0.	0.34851	6.462e-003
6449	-0.62417	0.	0.91907	5.6578e-004
6452	1.1694e-003	0.	0.10609	0.10993
6453	5.068e-002	0.	8.9125e-002	8.9137e-002
6454	2.833e-002	0.	8.0192e-002	0.12634
6460	-0.23382	0.	0.17277	3.4462e-002
6466	-0.40361	0.	0.65417	1.4506e-003
6480	-0.38161	0.	0.88542	4.6796e-004
6486	-0.41555	0.	0.20819	2.8054e-002
6501	2.7957e-002	0.	0.3027	1.1243e-002
6502	7.0217e-002	0.	0.30852	1.0233e-002
6506	0.58798	0.	0.8936	3.6232e-004
6515	-0.20151	0.	0.81342	5.6498e-004
6536	0.54325	0.	0.77708	5.3937e-004
6545	2.0161e-002	0.	0.36289	7.7603e-003
6546	6.2422e-002	0.	0.3687	6.5833e-003
6553	-0.59994	0.	6.2997e-002	5.9827e-002
6559	0.48757	0.	0.8621	4.8326e-004
6577	-0.11661	0.	0.50611	3.073e-003
6585	4.6299e-002	0.	0.33372	8.3335e-003
6589	6.0795e-002	0.	7.1878e-002	0.10449
10703	-0.52112	0.	6.0999e-002	0.13624
10704	-0.5122	0.	5.1057e-002	0.17026
10709	-0.53212	0.	4.336e-002	0.13346
