Node Number	X Location (m)	Y Location (m)	Z Location (m)	Total Magnetic Flux Density (T)
95	-0.36	0.	4.5e-002	0.4086
96	-0.3375	0.	4.5e-002	0.53305
97	-0.315	0.	4.5e-002	0.72263
98	-0.27	0.	4.5e-002	0.90391
99	-0.225	0.	4.5e-002	1.0266
100	-0.18	0.	4.5e-002	1.0829
101	-0.135	0.	4.5e-002	1.063
102	-9.e-002	0.	4.5e-002	0.88902
103	-4.5e-002	0.	4.5e-002	0.71958
104	0.	0.	4.5e-002	0.44551
105	-2.25e-002	0.	4.5e-002	0.5671
169	-2.25e-002	0.	-4.5e-002	0.50558
170	0.	0.	-4.5e-002	0.41729
171	-4.5e-002	0.	-4.5e-002	0.76052
172	-9.e-002	0.	-4.5e-002	0.88525
173	-0.135	0.	-4.5e-002	1.0629
174	-0.18	0.	-4.5e-002	1.0832
175	-0.225	0.	-4.5e-002	1.0525
176	-0.27	0.	-4.5e-002	0.91926
177	-0.315	0.	-4.5e-002	0.70595
178	-0.3375	0.	-4.5e-002	0.51609
179	-0.36	0.	-4.5e-002	0.39337
541	0.	0.	0.	0.35273
542	-0.36	0.	0.	0.34074
971	-4.5e-002	0.	0.	0.69341
972	-0.315	0.	0.	0.67242
973	-0.1125	0.	0.	1.0103
974	-0.2025	0.	0.	1.0867
2490	-0.34875	0.	4.5e-002	0.46516
2492	-0.36	0.	2.25e-002	0.35338
2497	-0.32625	0.	4.5e-002	0.62551
2499	-0.34875	0.	2.25e-002	0.42813
2500	-0.32625	0.	2.25e-002	0.59307
2503	-0.2925	0.	4.5e-002	0.81196
2505	-0.315	0.	2.25e-002	0.6945
2508	-0.2475	0.	4.5e-002	0.96503
2510	-0.27	0.	0.	0.9104
2511	-0.2925	0.	2.25e-002	0.78746
2514	-0.2025	0.	4.5e-002	1.0547
2516	-0.2475	0.	0.	0.97242
2517	-0.21375	0.	2.25e-002	1.0566
2519	-0.1575	0.	4.5e-002	1.0729
2521	-0.14625	0.	2.25e-002	1.0465
2522	-0.19125	0.	2.25e-002	1.0848
2525	-0.1125	0.	4.5e-002	0.97559
2527	-0.12375	0.	2.25e-002	1.0366
2529	-6.75e-002	0.	4.5e-002	0.80315
2531	-6.75e-002	0.	2.25e-002	0.78998
2532	-0.10125	0.	2.25e-002	0.94899
2534	-3.375e-002	0.	4.5e-002	0.64103
2536	-4.5e-002	0.	2.25e-002	0.70292
2539	-1.125e-002	0.	4.5e-002	0.50339
2541	0.	0.	2.25e-002	0.3808
2547	-1.125e-002	0.	2.25e-002	0.44915
2548	-3.375e-002	0.	2.25e-002	0.61949
2832	-1.125e-002	0.	-4.5e-002	0.44849
2833	-3.375e-002	0.	-4.5e-002	0.63014
2834	-1.125e-002	0.	-2.25e-002	0.42395
2835	-3.375e-002	0.	-2.25e-002	0.59225
2838	0.	0.	-2.25e-002	0.35794
2842	-6.75e-002	0.	-4.5e-002	0.8223
2843	-4.5e-002	0.	-2.25e-002	0.72535
2845	-0.1125	0.	-4.5e-002	0.97359
2846	-6.75e-002	0.	-2.25e-002	0.78869
2847	-0.10125	0.	-2.25e-002	0.947
2850	-0.1575	0.	-4.5e-002	1.073
2851	-0.12375	0.	-2.25e-002	1.0365
2853	-0.2025	0.	-4.5e-002	1.0677
2854	-0.14625	0.	-2.25e-002	1.0467
2855	-0.19125	0.	-2.25e-002	1.085
2858	-0.2475	0.	-4.5e-002	0.98588
2859	-0.21375	0.	-2.25e-002	1.0695
2861	-0.2925	0.	-4.5e-002	0.81055
2862	-0.2925	0.	-2.25e-002	0.79564
2863	-0.23625	0.	-2.25e-002	1.0028
2867	-0.32625	0.	-4.5e-002	0.60805
2868	-0.315	0.	-2.25e-002	0.68681
2871	-0.34875	0.	-4.5e-002	0.44956
2872	-0.34875	0.	-2.25e-002	0.41957
2873	-0.32625	0.	-2.25e-002	0.58451
2878	-0.36	0.	-2.25e-002	0.34747
5067	-2.25e-002	0.	0.	0.52143
5077	-0.3375	0.	0.	0.50471
7961	-7.875e-002	0.	0.	0.85154
7973	-0.1575	0.	0.	1.0484
64	-0.3375	0.	-5.625e-002	0.16386
65	-0.315	0.	-5.625e-002	0.11447
66	-0.27	0.	-5.625e-002	7.3682e-002
67	-0.225	0.	-5.625e-002	4.113e-002
68	-0.18	0.	-5.625e-002	2.4983e-002
69	-0.135	0.	-5.625e-002	4.0946e-002
70	-9.e-002	0.	-5.625e-002	7.4259e-002
71	-4.5e-002	0.	-5.625e-002	0.11538
72	-2.25e-002	0.	-5.625e-002	0.16284
73	-2.25e-002	0.	5.625e-002	0.16437
74	-4.5e-002	0.	5.625e-002	0.1157
75	-9.e-002	0.	5.625e-002	7.4422e-002
76	-0.135	0.	5.625e-002	4.0954e-002
77	-0.18	0.	5.625e-002	2.5121e-002
78	-0.225	0.	5.625e-002	4.0429e-002
79	-0.27	0.	5.625e-002	7.3174e-002
80	-0.315	0.	5.625e-002	0.1155
81	-0.3375	0.	5.625e-002	0.16367
82	0.	0.	5.625e-002	0.19559
83	0.	0.	6.75e-002	0.14701
84	-2.25e-002	0.	6.75e-002	0.13342
85	-4.5e-002	0.	6.75e-002	0.10466
86	-9.e-002	0.	6.75e-002	7.1608e-002
87	-0.135	0.	6.75e-002	4.6781e-002
88	-0.18	0.	6.75e-002	3.7553e-002
89	-0.225	0.	6.75e-002	4.6518e-002
90	-0.27	0.	6.75e-002	7.0316e-002
91	-0.315	0.	6.75e-002	0.10457
92	-0.3375	0.	6.75e-002	0.13278
93	-0.36	0.	5.625e-002	0.19407
94	-0.36	0.	6.75e-002	0.14557
95	-0.36	0.	4.5e-002	0.24284
96	-0.3375	0.	4.5e-002	0.19489
97	-0.315	0.	4.5e-002	0.12702
98	-0.27	0.	4.5e-002	7.8291e-002
99	-0.225	0.	4.5e-002	3.7751e-002
100	-0.18	0.	4.5e-002	1.2689e-002
101	-0.135	0.	4.5e-002	3.8417e-002
102	-9.e-002	0.	4.5e-002	7.9475e-002
103	-4.5e-002	0.	4.5e-002	0.12732
104	0.	0.	4.5e-002	0.24444
105	-2.25e-002	0.	4.5e-002	0.19565
169	-2.25e-002	0.	-4.5e-002	0.19417
170	0.	0.	-4.5e-002	0.24258
171	-4.5e-002	0.	-4.5e-002	0.1268
172	-9.e-002	0.	-4.5e-002	7.9173e-002
173	-0.135	0.	-4.5e-002	3.8357e-002
174	-0.18	0.	-4.5e-002	1.262e-002
175	-0.225	0.	-4.5e-002	3.8484e-002
176	-0.27	0.	-4.5e-002	7.8648e-002
177	-0.315	0.	-4.5e-002	0.12625
178	-0.3375	0.	-4.5e-002	0.19514
179	-0.36	0.	-4.5e-002	0.24424
273	-0.3375	0.	-6.75e-002	0.1329
274	-0.36	0.	-6.75e-002	0.14709
275	-0.315	0.	-6.75e-002	0.10326
276	-0.27	0.	-6.75e-002	7.1017e-002
277	-0.225	0.	-6.75e-002	4.7071e-002
278	-0.18	0.	-6.75e-002	3.7347e-002
279	-0.135	0.	-6.75e-002	4.6842e-002
280	-9.e-002	0.	-6.75e-002	7.1579e-002
281	-4.5e-002	0.	-6.75e-002	0.10455
282	-2.25e-002	0.	-6.75e-002	0.13188
283	0.	0.	-6.75e-002	0.14468
293	-0.36	0.	-5.625e-002	0.19551
297	0.	0.	-5.625e-002	0.19348
2362	-0.32625	0.	-5.625e-002	0.13819
2363	-0.3375	0.	-5.0625e-002	0.17947
2364	-0.3375	0.	-6.1875e-002	0.14832
2365	-0.34875	0.	-5.625e-002	0.17927
2366	-0.2925	0.	-5.625e-002	9.3806e-002
2367	-0.315	0.	-5.0625e-002	0.1203
2368	-0.315	0.	-6.1875e-002	0.10878
2369	-0.2475	0.	-5.625e-002	5.6664e-002
2370	-0.27	0.	-5.0625e-002	7.5901e-002
2371	-0.27	0.	-6.1875e-002	7.2041e-002
2372	-0.2025	0.	-5.625e-002	2.9758e-002
2373	-0.225	0.	-5.0625e-002	3.9334e-002
2374	-0.225	0.	-6.1875e-002	4.3755e-002
2375	-0.1575	0.	-5.625e-002	2.9665e-002
2376	-0.18	0.	-5.0625e-002	1.8801e-002
2377	-0.18	0.	-6.1875e-002	3.1165e-002
2378	-0.1125	0.	-5.625e-002	5.6835e-002
2379	-0.135	0.	-5.0625e-002	3.9177e-002
2380	-0.135	0.	-6.1875e-002	4.3546e-002
2381	-6.75e-002	0.	-5.625e-002	9.4572e-002
2382	-9.e-002	0.	-5.0625e-002	7.6459e-002
2383	-9.e-002	0.	-6.1875e-002	7.2619e-002
2384	-3.375e-002	0.	-5.625e-002	0.13813
2385	-4.5e-002	0.	-5.0625e-002	0.12102
2386	-4.5e-002	0.	-6.1875e-002	0.10988
2387	-2.25e-002	0.	-5.0625e-002	0.17847
2388	-2.25e-002	0.	-6.1875e-002	0.1473
2389	-1.125e-002	0.	-5.625e-002	0.17773
2390	-3.375e-002	0.	5.625e-002	0.13906
2391	-1.125e-002	0.	5.625e-002	0.17956
2392	-2.25e-002	0.	6.1875e-002	0.14884
2393	-2.25e-002	0.	5.0625e-002	0.17998
2394	-6.75e-002	0.	5.625e-002	9.4807e-002
2395	-4.5e-002	0.	6.1875e-002	0.1101
2396	-4.5e-002	0.	5.0625e-002	0.12144
2397	-0.1125	0.	5.625e-002	5.6932e-002
2398	-9.e-002	0.	6.1875e-002	7.2714e-002
2399	-9.e-002	0.	5.0625e-002	7.6692e-002
2400	-0.1575	0.	5.625e-002	2.9662e-002
2401	-0.135	0.	6.1875e-002	4.3522e-002
2402	-0.135	0.	5.0625e-002	3.9215e-002
2403	-0.2025	0.	5.625e-002	2.9645e-002
2404	-0.18	0.	6.1875e-002	3.1337e-002
2405	-0.18	0.	5.0625e-002	1.8905e-002
2406	-0.2475	0.	5.625e-002	5.5978e-002
2407	-0.225	0.	6.1875e-002	4.3118e-002
2408	-0.225	0.	5.0625e-002	3.8598e-002
2409	-0.2925	0.	5.625e-002	9.4075e-002
2410	-0.27	0.	6.1875e-002	7.1441e-002
2411	-0.27	0.	5.0625e-002	7.5474e-002
2412	-0.32625	0.	5.625e-002	0.13865
2413	-0.315	0.	6.1875e-002	0.10995
2414	-0.315	0.	5.0625e-002	0.1212
2415	-0.3375	0.	6.1875e-002	0.14817
2416	-0.34875	0.	5.625e-002	0.17846
2417	-0.3375	0.	5.0625e-002	0.17925
2418	0.	0.	6.1875e-002	0.17125
2419	0.	0.	5.0625e-002	0.21999
2422	-1.125e-002	0.	6.75e-002	0.13985
2428	-3.375e-002	0.	6.75e-002	0.11802
2434	-6.75e-002	0.	6.75e-002	8.7456e-002
2439	-0.1125	0.	6.75e-002	5.8015e-002
2445	-0.1575	0.	6.75e-002	3.9734e-002
2452	-0.2025	0.	6.75e-002	3.9832e-002
2458	-0.2475	0.	6.75e-002	5.7138e-002
2464	-0.2925	0.	6.75e-002	8.6734e-002
2468	-0.32625	0.	6.75e-002	0.1177
2476	-0.34875	0.	6.75e-002	0.13882
2480	-0.36	0.	6.1875e-002	0.16977
2481	-0.36	0.	5.0625e-002	0.21843
2490	-0.34875	0.	4.5e-002	0.21843
2497	-0.32625	0.	4.5e-002	0.16013
2503	-0.2925	0.	4.5e-002	0.10262
2508	-0.2475	0.	4.5e-002	5.7757e-002
2514	-0.2025	0.	4.5e-002	2.1893e-002
2519	-0.1575	0.	4.5e-002	2.2005e-002
2525	-0.1125	0.	4.5e-002	5.8702e-002
2529	-6.75e-002	0.	4.5e-002	0.10336
2534	-3.375e-002	0.	4.5e-002	0.16062
2539	-1.125e-002	0.	4.5e-002	0.21959
2832	-1.125e-002	0.	-4.5e-002	0.21791
2833	-3.375e-002	0.	-4.5e-002	0.1596
2837	0.	0.	-5.0625e-002	0.218
2842	-6.75e-002	0.	-4.5e-002	0.10296
2845	-0.1125	0.	-4.5e-002	5.8518e-002
2850	-0.1575	0.	-4.5e-002	2.2038e-002
2853	-0.2025	0.	-4.5e-002	2.2113e-002
2858	-0.2475	0.	-4.5e-002	5.8323e-002
2861	-0.2925	0.	-4.5e-002	0.10242
2867	-0.32625	0.	-4.5e-002	0.15982
2871	-0.34875	0.	-4.5e-002	0.21923
2877	-0.36	0.	-5.0625e-002	0.21985
3475	-0.34875	0.	-6.75e-002	0.13966
3476	-0.32625	0.	-6.75e-002	0.11706
3482	-0.36	0.	-6.1875e-002	0.17124
3487	-0.2925	0.	-6.75e-002	8.6415e-002
3491	-0.2475	0.	-6.75e-002	5.7904e-002
3496	-0.2025	0.	-6.75e-002	3.9822e-002
3501	-0.1575	0.	-6.75e-002	3.9716e-002
3506	-0.1125	0.	-6.75e-002	5.8011e-002
3511	-6.75e-002	0.	-6.75e-002	8.7407e-002
3516	-3.375e-002	0.	-6.75e-002	0.11722
3521	-1.125e-002	0.	-6.75e-002	0.13791
3525	0.	0.	-6.1875e-002	0.16902
170	0.	0.	-4.5e-002	0.18056
179	-0.36	0.	-4.5e-002	0.18719
273	-0.3375	0.	-6.75e-002	9.7252e-002
274	-0.36	0.	-6.75e-002	0.1106
275	-0.315	0.	-6.75e-002	8.013e-002
276	-0.27	0.	-6.75e-002	5.7319e-002
277	-0.225	0.	-6.75e-002	4.3443e-002
278	-0.18	0.	-6.75e-002	3.713e-002
279	-0.135	0.	-6.75e-002	4.2622e-002
280	-9.e-002	0.	-6.75e-002	5.7855e-002
281	-4.5e-002	0.	-6.75e-002	7.4891e-002
282	-2.25e-002	0.	-6.75e-002	9.7268e-002
283	0.	0.	-6.75e-002	8.8465e-002
293	-0.36	0.	-5.625e-002	0.15691
297	0.	0.	-5.625e-002	0.15528
364	1.	0.	-9.7045e-002	3.325e-004
365	1.	0.	-0.19409	2.9777e-004
366	1.	0.	-0.29114	2.6452e-004
367	1.	0.	-0.38818	2.3743e-004
368	1.	0.	-0.48523	1.7851e-004
369	1.	0.	-0.58227	1.4697e-004
370	1.	0.	-0.67932	1.1421e-004
371	1.	0.	-0.77636	7.6221e-005
372	1.	0.	-0.87341	4.7713e-005
373	1.	0.	-0.97045	2.7468e-005
384	0.90167	0.	-1.0675	2.5471e-005
385	0.80333	0.	-1.0675	4.5727e-005
386	0.705	0.	-1.0675	6.8747e-005
387	0.60667	0.	-1.0675	9.3404e-005
388	0.50833	0.	-1.0675	1.189e-004
389	0.41	0.	-1.0675	1.3197e-004
390	0.31167	0.	-1.0675	1.416e-004
391	0.21333	0.	-1.0675	1.3857e-004
392	0.115	0.	-1.0675	1.208e-004
393	1.6667e-002	0.	-1.0675	9.4269e-005
394	-8.1667e-002	0.	-1.0675	5.233e-005
395	-0.18	0.	-1.0675	2.9858e-005
396	-0.27833	0.	-1.0675	5.3164e-005
397	-0.37667	0.	-1.0675	9.1894e-005
398	-0.475	0.	-1.0675	1.2967e-004
399	-0.57333	0.	-1.0675	1.4272e-004
400	-0.67167	0.	-1.0675	1.3335e-004
401	-0.77	0.	-1.0675	1.3105e-004
402	-0.86833	0.	-1.0675	1.1681e-004
403	-0.96667	0.	-1.0675	8.9756e-005
404	-1.065	0.	-1.0675	7.8527e-005
405	-1.1633	0.	-1.0675	5.1469e-005
406	-1.2617	0.	-1.0675	2.1112e-005
412	-1.36	0.	-0.97045	2.1357e-005
413	-1.36	0.	-0.87341	5.3045e-005
414	-1.36	0.	-0.77636	8.1568e-005
415	-1.36	0.	-0.67932	1.0722e-004
416	-1.36	0.	-0.58227	1.451e-004
417	-1.36	0.	-0.48523	1.966e-004
418	-1.36	0.	-0.38818	2.2538e-004
419	-1.36	0.	-0.29114	2.6872e-004
420	-1.36	0.	-0.19409	3.0525e-004
421	-1.36	0.	-9.7045e-002	3.2177e-004
427	0.1	0.	0.	3.6806e-002
428	0.2	0.	0.	9.1437e-003
429	0.3	0.	0.	2.9862e-003
430	0.4	0.	0.	1.9718e-003
431	0.5	0.	0.	1.2467e-003
432	0.6	0.	0.	8.3819e-004
433	0.7	0.	0.	5.7348e-004
434	0.8	0.	0.	4.1718e-004
435	0.9	0.	0.	3.5397e-004
436	-1.26	0.	0.	3.4474e-004
437	-1.16	0.	0.	4.1953e-004
438	-1.06	0.	0.	6.0448e-004
439	-0.96	0.	0.	7.8905e-004
440	-0.86	0.	0.	1.2515e-003
441	-0.76	0.	0.	2.3699e-003
442	-0.66	0.	0.	4.2901e-003
443	-0.56	0.	0.	8.5098e-003
444	-0.46	0.	0.	3.7602e-002
541	0.	0.	0.	0.19135
542	-0.36	0.	0.	0.18356
547	1.	0.	-1.0675	1.3862e-005
548	1.	0.	0.	3.2881e-004
549	-1.36	0.	-1.0675	1.2141e-005
550	-1.36	0.	0.	3.2887e-004
719	0.12084	0.	-0.39916	1.7903e-003
720	-0.53584	0.	-0.73895	3.2617e-004
721	-0.48829	0.	-0.41184	1.8004e-003
722	0.56722	0.	-0.47516	4.2898e-004
723	-0.22722	0.	-0.58359	6.035e-004
724	-0.40011	0.	-0.23814	7.9394e-003
725	5.2816e-002	0.	-0.24501	7.2383e-003
726	-0.96984	0.	-0.6232	2.4757e-004
727	0.22166	0.	-0.75064	3.0731e-004
728	-0.17539	0.	-0.2295	8.1394e-003
729	-0.71389	0.	-0.50527	7.0777e-004
730	-0.14858	0.	-0.80692	2.0146e-004
731	-0.20285	0.	-0.38887	2.0322e-003
732	-1.0209	0.	-0.29113	4.8646e-004
733	-7.4281e-003	0.	-0.66522	4.0975e-004
734	0.6162	0.	-0.77386	1.6187e-004
735	0.20259	0.	-0.26722	3.5338e-003
736	-9.5892e-002	0.	-0.11094	3.8019e-002
737	-0.22046	0.	-0.1844	1.3306e-002
738	0.2566	0.	-0.45088	1.1288e-003
739	-0.70017	0.	-0.16064	2.404e-003
740	-0.11513	0.	-0.3578	2.7863e-003
741	0.581	0.	-0.31937	6.1092e-004
742	-0.37731	0.	-0.12306	3.55e-002
743	3.463e-002	0.	-0.17861	1.4516e-002
744	-4.8056e-002	0.	-0.54898	8.4688e-004
745	-0.9345	0.	-0.79781	1.5452e-004
746	-0.38627	0.	-0.79214	2.2386e-004
747	-1.2217	0.	-0.82118	7.6616e-005
748	0.45856	0.	-0.29053	1.029e-003
749	-0.44921	0.	-0.50662	1.0189e-003
750	0.71145	0.	-0.53862	2.4153e-004
751	-0.10814	0.	-0.21092	1.1379e-002
752	-0.33513	0.	-0.2926	5.0786e-003
753	0.33684	0.	-0.6559	3.7766e-004
754	0.37021	0.	-0.80615	2.07e-004
755	0.12951	0.	-0.51961	9.2278e-004
756	-4.3571e-002	0.	-0.76478	2.3269e-004
757	0.78069	0.	-0.2298	3.72e-004
758	-0.32941	0.	-0.46102	1.4679e-003
759	-1.1398	0.	-0.55854	1.965e-004
760	-0.673	0.	-0.94345	1.5455e-004
761	-0.57984	0.	-0.25481	3.2875e-003
762	-0.69593	0.	-0.33684	1.3324e-003
763	-0.84495	0.	-0.23664	1.1163e-003
764	-0.85041	0.	-0.39744	6.6745e-004
765	0.86794	0.	-0.76356	9.4689e-005
766	0.3013	0.	-0.13361	3.9203e-003
767	0.18163	0.	-0.16503	6.7605e-003
768	0.1222	0.	-0.10009	1.5526e-002
769	6.5023e-002	0.	-0.1083	3.3173e-002
770	-2.0589e-004	0.	-0.3707	2.6114e-003
771	-0.15136	0.	-0.14604	2.4734e-002
772	-0.38032	0.	-0.94011	1.2677e-004
773	2.7642e-003	0.	-0.11997	3.7978e-002
774	0.153	0.	-0.91719	1.6014e-004
775	-0.31931	0.	-0.67989	4.0252e-004
776	-1.2086	0.	-0.25347	3.3061e-004
777	-0.76216	0.	-0.79286	2.2326e-004
778	-5.0354e-002	0.	-0.30039	4.9558e-003
779	-7.4385e-002	0.	-0.44767	1.4465e-003
780	-0.49867	0.	-0.1	1.4904e-002
781	-0.43311	0.	-9.5367e-002	3.211e-002
782	0.47549	0.	-0.71641	2.3499e-004
783	-0.25786	0.	-0.25384	7.4299e-003
784	-0.96254	0.	-0.94408	1.0555e-004
785	0.4088	0.	-0.46989	7.0074e-004
786	-0.19438	0.	-0.6925	3.0593e-004
787	-0.58889	0.	-0.45305	1.0722e-003
788	0.5342	0.	-0.15377	1.0562e-003
789	-0.57556	0.	-0.5787	5.8578e-004
790	-0.51172	0.	-0.90778	1.9657e-004
791	0.8133	0.	-0.92217	6.3033e-005
792	-1.0852	0.	-0.72303	1.5769e-004
793	0.86436	0.	-0.45022	2.177e-004
794	0.31751	0.	-0.2597	1.8592e-003
795	0.42107	0.	-0.96442	1.3879e-004
796	-0.19082	0.	-0.30361	4.1588e-003
797	-0.81989	0.	-0.92377	1.5042e-004
798	-0.26648	0.	-0.34039	3.3882e-003
799	-1.0031	0.	-0.47818	3.4936e-004
800	-3.7823e-002	0.	-0.18681	1.656e-002
801	3.0333e-003	0.	-0.9644	1.0609e-004
802	-0.32495	0.	-0.22905	9.4257e-003
803	0.59021	0.	-0.63554	2.7118e-004
804	-0.95626	0.	-0.11541	7.6586e-004
805	-0.44182	0.	-0.64157	5.2473e-004
806	2.7917e-002	0.	-0.47491	1.2754e-003
807	-0.38546	0.	-7.3853e-002	7.9062e-002
808	-1.1538	0.	-0.40523	2.837e-004
809	0.65179	0.	-0.92618	9.6517e-005
810	-0.31933	0.	-0.10917	4.4943e-002
811	-0.14517	0.	-0.51471	1.0012e-003
812	-0.83889	0.	-0.55748	3.9436e-004
813	6.9545e-002	0.	-0.77866	2.5297e-004
814	0.11238	0.	-0.63694	5.2608e-004
815	0.45093	0.	-0.58156	4.0824e-004
816	-0.33039	0.	-0.56287	7.3483e-004
817	2.3482e-002	0.	-7.4232e-002	7.105e-002
818	0.67064	0.	-0.22308	5.8903e-004
819	-0.51934	0.	-0.19214	6.9771e-003
820	-0.12122	0.	-0.62074	5.4214e-004
821	-0.33635	0.	-0.37537	2.6086e-003
822	0.28412	0.	-0.93259	1.6956e-004
823	0.72762	0.	-0.36695	3.6182e-004
824	0.23051	0.	-0.58262	5.891e-004
825	-0.58197	0.	-0.14275	5.4127e-003
826	-1.2388	0.	-0.68432	1.1995e-004
827	0.8788	0.	-0.59707	1.4758e-004
828	-0.25198	0.	-0.12462	3.0221e-002
829	-0.23352	0.	-0.48123	1.3236e-003
830	0.87118	0.	-0.13806	3.5155e-004
831	-0.14899	0.	-0.94249	8.4046e-005
832	-0.70048	0.	-0.66574	3.6242e-004
833	-0.42776	0.	-0.3276	3.2931e-003
834	7.7917e-002	0.	-0.3175	3.3546e-003
835	-0.11758	0.	-0.27341	5.3077e-003
836	-4.9221e-002	0.	-0.13068	3.7363e-002
837	0.40384	0.	-0.18356	1.7144e-003
838	-2.3443e-002	0.	-9.3479e-002	6.6258e-002
839	-1.2407	0.	-0.11473	3.4392e-004
840	-0.8203	0.	-0.10958	1.7174e-003
841	-0.26569	0.	-0.86802	1.1885e-004
842	0.52924	0.	-0.85448	1.5823e-004
843	0.33673	0.	-0.54817	5.6755e-004
844	-0.10303	0.	-0.71003	3.0052e-004
845	0.72309	0.	-0.68838	1.5016e-004
846	-0.3567	0.	-0.1756	1.7127e-002
847	3.8375e-002	0.	-0.57913	7.3344e-004
848	-0.83966	0.	-0.68032	2.5253e-004
849	0.12727	0.	-0.25069	5.8251e-003
850	-1.1022	0.	-0.8974	8.6526e-005
851	-1.234	0.	-0.95194	3.7663e-005
852	0.89202	0.	-0.30383	2.848e-004
853	-0.28085	0.	-0.18441	1.52e-002
854	-0.43763	0.	-0.16975	1.2823e-002
855	-1.1045	0.	-0.13858	4.6448e-004
856	1.1756e-002	0.	-0.2975	4.9643e-003
857	0.15192	0.	-0.32221	2.9463e-003
858	-8.8163e-002	0.	-0.1581	2.13e-002
859	-0.20507	0.	-0.1284	2.5499e-002
860	0.40763	0.	-8.0204e-002	1.8616e-003
861	-0.24915	0.	-0.76865	2.3127e-004
862	-0.27372	0.	-0.40938	1.9965e-003
863	0.93302	0.	-0.85944	5.4178e-005
864	0.54342	0.	-0.97602	1.1705e-004
865	0.22792	0.	-0.34915	1.9264e-003
866	-9.4562e-003	0.	-0.24274	7.5469e-003
867	-0.15175	0.	-0.4343	1.6401e-003
868	-0.47918	0.	-0.25049	5.6148e-003
869	-0.57323	0.	-0.35298	2.1715e-003
870	0.36904	0.	-0.37435	1.0522e-003
871	-0.40236	0.	-0.41894	1.6868e-003
872	-0.26701	0.	-0.96681	5.5098e-005
873	0.72738	0.	-0.82214	1.0538e-004
874	0.48098	0.	-0.38753	7.1602e-004
875	-1.2696	0.	-0.36257	2.4938e-004
876	-0.63736	0.	-0.80661	2.4625e-004
877	0.64937	0.	-9.8782e-002	6.6154e-004
878	0.74202	0.	-0.11706	4.892e-004
879	9.2897e-002	0.	-0.17719	1.2907e-002
880	-6.8116e-002	0.	-0.86743	1.3981e-004
881	-6.4244e-002	0.	-0.24178	7.4263e-003
882	-0.35945	0.	-8.9957e-002	7.3281e-002
883	-1.2692	0.	-0.49692	1.8153e-004
884	-6.1607e-002	0.	-9.5813e-002	5.6337e-002
1374	-0.39722	0.	-2.717e-002	0.10652
1375	-0.41494	0.	-4.5322e-002	5.4684e-002
1376	-0.37764	0.	-5.4279e-002	0.12546
1380	1.5343e-002	0.	-5.5175e-002	0.12396
1381	5.3237e-002	0.	-4.7438e-002	5.8953e-002
1382	3.734e-002	0.	-2.7836e-002	0.105
2837	0.	0.	-5.0625e-002	0.16526
2838	0.	0.	-2.25e-002	0.18306
2839	7.6716e-003	0.	-5.0087e-002	0.15087
2840	1.867e-002	0.	-3.6418e-002	0.14218
2877	-0.36	0.	-5.0625e-002	0.16941
2878	-0.36	0.	-2.25e-002	0.18182
2879	-0.37861	0.	-3.6085e-002	0.14602
2880	-0.36882	0.	-4.964e-002	0.15508
3475	-0.34875	0.	-6.75e-002	0.10241
3476	-0.32625	0.	-6.75e-002	8.7958e-002
3477	-0.32841	0.	-8.8333e-002	7.0807e-002
3478	-0.34848	0.	-7.8729e-002	8.4861e-002
3482	-0.36	0.	-6.1875e-002	0.1314
3483	-0.37273	0.	-7.0676e-002	9.3761e-002
3484	-0.35973	0.	-7.8729e-002	9.1669e-002
3485	-0.36882	0.	-6.089e-002	0.11447
3487	-0.2925	0.	-6.75e-002	6.7831e-002
3488	-0.31716	0.	-8.8333e-002	6.2484e-002
3491	-0.2475	0.	-6.75e-002	4.9296e-002
3492	-0.29466	0.	-8.8333e-002	5.0181e-002
3493	-0.26099	0.	-9.6062e-002	4.355e-002
3496	-0.2025	0.	-6.75e-002	3.8817e-002
3497	-0.23849	0.	-9.6062e-002	3.6636e-002
3498	-0.21504	0.	-9.795e-002	3.4091e-002
3501	-0.1575	0.	-6.75e-002	3.8319e-002
3502	-0.16568	0.	-0.10677	3.0316e-002
3503	-0.19254	0.	-9.795e-002	3.1101e-002
3506	-0.1125	0.	-6.75e-002	4.9204e-002
3507	-0.11545	0.	-8.9219e-002	3.9743e-002
3508	-0.14318	0.	-0.10677	3.3581e-002
3511	-6.75e-002	0.	-6.75e-002	6.5507e-002
3512	-9.2946e-002	0.	-8.9219e-002	4.7874e-002
3513	-7.5803e-002	0.	-8.1657e-002	5.6644e-002
3516	-3.375e-002	0.	-6.75e-002	8.5628e-002
3517	-3.4222e-002	0.	-8.0489e-002	7.014e-002
3518	-5.3303e-002	0.	-8.1657e-002	6.5384e-002
3521	-1.125e-002	0.	-6.75e-002	9.1559e-002
3522	-2.2972e-002	0.	-8.0489e-002	8.1555e-002
3525	0.	0.	-6.1875e-002	0.11906
3526	1.3821e-003	0.	-9.3735e-002	6.3081e-002
3527	1.1741e-002	0.	-7.0866e-002	7.9135e-002
3528	-1.1722e-002	0.	-8.0489e-002	7.5846e-002
3529	7.6716e-003	0.	-6.1337e-002	0.1026
3600	-0.36882	0.	-5.5265e-002	0.1409
3611	7.6716e-003	0.	-5.5712e-002	0.13935
4046	1.	0.	-0.14557	3.1511e-004
4048	0.95	0.	-4.8523e-002	3.4322e-004
4049	1.	0.	-4.8523e-002	3.3062e-004
4050	0.93559	0.	-0.11755	3.4189e-004
4053	1.	0.	-0.24261	2.8114e-004
4054	0.93559	0.	-0.16608	3.2461e-004
4055	0.94601	0.	-0.24896	2.9098e-004
4059	1.	0.	-0.33966	2.5083e-004
4060	0.94601	0.	-0.29748	2.7443e-004
4062	1.	0.	-0.4367	2.0795e-004
4063	0.93218	0.	-0.4192	2.2722e-004
4064	0.94601	0.	-0.34601	2.6109e-004
4068	1.	0.	-0.53375	1.6274e-004
4069	0.93218	0.	-0.46772	1.9787e-004
4070	0.9394	0.	-0.54115	1.626e-004
4074	1.	0.	-0.6308	1.3059e-004
4075	0.9394	0.	-0.58967	1.4683e-004
4077	1.	0.	-0.72784	9.5202e-005
4078	0.93397	0.	-0.72144	1.0324e-004
4079	0.9394	0.	-0.6382	1.3055e-004
4082	1.	0.	-0.82489	6.1956e-005
4083	0.93397	0.	-0.76996	8.4688e-005
4084	0.96651	0.	-0.8179	6.4979e-005
4087	1.	0.	-0.92193	3.6795e-005
4088	0.96651	0.	-0.86643	5.0679e-005
4092	0.95083	0.	-1.019	2.5701e-005
4093	1.	0.	-1.019	2.0551e-005
4094	0.90665	0.	-0.94631	4.4611e-005
4095	0.96651	0.	-0.91495	4.0591e-005
4162	0.8525	0.	-1.0675	3.5368e-005
4163	0.95083	0.	-1.0675	1.9512e-005
4164	0.85748	0.	-0.99484	4.419e-005
4167	0.75417	0.	-1.0675	5.7135e-005
4168	0.80832	0.	-0.99484	5.3559e-005
4172	0.65583	0.	-1.0675	8.1051e-005
4173	0.75915	0.	-0.99484	6.4059e-005
4174	0.6784	0.	-0.99684	8.2378e-005
4176	0.5575	0.	-1.0675	1.061e-004
4177	0.62923	0.	-0.99684	9.4459e-005
4178	0.57504	0.	-1.0218	1.0522e-004
4181	0.45917	0.	-1.0675	1.2543e-004
4182	0.4647	0.	-1.016	1.2881e-004
4183	0.52588	0.	-1.0218	1.1788e-004
4186	0.36083	0.	-1.0675	1.3677e-004
4187	0.41554	0.	-1.016	1.3532e-004
4189	0.2625	0.	-1.0675	1.4002e-004
4190	0.36637	0.	-1.016	1.4009e-004
4191	0.29789	0.	-1.	1.5558e-004
4196	0.16417	0.	-1.0675	1.2964e-004
4197	0.18317	0.	-0.99235	1.4919e-004
4198	0.24873	0.	-1.	1.5401e-004
4202	6.5833e-002	0.	-1.0675	1.0749e-004
4203	0.134	0.	-0.99235	1.4043e-004
4204	5.9017e-002	0.	-1.0159	1.118e-004
4206	-3.25e-002	0.	-1.0675	7.1883e-005
4207	9.85e-003	0.	-1.0159	9.9163e-005
4210	-0.13083	0.	-1.0675	3.6588e-005
4211	-3.9317e-002	0.	-1.0159	7.9061e-005
4212	-0.11533	0.	-1.005	6.3548e-005
4216	-0.22917	0.	-1.0675	3.4446e-005
4217	-0.1645	0.	-1.005	5.6385e-005
4218	-0.2235	0.	-1.0172	3.9325e-005
4221	-0.3275	0.	-1.0675	7.2269e-005
4222	-0.27267	0.	-1.0172	5.2903e-005
4226	-0.42583	0.	-1.0675	1.105e-004
4227	-0.37849	0.	-1.0038	1.0903e-004
4228	-0.32184	0.	-1.0172	7.0639e-005
4232	-0.52417	0.	-1.0675	1.3615e-004
4233	-0.42766	0.	-1.0038	1.2682e-004
4234	-0.49336	0.	-0.98764	1.6291e-004
4236	-0.6225	0.	-1.0675	1.3795e-004
4237	-0.62317	0.	-1.0055	1.4848e-004
4238	-0.54253	0.	-0.98764	1.6932e-004
4242	-0.72083	0.	-1.0675	1.3215e-004
4243	-0.67233	0.	-1.0055	1.439e-004
4246	-0.81917	0.	-1.0675	1.2391e-004
4247	-0.7215	0.	-1.0055	1.4277e-004
4248	-0.79494	0.	-0.99563	1.404e-004
4252	-0.9175	0.	-1.0675	1.0323e-004
4253	-0.91544	0.	-1.0058	1.1093e-004
4254	-0.84411	0.	-0.99563	1.3336e-004
4256	-1.0158	0.	-1.0675	8.4088e-005
4257	-0.9646	0.	-1.0058	9.7585e-005
4262	-1.1142	0.	-1.0675	6.4991e-005
4263	-1.0138	0.	-1.0058	9.2029e-005
4264	-1.0836	0.	-0.98245	8.1424e-005
4267	-1.2125	0.	-1.0675	3.6023e-005
4268	-1.1328	0.	-0.98245	6.821e-005
4269	-1.1987	0.	-1.0097	4.3416e-005
4273	-1.3108	0.	-1.019	2.041e-005
4274	-1.3108	0.	-1.0675	1.6474e-005
4275	-1.2479	0.	-1.0097	2.9258e-005
4307	-1.36	0.	-0.92193	3.7066e-005
4308	-1.36	0.	-1.019	1.66e-005
4309	-1.297	0.	-0.9612	2.9056e-005
4311	-1.36	0.	-0.82489	6.7127e-005
4312	-1.2909	0.	-0.84729	6.459e-005
4313	-1.297	0.	-0.91267	4.3689e-005
4317	-1.36	0.	-0.72784	9.4386e-005
4318	-1.2909	0.	-0.79877	7.8057e-005
4319	-1.2994	0.	-0.73034	1.0057e-004
4321	-1.36	0.	-0.6308	1.2611e-004
4322	-1.2994	0.	-0.68182	1.1327e-004
4325	-1.36	0.	-0.53375	1.7083e-004
4326	-1.2994	0.	-0.63329	1.3184e-004
4327	-1.3146	0.	-0.53959	1.6312e-004
4330	-1.36	0.	-0.4367	2.1096e-004
4331	-1.3146	0.	-0.49107	1.8891e-004
4335	-1.36	0.	-0.33966	2.4703e-004
4336	-1.3148	0.	-0.37537	2.3729e-004
4337	-1.3146	0.	-0.44255	2.0316e-004
4340	-1.36	0.	-0.24261	2.8693e-004
4341	-1.2843	0.	-0.2723	2.9936e-004
4342	-1.3148	0.	-0.32685	2.5895e-004
4346	-1.36	0.	-0.14557	3.1349e-004
4347	-1.2843	0.	-0.22378	3.1727e-004
4348	-1.3003	0.	-0.15441	3.2453e-004
4351	-1.31	0.	-4.8523e-002	3.3325e-004
4352	-1.36	0.	-4.8523e-002	3.2531e-004
4353	-1.3003	0.	-0.10589	3.3276e-004
4395	0.15	0.	0.	2.2955e-002
4396	5.e-002	0.	0.	0.11408
4398	0.1111	0.	-5.0043e-002	2.5612e-002
4404	7.6618e-002	0.	-2.3719e-002	4.6779e-002
4405	6.867e-002	0.	-1.3918e-002	7.0678e-002
4412	0.25	0.	0.	6.0613e-003
4415	0.25065	0.	-6.6806e-002	6.4964e-003
4416	0.19081	0.	-8.2515e-002	7.683e-003
4417	0.1611	0.	-5.0043e-002	1.2059e-002
4423	0.35	0.	0.	2.4687e-003
4426	0.30065	0.	-6.6806e-002	3.4138e-003
4427	0.35382	0.	-4.0102e-002	2.4204e-003
4433	0.45	0.	0.	1.6068e-003
4435	0.40382	0.	-4.0102e-002	1.9081e-003
4439	0.55	0.	0.	1.0422e-003
4442	0.5171	0.	-7.6886e-002	1.1429e-003
4443	0.45382	0.	-4.0102e-002	1.5513e-003
4448	0.65	0.	0.	7.0552e-004
4451	0.5671	0.	-7.6886e-002	9.3874e-004
4452	0.62469	0.	-4.9391e-002	7.4851e-004
4458	0.75	0.	0.	4.951e-004
4461	0.67469	0.	-4.9391e-002	6.1647e-004
4462	0.72101	0.	-5.8529e-002	5.3067e-004
4464	0.85	0.	0.	3.8549e-004
4467	0.83559	0.	-6.9031e-002	3.8414e-004
4468	0.77101	0.	-5.8529e-002	4.5262e-004
4475	0.95	0.	0.	3.4138e-004
4477	0.88559	0.	-6.9031e-002	3.525e-004
4482	-1.21	0.	0.	3.8194e-004
4484	-1.31	0.	0.	3.368e-004
4486	-1.2503	0.	-5.7367e-002	3.4424e-004
4488	-1.11	0.	0.	5.1163e-004
4491	-1.2003	0.	-5.7367e-002	3.8165e-004
4492	-1.1322	0.	-6.929e-002	4.4125e-004
4499	-1.01	0.	0.	6.9632e-004
4502	-1.0081	0.	-5.7705e-002	6.8232e-004
4503	-1.0822	0.	-6.929e-002	5.3386e-004
4506	-0.91	0.	0.	1.0192e-003
4509	-0.95813	0.	-5.7705e-002	7.734e-004
4514	-0.81	0.	0.	1.8087e-003
4518	-0.90813	0.	-5.7705e-002	1.0065e-003
4519	-0.84015	0.	-5.4788e-002	1.4789e-003
4525	-0.71	0.	0.	3.3235e-003
4527	-0.73008	0.	-8.0319e-002	2.3422e-003
4528	-0.79015	0.	-5.4788e-002	2.0369e-003
4532	-0.61	0.	0.	6.3999e-003
4535	-0.68008	0.	-8.0319e-002	3.3067e-003
4536	-0.62098	0.	-7.1376e-002	4.7615e-003
4543	-0.51	0.	0.	2.3054e-002
4546	-0.52934	0.	-5.0001e-002	1.1481e-002
4547	-0.57098	0.	-7.1376e-002	6.8399e-003
4553	-0.41	0.	0.	0.11046
4555	-0.47934	0.	-5.0001e-002	2.5784e-002
4558	-0.42861	0.	-1.3585e-002	7.1884e-002
4559	-0.43747	0.	-2.2661e-002	4.5412e-002
5069	1.867e-002	0.	-1.3918e-002	0.14772
5078	-0.37861	0.	-1.3585e-002	0.14451
6094	0.18872	0.	-0.42502	1.4448e-003
6095	0.12517	0.	-0.45938	1.3562e-003
6096	6.0317e-002	0.	-0.38493	2.1581e-003
6097	7.4379e-002	0.	-0.43703	1.5011e-003
6098	9.9379e-002	0.	-0.35833	2.5717e-003
6099	0.13638	0.	-0.36068	2.3424e-003
6100	0.17438	0.	-0.37415	1.8059e-003
6104	-0.46105	0.	-0.76554	2.7006e-004
6105	-0.5557	0.	-0.65883	4.5379e-004
6106	-0.52378	0.	-0.82336	2.6118e-004
6107	-0.48883	0.	-0.69026	4.2322e-004
6108	-0.61816	0.	-0.70235	3.3775e-004
6109	-0.5866	0.	-0.77278	2.8504e-004
6112	-0.46875	0.	-0.45923	1.3975e-003
6113	-0.53859	0.	-0.43244	1.4319e-003
6114	-0.45802	0.	-0.36972	2.5437e-003
6115	-0.53076	0.	-0.38241	1.9653e-003
6116	-0.44532	0.	-0.41539	1.7193e-003
6121	0.57411	0.	-0.39726	5.1557e-004
6122	0.63934	0.	-0.50689	3.3343e-004
6123	0.48801	0.	-0.47252	5.601e-004
6124	0.57872	0.	-0.55535	3.4917e-004
6125	0.50908	0.	-0.52836	4.1355e-004
6126	0.64742	0.	-0.42105	3.9015e-004
6127	0.5241	0.	-0.43134	5.7229e-004
6131	-0.27327	0.	-0.63174	4.8922e-004
6132	-0.2108	0.	-0.63804	4.5419e-004
6133	-0.18619	0.	-0.54915	7.9156e-004
6134	-0.27881	0.	-0.57323	6.4064e-004
6135	-0.17422	0.	-0.60216	5.4876e-004
6136	-0.23037	0.	-0.53241	9.5803e-004
6142	-0.36762	0.	-0.26537	6.4003e-003
6143	-0.36253	0.	-0.2336	8.5313e-003
6144	-0.41393	0.	-0.28287	5.6157e-003
6145	-0.3784	0.	-0.20687	1.2529e-002
6146	-0.41887	0.	-0.20395	1.0149e-002
6147	-0.43964	0.	-0.24431	6.6942e-003
6151	4.3723e-002	0.	-0.21181	1.087e-002
6152	6.5366e-002	0.	-0.28126	5.2907e-003
6153	9.0042e-002	0.	-0.24785	6.4819e-003
6154	3.2286e-002	0.	-0.27125	6.0338e-003
6155	2.168e-002	0.	-0.24388	7.2522e-003
6156	7.2856e-002	0.	-0.2111	9.8893e-003
6160	-0.95217	0.	-0.7105	1.9965e-004
6161	-1.0548	0.	-0.59087	2.1818e-004
6162	-1.0275	0.	-0.67312	2.0219e-004
6163	-0.98648	0.	-0.55069	2.9599e-004
6164	-0.90437	0.	-0.59034	3.2063e-004
6165	-0.90475	0.	-0.65176	2.4848e-004
6169	0.27925	0.	-0.70327	3.3987e-004
6170	0.29594	0.	-0.77839	2.5595e-004
6171	0.18733	0.	-0.83391	2.334e-004
6172	0.1456	0.	-0.76465	2.7523e-004
6173	0.16702	0.	-0.69379	4.1242e-004
6174	0.25289	0.	-0.84161	2.3841e-004
6175	0.22609	0.	-0.66663	4.472e-004
6178	-0.19793	0.	-0.20695	1.0513e-002
6179	-0.14177	0.	-0.22021	9.2867e-003
6180	-0.16338	0.	-0.18777	1.6306e-002
6181	-0.21663	0.	-0.24167	7.1378e-003
6182	-0.18311	0.	-0.26656	6.1417e-003
6183	-0.14648	0.	-0.25146	6.555e-003
6187	-0.70491	0.	-0.42105	1.0141e-003
6188	-0.78215	0.	-0.45135	6.7689e-004
6189	-0.65139	0.	-0.47916	8.8428e-004
6190	-0.64472	0.	-0.54198	6.3383e-004
6191	-0.77639	0.	-0.53137	5.4934e-004
6192	-0.70718	0.	-0.5855	5.3234e-004
6197	-9.6076e-002	0.	-0.78585	2.1186e-004
6198	-0.17148	0.	-0.74971	2.5068e-004
6199	-0.14879	0.	-0.8747	1.4272e-004
6200	-0.20714	0.	-0.83747	1.4978e-004
6201	-0.12581	0.	-0.75847	2.4966e-004
6202	-0.19886	0.	-0.78778	1.9959e-004
6203	-0.10835	0.	-0.83717	1.6769e-004
6207	-0.15899	0.	-0.37334	2.2259e-003
6208	-0.19684	0.	-0.34624	3.0778e-003
6209	-0.23466	0.	-0.36463	2.6665e-003
6210	-0.21818	0.	-0.43505	1.6701e-003
6211	-0.23829	0.	-0.39913	1.969e-003
6212	-0.1773	0.	-0.41159	1.808e-003
6216	-0.93292	0.	-0.26388	8.0063e-004
6217	-0.93565	0.	-0.34428	5.6816e-004
6218	-1.1148	0.	-0.2723	4.0542e-004
6219	-1.012	0.	-0.38466	4.1571e-004
6220	-0.98857	0.	-0.20327	6.2246e-004
6221	-1.0873	0.	-0.34818	3.8483e-004
6222	-1.0627	0.	-0.21485	4.7078e-004
6226	-2.7742e-002	0.	-0.6071	6.2794e-004
6227	-2.55e-002	0.	-0.715	3.2052e-004
6228	3.1059e-002	0.	-0.72194	3.2618e-004
6229	5.2478e-002	0.	-0.65108	4.5661e-004
6230	-6.4322e-002	0.	-0.64298	4.6651e-004
6231	-5.5231e-002	0.	-0.68762	3.4922e-004
6232	1.5474e-002	0.	-0.62218	5.6514e-004
6237	0.54584	0.	-0.74513	1.979e-004
6238	0.6032	0.	-0.7047	2.1613e-004
6239	0.63399	0.	-0.85002	1.2845e-004
6240	0.57272	0.	-0.81417	1.5892e-004
6241	0.66964	0.	-0.73112	1.5373e-004
6242	0.67179	0.	-0.798	1.3311e-004
6248	0.25194	0.	-0.20042	3.5632e-003
6249	0.19211	0.	-0.21613	5.0947e-003
6250	0.26005	0.	-0.26346	2.6803e-003
6251	0.16493	0.	-0.25896	4.661e-003
6252	0.17726	0.	-0.29472	3.2159e-003
6253	0.21525	0.	-0.30818	2.7282e-003
6258	-0.12363	0.	-0.12849	3.0501e-002
6259	-7.2556e-002	0.	-0.12081	3.6962e-002
6260	-9.2027e-002	0.	-0.13452	2.9644e-002
6261	-7.8749e-002	0.	-0.10338	4.6661e-002
6265	-0.18591	0.	-0.16522	1.797e-002
6266	-0.23916	0.	-0.21912	1.0164e-002
6267	-0.23622	0.	-0.15451	2.1275e-002
6268	-0.25065	0.	-0.1844	1.3412e-002
6269	-0.21277	0.	-0.1564	1.9395e-002
6274	0.19305	0.	-0.48524	1.012e-003
6275	0.3327	0.	-0.46038	9.0867e-004
6276	0.24355	0.	-0.51675	8.5559e-004
6277	0.29666	0.	-0.49952	8.4791e-004
6278	0.24226	0.	-0.40001	1.5216e-003
6279	0.31282	0.	-0.41261	1.0734e-003
6283	-0.64	0.	-0.20772	2.7739e-003
6284	-0.69805	0.	-0.24874	1.8319e-003
6285	-0.77256	0.	-0.19864	1.76e-003
6286	-0.64107	0.	-0.15169	3.9065e-003
6287	-0.76024	0.	-0.13511	2.0457e-003
6292	-5.7669e-002	0.	-0.36425	2.5781e-003
6293	-8.2743e-002	0.	-0.32909	3.8064e-003
6294	-9.4758e-002	0.	-0.40273	2.1151e-003
6295	-0.15298	0.	-0.3307	3.3377e-003
6296	-0.11635	0.	-0.3156	4.0465e-003
6297	-0.13344	0.	-0.39605	2.1628e-003
6303	0.51978	0.	-0.30495	8.1836e-004
6304	0.5576	0.	-0.23657	8.2928e-004
6305	0.62582	0.	-0.27123	5.9643e-004
6306	0.65431	0.	-0.34316	4.8614e-004
6307	0.53099	0.	-0.35345	6.5925e-004
6311	-0.40521	0.	-0.10921	3.2959e-002
6312	-0.38139	0.	-9.8454e-002	5.6636e-002
6313	-0.34832	0.	-0.11611	3.8987e-002
6314	-0.36701	0.	-0.14933	2.5969e-002
6315	-0.40747	0.	-0.1464	2.4109e-002
6316	-0.36838	0.	-0.10651	5.4319e-002
6321	4.9827e-002	0.	-0.14346	2.3433e-002
6322	1.8697e-002	0.	-0.14929	2.6237e-002
6323	-1.5969e-003	0.	-0.18271	1.5161e-002
6324	1.2587e-002	0.	-0.21068	1.0775e-002
6325	6.3763e-002	0.	-0.1779	1.3525e-002
6330	-6.122e-002	0.	-0.49833	1.1457e-003
6331	-1.0069e-002	0.	-0.51194	1.0374e-003
6332	-9.661e-002	0.	-0.53185	8.865e-004
6333	-8.4635e-002	0.	-0.58486	6.855e-004
6334	-4.8402e-003	0.	-0.56406	7.7569e-004
6338	-0.84833	0.	-0.79533	1.8818e-004
6339	-0.94852	0.	-0.87095	1.2922e-004
6340	-1.0098	0.	-0.76042	1.5333e-004
6341	-0.87719	0.	-0.86079	1.513e-004
6342	-0.88708	0.	-0.73907	2.035e-004
6343	-1.0184	0.	-0.84761	1.2039e-004
6348	-0.38329	0.	-0.86612	1.7489e-004
6349	-0.35279	0.	-0.73601	3.0755e-004
6350	-0.44899	0.	-0.84996	2.0681e-004
6351	-0.41404	0.	-0.71686	3.7299e-004
6352	-0.32598	0.	-0.83008	1.6587e-004
6353	-0.31771	0.	-0.78039	2.2081e-004
6357	-1.1534	0.	-0.77211	1.1637e-004
6358	-1.2302	0.	-0.75275	9.7803e-005
6359	-1.162	0.	-0.85929	7.8764e-005
6360	-1.2279	0.	-0.88656	5.6247e-005
6364	0.49638	0.	-0.22215	1.0284e-003
6365	0.38803	0.	-0.27512	1.4393e-003
6366	0.4312	0.	-0.23705	1.3692e-003
6367	0.4138	0.	-0.33244	1.0295e-003
6368	0.46977	0.	-0.33903	8.7089e-004
6371	-0.38931	0.	-0.48382	1.2088e-003
6372	-0.51905	0.	-0.47983	1.0213e-003
6373	-0.51238	0.	-0.54266	7.9605e-004
6374	-0.44551	0.	-0.5741	7.7019e-004
6375	-0.3898	0.	-0.53475	8.3938e-004
6376	-0.42578	0.	-0.46278	1.3521e-003
6380	0.78791	0.	-0.49442	2.2672e-004
6381	0.65083	0.	-0.58708	2.5222e-004
6382	0.71954	0.	-0.45278	3.0122e-004
6383	0.79513	0.	-0.56785	1.9291e-004
6384	0.71727	0.	-0.6135	1.9538e-004
6391	-0.12975	0.	-0.17848	1.7831e-002
6392	-7.2984e-002	0.	-0.19887	1.3425e-002
6393	-0.11286	0.	-0.24217	8.3113e-003
6394	-9.8154e-002	0.	-0.18451	1.6267e-002
6395	-8.6195e-002	0.	-0.22635	9.354e-003
6400	-0.2965	0.	-0.27322	6.0858e-003
6401	-0.3008	0.	-0.3165	4.0522e-003
6402	-0.33004	0.	-0.26083	7.2468e-003
6403	-0.33574	0.	-0.33399	3.8261e-003
6404	-0.38144	0.	-0.3101	4.1266e-003
6409	0.35353	0.	-0.73102	2.9211e-004
6410	0.40616	0.	-0.68615	3.0474e-004
6411	0.39388	0.	-0.61873	3.8926e-004
6412	0.28367	0.	-0.61926	4.825e-004
6413	0.33679	0.	-0.60203	4.7156e-004
6419	0.42285	0.	-0.76128	2.1947e-004
6420	0.39564	0.	-0.88528	1.7277e-004
6421	0.32717	0.	-0.86937	1.8765e-004
6422	0.44973	0.	-0.83031	1.8226e-004
6426	7.8713e-002	0.	-0.49726	1.0804e-003
6427	0.12095	0.	-0.57828	7.1735e-004
6428	0.18001	0.	-0.55112	7.5397e-004
6429	8.3942e-002	0.	-0.54937	8.0981e-004
6434	1.2987e-002	0.	-0.77172	2.3535e-004
6435	-7.3303e-002	0.	-0.73741	2.6479e-004
6436	-5.5843e-002	0.	-0.81611	1.8615e-004
6438	0.72567	0.	-0.22644	4.8023e-004
6439	0.75416	0.	-0.29837	3.6493e-004
6440	0.82594	0.	-0.18393	3.6077e-004
6441	0.83636	0.	-0.26681	3.2799e-004
6442	0.76136	0.	-0.17343	4.2993e-004
6447	-0.3299	0.	-0.51194	1.0997e-003
6448	-0.33288	0.	-0.41819	2.0351e-003
6449	-0.28147	0.	-0.47112	1.3569e-003
6450	-0.30157	0.	-0.4352	1.7198e-003
6451	-0.36589	0.	-0.43998	1.5435e-003
6456	-1.1125	0.	-0.64079	1.7584e-004
6457	-1.0715	0.	-0.51836	2.725e-004
6458	-1.1468	0.	-0.48188	2.3932e-004
6459	-1.1893	0.	-0.62143	1.574e-004
6460	-1.2045	0.	-0.52773	1.8664e-004
6465	-0.71758	0.	-0.86815	1.8769e-004
6466	-0.59236	0.	-0.92561	1.7465e-004
6467	-0.74644	0.	-0.93361	1.52e-004
6468	-0.65518	0.	-0.87503	2.004e-004
6474	-0.63788	0.	-0.29583	2.3085e-003
6475	-0.54959	0.	-0.22348	5.1239e-003
6476	-0.5809	0.	-0.19878	4.273e-003
6477	-0.52951	0.	-0.25265	4.3969e-003
6478	-0.57653	0.	-0.3039	2.7016e-003
6484	-0.77044	0.	-0.28674	1.2019e-003
6485	-0.77317	0.	-0.36714	9.9745e-004
6486	-0.64241	0.	-0.39495	1.1716e-003
6487	-0.63458	0.	-0.34491	1.7295e-003
6491	-0.84768	0.	-0.31704	8.8476e-004
6492	-0.90061	0.	-0.17602	9.2997e-004
6493	-0.83263	0.	-0.17311	1.4042e-003
6497	-0.92677	0.	-0.43781	5.0711e-004
6498	-0.84465	0.	-0.47746	5.287e-004
6504	0.84062	0.	-0.84286	7.6621e-005
6505	0.87337	0.	-0.68031	1.2076e-004
6506	0.79551	0.	-0.72597	1.2154e-004
6507	0.90048	0.	-0.8115	7.4341e-005
6508	0.79766	0.	-0.79285	9.7809e-005
6514	0.24146	0.	-0.14932	5.2827e-003
6515	0.3094	0.	-0.19666	2.8467e-003
6516	0.35257	0.	-0.15859	2.8135e-003
6517	0.35446	0.	-0.10691	2.8688e-003
6522	0.15191	0.	-0.13256	1.1133e-002
6523	0.15445	0.	-0.20786	6.112e-003
6524	0.13726	0.	-0.17111	9.7017e-003
6528	9.361e-002	0.	-0.10419	2.403e-002
6529	0.10755	0.	-0.13864	1.3902e-002
6530	8.7716e-002	0.	-7.3762e-002	3.7234e-002
6534	3.3894e-002	0.	-0.11414	3.4618e-002
6535	4.4253e-002	0.	-9.1267e-002	5.2079e-002
6536	7.896e-002	0.	-0.14275	2.3026e-002
6537	5.913e-002	0.	-7.787e-002	4.5422e-002
6542	-2.528e-002	0.	-0.33555	3.7629e-003
6543	-3.7296e-002	0.	-0.40919	1.9642e-003
6544	1.3855e-002	0.	-0.42281	1.9433e-003
6545	3.8855e-002	0.	-0.3441	2.9185e-003
6546	5.7751e-003	0.	-0.3341	3.7682e-003
6550	-0.11976	0.	-0.15207	2.2233e-002
6551	-0.17822	0.	-0.13722	2.3818e-002
6558	-0.44602	0.	-0.92394	1.6072e-004
6559	-0.32301	0.	-0.90406	1.1592e-004
6560	-0.32366	0.	-0.95346	8.9152e-005
6565	-1.753e-002	0.	-0.15339	2.6853e-002
6566	1.3123e-002	0.	-9.7101e-002	5.3568e-002
6567	-2.3228e-002	0.	-0.12532	3.6864e-002
6568	-1.034e-002	0.	-0.10672	5.1717e-002
6574	7.8018e-002	0.	-0.9408	1.3166e-004
6575	0.11127	0.	-0.84793	2.048e-004
6576	0.21856	0.	-0.92489	1.6443e-004
6581	-0.25684	0.	-0.6862	3.3978e-004
6582	-0.38057	0.	-0.66073	4.4474e-004
6583	-0.32485	0.	-0.62138	5.6766e-004
6584	-0.28423	0.	-0.72427	3.1636e-004
6588	-1.1812	0.	-0.32935	3.0592e-004
6589	-1.2246	0.	-0.1841	3.3665e-004
6590	-1.1566	0.	-0.19603	3.975e-004
6591	-1.2391	0.	-0.30802	2.8994e-004
6597	-0.79102	0.	-0.85831	1.8672e-004
6598	-0.73132	0.	-0.7293	2.9278e-004
6599	-0.80091	0.	-0.73659	2.3676e-004
6600	-0.69976	0.	-0.79973	2.3309e-004
6604	-8.3965e-002	0.	-0.2869	5.0325e-003
6605	-1.9299e-002	0.	-0.29895	4.8436e-003
6606	-2.9905e-002	0.	-0.27157	6.1614e-003
6607	-5.7299e-002	0.	-0.27109	6.1903e-003
6611	-2.3234e-002	0.	-0.46129	1.3158e-003
6612	-0.10978	0.	-0.48119	1.1886e-003
6613	-0.11307	0.	-0.44098	1.4924e-003
6617	-0.46589	0.	-9.7685e-002	2.3337e-002
6618	-0.509	0.	-0.14607	1.0784e-002
6619	-0.54032	0.	-0.12138	1.0153e-002
6620	-0.46815	0.	-0.13488	1.3312e-002
6622	-0.45681	0.	-7.2662e-002	3.4783e-002
6628	-0.40929	0.	-8.461e-002	5.5496e-002
6629	-0.43537	0.	-0.13256	2.2247e-002
6630	-0.42402	0.	-7.0344e-002	4.2908e-002
6634	0.53285	0.	-0.67598	2.5102e-004
6635	0.46321	0.	-0.64899	3.2123e-004
6636	0.50236	0.	-0.78545	1.9627e-004
6638	-0.22434	0.	-0.27873	5.4528e-003
6639	-0.26217	0.	-0.29712	5.3996e-003
6640	-0.29141	0.	-0.24145	8.1859e-003
6641	-0.26935	0.	-0.21912	1.1219e-002
6646	-0.89121	0.	-0.93392	1.2794e-004
6647	-1.0324	0.	-0.92074	9.4793e-005
6651	0.42986	0.	-0.52572	5.5435e-004
6652	0.37276	0.	-0.50903	6.3144e-004
6653	0.38892	0.	-0.42212	8.7495e-004
6654	0.44489	0.	-0.42871	7.004e-004
6658	-0.1578	0.	-0.65662	4.1276e-004
6659	-0.1487	0.	-0.70127	2.9304e-004
6660	-0.22176	0.	-0.73057	2.6107e-004
6664	-0.58222	0.	-0.51588	8.262e-004
6665	-0.58106	0.	-0.40301	1.6189e-003
6670	0.60242	0.	-0.18843	8.2242e-004
6671	0.46902	0.	-0.16867	1.3769e-003
6672	0.47091	0.	-0.11699	1.4561e-003
6673	0.59178	0.	-0.12628	8.5662e-004
6677	-0.50869	0.	-0.61014	5.445e-004
6678	-0.63802	0.	-0.62222	4.7212e-004
6682	-0.57454	0.	-0.85719	2.2033e-004
6688	0.73254	0.	-0.92418	7.8825e-005
6689	0.87316	0.	-0.89081	5.608e-005
6690	0.77034	0.	-0.87216	8.416e-005
6695	-1.162	0.	-0.70368	1.3541e-004
6696	-1.0937	0.	-0.81022	1.2101e-004
6700	0.79599	0.	-0.40858	2.8829e-004
6701	0.87158	0.	-0.52364	1.8258e-004
6702	0.87819	0.	-0.37702	2.5097e-004
6706	0.36067	0.	-0.22163	1.7713e-003
6707	0.27271	0.	-0.30443	1.8713e-003
6708	0.34328	0.	-0.31703	1.4526e-003
6712	0.35259	0.	-0.9485	1.5402e-004
6713	0.47515	0.	-0.90945	1.4774e-004
6714	0.48225	0.	-0.97022	1.2791e-004
6718	-0.22865	0.	-0.322	3.6089e-003
6719	-0.1542	0.	-0.28851	4.5529e-003
6727	-0.30141	0.	-0.35788	2.9383e-003
6728	-0.2701	0.	-0.37488	2.6912e-003
6733	-1.0784	0.	-0.44171	3.1344e-004
6734	-0.92101	0.	-0.51783	3.6682e-004
6738	-4.3522e-002	0.	-0.15874	2.6958e-002
6739	-6.2993e-002	0.	-0.17246	1.8559e-002
6740	-2.364e-002	0.	-0.21478	1.2047e-002
6741	-5.1034e-002	0.	-0.21429	1.1824e-002
6747	3.6289e-002	0.	-0.87153	1.7947e-004
6748	-7.298e-002	0.	-0.95344	8.5908e-005
6749	-3.2541e-002	0.	-0.91592	1.1893e-004
6755	-0.34082	0.	-0.20232	1.311e-002
6756	-0.3029	0.	-0.20673	1.2244e-002
6758	0.52057	0.	-0.60855	3.3862e-004
6759	0.65665	0.	-0.66196	2.095e-004
6763	-0.88828	0.	-0.11249	1.2414e-003
6764	-1.0304	0.	-0.127	6.1457e-004
6771	-0.38611	0.	-0.60222	6.136e-004
6776	3.3146e-002	0.	-0.52702	1.004e-003
6781	-0.37246	0.	-8.1905e-002	7.4394e-002
6782	-0.4002	0.	-5.9587e-002	6.5371e-002
6783	-0.38155	0.	-6.4066e-002	0.10181
6787	-1.2117	0.	-0.3839	2.6505e-004
6788	-1.2115	0.	-0.45107	2.3196e-004
6794	0.59051	0.	-0.89033	1.2736e-004
6795	0.59761	0.	-0.9511	1.0632e-004
6796	0.68958	0.	-0.87416	9.9118e-005
6801	-0.28565	0.	-0.11689	3.5978e-002
6802	-0.33801	0.	-0.14238	3.0958e-002
6803	-0.30009	0.	-0.14679	2.9697e-002
6804	-0.33939	0.	-9.9562e-002	5.8048e-002
6810	-0.13319	0.	-0.56773	7.6646e-004
6811	-0.18934	0.	-0.49797	1.1165e-003
6812	-0.14846	0.	-0.4745	1.3204e-003
6816	-0.76968	0.	-0.61161	3.716e-004
6817	-0.83928	0.	-0.6189	3.225e-004
6822	9.0965e-002	0.	-0.7078	3.8925e-004
6823	7.1492e-004	0.	-0.82305	1.8949e-004
6830	0.17145	0.	-0.60978	5.4432e-004
6831	7.538e-002	0.	-0.60804	6.2827e-004
6836	0.39383	0.	-0.56486	4.8673e-004
6840	-0.28195	0.	-0.52205	1.014e-003
6845	1.9413e-002	0.	-6.4703e-002	9.6599e-002
6846	3.8359e-002	0.	-6.0835e-002	6.3565e-002
6849	0.69913	0.	-0.29501	4.741e-004
6850	0.66001	0.	-0.16093	6.2361e-004
6851	0.70633	0.	-0.17007	5.3722e-004
6857	-0.55065	0.	-0.16745	6.0906e-003
6858	-0.47848	0.	-0.18095	9.8315e-003
6859	-0.49926	0.	-0.22132	6.1891e-003
6861	-0.11212	0.	-0.66539	4.212e-004
6865	-0.38205	0.	-0.35149	2.8452e-003
6866	-0.30504	0.	-0.39237	2.268e-003
6867	-0.36935	0.	-0.39715	2.1234e-003
6874	0.80982	0.	-0.33539	3.1967e-004
6879	0.28362	0.	-0.56539	5.7421e-004
6886	-1.254	0.	-0.59062	1.5053e-004
6891	0.80094	0.	-0.64273	1.4583e-004
6896	-0.26641	0.	-0.15451	2.2568e-002
6897	-0.22853	0.	-0.12651	2.695e-002
6904	-0.25362	0.	-0.4453	1.6485e-003
6905	-0.19263	0.	-0.45776	1.4277e-003
6908	0.8816	0.	-0.22095	3.1801e-004
6909	0.8066	0.	-0.12756	4.2024e-004
6914	-0.20734	0.	-0.90525	9.4504e-005
6915	-0.208	0.	-0.95465	6.1403e-005
6916	-0.10855	0.	-0.90496	1.1008e-004
6919	-0.77007	0.	-0.67303	3.0558e-004
6920	-0.66892	0.	-0.73618	3.0273e-004
6925	-0.45347	0.	-0.28904	4.3914e-003
6926	-0.50049	0.	-0.34029	2.6834e-003
6927	-0.41506	0.	-0.37327	2.4747e-003
6931	0.10259	0.	-0.2841	4.5262e-003
6932	4.4836e-002	0.	-0.3075	4.1383e-003
6933	0.11492	0.	-0.31985	3.1194e-003
6938	-9.091e-002	0.	-0.2576	6.2515e-003
6940	-3.6332e-002	0.	-0.11208	5.1564e-002
6941	-6.8692e-002	0.	-0.14439	2.8879e-002
6942	-5.5414e-002	0.	-0.11325	4.6765e-002
6947	0.40574	0.	-0.13188	1.7599e-003
6952	-4.2525e-002	0.	-9.4646e-002	6.0707e-002
6954	-1.1726	0.	-0.12666	4.0378e-004
6962	-0.25742	0.	-0.81833	1.75e-004
6963	-0.26635	0.	-0.91741	8.6398e-005
6968	0.53633	0.	-0.91525	1.3714e-004
6977	0.72523	0.	-0.75526	1.2722e-004
6982	-0.31877	0.	-0.18	1.5622e-002
6983	-0.39716	0.	-0.17267	1.4542e-002
6994	0.13959	0.	-0.28645	4.3834e-003
6995	0.11008	0.	-0.21394	9.3404e-003
6999	-1.1681	0.	-0.92467	6.1939e-005
7015	-0.4584	0.	-0.21012	9.2041e-003
7022	1.15e-003	0.	-0.27012	6.2491e-003
7026	0.18992	0.	-0.33568	2.4271e-003
7048	0.29848	0.	-0.36175	1.4844e-003
7052	-3.685e-002	0.	-0.24226	7.3659e-003
7059	-0.5262	0.	-0.30173	3.8915e-003
7066	0.42501	0.	-0.38094	8.8038e-004
7081	-1.2694	0.	-0.42974	2.1537e-004
7087	0.69569	0.	-0.10792	5.7533e-004
10194	-0.40608	0.	-3.6246e-002	8.0224e-002
10195	-0.38743	0.	-4.0725e-002	0.11316
10199	-0.39629	0.	-4.9801e-002	8.9519e-002
10218	3.429e-002	0.	-5.1306e-002	9.1256e-002
10219	2.6342e-002	0.	-4.1505e-002	0.11193
10223	4.5288e-002	0.	-3.7637e-002	8.1211e-002
82	0.	0.	5.625e-002	0.15273
83	0.	0.	6.75e-002	0.10907
84	-2.25e-002	0.	6.75e-002	9.6447e-002
85	-4.5e-002	0.	6.75e-002	7.9607e-002
86	-9.e-002	0.	6.75e-002	5.611e-002
87	-0.135	0.	6.75e-002	4.2115e-002
88	-0.18	0.	6.75e-002	3.5349e-002
89	-0.225	0.	6.75e-002	3.8006e-002
90	-0.27	0.	6.75e-002	6.5515e-002
91	-0.315	0.	6.75e-002	7.7341e-002
92	-0.3375	0.	6.75e-002	0.1024
93	-0.36	0.	5.625e-002	0.16319
94	-0.36	0.	6.75e-002	9.912e-002
95	-0.36	0.	4.5e-002	0.19212
104	0.	0.	4.5e-002	0.17957
427	0.1	0.	0.	3.8318e-002
428	0.2	0.	0.	9.2371e-003
429	0.3	0.	0.	3.7953e-003
430	0.4	0.	0.	1.9851e-003
431	0.5	0.	0.	1.322e-003
432	0.6	0.	0.	8.2651e-004
433	0.7	0.	0.	5.684e-004
434	0.8	0.	0.	4.2326e-004
435	0.9	0.	0.	3.5418e-004
436	-1.26	0.	0.	3.4398e-004
437	-1.16	0.	0.	4.4495e-004
438	-1.06	0.	0.	5.7778e-004
439	-0.96	0.	0.	8.006e-004
440	-0.86	0.	0.	1.4836e-003
441	-0.76	0.	0.	2.1527e-003
442	-0.66	0.	0.	4.08e-003
443	-0.56	0.	0.	1.0205e-002
444	-0.46	0.	0.	3.6623e-002
488	-1.36	0.	9.7045e-002	3.1818e-004
489	-1.36	0.	0.19409	2.9901e-004
490	-1.36	0.	0.29114	2.6762e-004
491	-1.36	0.	0.38818	2.2266e-004
492	-1.36	0.	0.48523	1.9108e-004
493	-1.36	0.	0.58227	1.3613e-004
494	-1.36	0.	0.67932	1.0834e-004
495	-1.36	0.	0.77636	7.7018e-005
496	-1.36	0.	0.87341	5.2035e-005
497	-1.36	0.	0.97045	2.5359e-005
503	-1.2617	0.	1.0675	2.7179e-005
504	-1.1633	0.	1.0675	5.2316e-005
505	-1.065	0.	1.0675	7.0446e-005
506	-0.96667	0.	1.0675	9.2877e-005
507	-0.86833	0.	1.0675	1.1651e-004
508	-0.77	0.	1.0675	1.3253e-004
509	-0.67167	0.	1.0675	1.3557e-004
510	-0.57333	0.	1.0675	1.3803e-004
511	-0.475	0.	1.0675	1.1897e-004
512	-0.37667	0.	1.0675	9.0072e-005
513	-0.27833	0.	1.0675	4.7562e-005
514	-0.18	0.	1.0675	2.1283e-005
515	-8.1667e-002	0.	1.0675	5.2329e-005
516	1.6667e-002	0.	1.0675	9.2915e-005
517	0.115	0.	1.0675	1.2488e-004
518	0.21333	0.	1.0675	1.4252e-004
519	0.31167	0.	1.0675	1.3589e-004
520	0.41	0.	1.0675	1.3707e-004
521	0.50833	0.	1.0675	1.1411e-004
522	0.60667	0.	1.0675	9.2146e-005
523	0.705	0.	1.0675	7.5191e-005
524	0.80333	0.	1.0675	5.0926e-005
525	0.90167	0.	1.0675	2.2816e-005
531	1.	0.	0.97045	2.6043e-005
532	1.	0.	0.87341	5.1714e-005
533	1.	0.	0.77636	7.9392e-005
534	1.	0.	0.67932	1.1685e-004
535	1.	0.	0.58227	1.5065e-004
536	1.	0.	0.48523	1.8804e-004
537	1.	0.	0.38818	2.2908e-004
538	1.	0.	0.29114	2.6397e-004
539	1.	0.	0.19409	2.98e-004
540	1.	0.	9.7045e-002	3.2727e-004
541	0.	0.	0.	0.19136
542	-0.36	0.	0.	0.18252
548	1.	0.	0.	3.3087e-004
550	-1.36	0.	0.	3.3023e-004
553	-1.36	0.	1.0675	1.1839e-005
554	1.	0.	1.0675	1.1787e-005
555	0.20778	0.	0.73417	2.9463e-004
556	-0.58033	0.	0.74418	3.0918e-004
557	-0.48993	0.	0.41663	1.7293e-003
558	0.10796	0.	0.38643	1.9605e-003
559	5.1944e-002	0.	0.23417	7.4895e-003
560	-0.40789	0.	0.24448	6.8487e-003
561	-0.95245	0.	0.59762	2.6855e-004
562	0.60785	0.	0.61416	2.637e-004
563	-0.18	0.	0.23417	8.3026e-003
564	0.36533	0.	0.49805	6.1561e-004
565	-0.71961	0.	0.48554	6.8314e-004
566	-0.14815	0.	0.7884	2.131e-004
567	-0.21302	0.	0.40687	2.0905e-003
568	0.66802	0.	0.29113	4.8427e-004
569	-1.0181	0.	0.28691	4.8148e-004
570	1.7239e-003	0.	0.6466	4.6386e-004
571	-0.14171	0.	0.1844	1.2524e-002
572	-0.27111	0.	0.1171	3.8881e-002
573	-0.68308	0.	0.35364	1.3957e-003
574	0.33789	0.	0.35779	1.135e-003
575	-3.4028e-002	0.	0.28972	6.1729e-003
576	-0.37613	0.	0.1713	1.7727e-002
577	1.7315e-002	0.	0.12306	3.2706e-002
578	0.55294	0.	0.7696	1.7882e-004
579	-0.85459	0.	0.95431	1.2744e-004
580	1.2324e-002	0.	0.39687	2.1692e-003
581	-0.2834	0.	0.80945	1.8984e-004
582	-0.3667	0.	0.60562	5.6611e-004
583	0.86172	0.	0.82118	7.4304e-005
584	-1.0459	0.	0.9515	8.5259e-005
585	-0.25154	0.	0.21565	1.0262e-002
586	-0.27463	0.	0.34528	3.1724e-003
587	-0.71559	0.	0.6957	3.4704e-004
588	0.12648	0.	0.51184	1.039e-003
589	-0.53315	0.	0.62306	4.9734e-004
590	-4.3464e-002	0.	0.75538	2.6057e-004
591	-0.10612	0.	0.50695	9.678e-004
592	0.21144	0.	0.31684	2.6068e-003
593	-0.56459	0.	0.28708	3.0568e-003
594	0.77954	0.	0.55782	2.0357e-004
595	-1.0893	0.	0.51652	2.5998e-004
596	0.31166	0.	0.9247	1.5857e-004
597	-0.3623	0.	0.50217	1.0621e-003
598	0.40731	0.	0.12694	1.934e-003
599	-0.77796	0.	0.16842	1.4496e-003
600	-0.85009	0.	0.38511	6.9155e-004
601	0.491	0.	0.38462	7.051e-004
602	-0.59572	0.	0.9019	1.9256e-004
603	-0.44649	0.	0.82526	2.2753e-004
604	-0.20845	0.	0.14908	2.0786e-002
605	-0.10969	0.	0.32788	3.9711e-003
606	-0.37214	0.	0.1096	4.4127e-002
607	0.15602	0.	0.92043	1.5312e-004
608	-1.201	0.	0.26475	3.3112e-004
609	0.84852	0.	0.25332	3.1392e-004
610	0.3808	0.	0.77087	2.6601e-004
611	-1.8029e-002	0.	0.53254	8.4105e-004
612	0.13657	0.	9.6986e-002	1.5581e-002
613	7.3027e-002	0.	9.523e-002	3.1722e-002
614	0.2742	0.	0.1247	4.2678e-003
615	-0.60592	0.	0.10649	5.3736e-003
616	-0.50745	0.	0.10692	1.2715e-002
617	0.60464	0.	0.94522	1.0141e-004
618	-0.22345	0.	0.69623	3.1304e-004
619	-0.59828	0.	0.44744	1.1375e-003
620	-0.93754	0.	0.77825	1.7119e-004
621	0.72515	0.	0.72303	1.3665e-004
622	-1.2233	0.	0.92169	5.0351e-005
623	0.22637	0.	0.44165	1.1541e-003
624	-0.17409	0.	0.5844	6.2492e-004
625	-0.10861	0.	0.25107	7.5323e-003
626	0.45957	0.	0.92236	1.3958e-004
627	-0.33174	0.	0.22491	9.8746e-003
628	-0.33604	0.	0.94873	9.8518e-005
629	-0.37632	0.	0.39881	2.0716e-003
630	0.31225	0.	0.63775	4.065e-004
631	0.64432	0.	0.47733	3.592e-004
632	-0.44396	0.	0.56612	7.0486e-004
633	-0.45583	0.	0.67861	3.7529e-004
634	2.0777e-003	0.	0.96678	1.1079e-004
635	-0.98597	0.	0.15242	6.6301e-004
636	0.62823	0.	0.13239	6.4191e-004
637	-3.7943e-002	0.	0.22689	1.0537e-002
638	-0.21965	0.	0.28194	4.6907e-003
639	2.5453e-002	0.	7.383e-002	6.7763e-002
640	0.79513	0.	0.40506	2.9965e-004
641	-4.0671e-002	0.	0.10917	4.3646e-002
642	-1.2344	0.	0.42312	2.3854e-004
643	-0.81743	0.	0.66569	3.3011e-004
644	0.50477	0.	0.52402	4.9535e-004
645	6.7915e-002	0.	0.77695	2.774e-004
646	0.11238	0.	0.63694	5.5034e-004
647	3.3325e-002	0.	0.32703	3.2489e-003
648	-0.88707	0.	0.24333	8.5519e-004
649	0.52501	0.	0.22666	8.3333e-004
650	0.87876	0.	0.68432	1.2915e-004
651	0.17003	0.	0.20382	5.9326e-003
652	-0.10921	0.	0.12462	3.2274e-002
653	-0.20518	0.	0.48894	1.0911e-003
654	-0.75168	0.	0.81631	2.0545e-004
655	-0.16748	0.	0.95319	6.0893e-005
656	-0.46145	0.	0.32277	3.375e-003
657	-0.30087	0.	0.17398	1.9292e-002
658	-0.3505	0.	0.29898	5.1002e-003
659	-0.28612	0.	0.4468	1.5907e-003
660	-0.32366	0.	0.12306	4.2101e-002
661	-0.66783	0.	0.21052	2.4282e-003
662	-0.84738	0.	0.52812	4.0882e-004
663	-0.15894	0.	0.2918	4.6661e-003
664	-0.3431	0.	8.6898e-002	8.0597e-002
665	0.11159	0.	0.28881	3.658e-003
666	-3.9472e-003	0.	0.17075	1.8779e-002
667	-0.61485	0.	0.5527	6.7404e-004
668	-1.2369	0.	0.58272	1.5402e-004
669	0.88063	0.	0.11471	3.4505e-004
670	-1.2409	0.	0.11574	3.4652e-004
671	-1.1036	0.	0.38866	3.3041e-004
672	-0.97493	0.	0.452	3.791e-004
673	-0.28322	0.	0.26704	6.0162e-003
674	0.30395	0.	0.2398	2.1887e-003
675	-0.54657	0.	0.194	5.7585e-003
676	0.41902	0.	0.27975	1.2258e-003
677	-0.77768	0.	0.27978	1.167e-003
678	-0.10323	0.	0.67167	3.8072e-004
679	-0.18438	0.	0.34435	3.0401e-003
680	-0.13034	0.	0.41235	1.933e-003
681	-0.35784	0.	0.71471	3.3744e-004
682	0.74232	0.	0.89729	8.7282e-005
683	4.1475e-002	0.	0.47416	1.316e-003
684	0.87404	0.	0.95194	4.1541e-005
685	7.4876e-002	0.	0.15517	1.6263e-002
686	-0.46903	0.	0.97655	1.4077e-004
687	-1.1045	0.	0.13858	4.5087e-004
688	0.75423	0.	0.13192	4.7894e-004
689	0.44059	0.	0.63662	3.7563e-004
690	-1.1158	0.	0.80903	1.0356e-004
691	-7.9997e-002	0.	0.58405	6.3559e-004
692	-0.51471	0.	0.50333	9.9365e-004
693	-0.15575	0.	0.12808	2.8946e-002
694	-0.69486	0.	0.98417	1.4462e-004
695	-4.9845e-002	0.	0.36618	2.7482e-003
696	-0.57141	0.	0.36928	1.7171e-003
697	-4.481e-002	0.	0.44455	1.4414e-003
698	-0.43473	0.	0.12798	2.4333e-002
699	-0.38368	0.	7.2586e-002	7.6284e-002
700	-0.2783	0.	0.62465	4.9729e-004
701	0.20714	0.	0.58213	6.2085e-004
702	-8.3313e-002	0.	0.18474	1.6825e-002
703	-1.0901	0.	0.66103	1.7819e-004
704	-0.46005	0.	0.18202	9.8119e-003
705	5.2699e-002	0.	0.56698	7.5193e-004
706	-1.2557	0.	0.75556	8.8854e-005
707	0.90986	0.	0.3625	2.4923e-004
708	0.53016	0.	0.12399	1.0229e-003
709	-0.88669	0.	0.14206	1.0015e-003
710	-0.72189	0.	0.5976	4.7125e-004
711	-0.44019	0.	0.47248	1.2992e-003
712	-6.7838e-002	0.	0.86566	1.42e-004
713	-0.28526	0.	0.53874	8.6983e-004
714	-0.71898	0.	8.4211e-002	3.078e-003
715	-0.63287	0.	0.64747	4.6166e-004
716	-0.48754	0.	0.24745	4.9928e-003
717	-5.453e-004	0.	8.9955e-002	7.6293e-002
718	0.90928	0.	0.49698	1.9973e-004
1377	3.7215e-002	0.	2.7164e-002	0.10489
1378	5.4929e-002	0.	4.5293e-002	6.5495e-002
1379	1.7637e-002	0.	5.4271e-002	0.13001
1383	-0.37376	0.	5.3928e-002	0.14015
1384	-0.41413	0.	4.8595e-002	6.1078e-002
1385	-0.39726	0.	2.7749e-002	0.11549
2418	0.	0.	6.1875e-002	0.12823
2419	0.	0.	5.0625e-002	0.1637
2421	8.8185e-003	0.	5.526e-002	0.14122
2422	-1.125e-002	0.	6.75e-002	0.10111
2424	1.2726e-002	0.	7.0665e-002	8.7661e-002
2425	-2.7265e-004	0.	7.8728e-002	9.2344e-002
2426	8.8185e-003	0.	6.0885e-002	0.11598
2428	-3.375e-002	0.	6.75e-002	8.7361e-002
2430	-3.1586e-002	0.	8.8333e-002	6.9743e-002
2431	-1.1523e-002	0.	7.8728e-002	8.6002e-002
2434	-6.75e-002	0.	6.75e-002	6.7063e-002
2436	-4.2836e-002	0.	8.8333e-002	6.1598e-002
2439	-0.1125	0.	6.75e-002	4.7832e-002
2441	-6.5336e-002	0.	8.8333e-002	4.9107e-002
2442	-9.9603e-002	0.	9.6058e-002	4.4041e-002
2445	-0.1575	0.	6.75e-002	3.7759e-002
2447	-0.1221	0.	9.6058e-002	3.6791e-002
2448	-0.14538	0.	9.7789e-002	3.5294e-002
2452	-0.2025	0.	6.75e-002	3.5123e-002
2454	-0.19423	0.	0.10829	2.7488e-002
2455	-0.16788	0.	9.7789e-002	3.1962e-002
2458	-0.2475	0.	6.75e-002	5.0135e-002
2460	-0.24806	0.	9.2302e-002	3.7677e-002
2461	-0.21673	0.	0.10829	2.93e-002
2464	-0.2925	0.	6.75e-002	7.0577e-002
2466	-0.27056	0.	9.2302e-002	5.21e-002
2468	-0.32625	0.	6.75e-002	8.9282e-002
2470	-0.29306	0.	9.2302e-002	5.6986e-002
2471	-0.31933	0.	9.5278e-002	5.9677e-002
2472	-0.32905	0.	7.7199e-002	7.8359e-002
2476	-0.34875	0.	6.75e-002	9.9234e-002
2478	-0.3403	0.	7.7199e-002	9.1463e-002
2480	-0.36	0.	6.1875e-002	0.12952
2481	-0.36	0.	5.0625e-002	0.17445
2483	-0.36688	0.	5.5089e-002	0.15132
2485	-0.36607	0.	8.8548e-002	7.1586e-002
2486	-0.35155	0.	7.7199e-002	8.8723e-002
2487	-0.37184	0.	7.0043e-002	8.6904e-002
2488	-0.36688	0.	6.0714e-002	0.11663
2492	-0.36	0.	2.25e-002	0.1835
2493	-0.36688	0.	4.9464e-002	0.16482
2494	-0.37863	0.	3.6374e-002	0.15305
2541	0.	0.	2.25e-002	0.18273
2542	1.8607e-002	0.	3.6082e-002	0.14165
2543	8.8185e-003	0.	4.9635e-002	0.1534
4395	0.15	0.	0.	2.3763e-002
4396	5.e-002	0.	0.	0.11483
4397	0.11829	0.	4.8493e-002	2.6541e-002
4402	6.8607e-002	0.	1.3582e-002	7.1307e-002
4403	7.7464e-002	0.	2.2647e-002	5.1109e-002
4412	0.25	0.	0.	6.5147e-003
4413	0.16829	0.	4.8493e-002	1.2156e-002
4414	0.2371	0.	6.2351e-002	6.6911e-003
4423	0.35	0.	0.	2.8898e-003
4424	0.35366	0.	6.3468e-002	2.8447e-003
4425	0.2871	0.	6.2351e-002	3.9838e-003
4433	0.45	0.	0.	1.6534e-003
4434	0.40366	0.	6.3468e-002	1.9416e-003
4439	0.55	0.	0.	1.0741e-003
4440	0.45366	0.	6.3468e-002	1.6101e-003
4441	0.51508	0.	6.1993e-002	1.1676e-003
4448	0.65	0.	0.	6.9648e-004
4449	0.61412	0.	6.6193e-002	7.3237e-004
4450	0.56508	0.	6.1993e-002	9.2171e-004
4458	0.75	0.	0.	4.9549e-004
4459	0.66412	0.	6.6193e-002	6.0423e-004
4460	0.72712	0.	6.5962e-002	5.23e-004
4464	0.85	0.	0.	3.8865e-004
4465	0.84032	0.	5.7354e-002	3.8404e-004
4466	0.77712	0.	6.5962e-002	4.5026e-004
4474	0.95	0.	4.8523e-002	3.4071e-004
4475	0.95	0.	0.	3.425e-004
4476	0.89032	0.	5.7354e-002	3.4953e-004
4482	-1.21	0.	0.	3.9415e-004
4483	-1.31	0.	4.8523e-002	3.3107e-004
4484	-1.31	0.	0.	3.3709e-004
4485	-1.2505	0.	5.7872e-002	3.4511e-004
4488	-1.11	0.	0.	5.1102e-004
4489	-1.2005	0.	5.7872e-002	3.9556e-004
4490	-1.1322	0.	6.929e-002	4.4689e-004
4499	-1.01	0.	0.	6.8885e-004
4500	-1.023	0.	7.6212e-002	6.1685e-004
4501	-1.0822	0.	6.929e-002	5.1349e-004
4506	-0.91	0.	0.	1.1417e-003
4507	-0.97299	0.	7.6212e-002	7.2873e-004
4508	-0.92334	0.	7.103e-002	8.9731e-004
4514	-0.81	0.	0.	1.8132e-003
4515	-0.81898	0.	8.4211e-002	1.4536e-003
4516	-0.87334	0.	7.103e-002	1.2392e-003
4517	-0.78949	0.	4.2105e-002	2.275e-003
4525	-0.71	0.	0.	3.1106e-003
4526	-0.73949	0.	4.2105e-002	2.588e-003
4532	-0.61	0.	0.	7.1389e-003
4533	-0.63296	0.	5.3243e-002	4.669e-003
4534	-0.68949	0.	4.2105e-002	3.5627e-003
4543	-0.51	0.	0.	2.3408e-002
4544	-0.58296	0.	5.3243e-002	7.7299e-003
4545	-0.53372	0.	5.3462e-002	1.1178e-002
4553	-0.41	0.	0.	0.10944
4554	-0.48372	0.	5.3462e-002	2.4235e-002
4560	-0.43706	0.	2.4297e-002	4.7986e-002
4561	-0.42863	0.	1.3874e-002	7.5846e-002
4801	-1.36	0.	0.14557	3.0855e-004
4802	-1.36	0.	4.8523e-002	3.2418e-004
4803	-1.3005	0.	0.10639	3.3227e-004
4806	-1.36	0.	0.24261	2.8327e-004
4807	-1.2805	0.	0.22942	3.143e-004
4808	-1.3005	0.	0.15492	3.2276e-004
4812	-1.36	0.	0.33966	2.4511e-004
4813	-1.2805	0.	0.27794	2.9896e-004
4814	-1.2972	0.	0.35713	2.5256e-004
4819	-1.36	0.	0.4367	2.0672e-004
4820	-1.2972	0.	0.40565	2.3026e-004
4822	-1.36	0.	0.53375	1.6356e-004
4823	-1.2972	0.	0.45418	2.1477e-004
4824	-1.2985	0.	0.53397	1.7231e-004
4828	-1.36	0.	0.6308	1.2224e-004
4829	-1.2985	0.	0.58249	1.4465e-004
4832	-1.36	0.	0.72784	9.2664e-005
4833	-1.2985	0.	0.63102	1.3077e-004
4834	-1.3078	0.	0.71744	9.7904e-005
4836	-1.36	0.	0.82489	6.45e-005
4837	-1.3078	0.	0.76596	8.2506e-005
4840	-1.36	0.	0.92193	3.8237e-005
4841	-1.2917	0.	0.89755	4.9451e-005
4842	-1.3078	0.	0.81448	7.0269e-005
4845	-1.3108	0.	1.019	2.5335e-005
4846	-1.36	0.	1.019	1.8479e-005
4847	-1.2917	0.	0.94607	3.7695e-005
4875	-1.2125	0.	1.0675	3.9474e-005
4876	-1.3108	0.	1.0675	1.9331e-005
4877	-1.2425	0.	0.99459	3.8254e-005
4881	-1.1142	0.	1.0675	6.1278e-005
4882	-1.1046	0.	1.0095	6.8768e-005
4883	-1.1933	0.	0.99459	4.9247e-005
4887	-1.0158	0.	1.0675	8.1631e-005
4888	-1.0555	0.	1.0095	7.7634e-005
4890	-0.9175	0.	1.0675	1.0468e-004
4891	-0.91063	0.	1.0109	1.1011e-004
4892	-1.0063	0.	1.0095	8.8628e-005
4895	-0.81917	0.	1.0675	1.245e-004
4896	-0.86146	0.	1.0109	1.2188e-004
4899	-0.72083	0.	1.0675	1.3404e-004
4900	-0.81229	0.	1.0109	1.2978e-004
4901	-0.73243	0.	1.0258	1.3856e-004
4903	-0.6225	0.	1.0675	1.3676e-004
4904	-0.68326	0.	1.0258	1.4007e-004
4907	-0.52417	0.	1.0675	1.2847e-004
4908	-0.58453	0.	0.9847	1.6526e-004
4909	-0.52118	0.	1.022	1.3906e-004
4910	-0.6341	0.	1.0258	1.4122e-004
4914	-0.42583	0.	1.0675	1.042e-004
4915	-0.47201	0.	1.022	1.2969e-004
4917	-0.3275	0.	1.0675	6.8129e-005
4918	-0.35636	0.	1.0081	9.2308e-005
4919	-0.42285	0.	1.022	1.1537e-004
4924	-0.22917	0.	1.0675	2.8457e-005
4925	-0.30719	0.	1.0081	7.2931e-005
4926	-0.22291	0.	1.0103	4.6992e-005
4930	-0.13083	0.	1.0675	3.4271e-005
4931	-0.17374	0.	1.0103	4.0831e-005
4933	-3.25e-002	0.	1.0675	7.1737e-005
4934	-3.9794e-002	0.	1.0171	8.1504e-005
4935	-0.12457	0.	1.0103	4.8572e-005
4939	6.5833e-002	0.	1.0675	1.0886e-004
4940	9.3722e-003	0.	1.0171	1.0095e-004
4943	0.16417	0.	1.0675	1.3367e-004
4944	0.13551	0.	0.99397	1.3895e-004
4945	5.8539e-002	0.	1.0171	1.1632e-004
4947	0.2625	0.	1.0675	1.3909e-004
4948	0.2625	0.	0.9961	1.5041e-004
4949	0.18468	0.	0.99397	1.4768e-004
4953	0.36083	0.	1.0675	1.3639e-004
4954	0.31167	0.	0.9961	1.4722e-004
4957	0.45917	0.	1.0675	1.2557e-004
4958	0.36083	0.	0.9961	1.4776e-004
4959	0.43479	0.	0.99493	1.3815e-004
4963	0.5575	0.	1.0675	1.0307e-004
4964	0.55649	0.	1.0064	1.076e-004
4965	0.48395	0.	0.99493	1.2672e-004
4967	0.65583	0.	1.0675	8.3656e-005
4968	0.60565	0.	1.0064	9.6745e-005
4973	0.75417	0.	1.0675	6.302e-005
4974	0.65482	0.	1.0064	8.829e-005
4975	0.72366	0.	0.98239	8.0194e-005
4977	0.8525	0.	1.0675	3.6492e-005
4978	0.77283	0.	0.98239	6.8598e-005
4979	0.83869	0.	1.0097	4.499e-005
4983	0.95083	0.	1.019	2.3433e-005
4984	0.95083	0.	1.0675	1.7205e-005
4985	0.88785	0.	1.0097	3.2087e-005
5016	1.	0.	0.92193	3.8743e-005
5017	1.	0.	1.019	1.8665e-005
5018	0.93702	0.	0.9612	3.31e-005
5022	1.	0.	0.82489	6.5534e-005
5023	0.93086	0.	0.84729	6.2769e-005
5024	0.93702	0.	0.91267	4.4615e-005
5026	1.	0.	0.72784	9.8104e-005
5027	0.93086	0.	0.79877	7.6361e-005
5028	0.93938	0.	0.73034	1.0413e-004
5031	1.	0.	0.6308	1.3364e-004
5032	0.93938	0.	0.68182	1.2271e-004
5037	1.	0.	0.53375	1.6933e-004
5038	0.93938	0.	0.63329	1.3909e-004
5039	0.95464	0.	0.53963	1.7499e-004
5041	1.	0.	0.4367	2.0855e-004
5042	0.95464	0.	0.49111	1.9354e-004
5045	1.	0.	0.33966	2.4652e-004
5046	0.95493	0.	0.37534	2.3907e-004
5047	0.95464	0.	0.44258	2.1388e-004
5049	1.	0.	0.24261	2.8098e-004
5050	0.92426	0.	0.27223	2.8851e-004
5051	0.95493	0.	0.32682	2.5648e-004
5055	1.	0.	0.14557	3.1257e-004
5056	0.92426	0.	0.22371	3.0556e-004
5057	0.94032	0.	0.1544	3.2151e-004
5062	1.	0.	4.8523e-002	3.2905e-004
5063	0.94032	0.	0.10588	3.3608e-004
5068	1.8607e-002	0.	1.3582e-002	0.14764
5079	-0.37863	0.	1.3874e-002	0.14815
5094	0.25972	0.	0.82943	2.2649e-004
5095	0.1819	0.	0.8273	2.2348e-004
5096	0.29429	0.	0.75252	2.7761e-004
5097	0.26001	0.	0.68596	3.4691e-004
5098	0.13785	0.	0.75556	2.8038e-004
5099	0.16008	0.	0.68556	4.2086e-004
5100	0.20746	0.	0.65815	4.5693e-004
5105	-0.64796	0.	0.71994	3.2603e-004
5106	-0.55674	0.	0.68362	4.0295e-004
5107	-0.58803	0.	0.82304	2.5086e-004
5108	-0.51341	0.	0.78472	2.6311e-004
5109	-0.51808	0.	0.7114	3.3704e-004
5110	-0.66601	0.	0.78025	2.5551e-004
5111	-0.6066	0.	0.69583	3.8461e-004
5115	-0.54411	0.	0.43204	1.4266e-003
5116	-0.43313	0.	0.40772	1.8613e-003
5117	-0.47569	0.	0.3697	2.5503e-003
5118	-0.50232	0.	0.45998	1.3601e-003
5119	-0.53067	0.	0.39295	1.7015e-003
5120	-0.46506	0.	0.44456	1.4987e-003
5122	6.0143e-002	0.	0.39165	2.0038e-003
5123	0.11722	0.	0.44914	1.4923e-003
5124	0.1597	0.	0.35164	2.2322e-003
5125	0.16717	0.	0.41404	1.5486e-003
5126	7.0643e-002	0.	0.35673	2.5913e-003
5127	0.10978	0.	0.33762	2.7992e-003
5128	7.4718e-002	0.	0.4303	1.6103e-003
5133	8.9583e-003	0.	0.26194	6.6123e-003
5134	7.0006e-003	0.	0.23053	8.7917e-003
5135	4.2635e-002	0.	0.2806	5.3312e-003
5136	0.11099	0.	0.219	6.3989e-003
5137	8.177e-002	0.	0.26149	5.5586e-003
5138	2.3999e-002	0.	0.20246	1.3115e-002
5139	6.341e-002	0.	0.19467	1.1701e-002
5145	-0.39201	0.	0.20789	1.2283e-002
5146	-0.36981	0.	0.23469	8.1139e-003
5147	-0.43467	0.	0.28362	5.1118e-003
5148	-0.37919	0.	0.27173	5.8549e-003
5149	-0.43397	0.	0.21325	8.1798e-003
5150	-0.44771	0.	0.24597	5.8455e-003
5154	-1.0209	0.	0.55707	2.6168e-004
5155	-0.94499	0.	0.68794	2.1875e-004
5156	-0.88494	0.	0.63166	2.9551e-004
5157	-0.89992	0.	0.56287	3.3815e-004
5158	-0.96369	0.	0.52481	3.2204e-004
5159	-1.0213	0.	0.62933	2.2254e-004
5163	0.58039	0.	0.69188	2.1929e-004
5164	0.69369	0.	0.58599	2.3042e-004
5165	0.6665	0.	0.6686	1.9965e-004
5166	0.62609	0.	0.54574	3.1005e-004
5167	0.55631	0.	0.56909	3.7889e-004
5168	0.52422	0.	0.62539	3.1727e-004
5174	-0.16085	0.	0.20928	1.0165e-002
5175	-0.21577	0.	0.22491	8.8746e-003
5176	-0.19423	0.	0.19162	1.4403e-002
5177	-0.1443	0.	0.24262	7.4094e-003
5178	-0.19982	0.	0.25805	6.4625e-003
5179	-0.16947	0.	0.26298	6.4271e-003
5183	0.35161	0.	0.42792	8.7128e-004
5184	0.42817	0.	0.44134	6.4581e-004
5185	0.29585	0.	0.46985	8.8191e-004
5186	0.33879	0.	0.5679	5.0867e-004
5187	0.43505	0.	0.51104	5.5173e-004
5188	0.40296	0.	0.56734	4.9553e-004
5189	0.28624	0.	0.54009	6.0882e-004
5193	-0.70134	0.	0.41959	1.0366e-003
5194	-0.78485	0.	0.43532	6.7711e-004
5195	-0.65895	0.	0.46649	9.0534e-004
5196	-0.7835	0.	0.50683	5.4448e-004
5197	-0.66723	0.	0.51912	6.7354e-004
5198	-0.72075	0.	0.54157	5.7619e-004
5202	-0.21578	0.	0.79893	1.8204e-004
5203	-9.5806e-002	0.	0.77189	2.3019e-004
5204	-0.1858	0.	0.74232	2.5585e-004
5205	-0.15781	0.	0.8708	1.364e-004
5206	-0.12569	0.	0.73004	2.9513e-004
5207	-0.10799	0.	0.82703	1.746e-004
5211	-0.24382	0.	0.37607	2.5467e-003
5212	-0.2091	0.	0.44791	1.5904e-003
5213	-0.24957	0.	0.42684	1.7659e-003
5214	-0.1987	0.	0.37561	2.5611e-003
5215	-0.17168	0.	0.40961	1.9613e-003
5220	0.57951	0.	0.33787	5.8682e-004
5221	0.75827	0.	0.27222	3.9681e-004
5222	0.65617	0.	0.38423	4.1764e-004
5223	0.64813	0.	0.21176	5.6035e-004
5224	0.73157	0.	0.3481	3.9193e-004
5225	0.59652	0.	0.2589	6.5847e-004
5226	0.71113	0.	0.21153	4.7846e-004
5230	-0.93411	0.	0.33601	5.7774e-004
5231	-1.1096	0.	0.27583	4.0385e-004
5232	-1.0021	0.	0.21967	5.7023e-004
5233	-0.9526	0.	0.26512	6.6798e-004
5234	-1.0608	0.	0.33778	4.0579e-004
5235	-0.99653	0.	0.36945	4.279e-004
5236	-1.0613	0.	0.21274	4.6265e-004
5239	-2.087e-002	0.	0.70099	3.6062e-004
5240	-8.1524e-003	0.	0.58957	6.5226e-004
5241	3.4819e-002	0.	0.71177	3.68e-004
5242	5.7054e-002	0.	0.64177	4.94e-004
5243	-5.0753e-002	0.	0.65913	4.1194e-004
5244	-3.9137e-002	0.	0.61532	5.399e-004
5245	2.7212e-002	0.	0.60679	6.0284e-004
5249	-0.17508	0.	0.16674	1.5562e-002
5250	-0.12516	0.	0.21773	9.9391e-003
5251	-0.12546	0.	0.15451	2.2009e-002
5252	-0.14873	0.	0.15624	2.0705e-002
5253	-0.11251	0.	0.18457	1.4039e-002
5258	-0.23978	0.	0.13309	2.8774e-002
5259	-0.28599	0.	0.14554	2.8859e-002
5260	-0.29739	0.	0.12008	3.9378e-002
5265	-0.62383	0.	0.32036	2.2236e-003
5266	-0.76658	0.	0.36937	1.0394e-003
5267	-0.64068	0.	0.40054	1.245e-003
5268	-0.67545	0.	0.28208	1.8893e-003
5269	-0.73038	0.	0.31671	1.2734e-003
5270	-0.62724	0.	0.36146	1.544e-003
5273	0.27467	0.	0.33732	1.866e-003
5274	0.41445	0.	0.3712	9.1461e-004
5275	0.28213	0.	0.39972	1.1251e-003
5276	0.32092	0.	0.2988	1.6552e-003
5277	0.37846	0.	0.31877	1.1674e-003
5282	-7.186e-002	0.	0.3088	4.8953e-003
5283	-7.1317e-002	0.	0.27039	6.6534e-003
5284	-3.5986e-002	0.	0.25831	8.3511e-003
5285	-3.512e-004	0.	0.30838	4.6725e-003
5286	-4.1936e-002	0.	0.32795	4.4372e-003
5290	-0.37414	0.	0.14045	3.0858e-002
5291	-0.35394	0.	0.1981	1.3329e-002
5292	-0.3385	0.	0.17264	1.7899e-002
5293	-0.34989	0.	0.14718	2.9617e-002
5294	-0.40543	0.	0.14964	2.049e-002
5295	-0.41809	0.	0.17666	1.3593e-002
5300	4.5171e-002	0.	0.10914	3.1325e-002
5301	2.1384e-002	0.	9.8443e-002	4.9803e-002
5302	-1.1678e-002	0.	0.11611	3.687e-002
5303	6.6838e-003	0.	0.1469	2.5452e-002
5304	4.6095e-002	0.	0.13911	2.4388e-002
5305	8.3848e-003	0.	0.10651	5.4381e-002
5309	0.46687	0.	0.77023	2.2126e-004
5310	0.57879	0.	0.85741	1.3901e-004
5311	0.63904	0.	0.74632	1.5443e-004
5312	0.50625	0.	0.84598	1.5766e-004
5313	0.64763	0.	0.83344	1.3299e-004
5314	0.49676	0.	0.70311	2.7719e-004
5319	-0.95026	0.	0.95291	1.0609e-004
5320	-0.89606	0.	0.86628	1.4663e-004
5321	-0.80313	0.	0.88531	1.6621e-004
5322	-0.77472	0.	0.96924	1.3584e-004
5327	2.2825e-002	0.	0.36195	2.6828e-003
5328	2.69e-002	0.	0.43551	1.7401e-003
5329	-1.876e-002	0.	0.38152	2.4462e-003
5330	-1.6243e-002	0.	0.42071	1.7911e-003
5334	-0.36495	0.	0.81736	2.0179e-004
5335	-0.25342	0.	0.75284	2.4648e-004
5336	-0.30972	0.	0.87909	1.4297e-004
5337	-0.22544	0.	0.88132	1.203e-004
5338	-0.32062	0.	0.76208	2.6227e-004
5343	-0.3645	0.	0.55389	8.1352e-004
5344	-0.40533	0.	0.58587	6.2835e-004
5345	-0.41126	0.	0.64211	4.6641e-004
5346	-0.36227	0.	0.66017	4.5134e-004
5347	-0.3225	0.	0.61513	5.1136e-004
5348	-0.32598	0.	0.57218	7.0949e-004
5352	0.79344	0.	0.77211	1.0463e-004
5353	0.87024	0.	0.75275	1.0154e-004
5354	0.80202	0.	0.85923	7.6796e-005
5355	0.86788	0.	0.88656	5.6772e-005
5360	-0.99174	0.	0.86488	1.2739e-004
5361	-1.1346	0.	0.93659	6.5489e-005
5362	-1.0809	0.	0.88027	9.2593e-005
5367	-0.23	0.	0.18236	1.5378e-002
5368	-0.29164	0.	0.22028	9.7457e-003
5369	-0.23559	0.	0.2488	7.3566e-003
5370	-0.27621	0.	0.19481	1.4305e-002
5371	-0.26738	0.	0.24135	8.1151e-003
5375	-0.32548	0.	0.37204	2.5271e-003
5376	-0.24714	0.	0.31361	3.8536e-003
5377	-0.31257	0.	0.32213	3.9757e-003
5378	-0.28037	0.	0.39604	2.3806e-003
5379	-0.27892	0.	0.30616	4.585e-003
5380	-0.2295	0.	0.34482	2.9509e-003
5385	-0.76651	0.	0.6807	3.3713e-004
5386	-0.73364	0.	0.75601	2.7624e-004
5387	-0.71874	0.	0.64665	4.0809e-004
5388	-0.67423	0.	0.67159	4.037e-004
5391	0.17643	0.	0.47675	1.0719e-003
5392	0.11943	0.	0.57439	7.9422e-004
5393	8.3978e-002	0.	0.493	1.1732e-003
5394	0.16681	0.	0.54699	8.2387e-004
5395	8.959e-002	0.	0.53941	8.8823e-004
5399	-0.48856	0.	0.59459	5.9681e-004
5400	-0.49449	0.	0.65083	4.3225e-004
5401	-0.574	0.	0.58788	5.7942e-004
5402	-0.52393	0.	0.56319	7.4525e-004
5403	-0.58301	0.	0.63527	4.7682e-004
5408	1.2225e-002	0.	0.76616	2.6246e-004
5409	-7.3347e-002	0.	0.71352	3.1821e-004
5410	-5.5651e-002	0.	0.81052	2.0098e-004
5412	-6.2073e-002	0.	0.51974	8.8463e-004
5413	-0.1401	0.	0.54567	7.8219e-004
5414	-0.15565	0.	0.49795	9.9421e-004
5415	-0.11823	0.	0.45965	1.4479e-003
5416	-9.3058e-002	0.	0.5455	8.0096e-004
5417	-7.5464e-002	0.	0.47575	1.1748e-003
5419	0.21891	0.	0.37925	1.8715e-003
5420	0.19073	0.	0.26033	4.2451e-003
5421	0.16152	0.	0.30282	3.1014e-003
5422	0.25769	0.	0.27832	2.3623e-003
5426	-0.51302	0.	0.30492	3.1408e-003
5427	-0.61621	0.	0.2488	2.6825e-003
5428	-0.55558	0.	0.24054	4.3822e-003
5429	-0.568	0.	0.32818	2.3805e-003
5430	-0.52606	0.	0.26727	4.0142e-003
5435	0.75234	0.	0.64043	1.6942e-004
5436	0.71193	0.	0.51757	2.8068e-004
5437	0.78733	0.	0.48144	2.5077e-004
5438	0.82915	0.	0.62107	1.6547e-004
5439	0.84441	0.	0.5274	1.9898e-004
5441	-1.1619	0.	0.46982	2.4557e-004
5442	-1.1631	0.	0.54962	2.0512e-004
5443	-1.0964	0.	0.45259	2.9408e-004
5444	-1.0321	0.	0.48426	3.1934e-004
5445	-1.0897	0.	0.58877	2.1855e-004
5448	0.23384	0.	0.92257	1.5528e-004
5449	0.34623	0.	0.84778	2.1098e-004
5450	0.38562	0.	0.92353	1.486e-004
5455	-0.36931	0.	0.45049	1.5606e-003
5456	-0.40313	0.	0.53415	8.7816e-004
5457	-0.32421	0.	0.47448	1.3115e-003
5458	-0.40124	0.	0.48732	1.1664e-003
5459	-0.32378	0.	0.52045	9.4765e-004
5462	0.34076	0.	0.12582	3.0997e-003
5463	0.46616	0.	0.1768	1.3825e-003
5464	0.35563	0.	0.18337	2.0227e-003
5465	0.41317	0.	0.20334	1.5627e-003
5466	0.46874	0.	0.12546	1.4761e-003
5471	-0.83251	0.	0.20588	1.1521e-003
5472	-0.72289	0.	0.18947	1.9259e-003
5473	-0.77782	0.	0.2241	1.2903e-003
5474	-0.83233	0.	0.15524	1.2214e-003
5475	-0.74847	0.	0.12632	2.2604e-003
5479	-0.86858	0.	0.31422	7.6385e-004
5480	-0.84873	0.	0.45661	5.4773e-004
5481	-0.91251	0.	0.41855	5.341e-004
5482	-0.81388	0.	0.33244	9.2917e-004
5489	0.56766	0.	0.43097	5.3198e-004
5490	0.49789	0.	0.45432	5.9726e-004
5491	0.50801	0.	0.30564	7.6239e-004
5492	0.45501	0.	0.33218	9.6465e-004
5496	-0.5211	0.	0.86358	2.0619e-004
5497	-0.6737	0.	0.85911	1.9737e-004
5498	-0.53237	0.	0.93922	1.6611e-004
5499	-0.64529	0.	0.94303	1.6851e-004
5504	-0.39127	0.	0.88699	1.6196e-004
5505	-0.45116	0.	0.75193	3.0126e-004
5506	-0.40216	0.	0.76999	2.7926e-004
5507	-0.45776	0.	0.9009	1.8308e-004
5512	-0.25466	0.	0.16153	1.8363e-002
5513	-0.1821	0.	0.13858	2.3648e-002
5518	-0.10915	0.	0.28947	5.7482e-003
5519	-0.13432	0.	0.30984	4.2363e-003
5520	-0.14704	0.	0.33612	3.3262e-003
5521	-0.12002	0.	0.37012	2.9191e-003
5522	-7.9769e-002	0.	0.34703	3.3176e-003
5528	-0.3479	0.	0.11633	4.2019e-002
5529	-0.35762	0.	9.8247e-002	6.1862e-002
5530	-0.40344	0.	0.11879	3.382e-002
5531	-0.37791	0.	9.1091e-002	5.9389e-002
5535	7.9047e-002	0.	0.94361	1.308e-004
5536	0.11197	0.	0.84869	2.1321e-004
5539	-1.2177	0.	0.34393	2.8477e-004
5540	-1.2209	0.	0.19024	3.3808e-004
5541	-1.1523	0.	0.3267	3.2898e-004
5542	-1.1527	0.	0.20166	3.9097e-004
5547	0.82182	0.	0.32919	3.049e-004
5548	0.86457	0.	0.18401	3.2907e-004
5549	0.80137	0.	0.19262	3.9641e-004
5550	0.87919	0.	0.30791	2.8147e-004
5557	0.42018	0.	0.84661	2.0264e-004
5558	0.34652	0.	0.70431	3.3601e-004
5559	0.4107	0.	0.70375	3.1869e-004
5563	1.1723e-002	0.	0.50335	1.0579e-003
5564	-4.9013e-002	0.	0.55829	7.2831e-004
5565	-3.1419e-002	0.	0.48854	1.141e-003
5566	1.7335e-002	0.	0.54976	7.8658e-004
5570	0.1048	0.	9.6108e-002	2.348e-002
5571	0.20539	0.	0.11084	9.9019e-003
5572	0.1533	0.	0.15041	1.0661e-002
5573	0.10572	0.	0.12608	1.534e-002
5574	9.575e-002	0.	7.114e-002	4.0534e-002
5580	4.924e-002	0.	8.453e-002	4.9505e-002
5581	7.3952e-002	0.	0.1252	2.377e-002
5582	6.3978e-002	0.	7.0262e-002	4.8208e-002
5587	0.22211	0.	0.16426	4.9772e-003
5588	0.28907	0.	0.18225	3.1885e-003
5592	-0.55668	0.	0.1067	9.0044e-003
5593	-0.63687	0.	0.1585	3.8775e-003
5594	-0.57624	0.	0.15024	5.4345e-003
5595	-0.66245	0.	9.5348e-002	4.2178e-003
5598	-0.52701	0.	0.15046	9.1835e-003
5599	-0.47109	0.	0.11745	1.8217e-002
5600	-0.48375	0.	0.14447	1.0907e-002
5601	-0.46079	0.	7.7759e-002	3.6886e-002
5606	0.53211	0.	0.93379	1.2048e-004
5607	0.67348	0.	0.92126	9.3343e-005
5611	-0.19877	0.	0.64031	4.6456e-004
5612	-0.16334	0.	0.68395	3.259e-004
5613	-0.29064	0.	0.70547	3.0994e-004
5614	-0.25087	0.	0.66044	4.041e-004
5618	-0.60657	0.	0.50007	9.0568e-004
5619	-0.5565	0.	0.47539	1.0558e-003
5620	-0.58485	0.	0.40836	1.425e-003
5624	-0.87748	0.	0.72197	2.5028e-004
5625	-0.84461	0.	0.79728	1.8647e-004
5626	-1.0267	0.	0.79364	1.3699e-004
5627	-1.0138	0.	0.71964	1.7163e-004
5631	0.80196	0.	0.70368	1.3043e-004
5632	0.73374	0.	0.81016	1.1015e-004
5637	-1.1695	0.	0.86536	7.6748e-005
5638	-1.2395	0.	0.83862	6.8455e-005
5643	0.21676	0.	0.51189	8.8427e-004
5647	-0.18963	0.	0.53667	8.5607e-004
5648	-0.13866	0.	0.62803	4.9283e-004
5649	-0.12704	0.	0.58422	6.1263e-004
5650	-0.2262	0.	0.60452	5.4784e-004
5651	-0.22968	0.	0.56157	7.0594e-004
5655	-7.3275e-002	0.	0.23898	8.7099e-003
5656	-0.13377	0.	0.27143	5.9541e-003
5657	-9.5959e-002	0.	0.2179	1.2043e-002
5663	-0.31631	0.	0.19944	1.4577e-002
5664	-0.34112	0.	0.26194	7.479e-003
5665	-0.30748	0.	0.24597	7.8214e-003
5669	-0.25176	0.	0.95096	7.1581e-005
5670	-0.40254	0.	0.96264	1.1647e-004
5674	-0.41889	0.	0.36079	2.6624e-003
5675	-0.36341	0.	0.3489	3.5849e-003
5676	-0.33122	0.	0.42281	1.7764e-003
5677	-0.40826	0.	0.43565	1.6823e-003
5681	0.37642	0.	0.63719	3.8833e-004
5682	0.25969	0.	0.60994	5.117e-004
5684	0.71972	0.	0.4412	3.2625e-004
5685	0.57454	0.	0.50067	4.2388e-004
5690	-0.4499	0.	0.62237	5.3997e-004
5691	-0.47934	0.	0.53473	8.4018e-004
5692	-0.44208	0.	0.5193	1.0011e-003
5696	-0.40684	0.	0.69666	3.5061e-004
5699	3.4996e-002	0.	0.87186	1.9407e-004
5700	-8.2701e-002	0.	0.95999	7.3419e-005
5701	-3.288e-002	0.	0.91622	1.2163e-004
5707	-0.93652	0.	0.19788	7.5592e-004
5708	-1.0452	0.	0.1455	5.5627e-004
5709	-0.93633	0.	0.14724	8.3142e-004
5715	0.57662	0.	0.17952	7.3127e-004
5716	0.69123	0.	0.13216	5.6016e-004
5717	0.5792	0.	0.12819	8.3179e-004
5720	-2.0945e-002	0.	0.19882	1.4473e-002
5721	-6.0628e-002	0.	0.20581	1.3601e-002
5725	-0.18929	0.	0.28687	4.5413e-003
5726	-0.25143	0.	0.27449	5.1692e-003
5727	-0.20201	0.	0.31315	3.8411e-003
5732	1.2454e-002	0.	8.1892e-002	7.0503e-002
5733	4.0191e-002	0.	5.9561e-002	6.4784e-002
5734	2.1545e-002	0.	6.405e-002	9.8132e-002
5740	0.85249	0.	0.38378	2.7202e-004
5741	0.8522	0.	0.45102	2.4869e-004
5746	-7.4938e-002	0.	0.11689	3.6726e-002
5747	-2.2309e-002	0.	0.13996	3.1057e-002
5748	-6.1992e-002	0.	0.14695	2.9892e-002
5749	-2.0608e-002	0.	9.9561e-002	5.8939e-002
5756	-1.2357	0.	0.50292	1.9616e-004
5757	-1.169	0.	0.40589	2.832e-004
5761	-0.78456	0.	0.741	2.6689e-004
5762	-0.83241	0.	0.59691	3.6752e-004
5763	-0.76966	0.	0.63165	4.0031e-004
5768	0.47268	0.	0.58032	4.3332e-004
5770	9.0149e-002	0.	0.70695	4.1176e-004
5771	3.843e-005	0.	0.8213	2.0296e-004
5777	0.15976	0.	0.60954	5.7854e-004
5778	8.2542e-002	0.	0.60196	6.4822e-004
5782	7.246e-002	0.	0.30792	3.3972e-003
5783	-8.2597e-003	0.	0.3466	2.9107e-003
5787	-0.83237	0.	0.26156	1.0013e-003
5788	-0.88688	0.	0.19269	9.2292e-004
5793	0.47202	0.	0.25321	1.0239e-003
5794	0.52759	0.	0.17532	9.2317e-004
5798	0.89402	0.	0.59065	1.6417e-004
5803	0.14081	0.	0.24632	4.6453e-003
5804	0.23699	0.	0.22181	4.0554e-003
5805	0.12245	0.	0.17949	1.1032e-002
5811	-0.13248	0.	0.12635	2.9535e-002
5812	-9.6259e-002	0.	0.15468	2.446e-002
5817	-0.24565	0.	0.46787	1.2782e-003
5818	-0.16776	0.	0.45065	1.4841e-003
5819	-0.24522	0.	0.51384	9.455e-004
5823	-0.72327	0.	0.90024	1.7411e-004
5828	-0.11766	0.	0.90943	9.7759e-005
5833	-0.40598	0.	0.31087	4.1519e-003
5834	-0.51643	0.	0.34602	2.5229e-003
5835	-0.4745	0.	0.28511	4.1336e-003
5840	-0.31226	0.	0.14852	3.0555e-002
5845	-0.31686	0.	0.28301	5.4132e-003
5850	-0.28569	0.	0.49277	1.2292e-003
5854	-0.33338	0.	0.10498	6.1085e-002
5860	-0.6072	0.	0.20226	4.0764e-003
5861	-0.72275	0.	0.24515	1.7958e-003
5862	-0.6934	0.	0.14736	2.7113e-003
5867	-0.91116	0.	0.49006	3.8867e-004
5868	-0.78464	0.	0.56286	4.3639e-004
5872	-0.17166	0.	0.31808	3.8229e-003
5879	3.5464e-002	0.	0.16296	1.7001e-002
5880	-4.363e-002	0.	0.17775	1.7126e-002
5885	-0.56478	0.	0.52802	8.2798e-004
5886	-0.66837	0.	0.57515	5.711e-004
5887	-0.62386	0.	0.60009	5.671e-004
5891	-1.1635	0.	0.62187	1.6295e-004
5892	-1.2463	0.	0.66914	1.2134e-004
5897	0.81743	0.	0.12332	4.1152e-004
5902	-1.1727	0.	0.12716	3.9811e-004
5906	-1.0392	0.	0.42033	3.5244e-004
5915	0.36149	0.	0.25977	1.7035e-003
5919	-0.50331	0.	0.18801	7.7157e-003
5920	-0.51705	0.	0.22073	5.2846e-003
5930	-9.1613e-002	0.	0.62786	5.0792e-004
5934	-0.15736	0.	0.37835	2.4532e-003
5937	-9.0095e-002	0.	0.38927	2.2272e-003
5938	-8.7577e-002	0.	0.42845	1.6183e-003
5944	-0.31807	0.	0.66968	4.0644e-004
5948	0.80818	0.	0.92461	6.4074e-005
5953	-1.6673e-003	0.	0.45935	1.3556e-003
5954	4.7087e-002	0.	0.52057	1.0331e-003
5980	-1.1029	0.	0.73503	1.4005e-004
5981	-1.1857	0.	0.78229	9.2902e-005
5989	-0.47745	0.	0.48791	1.1403e-003
6003	-4.7327e-002	0.	0.40536	2.094e-003
6013	-0.4092	0.	0.10028	5.0283e-002
6014	-0.44739	0.	0.155	1.7045e-002
6015	-0.42443	0.	8.8287e-002	4.1905e-002
6021	-0.37872	0.	6.3257e-002	0.10762
6022	-0.3989	0.	6.0591e-002	6.716e-002
6028	-0.28178	0.	0.58169	6.7894e-004
6040	-1.1729	0.	0.70829	1.3206e-004
6047	-0.47379	0.	0.21474	7.3843e-003
6060	0.90957	0.	0.42974	2.2428e-004
6068	-0.67738	0.	0.62254	4.6323e-004
10206	4.6072e-002	0.	3.6229e-002	8.4658e-002
10207	2.7426e-002	0.	4.0718e-002	0.1146
10210	3.6283e-002	0.	4.9782e-002	9.7126e-002
10231	-0.39394	0.	5.1261e-002	9.9987e-002
10232	-0.38551	0.	4.0838e-002	0.12468
10235	-0.40569	0.	3.8172e-002	8.775e-002
