Node Number	X Location (m)	Y Location (m)	Z Location (m)	Total Magnetic Flux Density (T)
9	-0.12	0.	1.5e-002	0.12206
10	-0.10286	0.	1.5e-002	0.20419
11	-8.5714e-002	0.	1.5e-002	0.30256
12	-6.8571e-002	0.	1.5e-002	0.3441
13	-5.1429e-002	0.	1.5e-002	0.34768
14	-3.4286e-002	0.	1.5e-002	0.31377
15	0.	0.	1.5e-002	0.12223
16	-1.7143e-002	0.	1.5e-002	0.21573
59	-1.7143e-002	0.	-1.5e-002	0.21692
60	0.	0.	-1.5e-002	0.12804
61	-3.4286e-002	0.	-1.5e-002	0.30262
62	-5.1429e-002	0.	-1.5e-002	0.34367
63	-6.8571e-002	0.	-1.5e-002	0.34768
64	-8.5714e-002	0.	-1.5e-002	0.31443
65	-0.10286	0.	-1.5e-002	0.21411
66	-0.12	0.	-1.5e-002	0.11956
385	0.	0.	0.	9.8947e-002
386	-0.12	0.	0.	0.10544
1810	-0.11143	0.	1.5e-002	0.1608
1812	-0.12	0.	7.5e-003	0.11041
1818	-9.4286e-002	0.	1.5e-002	0.25286
1820	-0.10286	0.	0.	0.20676
1821	-0.11143	0.	7.5e-003	0.15403
1826	-7.7143e-002	0.	1.5e-002	0.3233
1828	-8.5714e-002	0.	0.	0.30832
1829	-9.4286e-002	0.	0.	0.25737
1832	-6.e-002	0.	1.5e-002	0.34587
1834	-6.8571e-002	0.	0.	0.34587
1835	-7.7143e-002	0.	0.	0.32918
1838	-4.2857e-002	0.	1.5e-002	0.3307
1840	-5.1429e-002	0.	0.	0.34566
1841	-6.e-002	0.	0.	0.34768
1844	-2.5714e-002	0.	1.5e-002	0.2645
1846	-3.4286e-002	0.	0.	0.30801
1847	-4.2857e-002	0.	0.	0.32863
1850	-8.5714e-003	0.	1.5e-002	0.16638
1852	0.	0.	7.5e-003	0.10817
1858	-1.7143e-002	0.	0.	0.21454
1859	-2.5714e-002	0.	0.	0.2584
1860	-8.5714e-003	0.	7.5e-003	0.15682
2085	-8.5714e-003	0.	-1.5e-002	0.17114
2086	-2.5714e-002	0.	-1.5e-002	0.25942
2088	-8.5714e-003	0.	-7.5e-003	0.15682
2093	0.	0.	-7.5e-003	0.11069
2097	-4.2857e-002	0.	-1.5e-002	0.32311
2101	-6.e-002	0.	-1.5e-002	0.34565
2105	-7.7143e-002	0.	-1.5e-002	0.33102
2109	-9.4286e-002	0.	-1.5e-002	0.2639
2113	-0.11143	0.	-1.5e-002	0.16411
2115	-0.11143	0.	-7.5e-003	0.15869
2121	-0.12	0.	-7.5e-003	0.10823
1	0.	0.	2.25e-002	5.03e-002
2	-1.7143e-002	0.	2.25e-002	3.8219e-002
3	-3.4286e-002	0.	2.25e-002	2.174e-002
4	-5.1429e-002	0.	2.25e-002	1.0934e-002
5	-6.8571e-002	0.	2.25e-002	1.1101e-002
6	-8.5714e-002	0.	2.25e-002	2.111e-002
7	-0.10286	0.	2.25e-002	3.7987e-002
8	-0.12	0.	2.25e-002	5.1194e-002
9	-0.12	0.	1.5e-002	5.1194e-002
10	-0.10286	0.	1.5e-002	3.7987e-002
11	-8.5714e-002	0.	1.5e-002	2.111e-002
12	-6.8571e-002	0.	1.5e-002	1.1101e-002
13	-5.1429e-002	0.	1.5e-002	1.0934e-002
14	-3.4286e-002	0.	1.5e-002	2.174e-002
15	0.	0.	1.5e-002	5.03e-002
16	-1.7143e-002	0.	1.5e-002	3.8219e-002
59	-1.7143e-002	0.	-1.5e-002	3.7696e-002
60	0.	0.	-1.5e-002	5.0296e-002
61	-3.4286e-002	0.	-1.5e-002	2.1374e-002
62	-5.1429e-002	0.	-1.5e-002	1.1024e-002
63	-6.8571e-002	0.	-1.5e-002	1.0967e-002
64	-8.5714e-002	0.	-1.5e-002	2.1485e-002
65	-0.10286	0.	-1.5e-002	3.8871e-002
66	-0.12	0.	-1.5e-002	5.1639e-002
131	-0.10286	0.	-2.25e-002	3.8871e-002
132	-0.12	0.	-2.25e-002	5.1639e-002
133	-8.5714e-002	0.	-2.25e-002	2.1485e-002
134	-6.8571e-002	0.	-2.25e-002	1.0967e-002
135	-5.1429e-002	0.	-2.25e-002	1.1024e-002
136	-3.4286e-002	0.	-2.25e-002	2.1374e-002
137	-1.7143e-002	0.	-2.25e-002	3.7696e-002
138	0.	0.	-2.25e-002	5.0296e-002
1758	-8.5714e-003	0.	2.25e-002	4.4072e-002
1759	0.	0.	1.875e-002	5.03e-002
1765	-2.5714e-002	0.	2.25e-002	2.9387e-002
1766	-1.7143e-002	0.	1.875e-002	3.8219e-002
1771	-4.2857e-002	0.	2.25e-002	1.586e-002
1772	-3.4286e-002	0.	1.875e-002	2.174e-002
1778	-6.e-002	0.	2.25e-002	9.0493e-003
1779	-5.1429e-002	0.	1.875e-002	1.0934e-002
1783	-7.7143e-002	0.	2.25e-002	1.5643e-002
1784	-6.8571e-002	0.	1.875e-002	1.1101e-002
1790	-9.4286e-002	0.	2.25e-002	2.8945e-002
1791	-8.5714e-002	0.	1.875e-002	2.111e-002
1796	-0.11143	0.	2.25e-002	4.4426e-002
1797	-0.10286	0.	1.875e-002	3.7987e-002
1803	-0.12	0.	1.875e-002	5.1194e-002
1810	-0.11143	0.	1.5e-002	4.4426e-002
1818	-9.4286e-002	0.	1.5e-002	2.8945e-002
1826	-7.7143e-002	0.	1.5e-002	1.5643e-002
1832	-6.e-002	0.	1.5e-002	9.0493e-003
1838	-4.2857e-002	0.	1.5e-002	1.586e-002
1844	-2.5714e-002	0.	1.5e-002	2.9387e-002
1850	-8.5714e-003	0.	1.5e-002	4.4072e-002
2085	-8.5714e-003	0.	-1.5e-002	4.3816e-002
2086	-2.5714e-002	0.	-1.5e-002	2.8936e-002
2087	-1.7143e-002	0.	-1.875e-002	3.7696e-002
2092	0.	0.	-1.875e-002	5.0296e-002
2097	-4.2857e-002	0.	-1.5e-002	1.5739e-002
2098	-3.4286e-002	0.	-1.875e-002	2.1374e-002
2101	-6.e-002	0.	-1.5e-002	9.0461e-003
2102	-5.1429e-002	0.	-1.875e-002	1.1024e-002
2105	-7.7143e-002	0.	-1.5e-002	1.5731e-002
2106	-6.8571e-002	0.	-1.875e-002	1.0967e-002
2109	-9.4286e-002	0.	-1.5e-002	2.9594e-002
2110	-8.5714e-002	0.	-1.875e-002	2.1485e-002
2113	-0.11143	0.	-1.5e-002	4.5091e-002
2114	-0.10286	0.	-1.875e-002	3.8871e-002
2120	-0.12	0.	-1.875e-002	5.1639e-002
2519	-0.11143	0.	-2.25e-002	4.5091e-002
2520	-9.4286e-002	0.	-2.25e-002	2.9594e-002
2529	-7.7143e-002	0.	-2.25e-002	1.5731e-002
2533	-6.e-002	0.	-2.25e-002	9.0461e-003
2537	-4.2857e-002	0.	-2.25e-002	1.5739e-002
2543	-2.5714e-002	0.	-2.25e-002	2.8936e-002
2546	-8.5714e-003	0.	-2.25e-002	4.3816e-002
60	0.	0.	-1.5e-002	4.5276e-002
66	-0.12	0.	-1.5e-002	4.3535e-002
131	-0.10286	0.	-2.25e-002	2.5112e-002
132	-0.12	0.	-2.25e-002	2.7939e-002
133	-8.5714e-002	0.	-2.25e-002	1.7924e-002
134	-6.8571e-002	0.	-2.25e-002	1.2368e-002
135	-5.1429e-002	0.	-2.25e-002	1.3017e-002
136	-3.4286e-002	0.	-2.25e-002	1.7162e-002
137	-1.7143e-002	0.	-2.25e-002	2.5726e-002
138	0.	0.	-2.25e-002	2.5177e-002
209	1.	0.	-9.2955e-002	5.1172e-006
210	1.	0.	-0.18591	4.8404e-006
211	1.	0.	-0.27886	4.3419e-006
212	1.	0.	-0.37182	3.713e-006
213	1.	0.	-0.46477	2.8792e-006
214	1.	0.	-0.55773	2.306e-006
215	1.	0.	-0.65068	1.6962e-006
216	1.	0.	-0.74364	1.2361e-006
217	1.	0.	-0.83659	7.3027e-007
218	1.	0.	-0.92955	3.6438e-007
229	0.90783	0.	-1.0225	3.4825e-007
230	0.81565	0.	-1.0225	7.6729e-007
231	0.72348	0.	-1.0225	9.8847e-007
232	0.6313	0.	-1.0225	1.3349e-006
233	0.53913	0.	-1.0225	1.6258e-006
234	0.44696	0.	-1.0225	1.8203e-006
235	0.35478	0.	-1.0225	1.7727e-006
236	0.26261	0.	-1.0225	1.6759e-006
237	0.17043	0.	-1.0225	1.442e-006
238	7.8261e-002	0.	-1.0225	9.6649e-007
239	-1.3913e-002	0.	-1.0225	4.9511e-007
240	-0.10609	0.	-1.0225	4.4917e-007
241	-0.19826	0.	-1.0225	9.1302e-007
242	-0.29043	0.	-1.0225	1.4881e-006
243	-0.38261	0.	-1.0225	1.7702e-006
244	-0.47478	0.	-1.0225	1.8464e-006
245	-0.56696	0.	-1.0225	1.7525e-006
246	-0.65913	0.	-1.0225	1.6046e-006
247	-0.7513	0.	-1.0225	1.3317e-006
248	-0.84348	0.	-1.0225	1.0077e-006
249	-0.93565	0.	-1.0225	7.3345e-007
250	-1.0278	0.	-1.0225	3.5424e-007
256	-1.12	0.	-0.92955	4.1775e-007
257	-1.12	0.	-0.83659	7.3105e-007
258	-1.12	0.	-0.74364	1.212e-006
259	-1.12	0.	-0.65068	1.7198e-006
260	-1.12	0.	-0.55773	2.2942e-006
261	-1.12	0.	-0.46477	2.9878e-006
262	-1.12	0.	-0.37182	3.6073e-006
263	-1.12	0.	-0.27886	4.2516e-006
264	-1.12	0.	-0.18591	4.858e-006
265	-1.12	0.	-9.2955e-002	5.1775e-006
271	9.0909e-002	0.	0.	1.411e-003
272	0.18182	0.	0.	3.1012e-004
273	0.27273	0.	0.	1.1642e-004
274	0.36364	0.	0.	5.7228e-005
275	0.45455	0.	0.	2.8057e-005
276	0.54545	0.	0.	1.8945e-005
277	0.63636	0.	0.	1.2481e-005
278	0.72727	0.	0.	8.8413e-006
279	0.81818	0.	0.	6.7124e-006
280	0.90909	0.	0.	5.4687e-006
281	-1.0291	0.	0.	5.5345e-006
282	-0.93818	0.	0.	6.363e-006
283	-0.84727	0.	0.	8.4741e-006
284	-0.75636	0.	0.	1.3307e-005
285	-0.66545	0.	0.	1.9123e-005
286	-0.57455	0.	0.	3.2797e-005
287	-0.48364	0.	0.	5.1148e-005
288	-0.39273	0.	0.	1.418e-004
289	-0.30182	0.	0.	4.2677e-004
290	-0.21091	0.	0.	1.6049e-003
385	0.	0.	0.	6.895e-002
386	-0.12	0.	0.	6.9897e-002
391	1.	0.	-1.0225	1.987e-007
392	1.	0.	0.	5.2399e-006
393	-1.12	0.	-1.0225	2.0497e-007
394	-1.12	0.	0.	5.2386e-006
399	4.5455e-002	0.	0.	4.6733e-003
400	2.2727e-002	0.	0.	2.0049e-002
401	-0.16545	0.	0.	6.3934e-003
402	-0.14273	0.	0.	3.043e-002
550	8.5217e-002	0.	-0.5225	1.3215e-005
551	-1.7391e-002	0.	-0.2725	9.9482e-005
552	-0.24609	0.	-0.6475	5.8158e-006
553	0.54852	0.	-0.47513	6.9755e-006
554	-0.69881	0.	-0.56925	4.8578e-006
555	-6.0438e-002	0.	-0.14678	5.4096e-004
556	-0.15739	0.	-0.3975	2.5841e-005
557	-0.42022	0.	-0.47682	1.2428e-005
558	0.20502	0.	-0.76082	3.5138e-006
559	0.19309	0.	-0.28707	5.4573e-005
560	-0.78555	0.	-0.28299	9.4642e-006
561	0.5969	0.	-0.79906	2.1153e-006
562	-9.0725e-002	0.	-0.68917	3.9748e-006
563	-0.32615	0.	-0.10818	1.6419e-004
564	-0.23881	0.	-7.7575e-002	6.9196e-004
565	-0.49228	0.	-0.1646	4.3472e-005
566	0.60416	0.	-0.32909	8.9551e-006
567	-1.5272e-002	0.	-6.7893e-002	4.3056e-003
568	7.8037e-002	0.	-0.16271	3.5599e-004
569	0.20261	0.	-0.50832	1.4162e-005
570	-0.61637	0.	-0.73055	3.0124e-006
571	-0.92685	0.	-0.76575	1.421e-006
572	0.41739	0.	-0.39569	1.3524e-005
573	-8.5797e-002	0.	-0.10583	1.2519e-003
574	0.87137	0.	-0.53862	2.5378e-006
575	-0.12783	0.	-0.31417	6.2914e-005
576	0.33317	0.	-0.69889	4.745e-006
577	-0.97546	0.	-0.51191	2.9748e-006
578	-0.38134	0.	-0.35123	3.4311e-005
579	0.37509	0.	-0.25094	3.4052e-005
580	-0.32032	0.	-0.88452	1.9061e-006
581	-0.63841	0.	-0.30606	1.4864e-005
582	0.75235	0.	-0.28958	6.2262e-006
583	-0.42986	0.	-0.67955	4.7177e-006
584	5.6451e-003	0.	-0.84258	1.9991e-006
585	-0.16494	0.	-0.19199	2.3479e-004
586	-0.12406	0.	-0.54333	9.5683e-006
587	-0.28762	0.	-0.27126	7.9033e-005
588	5.4427e-002	0.	-0.41393	2.2835e-005
589	-9.3412e-002	0.	-6.9363e-002	3.6559e-003
590	0.38725	0.	-0.85102	2.4161e-006
591	0.85589	0.	-0.79496	1.0882e-006
592	5.201e-002	0.	-0.73284	3.3664e-006
593	-0.17572	0.	-5.4463e-002	2.5495e-003
594	-0.95169	0.	-0.25196	5.6804e-006
595	-0.20818	0.	-0.78169	2.6535e-006
596	7.1219e-002	0.	-8.5493e-002	1.2058e-003
597	-0.84765	0.	-0.90111	1.2063e-006
598	0.30018	0.	-0.33871	2.816e-005
599	-0.27694	0.	-0.43898	1.9976e-005
600	-0.56263	0.	-0.90579	2.1215e-006
601	2.1483e-002	0.	-0.1065	1.4767e-003
602	-0.78242	0.	-0.72227	2.5459e-006
603	0.56558	0.	-0.15395	1.3145e-005
604	0.21685	0.	-0.39669	2.7083e-005
605	0.1601	0.	-0.63181	6.2848e-006
606	0.47529	0.	-0.73164	3.1705e-006
607	0.22377	0.	-0.10293	1.7344e-004
608	0.72585	0.	-0.43273	5.4589e-006
609	0.67945	0.	-0.5954	3.3387e-006
610	-0.60259	0.	-0.17185	2.4367e-005
611	-0.69773	0.	-0.87239	1.7923e-006
612	2.8698e-002	0.	-4.4136e-002	6.6514e-003
613	-0.88704	0.	-0.39327	4.6845e-006
614	0.37447	0.	-0.54786	7.0777e-006
615	-0.52931	0.	-0.39144	1.4488e-005
616	-2.7536e-003	0.	-0.60583	7.4064e-006
617	-0.8287	0.	-0.52568	3.7193e-006
618	-0.56374	0.	-0.51344	8.3661e-006
619	0.44588	0.	-0.12525	2.7063e-005
620	0.77715	0.	-0.14068	6.9226e-006
621	-0.80622	0.	-0.13903	9.7738e-006
622	8.9692e-002	0.	-0.25621	9.9179e-005
623	-2.472e-002	0.	-0.48661	1.5175e-005
624	-0.17855	0.	-0.12535	7.3668e-004
625	-0.10719	0.	-0.23501	1.5405e-004
626	-0.34514	0.	-0.57686	7.8505e-006
627	-1.5197e-003	0.	-0.15457	5.1775e-004
628	0.5915	0.	-0.90681	1.6453e-006
629	-5.9335e-002	0.	-6.8221e-002	4.2564e-003
630	0.86292	0.	-0.40227	3.7388e-006
631	-1.0019	0.	-0.89468	6.4784e-007
632	-0.32188	0.	-0.73644	3.6346e-006
633	0.26403	0.	-0.21891	7.7737e-005
634	-0.17517	0.	-0.92063	1.0914e-006
635	0.13663	0.	-9.4117e-002	4.2602e-004
636	0.2041	0.	-0.90763	1.9377e-006
637	-4.8731e-002	0.	-0.38227	3.1371e-005
638	0.86805	0.	-0.28011	4.6676e-006
639	0.85346	0.	-0.67194	1.9036e-006
640	-0.3827	0.	-0.21596	6.7177e-005
641	-0.22838	0.	-0.5462	1.0851e-005
642	-3.348e-002	0.	-0.1083	1.6811e-003
643	-0.64234	0.	-0.43681	8.9466e-006
644	-0.39913	0.	-0.79108	2.7691e-006
645	-1.0156	0.	-0.37819	3.6598e-006
646	-0.97408	0.	-9.7096e-002	6.1944e-006
647	0.71043	0.	-0.88093	1.262e-006
648	0.12653	0.	-0.34961	3.9685e-005
649	-0.11007	0.	-0.82458	2.0126e-006
650	0.85626	0.	-0.92709	5.9628e-007
651	-0.5024	0.	-0.26818	2.5485e-005
652	-8.7561e-003	0.	-4.0236e-002	1.5355e-002
653	-0.88995	0.	-0.62932	2.2732e-006
654	0.51145	0.	-0.60622	4.5003e-006
655	-0.21804	0.	-0.33822	5.5245e-005
656	0.29775	0.	-0.46285	1.4579e-005
657	3.1661e-002	0.	-0.20955	2.0604e-004
658	-0.23973	0.	-0.17746	2.3258e-004
659	0.1093	0.	-0.8324	2.1547e-006
660	0.14194	0.	-0.44051	2.2349e-005
661	-4.5133e-002	0.	-0.19464	2.7423e-004
662	-0.19526	0.	-0.26703	1.0395e-004
663	0.32601	0.	-0.12094	6.5859e-005
664	-1.0199	0.	-0.65339	1.7205e-006
665	-0.49392	0.	-0.78079	3.0329e-006
666	-0.1312	0.	-8.6963e-002	2.2135e-003
667	0.88857	0.	-0.11682	5.832e-006
668	0.16139	0.	-0.18362	1.6985e-004
669	-7.8313e-002	0.	-4.4204e-002	9.8092e-003
670	7.2999e-002	0.	-0.93673	1.161e-006
671	-0.10866	0.	-4.3178e-002	1.1992e-002
672	-3.5321e-002	0.	-4.0806e-002	1.1577e-002
673	-0.47722	0.	-0.59271	6.9412e-006
674	0.71621	0.	-0.72541	1.9498e-006
675	-0.11507	0.	-0.1627	4.5392e-004
676	-0.13963	0.	-3.3061e-002	1.489e-002
677	0.48848	0.	-0.27652	1.5789e-005
678	-0.76524	0.	-0.40887	6.6418e-006
679	0.275	0.	-0.58981	7.569e-006
680	-0.43639	0.	-0.8968	2.0023e-006
681	0.32493	0.	-0.93676	1.9018e-006
682	-0.58263	0.	-0.61403	4.6909e-006
683	-0.42865	0.	-9.0511e-002	6.8768e-005
684	0.67598	0.	-0.15261	9.7699e-006
685	-5.1836e-002	0.	-0.92684	6.3942e-007
686	0.5035	0.	-0.88171	1.9712e-006
687	0.2834	0.	-0.84167	2.6076e-006
688	-5.8129e-002	0.	-4.0973e-002	9.2951e-003
689	4.4324e-002	0.	-0.32952	5.2547e-005
690	-0.70626	0.	-0.12872	1.5039e-005
691	-0.54506	0.	-7.6515e-002	3.3838e-005
692	-0.11254	0.	-0.46167	1.6279e-005
693	-1.0356	0.	-0.78477	9.9796e-007
694	0.58988	0.	-0.68439	2.8422e-006
2092	0.	0.	-1.875e-002	3.4058e-002
2093	0.	0.	-7.5e-003	5.6918e-002
2094	1.1364e-002	0.	-7.5e-003	3.2457e-002
2120	-0.12	0.	-1.875e-002	3.4729e-002
2121	-0.12	0.	-7.5e-003	5.5897e-002
2122	-0.13136	0.	-7.5e-003	3.615e-002
2123	-0.12981	0.	-2.4031e-002	2.9027e-002
2519	-0.11143	0.	-2.25e-002	2.4834e-002
2520	-9.4286e-002	0.	-2.25e-002	2.118e-002
2521	-0.10576	0.	-3.2839e-002	1.8548e-002
2525	-0.11433	0.	-3.2839e-002	1.9015e-002
2526	-0.12981	0.	-2.7781e-002	2.1253e-002
2529	-7.7143e-002	0.	-2.25e-002	1.4054e-002
2530	-8.2014e-002	0.	-3.3352e-002	1.36e-002
2531	-9.7186e-002	0.	-3.2839e-002	1.4676e-002
2533	-6.e-002	0.	-2.25e-002	1.2164e-002
2534	-7.3442e-002	0.	-3.3352e-002	1.0904e-002
2535	-6.335e-002	0.	-3.1737e-002	1.0702e-002
2537	-4.2857e-002	0.	-2.25e-002	1.47e-002
2538	-4.3375e-002	0.	-3.1653e-002	1.1946e-002
2539	-5.4779e-002	0.	-3.1737e-002	1.1059e-002
2543	-2.5714e-002	0.	-2.25e-002	2.0829e-002
2544	-3.4804e-002	0.	-3.1653e-002	1.4363e-002
2546	-8.5714e-003	0.	-2.25e-002	2.3245e-002
2547	-1.2949e-002	0.	-3.1368e-002	2.0352e-002
2548	-2.6232e-002	0.	-3.1653e-002	1.8195e-002
2550	1.1364e-002	0.	-1.125e-002	2.1198e-002
2551	1.4349e-002	0.	-3.3318e-002	1.5903e-002
2552	-4.378e-003	0.	-3.1368e-002	1.9413e-002
3000	1.	0.	-0.13943	4.977e-006
3002	0.95455	0.	-4.6477e-002	5.2928e-006
3003	1.	0.	-4.6477e-002	5.1781e-006
3004	0.94429	0.	-0.10489	5.4719e-006
3008	1.	0.	-0.23239	4.5908e-006
3009	0.93403	0.	-0.23301	4.7498e-006
3010	0.94429	0.	-0.15136	5.3352e-006
3013	1.	0.	-0.32534	4.0258e-006
3014	0.93403	0.	-0.27949	4.502e-006
3018	1.	0.	-0.4183	3.2956e-006
3019	0.93146	0.	-0.38705	3.7179e-006
3020	0.93403	0.	-0.32597	4.1902e-006
3024	1.	0.	-0.51125	2.5925e-006
3025	0.93569	0.	-0.5017	2.6952e-006
3026	0.93146	0.	-0.43352	3.2993e-006
3028	1.	0.	-0.6042	2.0009e-006
3029	0.93569	0.	-0.54818	2.4118e-006
3032	1.	0.	-0.69716	1.4654e-006
3033	0.93569	0.	-0.59465	2.1106e-006
3034	0.92673	0.	-0.66131	1.7719e-006
3038	1.	0.	-0.79011	9.8056e-007
3039	0.92795	0.	-0.7693	1.1413e-006
3040	0.92673	0.	-0.70779	1.5541e-006
3044	1.	0.	-0.88307	5.4466e-007
3045	0.92795	0.	-0.81578	9.0291e-007
3046	0.92813	0.	-0.88184	6.2482e-007
3051	0.95391	0.	-0.97602	3.3781e-007
3052	1.	0.	-0.97602	2.7916e-007
3053	0.92813	0.	-0.92832	4.6551e-007
3124	0.86174	0.	-1.0225	5.5576e-007
3125	0.95391	0.	-1.0225	2.6709e-007
3126	0.88204	0.	-0.97479	4.7126e-007
3130	0.76957	0.	-1.0225	8.7757e-007
3131	0.76304	0.	-0.95172	1.0111e-006
3132	0.83596	0.	-0.97479	6.7345e-007
3135	0.67739	0.	-1.0225	1.1613e-006
3136	0.71696	0.	-0.95172	1.1187e-006
3141	0.58522	0.	-1.0225	1.4801e-006
3142	0.6114	0.	-0.96465	1.4884e-006
3143	0.67087	0.	-0.95172	1.2869e-006
3145	0.49304	0.	-1.0225	1.7227e-006
3146	0.56531	0.	-0.96465	1.6326e-006
3147	0.52132	0.	-0.9521	1.7966e-006
3151	0.40087	0.	-1.0225	1.796e-006
3152	0.4171	0.	-0.93676	2.1175e-006
3153	0.38594	0.	-0.97963	1.86e-006
3154	0.47523	0.	-0.9521	1.8918e-006
3157	0.3087	0.	-1.0225	1.7237e-006
3158	0.33986	0.	-0.97963	1.8371e-006
3162	0.21652	0.	-1.0225	1.5578e-006
3163	0.23335	0.	-0.96506	1.7995e-006
3164	0.29377	0.	-0.97963	1.7885e-006
3169	0.12435	0.	-1.0225	1.2033e-006
3170	0.18727	0.	-0.96506	1.6872e-006
3171	0.12172	0.	-0.97962	1.2874e-006
3174	3.2174e-002	0.	-1.0225	6.8727e-007
3175	7.563e-002	0.	-0.97962	1.0566e-006
3178	-6.e-002	0.	-1.0225	3.3422e-007
3179	2.9543e-002	0.	-0.97962	8.0587e-007
3180	-3.2875e-002	0.	-0.97467	5.383e-007
3184	-0.15217	0.	-1.0225	6.7232e-007
3185	-0.14063	0.	-0.97156	7.7007e-007
3186	-7.8961e-002	0.	-0.97467	4.8784e-007
3188	-0.24435	0.	-1.0225	1.1981e-006
3189	-0.18672	0.	-0.97156	9.9144e-007
3192	-0.33652	0.	-1.0225	1.6267e-006
3193	-0.30538	0.	-0.95351	1.6969e-006
3194	-0.2328	0.	-0.97156	1.2611e-006
3198	-0.4287	0.	-1.0225	1.8076e-006
3199	-0.35147	0.	-0.95351	1.8345e-006
3200	-0.4095	0.	-0.95965	1.8862e-006
3202	-0.52087	0.	-1.0225	1.799e-006
3203	-0.5187	0.	-0.96414	1.9809e-006
3204	-0.45559	0.	-0.95965	1.924e-006
3208	-0.61304	0.	-1.0225	1.6782e-006
3209	-0.56479	0.	-0.96414	1.9358e-006
3214	-0.70522	0.	-1.0225	1.4678e-006
3215	-0.61088	0.	-0.96414	1.8629e-006
3216	-0.67843	0.	-0.94744	1.6934e-006
3220	-0.79739	0.	-1.0225	1.1693e-006
3221	-0.79947	0.	-0.9618	1.2589e-006
3222	-0.72452	0.	-0.94744	1.5591e-006
3224	-0.88957	0.	-1.0225	8.6923e-007
3225	-0.84556	0.	-0.9618	1.1015e-006
3229	-0.98174	0.	-1.0225	5.3366e-007
3230	-0.89165	0.	-0.9618	9.6897e-007
3231	-0.9688	0.	-0.95859	6.7433e-007
3236	-1.0739	0.	-0.97602	3.7533e-007
3237	-1.0739	0.	-1.0225	2.7918e-007
3238	-1.0149	0.	-0.95859	5.0095e-007
3266	-1.12	0.	-0.88307	5.7284e-007
3267	-1.12	0.	-0.97602	3.0681e-007
3268	-1.061	0.	-0.91211	5.2031e-007
3272	-1.12	0.	-0.79011	9.7058e-007
3273	-1.061	0.	-0.86564	6.5967e-007
3274	-1.0778	0.	-0.81068	8.6347e-007
3277	-1.12	0.	-0.69716	1.4649e-006
3278	-1.0699	0.	-0.69851	1.4647e-006
3279	-1.0778	0.	-0.7642	1.1022e-006
3284	-1.12	0.	-0.6042	2.0066e-006
3285	-1.0699	0.	-0.65203	1.7142e-006
3287	-1.12	0.	-0.51125	2.6405e-006
3288	-1.0477	0.	-0.53482	2.6155e-006
3289	-1.0699	0.	-0.60556	2.003e-006
3294	-1.12	0.	-0.4183	3.2965e-006
3295	-1.0477	0.	-0.48834	2.9519e-006
3296	-1.0678	0.	-0.42148	3.3229e-006
3300	-1.12	0.	-0.32534	3.9289e-006
3301	-1.0678	0.	-0.375	3.6293e-006
3303	-1.12	0.	-0.23239	4.5542e-006
3304	-1.0358	0.	-0.26541	4.9564e-006
3305	-1.0678	0.	-0.32853	3.952e-006
3310	-1.12	0.	-0.13943	5.0165e-006
3311	-1.0358	0.	-0.21894	5.2529e-006
3312	-1.047	0.	-0.1415	5.5259e-006
3317	-1.0745	0.	-4.6477e-002	5.3559e-006
3318	-1.12	0.	-4.6477e-002	5.2077e-006
3319	-1.047	0.	-9.5026e-002	5.684e-006
3362	0.13636	0.	0.	8.6002e-004
3363	6.8182e-002	0.	0.	3.0378e-003
3366	8.1064e-002	0.	-4.2747e-002	1.2299e-003
3367	5.9804e-002	0.	-2.2068e-002	3.8934e-003
3368	0.11377	0.	-4.7058e-002	9.0421e-004
3375	0.22727	0.	0.	2.1313e-004
3378	0.20279	0.	-5.1466e-002	2.372e-004
3379	0.15923	0.	-4.7058e-002	3.5697e-004
3386	0.31818	0.	0.	8.6752e-005
3389	0.24825	0.	-5.1466e-002	1.4091e-004
3390	0.29937	0.	-6.047e-002	8.9682e-005
3396	0.40909	0.	0.	4.2426e-005
3399	0.40476	0.	-6.2627e-002	4.2003e-005
3400	0.34482	0.	-6.047e-002	6.0767e-005
3407	0.5	0.	0.	2.346e-005
3411	0.45021	0.	-6.2627e-002	2.7167e-005
3413	0.59091	0.	0.	1.5713e-005
3415	0.55552	0.	-7.6975e-002	1.593e-005
3416	0.49567	0.	-6.2627e-002	2.2866e-005
3420	0.68182	0.	0.	1.0655e-005
3423	0.60097	0.	-7.6975e-002	1.2717e-005
3424	0.65617	0.	-7.6307e-002	1.1095e-005
3428	0.77273	0.	0.	7.7765e-006
3430	0.75221	0.	-7.0341e-002	7.8629e-006
3431	0.70162	0.	-7.6307e-002	9.2508e-006
3435	0.86364	0.	0.	6.0898e-006
3438	0.79766	0.	-7.0341e-002	6.8023e-006
3439	0.85338	0.	-5.8409e-002	6.271e-006
3444	0.95455	0.	0.	5.3538e-006
3446	0.89883	0.	-5.8409e-002	5.647e-006
3450	-0.98364	0.	0.	5.9482e-006
3452	-1.0745	0.	0.	5.3863e-006
3454	-1.0016	0.	-4.8548e-002	5.862e-006
3458	-0.89273	0.	0.	7.4167e-006
3460	-0.95613	0.	-4.8548e-002	6.2756e-006
3464	-0.80182	0.	0.	1.0888e-005
3467	-0.82674	0.	-6.9517e-002	9.0941e-006
3468	-0.91068	0.	-4.8548e-002	7.3331e-006
3473	-0.71091	0.	0.	1.621e-005
3476	-0.78129	0.	-6.9517e-002	1.1513e-005
3477	-0.73131	0.	-6.436e-002	1.4106e-005
3481	-0.62	0.	0.	2.5919e-005
3483	-0.63402	0.	-8.5924e-002	2.1463e-005
3484	-0.68586	0.	-6.436e-002	1.7008e-005
3485	-0.60526	0.	-3.8258e-002	2.6427e-005
3491	-0.52909	0.	0.	4.1878e-005
3494	-0.5598	0.	-3.8258e-002	3.3104e-005
3496	-0.43818	0.	0.	9.6308e-005
3499	-0.45614	0.	-4.5256e-002	5.9477e-005
3500	-0.51435	0.	-3.8258e-002	4.2421e-005
3505	-0.34727	0.	0.	2.8403e-004
3508	-0.35944	0.	-5.409e-002	1.4967e-004
3509	-0.41069	0.	-4.5256e-002	1.0481e-004
3515	-0.25636	0.	0.	1.0103e-003
3518	-0.31399	0.	-5.409e-002	2.8791e-004
3519	-0.27032	0.	-3.8788e-002	5.4801e-004
3525	-0.18818	0.	0.	3.9843e-003
3528	-0.22486	0.	-3.8788e-002	1.1315e-003
3529	-0.19332	0.	-2.7231e-002	1.9663e-003
4035	1.1364e-002	0.	0.	4.4478e-002
4040	-0.13136	0.	0.	4.9883e-002
4049	3.4091e-002	0.	0.	1.2348e-002
4052	3.7076e-002	0.	-2.2068e-002	5.2987e-003
4060	2.5713e-002	0.	-2.2068e-002	1.2815e-002
4068	-0.15409	0.	0.	1.8401e-002
4071	-0.17059	0.	-2.7231e-002	4.3074e-003
4072	-0.15254	0.	-1.6531e-002	1.0229e-002
4078	-0.14118	0.	-1.6531e-002	2.1529e-002
4993	0.14391	0.	-0.51541	1.323e-005
4994	6.9822e-002	0.	-0.46822	1.7954e-005
4995	0.12266	0.	-0.57715	9.7279e-006
4996	4.1232e-002	0.	-0.56417	1.0121e-005
4997	3.0248e-002	0.	-0.50455	1.3373e-005
4998	0.11358	0.	-0.48151	1.7566e-005
5002	-7.2609e-002	0.	-0.29333	6.8934e-005
5003	3.615e-002	0.	-0.26435	8.9826e-005
5004	-6.2293e-002	0.	-0.25375	1.0583e-004
5005	-3.3061e-002	0.	-0.32739	6.4444e-005
5006	7.135e-003	0.	-0.24102	1.481e-004
5007	-3.1262e-002	0.	-0.23357	1.8609e-004
5008	1.3466e-002	0.	-0.30101	7.3765e-005
5014	-0.16841	0.	-0.66833	4.4985e-006
5015	-0.18507	0.	-0.59542	7.1153e-006
5016	-0.22713	0.	-0.71459	4.2194e-006
5017	-0.29561	0.	-0.61218	6.7093e-006
5018	-0.28399	0.	-0.69197	4.6992e-006
5019	-0.23723	0.	-0.59685	8.316e-006
5023	0.57634	0.	-0.40211	7.8799e-006
5024	0.48295	0.	-0.43541	1.0194e-005
5025	0.63719	0.	-0.45393	6.1606e-006
5026	0.61398	0.	-0.53526	5.157e-006
5027	0.46149	0.	-0.5115	6.8254e-006
5028	0.52999	0.	-0.54068	5.6746e-006
5029	0.5185	0.	-0.37583	1.1336e-005
5033	-0.65759	0.	-0.6499	3.8991e-006
5034	-0.74061	0.	-0.64576	3.701e-006
5035	-0.76375	0.	-0.54747	4.2498e-006
5036	-0.63128	0.	-0.54135	6.5794e-006
5037	-0.67058	0.	-0.50303	6.8926e-006
5038	-0.73203	0.	-0.48906	5.6896e-006
5039	-0.64072	0.	-0.59164	4.7052e-006
5044	-7.3118e-002	0.	-0.12631	8.6449e-004
5045	-3.0979e-002	0.	-0.15068	4.7202e-004
5046	-4.6959e-002	0.	-0.12754	1.0786e-003
5047	-5.2786e-002	0.	-0.17071	4.048e-004
5048	-8.7753e-002	0.	-0.15474	4.5055e-004
5052	-0.14261	0.	-0.35583	4.4377e-005
5053	-0.21716	0.	-0.41824	2.1488e-005
5054	-0.10306	0.	-0.38989	2.6683e-005
5055	-0.19289	0.	-0.47185	1.8226e-005
5056	-0.18772	0.	-0.36786	3.8487e-005
5057	-0.13497	0.	-0.42959	2.0718e-005
5062	-0.40078	0.	-0.41402	2.3343e-005
5063	-0.34858	0.	-0.4579	1.5912e-005
5064	-0.47476	0.	-0.43413	1.3195e-005
5065	-0.49198	0.	-0.49513	1.0313e-005
5066	-0.38268	0.	-0.52684	1.0009e-005
5067	-0.44872	0.	-0.53476	9.6803e-006
5071	0.2691	0.	-0.72986	4.0692e-006
5072	0.12852	0.	-0.74683	3.3269e-006
5073	0.18256	0.	-0.69631	4.8706e-006
5074	0.20456	0.	-0.83422	2.7249e-006
5075	0.15716	0.	-0.79661	2.8064e-006
5076	0.24001	0.	-0.67531	5.518e-006
5077	0.24421	0.	-0.80124	3.0479e-006
5081	0.24664	0.	-0.31289	4.1212e-005
5082	0.20497	0.	-0.34188	4.0401e-005
5083	0.14139	0.	-0.27164	7.4857e-005
5084	0.22856	0.	-0.25299	6.4718e-005
5085	0.15981	0.	-0.31834	4.5539e-005
5086	0.17724	0.	-0.23535	1.1187e-004
5091	-0.71198	0.	-0.29453	1.2099e-005
5092	-0.86862	0.	-0.26748	7.5348e-006
5093	-0.8363	0.	-0.33813	7.0742e-006
5094	-0.79588	0.	-0.21101	9.5576e-006
5095	-0.77539	0.	-0.34593	8.0083e-006
5096	-0.7459	0.	-0.20586	1.2205e-005
5100	0.5361	0.	-0.76535	2.6419e-006
5101	0.5942	0.	-0.85294	1.8718e-006
5102	0.65367	0.	-0.84	1.6885e-006
5103	0.65656	0.	-0.76224	2.0159e-006
5104	0.5502	0.	-0.84038	2.031e-006
5105	0.59339	0.	-0.74173	2.4729e-006
5109	-4.254e-002	0.	-0.76587	2.8328e-006
5110	-0.10739	0.	-0.61625	6.7711e-006
5111	-1.9357e-002	0.	-0.711	3.2451e-006
5112	-0.14945	0.	-0.73543	3.1509e-006
5113	-4.6739e-002	0.	-0.6475	5.3603e-006
5114	-0.1004	0.	-0.75688	2.9871e-006
5117	-0.28248	0.	-9.2877e-002	4.2766e-004
5118	-0.35443	0.	-0.16207	1.1455e-004
5119	-0.28294	0.	-0.14282	1.878e-004
5120	-0.3774	0.	-9.9345e-002	1.1563e-004
5124	-0.20727	0.	-6.6019e-002	1.6077e-003
5125	-0.20868	0.	-0.10146	6.4888e-004
5126	-0.23927	0.	-0.12752	4.3935e-004
5131	-0.54743	0.	-0.16822	3.3828e-005
5132	-0.43749	0.	-0.19028	5.4447e-005
5133	-0.49734	0.	-0.21639	3.4194e-005
5134	-0.46047	0.	-0.12756	5.5837e-005
5135	-0.51867	0.	-0.12056	3.8094e-005
5140	0.67826	0.	-0.30934	7.5654e-006
5141	0.58487	0.	-0.24152	1.1005e-005
5142	0.66501	0.	-0.38091	7.2014e-006
5143	0.54632	0.	-0.30281	1.2347e-005
5144	0.64007	0.	-0.24085	9.2724e-006
5147	3.1056e-003	0.	-8.7195e-002	2.8692e-003
5148	6.713e-003	0.	-5.6014e-002	4.9077e-003
5149	-3.7303e-002	0.	-6.8057e-002	3.6029e-003
5150	-2.4376e-002	0.	-8.8096e-002	2.882e-003
5151	-1.2014e-002	0.	-5.4064e-002	9.7668e-003
5152	-2.5297e-002	0.	-5.4349e-002	7.823e-003
5157	7.4628e-002	0.	-0.1241	7.6526e-004
5158	4.976e-002	0.	-0.1346	9.139e-004
5159	8.3864e-002	0.	-0.20946	2.2549e-004
5160	3.8259e-002	0.	-0.15864	4.1068e-004
5161	0.10733	0.	-0.12841	3.597e-004
5162	5.4849e-002	0.	-0.18613	2.6615e-004
5163	0.11971	0.	-0.17316	2.5992e-004
5169	0.20973	0.	-0.45251	2.0589e-005
5170	0.18135	0.	-0.57007	1.007e-005
5171	0.25018	0.	-0.48559	1.4178e-005
5172	0.17227	0.	-0.47442	1.816e-005
5173	0.2388	0.	-0.54907	1.0862e-005
5178	-0.5895	0.	-0.81817	2.5466e-006
5179	-0.69939	0.	-0.72641	2.7597e-006
5180	-0.65705	0.	-0.80147	2.3976e-006
5181	-0.55514	0.	-0.75567	2.9877e-006
5182	-0.5995	0.	-0.67229	3.8498e-006
5186	-0.88725	0.	-0.83343	1.2793e-006
5187	-0.85463	0.	-0.74401	1.9718e-006
5188	-0.9644	0.	-0.83022	1.0326e-006
5189	-0.9084	0.	-0.69753	1.8426e-006
5190	-0.97336	0.	-0.70957	1.5329e-006
5191	-0.98123	0.	-0.77526	1.1865e-006
5197	0.39624	0.	-0.32331	2.3577e-005
5198	0.35878	0.	-0.3672	2.083e-005
5199	0.39593	0.	-0.47177	1.0213e-005
5200	0.35757	0.	-0.42927	1.3843e-005
5201	0.45293	0.	-0.33611	1.4363e-005
5207	-8.9604e-002	0.	-8.7598e-002	2.4203e-003
5208	-7.2566e-002	0.	-8.7027e-002	2.6624e-003
5209	-5.9638e-002	0.	-0.10707	1.2359e-003
5210	-0.1085	0.	-9.6398e-002	1.5425e-003
5211	-0.10043	0.	-0.13427	8.457e-004
5217	0.79861	0.	-0.48568	3.974e-006
5218	0.77541	0.	-0.56701	2.8438e-006
5219	0.86715	0.	-0.47045	3.1376e-006
5220	0.86242	0.	-0.60528	2.2104e-006
5225	-0.11751	0.	-0.27459	1.0845e-004
5226	-8.8279e-002	0.	-0.34822	4.4314e-005
5227	-0.17293	0.	-0.32619	5.564e-005
5228	-0.16154	0.	-0.2906	7.9524e-005
5233	0.36021	0.	-0.77496	3.5805e-006
5234	0.40423	0.	-0.71526	3.92e-006
5235	0.35382	0.	-0.62338	5.8798e-006
5236	0.42231	0.	-0.65256	4.5366e-006
5237	0.30409	0.	-0.64435	6.141e-006
5238	0.30829	0.	-0.77028	3.6653e-006
5242	-0.93125	0.	-0.45259	3.8296e-006
5243	-0.90208	0.	-0.5188	3.3206e-006
5244	-0.99555	0.	-0.44505	3.2949e-006
5245	-0.93271	0.	-0.57061	2.6121e-006
5246	-0.99767	0.	-0.58265	2.3442e-006
5251	-0.33448	0.	-0.31125	5.6378e-005
5252	-0.32914	0.	-0.39511	2.6438e-005
5253	-0.45532	0.	-0.37134	2.415e-005
5254	-0.38202	0.	-0.28359	4.9894e-005
5255	-0.44187	0.	-0.30971	2.907e-005
5256	-0.29969	0.	-0.34473	4.3462e-005
5262	0.33763	0.	-0.29483	3.0606e-005
5263	0.41048	0.	-0.1881	2.991e-005
5264	0.31956	0.	-0.23492	5.5814e-005
5265	0.35055	0.	-0.18594	4.9524e-005
5266	0.43178	0.	-0.26373	2.489e-005
5270	-0.26425	0.	-0.8331	2.199e-006
5271	-0.3211	0.	-0.81048	2.7636e-006
5272	-0.24775	0.	-0.90257	1.47e-006
5273	-0.35972	0.	-0.8378	2.3354e-006
5274	-0.37836	0.	-0.89066	1.9493e-006
5278	-0.6205	0.	-0.23895	1.9503e-005
5279	-0.58386	0.	-0.34875	1.4435e-005
5280	-0.64037	0.	-0.37143	1.1851e-005
5281	-0.57041	0.	-0.28712	2.0086e-005
5282	-0.70182	0.	-0.35747	1.0753e-005
5283	-0.67233	0.	-0.21739	1.4677e-005
5288	0.7391	0.	-0.36116	5.8168e-006
5289	0.76475	0.	-0.21513	6.5449e-006
5290	0.80764	0.	-0.34593	4.9773e-006
5291	0.8102	0.	-0.28485	5.4172e-006
5292	0.71416	0.	-0.2211	7.9859e-006
5295	-0.3875	0.	-0.6282	6.2609e-006
5296	-0.37587	0.	-0.70799	4.1141e-006
5297	-0.41449	0.	-0.73531	3.7345e-006
5298	-0.46189	0.	-0.73017	3.8746e-006
5299	-0.45354	0.	-0.63613	5.8135e-006
5300	-0.50624	0.	-0.64679	4.6591e-006
5304	2.8827e-002	0.	-0.78771	2.6561e-006
5305	-5.2214e-002	0.	-0.83358	1.841e-006
5306	5.7471e-002	0.	-0.83749	2.0075e-006
5307	3.9322e-002	0.	-0.88965	1.5013e-006
5308	-2.3095e-002	0.	-0.88471	1.2913e-006
5312	-0.17174	0.	-0.15867	4.7797e-004
5313	-0.13607	0.	-0.2135	1.8569e-004
5314	-0.20233	0.	-0.18473	2.248e-004
5315	-0.1801	0.	-0.22951	1.6928e-004
5316	-0.14	0.	-0.17734	3.3519e-004
5319	-6.3406e-002	0.	-0.57458	7.9213e-006
5320	-7.4389e-002	0.	-0.51497	1.206e-005
5321	-0.17622	0.	-0.54477	9.6446e-006
5322	-0.1183	0.	-0.5025	1.2912e-005
5328	-0.33516	0.	-0.24361	7.0162e-005
5329	-0.25283	0.	-0.30474	6.6262e-005
5330	-0.26367	0.	-0.22436	1.5458e-004
5331	-0.24144	0.	-0.26914	8.9941e-005
5334	1.4854e-002	0.	-0.45027	1.8437e-005
5335	2.848e-003	0.	-0.3981	2.5778e-005
5336	9.048e-002	0.	-0.38177	2.9961e-005
5337	9.8183e-002	0.	-0.42722	2.1876e-005
5338	4.9376e-002	0.	-0.37172	3.7356e-005
5343	-7.6373e-002	0.	-6.8792e-002	3.4746e-003
5344	-0.11231	0.	-7.8163e-002	2.8077e-003
5345	-8.5862e-002	0.	-5.6784e-002	6.6598e-003
5346	-0.10104	0.	-5.627e-002	7.671e-003
5352	0.43127	0.	-0.79133	2.7669e-006
5353	0.35609	0.	-0.89389	2.1566e-006
5354	0.44538	0.	-0.86636	2.1905e-006
5355	0.33532	0.	-0.84635	2.5033e-006
5360	0.85468	0.	-0.73345	1.4944e-006
5361	0.78316	0.	-0.83795	1.1242e-006
5362	0.85608	0.	-0.86103	8.2277e-007
5363	0.78605	0.	-0.76019	1.5006e-006
5369	0.10605	0.	-0.68232	4.7786e-006
5370	2.4628e-002	0.	-0.66934	5.3472e-006
5371	8.0653e-002	0.	-0.78262	2.7436e-006
5375	-0.17713	0.	-8.9904e-002	1.5987e-003
5376	-0.15346	0.	-7.0713e-002	2.2105e-003
5377	-0.15767	0.	-4.3762e-002	8.7153e-003
5385	-0.91937	0.	-0.32262	5.1567e-006
5386	-0.87895	0.	-0.1955	7.7258e-006
5387	-0.98366	0.	-0.31508	4.6685e-006
5388	-0.96289	0.	-0.17453	5.9197e-006
5393	-0.26503	0.	-0.75906	3.0837e-006
5394	-0.19168	0.	-0.85116	1.869e-006
5395	-0.15913	0.	-0.80314	2.2579e-006
5399	4.6351e-002	0.	-9.5995e-002	1.2695e-003
5400	4.9958e-002	0.	-6.4815e-002	3.9284e-003
5401	0.10393	0.	-8.9805e-002	8.0495e-004
5407	-0.81503	0.	-0.81169	1.8648e-006
5408	-0.77269	0.	-0.88675	1.4961e-006
5409	-0.92479	0.	-0.8979	9.1433e-007
5413	0.25852	0.	-0.3677	2.6801e-005
5414	0.28211	0.	-0.27881	5.2642e-005
5415	0.29897	0.	-0.40078	2.1182e-005
5419	-0.31104	0.	-0.50792	1.3902e-005
5420	-0.25266	0.	-0.49259	1.5032e-005
5421	-0.24749	0.	-0.3886	3.7606e-005
5427	-0.63018	0.	-0.88909	1.9531e-006
5428	-0.52827	0.	-0.84329	2.5765e-006
5429	-0.49951	0.	-0.90129	2.0562e-006
5433	2.5091e-002	0.	-7.5316e-002	3.9333e-003
5434	9.9819e-003	0.	-0.13054	9.7104e-004
5435	-5.9982e-003	0.	-0.1074	1.4245e-003
5440	-0.74007	0.	-0.79733	2.1337e-006
5441	-0.80556	0.	-0.62398	3.0968e-006
5442	-0.83618	0.	-0.6758	2.3689e-006
5446	0.50573	0.	-0.1396	2.0089e-005
5447	0.52703	0.	-0.21524	1.4322e-005
5448	0.62078	0.	-0.15328	1.1445e-005
5452	0.17169	0.	-0.37315	3.3186e-005
5453	0.2573	0.	-0.42977	2.0727e-005
5454	0.17939	0.	-0.4186	2.4398e-005
5458	7.8671e-002	0.	-0.61882	6.5964e-006
5459	0.21755	0.	-0.61081	6.7735e-006
5463	0.49337	0.	-0.66893	3.829e-006
5464	0.4894	0.	-0.80667	2.5604e-006
5465	0.53258	0.	-0.70801	2.9924e-006
5471	0.2439	0.	-0.16092	1.245e-004
5472	0.1802	0.	-9.8524e-002	2.9911e-004
5473	0.27489	0.	-0.11194	1.195e-004
5474	0.19258	0.	-0.14328	1.6534e-004
5478	0.70265	0.	-0.51406	4.3573e-006
5479	0.79439	0.	-0.4175	4.5549e-006
5484	0.76646	0.	-0.63367	2.5906e-006
5485	0.59545	0.	-0.60081	3.8786e-006
5486	0.69783	0.	-0.66041	2.6411e-006
5487	0.63466	0.	-0.63989	3.0697e-006
5492	-0.5525	0.	-0.22001	2.4392e-005
5493	-0.65442	0.	-0.15028	1.9638e-005
5494	-0.57382	0.	-0.12418	2.897e-005
5502	9.971e-003	0.	-4.2186e-002	1.0481e-002
5510	-0.85787	0.	-0.45948	4.1708e-006
5511	-0.95134	0.	-0.38573	4.142e-006
5512	-0.82614	0.	-0.40107	5.6301e-006
5517	0.44296	0.	-0.57704	5.7678e-006
5518	0.33611	0.	-0.50535	1.082e-005
5519	0.32473	0.	-0.56883	7.2056e-006
5523	-0.54653	0.	-0.45244	1.14e-005
5524	-0.58583	0.	-0.41412	1.1673e-005
5525	-0.51586	0.	-0.32981	1.9917e-005
5529	-1.3737e-002	0.	-0.54622	1.1184e-005
5533	-0.85932	0.	-0.5775	2.9949e-006
5534	-0.79697	0.	-0.46728	5.1792e-006
5537	-0.60304	0.	-0.47512	8.5532e-006
5538	-0.52048	0.	-0.55308	7.5787e-006
5539	-0.57318	0.	-0.56374	6.5133e-006
5544	0.38594	0.	-0.1231	4.6363e-005
5545	0.46718	0.	-0.20089	2.1187e-005
5551	0.8226	0.	-0.2104	5.7942e-006
5552	0.83286	0.	-0.12875	6.3701e-006
5553	0.72656	0.	-0.14665	8.3402e-006
5559	-0.89015	0.	-0.11807	7.9654e-006
5560	-0.75624	0.	-0.13388	1.2389e-005
5565	0.10811	0.	-0.30291	6.9407e-005
5566	6.0677e-002	0.	-0.23288	1.5052e-004
5567	0.12554	0.	-0.21991	1.2793e-004
5568	6.7008e-002	0.	-0.29286	7.4643e-005
5571	-3.6726e-002	0.	-0.43444	2.3222e-005
5572	-6.8631e-002	0.	-0.47414	1.5178e-005
5575	-0.20914	0.	-0.15141	4.8373e-004
5576	-0.15487	0.	-0.10615	1.4692e-003
5577	-0.14681	0.	-0.14402	5.3929e-004
5582	-7.6164e-002	0.	-0.21482	1.9031e-004
5583	-0.15123	0.	-0.25102	1.2377e-004
5584	-0.11113	0.	-0.19885	3.0351e-004
5588	-0.33351	0.	-0.65665	5.7245e-006
5589	-0.28676	0.	-0.56153	9.0444e-006
5590	-0.41118	0.	-0.58479	7.299e-006
5594	-1.75e-002	0.	-0.13144	1.0854e-003
5595	1.5071e-002	0.	-0.18206	3.6181e-004
5596	-2.3327e-002	0.	-0.1746	3.7446e-004
5600	0.65097	0.	-0.89387	1.4479e-006
5601	0.5475	0.	-0.89426	1.808e-006
5606	-4.6407e-002	0.	-8.8261e-002	2.8848e-003
5607	-6.8824e-002	0.	-5.6213e-002	6.7051e-003
5608	-4.7328e-002	0.	-5.4514e-002	7.4828e-003
5609	-5.8732e-002	0.	-5.4597e-002	6.7757e-003
5615	0.86549	0.	-0.34119	4.1958e-006
5619	-1.0188	0.	-0.83973	7.9753e-007
5623	-0.3605	0.	-0.76376	3.1849e-006
5627	0.29502	0.	-0.16992	7.0419e-005
5628	0.21271	0.	-0.20127	1.2284e-004
5632	-0.14262	0.	-0.87261	1.4786e-006
5633	-0.1135	0.	-0.92374	7.7035e-007
5639	0.14901	0.	-0.13887	2.9028e-004
5641	0.1567	0.	-0.87001	2.0189e-006
5642	0.13855	0.	-0.92218	1.543e-006
5643	0.26451	0.	-0.92219	1.9085e-006
5644	0.24375	0.	-0.87465	2.2669e-006
5648	-2.2037e-003	0.	-0.35589	3.7886e-005
5649	-8.0637e-002	0.	-0.42197	2.342e-005
5653	0.87831	0.	-0.19847	5.2457e-006
5657	0.78484	0.	-0.69868	1.8852e-006
5661	-0.44255	0.	-0.24207	4.6282e-005
5662	-0.31122	0.	-0.19671	1.479e-004
5663	-0.40568	0.	-0.15323	6.5304e-005
5667	-0.17046	0.	-0.50394	1.2953e-005
5675	-0.70379	0.	-0.42284	7.7585e-006
5680	-0.44652	0.	-0.78594	2.8891e-006
5681	-0.41776	0.	-0.84394	2.3829e-006
5693	0.78335	0.	-0.90401	9.2709e-007
5694	0.71332	0.	-0.80317	1.5921e-006
5699	0.13423	0.	-0.39506	3.0968e-005
5700	8.5428e-002	0.	-0.33956	4.5527e-005
5703	-8.0954e-002	0.	-0.87571	1.3112e-006
5717	-2.2039e-002	0.	-4.0521e-002	1.2776e-002
5722	-0.95491	0.	-0.64135	1.9748e-006
5726	0.55066	0.	-0.64531	3.6687e-006
5730	-0.20665	0.	-0.30262	7.9504e-005
5734	0.28638	0.	-0.52633	1.0975e-005
5737	-6.736e-003	0.	-0.20209	2.2445e-004
5740	-0.2175	0.	-0.22225	1.6175e-004
5747	9.1148e-002	0.	-0.88457	1.654e-006
5750	-8.01e-002	0.	-0.17867	3.1177e-004
5759	-1.0277	0.	-0.71908	1.3589e-006
5763	-0.46516	0.	-0.8388	2.5146e-006
5764	-0.53827	0.	-0.69741	3.835e-006
5768	-0.11993	0.	-6.507e-002	7.0933e-003
5769	-0.12313	0.	-0.12483	1.2894e-003
5770	-0.13541	0.	-6.0012e-002	8.2818e-003
5786	-9.3486e-002	0.	-4.3691e-002	1.0049e-002
5787	-6.8221e-002	0.	-4.2589e-002	9.0062e-003
5794	1.0582e-002	0.	-0.93179	7.7093e-007
5800	-0.12414	0.	-3.812e-002	1.2126e-002
5807	-4.6725e-002	0.	-4.089e-002	9.7316e-003
5813	-0.52992	0.	-0.60337	5.8025e-006
5815	0.65304	0.	-0.7049	2.391e-006
5844	0.30416	0.	-0.88921	2.2531e-006
5853	-0.48685	0.	-8.3513e-002	5.1191e-005
1	0.	0.	2.25e-002	2.911e-002
2	-1.7143e-002	0.	2.25e-002	2.2784e-002
3	-3.4286e-002	0.	2.25e-002	1.7505e-002
4	-5.1429e-002	0.	2.25e-002	1.4637e-002
5	-6.8571e-002	0.	2.25e-002	1.2962e-002
6	-8.5714e-002	0.	2.25e-002	1.6642e-002
7	-0.10286	0.	2.25e-002	2.1959e-002
8	-0.12	0.	2.25e-002	2.5475e-002
9	-0.12	0.	1.5e-002	4.5602e-002
15	0.	0.	1.5e-002	4.4097e-002
271	9.0909e-002	0.	0.	1.6029e-003
272	0.18182	0.	0.	4.0103e-004
273	0.27273	0.	0.	1.3088e-004
274	0.36364	0.	0.	5.3141e-005
275	0.45455	0.	0.	2.5369e-005
276	0.54545	0.	0.	1.7778e-005
277	0.63636	0.	0.	1.2319e-005
278	0.72727	0.	0.	9.633e-006
279	0.81818	0.	0.	7.047e-006
280	0.90909	0.	0.	5.527e-006
281	-1.0291	0.	0.	5.4673e-006
282	-0.93818	0.	0.	6.5263e-006
283	-0.84727	0.	0.	8.1632e-006
284	-0.75636	0.	0.	1.2434e-005
285	-0.66545	0.	0.	1.6818e-005
286	-0.57455	0.	0.	3.022e-005
287	-0.48364	0.	0.	5.5221e-005
288	-0.39273	0.	0.	1.725e-004
289	-0.30182	0.	0.	4.5023e-004
290	-0.21091	0.	0.	1.6386e-003
333	-1.12	0.	9.2955e-002	5.0529e-006
334	-1.12	0.	0.18591	4.8861e-006
335	-1.12	0.	0.27886	4.181e-006
336	-1.12	0.	0.37182	3.5052e-006
337	-1.12	0.	0.46477	3.0436e-006
338	-1.12	0.	0.55773	2.1892e-006
339	-1.12	0.	0.65068	1.6231e-006
340	-1.12	0.	0.74364	1.2226e-006
341	-1.12	0.	0.83659	7.932e-007
342	-1.12	0.	0.92955	3.3259e-007
348	-1.0278	0.	1.0225	4.0119e-007
349	-0.93565	0.	1.0225	6.9731e-007
350	-0.84348	0.	1.0225	1.0008e-006
351	-0.7513	0.	1.0225	1.3809e-006
352	-0.65913	0.	1.0225	1.6041e-006
353	-0.56696	0.	1.0225	1.8753e-006
354	-0.47478	0.	1.0225	1.8234e-006
355	-0.38261	0.	1.0225	1.7018e-006
356	-0.29043	0.	1.0225	1.3702e-006
357	-0.19826	0.	1.0225	1.0103e-006
358	-0.10609	0.	1.0225	4.59e-007
359	-1.3913e-002	0.	1.0225	4.9928e-007
360	7.8261e-002	0.	1.0225	1.0498e-006
361	0.17043	0.	1.0225	1.422e-006
362	0.26261	0.	1.0225	1.7879e-006
363	0.35478	0.	1.0225	1.8747e-006
364	0.44696	0.	1.0225	1.7189e-006
365	0.53913	0.	1.0225	1.595e-006
366	0.6313	0.	1.0225	1.3384e-006
367	0.72348	0.	1.0225	1.1143e-006
368	0.81565	0.	1.0225	7.7418e-007
369	0.90783	0.	1.0225	3.2461e-007
375	1.	0.	0.92955	3.6353e-007
376	1.	0.	0.83659	7.2282e-007
377	1.	0.	0.74364	1.2283e-006
378	1.	0.	0.65068	1.6694e-006
379	1.	0.	0.55773	2.3754e-006
380	1.	0.	0.46477	2.9006e-006
381	1.	0.	0.37182	3.492e-006
382	1.	0.	0.27886	4.3161e-006
383	1.	0.	0.18591	4.8238e-006
384	1.	0.	9.2955e-002	5.1621e-006
385	0.	0.	0.	7.0059e-002
386	-0.12	0.	0.	7.2026e-002
392	1.	0.	0.	5.2287e-006
394	-1.12	0.	0.	5.2143e-006
397	-1.12	0.	1.0225	1.7914e-007
398	1.	0.	1.0225	1.8775e-007
399	4.5455e-002	0.	0.	5.2799e-003
400	2.2727e-002	0.	0.	2.3294e-002
401	-0.16545	0.	0.	6.1099e-003
402	-0.14273	0.	0.	2.3826e-002
403	9.8568e-002	0.	0.53298	1.0833e-005
404	-1.7391e-002	0.	0.2725	8.7387e-005
405	-0.25674	0.	0.64725	5.9641e-006
406	0.5315	0.	0.50758	6.4082e-006
407	-0.68304	0.	0.55614	5.7132e-006
408	-7.9176e-002	0.	0.14671	5.3467e-004
409	-0.16723	0.	0.40122	3.4027e-005
410	-0.42022	0.	0.47682	1.2116e-005
411	0.2366	0.	0.78267	2.971e-006
412	0.16818	0.	0.26451	8.0253e-005
413	-0.74447	0.	0.27989	1.1449e-005
414	0.67114	0.	0.75283	2.0622e-006
415	5.6184e-002	0.	0.74299	3.0553e-006
416	-0.31242	0.	0.1161	1.8386e-004
417	-0.21855	0.	8.2805e-002	8.0379e-004
418	-0.60357	0.	0.2458	1.8258e-005
419	0.60416	0.	0.32909	8.3278e-006
420	-4.044e-002	0.	0.10088	1.4209e-003
421	0.38691	0.	0.52143	8.1454e-006
422	-0.53631	0.	0.84776	2.4457e-006
423	4.5685e-002	0.	0.16413	3.3496e-004
424	-0.1029	0.	6.4167e-002	5.2289e-003
425	0.34746	0.	0.25818	3.8923e-005
426	-0.79051	0.	0.88813	1.3828e-006
427	0.67689	0.	0.52533	4.0969e-006
428	-9.8261e-002	0.	0.23083	1.4547e-004
429	-0.99318	0.	0.61444	2.0041e-006
430	-0.3327	0.	0.22687	7.3123e-005
431	-0.45676	0.	0.59469	7.3193e-006
432	-2.2733e-002	0.	0.58124	8.5017e-006
433	-0.15787	0.	0.88262	1.3638e-006
434	-0.29159	0.	0.7725	2.9224e-006
435	0.50906	0.	0.76044	2.9566e-006
436	0.75092	0.	0.26607	6.1802e-006
437	0.21833	0.	0.40767	2.1081e-005
438	-0.94258	0.	0.37142	4.2246e-006
439	3.3913e-002	0.	0.3975	2.9173e-005
440	0.83598	0.	0.71414	1.6689e-006
441	-0.92637	0.	0.22398	5.8818e-006
442	-0.22393	0.	0.23905	1.4902e-004
443	0.52935	0.	0.16455	1.7773e-005
444	0.23858	0.	0.50166	1.1121e-005
445	9.7087e-003	0.	6.7546e-002	3.8906e-003
446	-0.2888	0.	0.43716	1.9867e-005
447	0.30507	0.	0.63788	6.5132e-006
448	-0.61808	0.	0.72226	3.2809e-006
449	-0.21391	0.	0.52241	1.151e-005
450	-0.50804	0.	0.37078	1.8396e-005
451	-0.16243	0.	0.16589	4.1935e-004
452	0.77554	0.	0.87701	1.1365e-006
453	-0.73652	0.	0.71159	2.4757e-006
454	-1.0106	0.	0.87884	6.6564e-007
455	4.5064e-002	0.	0.88045	1.3826e-006
456	0.22614	0.	0.11413	1.3875e-004
457	0.11686	0.	0.10162	5.2905e-004
458	-0.83291	0.	0.47022	4.3458e-006
459	0.8856	0.	0.37047	3.7573e-006
460	-0.41662	0.	0.12364	8.0841e-005
461	0.31269	0.	0.12167	5.9688e-005
462	0.46243	0.	0.30648	1.5429e-005
463	-4.3241e-002	0.	6.7377e-002	3.6913e-003
464	0.84754	0.	0.53636	2.6391e-006
465	0.68937	0.	0.11884	9.9204e-006
466	0.86305	0.	0.132	5.8316e-006
467	0.4404	0.	0.90847	2.0119e-006
468	-0.54605	0.	0.50163	8.8171e-006
469	0.18211	0.	0.59166	8.7914e-006
470	0.44275	0.	0.63307	4.8465e-006
471	0.10405	0.	0.20944	1.876e-004
472	6.8981e-002	0.	0.30347	7.2134e-005
473	-0.80622	0.	0.13903	9.2567e-006
474	-0.73934	0.	0.40487	7.1092e-006
475	-0.2587	0.	0.32451	4.4224e-005
476	-0.37958	0.	0.34912	2.6651e-005
477	0.374	0.	0.76961	3.2553e-006
478	-0.49912	0.	0.71813	4.1278e-006
479	-0.33315	0.	0.56216	9.9215e-006
480	-0.40683	0.	0.80779	2.6324e-006
481	-0.1014	0.	0.49408	1.5014e-005
482	0.58622	0.	0.64077	3.6795e-006
483	-8.6605e-002	0.	0.32242	4.9307e-005
484	0.60526	0.	0.90428	1.5724e-006
485	-0.46009	0.	0.2499	3.3921e-005
486	0.18226	0.	0.91277	1.8169e-006
487	-0.13567	0.	9.4782e-002	1.5658e-003
488	-0.29101	0.	0.8975	1.7353e-006
489	-0.37657	0.	0.6897	4.4543e-006
490	-0.8051	0.	0.59527	3.2841e-006
491	-0.87944	0.	0.80375	1.309e-006
492	0.33697	0.	0.39928	1.7887e-005
493	4.8402e-002	0.	0.10099	1.1596e-003
494	7.8672e-002	0.	0.63674	6.5924e-006
495	-5.1873e-002	0.	0.78036	2.0688e-006
496	-0.15566	0.	0.28703	9.5761e-005
497	-0.17527	0.	0.74106	3.5102e-006
498	-0.99112	0.	0.49232	2.9665e-006
499	-0.14623	0.	0.60583	6.7515e-006
500	-2.3107e-002	0.	0.19832	2.6926e-004
501	-0.66558	0.	0.89052	1.8887e-006
502	0.72031	0.	0.63393	2.8321e-006
503	-0.52736	0.	0.13739	3.7552e-005
504	-0.65872	0.	0.1066	1.9681e-005
505	0.89071	0.	0.9125	5.6587e-007
506	0.72698	0.	0.41519	4.7805e-006
507	0.16414	0.	0.69934	4.8514e-006
508	4.3478e-003	0.	0.48083	1.72e-005
509	0.31014	0.	0.89509	2.0441e-006
510	-5.374e-002	0.	4.0816e-002	9.7591e-003
511	0.13685	0.	0.80364	2.5929e-006
512	-7.06e-002	0.	6.0297e-002	4.9615e-003
513	-1.0179	0.	0.74287	1.2632e-006
514	0.14364	0.	0.3591	3.5708e-005
515	0.11059	0.	0.43791	1.8963e-005
516	-0.62082	0.	0.38514	9.8535e-006
517	-0.11432	0.	4.3576e-002	1.2271e-002
518	-2.4203e-002	0.	4.4004e-002	9.3713e-003
519	5.5813e-002	0.	4.7289e-002	3.0201e-003
520	2.043e-002	0.	2.8624e-002	1.2492e-002
521	-0.13984	0.	2.9284e-002	1.6621e-002
522	0.24907	0.	0.21304	7.9328e-005
523	3.5371e-002	0.	0.2334	1.3933e-004
524	-0.44634	0.	0.92114	2.019e-006
525	-4.4275e-003	0.	0.68335	4.6798e-006
526	-0.56546	0.	0.61972	4.8156e-006
527	0.89074	0.	0.25142	4.5857e-006
528	-7.7362e-002	0.	9.0657e-002	2.2283e-003
529	-8.2125e-002	0.	4.1371e-002	1.0516e-002
530	-0.97802	0.	0.10694	5.9521e-006
531	-5.9416e-002	0.	0.40598	2.7613e-005
532	-0.88212	0.	0.67213	1.8323e-006
533	0.24394	0.	0.31696	3.9017e-005
534	-0.91167	0.	0.93852	8.0909e-007
535	0.17329	0.	0.17991	1.4416e-004
536	0.90044	0.	0.81677	9.335e-007
537	-8.3355e-003	0.	0.13174	7.6684e-004
538	-1.2104e-002	0.	0.34037	4.2034e-005
539	-1.0241	0.	0.25105	4.7235e-006
540	-0.85387	0.	0.32474	6.2406e-006
541	0.61644	0.	0.43538	6.1012e-006
542	-1.0459	0.	0.38593	3.7815e-006
543	0.53244	0.	0.40049	9.3125e-006
544	0.58286	0.	8.2273e-002	1.6802e-005
545	0.41709	0.	0.14469	3.0592e-005
546	-5.9833e-002	0.	0.90457	7.6864e-007
547	-1.675e-004	0.	3.9333e-002	1.5169e-002
548	-0.13347	0.	5.6836e-002	4.2484e-003
549	-0.17441	0.	5.1617e-002	3.2141e-003
1758	-8.5714e-003	0.	2.25e-002	2.415e-002
1759	0.	0.	1.875e-002	3.5454e-002
1761	1.0215e-002	0.	2.5562e-002	2.0695e-002
1762	-8.3752e-005	0.	3.0917e-002	2.146e-002
1765	-2.5714e-002	0.	2.25e-002	1.9573e-002
1768	-2.0673e-002	0.	3.3252e-002	1.5918e-002
1769	-8.6552e-003	0.	3.0917e-002	1.884e-002
1771	-4.2857e-002	0.	2.25e-002	1.5741e-002
1774	-4.4013e-002	0.	3.1658e-002	1.2795e-002
1775	-2.9244e-002	0.	3.3252e-002	1.3393e-002
1778	-6.e-002	0.	2.25e-002	1.2306e-002
1781	-5.2584e-002	0.	3.1658e-002	1.2032e-002
1783	-7.7143e-002	0.	2.25e-002	1.4479e-002
1786	-6.1156e-002	0.	3.1658e-002	1.0855e-002
1787	-7.5348e-002	0.	3.1935e-002	1.1643e-002
1790	-9.4286e-002	0.	2.25e-002	1.8881e-002
1793	-8.392e-002	0.	3.1935e-002	1.3534e-002
1796	-0.11143	0.	2.25e-002	2.2112e-002
1799	-0.10859	0.	3.3038e-002	1.696e-002
1800	-9.2491e-002	0.	3.1935e-002	1.5633e-002
1803	-0.12	0.	1.875e-002	3.4393e-002
1805	-0.11716	0.	3.3038e-002	1.8399e-002
1806	-0.12992	0.	2.5892e-002	2.081e-002
1812	-0.12	0.	7.5e-003	5.7878e-002
1813	-0.13136	0.	7.5e-003	3.4116e-002
1814	-0.12992	0.	2.2142e-002	3.0951e-002
1852	0.	0.	7.5e-003	5.6694e-002
1853	1.1364e-002	0.	7.5e-003	3.3191e-002
1854	1.0215e-002	0.	2.1812e-002	2.8086e-002
3362	0.13636	0.	0.	1.0018e-003
3363	6.8182e-002	0.	0.	3.4403e-003
3364	0.10388	0.	5.0812e-002	1.0265e-003
3365	7.3361e-002	0.	2.3644e-002	2.2294e-003
3375	0.22727	0.	0.	2.6569e-004
3376	0.20398	0.	5.7067e-002	2.6583e-004
3377	0.14934	0.	5.0812e-002	4.4255e-004
3386	0.31818	0.	0.	9.1971e-005
3387	0.24943	0.	5.7067e-002	1.3089e-004
3388	0.29271	0.	6.0836e-002	9.3576e-005
3396	0.40909	0.	0.	3.9197e-005
3397	0.33816	0.	6.0836e-002	5.503e-005
3398	0.39036	0.	7.2344e-002	4.1488e-005
3407	0.5	0.	0.	2.1521e-005
3408	0.49195	0.	8.2273e-002	2.1436e-005
3409	0.5187	0.	4.1136e-002	2.1071e-005
3410	0.43582	0.	7.2344e-002	2.7744e-005
3413	0.59091	0.	0.	1.5039e-005
3414	0.56416	0.	4.1136e-002	1.7274e-005
3420	0.68182	0.	0.	1.0972e-005
3421	0.66287	0.	5.9422e-002	1.1088e-005
3422	0.60961	0.	4.1136e-002	1.455e-005
3428	0.77273	0.	0.	8.3388e-006
3429	0.70832	0.	5.9422e-002	9.7442e-006
3435	0.86364	0.	0.	6.2862e-006
3436	0.75378	0.	5.9422e-002	8.4664e-006
3437	0.84062	0.	6.6e-002	6.437e-006
3443	0.95455	0.	4.6477e-002	5.3444e-006
3444	0.95455	0.	0.	5.3773e-006
3445	0.88607	0.	6.6e-002	5.6753e-006
3450	-0.98364	0.	0.	5.9962e-006
3451	-1.0745	0.	4.6477e-002	5.2601e-006
3452	-1.0745	0.	0.	5.3404e-006
3453	-1.0036	0.	5.3469e-002	5.7069e-006
3458	-0.89273	0.	0.	7.3427e-006
3459	-0.9581	0.	5.3469e-002	6.2347e-006
3464	-0.80182	0.	0.	1.0298e-005
3465	-0.82674	0.	6.9517e-002	8.6862e-006
3466	-0.91265	0.	5.3469e-002	7.0561e-006
3473	-0.71091	0.	0.	1.4606e-005
3474	-0.78129	0.	6.9517e-002	1.0817e-005
3475	-0.70754	0.	5.3301e-002	1.6007e-005
3481	-0.62	0.	0.	2.3461e-005
3482	-0.66209	0.	5.3301e-002	1.8144e-005
3491	-0.52909	0.	0.	4.2638e-005
3492	-0.55095	0.	6.8696e-002	3.3457e-005
3493	-0.61663	0.	5.3301e-002	2.4885e-005
3496	-0.43818	0.	0.	1.1386e-004
3497	-0.45013	0.	6.1818e-002	6.703e-005
3498	-0.5055	0.	6.8696e-002	4.6025e-005
3505	-0.34727	0.	0.	3.1102e-004
3506	-0.35258	0.	5.8048e-002	1.7069e-004
3507	-0.40467	0.	6.1818e-002	1.2481e-004
3515	-0.25636	0.	0.	1.0385e-003
3516	-0.30712	0.	5.8048e-002	3.0641e-004
3517	-0.26018	0.	4.1403e-002	5.9367e-004
3525	-0.18818	0.	0.	3.8646e-003
3526	-0.21473	0.	4.1403e-002	1.1706e-003
3527	-0.19266	0.	2.5808e-002	2.3422e-003
3761	-1.12	0.	0.13943	4.9691e-006
3762	-1.12	0.	4.6477e-002	5.1331e-006
3763	-1.049	0.	9.9946e-002	5.5004e-006
3767	-1.12	0.	0.23239	4.533e-006
3768	-1.049	0.	0.14642	5.4184e-006
3769	-1.0721	0.	0.21848	4.8025e-006
3772	-1.12	0.	0.32534	3.843e-006
3773	-1.0721	0.	0.26496	4.4517e-006
3774	-1.083	0.	0.3324	3.9784e-006
3778	-1.12	0.	0.4183	3.2707e-006
3779	-1.083	0.	0.37887	3.64e-006
3781	-1.12	0.	0.51125	2.6162e-006
3782	-1.0556	0.	0.47855	2.9947e-006
3783	-1.083	0.	0.42535	3.4125e-006
3787	-1.12	0.	0.6042	1.9061e-006
3788	-1.0566	0.	0.58609	2.0839e-006
3789	-1.0556	0.	0.52503	2.5667e-006
3792	-1.12	0.	0.69716	1.4228e-006
3793	-1.0566	0.	0.63256	1.8032e-006
3794	-1.069	0.	0.69677	1.4358e-006
3796	-1.12	0.	0.79011	1.005e-006
3797	-1.069	0.	0.74325	1.2366e-006
3800	-1.12	0.	0.88307	5.59e-007
3801	-1.0653	0.	0.85772	7.199e-007
3802	-1.069	0.	0.78973	1.0279e-006
3807	-1.0739	0.	0.97602	3.4981e-007
3808	-1.12	0.	0.97602	2.5447e-007
3809	-1.0653	0.	0.90419	4.9874e-007
3837	-0.98174	0.	1.0225	5.4596e-007
3838	-1.0739	0.	1.0225	2.8531e-007
3839	-1.0192	0.	0.95067	5.1475e-007
3840	-0.96975	0.	0.98051	6.0502e-007
3844	-0.88957	0.	1.0225	8.4903e-007
3845	-0.92366	0.	0.98051	7.4661e-007
3847	-0.79739	0.	1.0225	1.1899e-006
3848	-0.817	0.	0.95532	1.1888e-006
3849	-0.87758	0.	0.98051	8.9815e-007
3854	-0.70522	0.	1.0225	1.4924e-006
3855	-0.77091	0.	0.95532	1.373e-006
3856	-0.70844	0.	0.95651	1.6334e-006
3858	-0.61304	0.	1.0225	1.7395e-006
3859	-0.66235	0.	0.95651	1.7439e-006
3862	-0.52087	0.	1.0225	1.8489e-006
3863	-0.55164	0.	0.93513	2.1596e-006
3864	-0.61627	0.	0.95651	1.8782e-006
3865	-0.50665	0.	0.97182	1.9438e-006
3868	-0.4287	0.	1.0225	1.7612e-006
3869	-0.46056	0.	0.97182	1.9199e-006
3874	-0.33652	0.	1.0225	1.5348e-006
3875	-0.33681	0.	0.96	1.7127e-006
3876	-0.41447	0.	0.97182	1.8604e-006
3880	-0.24435	0.	1.0225	1.1854e-006
3881	-0.29072	0.	0.96	1.5511e-006
3883	-0.15217	0.	1.0225	7.1181e-007
3884	-0.17806	0.	0.95256	1.1293e-006
3885	-0.24464	0.	0.96	1.3715e-006
3890	-6.e-002	0.	1.0225	3.3543e-007
3891	-0.13198	0.	0.95256	9.106e-007
3892	-8.296e-002	0.	0.96353	5.7156e-007
3896	3.2174e-002	0.	1.0225	7.6024e-007
3897	1.5576e-002	0.	0.95148	9.4053e-007
3898	-3.6873e-002	0.	0.96353	5.836e-007
3900	0.12435	0.	1.0225	1.2333e-006
3901	6.1663e-002	0.	0.95148	1.1836e-006
3902	0.13026	0.	0.96764	1.4332e-006
3906	0.21652	0.	1.0225	1.6034e-006
3907	0.17635	0.	0.96764	1.6171e-006
3911	0.3087	0.	1.0225	1.8308e-006
3912	0.22244	0.	0.96764	1.7936e-006
3913	0.28638	0.	0.9588	1.916e-006
3915	0.40087	0.	1.0225	1.7962e-006
3916	0.39759	0.	0.96549	1.9413e-006
3917	0.33246	0.	0.9588	1.9587e-006
3921	0.49304	0.	1.0225	1.6566e-006
3922	0.44368	0.	0.96549	1.865e-006
3926	0.58522	0.	1.0225	1.4665e-006
3927	0.48976	0.	0.96549	1.8034e-006
3928	0.5722	0.	0.96339	1.5779e-006
3932	0.67739	0.	1.0225	1.2252e-006
3933	0.61828	0.	0.96339	1.4512e-006
3935	0.76957	0.	1.0225	9.4169e-007
3936	0.74951	0.	0.94975	1.1022e-006
3937	0.66437	0.	0.96339	1.3426e-006
3941	0.86174	0.	1.0225	5.4346e-007
3942	0.79559	0.	0.94975	9.4759e-007
3943	0.85318	0.	0.9675	6.5587e-007
3949	0.95391	0.	0.97602	3.3415e-007
3950	0.95391	0.	1.0225	2.5559e-007
3951	0.89927	0.	0.9675	4.4463e-007
3981	1.	0.	0.88307	5.4055e-007
3982	1.	0.	0.97602	2.7204e-007
3983	0.94535	0.	0.92102	4.5656e-007
3986	1.	0.	0.79011	9.7504e-007
3987	0.94535	0.	0.87455	6.1667e-007
3988	0.95022	0.	0.82668	8.2456e-007
3992	1.	0.	0.69716	1.4474e-006
3993	0.91799	0.	0.72889	1.4311e-006
3994	0.95022	0.	0.78021	1.0777e-006
3997	1.	0.	0.6042	2.0223e-006
3998	0.91799	0.	0.68241	1.636e-006
3999	0.92377	0.	0.59352	2.1448e-006
4005	1.	0.	0.51125	2.6378e-006
4006	0.92377	0.	0.54705	2.4941e-006
4008	1.	0.	0.4183	3.1949e-006
4009	0.9428	0.	0.41762	3.3255e-006
4010	0.92377	0.	0.50057	2.7524e-006
4014	1.	0.	0.32534	3.9035e-006
4015	0.9428	0.	0.37114	3.6144e-006
4018	1.	0.	0.23239	4.5699e-006
4019	0.9428	0.	0.32467	4.0206e-006
4020	0.94537	0.	0.26514	4.4479e-006
4024	1.	0.	0.13943	4.9925e-006
4025	0.93153	0.	0.15895	5.3261e-006
4026	0.94537	0.	0.21866	4.7006e-006
4030	1.	0.	4.6477e-002	5.195e-006
4031	0.93153	0.	0.11248	5.493e-006
4035	1.1364e-002	0.	0.	4.6535e-002
4040	-0.13136	0.	0.	4.7881e-002
4049	3.4091e-002	0.	0.	1.428e-002
4050	5.0634e-002	0.	2.3644e-002	4.0151e-003
4051	3.2942e-002	0.	1.4312e-002	8.5826e-003
4059	2.1578e-002	0.	1.4312e-002	1.7045e-002
4068	-0.15409	0.	0.	1.4965e-002
4069	-0.15265	0.	1.4642e-002	1.0941e-002
4070	-0.16993	0.	2.5808e-002	4.4548e-003
4077	-0.14128	0.	1.4642e-002	1.9369e-002
4084	3.7917e-002	0.	0.55711	9.2371e-006
4085	0.16857	0.	0.51732	1.0488e-005
4086	0.14034	0.	0.56232	9.6765e-006
4087	8.862e-002	0.	0.58486	8.7108e-006
4088	5.1458e-002	0.	0.50691	1.351e-005
4089	0.10458	0.	0.48545	1.482e-005
4093	-5.7826e-002	0.	0.25167	1.0914e-004
4094	2.5795e-002	0.	0.28799	7.4546e-005
4095	-5.1998e-002	0.	0.29746	6.6172e-005
4096	-2.0249e-002	0.	0.23541	1.7774e-004
4097	8.9899e-003	0.	0.25295	1.0677e-004
4098	-1.4747e-002	0.	0.30644	6.4666e-005
4102	-0.27417	0.	0.70988	4.4333e-006
4103	-0.23533	0.	0.58483	8.7045e-006
4104	-0.29495	0.	0.60471	7.87e-006
4105	-0.31666	0.	0.66848	5.0845e-006
4106	-0.21601	0.	0.69416	4.6796e-006
4107	-0.20149	0.	0.62654	6.1152e-006
4110	0.4592	0.	0.5145	7.2025e-006
4111	0.6042	0.	0.51645	5.215e-006
4112	0.48713	0.	0.57032	5.5566e-006
4113	0.55886	0.	0.57417	5.0399e-006
4114	0.57397	0.	0.47148	6.2162e-006
4115	0.53197	0.	0.45403	7.8453e-006
4120	-0.65056	0.	0.6392	4.4587e-006
4121	-0.70978	0.	0.63386	4.0897e-006
4122	-0.75798	0.	0.51318	4.9368e-006
4123	-0.61455	0.	0.52889	7.2411e-006
4124	-0.71119	0.	0.48051	6.3455e-006
4125	-0.74407	0.	0.5757	4.4794e-006
4126	-0.65193	0.	0.47064	7.7557e-006
4127	-0.62425	0.	0.58793	5.2122e-006
4132	-5.9808e-002	0.	0.1238	8.8704e-004
4133	-8.8719e-002	0.	0.18877	3.4007e-004
4134	-0.1208	0.	0.1563	4.226e-004
4135	-0.10742	0.	0.12075	9.3591e-004
4136	-5.1142e-002	0.	0.17252	3.6453e-004
4137	-7.8269e-002	0.	0.11869	1.381e-003
4138	-4.3756e-002	0.	0.13923	4.9261e-004
4142	-0.22802	0.	0.41919	2.5743e-005
4143	-0.19057	0.	0.46182	2.2756e-005
4144	-0.21296	0.	0.36286	3.7237e-005
4145	-0.13432	0.	0.44765	2.4065e-005
4146	-0.12692	0.	0.36182	3.9654e-005
4147	-0.16144	0.	0.34412	6.4825e-005
4148	-0.11332	0.	0.4036	2.776e-005
4153	-0.43849	0.	0.53576	9.7005e-006
4154	-0.35451	0.	0.45699	1.5751e-005
4155	-0.46413	0.	0.4238	1.509e-005
4156	-0.48313	0.	0.48923	1.0401e-005
4157	-0.3999	0.	0.41297	1.9381e-005
4158	-0.37668	0.	0.51949	1.0725e-005
4162	0.27084	0.	0.71028	4.7222e-006
4163	0.3053	0.	0.77614	3.0816e-006
4164	0.20943	0.	0.84772	2.3934e-006
4165	0.20037	0.	0.74101	3.8879e-006
4166	0.27337	0.	0.83888	2.4982e-006
4167	0.18672	0.	0.79316	2.7516e-006
4171	0.13611	0.	0.23698	1.339e-004
4172	0.11858	0.	0.28399	7.2004e-005
4173	0.15591	0.	0.3118	5.7619e-005
4174	0.20863	0.	0.23877	7.7815e-005
4175	0.20606	0.	0.29073	5.9494e-005
4176	0.17073	0.	0.22221	1.1058e-004
4181	-0.67402	0.	0.26284	1.4776e-005
4182	-0.77534	0.	0.20946	1.0266e-005
4183	-0.74191	0.	0.34238	9.2194e-006
4184	-0.70159	0.	0.19324	1.546e-005
4185	-0.68265	0.	0.33251	1.0494e-005
4186	-0.79917	0.	0.30231	8.8443e-006
4191	0.5901	0.	0.75664	2.4847e-006
4192	0.75356	0.	0.73348	1.8294e-006
4193	0.72334	0.	0.81492	1.599e-006
4194	0.62868	0.	0.6968	2.8703e-006
4195	0.6382	0.	0.82856	1.7908e-006
4196	0.69572	0.	0.69338	2.4345e-006
4201	5.0624e-002	0.	0.81172	2.204e-006
4202	6.7428e-002	0.	0.68986	4.7836e-006
4203	2.1555e-003	0.	0.76167	2.4654e-006
4204	0.11016	0.	0.72116	3.8222e-006
4205	9.6516e-002	0.	0.77332	2.7486e-006
4206	2.5878e-002	0.	0.71317	3.7894e-006
4211	-0.26549	0.	9.9451e-002	4.9199e-004
4212	-0.32256	0.	0.17148	1.2577e-004
4213	-0.26818	0.	0.17757	1.537e-004
4214	-0.36452	0.	0.11987	1.3145e-004
4218	-0.22124	0.	0.16093	4.6277e-004
4219	-0.19049	0.	0.12435	5.5176e-004
4220	-0.17711	0.	8.8794e-002	1.0975e-003
4221	-0.19648	0.	6.7211e-002	2.0082e-003
4229	-0.5558	0.	0.30829	1.7956e-005
4230	-0.53183	0.	0.24785	2.5999e-005
4231	-0.56547	0.	0.1916	2.7669e-005
4232	-0.63114	0.	0.1762	1.8492e-005
4233	-0.6122	0.	0.31547	1.4026e-005
4238	0.67754	0.	0.29758	7.1858e-006
4239	0.56676	0.	0.24682	1.2969e-005
4240	0.5333	0.	0.31778	1.1856e-005
4241	0.64677	0.	0.22397	8.9419e-006
4242	0.66557	0.	0.37214	6.5527e-006
4243	0.6103	0.	0.38224	7.1941e-006
4244	0.5683	0.	0.36479	8.7341e-006
4248	-1.5366e-002	0.	8.4214e-002	2.3816e-003
4249	-4.1841e-002	0.	8.413e-002	2.5524e-003
4250	-5.8901e-002	0.	9.5769e-002	1.5936e-003
4251	-2.4388e-002	0.	0.11631	1.0662e-003
4257	0.31274	0.	0.51154	9.4311e-006
4258	0.34599	0.	0.57965	7.2031e-006
4259	0.41483	0.	0.57725	6.4922e-006
4260	0.36194	0.	0.46035	1.3e-005
4261	0.45968	0.	0.46096	8.5669e-006
4266	-0.5772	0.	0.78501	2.8456e-006
4267	-0.51772	0.	0.78295	3.2857e-006
4268	-0.47157	0.	0.82777	2.528e-006
4269	-0.60095	0.	0.86914	2.1659e-006
4270	-0.49133	0.	0.88445	2.2239e-006
4273	8.1271e-002	0.	0.13288	3.9308e-004
4274	7.4867e-002	0.	0.18679	2.5779e-004
4275	4.7044e-002	0.	0.13256	7.3783e-004
4276	1.1289e-002	0.	0.18123	2.7465e-004
4277	4.0528e-002	0.	0.19877	2.3379e-004
4278	1.8675e-002	0.	0.14794	5.4414e-004
4283	-0.11928	0.	7.9474e-002	3.3716e-003
4284	-8.6749e-002	0.	6.2232e-002	4.5744e-003
4285	-0.10861	0.	5.3872e-002	8.611e-003
4286	-9.013e-002	0.	7.7412e-002	3.5153e-003
4287	-9.2512e-002	0.	5.2769e-002	7.6988e-003
4288	-0.11818	0.	6.0501e-002	4.5411e-003
4294	0.33007	0.	0.18993	4.8451e-005
4295	0.40495	0.	0.28233	2.7063e-005
4296	0.34222	0.	0.32873	2.8237e-005
4297	0.29827	0.	0.23561	5.9098e-005
4298	0.2957	0.	0.28757	3.8392e-005
4299	0.38228	0.	0.20143	3.3535e-005
4304	-0.76352	0.	0.79986	1.9228e-006
4305	-0.83497	0.	0.84594	1.3293e-006
4306	-0.72805	0.	0.88933	1.631e-006
4307	-0.85109	0.	0.91332	1.0945e-006
4312	0.76221	0.	0.53084	3.3257e-006
4313	0.63155	0.	0.58305	3.8402e-006
4314	0.6986	0.	0.57963	3.462e-006
4315	0.70193	0.	0.47026	4.4221e-006
4316	0.64667	0.	0.48035	5.0983e-006
4320	-0.13034	0.	0.19836	2.5749e-004
4321	-9.2433e-002	0.	0.27662	9.699e-005
4322	-0.12696	0.	0.25893	1.1656e-004
4323	-6.0684e-002	0.	0.21458	1.8782e-004
4327	-0.89914	0.	0.60485	2.5888e-006
4328	-0.99215	0.	0.55338	2.485e-006
4329	-1.0055	0.	0.67865	1.6335e-006
4330	-0.93765	0.	0.64328	1.8916e-006
4335	-0.27831	0.	0.23296	1.0957e-004
4336	-0.37466	0.	0.17525	7.2796e-005
4337	-0.2957	0.	0.27569	5.6486e-005
4338	-0.35614	0.	0.288	4.9686e-005
4339	-0.3964	0.	0.23839	5.2968e-005
4344	-0.5014	0.	0.54816	7.9468e-006
4345	-0.47794	0.	0.65641	5.7203e-006
4346	-0.39496	0.	0.57843	8.4957e-006
4347	-0.41667	0.	0.6422	5.8654e-006
4348	-0.51111	0.	0.60721	6.0287e-006
4352	-6.2068e-002	0.	0.53766	1.1137e-005
4353	2.7969e-002	0.	0.60899	7.2551e-006
4354	-8.4482e-002	0.	0.59353	7.0505e-006
4355	-9.1925e-003	0.	0.53103	1.2847e-005
4356	-1.358e-002	0.	0.63229	6.5783e-006
4360	-0.22473	0.	0.82756	2.069e-006
4361	-0.22444	0.	0.89006	1.4502e-006
4362	-0.10487	0.	0.83149	1.6338e-006
4363	-0.16657	0.	0.81184	2.4327e-006
4364	-0.10885	0.	0.89359	1.0103e-006
4369	-0.34921	0.	0.79014	2.7412e-006
4370	-0.2913	0.	0.835	2.3213e-006
4371	-0.33408	0.	0.7311	3.645e-006
4372	-0.23343	0.	0.75678	3.1382e-006
4376	0.47473	0.	0.83446	2.4682e-006
4377	0.47591	0.	0.69676	3.8978e-006
4378	0.44153	0.	0.76502	3.0817e-006
4379	0.54764	0.	0.7006	3.2925e-006
4380	0.55716	0.	0.83236	2.2628e-006
4386	0.81826	0.	0.31827	4.9663e-006
4387	0.72015	0.	0.19246	8.035e-006
4388	0.80699	0.	0.19904	5.9746e-006
4389	0.73895	0.	0.34063	5.4407e-006
4390	0.82083	0.	0.25875	5.3634e-006
4396	0.22846	0.	0.45466	1.6081e-005
4397	0.27765	0.	0.40347	1.9005e-005
4398	0.18099	0.	0.38338	2.8382e-005
4399	0.16446	0.	0.42279	1.9494e-005
4400	0.23114	0.	0.36231	2.9669e-005
4405	-0.93447	0.	0.2977	5.0467e-006
4406	-0.88774	0.	0.42082	4.24e-006
4407	-0.96685	0.	0.43187	3.5949e-006
4408	-0.98335	0.	0.31123	4.4539e-006
4409	-0.89822	0.	0.34808	5.2148e-006
4410	-0.99426	0.	0.37867	3.9927e-006
4413	5.1447e-002	0.	0.35049	5.0177e-005
4414	1.913e-002	0.	0.43917	2.2662e-005
4415	8.8776e-002	0.	0.3783	3.0319e-005
4416	7.2254e-002	0.	0.41771	2.3769e-005
4417	-1.2752e-002	0.	0.40174	2.672e-005
4418	1.0905e-002	0.	0.36894	3.5023e-005
4422	0.80576	0.	0.79557	1.3761e-006
4423	0.84176	0.	0.62525	2.1431e-006
4424	0.77815	0.	0.67403	2.241e-006
4425	0.86821	0.	0.76546	1.297e-006
4430	-0.86629	0.	0.18151	7.5686e-006
4431	-0.9522	0.	0.16546	5.9032e-006
4432	-0.97524	0.	0.23751	5.2942e-006
4433	-0.89012	0.	0.27436	6.017e-006
4438	-0.19318	0.	0.20247	2.8164e-004
4439	-0.24131	0.	0.28178	9.62e-005
4440	-0.18979	0.	0.26304	1.1435e-004
4444	0.49589	0.	0.23551	1.6334e-005
4445	0.60936	0.	0.14169	1.3804e-005
4446	0.55611	0.	0.12341	1.7145e-005
4447	0.47322	0.	0.15462	2.4177e-005
4452	0.27183	0.	0.56977	8.8107e-006
4453	0.21034	0.	0.54666	9.8704e-006
4454	0.28777	0.	0.45047	1.4038e-005
4455	0.17459	0.	0.46979	1.4765e-005
4458	-1.6766e-002	0.	6.7462e-002	3.1975e-003
4459	2.9055e-002	0.	8.4268e-002	2.5212e-003
4460	-7.2472e-003	0.	5.5775e-002	6.3638e-003
4461	3.2761e-002	0.	5.7418e-002	3.2505e-003
4462	1.5069e-002	0.	4.8085e-002	7.8761e-003
4463	6.8658e-004	0.	9.9641e-002	2.2762e-003
4464	4.7706e-003	0.	5.344e-002	9.5191e-003
4470	-0.25136	0.	0.47978	1.5146e-005
4471	-0.27375	0.	0.38083	3.2045e-005
4472	-0.33419	0.	0.39314	2.2835e-005
4473	-0.31098	0.	0.49966	1.4875e-005
4477	0.24359	0.	0.61477	7.5656e-006
4478	0.37391	0.	0.63547	5.59e-006
4479	0.33954	0.	0.70374	4.8801e-006
4480	0.2346	0.	0.66861	5.5589e-006
4485	-0.6773	0.	0.71692	2.8679e-006
4486	-0.5586	0.	0.72019	3.6879e-006
4487	-0.64183	0.	0.80639	2.5771e-006
4488	-0.59177	0.	0.67099	4.0467e-006
4491	-0.27353	0.	0.54228	1.0458e-005
4492	-0.15766	0.	0.50824	1.2866e-005
4493	-0.18007	0.	0.56412	8.9698e-006
4497	-0.52704	0.	0.43621	1.359e-005
4498	-0.44381	0.	0.35995	2.2329e-005
4499	-0.48406	0.	0.31034	2.6002e-005
4500	-0.56443	0.	0.37796	1.4002e-005
4505	-0.14905	0.	0.13034	9.9129e-004
4506	-0.15904	0.	0.22646	2.537e-004
4511	0.6904	0.	0.89065	1.3354e-006
4512	0.83312	0.	0.89476	8.4881e-007
4513	0.83799	0.	0.84689	9.9479e-007
4517	-0.77081	0.	0.65343	2.8487e-006
4518	-0.80798	0.	0.75767	1.887e-006
4519	-0.70105	0.	0.80106	2.155e-006
4520	-0.80932	0.	0.69186	2.1146e-006
4525	-0.94502	0.	0.84129	9.774e-007
4526	-1.0143	0.	0.81085	9.559e-007
4527	-0.96114	0.	0.90868	7.138e-007
4531	0.11366	0.	0.89661	1.5531e-006
4532	-3.4041e-003	0.	0.8304	1.5912e-006
4533	9.0957e-002	0.	0.84205	1.9773e-006
4534	-7.3846e-003	0.	0.89251	1.005e-006
4539	0.1715	0.	0.10788	3.3226e-004
4540	0.26941	0.	0.1179	9.9088e-005
4541	0.2376	0.	0.16359	1.0763e-004
4542	0.19971	0.	0.14702	1.3788e-004
4547	0.11045	0.	0.15553	3.4838e-004
4548	8.263e-002	0.	0.10131	8.2123e-004
4549	8.6335e-002	0.	7.4457e-002	1.7737e-003
4550	0.14507	0.	0.14077	3.3489e-004
4556	-0.78613	0.	0.43755	5.7207e-006
4557	-0.819	0.	0.53274	3.7969e-006
4558	-0.91202	0.	0.48127	3.6267e-006
4559	-0.84339	0.	0.39748	5.2816e-006
4563	0.86657	0.	0.45342	3.1907e-006
4564	0.80629	0.	0.39283	4.2244e-006
4565	0.88817	0.	0.31095	4.1654e-006
4572	-0.43835	0.	0.18677	5.6574e-005
4573	-0.47199	0.	0.13051	5.9087e-005
4579	0.28088	0.	0.16736	6.8006e-005
4580	0.36489	0.	0.13318	4.4995e-005
4584	0.3997	0.	0.35288	1.6277e-005
4585	0.49744	0.	0.35348	1.2326e-005
4586	0.43976	0.	0.22558	2.2718e-005
4591	-4.8491e-002	0.	5.4096e-002	6.6174e-003
4592	-5.692e-002	0.	6.3837e-002	3.9966e-003
4593	-3.3722e-002	0.	5.5691e-002	6.3583e-003
4594	-6.0301e-002	0.	7.9017e-002	2.6468e-003
4598	0.78392	0.	0.58515	2.6821e-006
4599	0.78726	0.	0.47578	3.7e-006
4604	0.77621	0.	0.12542	7.8704e-006
4605	0.63611	0.	0.10056	1.3348e-005
4611	0.8769	0.	0.19171	5.2066e-006
4616	0.4072	0.	0.83904	2.633e-006
4617	0.52283	0.	0.90638	1.7859e-006
4618	0.37527	0.	0.90178	2.0228e-006
4623	-0.58343	0.	0.44339	9.2041e-006
4624	-0.55576	0.	0.56068	6.8036e-006
4627	0.13039	0.	0.6142	7.559e-006
4628	0.17312	0.	0.6455	6.8047e-006
4630	0.40838	0.	0.70134	4.0138e-006
4631	0.51448	0.	0.63692	4.2333e-006
4634	8.6515e-002	0.	0.25646	1.2425e-004
4635	6.971e-002	0.	0.22142	1.535e-004
4636	0.13867	0.	0.19468	1.63e-004
4640	0.10631	0.	0.33128	5.2818e-005
4641	5.2176e-002	0.	0.26844	1.0562e-004
4642	2.8439e-002	0.	0.32192	5.4142e-005
4647	-0.73247	0.	0.12282	1.4468e-005
4648	-0.89212	0.	0.12299	7.5897e-006
4649	-0.83004	0.	0.23189	7.6871e-006
4654	-0.68008	0.	0.39501	8.4681e-006
4655	-0.79661	0.	0.36481	6.6293e-006
4658	-0.31914	0.	0.33682	3.484e-005
4659	-0.20718	0.	0.30577	6.7919e-005
4663	-0.41984	0.	0.29951	2.9381e-005
4666	0.34207	0.	0.83235	2.6443e-006
4671	-0.45297	0.	0.76296	3.359e-006
4672	-0.43784	0.	0.70391	4.2621e-006
4673	-0.53229	0.	0.66893	4.4562e-006
4676	-0.35486	0.	0.62593	7.166e-006
4681	-0.34892	0.	0.85264	2.1772e-006
4682	-0.3917	0.	0.74874	3.5429e-006
4683	-0.42658	0.	0.86446	2.3257e-006
4687	-0.12382	0.	0.54996	1.0868e-005
4688	-4.8528e-002	0.	0.48745	1.5053e-005
4689	-8.041e-002	0.	0.45003	2.0745e-005
4693	0.65326	0.	0.63735	3.2322e-006
4697	-0.12113	0.	0.30472	6.8152e-005
4698	-7.301e-002	0.	0.3642	3.8126e-005
4699	-4.9354e-002	0.	0.3314	4.3739e-005
4707	-0.49373	0.	0.19365	3.4843e-005
4712	0.2462	0.	0.90393	1.9224e-006
4713	0.15956	0.	0.85821	2.1845e-006
4718	-0.10652	0.	9.2719e-002	1.6579e-003
4719	-0.13457	0.	7.5809e-002	2.8826e-003
4720	-0.15504	0.	7.32e-002	2.189e-003
4725	-0.36868	0.	0.90932	1.8704e-006
4734	-0.89811	0.	0.54379	3.0449e-006
4735	-0.84361	0.	0.6337	2.5555e-006
4740	-0.94867	0.	0.77331	1.2325e-006
4741	-0.88078	0.	0.73794	1.56e-006
4742	-0.89556	0.	0.87113	1.0535e-006
4746	0.29046	0.	0.35812	2.8414e-005
4747	0.43471	0.	0.39988	1.3476e-005
4752	5.2107e-002	0.	7.4139e-002	2.0233e-003
4753	2.0033e-002	0.	0.11636	9.0626e-004
4759	0.1214	0.	0.66804	5.6757e-006
4760	3.7122e-002	0.	0.66004	5.3138e-006
4763	-0.11357	0.	0.76071	2.6081e-006
4764	-2.815e-002	0.	0.73185	3.3646e-006
4765	-5.5853e-002	0.	0.84246	1.4173e-006
4771	-0.16075	0.	0.67345	5.097e-006
4772	-8.9849e-002	0.	0.71221	3.6963e-006
4777	-1.0185	0.	0.43913	3.3615e-006
4781	-7.533e-002	0.	0.64459	5.4171e-006
4785	6.1323e-003	0.	0.21586	1.9821e-004
4786	-1.5721e-002	0.	0.16503	5.0432e-004
4799	-0.59304	0.	0.122	2.8517e-005
4807	0.89558	0.	0.86464	7.3533e-007
4811	0.67171	0.	0.42528	5.4156e-006
4814	0.15049	0.	0.75149	3.7179e-006
4819	5.7471e-002	0.	0.45937	1.6788e-005
4820	-2.7534e-002	0.	0.44341	2.224e-005
4827	-6.217e-002	0.	5.0556e-002	7.2334e-003
4828	-3.8972e-002	0.	4.241e-002	8.601e-003
4829	-6.7932e-002	0.	4.1093e-002	9.2114e-003
4836	-7.3981e-002	0.	7.5477e-002	3.5841e-003
4837	-7.6362e-002	0.	5.0834e-002	7.5548e-003
4841	-0.95001	0.	0.7075	1.5256e-006
4846	0.12712	0.	0.39851	2.6814e-005
4847	0.19379	0.	0.33803	3.6667e-005
4857	-0.12708	0.	3.643e-002	1.3366e-002
4858	-9.8223e-002	0.	4.2474e-002	1.0431e-002
4859	-0.1239	0.	5.0206e-002	8.2306e-003
4864	-1.2185e-002	0.	4.1669e-002	1.1852e-002
4871	3.8121e-002	0.	3.7957e-002	7.7543e-003
4878	1.0131e-002	0.	3.3979e-002	1.2897e-002
4884	-0.13665	0.	4.306e-002	1.014e-002
4885	-0.15713	0.	4.0451e-002	9.9105e-003
4893	0.24651	0.	0.265	5.8589e-005
4894	0.21118	0.	0.19647	1.1154e-004
4922	-1.0011	0.	0.17899	5.3368e-006
4926	-3.576e-002	0.	0.37318	3.4386e-005
4948	-1.035	0.	0.31849	4.2513e-006
4957	0.57444	0.	0.41793	7.6897e-006
4982	-0.15394	0.	5.4227e-002	3.5695e-003
