Node Number	X Location (m)	Y Location (m)	Z Location (m)	Total Magnetic Flux Density (T)
95	-0.32	0.	4.e-002	0.34336
96	-0.3	0.	4.e-002	0.4656
97	-0.28	0.	4.e-002	0.64635
98	-0.24	0.	4.e-002	0.82647
99	-0.2	0.	4.e-002	0.93326
100	-0.16	0.	4.e-002	0.96632
101	-0.12	0.	4.e-002	0.9332
102	-8.e-002	0.	4.e-002	0.799
103	-4.e-002	0.	4.e-002	0.67902
104	0.	0.	4.e-002	0.35191
105	-2.e-002	0.	4.e-002	0.44872
169	-2.e-002	0.	-4.e-002	0.46177
170	0.	0.	-4.e-002	0.3481
171	-4.e-002	0.	-4.e-002	0.63264
172	-8.e-002	0.	-4.e-002	0.8174
173	-0.12	0.	-4.e-002	0.94386
174	-0.16	0.	-4.e-002	0.96615
175	-0.2	0.	-4.e-002	0.92815
176	-0.24	0.	-4.e-002	0.80557
177	-0.28	0.	-4.e-002	0.65068
178	-0.3	0.	-4.e-002	0.49254
179	-0.32	0.	-4.e-002	0.36055
543	0.	0.	0.	0.29146
544	-0.32	0.	0.	0.30459
1009	-4.e-002	0.	0.	0.63266
1010	-0.28	0.	0.	0.59412
1011	-0.11728	0.	8.1836e-019	0.93219
1012	-0.18695	0.	0.	0.95717
2555	-0.31	0.	4.e-002	0.3972
2557	-0.32	0.	2.e-002	0.30143
2562	-0.29	0.	4.e-002	0.55391
2564	-0.31	0.	2.e-002	0.37775
2565	-0.29	0.	2.e-002	0.52213
2569	-0.26	0.	4.e-002	0.73481
2571	-0.28	0.	2.e-002	0.61797
2574	-0.22	0.	4.e-002	0.87985
2576	-0.24	0.	0.	0.81505
2577	-0.26	0.	2.e-002	0.71003
2578	-0.21348	0.	2.e-002	0.8916
2582	-0.18	0.	4.e-002	0.9496
2584	-0.19348	0.	2.e-002	0.94507
2586	-0.14	0.	4.e-002	0.94965
2588	-0.13864	0.	2.e-002	0.94924
2589	-0.17348	0.	2.e-002	0.96173
2592	-0.1	0.	4.e-002	0.86588
2594	-0.11864	0.	2.e-002	0.93254
2597	-6.e-002	0.	4.e-002	0.73839
2599	-6.e-002	0.	2.e-002	0.71548
2600	-9.8642e-002	0.	2.e-002	0.86489
2604	-3.e-002	0.	4.e-002	0.56039
2606	-4.e-002	0.	2.e-002	0.65434
2608	-1.e-002	0.	4.e-002	0.39444
2610	0.	0.	2.e-002	0.30047
2617	-1.e-002	0.	2.e-002	0.36133
2618	-3.e-002	0.	2.e-002	0.53229
2923	-1.e-002	0.	-4.e-002	0.39922
2924	-3.e-002	0.	-4.e-002	0.54509
2925	-1.e-002	0.	-2.e-002	0.3699
2926	-3.e-002	0.	-2.e-002	0.53756
2931	0.	0.	-2.e-002	0.3021
2934	-6.e-002	0.	-4.e-002	0.72384
2935	-4.e-002	0.	-2.e-002	0.62939
2938	-0.1	0.	-4.e-002	0.88048
2939	-6.e-002	0.	-2.e-002	0.72416
2940	-9.8642e-002	0.	-2.e-002	0.87429
2944	-0.14	0.	-4.e-002	0.95488
2945	-0.11864	0.	-2.e-002	0.9379
2948	-0.18	0.	-4.e-002	0.94689
2949	-0.13864	0.	-2.e-002	0.94916
2950	-0.17348	0.	-2.e-002	0.96165
2953	-0.22	0.	-4.e-002	0.86684
2954	-0.19348	0.	-2.e-002	0.94244
2956	-0.26	0.	-4.e-002	0.72685
2957	-0.26	0.	-2.e-002	0.69947
2958	-0.21348	0.	-2.e-002	0.88104
2962	-0.29	0.	-4.e-002	0.57019
2963	-0.28	0.	-2.e-002	0.62002
2966	-0.31	0.	-4.e-002	0.41924
2967	-0.31	0.	-2.e-002	0.39311
2968	-0.29	0.	-2.e-002	0.53665
2974	-0.32	0.	-2.e-002	0.31414
5221	-2.e-002	0.	0.	0.45972
5230	-0.3	0.	0.	0.4477
8288	-7.8642e-002	0.	4.0918e-019	0.78222
8304	-0.15212	0.	4.0918e-019	0.94464
64	-0.3	0.	-5.e-002	0.14589
65	-0.28	0.	-5.e-002	0.10178
66	-0.24	0.	-5.e-002	6.5791e-002
67	-0.2	0.	-5.e-002	3.647e-002
68	-0.16	0.	-5.e-002	2.2141e-002
69	-0.12	0.	-5.e-002	3.6679e-002
70	-8.e-002	0.	-5.e-002	6.4844e-002
71	-4.e-002	0.	-5.e-002	0.10131
72	-2.e-002	0.	-5.e-002	0.1469
73	-2.e-002	0.	5.e-002	0.14647
74	-4.e-002	0.	5.e-002	0.10241
75	-8.e-002	0.	5.e-002	6.6375e-002
76	-0.12	0.	5.e-002	3.7285e-002
77	-0.16	0.	5.e-002	2.2021e-002
78	-0.2	0.	5.e-002	3.6512e-002
79	-0.24	0.	5.e-002	6.5734e-002
80	-0.28	0.	5.e-002	0.10119
81	-0.3	0.	5.e-002	0.14499
82	0.	0.	5.e-002	0.1749
83	0.	0.	6.e-002	0.13073
84	-2.e-002	0.	6.e-002	0.11866
85	-4.e-002	0.	6.e-002	9.2723e-002
86	-8.e-002	0.	6.e-002	6.3977e-002
87	-0.12	0.	6.e-002	4.2381e-002
88	-0.16	0.	6.e-002	3.2919e-002
89	-0.2	0.	6.e-002	4.1673e-002
90	-0.24	0.	6.e-002	6.3339e-002
91	-0.28	0.	6.e-002	9.1059e-002
92	-0.3	0.	6.e-002	0.11722
93	-0.32	0.	5.e-002	0.17361
94	-0.32	0.	6.e-002	0.13032
95	-0.32	0.	4.e-002	0.21718
96	-0.3	0.	4.e-002	0.17304
97	-0.28	0.	4.e-002	0.11184
98	-0.24	0.	4.e-002	7.0197e-002
99	-0.2	0.	4.e-002	3.4285e-002
100	-0.16	0.	4.e-002	1.1126e-002
101	-0.12	0.	4.e-002	3.5082e-002
102	-8.e-002	0.	4.e-002	7.0797e-002
103	-4.e-002	0.	4.e-002	0.11261
104	0.	0.	4.e-002	0.21927
105	-2.e-002	0.	4.e-002	0.17455
169	-2.e-002	0.	-4.e-002	0.17515
170	0.	0.	-4.e-002	0.22003
171	-4.e-002	0.	-4.e-002	0.11192
172	-8.e-002	0.	-4.e-002	6.9383e-002
173	-0.12	0.	-4.e-002	3.4332e-002
174	-0.16	0.	-4.e-002	1.1187e-002
175	-0.2	0.	-4.e-002	3.4165e-002
176	-0.24	0.	-4.e-002	7.015e-002
177	-0.28	0.	-4.e-002	0.11224
178	-0.3	0.	-4.e-002	0.17394
179	-0.32	0.	-4.e-002	0.21831
273	-0.3	0.	-6.e-002	0.1181
274	-0.32	0.	-6.e-002	0.13106
275	-0.28	0.	-6.e-002	9.1825e-002
276	-0.24	0.	-6.e-002	6.3463e-002
277	-0.2	0.	-6.e-002	4.169e-002
278	-0.16	0.	-6.e-002	3.3096e-002
279	-0.12	0.	-6.e-002	4.2011e-002
280	-8.e-002	0.	-6.e-002	6.2401e-002
281	-4.e-002	0.	-6.e-002	9.1206e-002
282	-2.e-002	0.	-6.e-002	0.11883
283	0.	0.	-6.e-002	0.13229
293	-0.32	0.	-5.e-002	0.17457
297	0.	0.	-5.e-002	0.17611
2428	-0.29	0.	-5.e-002	0.12293
2429	-0.3	0.	-4.5e-002	0.15989
2430	-0.3	0.	-5.5e-002	0.13195
2431	-0.31	0.	-5.e-002	0.15986
2432	-0.26	0.	-5.e-002	8.3547e-002
2433	-0.28	0.	-4.5e-002	0.10695
2434	-0.28	0.	-5.5e-002	9.6727e-002
2435	-0.22	0.	-5.e-002	5.0474e-002
2436	-0.24	0.	-4.5e-002	6.7737e-002
2437	-0.24	0.	-5.5e-002	6.4355e-002
2438	-0.18	0.	-5.e-002	2.6253e-002
2439	-0.2	0.	-4.5e-002	3.49e-002
2440	-0.2	0.	-5.5e-002	3.8774e-002
2441	-0.14	0.	-5.e-002	2.6605e-002
2442	-0.16	0.	-4.5e-002	1.6664e-002
2443	-0.16	0.	-5.5e-002	2.7619e-002
2444	-0.1	0.	-5.e-002	5.0105e-002
2445	-0.12	0.	-4.5e-002	3.5077e-002
2446	-0.12	0.	-5.5e-002	3.9033e-002
2447	-6.e-002	0.	-5.e-002	8.2816e-002
2448	-8.e-002	0.	-4.5e-002	6.6874e-002
2449	-8.e-002	0.	-5.5e-002	6.3341e-002
2450	-3.e-002	0.	-5.e-002	0.1232
2451	-4.e-002	0.	-4.5e-002	0.10656
2452	-4.e-002	0.	-5.5e-002	9.6188e-002
2453	-2.e-002	0.	-4.5e-002	0.16101
2454	-2.e-002	0.	-5.5e-002	0.13283
2455	-1.e-002	0.	-5.e-002	0.16113
2456	-3.e-002	0.	5.e-002	0.12352
2457	-1.e-002	0.	5.e-002	0.1603
2458	-2.e-002	0.	5.5e-002	0.13252
2459	-2.e-002	0.	4.5e-002	0.16049
2460	-6.e-002	0.	5.e-002	8.4161e-002
2461	-4.e-002	0.	5.5e-002	9.7496e-002
2462	-4.e-002	0.	4.5e-002	0.10746
2463	-0.1	0.	5.e-002	5.1211e-002
2464	-8.e-002	0.	5.5e-002	6.4905e-002
2465	-8.e-002	0.	4.5e-002	6.8354e-002
2466	-0.14	0.	5.e-002	2.6752e-002
2467	-0.12	0.	5.5e-002	3.9526e-002
2468	-0.12	0.	4.5e-002	3.5772e-002
2469	-0.18	0.	5.e-002	2.6182e-002
2470	-0.16	0.	5.5e-002	2.747e-002
2471	-0.16	0.	4.5e-002	1.6573e-002
2472	-0.22	0.	5.e-002	5.0479e-002
2473	-0.2	0.	5.5e-002	3.8784e-002
2474	-0.2	0.	4.5e-002	3.498e-002
2475	-0.26	0.	5.e-002	8.3225e-002
2476	-0.24	0.	5.5e-002	6.4259e-002
2477	-0.24	0.	4.5e-002	6.7728e-002
2478	-0.29	0.	5.e-002	0.12219
2479	-0.28	0.	5.5e-002	9.6047e-002
2480	-0.28	0.	4.5e-002	0.10646
2481	-0.3	0.	5.5e-002	0.13106
2482	-0.31	0.	5.e-002	0.15893
2483	-0.3	0.	4.5e-002	0.15899
2484	0.	0.	5.5e-002	0.15278
2485	0.	0.	4.5e-002	0.19707
2490	-1.e-002	0.	6.e-002	0.12436
2496	-3.e-002	0.	6.e-002	0.10472
2502	-6.e-002	0.	6.e-002	7.7722e-002
2507	-0.1	0.	6.e-002	5.2219e-002
2512	-0.14	0.	6.e-002	3.5509e-002
2518	-0.18	0.	6.e-002	3.5067e-002
2524	-0.22	0.	6.e-002	5.1513e-002
2529	-0.26	0.	6.e-002	7.6568e-002
2534	-0.29	0.	6.e-002	0.1032
2539	-0.31	0.	6.e-002	0.12348
2544	-0.32	0.	5.5e-002	0.15192
2545	-0.32	0.	4.5e-002	0.19537
2555	-0.31	0.	4.e-002	0.1947
2562	-0.29	0.	4.e-002	0.14164
2569	-0.26	0.	4.e-002	9.0989e-002
2574	-0.22	0.	4.e-002	5.2031e-002
2582	-0.18	0.	4.e-002	1.9451e-002
2586	-0.14	0.	4.e-002	2.0196e-002
2592	-0.1	0.	4.e-002	5.2738e-002
2597	-6.e-002	0.	4.e-002	9.1675e-002
2604	-3.e-002	0.	4.e-002	0.14276
2608	-1.e-002	0.	4.e-002	0.19649
2923	-1.e-002	0.	-4.e-002	0.19721
2924	-3.e-002	0.	-4.e-002	0.14277
2930	0.	0.	-4.5e-002	0.19806
2934	-6.e-002	0.	-4.e-002	9.0615e-002
2938	-0.1	0.	-4.e-002	5.1643e-002
2944	-0.14	0.	-4.e-002	1.9863e-002
2948	-0.18	0.	-4.e-002	1.9457e-002
2953	-0.22	0.	-4.e-002	5.1944e-002
2956	-0.26	0.	-4.e-002	9.1164e-002
2962	-0.29	0.	-4.e-002	0.14229
2966	-0.31	0.	-4.e-002	0.19571
2973	-0.32	0.	-4.5e-002	0.19642
3610	-0.31	0.	-6.e-002	0.12427
3611	-0.29	0.	-6.e-002	0.10401
3617	-0.32	0.	-5.5e-002	0.15278
3623	-0.26	0.	-6.e-002	7.7013e-002
3627	-0.22	0.	-6.e-002	5.1562e-002
3632	-0.18	0.	-6.e-002	3.5185e-002
3637	-0.14	0.	-6.e-002	3.5536e-002
3641	-0.1	0.	-6.e-002	5.1206e-002
3646	-6.e-002	0.	-6.e-002	7.6109e-002
3652	-3.e-002	0.	-6.e-002	0.10401
3657	-1.e-002	0.	-6.e-002	0.12522
3662	0.	0.	-5.5e-002	0.15418
170	0.	0.	-4.e-002	0.17847
179	-0.32	0.	-4.e-002	0.15985
273	-0.3	0.	-6.e-002	8.4678e-002
274	-0.32	0.	-6.e-002	9.0635e-002
275	-0.28	0.	-6.e-002	6.6575e-002
276	-0.24	0.	-6.e-002	4.9146e-002
277	-0.2	0.	-6.e-002	3.9564e-002
278	-0.16	0.	-6.e-002	3.1701e-002
279	-0.12	0.	-6.e-002	3.6048e-002
280	-8.e-002	0.	-6.e-002	4.7584e-002
281	-4.e-002	0.	-6.e-002	7.1729e-002
282	-2.e-002	0.	-6.e-002	8.5519e-002
283	0.	0.	-6.e-002	8.2428e-002
293	-0.32	0.	-5.e-002	0.13498
297	0.	0.	-5.e-002	0.12559
364	1.	0.	-9.6364e-002	2.1118e-004
365	1.	0.	-0.19273	1.9147e-004
366	1.	0.	-0.28909	1.7291e-004
367	1.	0.	-0.38545	1.5342e-004
368	1.	0.	-0.48182	1.1565e-004
369	1.	0.	-0.57818	9.4667e-005
370	1.	0.	-0.67455	7.0561e-005
371	1.	0.	-0.77091	5.1783e-005
372	1.	0.	-0.86727	3.0097e-005
373	1.	0.	-0.96364	1.3025e-005
384	0.90333	0.	-1.06	1.5601e-005
385	0.80667	0.	-1.06	3.1e-005
386	0.71	0.	-1.06	4.5751e-005
387	0.61333	0.	-1.06	5.7362e-005
388	0.51667	0.	-1.06	7.3067e-005
389	0.42	0.	-1.06	8.6413e-005
390	0.32333	0.	-1.06	8.8055e-005
391	0.22667	0.	-1.06	8.5866e-005
392	0.13	0.	-1.06	8.0025e-005
393	3.3333e-002	0.	-1.06	5.8075e-005
394	-6.3333e-002	0.	-1.06	3.5623e-005
395	-0.16	0.	-1.06	1.2314e-005
396	-0.25667	0.	-1.06	3.3299e-005
397	-0.35333	0.	-1.06	5.6561e-005
398	-0.45	0.	-1.06	7.9475e-005
399	-0.54667	0.	-1.06	8.8922e-005
400	-0.64333	0.	-1.06	8.9627e-005
401	-0.74	0.	-1.06	8.3153e-005
402	-0.83667	0.	-1.06	7.2843e-005
403	-0.93333	0.	-1.06	5.5848e-005
404	-1.03	0.	-1.06	4.3778e-005
405	-1.1267	0.	-1.06	3.2662e-005
406	-1.2233	0.	-1.06	1.3354e-005
412	-1.32	0.	-0.96364	1.3823e-005
413	-1.32	0.	-0.86727	3.7234e-005
414	-1.32	0.	-0.77091	5.3548e-005
415	-1.32	0.	-0.67455	6.6233e-005
416	-1.32	0.	-0.57818	1.0125e-004
417	-1.32	0.	-0.48182	1.2732e-004
418	-1.32	0.	-0.38545	1.4898e-004
419	-1.32	0.	-0.28909	1.7322e-004
420	-1.32	0.	-0.19273	1.9492e-004
421	-1.32	0.	-9.6364e-002	2.0983e-004
427	9.0909e-002	0.	0.	3.2943e-002
428	0.18182	0.	0.	8.4018e-003
429	0.27273	0.	0.	3.3554e-003
430	0.36364	0.	0.	2.014e-003
431	0.45455	0.	0.	1.0874e-003
432	0.54545	0.	0.	7.2282e-004
433	0.63636	0.	0.	4.6726e-004
434	0.72727	0.	0.	3.4665e-004
435	0.81818	0.	0.	2.7886e-004
436	0.90909	0.	0.	2.2919e-004
437	-1.2291	0.	0.	2.268e-004
438	-1.1382	0.	0.	2.8179e-004
439	-1.0473	0.	0.	3.5326e-004
440	-0.95636	0.	0.	4.4778e-004
441	-0.86545	0.	0.	6.7102e-004
442	-0.77455	0.	0.	1.0864e-003
443	-0.68364	0.	0.	1.9135e-003
444	-0.59273	0.	0.	4.0213e-003
445	-0.50182	0.	0.	7.3873e-003
446	-0.41091	0.	0.	2.8992e-002
543	0.	0.	0.	0.16288
544	-0.32	0.	0.	0.16909
549	1.	0.	-1.06	8.4762e-006
550	1.	0.	0.	2.1302e-004
551	-1.32	0.	-1.06	7.7815e-006
552	-1.32	0.	0.	2.1224e-004
737	7.3333e-002	0.	-0.40208	1.3989e-003
738	-0.38086	0.	-0.39517	1.2521e-003
739	-0.85094	0.	-0.46701	3.2434e-004
740	0.54208	0.	-0.50551	2.7488e-004
741	-0.3704	0.	-0.23059	5.5447e-003
742	4.4097e-002	0.	-0.23801	5.0611e-003
743	-0.27778	0.	-0.72667	1.8287e-004
744	0.15111	0.	-0.72667	2.1095e-004
745	-0.13483	0.	-0.29968	3.0863e-003
746	-0.57817	0.	-0.59096	3.3174e-004
747	-0.21303	0.	-0.50417	6.8687e-004
748	0.63345	0.	-0.78399	9.0086e-005
749	-0.93045	0.	-0.78666	9.7459e-005
750	-0.55441	0.	-0.20777	2.6636e-003
751	0.22897	0.	-0.20919	3.0971e-003
752	-0.18337	0.	-0.18538	1.0033e-002
753	0.31555	0.	-0.42962	7.2596e-004
754	3.0926e-002	0.	-0.65722	2.787e-004
755	0.59406	0.	-0.31428	3.6089e-004
756	-1.0168	0.	-0.14633	3.5019e-004
757	2.5185e-002	0.	-0.17111	1.2891e-002
758	-0.33016	0.	-0.12232	2.4341e-002
759	-0.68777	0.	-0.18508	1.2132e-003
760	-0.55838	0.	-0.4697	6.421e-004
761	-0.66171	0.	-0.94561	9.8679e-005
762	0.31925	0.	-0.74065	1.7693e-004
763	-0.5791	0.	-0.83777	1.3185e-004
764	-4.9015e-002	0.	-0.16703	1.2343e-002
765	0.47299	0.	-0.24228	7.4296e-004
766	-1.1914	0.	-0.42557	1.6643e-004
767	-0.33866	0.	-0.50154	5.98e-004
768	0.69185	0.	-0.51657	1.8562e-004
769	-1.4836e-002	0.	-0.42676	1.0917e-003
770	-0.2218	0.	-0.34533	1.9239e-003
771	-4.0329e-003	0.	-0.77138	1.6861e-004
772	-0.81852	0.	-0.71732	1.4202e-004
773	0.23214	0.	-0.50813	5.7074e-004
774	-1.0736	0.	-0.5996	1.3857e-004
775	-0.41647	0.	-0.15636	9.1052e-003
776	-0.2536	0.	-0.15028	1.5565e-002
777	-0.12385	0.	-0.71724	1.9376e-004
778	-4.8932e-002	0.	-0.57343	4.3525e-004
779	-0.22526	0.	-0.87682	7.7773e-005
780	-0.18474	0.	-0.42331	1.0948e-003
781	-3.5373e-002	0.	-0.12047	2.715e-002
782	1.2593e-002	0.	-0.11556	2.5552e-002
783	9.6655e-002	0.	-0.15421	8.731e-003
784	-0.76635	0.	-0.32515	6.6942e-004
785	0.82958	0.	-0.74058	7.2239e-005
786	-1.1695	0.	-0.82441	4.3958e-005
787	-0.46136	0.	-0.67617	2.5763e-004
788	-5.0102e-002	0.	-0.27305	3.942e-003
789	-0.28478	0.	-0.20718	8.3119e-003
790	0.42324	0.	-0.61391	2.7965e-004
791	-9.1591e-002	0.	-0.22453	6.3992e-003
792	4.601e-002	0.	-0.51912	6.2315e-004
793	-0.54899	0.	-0.33318	1.4645e-003
794	0.18143	0.	-0.93222	9.3737e-005
795	-0.36655	0.	-0.91364	8.2365e-005
796	-0.9309	0.	-0.31486	3.6223e-004
797	-0.1616	0.	-0.11916	2.0111e-002
798	0.17199	0.	-0.28597	2.0848e-003
799	-0.72707	0.	-0.54597	3.3435e-004
800	0.37242	0.	-0.88041	1.0768e-004
801	-0.21541	0.	-0.25206	5.1779e-003
802	-0.27954	0.	-0.43016	1.064e-003
803	0.76767	0.	-0.90721	4.7389e-005
804	0.59424	0.	-0.164	5.164e-004
805	-0.45855	0.	-0.2579	3.0958e-003
806	0.26313	0.	-0.31811	1.227e-003
807	-1.1809	0.	-0.15033	2.2315e-004
808	0.33619	0.	-0.2225	1.5805e-003
809	0.86064	0.	-0.43964	1.4493e-004
810	-9.4321e-002	0.	-0.12019	2.5569e-002
811	0.4663	0.	-0.75747	1.5397e-004
812	-0.84708	0.	-0.16446	7.1131e-004
813	-0.29185	0.	-0.28222	3.8553e-003
814	-0.68309	0.	-0.78269	1.5297e-004
815	-0.32963	0.	-0.62957	3.3262e-004
816	-7.6218e-002	0.	-0.36082	1.8632e-003
817	0.50584	0.	-0.90703	8.6122e-005
818	0.57555	0.	-0.64233	1.5819e-004
819	-0.97469	0.	-0.44774	2.2097e-004
820	-1.5054e-003	0.	-0.3331	2.3224e-003
821	-0.46204	0.	-0.55533	4.8718e-004
822	-0.90825	0.	-0.92751	7.3506e-005
823	-0.65573	0.	-0.39716	7.0828e-004
824	-1.4142e-002	0.	-0.92169	7.3908e-005
825	0.40063	0.	-0.11953	1.3891e-003
826	0.26444	0.	-0.62182	3.0943e-004
827	-0.12441	0.	-0.50248	6.8725e-004
828	-0.21065	0.	-0.14368	1.5463e-002
829	0.87278	0.	-0.13541	2.2729e-004
830	0.72057	0.	-9.0137e-002	3.4459e-004
831	-0.1194	0.	-0.17205	1.2211e-002
832	0.12747	0.	-0.59997	4.0046e-004
833	0.15988	0.	-0.36226	1.3779e-003
834	0.72778	0.	-0.3658	2.1901e-004
835	-1.0758	0.	-0.25484	2.5624e-004
836	-0.37667	0.	-0.31	2.7037e-003
837	-0.22119	0.	-0.66717	2.1354e-004
838	-0.11591	0.	-0.83223	8.625e-005
839	-0.56967	0.	-0.72423	2.1542e-004
840	-1.21	0.	-0.67174	7.7212e-005
841	0.87003	0.	-0.58426	1.0684e-004
842	-0.95187	0.	-0.65897	1.413e-004
843	0.42222	0.	-0.46265	4.2299e-004
844	0.38698	0.	-0.34936	6.8424e-004
845	0.62479	0.	-0.94484	6.4257e-005
846	-0.28033	0.	-9.842e-002	3.8457e-002
847	-0.69793	0.	-0.66434	2.2667e-004
848	-0.64558	0.	-0.29111	1.0909e-003
849	-1.0232	0.	-0.8521	6.8159e-005
850	-0.47494	0.	-0.81144	1.4926e-004
851	-0.80647	0.	-0.84736	1.0296e-004
852	-1.195	0.	-0.94935	2.1907e-005
853	0.70812	0.	-0.65852	1.2442e-004
854	-0.29959	0.	-0.14907	1.803e-002
855	0.14515	0.	-0.45272	7.8722e-004
856	-0.83815	0.	-0.60154	2.0499e-004
857	-0.47697	0.	-0.43152	9.0139e-004
858	0.25968	0.	-8.9103e-002	3.5185e-003
859	-0.58204	0.	-8.9809e-002	2.8596e-003
860	-0.20725	0.	-0.7742	1.3294e-004
861	0.8862	0.	-0.94475	2.5655e-005
862	-0.37414	0.	-0.76279	1.6234e-004
863	-0.14941	0.	-0.5973	3.9284e-004
864	-1.2	0.	-0.29591	1.7973e-004
865	0.33152	0.	-0.52723	3.9738e-004
866	9.4198e-002	0.	-0.84241	1.1332e-004
867	-0.30378	0.	-0.35129	1.9134e-003
868	-0.34909	0.	-0.16717	1.1444e-002
869	-0.49883	0.	-0.95402	9.574e-005
870	-0.7308	0.	-0.44866	4.9809e-004
871	7.9299e-002	0.	-0.95897	7.715e-005
872	0.89057	0.	-0.30175	1.898e-004
873	-1.0599	0.	-0.73207	7.9104e-005
874	0.5058	0.	-0.3836	4.0707e-004
875	5.39e-002	0.	-0.12587	1.5458e-002
876	1.1009e-002	0.	-8.0723e-002	5.268e-002
877	-0.37298	0.	-0.12732	1.6672e-002
878	-0.35438	0.	-0.10055	2.7616e-002
879	-0.34583	0.	-6.6514e-002	5.0643e-002
880	0.13184	0.	-0.22556	4.2904e-003
881	-0.7391	0.	-7.5362e-002	1.2922e-003
882	0.14896	0.	-7.8056e-002	1.0476e-002
883	8.1937e-002	0.	-8.4042e-002	2.1691e-002
884	-0.46896	0.	-7.8056e-002	9.6008e-003
885	-0.40066	0.	-8.8425e-002	2.0486e-002
886	-0.25657	0.	-0.98682	3.6155e-005
887	9.2589e-002	0.	-0.30911	2.4468e-003
888	-0.45301	0.	-0.35074	1.6284e-003
889	-1.0699	0.	-0.3702	2.1788e-004
890	0.69808	0.	-0.23627	3.249e-004
891	-0.31486	0.	-8.2533e-002	5.8695e-002
892	0.61834	0.	-0.42356	2.7727e-004
893	-0.15142	0.	-0.22741	6.3937e-003
894	-0.79622	0.	-0.96304	8.3231e-005
895	-1.1923	0.	-0.53787	1.271e-004
896	-2.6682e-002	0.	-8.8935e-002	5.1824e-002
897	0.89669	0.	-0.84614	4.0254e-005
898	-1.1174	0.	-6.2959e-002	2.73e-004
899	-0.22421	0.	-9.8194e-002	2.9881e-002
900	0.29597	0.	-0.96528	9.4836e-005
901	0.22759	0.	-0.40749	9.6364e-004
902	-0.28727	0.	-0.81017	1.2732e-004
903	-0.10182	0.	-0.43066	1.0977e-003
904	-5.0456e-002	0.	-0.48986	7.2278e-004
905	0.24037	0.	-0.83594	1.2109e-004
906	-0.1174	0.	-0.94377	3.4573e-005
907	-0.14469	0.	-0.3743	1.5483e-003
908	0.51387	0.	-8.096e-002	7.3018e-004
909	-0.24118	0.	-0.57889	3.746e-004
910	-0.94427	0.	-6.3823e-002	4.6435e-004
911	-0.49466	0.	-0.14505	5.5229e-003
912	0.17702	0.	-0.14794	5.9906e-003
913	-0.22961	0.	-0.18784	9.0576e-003
914	-0.95881	0.	-0.5441	1.9942e-004
915	-0.64751	0.	-0.49775	4.5819e-004
916	-4.625e-002	0.	-0.67458	2.6486e-004
917	-1.0558	0.	-0.96019	4.537e-005
918	-1.2995e-002	0.	-0.20454	8.392e-003
919	-1.0657	0.	-0.48559	1.8582e-004
920	3.7561e-002	0.	-9.1268e-002	2.9914e-002
921	2.8366e-002	0.	-5.0148e-002	8.0279e-002
1413	-0.35395	0.	-2.473e-002	8.8828e-002
1414	-0.37119	0.	-4.3215e-002	4.5733e-002
1415	-0.33883	0.	-4.7409e-002	0.10113
2930	0.	0.	-4.5e-002	0.15142
2931	0.	0.	-2.e-002	0.16798
2932	1.4183e-002	0.	-4.5074e-002	0.12875
2973	-0.32	0.	-4.5e-002	0.14535
2974	-0.32	0.	-2.e-002	0.16201
2975	-0.33698	0.	-3.2365e-002	0.12395
2976	-0.32941	0.	-4.3705e-002	0.12886
3610	-0.31	0.	-6.e-002	8.6352e-002
3611	-0.29	0.	-6.e-002	7.4811e-002
3612	-0.29017	0.	-7.921e-002	6.1106e-002
3613	-0.30743	0.	-7.1266e-002	7.1535e-002
3617	-0.32	0.	-5.5e-002	0.11043
3618	-0.33292	0.	-6.3257e-002	7.0201e-002
3619	-0.31743	0.	-7.1266e-002	7.426e-002
3620	-0.32941	0.	-5.3705e-002	9.353e-002
3623	-0.26	0.	-6.e-002	5.7086e-002
3624	-0.28017	0.	-7.921e-002	5.2456e-002
3627	-0.22	0.	-6.e-002	4.3528e-002
3628	-0.26017	0.	-7.921e-002	4.3139e-002
3629	-0.23211	0.	-7.9097e-002	3.9311e-002
3632	-0.18	0.	-6.e-002	3.4347e-002
3633	-0.1808	0.	-8.9578e-002	2.9112e-002
3634	-0.21211	0.	-7.9097e-002	3.4577e-002
3637	-0.14	0.	-6.e-002	3.2433e-002
3638	-0.1608	0.	-8.9578e-002	2.5886e-002
3641	-0.1	0.	-6.e-002	4.0672e-002
3642	-0.1408	0.	-8.9578e-002	2.6694e-002
3643	-0.10716	0.	-9.0093e-002	3.0599e-002
3646	-6.e-002	0.	-6.e-002	5.8836e-002
3647	-5.7687e-002	0.	-9.0235e-002	3.7023e-002
3648	-8.716e-002	0.	-9.0093e-002	3.631e-002
3649	-5.3341e-002	0.	-7.4468e-002	4.8179e-002
3652	-3.e-002	0.	-6.e-002	7.8272e-002
3653	-3.3341e-002	0.	-7.4468e-002	6.1448e-002
3657	-1.e-002	0.	-6.e-002	8.3021e-002
3658	-2.3341e-002	0.	-7.4468e-002	6.8611e-002
3662	0.	0.	-5.5e-002	0.10019
3663	5.5046e-003	0.	-7.0362e-002	6.7431e-002
3664	-1.3341e-002	0.	-7.4468e-002	6.6262e-002
3665	1.4183e-002	0.	-5.5074e-002	7.7289e-002
3726	-0.32941	0.	-4.8705e-002	0.11788
3741	1.4183e-002	0.	-5.0074e-002	0.10262
4164	1.	0.	-0.14455	2.0132e-004
4166	0.95455	0.	-4.8182e-002	2.2016e-004
4167	1.	0.	-4.8182e-002	2.1208e-004
4168	0.93639	0.	-0.11589	2.1908e-004
4171	1.	0.	-0.24091	1.8219e-004
4172	0.93639	0.	-0.16407	2.0929e-004
4173	0.94529	0.	-0.24724	1.9035e-004
4176	1.	0.	-0.33727	1.631e-004
4177	0.94529	0.	-0.29542	1.8112e-004
4179	1.	0.	-0.43364	1.345e-004
4180	0.93032	0.	-0.41255	1.4869e-004
4181	0.94529	0.	-0.3436	1.7157e-004
4185	1.	0.	-0.53	1.0516e-004
4186	0.93032	0.	-0.46073	1.3003e-004
4187	0.93501	0.	-0.53304	1.1059e-004
4191	1.	0.	-0.62636	8.2607e-005
4192	0.93501	0.	-0.58122	1.0016e-004
4194	1.	0.	-0.72273	6.1168e-005
4195	0.91479	0.	-0.70756	7.032e-005
4196	0.93501	0.	-0.6294	8.8265e-005
4200	1.	0.	-0.81909	4.0935e-005
4201	0.91479	0.	-0.75574	6.1194e-005
4202	0.94834	0.	-0.80853	4.5759e-005
4206	1.	0.	-0.91545	2.1362e-005
4207	0.9431	0.	-0.90601	2.6945e-005
4208	0.94834	0.	-0.85671	3.5034e-005
4212	0.95167	0.	-1.0118	1.3668e-005
4213	1.	0.	-1.0118	1.0599e-005
4214	0.9431	0.	-0.95419	1.9232e-005
4280	0.855	0.	-1.06	2.3215e-005
4281	0.95167	0.	-1.06	1.1906e-005
4282	0.89477	0.	-1.0024	2.0267e-005
4286	0.75833	0.	-1.06	3.8322e-005
4287	0.78717	0.	-0.9836	3.8906e-005
4288	0.84643	0.	-1.0024	2.7329e-005
4292	0.66167	0.	-1.06	5.1542e-005
4293	0.73883	0.	-0.9836	4.5836e-005
4294	0.6674	0.	-1.0024	5.4999e-005
4298	0.565	0.	-1.06	6.5196e-005
4299	0.61906	0.	-1.0024	6.0791e-005
4303	0.46833	0.	-1.06	7.9721e-005
4304	0.51126	0.	-0.98351	7.9353e-005
4305	0.57073	0.	-1.0024	6.8581e-005
4309	0.37167	0.	-1.06	8.7196e-005
4310	0.39621	0.	-0.9702	9.6974e-005
4311	0.46292	0.	-0.98351	8.5838e-005
4312	0.35799	0.	-1.0126	9.0564e-005
4316	0.275	0.	-1.06	8.6924e-005
4317	0.30965	0.	-1.0126	9.1436e-005
4322	0.17833	0.	-1.06	8.2923e-005
4323	0.20405	0.	-0.99611	8.9752e-005
4324	0.26132	0.	-1.0126	9.0326e-005
4328	8.1667e-002	0.	-1.06	6.887e-005
4329	0.15571	0.	-0.99611	8.6867e-005
4330	0.10465	0.	-1.0095	7.8212e-005
4333	-1.5e-002	0.	-1.06	4.6217e-005
4334	9.5959e-003	0.	-0.99085	6.4584e-005
4335	5.6316e-002	0.	-1.0095	6.7557e-005
4339	-0.11167	0.	-1.06	1.9814e-005
4340	-3.8737e-002	0.	-0.99085	5.4725e-005
4341	-9.0366e-002	0.	-1.0019	3.2744e-005
4345	-0.20833	0.	-1.06	2.1246e-005
4346	-0.20828	0.	-1.0234	2.37e-005
4347	-0.1387	0.	-1.0019	2.2461e-005
4349	-0.305	0.	-1.06	4.487e-005
4350	-0.25662	0.	-1.0234	3.4169e-005
4354	-0.40167	0.	-1.06	6.7844e-005
4355	-0.35994	0.	-0.98682	6.9181e-005
4356	-0.30495	0.	-1.0234	4.519e-005
4360	-0.49833	0.	-1.06	8.4159e-005
4361	-0.40828	0.	-0.98682	7.9828e-005
4362	-0.47441	0.	-1.007	8.7594e-005
4364	-0.595	0.	-1.06	8.9251e-005
4365	-0.60419	0.	-1.0028	9.3718e-005
4366	-0.52275	0.	-1.007	9.224e-005
4370	-0.69167	0.	-1.06	8.636e-005
4371	-0.65252	0.	-1.0028	9.4126e-005
4376	-0.78833	0.	-1.06	7.7991e-005
4377	-0.70086	0.	-1.0028	9.0905e-005
4378	-0.76811	0.	-1.0115	8.3156e-005
4382	-0.885	0.	-1.06	6.4328e-005
4383	-0.87246	0.	-0.99376	7.2925e-005
4384	-0.81644	0.	-1.0115	7.8004e-005
4386	-0.98167	0.	-1.06	4.9807e-005
4387	-0.92079	0.	-0.99376	6.4563e-005
4388	-0.99456	0.	-1.0101	5.0354e-005
4393	-1.0783	0.	-1.06	3.8079e-005
4394	-1.0429	0.	-1.0101	4.4404e-005
4396	-1.175	0.	-1.06	2.2935e-005
4397	-1.1608	0.	-1.0047	2.6751e-005
4398	-1.0912	0.	-1.0101	3.9012e-005
4403	-1.2717	0.	-1.0118	1.3048e-005
4404	-1.2717	0.	-1.06	1.0461e-005
4405	-1.2092	0.	-1.0047	1.7517e-005
4435	-1.32	0.	-0.91545	2.5355e-005
4436	-1.32	0.	-1.0118	1.0711e-005
4437	-1.2575	0.	-0.95649	1.7623e-005
4439	-1.32	0.	-0.81909	4.5367e-005
4440	-1.2448	0.	-0.84584	4.0113e-005
4441	-1.2575	0.	-0.90831	2.8347e-005
4445	-1.32	0.	-0.72273	5.9866e-005
4446	-1.2448	0.	-0.79766	4.7917e-005
4447	-1.265	0.	-0.72133	6.5222e-005
4450	-1.32	0.	-0.62636	8.372e-005
4451	-1.265	0.	-0.67314	7.1373e-005
4455	-1.32	0.	-0.53	1.1425e-004
4456	-1.265	0.	-0.62496	8.8932e-005
4457	-1.2562	0.	-0.55803	1.137e-004
4462	-1.32	0.	-0.43364	1.3813e-004
4463	-1.2557	0.	-0.45369	1.4638e-004
4464	-1.2562	0.	-0.50984	1.2637e-004
4468	-1.32	0.	-0.33727	1.6108e-004
4469	-1.2557	0.	-0.40551	1.5692e-004
4470	-1.26	0.	-0.34068	1.643e-004
4473	-1.32	0.	-0.24091	1.8407e-004
4474	-1.26	0.	-0.2925	1.7636e-004
4477	-1.32	0.	-0.14455	2.0236e-004
4478	-1.2505	0.	-0.17153	2.0894e-004
4479	-1.26	0.	-0.24432	1.8715e-004
4482	-1.2745	0.	-4.8182e-002	2.1831e-004
4483	-1.32	0.	-4.8182e-002	2.1102e-004
4484	-1.2505	0.	-0.12335	2.1634e-004
4531	0.13636	0.	0.	2.0649e-002
4532	4.5455e-002	0.	0.	9.7842e-002
4536	0.11993	0.	-3.9028e-002	2.1559e-002
4537	8.6423e-002	0.	-4.2021e-002	2.6479e-002
4538	5.9638e-002	0.	-2.5074e-002	5.5447e-002
4546	0.22727	0.	0.	5.8687e-003
4549	0.22075	0.	-4.4552e-002	5.9339e-003
4550	0.16539	0.	-3.9028e-002	9.3252e-003
4557	0.31818	0.	0.	2.6783e-003
4560	0.2662	0.	-4.4552e-002	3.3946e-003
4564	0.40909	0.	0.	1.549e-003
4566	0.38213	0.	-5.9764e-002	1.6882e-003
4567	0.31166	0.	-4.4552e-002	2.7451e-003
4570	0.5	0.	0.	9.0444e-004
4573	0.42759	0.	-5.9764e-002	1.229e-003
4574	0.48421	0.	-4.048e-002	9.0818e-004
4580	0.59091	0.	0.	5.9465e-004
4583	0.52966	0.	-4.048e-002	7.2451e-004
4587	0.68182	0.	0.	4.0675e-004
4589	0.6153	0.	-8.2001e-002	4.8843e-004
4590	0.67847	0.	-4.5068e-002	4.0577e-004
4591	0.57512	0.	-4.048e-002	5.9823e-004
4596	0.77273	0.	0.	3.1262e-004
4599	0.72392	0.	-4.5068e-002	3.4505e-004
4601	0.86364	0.	0.	2.5401e-004
4604	0.84548	0.	-6.7704e-002	2.5297e-004
4605	0.76938	0.	-4.5068e-002	3.1145e-004
4611	0.95455	0.	0.	2.2104e-004
4613	0.89094	0.	-6.7704e-002	2.2809e-004
4618	-1.1836	0.	0.	2.5425e-004
4620	-1.2745	0.	0.	2.1951e-004
4622	-1.205	0.	-7.5166e-002	2.2478e-004
4623	-1.1732	0.	-3.148e-002	2.4981e-004
4627	-1.0927	0.	0.	3.1738e-004
4630	-1.1278	0.	-3.148e-002	2.7728e-004
4635	-1.0018	0.	0.	4.0029e-004
4638	-1.032	0.	-7.3163e-002	3.5034e-004
4639	-1.0823	0.	-3.148e-002	3.1299e-004
4640	-0.99577	0.	-3.1912e-002	4.0865e-004
4642	-0.91091	0.	0.	5.5876e-004
4644	-0.95032	0.	-3.1912e-002	4.5584e-004
4649	-0.82	0.	0.	8.769e-004
4652	-0.85627	0.	-8.223e-002	6.8684e-004
4653	-0.80228	0.	-3.7681e-002	9.8035e-004
4654	-0.90486	0.	-3.1912e-002	5.6755e-004
4659	-0.72909	0.	0.	1.4984e-003
4661	-0.75682	0.	-3.7681e-002	1.1815e-003
4663	-0.63818	0.	0.	2.9624e-003
4667	-0.63284	0.	-4.4904e-002	2.3612e-003
4668	-0.71137	0.	-3.7681e-002	1.5993e-003
4672	-0.54727	0.	0.	5.6933e-003
4675	-0.58739	0.	-4.4904e-002	3.3943e-003
4681	-0.45636	0.	0.	1.8187e-002
4685	-0.54193	0.	-4.4904e-002	5.102e-003
4686	-0.48539	0.	-3.9028e-002	8.3986e-003
4691	-0.36545	0.	0.	9.9021e-002
4695	-0.43993	0.	-3.9028e-002	1.9163e-002
4696	-0.40578	0.	-4.4212e-002	2.3862e-002
4700	-0.38243	0.	-1.2365e-002	5.877e-002
4701	-0.39105	0.	-2.1607e-002	3.6826e-002
5219	1.4183e-002	0.	-2.5074e-002	0.11994
5231	-0.33698	0.	-1.2365e-002	0.12847
6338	2.9249e-002	0.	-0.41442	1.2065e-003
6339	5.9672e-002	0.	-0.4606	9.9682e-004
6340	3.5914e-002	0.	-0.36759	1.8432e-003
6341	0.11661	0.	-0.38217	1.3701e-003
6342	0.10924	0.	-0.4274	1.088e-003
6343	8.2961e-002	0.	-0.3556	1.9186e-003
6347	-0.35976	0.	-0.44836	9.1538e-004
6348	-0.3302	0.	-0.41266	1.1206e-003
6349	-0.37876	0.	-0.35259	1.9753e-003
6350	-0.42891	0.	-0.41334	1.0691e-003
6351	-0.34232	0.	-0.37323	1.5473e-003
6352	-0.41693	0.	-0.37296	1.4205e-003
6356	-0.80864	0.	-0.39608	4.9661e-004
6357	-0.89092	0.	-0.39093	3.3838e-004
6358	-0.78901	0.	-0.50649	3.2558e-004
6359	-0.91282	0.	-0.45738	2.7063e-004
6360	-0.84454	0.	-0.53427	2.6385e-004
6361	-0.79087	0.	-0.45783	4.097e-004
6362	-0.90487	0.	-0.50555	2.6153e-004
6368	0.61697	0.	-0.51104	2.2937e-004
6369	0.48266	0.	-0.55971	2.7458e-004
6370	0.55882	0.	-0.57392	2.1614e-004
6371	0.48215	0.	-0.48408	3.4804e-004
6372	0.52394	0.	-0.44456	3.4044e-004
6373	0.58021	0.	-0.46454	2.7461e-004
6377	-0.39344	0.	-0.19347	7.16e-003
6378	-0.32759	0.	-0.21888	6.7078e-003
6379	-0.41447	0.	-0.24424	4.278e-003
6380	-0.33113	0.	-0.25641	4.4713e-003
6381	-0.37354	0.	-0.27029	4.1036e-003
6382	-0.35974	0.	-0.19888	8.493e-003
6387	3.4641e-002	0.	-0.20456	8.968e-003
6388	7.0376e-002	0.	-0.19611	6.6371e-003
6389	-3.0025e-003	0.	-0.25553	4.3204e-003
6390	2.1296e-002	0.	-0.28556	3.6081e-003
6391	8.7966e-002	0.	-0.23178	4.5749e-003
6392	6.8343e-002	0.	-0.27356	3.7519e-003
6393	1.5551e-002	0.	-0.22128	6.6906e-003
6398	-0.3037	0.	-0.67812	2.5616e-004
6399	-0.24949	0.	-0.69692	1.954e-004
6400	-0.24251	0.	-0.75043	1.5444e-004
6401	-0.32596	0.	-0.74473	1.6982e-004
6402	-0.28252	0.	-0.76842	1.5508e-004
6405	9.1019e-002	0.	-0.69194	2.3948e-004
6406	0.23518	0.	-0.73366	1.9135e-004
6407	7.3539e-002	0.	-0.74902	1.8273e-004
6408	0.20777	0.	-0.67425	2.5704e-004
6409	0.13929	0.	-0.66332	3.0562e-004
6410	0.12265	0.	-0.78454	1.6181e-004
6411	0.19574	0.	-0.7813	1.6562e-004
6417	-0.17832	0.	-0.32251	2.4136e-003
6418	-9.2466e-002	0.	-0.28636	3.2e-003
6419	-0.11321	0.	-0.2621	4.5726e-003
6420	-0.17512	0.	-0.27587	3.9427e-003
6421	-0.10552	0.	-0.33025	2.4092e-003
6422	-0.14313	0.	-0.26354	4.7391e-003
6423	-0.13976	0.	-0.33699	2.3173e-003
6428	-0.56828	0.	-0.53033	4.8564e-004
6429	-0.51976	0.	-0.63357	2.8983e-004
6430	-0.65262	0.	-0.56847	3.2691e-004
6431	-0.5201	0.	-0.57315	4.0681e-004
6432	-0.57392	0.	-0.6576	2.7339e-004
6433	-0.63805	0.	-0.62765	2.7763e-004
6434	-0.61284	0.	-0.54436	3.9092e-004
6439	-0.27584	0.	-0.50286	5.9873e-004
6440	-0.19889	0.	-0.46374	8.8575e-004
6441	-0.24628	0.	-0.46716	8.4501e-004
6442	-0.16872	0.	-0.50333	6.5557e-004
6443	-0.18122	0.	-0.55073	5.3377e-004
6444	-0.2271	0.	-0.54153	5.2864e-004
6448	0.73151	0.	-0.76228	7.8874e-005
6449	0.70056	0.	-0.8456	6.8713e-005
6450	0.54987	0.	-0.77073	1.2119e-004
6451	0.56965	0.	-0.84551	8.6938e-005
6452	0.6045	0.	-0.71316	1.2412e-004
6453	0.62912	0.	-0.86441	7.5767e-005
6454	0.67079	0.	-0.72125	1.0636e-004
6459	-0.87449	0.	-0.75199	1.1962e-004
6460	-0.91935	0.	-0.85709	8.4754e-005
6461	-0.94116	0.	-0.72282	1.1878e-004
6462	-0.97684	0.	-0.81938	8.2763e-005
6463	-0.86846	0.	-0.81701	9.9545e-005
6464	-0.9952	0.	-0.75936	8.6917e-005
6467	-0.62109	0.	-0.19643	1.9202e-003
6468	-0.5517	0.	-0.27048	2.0353e-003
6469	-0.50648	0.	-0.23283	2.8373e-003
6470	-0.6	0.	-0.24944	1.8756e-003
6471	-0.56823	0.	-0.14879	2.6887e-003
6472	-0.52453	0.	-0.17641	4.0917e-003
6477	0.20048	0.	-0.24758	2.5432e-003
6478	0.24605	0.	-0.26365	2.1524e-003
6479	0.28258	0.	-0.21584	2.3304e-003
6480	0.24433	0.	-0.14915	3.2156e-003
6481	0.1804	0.	-0.21737	3.636e-003
6482	0.203	0.	-0.17856	4.542e-003
6489	-0.17248	0.	-0.15227	1.5e-002
6490	-0.19939	0.	-0.21872	7.5729e-003
6491	-0.19701	0.	-0.16453	1.253e-002
6492	-0.15139	0.	-0.17872	1.0321e-002
6493	-0.1674	0.	-0.2064	8.0616e-003
6494	-0.20649	0.	-0.18661	9.3493e-003
6498	0.27385	0.	-0.46887	6.4241e-004
6499	0.28934	0.	-0.37386	9.757e-004
6500	0.36889	0.	-0.44614	5.7315e-004
6501	0.35126	0.	-0.38949	7.0041e-004
6502	0.32354	0.	-0.47842	5.6029e-004
6503	0.27157	0.	-0.41855	8.4102e-004
6507	1.3447e-002	0.	-0.7143	2.2307e-004
6508	-9.0029e-003	0.	-0.61533	3.4942e-004
6509	3.8468e-002	0.	-0.58817	4.5055e-004
6510	7.9199e-002	0.	-0.6286	3.3387e-004
6511	-7.662e-003	0.	-0.6659	2.6473e-004
6514	0.53352	0.	-0.27828	5.519e-004
6515	0.59415	0.	-0.23914	4.3669e-004
6516	0.66092	0.	-0.34004	2.8979e-004
6517	0.54993	0.	-0.34894	3.817e-004
6518	0.64607	0.	-0.27527	3.4108e-004
6519	0.6062	0.	-0.36892	3.1823e-004
6523	-0.97384	0.	-0.23059	3.5303e-004
6524	-1.0989	0.	-0.14833	2.8629e-004
6525	-0.93193	0.	-0.15539	5.2992e-004
6526	-1.0463	0.	-0.20058	3.0302e-004
6527	-1.0671	0.	-0.10464	3.1082e-004
6528	-0.98053	0.	-0.10507	4.0629e-004
6533	-1.1915e-002	0.	-0.16907	1.2164e-002
6534	-5.0941e-003	0.	-0.14579	1.9748e-002
6535	1.8889e-002	0.	-0.14333	1.9212e-002
6536	6.092e-002	0.	-0.16266	1.0517e-002
6537	3.9542e-002	0.	-0.14849	1.3977e-002
6538	6.0953e-003	0.	-0.18783	1.0521e-002
6542	-0.30525	0.	-0.11037	3.0742e-002
6543	-0.31488	0.	-0.1357	2.0931e-002
6544	-0.33962	0.	-0.14475	1.7884e-002
6545	-0.35157	0.	-0.12482	2.0346e-002
6546	-0.34227	0.	-0.11144	2.5758e-002
6547	-0.32251	0.	-0.10243	4.1513e-002
6552	-0.72706	0.	-0.25512	9.3704e-004
6553	-0.76742	0.	-0.17477	9.5658e-004
6554	-0.66667	0.	-0.2381	1.1336e-003
6555	-0.63491	0.	-0.13745	2.0291e-003
6556	-0.71343	0.	-0.13022	1.2345e-003
6560	-0.55369	0.	-0.40144	1.0499e-003
6561	-0.51021	0.	-0.51251	5.5476e-004
6562	-0.60706	0.	-0.43343	6.6689e-004
6563	-0.51768	0.	-0.45061	7.6761e-004
6564	-0.60295	0.	-0.48372	5.4856e-004
6569	-0.62041	0.	-0.89169	1.1495e-004
6570	-0.6724	0.	-0.86415	1.2563e-004
6571	-0.73409	0.	-0.89649	1.002e-004
6572	-0.58027	0.	-0.94982	9.6859e-005
6573	-0.72897	0.	-0.95432	9.0885e-005
6576	0.37125	0.	-0.67728	2.2511e-004
6577	0.34584	0.	-0.81053	1.4229e-004
6578	0.39278	0.	-0.74906	1.6448e-004
6579	0.29185	0.	-0.68124	2.4315e-004
6580	0.27981	0.	-0.78829	1.4835e-004
6584	-0.63109	0.	-0.81023	1.4148e-004
6585	-0.57439	0.	-0.781	1.7334e-004
6586	-0.52702	0.	-0.8246	1.4016e-004
6587	-0.53896	0.	-0.8959	1.1376e-004
6591	-4.2194e-002	0.	-0.14375	1.9665e-002
6592	-7.0303e-002	0.	-0.19578	9.187e-003
6593	-7.1668e-002	0.	-0.14361	1.871e-002
6594	-8.4207e-002	0.	-0.16954	1.1616e-002
6595	-3.1005e-002	0.	-0.18579	1.0299e-002
6599	0.53361	0.	-0.20314	6.2627e-004
6600	0.40459	0.	-0.23239	1.1599e-003
6601	0.43681	0.	-0.1809	1.0617e-003
6602	0.42998	0.	-0.29582	7.0295e-004
6603	0.4894	0.	-0.31294	5.7236e-004
6604	0.49343	0.	-0.16162	7.2431e-004
6608	-1.1957	0.	-0.36074	1.726e-004
6609	-1.1307	0.	-0.39789	1.9192e-004
6610	-1.1918	0.	-0.48172	1.4669e-004
6611	-1.1286	0.	-0.45558	1.7491e-004
6615	-0.3091	0.	-0.46585	8.2708e-004
6616	-0.33414	0.	-0.56556	4.6441e-004
6617	-0.40035	0.	-0.52843	5.3337e-004
6618	-0.40782	0.	-0.46653	7.2285e-004
6619	-0.28992	0.	-0.54022	4.6808e-004
6623	0.77625	0.	-0.4781	1.6236e-004
6624	0.6337	0.	-0.57945	1.6996e-004
6625	0.70982	0.	-0.44118	2.0108e-004
6626	0.78094	0.	-0.55041	1.4481e-004
6627	0.69999	0.	-0.58754	1.5481e-004
6628	0.6551	0.	-0.47006	2.3131e-004
6633	1.5587e-002	0.	-0.47294	8.5536e-004
6634	-4.5527e-002	0.	-0.39379	1.4644e-003
6635	-8.1707e-003	0.	-0.37993	1.698e-003
6636	-5.8327e-002	0.	-0.42871	1.0711e-003
6637	-3.2646e-002	0.	-0.45831	8.9849e-004
6641	-0.20327	0.	-0.38432	1.4896e-003
6642	-0.21861	0.	-0.2987	3.549e-003
6643	-0.25067	0.	-0.38774	1.4631e-003
6644	-0.25683	0.	-0.31378	2.7667e-003
6645	-0.26279	0.	-0.34831	1.8581e-003
6646	-0.18325	0.	-0.35981	1.6679e-003
6650	-6.394e-002	0.	-0.74431	1.7419e-004
6651	-9.0872e-003	0.	-0.84654	1.2108e-004
6652	-5.9974e-002	0.	-0.80181	1.241e-004
6653	4.5082e-002	0.	-0.8069	1.3782e-004
6654	-2.5141e-002	0.	-0.72298	2.1402e-004
6659	-0.7508	0.	-0.75	1.4598e-004
6660	-0.88519	0.	-0.68815	1.4038e-004
6661	-0.75823	0.	-0.69083	1.8393e-004
6662	-0.8125	0.	-0.78234	1.2209e-004
6663	-0.82833	0.	-0.65943	1.7282e-004
6668	0.24829	0.	-0.56498	4.3957e-004
6669	0.17981	0.	-0.55405	4.7336e-004
6670	0.18865	0.	-0.48042	6.7595e-004
6671	0.28183	0.	-0.51768	4.8308e-004
6672	0.22987	0.	-0.45781	7.6591e-004
6676	-1.1418	0.	-0.63567	1.0675e-004
6677	-1.0127	0.	-0.62929	1.3892e-004
6678	-1.0667	0.	-0.66583	1.0873e-004
6679	-1.1329	0.	-0.56874	1.3149e-004
6680	-1.0162	0.	-0.57185	1.6876e-004
6681	-1.0696	0.	-0.54259	1.6188e-004
6686	-0.43751	0.	-0.20713	6.0878e-003
6687	-0.38278	0.	-0.16177	9.989e-003
6688	-0.39472	0.	-0.14184	1.2849e-002
6689	-0.44271	0.	-0.11721	8.985e-003
6690	-0.40857	0.	-0.12239	1.4665e-002
6691	-0.45557	0.	-0.1507	7.2581e-003
6695	-0.26919	0.	-0.17873	1.1912e-002
6696	-0.23213	0.	-0.14698	1.5276e-002
6697	-0.26697	0.	-0.12435	2.682e-002
6698	-0.2766	0.	-0.14968	1.6513e-002
6699	-0.23891	0.	-0.12424	2.2514e-002
6700	-0.2416	0.	-0.16906	1.2153e-002
6704	-0.17252	0.	-0.69221	1.9421e-004
6705	-0.11988	0.	-0.77473	1.3992e-004
6706	-0.16555	0.	-0.74572	1.5797e-004
6707	-0.13663	0.	-0.65727	2.9123e-004
6708	-8.5049e-002	0.	-0.69591	2.2767e-004
6712	-1.4607e-003	0.	-0.54628	5.1381e-004
6713	-8.667e-002	0.	-0.53796	5.576e-004
6714	-9.9173e-002	0.	-0.58536	3.9967e-004
6715	-4.9694e-002	0.	-0.53165	5.7864e-004
6716	-4.7591e-002	0.	-0.62401	3.4988e-004
6720	-0.29591	0.	-0.89523	7.5348e-005
6721	-0.17059	0.	-0.85453	7.556e-005
6722	-0.21625	0.	-0.82551	1.0486e-004
6723	-0.24091	0.	-0.93182	5.5919e-005
6724	-0.25626	0.	-0.8435	1.0178e-004
6725	-0.17133	0.	-0.91029	5.2998e-005
6731	-0.23214	0.	-0.42673	1.0023e-003
6732	-0.15458	0.	-0.46289	8.7511e-004
6733	-0.14328	0.	-0.42698	1.054e-003
6734	-0.16472	0.	-0.3988	1.313e-003
6738	-1.139e-002	0.	-0.11801	2.5776e-002
6739	-6.4847e-002	0.	-0.12033	2.5467e-002
6740	-3.1028e-002	0.	-0.1047	3.9282e-002
6745	3.3246e-002	0.	-0.12071	2.0332e-002
6746	1.1801e-002	0.	-9.8139e-002	3.8887e-002
6747	-7.0448e-003	0.	-0.10225	3.8498e-002
6748	2.5077e-002	0.	-0.10341	2.7101e-002
6752	7.5278e-002	0.	-0.14004	1.2066e-002
6753	0.11425	0.	-0.18988	6.4937e-003
6754	0.12281	0.	-0.11613	9.2229e-003
6755	8.9296e-002	0.	-0.11913	1.5073e-002
6756	0.13684	0.	-0.15107	7.3105e-003
6760	-0.84862	0.	-0.32001	5.1154e-004
6761	-0.80672	0.	-0.24481	6.7511e-004
6762	-0.71104	0.	-0.36115	6.812e-004
6763	-0.70597	0.	-0.30813	8.7751e-004
6764	-0.74858	0.	-0.38691	5.7971e-004
6768	0.79862	0.	-0.82389	5.7919e-005
6769	0.8498	0.	-0.66242	8.9301e-005
6770	0.76885	0.	-0.69955	9.7712e-005
6771	0.86313	0.	-0.79336	5.616e-005
6777	-1.1897	0.	-0.74808	6.0186e-005
6778	-1.0964	0.	-0.83826	5.4584e-005
6779	-1.1823	0.	-0.88688	3.2624e-005
6780	-1.1147	0.	-0.77824	6.1329e-005
6781	-1.1127	0.	-0.8923	4.2034e-005
6785	-0.39549	0.	-0.65287	2.9032e-004
6786	-0.4617	0.	-0.61575	3.7162e-004
6787	-0.51551	0.	-0.7002	2.3366e-004
6788	-0.46815	0.	-0.7438	2.0339e-004
6789	-0.41775	0.	-0.71948	2.0861e-004
6793	-7.0846e-002	0.	-0.24879	5.121e-003
6794	-6.316e-002	0.	-0.31694	2.8564e-003
6795	-2.5804e-002	0.	-0.30308	3.1274e-003
6796	-3.1548e-002	0.	-0.2388	6.0801e-003
6800	-0.25009	0.	-0.22962	6.3886e-003
6801	-0.28831	0.	-0.2447	6.074e-003
6802	-0.29219	0.	-0.17813	1.3092e-002
6803	-0.31693	0.	-0.18717	9.6023e-003
6804	-0.25719	0.	-0.19751	8.4517e-003
6808	0.44477	0.	-0.68569	2.1642e-004
6809	0.4994	0.	-0.62812	2.1832e-004
6810	0.34384	0.	-0.61787	2.8977e-004
6811	0.42273	0.	-0.53828	3.5031e-004
6812	0.37738	0.	-0.57057	3.3774e-004
6818	-0.1055	0.	-0.19829	9.2436e-003
6819	-0.12151	0.	-0.22597	6.0968e-003
6820	-5.2293e-002	0.	-0.21454	7.0206e-003
6826	8.6741e-002	0.	-0.55955	5.0651e-004
6827	9.5582e-002	0.	-0.48592	6.7772e-004
6828	-2.2227e-003	0.	-0.50449	6.5817e-004
6832	-0.50377	0.	-0.29554	2.2801e-003
6833	-0.60236	0.	-0.36517	1.0841e-003
6834	-0.59729	0.	-0.31215	1.2659e-003
6835	-0.51298	0.	-0.38235	1.1632e-003
6836	-0.501	0.	-0.34196	1.5315e-003
6841	0.13781	0.	-0.88731	1.0297e-004
6842	0.13036	0.	-0.94559	8.51e-005
6843	0.2387	0.	-0.94875	9.4155e-005
6844	0.2109	0.	-0.88408	1.0737e-004
6846	-0.42075	0.	-0.86254	1.1538e-004
6847	-0.37034	0.	-0.83821	1.2218e-004
6848	-0.43269	0.	-0.93383	8.8075e-005
6849	-0.31156	0.	-0.95023	5.8776e-005
6850	-0.32691	0.	-0.8619	1.0243e-004
6855	-0.88899	0.	-0.23966	5.354e-004
6856	-0.95279	0.	-0.3813	2.9098e-004
6857	-1.0033	0.	-0.28485	3.0775e-004
6858	-1.0004	0.	-0.34253	2.8977e-004
6863	-0.12796	0.	-0.11967	2.0684e-002
6864	-0.18612	0.	-0.13142	1.7049e-002
6865	-0.1405	0.	-0.1456	1.5566e-002
6866	-0.1929	0.	-0.10868	2.3736e-002
6871	0.21756	0.	-0.30204	1.6495e-003
6872	0.16593	0.	-0.32412	1.7196e-003
6873	0.15191	0.	-0.25577	3.1872e-003
6874	0.13229	0.	-0.29754	2.2141e-003
6878	-0.7125	0.	-0.60515	2.7954e-004
6879	-0.78261	0.	-0.57376	2.6899e-004
6880	-0.72894	0.	-0.49732	4.1507e-004
6881	-0.68729	0.	-0.52186	3.9582e-004
6885	0.41936	0.	-0.81894	1.301e-004
6886	0.43913	0.	-0.89372	9.671e-005
6887	0.3342	0.	-0.92284	1.0098e-004
6888	0.3064	0.	-0.85817	1.1382e-004
6893	-0.25363	0.	-0.26714	4.3497e-003
6894	-0.18342	0.	-0.23974	5.5405e-003
6895	-0.22251	0.	-0.21995	7.0811e-003
6899	-0.29166	0.	-0.39072	1.4876e-003
6904	0.69623	0.	-0.92602	5.4995e-005
6905	0.82693	0.	-0.92598	3.618e-005
6906	0.83218	0.	-0.87668	4.1698e-005
6910	0.6574	0.	-0.12707	4.288e-004
6911	0.64616	0.	-0.20014	4.2063e-004
6912	0.55406	0.	-0.12248	6.2149e-004
6916	-0.41761	0.	-0.28395	2.8083e-003
6917	-0.45578	0.	-0.30432	2.3409e-003
6918	-0.4766	0.	-0.20147	4.2309e-003
6922	0.29966	0.	-0.2703	1.3795e-003
6923	0.21151	0.	-0.34018	1.2741e-003
6924	0.32505	0.	-0.33374	9.5322e-004
6925	0.24536	0.	-0.3628	1.0853e-003
6930	-1.1284	0.	-0.20259	2.3884e-004
6931	-1.1905	0.	-0.22312	2.0141e-004
6932	-1.1492	0.	-0.10665	2.48e-004
6937	0.36841	0.	-0.17101	1.4676e-003
6938	0.36158	0.	-0.28593	1.1262e-003
6939	0.29793	0.	-0.1558	2.5247e-003
6943	0.79421	0.	-0.40272	1.8143e-004
6944	0.86533	0.	-0.51195	1.2576e-004
6945	0.87561	0.	-0.37069	1.6707e-004
6950	-0.10686	0.	-0.14612	1.8676e-002
6955	0.48607	0.	-0.83225	1.1993e-004
6956	0.52092	0.	-0.6999	1.5457e-004
6961	-0.79309	0.	-0.11991	1.0001e-003
6962	-0.89568	0.	-0.11414	5.8313e-004
6967	-0.33426	0.	-0.29611	3.2081e-003
6968	-0.29781	0.	-0.31675	2.8795e-003
6973	-0.62638	0.	-0.75346	1.8376e-004
6974	-0.69051	0.	-0.72351	1.8927e-004
6975	-0.74478	0.	-0.81503	1.277e-004
6982	-0.39583	0.	-0.59245	3.976e-004
6983	-0.27541	0.	-0.64837	2.6267e-004
6984	-0.35188	0.	-0.69618	2.4703e-004
6985	-0.2854	0.	-0.60423	3.453e-004
6989	-3.8862e-002	0.	-0.34696	2.0295e-003
6990	-8.9018e-002	0.	-0.39574	1.477e-003
6991	-0.11046	0.	-0.36756	1.6597e-003
6995	0.56532	0.	-0.92593	7.5142e-005
6999	0.64184	0.	-0.65042	1.4039e-004
7003	-1.0223	0.	-0.40897	2.1843e-004
7004	-0.96675	0.	-0.49592	2.0953e-004
7005	-1.0202	0.	-0.46667	2.0334e-004
7007	4.5542e-002	0.	-0.32111	2.332e-003
7011	-0.4695	0.	-0.49342	6.9164e-004
7015	-0.96574	0.	-0.88981	7.0017e-005
7016	-0.85736	0.	-0.88744	8.8218e-005
7017	-0.85224	0.	-0.94528	7.8251e-005
7018	-0.98202	0.	-0.94385	5.9381e-005
7023	-0.65066	0.	-0.34414	8.9753e-004
7024	-0.69327	0.	-0.42291	6.0267e-004
7025	-0.65162	0.	-0.44745	5.8125e-004
7028	-6.5028e-002	0.	-0.87696	7.6503e-005
7029	4.0028e-002	0.	-0.88205	9.247e-005
7030	3.2579e-002	0.	-0.94033	7.4392e-005
7031	-6.577e-002	0.	-0.93273	5.1654e-005
7034	0.33015	0.	-0.10432	2.4538e-003
7035	0.45725	0.	-0.10024	1.0557e-003
7040	0.19596	0.	-0.6109	3.4925e-004
7041	0.29798	0.	-0.57453	3.512e-004
7044	-0.13691	0.	-0.54989	5.346e-004
7045	-0.11311	0.	-0.46657	8.894e-004
7046	-8.7432e-002	0.	-0.49617	6.9687e-004
7048	-0.21743	0.	-0.12094	2.2655e-002
7049	-0.22013	0.	-0.16576	1.2258e-002
7053	0.79667	0.	-0.11277	2.8591e-004
7054	0.88168	0.	-0.21858	2.0846e-004
7055	0.78543	0.	-0.18584	2.748e-004
7061	0.70933	0.	-0.1632	3.3355e-004
7065	-0.13541	0.	-0.19973	9.1573e-003
7069	0.13631	0.	-0.52635	5.8898e-004
7074	0.15252	0.	-0.40749	1.0805e-003
7075	0.12624	0.	-0.33569	1.9043e-003
7076	0.19374	0.	-0.38487	1.1666e-003
7080	0.80918	0.	-0.33377	2.0248e-004
7081	0.71293	0.	-0.30103	2.713e-004
7082	0.67306	0.	-0.39468	2.4684e-004
7087	-1.1379	0.	-0.27538	2.1747e-004
7088	-1.0729	0.	-0.31252	2.3667e-004
7092	-0.34022	0.	-0.33064	2.2258e-003
7093	-0.41484	0.	-0.33037	2.1534e-003
7097	-0.21422	0.	-0.72068	1.7308e-004
7098	-0.1853	0.	-0.63223	2.9875e-004
7099	-0.23119	0.	-0.62303	2.9339e-004
7104	-0.16158	0.	-0.80321	1.0495e-004
7105	-0.11666	0.	-0.888	6.0385e-005
7110	-0.6338	0.	-0.69428	2.1894e-004
7111	-0.52231	0.	-0.76784	1.8081e-004
7114	-1.135	0.	-0.7019	7.6635e-005
7115	-1.2011	0.	-0.60481	1.0215e-004
7119	0.78908	0.	-0.62139	1.1359e-004
7125	-0.89501	0.	-0.63026	1.7298e-004
7126	-1.0059	0.	-0.69552	1.0992e-004
7127	-0.95534	0.	-0.60154	1.6988e-004
7130	0.4046	0.	-0.40601	5.524e-004
7131	0.37687	0.	-0.49494	4.064e-004
7132	0.46401	0.	-0.42313	4.1164e-004
7135	0.44639	0.	-0.36648	5.4406e-004
7144	-0.28996	0.	-0.12375	2.8208e-002
7145	-0.2976	0.	-9.0476e-002	4.7675e-002
7146	-0.25227	0.	-9.8307e-002	3.2915e-002
7151	-0.76804	0.	-0.63294	2.1318e-004
7158	-1.0416	0.	-0.79208	7.276e-005
7159	-1.0395	0.	-0.90615	5.64e-005
7164	-0.42454	0.	-0.78711	1.5422e-004
7165	-0.48688	0.	-0.88273	1.2227e-004
7168	-0.80135	0.	-0.9052	9.2855e-005
7172	-1.1254	0.	-0.95477	3.3038e-005
7178	-0.32434	0.	-0.15812	1.4631e-002
7183	0.18637	0.	-0.4301	8.6644e-004
7187	-0.89848	0.	-0.57282	2.0076e-004
7191	-0.46499	0.	-0.39113	1.2633e-003
7194	0.20432	0.	-8.358e-002	6.9896e-003
7195	0.21835	0.	-0.11852	4.6487e-003
7200	-0.66057	0.	-8.2585e-002	2.0699e-003
7201	-0.5255	0.	-8.3932e-002	6.2248e-003
7202	-0.53835	0.	-0.11743	4.1139e-003
7207	-0.24726	0.	-0.79218	1.2679e-004
7210	0.89144	0.	-0.89545	3.2501e-005
7215	-0.3307	0.	-0.78648	1.4287e-004
7220	-0.1953	0.	-0.5881	3.7215e-004
7221	-9.7832e-002	0.	-0.63594	3.1929e-004
7225	-1.135	0.	-0.33306	1.9727e-004
7233	8.6748e-002	0.	-0.90069	9.522e-005
7234	0.16728	0.	-0.83917	1.1622e-004
7241	-0.36103	0.	-0.14724	1.3883e-002
7249	-0.68916	0.	-0.4732	4.7472e-004
7255	0.79433	0.	-0.26901	2.5672e-004
7266	0.56207	0.	-0.40358	3.4179e-004
7270	6.7918e-002	0.	-0.10496	1.8154e-002
7271	4.573e-002	0.	-0.10857	2.2618e-002
7275	-7.8364e-003	0.	-8.4829e-002	5.0997e-002
7276	2.4285e-002	0.	-8.5995e-002	4.1044e-002
7277	1.9688e-002	0.	-6.5436e-002	6.4304e-002
7283	-0.36368	0.	-0.11393	2.2132e-002
7284	-0.38682	0.	-0.10787	1.8134e-002
7290	-0.35011	0.	-8.3532e-002	3.9011e-002
7291	-0.37752	0.	-9.4488e-002	2.3494e-002
7292	-0.33462	0.	-9.1542e-002	4.276e-002
7296	-0.37325	0.	-7.747e-002	3.5287e-002
7297	-0.33035	0.	-7.4523e-002	5.3343e-002
7298	-0.35851	0.	-5.4865e-002	4.6865e-002
7299	-0.34233	0.	-5.6962e-002	7.5468e-002
7304	0.11221	0.	-0.26734	3.2859e-003
7305	0.15443	0.	-0.18675	5.0466e-003
7312	0.11545	0.	-8.1049e-002	1.5947e-002
7313	0.16299	0.	-0.113	8.1292e-003
7317	5.9749e-002	0.	-8.7655e-002	2.5546e-002
7318	5.5152e-002	0.	-6.7095e-002	5.0966e-002
7324	-0.43481	0.	-8.324e-002	1.4919e-002
7325	-0.48181	0.	-0.11155	7.478e-003
7329	-0.38592	0.	-6.582e-002	3.2975e-002
7334	-0.18698	0.	-0.96529	2.9708e-005
7344	-1.0678	0.	-0.42789	2.0133e-004
7361	-1.129	0.	-0.51173	1.5589e-004
7381	0.26817	0.	-0.90061	1.0791e-004
7388	-7.6136e-002	0.	-0.46026	9.081e-004
7389	-0.12326	0.	-0.40248	1.3058e-003
7419	-1.0123	0.	-0.51484	1.9157e-004
7434	3.2964e-002	0.	-7.0708e-002	5.444e-002
10547	-0.36257	0.	-3.3972e-002	6.6989e-002
10548	-0.34639	0.	-3.607e-002	9.2561e-002
10551	-0.35501	0.	-4.5312e-002	7.2909e-002
82	0.	0.	5.e-002	0.1297
83	0.	0.	6.e-002	9.6872e-002
84	-2.e-002	0.	6.e-002	8.3857e-002
85	-4.e-002	0.	6.e-002	7.2603e-002
86	-8.e-002	0.	6.e-002	5.1619e-002
87	-0.12	0.	6.e-002	3.8838e-002
88	-0.16	0.	6.e-002	3.2443e-002
89	-0.2	0.	6.e-002	3.9311e-002
90	-0.24	0.	6.e-002	4.8793e-002
91	-0.28	0.	6.e-002	6.9652e-002
92	-0.3	0.	6.e-002	7.9036e-002
93	-0.32	0.	5.e-002	0.14074
94	-0.32	0.	6.e-002	8.31e-002
95	-0.32	0.	4.e-002	0.16192
104	0.	0.	4.e-002	0.14131
427	9.0909e-002	0.	0.	2.7562e-002
428	0.18182	0.	0.	9.9109e-003
429	0.27273	0.	0.	3.0789e-003
430	0.36364	0.	0.	1.9616e-003
431	0.45455	0.	0.	1.0998e-003
432	0.54545	0.	0.	6.5447e-004
433	0.63636	0.	0.	5.0724e-004
434	0.72727	0.	0.	3.7297e-004
435	0.81818	0.	0.	2.6497e-004
436	0.90909	0.	0.	2.2314e-004
437	-1.2291	0.	0.	2.1966e-004
438	-1.1382	0.	0.	2.6327e-004
439	-1.0473	0.	0.	3.5982e-004
440	-0.95636	0.	0.	4.8804e-004
441	-0.86545	0.	0.	7.0993e-004
442	-0.77455	0.	0.	9.8382e-004
443	-0.68364	0.	0.	1.4849e-003
444	-0.59273	0.	0.	3.1451e-003
445	-0.50182	0.	0.	9.0536e-003
446	-0.41091	0.	0.	3.0351e-002
490	-1.32	0.	9.6364e-002	2.0551e-004
491	-1.32	0.	0.19273	1.9103e-004
492	-1.32	0.	0.28909	1.7132e-004
493	-1.32	0.	0.38545	1.4752e-004
494	-1.32	0.	0.48182	1.234e-004
495	-1.32	0.	0.57818	9.4725e-005
496	-1.32	0.	0.67455	6.8497e-005
497	-1.32	0.	0.77091	5.0384e-005
498	-1.32	0.	0.86727	3.094e-005
499	-1.32	0.	0.96364	1.4859e-005
505	-1.2233	0.	1.06	1.2936e-005
506	-1.1267	0.	1.06	3.1952e-005
507	-1.03	0.	1.06	4.6286e-005
508	-0.93333	0.	1.06	5.671e-005
509	-0.83667	0.	1.06	7.3621e-005
510	-0.74	0.	1.06	8.4126e-005
511	-0.64333	0.	1.06	8.5969e-005
512	-0.54667	0.	1.06	8.5966e-005
513	-0.45	0.	1.06	7.3645e-005
514	-0.35333	0.	1.06	5.6333e-005
515	-0.25667	0.	1.06	3.3384e-005
516	-0.16	0.	1.06	1.7969e-005
517	-6.3333e-002	0.	1.06	3.8936e-005
518	3.3333e-002	0.	1.06	6.0541e-005
519	0.13	0.	1.06	7.704e-005
520	0.22667	0.	1.06	8.9076e-005
521	0.32333	0.	1.06	8.4974e-005
522	0.42	0.	1.06	8.3662e-005
523	0.51667	0.	1.06	7.2673e-005
524	0.61333	0.	1.06	5.656e-005
525	0.71	0.	1.06	4.8034e-005
526	0.80667	0.	1.06	3.1059e-005
527	0.90333	0.	1.06	1.7433e-005
533	1.	0.	0.96364	1.7353e-005
534	1.	0.	0.86727	3.5177e-005
535	1.	0.	0.77091	4.8914e-005
536	1.	0.	0.67455	7.7756e-005
537	1.	0.	0.57818	1.0016e-004
538	1.	0.	0.48182	1.2399e-004
539	1.	0.	0.38545	1.5281e-004
540	1.	0.	0.28909	1.7485e-004
541	1.	0.	0.19273	1.9871e-004
542	1.	0.	9.6364e-002	2.1261e-004
543	0.	0.	0.	0.1621
544	-0.32	0.	0.	0.16555
550	1.	0.	0.	2.131e-004
552	-1.32	0.	0.	2.1321e-004
555	-1.32	0.	1.06	8.1976e-006
556	1.	0.	1.06	8.3873e-006
557	0.16165	0.	0.74212	1.9336e-004
558	-0.47111	0.	0.72667	1.9322e-004
559	-0.39588	0.	0.40292	1.2669e-003
560	6.5302e-002	0.	0.40346	1.1579e-003
561	-0.3613	0.	0.23527	5.8007e-003
562	2.5703e-002	0.	0.22765	6.3957e-003
563	-0.88127	0.	0.58954	1.8544e-004
564	0.57556	0.	0.60424	1.8223e-004
565	-0.12154	0.	0.57261	4.5597e-004
566	-0.16429	0.	0.22601	5.8921e-003
567	-0.65424	0.	0.48425	4.6119e-004
568	0.32513	0.	0.51649	4.3553e-004
569	0.65141	0.	0.30212	3.5349e-004
570	-0.97141	0.	0.30212	3.2356e-004
571	-0.14111	0.	0.39333	1.3754e-003
572	-0.18312	0.	0.80211	1.1472e-004
573	-0.50167	0.	0.36273	1.4684e-003
574	0.18097	0.	0.34898	1.5003e-003
575	0.3389	0.	0.32571	8.7344e-004
576	-0.81483	0.	0.32232	5.6613e-004
577	-0.33739	0.	0.16672	1.17e-002
578	1.7767e-002	0.	0.11639	2.5127e-002
579	-0.10247	0.	0.18963	8.2609e-003
580	-0.23852	0.	0.61556	3.9049e-004
581	-0.21214	0.	0.36206	1.902e-003
582	-0.55745	0.	0.24829	2.2143e-003
583	-0.618	0.	0.71623	2.144e-004
584	0.43867	0.	0.63396	2.1828e-004
585	0.68501	0.	0.90301	5.9804e-005
586	-0.98519	0.	0.90808	6.1173e-005
587	-0.73679	0.	0.75993	1.5395e-004
588	-0.23148	0.	0.51411	6.1086e-004
589	-0.44593	0.	0.61556	3.8587e-004
590	8.4745e-002	0.	0.50242	6.4722e-004
591	-0.20552	0.	0.10255	2.6539e-002
592	0.24237	0.	0.12091	4.3099e-003
593	0.86987	0.	0.51127	1.359e-004
594	-1.0261	0.	0.58625	1.3556e-004
595	0.39716	0.	0.78337	1.386e-004
596	-2.5533e-002	0.	0.29305	3.5322e-003
597	-0.285	0.	0.19976	8.4339e-003
598	0.74961	0.	0.70018	9.8225e-005
599	-1.3843e-002	0.	0.77951	1.4309e-004
600	-0.29205	0.	0.13245	1.9699e-002
601	0.13828	0.	0.10925	9.1416e-003
602	8.4989e-002	0.	9.8822e-002	1.8651e-002
603	0.36671	0.	0.12105	1.7094e-003
604	-7.7633e-002	0.	0.13812	2.0868e-002
605	-0.14816	0.	0.11816	2.1918e-002
606	0.4598	0.	0.4947	3.2431e-004
607	3.8929e-002	0.	7.9508e-002	3.7705e-002
608	-0.34039	0.	0.11333	2.8763e-002
609	0.15057	0.	0.28068	2.5432e-003
610	-2.3333e-002	0.	0.47667	7.6742e-004
611	-0.40043	0.	0.87488	1.0767e-004
612	-0.46018	0.	0.2098	4.8683e-003
613	-0.54241	0.	0.84819	1.2518e-004
614	-0.74828	0.	0.17439	1.0087e-003
615	-1.1342	0.	0.26669	2.2858e-004
616	0.81255	0.	0.26595	2.1441e-004
617	0.17165	0.	0.89418	1.0238e-004
618	-1.1526	0.	0.83949	4.7209e-005
619	-0.1462	0.	0.30395	3.0446e-003
620	0.48399	0.	0.3319	5.8555e-004
621	-0.34412	0.	0.7558	1.9967e-004
622	-1.0209	0.	0.75603	8.472e-005
623	-0.16265	0.	0.69182	2.1447e-004
624	-0.60637	0.	0.35617	9.8947e-004
625	-0.28811	0.	0.2719	3.807e-003
626	-0.46334	0.	0.47902	7.1782e-004
627	-0.35196	0.	0.50605	6.6586e-004
628	-0.28736	0.	0.41406	1.1649e-003
629	0.23833	0.	0.61273	3.1276e-004
630	-8.5669e-003	0.	0.17412	1.2287e-002
631	-1.0749	0.	0.42105	1.939e-004
632	0.8497	0.	0.90244	3.6347e-005
633	-0.93714	0.	0.13981	4.2784e-004
634	0.61948	0.	0.14861	4.5e-004
635	-1.4368e-002	0.	0.37426	1.6537e-003
636	1.4259e-002	0.	0.93496	7.546e-005
637	-0.18917	0.	0.1656	1.2395e-002
638	-0.76531	0.	0.90605	1.0017e-004
639	-0.93348	0.	0.45318	2.731e-004
640	-0.78952	0.	0.47598	3.852e-004
641	0.61348	0.	0.45318	2.7437e-004
642	0.62037	0.	0.75616	1.1088e-004
643	-0.74267	0.	0.61448	2.5608e-004
644	-1.1821	0.	0.686	7.6854e-005
645	0.29504	0.	0.22111	1.9099e-003
646	0.46438	0.	0.93897	8.5532e-005
647	0.75497	0.	0.41237	2.0347e-004
648	-0.22173	0.	0.20815	6.8702e-003
649	-0.67659	0.	0.26573	1.1597e-003
650	-0.42465	0.	0.2999	2.5683e-003
651	-0.39317	0.	0.16101	1.2318e-002
652	0.71704	0.	0.56343	1.336e-004
653	-0.53207	0.	0.12091	4.9504e-003
654	-1.1785	0.	0.52263	1.2472e-004
655	0.2026	0.	0.51474	5.6787e-004
656	-0.87752	0.	0.81692	9.8699e-005
657	-0.54345	0.	0.54193	4.1739e-004
658	0.11171	0.	0.62008	3.618e-004
659	-0.20521	0.	0.93178	5.4031e-005
660	0.27414	0.	0.75502	1.7335e-004
661	6.0412e-002	0.	0.29945	2.7799e-003
662	-0.22342	0.	0.27764	3.9578e-003
663	0.32494	0.	0.93132	9.839e-005
664	-0.64065	0.	0.14104	1.9856e-003
665	-0.34222	0.	0.61556	3.7764e-004
666	-0.13167	0.	0.47667	8.1908e-004
667	0.75672	0.	0.11648	2.6901e-004
668	-1.0769	0.	0.11585	2.9804e-004
669	-8.2004e-002	0.	0.34918	2.2247e-003
670	7.9097e-002	0.	0.82042	1.2998e-004
671	-5.3657e-002	0.	0.23072	7.0891e-003
672	-0.34056	0.	0.33778	2.2524e-003
673	6.1383e-002	0.	0.16274	1.0643e-002
674	-0.20254	0.	0.43772	1.0005e-003
675	-0.70883	0.	0.36429	7.1406e-004
676	-9.1181e-002	0.	0.86208	8.1037e-005
677	0.25878	0.	0.41364	8.4891e-004
678	-0.24174	0.	0.15305	1.7059e-002
679	-0.62299	0.	0.95813	9.528e-005
680	0.89724	0.	0.39347	1.576e-004
681	-0.2578	0.	0.72226	1.7681e-004
682	0.88078	0.	0.7636	5.3914e-005
683	7.414e-004	0.	0.57613	4.0874e-004
684	-7.8497e-002	0.	0.41402	1.3726e-003
685	1.8654e-002	0.	5.9082e-002	8.1335e-002
686	-1.2082	0.	0.15822	2.1927e-004
687	0.88824	0.	0.15822	2.1605e-004
688	-0.46026	0.	0.12781	8.3796e-003
689	0.5374	0.	0.8521	9.6156e-005
690	-0.66248	0.	0.83656	1.3052e-004
691	-7.0694e-002	0.	0.66417	2.3946e-004
692	-0.29586	0.	9.2407e-002	3.8928e-002
693	-0.25959	0.	0.10104	4.0084e-002
694	0.50286	0.	0.73237	1.4599e-004
695	-0.54956	0.	0.44052	7.0722e-004
696	-1.2246	0.	0.39445	1.5166e-004
697	-1.188	0.	0.94975	2.294e-005
698	0.23599	0.	0.29722	1.5105e-003
699	-0.27032	0.	0.33268	2.3218e-003
700	0.3362	0.	0.62889	2.5682e-004
701	-3.4709e-002	0.	0.13145	2.0842e-002
702	-0.28442	0.	0.83731	9.8051e-005
703	-0.14453	0.	0.16973	1.1918e-002
704	0.15144	0.	0.42341	1.0624e-003
705	-8.2602e-002	0.	0.28641	4.0506e-003
706	-0.41176	0.	7.8333e-002	1.9252e-002
707	-0.36403	0.	6.7847e-002	4.21e-002
708	-0.10995	0.	0.96661	2.9598e-005
709	-0.34026	0.	4.5798e-002	9.8981e-002
710	-0.47944	0.	0.97667	8.5257e-005
711	0.48598	0.	0.16117	7.582e-004
712	0.86972	0.	0.63288	9.0473e-005
713	-0.32648	0.	8.2577e-002	5.7312e-002
714	-2.1688e-002	0.	9.09e-002	4.5362e-002
715	5.3752e-003	0.	8.3088e-002	5.9963e-002
716	-0.53875	0.	0.63892	3.0448e-004
717	0.39391	0.	0.23749	9.8839e-004
718	-0.80734	0.	8.0581e-002	9.3524e-004
719	0.75171	0.	0.80555	7.2656e-005
720	-0.86058	0.	0.21834	5.5458e-004
721	-0.10048	0.	0.10333	3.2302e-002
722	-5.8559e-002	0.	9.447e-002	4.3458e-002
723	-0.10425	0.	0.77422	1.318e-004
724	0.19504	0.	0.20513	3.6956e-003
725	-0.3102	0.	0.93047	6.9658e-005
726	0.59093	0.	0.98404	6.8783e-005
727	6.918e-002	0.	0.73308	2.1899e-004
728	-0.85633	0.	0.96851	7.454e-005
729	0.78241	0.	0.987	3.6069e-005
730	-0.92355	0.	0.6936	1.2021e-004
731	0.38195	0.	0.41558	5.1938e-004
732	0.10798	0.	0.20161	5.3962e-003
733	-5.6602e-002	0.	0.17552	1.1614e-002
734	-1.0559	0.	0.98404	4.3478e-005
735	0.12171	0.	0.3477	1.6693e-003
736	5.8257e-002	0.	3.995e-002	6.2903e-002
2484	0.	0.	5.5e-002	0.11191
2485	0.	0.	4.5e-002	0.13394
2487	9.3272e-003	0.	5.4541e-002	0.10548
2490	-1.e-002	0.	6.e-002	8.8492e-002
2492	9.3272e-003	0.	5.9541e-002	8.8293e-002
2493	2.6876e-003	0.	7.1544e-002	7.8042e-002
2496	-3.e-002	0.	6.e-002	7.7555e-002
2498	-2.0844e-002	0.	7.545e-002	6.4505e-002
2499	-7.3124e-003	0.	7.1544e-002	7.1501e-002
2502	-6.e-002	0.	6.e-002	6.1013e-002
2504	-3.0844e-002	0.	7.545e-002	5.8824e-002
2505	-4.9279e-002	0.	7.7235e-002	5.77e-002
2507	-0.1	0.	6.e-002	4.4562e-002
2509	-9.0241e-002	0.	8.1665e-002	4.1771e-002
2510	-6.9279e-002	0.	7.7235e-002	4.7368e-002
2512	-0.14	0.	6.e-002	3.4103e-002
2514	-0.13408	0.	8.9081e-002	2.9581e-002
2515	-0.11024	0.	8.1665e-002	3.5452e-002
2518	-0.18	0.	6.e-002	3.4491e-002
2520	-0.18276	0.	8.1275e-002	2.8377e-002
2521	-0.15408	0.	8.9081e-002	2.7138e-002
2524	-0.22	0.	6.e-002	4.3321e-002
2526	-0.20276	0.	8.1275e-002	3.2914e-002
2529	-0.26	0.	6.e-002	5.7943e-002
2531	-0.22276	0.	8.1275e-002	3.7076e-002
2532	-0.24979	0.	8.0521e-002	4.4255e-002
2534	-0.29	0.	6.e-002	7.3708e-002
2536	-0.28793	0.	7.6204e-002	5.4154e-002
2537	-0.26979	0.	8.0521e-002	5.4448e-002
2539	-0.31	0.	6.e-002	7.9529e-002
2541	-0.29793	0.	7.6204e-002	5.8889e-002
2542	-0.31324	0.	7.1288e-002	6.7492e-002
2544	-0.32	0.	5.5e-002	0.10949
2545	-0.32	0.	4.5e-002	0.15102
2547	-0.33013	0.	4.7899e-002	0.1197
2550	-0.34201	0.	6.3924e-002	6.2084e-002
2551	-0.33013	0.	5.2899e-002	8.8313e-002
2552	-0.32324	0.	7.1288e-002	7.009e-002
2557	-0.32	0.	2.e-002	0.16161
2558	-0.33013	0.	4.2899e-002	0.13033
2610	0.	0.	2.e-002	0.14932
2611	9.3272e-003	0.	4.9541e-002	0.1098
2612	2.9128e-002	0.	3.9975e-002	0.10198
4531	0.13636	0.	0.	1.8734e-002
4532	4.5455e-002	0.	0.	9.4813e-002
4533	0.11459	0.	5.4627e-002	1.8074e-002
4534	8.7949e-002	0.	4.9411e-002	2.1944e-002
4535	7.4583e-002	0.	1.9975e-002	4.4839e-002
4546	0.22727	0.	0.	6.485e-003
4547	0.2121	0.	6.0455e-002	7.0734e-003
4548	0.16005	0.	5.4627e-002	9.3662e-003
4557	0.31818	0.	0.	2.5187e-003
4558	0.25755	0.	6.0455e-002	3.6443e-003
4559	0.31972	0.	6.0527e-002	2.3841e-003
4564	0.40909	0.	0.	1.5288e-003
4565	0.36518	0.	6.0527e-002	1.8262e-003
4570	0.5	0.	0.	8.7593e-004
4571	0.41063	0.	6.0527e-002	1.3999e-003
4572	0.47026	0.	8.0585e-002	9.231e-004
4580	0.59091	0.	0.	5.8076e-004
4581	0.58247	0.	7.4304e-002	5.5038e-004
4582	0.51572	0.	8.0585e-002	6.9878e-004
4587	0.68182	0.	0.	4.3966e-004
4588	0.62792	0.	7.4304e-002	4.7628e-004
4596	0.77273	0.	0.	3.1891e-004
4597	0.67338	0.	7.4304e-002	4.0971e-004
4598	0.742	0.	5.8239e-002	3.2059e-004
4601	0.86364	0.	0.	2.4401e-004
4602	0.78745	0.	5.8239e-002	2.667e-004
4603	0.85321	0.	7.911e-002	2.4047e-004
4610	0.95455	0.	4.8182e-002	2.1787e-004
4611	0.95455	0.	0.	2.1812e-004
4612	0.89867	0.	7.911e-002	2.1952e-004
4618	-1.1836	0.	0.	2.4135e-004
4619	-1.2745	0.	4.8182e-002	2.1258e-004
4620	-1.2745	0.	0.	2.1643e-004
4621	-1.2187	0.	7.911e-002	2.193e-004
4627	-1.0927	0.	0.	3.1135e-004
4628	-1.1075	0.	5.7926e-002	2.802e-004
4629	-1.1732	0.	7.911e-002	2.4118e-004
4635	-1.0018	0.	0.	4.2314e-004
4636	-0.99221	0.	6.9905e-002	3.9284e-004
4637	-1.0621	0.	5.7926e-002	3.287e-004
4642	-0.91091	0.	0.	5.9887e-004
4643	-0.94675	0.	6.9905e-002	4.5687e-004
4649	-0.82	0.	0.	8.4605e-004
4650	-0.9013	0.	6.9905e-002	5.6733e-004
4651	-0.8364	0.	4.029e-002	8.2101e-004
4659	-0.72909	0.	0.	1.2324e-003
4660	-0.79094	0.	4.029e-002	9.5643e-004
4663	-0.63818	0.	0.	2.311e-003
4664	-0.71596	0.	8.7197e-002	1.2349e-003
4665	-0.66214	0.	7.0518e-002	1.7073e-003
4666	-0.74549	0.	4.029e-002	1.2098e-003
4672	-0.54727	0.	0.	6.0839e-003
4673	-0.5624	0.	6.0455e-002	3.9896e-003
4674	-0.61669	0.	7.0518e-002	2.5334e-003
4681	-0.45636	0.	0.	1.964e-002
4682	-0.51694	0.	6.0455e-002	6.9227e-003
4683	-0.48104	0.	6.3905e-002	8.4292e-003
4684	-0.45679	0.	3.9166e-002	1.3872e-002
4691	-0.36545	0.	0.	9.7933e-002
4692	-0.41134	0.	3.9166e-002	2.443e-002
4693	-0.38747	0.	3.3924e-002	3.4601e-002
4694	-0.37558	0.	2.2899e-002	6.3792e-002
4940	-1.32	0.	0.14455	1.9822e-004
4941	-1.32	0.	4.8182e-002	2.0934e-004
4942	-1.2641	0.	0.12729	2.123e-004
4946	-1.32	0.	0.24091	1.8115e-004
4947	-1.2271	0.	0.22971	2.0899e-004
4948	-1.2641	0.	0.17547	2.0512e-004
4951	-1.32	0.	0.33727	1.594e-004
4952	-1.2271	0.	0.27789	1.9942e-004
4953	-1.2723	0.	0.34177	1.614e-004
4957	-1.32	0.	0.43364	1.3539e-004
4958	-1.2723	0.	0.38995	1.4943e-004
4960	-1.32	0.	0.53	1.0902e-004
4961	-1.2493	0.	0.50222	1.232e-004
4962	-1.2723	0.	0.43814	1.3751e-004
4966	-1.32	0.	0.62636	8.1594e-005
4967	-1.251	0.	0.63209	8.508e-005
4968	-1.2493	0.	0.5504	1.0922e-004
4973	-1.32	0.	0.72273	5.9343e-005
4974	-1.251	0.	0.68027	7.2085e-005
4976	-1.32	0.	0.81909	4.066e-005
4977	-1.2363	0.	0.8052	4.7646e-005
4978	-1.251	0.	0.72845	6.347e-005
4982	-1.32	0.	0.91545	2.2799e-005
4983	-1.2363	0.	0.85338	3.8246e-005
4984	-1.254	0.	0.90851	2.5871e-005
4987	-1.2717	0.	1.0118	1.3255e-005
4988	-1.32	0.	1.0118	1.1421e-005
4989	-1.254	0.	0.95669	1.8589e-005
5017	-1.175	0.	1.06	2.2344e-005
5018	-1.2717	0.	1.06	1.0432e-005
5019	-1.2056	0.	1.0049	1.7817e-005
5021	-1.0783	0.	1.06	3.9035e-005
5022	-1.1573	0.	1.0049	2.6788e-005
5023	-1.0913	0.	1.022	3.7713e-005
5027	-0.98167	0.	1.06	5.1485e-005
5028	-1.043	0.	1.022	4.4762e-005
5031	-0.885	0.	1.06	6.5121e-005
5032	-0.95926	0.	0.98404	5.8351e-005
5033	-0.89483	0.	1.0143	6.5608e-005
5034	-0.99463	0.	1.022	4.9988e-005
5038	-0.78833	0.	1.06	7.887e-005
5039	-0.8465	0.	1.0143	7.3947e-005
5042	-0.69167	0.	1.06	8.5035e-005
5043	-0.75265	0.	0.98303	9.1924e-005
5044	-0.6815	0.	1.0091	8.9686e-005
5045	-0.79817	0.	1.0143	7.9147e-005
5047	-0.595	0.	1.06	8.5942e-005
5048	-0.63316	0.	1.0091	9.062e-005
5051	-0.49833	0.	1.06	7.9799e-005
5052	-0.58483	0.	1.0091	9.0596e-005
5053	-0.51306	0.	1.0183	8.5506e-005
5057	-0.40167	0.	1.06	6.487e-005
5058	-0.46472	0.	1.0183	7.9385e-005
5060	-0.305	0.	1.06	4.4121e-005
5061	-0.41639	0.	1.0183	7.0775e-005
5062	-0.33177	0.	0.99524	6.2156e-005
5066	-0.20833	0.	1.06	2.3952e-005
5067	-0.23094	0.	0.99589	4.0433e-005
5068	-0.28343	0.	0.99524	5.1503e-005
5072	-0.11167	0.	1.06	2.2944e-005
5073	-0.1826	0.	0.99589	3.5837e-005
5074	-0.13497	0.	1.0133	2.2571e-005
5077	-1.5e-002	0.	1.06	4.9354e-005
5078	-2.4537e-002	0.	0.99748	5.7185e-005
5079	-8.664e-002	0.	1.0133	3.1853e-005
5084	8.1667e-002	0.	1.06	6.8733e-005
5085	2.3796e-002	0.	0.99748	6.7248e-005
5089	0.17833	0.	1.06	8.2981e-005
5090	0.15082	0.	0.97709	8.9654e-005
5091	7.2129e-002	0.	0.99748	7.49e-005
5094	0.275	0.	1.06	8.6978e-005
5095	0.19916	0.	0.97709	9.559e-005
5096	0.2758	0.	0.99566	9.3649e-005
5100	0.37167	0.	1.06	8.4288e-005
5101	0.32414	0.	0.99566	9.1661e-005
5104	0.46833	0.	1.06	7.8164e-005
5105	0.44219	0.	0.99949	8.4537e-005
5106	0.37247	0.	0.99566	9.101e-005
5110	0.565	0.	1.06	6.4609e-005
5111	0.49052	0.	0.99949	7.9044e-005
5112	0.5538	0.	1.022	7.059e-005
5114	0.66167	0.	1.06	5.2252e-005
5115	0.60213	0.	1.022	6.2601e-005
5120	0.75833	0.	1.06	3.9534e-005
5121	0.6975	0.	0.9815	5.3508e-005
5122	0.65046	0.	1.022	5.8408e-005
5123	0.74621	0.	1.0235	4.1901e-005
5126	0.855	0.	1.06	2.3889e-005
5127	0.79454	0.	1.0235	3.34e-005
5131	0.95167	0.	1.0118	1.6694e-005
5132	0.95167	0.	1.06	1.2802e-005
5133	0.87652	0.	0.98122	2.651e-005
5134	0.84287	0.	1.0235	2.667e-005
5164	1.	0.	0.91545	2.6091e-005
5165	1.	0.	1.0118	1.2749e-005
5166	0.92485	0.	0.93304	2.6721e-005
5170	1.	0.	0.81909	4.2025e-005
5171	0.92485	0.	0.88485	3.4845e-005
5172	0.94039	0.	0.81543	4.4387e-005
5174	1.	0.	0.72273	6.3329e-005
5175	0.94039	0.	0.76725	5.106e-005
5178	1.	0.	0.62636	8.8936e-005
5179	0.94039	0.	0.71907	6.5412e-005
5180	0.93486	0.	0.65371	8.3746e-005
5186	1.	0.	0.53	1.1204e-004
5187	0.93493	0.	0.54472	1.176e-004
5188	0.93486	0.	0.60553	9.4722e-005
5191	1.	0.	0.43364	1.3838e-004
5192	0.93493	0.	0.49654	1.2915e-004
5193	0.94862	0.	0.43764	1.4074e-004
5199	1.	0.	0.33727	1.6382e-004
5200	0.94862	0.	0.38946	1.5505e-004
5202	1.	0.	0.24091	1.8677e-004
5203	0.90628	0.	0.27752	1.942e-004
5204	0.94862	0.	0.34128	1.6611e-004
5208	1.	0.	0.14455	2.056e-004
5209	0.90628	0.	0.22934	2.0599e-004
5210	0.94412	0.	0.17547	2.0738e-004
5214	1.	0.	4.8182e-002	2.1285e-004
5215	0.94412	0.	0.12729	2.143e-004
5218	2.9128e-002	0.	1.9975e-002	0.11177
5228	-0.33013	0.	2.2899e-002	0.13042
5244	0.16665	0.	0.81815	1.4782e-004
5245	0.19999	0.	0.67742	2.4983e-004
5246	0.13668	0.	0.6811	2.7743e-004
5247	0.21789	0.	0.74857	1.8254e-004
5248	0.12037	0.	0.78127	1.6086e-004
5249	0.11541	0.	0.7376	2.0447e-004
5253	-0.54456	0.	0.72145	2.014e-004
5254	-0.45852	0.	0.67111	2.895e-004
5255	-0.43577	0.	0.80077	1.5003e-004
5256	-0.50676	0.	0.78743	1.5879e-004
5257	-0.40762	0.	0.74123	1.9412e-004
5258	-0.50493	0.	0.68279	2.4677e-004
5262	-0.44877	0.	0.38282	1.3319e-003
5263	-0.42961	0.	0.44097	9.9094e-004
5264	-0.37392	0.	0.45449	9.5703e-004
5265	-0.34162	0.	0.40849	1.179e-003
5266	-0.41027	0.	0.35141	1.897e-003
5267	-0.36822	0.	0.37035	1.757e-003
5272	7.5023e-002	0.	0.45294	9.0154e-004
5273	2.0984e-002	0.	0.44007	9.2303e-004
5274	2.5467e-002	0.	0.38886	1.3835e-003
5275	6.2857e-002	0.	0.35146	1.9624e-003
5276	0.10837	0.	0.41344	1.1007e-003
5277	9.3506e-002	0.	0.37558	1.4003e-003
5281	-0.34934	0.	0.20099	8.748e-003
5282	-0.32315	0.	0.21751	6.9659e-003
5283	-0.41074	0.	0.22253	5.1948e-003
5284	-0.3247	0.	0.25358	4.6579e-003
5285	-0.39297	0.	0.26758	4.18e-003
5286	-0.37723	0.	0.19814	8.8811e-003
5287	-0.35093	0.	0.28652	3.985e-003
5291	8.4853e-005	0.	0.26035	4.8788e-003
5292	8.568e-003	0.	0.20089	9.3245e-003
5293	4.3058e-002	0.	0.26355	4.5874e-003
5294	-1.3977e-002	0.	0.22918	6.5007e-003
5295	4.3543e-002	0.	0.1952	8.3571e-003
5296	6.6841e-002	0.	0.21463	5.7336e-003
5300	-0.80903	0.	0.67474	1.6627e-004
5301	-0.95371	0.	0.58789	1.5919e-004
5302	-0.90738	0.	0.52136	2.2774e-004
5303	-0.8354	0.	0.53276	2.8532e-004
5304	-0.81197	0.	0.60201	2.1828e-004
5305	-0.90241	0.	0.64157	1.5273e-004
5310	0.50711	0.	0.6191	1.9835e-004
5311	0.66258	0.	0.65221	1.3976e-004
5312	0.51768	0.	0.54947	2.5318e-004
5313	0.59452	0.	0.52871	2.2733e-004
5314	0.59796	0.	0.6802	1.4624e-004
5315	0.6463	0.	0.58384	1.5619e-004
5316	0.53921	0.	0.6683	1.6293e-004
5321	-0.18003	0.	0.59408	4.0164e-004
5322	-0.17651	0.	0.54336	5.0699e-004
5323	-7.2437e-002	0.	0.52464	5.8476e-004
5324	-0.1421	0.	0.63222	3.3327e-004
5325	-0.1266	0.	0.52464	6.3744e-004
5326	-6.0399e-002	0.	0.57437	4.0457e-004
5327	-9.6117e-002	0.	0.61839	3.4313e-004
5332	-0.13338	0.	0.20782	6.7326e-003
5333	-0.15524	0.	0.26498	4.4681e-003
5334	-0.17673	0.	0.1958	8.909e-003
5335	-0.19301	0.	0.21708	5.9624e-003
5336	-0.19385	0.	0.25182	4.761e-003
5337	-0.15441	0.	0.19787	8.8357e-003
5338	-0.12345	0.	0.25621	4.7231e-003
5341	-0.6303	0.	0.42021	7.2424e-004
5342	-0.72188	0.	0.48012	4.198e-004
5343	-0.69845	0.	0.54937	3.5846e-004
5344	-0.59885	0.	0.51309	4.35e-004
5345	-0.68153	0.	0.42427	5.8046e-004
5346	-0.6019	0.	0.46239	5.8192e-004
5351	0.3819	0.	0.57523	3.2683e-004
5352	0.39246	0.	0.50559	3.7664e-004
5353	0.28173	0.	0.56461	3.717e-004
5354	0.26387	0.	0.51561	4.9827e-004
5355	0.29195	0.	0.46506	6.4216e-004
5356	0.33066	0.	0.57269	3.4583e-004
5357	0.35354	0.	0.46603	4.7518e-004
5361	0.73198	0.	0.28404	2.8185e-004
5362	0.5677	0.	0.31701	4.6632e-004
5363	0.63545	0.	0.22536	3.9863e-004
5364	0.63245	0.	0.37765	3.1183e-004
5365	0.70319	0.	0.35725	2.7834e-004
5366	0.70407	0.	0.2093	3.0661e-004
5367	0.5687	0.	0.23165	5.549e-004
5372	-0.89312	0.	0.31222	4.4222e-004
5373	-1.0528	0.	0.2844	2.7503e-004
5374	-1.0232	0.	0.36159	2.5867e-004
5375	-0.95428	0.	0.22097	3.7315e-004
5376	-0.95245	0.	0.37765	2.9567e-004
5377	-1.0242	0.	0.20899	3.0801e-004
5378	-0.916	0.	0.26023	4.3882e-004
5382	-0.17663	0.	0.37769	1.5616e-003
5383	-0.14366	0.	0.34864	2.2072e-003
5384	-0.13639	0.	0.435	1.097e-003
5385	-0.11156	0.	0.37126	1.7588e-003
5386	-0.17183	0.	0.41553	1.1427e-003
5387	-0.1098	0.	0.40368	1.3487e-003
5392	-0.17288	0.	0.74696	1.6459e-004
5393	-0.19416	0.	0.86694	8.4111e-005
5394	-0.13715	0.	0.8321	9.5003e-005
5395	-0.22046	0.	0.76219	1.419e-004
5396	-0.23377	0.	0.81971	1.0154e-004
5397	-0.14368	0.	0.78816	1.2214e-004
5399	-0.52956	0.	0.30551	1.8034e-003
5400	-0.55402	0.	0.35945	1.2195e-003
5401	-0.4825	0.	0.42088	1.0782e-003
5402	-0.46316	0.	0.33131	2.0129e-003
5403	-0.52561	0.	0.40163	1.0874e-003
5408	0.16577	0.	0.31483	2.0217e-003
5409	0.21988	0.	0.38131	1.1732e-003
5410	0.20848	0.	0.3231	1.4954e-003
5411	0.16621	0.	0.38619	1.2743e-003
5412	0.15134	0.	0.34834	1.5755e-003
5416	0.41144	0.	0.32881	7.2573e-004
5417	0.31697	0.	0.27341	1.3832e-003
5418	0.29884	0.	0.36968	8.5265e-004
5419	0.28745	0.	0.31147	1.1891e-003
5420	0.36641	0.	0.2816	9.1806e-004
5421	0.36043	0.	0.37064	6.9553e-004
5426	-0.78156	0.	0.24836	7.8215e-004
5427	-0.87416	0.	0.38775	4.1951e-004
5428	-0.80218	0.	0.39915	4.7142e-004
5429	-0.74571	0.	0.29403	8.6277e-004
5430	-0.76183	0.	0.34331	6.3661e-004
5431	-0.83771	0.	0.27033	5.5734e-004
5434	-0.3112	0.	0.18324	9.8412e-003
5435	-0.31472	0.	0.14959	1.5594e-002
5436	-0.33889	0.	0.14002	2.0115e-002
5437	-0.36528	0.	0.16386	1.1753e-002
5442	5.1378e-002	0.	0.10761	2.1236e-002
5443	2.8348e-002	0.	9.7949e-002	3.0807e-002
5444	4.5998e-003	0.	0.14526	1.8365e-002
5445	3.9575e-002	0.	0.13957	1.7857e-002
5446	-8.4713e-003	0.	0.12392	2.219e-002
5447	-1.9606e-003	0.	0.10365	3.4718e-002
5448	1.1571e-002	0.	9.9739e-002	4.2534e-002
5453	-9.0051e-002	0.	0.16387	1.4469e-002
5454	-7.8063e-002	0.	0.21017	7.5843e-003
5455	-0.1235	0.	0.17968	9.9205e-003
5456	-9.2535e-002	0.	0.23802	6.1551e-003
5457	-7.9535e-002	0.	0.18257	9.8059e-003
5460	-0.235	0.	0.56483	5.0061e-004
5461	-0.20059	0.	0.65369	2.9662e-004
5462	-0.29037	0.	0.61556	3.7508e-004
5463	-0.24816	0.	0.66891	2.8355e-004
5467	-0.17917	0.	0.333	2.3959e-003
5468	-0.24975	0.	0.38806	1.4998e-003
5469	-0.21778	0.	0.31985	2.9267e-003
5470	-0.20734	0.	0.39989	1.4505e-003
5471	-0.24123	0.	0.34737	2.0765e-003
5475	-0.50881	0.	0.22904	3.5243e-003
5476	-0.58191	0.	0.30223	1.5972e-003
5477	-0.61702	0.	0.25701	1.6787e-003
5478	-0.49105	0.	0.27409	2.2971e-003
5479	-0.54476	0.	0.1846	3.5289e-003
5480	-0.59905	0.	0.19466	2.0576e-003
5484	-0.6774	0.	0.73808	1.8329e-004
5485	-0.58021	0.	0.78221	1.6926e-004
5486	-0.68033	0.	0.66535	2.3253e-004
5487	-0.64024	0.	0.77639	1.7243e-004
5488	-0.57837	0.	0.67758	2.5936e-004
5492	0.41791	0.	0.70867	1.7782e-004
5493	0.44924	0.	0.56433	2.697e-004
5494	0.47076	0.	0.68317	1.8205e-004
5495	0.38743	0.	0.63143	2.3699e-004
5500	0.76735	0.	0.90272	4.6952e-005
5501	0.65269	0.	0.82958	8.5169e-005
5502	0.6112	0.	0.87755	7.7908e-005
5503	0.71836	0.	0.85428	6.5513e-005
5504	0.63797	0.	0.94352	6.3849e-005
5505	0.73371	0.	0.945	4.7902e-005
5509	-1.0689	0.	0.87379	5.2933e-005
5510	-1.003	0.	0.83206	7.1961e-005
5511	-0.93135	0.	0.8625	7.9928e-005
5512	-0.92076	0.	0.93829	6.7382e-005
5513	-1.0206	0.	0.94606	5.2174e-005
5517	-0.75105	0.	0.83299	1.2694e-004
5518	-0.73973	0.	0.68721	2.0471e-004
5519	-0.80715	0.	0.78843	1.2607e-004
5520	-0.69964	0.	0.79824	1.4173e-004
5521	-0.83017	0.	0.72676	1.3508e-004
5527	-0.29172	0.	0.51008	6.0665e-004
5528	-0.25942	0.	0.46408	8.6925e-004
5529	-0.28685	0.	0.56483	4.8297e-004
5530	-0.18157	0.	0.49539	6.7617e-004
5531	-0.21701	0.	0.47591	8.0511e-004
5534	-0.39503	0.	0.68568	2.892e-004
5535	-0.45463	0.	0.54729	5.5034e-004
5536	-0.39894	0.	0.5608	5.2203e-004
5537	-0.49469	0.	0.57874	3.9514e-004
5538	-0.39407	0.	0.61556	3.7247e-004
5539	-0.49234	0.	0.62724	3.4268e-004
5543	3.0706e-002	0.	0.48954	6.8632e-004
5544	0.14367	0.	0.50858	5.9442e-004
5545	9.8228e-002	0.	0.56125	5.0448e-004
5546	4.2743e-002	0.	0.53927	5.1878e-004
5547	0.11809	0.	0.46291	8.4194e-004
5551	-0.17684	0.	0.11036	2.2901e-002
5552	-0.19734	0.	0.13408	1.9434e-002
5553	-0.22363	0.	0.1278	2.1322e-002
5554	-0.23255	0.	0.1018	3.2101e-002
5559	0.19032	0.	0.11508	6.7101e-003
5560	0.30454	0.	0.12098	3.0025e-003
5561	0.26871	0.	0.17101	3.089e-003
5562	0.21871	0.	0.16302	3.8919e-003
5567	0.81242	0.	0.46182	1.6953e-004
5568	0.79345	0.	0.53735	1.3353e-004
5569	0.88355	0.	0.45237	1.4626e-004
5570	0.8698	0.	0.57207	1.1311e-004
5575	-1.0235	0.	0.67114	1.0974e-004
5576	-1.0505	0.	0.50365	1.6352e-004
5577	-0.97981	0.	0.51972	2.0428e-004
5578	-1.1041	0.	0.63613	1.0559e-004
5579	-1.1023	0.	0.55444	1.2876e-004
5580	-0.97485	0.	0.63992	1.2626e-004
5584	0.43077	0.	0.86117	1.1193e-004
5585	0.33565	0.	0.76919	1.5479e-004
5586	0.36105	0.	0.85734	1.1789e-004
5587	0.46728	0.	0.81773	1.1724e-004
5588	0.45001	0.	0.75787	1.415e-004
5589	0.36668	0.	0.70613	1.9769e-004
5594	-1.9951e-002	0.	0.33366	2.5878e-003
5595	1.744e-002	0.	0.29625	3.0922e-003
5596	-5.3769e-002	0.	0.32112	2.7756e-003
5597	-3.9595e-002	0.	0.26188	5.2965e-003
5598	-5.4067e-002	0.	0.28973	3.6976e-003
5603	-0.28853	0.	0.16611	1.4013e-002
5604	-0.28656	0.	0.23583	6.1157e-003
5605	-0.25336	0.	0.20395	7.4141e-003
5606	-0.26337	0.	0.1764	1.2693e-002
5610	0.68499	0.	0.72817	1.0336e-004
5611	0.73332	0.	0.63181	1.1561e-004
5612	0.81519	0.	0.73189	7.5265e-005
5613	0.80967	0.	0.66653	9.29e-005
5614	0.75066	0.	0.75286	8.5233e-005
5617	2.0794e-004	0.	0.85723	1.0822e-004
5618	3.2627e-002	0.	0.79996	1.3403e-004
5619	-5.2512e-002	0.	0.8208	1.1064e-004
5620	-4.2269e-002	0.	0.72184	1.8972e-004
5621	-5.9047e-002	0.	0.77686	1.3218e-004
5622	2.7669e-002	0.	0.7563	1.7867e-004
5628	-0.31622	0.	0.12289	2.3574e-002
5629	-0.26689	0.	0.14275	1.8045e-002
5630	-0.29396	0.	0.11243	2.9262e-002
5631	-0.27582	0.	0.11675	2.9638e-002
5635	0.11163	0.	0.10404	1.3802e-002
5636	9.9829e-002	0.	0.136	9.4143e-003
5637	0.16666	0.	0.15719	6.348e-003
5638	0.12313	0.	0.15543	6.9999e-003
5643	6.1959e-002	0.	8.9165e-002	2.8146e-002
5644	7.3186e-002	0.	0.13078	1.4404e-002
5645	7.1623e-002	0.	6.9386e-002	4.0295e-002
5650	0.33088	0.	0.17108	1.7739e-003
5651	0.42635	0.	0.14111	1.2333e-003
5652	0.38031	0.	0.17927	1.3347e-003
5656	-5.6171e-002	0.	0.13479	2.0525e-002
5657	-0.11108	0.	0.15392	1.5661e-002
5658	-8.9058e-002	0.	0.12072	2.6444e-002
5659	-6.8096e-002	0.	0.11629	3.2079e-002
5660	-6.7117e-002	0.	0.15682	1.6207e-002
5665	-0.16866	0.	0.14188	1.6573e-002
5666	-0.14634	0.	0.14394	1.6837e-002
5667	-0.12432	0.	0.11075	2.5871e-002
5671	0.4719	0.	0.4133	4.5197e-004
5672	0.53664	0.	0.47394	2.9714e-004
5673	0.42088	0.	0.45514	4.2157e-004
5678	2.8792e-002	0.	6.9295e-002	5.9487e-002
5679	2.2152e-002	0.	8.1298e-002	4.7759e-002
5680	4.8593e-002	0.	5.9729e-002	4.9063e-002
5685	-0.36678	0.	0.13717	2.0472e-002
5686	-0.31813	0.	0.10287	3.3342e-002
5687	-0.37608	0.	9.583e-002	2.2727e-002
5688	-0.35221	0.	9.0588e-002	3.4664e-002
5689	-0.33344	0.	9.7952e-002	4.3025e-002
5694	0.10549	0.	0.29007	2.6303e-003
5695	0.19328	0.	0.28895	2.0156e-003
5696	0.1728	0.	0.24291	3.0672e-003
5697	0.12927	0.	0.24115	3.9593e-003
5698	0.13614	0.	0.31419	2.0931e-003
5702	-1.8851e-002	0.	0.42547	1.2037e-003
5703	-7.75e-002	0.	0.47667	7.5942e-004
5704	-1.1296e-002	0.	0.5264	5.8724e-004
5705	-5.0915e-002	0.	0.44534	1.0625e-003
5709	-0.47142	0.	0.86153	1.1518e-004
5710	-0.37227	0.	0.81534	1.5321e-004
5711	-0.34242	0.	0.85609	9.9434e-005
5712	-0.43993	0.	0.92577	9.5665e-005
5713	-0.35531	0.	0.90267	8.8539e-005
5717	-0.44242	0.	0.25485	3.664e-003
5718	-0.42668	0.	0.1854	8.5923e-003
5719	-0.49612	0.	0.16535	4.7107e-003
5720	-0.46022	0.	0.1688	6.5307e-003
5725	-0.5827	0.	0.90316	1.1006e-004
5726	-0.60245	0.	0.84237	1.2723e-004
5727	-0.51093	0.	0.91243	1.0519e-004
5732	-0.71243	0.	0.22006	1.0739e-003
5733	-0.69447	0.	0.15771	1.496e-003
5734	-0.77781	0.	0.12749	9.6522e-004
5735	-0.80443	0.	0.19637	7.8152e-004
5739	-1.1045	0.	0.34387	2.1049e-004
5740	-1.1055	0.	0.19127	2.6302e-004
5741	-1.1712	0.	0.21245	2.2325e-004
5742	-1.1794	0.	0.33057	1.8996e-004
5746	0.78376	0.	0.33916	2.0801e-004
5747	0.78464	0.	0.19122	2.4139e-004
5748	0.85489	0.	0.32971	1.8591e-004
5749	0.8504	0.	0.21209	2.1451e-004
5753	9.2953e-002	0.	0.91457	8.7669e-005
5754	0.22289	0.	0.8246	1.3751e-004
5755	0.24829	0.	0.91275	9.994e-005
5756	0.12537	0.	0.8573	1.1529e-004
5762	-1.0867	0.	0.79776	6.5885e-005
5763	-1.1673	0.	0.76275	6.1388e-005
5764	-1.1703	0.	0.89462	3.4982e-005
5765	-1.1043	0.	0.91177	4.3403e-005
5770	-0.18481	0.	0.29079	3.3851e-003
5771	-0.1141	0.	0.32657	2.5389e-003
5772	-0.1144	0.	0.29518	3.366e-003
5778	0.54874	0.	0.39254	4.2991e-004
5779	0.48498	0.	0.24654	6.6082e-004
5780	0.43895	0.	0.2847	7.8546e-004
5781	0.43297	0.	0.37374	5.4593e-004
5785	-0.34317	0.	0.68568	2.8824e-004
5786	-0.30096	0.	0.73903	1.8254e-004
5787	-0.31427	0.	0.79656	1.4673e-004
5791	-1.1015	0.	0.72102	7.9188e-005
5792	-0.94921	0.	0.78648	9.0238e-005
5793	-0.97222	0.	0.72482	1.022e-004
5797	-0.21023	0.	0.70704	1.9044e-004
5798	-0.11667	0.	0.67799	2.1774e-004
5799	-0.13345	0.	0.73302	1.7156e-004
5803	-0.64148	0.	0.31095	1.056e-003
5804	-0.6576	0.	0.36023	8.4742e-004
5805	-0.57796	0.	0.39835	8.3919e-004
5809	-0.25492	0.	0.24002	5.2322e-003
5810	-0.25576	0.	0.27477	3.6874e-003
5811	-0.31433	0.	0.30484	3.0175e-003
5812	-0.27921	0.	0.30229	3.0384e-003
5817	-0.40765	0.	0.49254	6.78e-004
5818	-0.5034	0.	0.51048	5.646e-004
5819	-0.50645	0.	0.45977	7.0435e-004
5824	-0.31966	0.	0.46005	9.1109e-004
5825	-0.34709	0.	0.5608	5.1951e-004
5829	-0.31396	0.	0.37592	1.6806e-003
5830	-0.24495	0.	0.42589	1.0499e-003
5831	-0.27884	0.	0.37337	1.7423e-003
5835	0.22047	0.	0.56373	4.4024e-004
5836	0.17502	0.	0.61641	3.3071e-004
5837	0.25623	0.	0.68387	2.425e-004
5838	0.28727	0.	0.62081	2.841e-004
5843	-3.1112e-002	0.	0.20242	9.4942e-003
5844	2.6408e-002	0.	0.16843	1.1077e-002
5845	-2.1638e-002	0.	0.15279	1.6535e-002
5846	-3.2584e-002	0.	0.17482	1.1707e-002
5851	-1.0042	0.	0.43712	2.3146e-004
5852	-1.1267	0.	0.47184	1.5925e-004
5853	-1.1498	0.	0.40775	1.7144e-004
5858	0.86524	0.	0.83302	4.4697e-005
5859	0.8007	0.	0.85399	5.4352e-005
5860	0.81606	0.	0.94472	3.4971e-005
5865	-1.007	0.	0.12783	3.6267e-004
5866	-0.87224	0.	0.1102	6.8148e-004
5867	-0.89886	0.	0.17907	4.8763e-004
5873	0.6881	0.	0.13254	3.5909e-004
5874	0.55273	0.	0.15489	6.0296e-004
5879	2.3022e-002	0.	0.33686	2.1416e-003
5880	-4.8186e-002	0.	0.36172	1.8985e-003
5881	-4.6432e-002	0.	0.39414	1.4721e-003
5887	4.6678e-002	0.	0.87769	1.0261e-004
5888	-3.8461e-002	0.	0.89852	7.4463e-005
5889	-4.7844e-002	0.	0.95078	4.9837e-005
5894	-0.20545	0.	0.18688	9.5663e-003
5895	-0.21545	0.	0.15933	1.418e-002
5896	-0.16685	0.	0.16767	1.1313e-002
5901	-0.82141	0.	0.86149	9.8877e-005
5902	-0.69415	0.	0.93209	9.7376e-005
5903	-0.71389	0.	0.8713	1.1524e-004
5904	-0.81082	0.	0.93728	8.7353e-005
5909	-0.8615	0.	0.46458	3.2695e-004
5914	-0.76609	0.	0.54523	3.1709e-004
5915	-0.74917	0.	0.42014	5.4933e-004
5919	0.68423	0.	0.43278	2.3636e-004
5920	0.66526	0.	0.50831	2.037e-004
5924	0.57888	0.	0.80413	1.0292e-004
5925	0.56161	0.	0.74426	1.2824e-004
5926	0.68604	0.	0.78085	9.1463e-005
5931	-0.64306	0.	0.5782	3.3464e-004
5932	-0.64071	0.	0.6267	2.7608e-004
5936	-1.1803	0.	0.60431	1.0073e-004
5941	0.26552	0.	0.25916	1.68e-003
5942	0.34448	0.	0.2293	1.4472e-003
5943	0.24504	0.	0.21312	2.7871e-003
5949	0.39466	0.	0.93515	9.1824e-005
5950	0.50089	0.	0.89554	9.0403e-005
5951	0.52765	0.	0.96151	7.7136e-005
5954	0.736	0.	0.4879	1.6785e-004
5955	0.8261	0.	0.40292	1.7916e-004
5959	-0.22257	0.	0.24289	5.3797e-003
5960	-0.23173	0.	0.1806	1.1847e-002
5964	-0.65862	0.	0.20338	1.5655e-003
5965	-0.69271	0.	0.31501	9.3353e-004
5969	-0.38261	0.	0.31884	2.3574e-003
5973	-0.42672	0.	0.14441	1.0167e-002
5974	-0.40247	0.	0.11967	1.5333e-002
5979	0.79338	0.	0.59816	1.1135e-004
5985	-0.58636	0.	0.13097	3.4655e-003
5986	-0.49616	0.	0.12436	6.6246e-003
5992	-1.2016	0.	0.45854	1.3749e-004
5996	0.15716	0.	0.56741	4.5615e-004
5997	0.23069	0.	0.46419	7.0277e-004
5998	0.17702	0.	0.46907	8.1464e-004
6004	-0.86693	0.	0.89272	8.6134e-005
6005	-0.90053	0.	0.75526	1.0883e-004
6009	-0.5465	0.	0.49123	5.6159e-004
6010	-0.5411	0.	0.59043	3.6032e-004
6013	5.6227e-002	0.	0.59811	3.7752e-004
6014	9.0446e-002	0.	0.67658	2.8916e-004
6019	-0.14819	0.	0.89693	6.4048e-005
6020	-0.24482	0.	0.88454	7.4337e-005
6021	-0.15758	0.	0.94919	4.0281e-005
6022	-0.2577	0.	0.93112	5.6366e-005
6026	0.29954	0.	0.84317	1.3582e-004
6027	0.30517	0.	0.69195	2.1304e-004
6033	8.4196e-002	0.	0.25053	3.9937e-003
6034	9.1061e-002	0.	0.32358	2.2208e-003
6038	-0.24687	0.	0.30516	3.0905e-003
6049	-0.30001	0.	0.66891	2.7285e-004
6054	-0.1671	0.	0.45719	8.6888e-004
6055	-0.10508	0.	0.44534	1.081e-003
6058	0.82248	0.	0.13735	2.4228e-004
6066	-1.1426	0.	0.13704	2.5853e-004
6069	-8.025e-002	0.	0.3816	1.7978e-003
6070	-8.2303e-002	0.	0.3178	3.1336e-003
6072	7.4139e-002	0.	0.77675	1.7443e-004
6076	-6.8129e-002	0.	0.25856	5.514e-003
6077	-5.5129e-002	0.	0.20312	9.3496e-003
6081	-0.30544	0.	0.33523	2.2287e-003
6085	8.4681e-002	0.	0.18218	8.0083e-003
6099	-0.10056	0.	0.91435	5.5249e-005
6100	-9.7716e-002	0.	0.81815	1.0579e-004
6104	0.24738	0.	0.35543	1.177e-003
6105	0.20511	0.	0.41852	9.4459e-004
6106	0.32036	0.	0.41461	6.8157e-004
6109	-0.25066	0.	0.12704	2.8514e-002
6113	-0.64274	0.	0.89734	1.1279e-004
6114	-0.55122	0.	0.9674	9.0025e-005
6123	-0.27111	0.	0.77979	1.3713e-004
6127	0.87525	0.	0.69824	7.2166e-005
6128	0.81624	0.	0.78457	6.1812e-005
6134	-3.4977e-002	0.	0.62015	3.1862e-004
6135	3.4961e-002	0.	0.65461	3.1225e-004
6142	1.2015e-002	0.	7.1085e-002	6.8883e-002
6143	3.8456e-002	0.	4.9516e-002	7.0336e-002
6155	-0.43601	0.	0.10307	1.3791e-002
6160	0.52013	0.	0.79223	1.2089e-004
6161	0.56416	0.	0.91807	8.2245e-005
6167	-8.7473e-002	0.	0.71919	1.8379e-004
6168	-7.5711e-004	0.	0.69862	2.1923e-004
6172	-0.27773	0.	9.6724e-002	3.8728e-002
6173	-0.31117	0.	8.7492e-002	4.7227e-002
6190	-1.1219	0.	0.96689	3.25e-005
6194	0.21551	0.	0.25118	2.5963e-003
6202	-2.8198e-002	0.	0.11118	3.3001e-002
6203	-4.6634e-002	0.	0.11296	3.1995e-002
6204	-4.5655e-002	0.	0.15348	1.6081e-002
6207	-0.29731	0.	0.88389	8.2133e-005
6211	-0.1225	0.	0.13653	2.1738e-002
6217	0.13658	0.	0.38555	1.3653e-003
6224	-0.3879	0.	7.309e-002	3.046e-002
6230	-0.35214	0.	5.6823e-002	7.0174e-002
6231	-0.34525	0.	7.5212e-002	4.8822e-002
6244	-0.39482	0.	0.95357	7.6174e-005
6248	0.43995	0.	0.19933	8.6722e-004
6257	-8.1563e-003	0.	8.6994e-002	5.196e-002
6258	-4.0123e-002	0.	9.2685e-002	4.3654e-002
6272	-0.83396	0.	0.14946	7.3849e-004
6284	-7.9521e-002	0.	9.89e-002	3.7266e-002
6293	0.15151	0.	0.20337	4.5127e-003
