Node Number	X Location (m)	Y Location (m)	Z Location (m)	Total Magnetic Flux Density (T)
13	-0.2	0.	2.5e-002	0.20462
14	-0.18182	0.	2.5e-002	0.30996
15	-0.16364	0.	2.5e-002	0.45873
16	-0.14545	0.	2.5e-002	0.53556
17	-0.12727	0.	2.5e-002	0.57912
18	-0.10909	0.	2.5e-002	0.60082
19	-9.0909e-002	0.	2.5e-002	0.59581
20	-7.2727e-002	0.	2.5e-002	0.58104
21	-5.4545e-002	0.	2.5e-002	0.53226
22	-3.6364e-002	0.	2.5e-002	0.47058
23	0.	0.	2.5e-002	0.20709
24	-1.8182e-002	0.	2.5e-002	0.29406
95	-1.8182e-002	0.	-2.5e-002	0.28786
96	0.	0.	-2.5e-002	0.19948
97	-3.6364e-002	0.	-2.5e-002	0.47193
98	-5.4545e-002	0.	-2.5e-002	0.54217
99	-7.2727e-002	0.	-2.5e-002	0.58111
100	-9.0909e-002	0.	-2.5e-002	0.60279
101	-0.10909	0.	-2.5e-002	0.60762
102	-0.12727	0.	-2.5e-002	0.5837
103	-0.14545	0.	-2.5e-002	0.53143
104	-0.16364	0.	-2.5e-002	0.46369
105	-0.18182	0.	-2.5e-002	0.30173
106	-0.2	0.	-2.5e-002	0.2144
457	0.	0.	0.	0.17903
458	-0.2	0.	0.	0.17696
900	-2.7273e-002	0.	0.	0.39223
901	-6.3636e-002	0.	0.	0.55481
902	-0.1074	0.	4.3368e-019	0.59993
903	-0.14411	0.	0.	0.53758
904	-0.17273	0.	0.	0.39046
2073	-0.19091	0.	2.5e-002	0.25328
2075	-0.2	0.	1.25e-002	0.18303
2081	-0.17273	0.	2.5e-002	0.3832
2083	-0.19091	0.	1.25e-002	0.24121
2084	-0.17727	0.	1.25e-002	0.34674
2088	-0.15455	0.	2.5e-002	0.49712
2090	-0.15387	0.	1.25e-002	0.49766
2091	-0.16818	0.	1.25e-002	0.42359
2095	-0.13636	0.	2.5e-002	0.55706
2097	-0.14478	0.	1.25e-002	0.53623
2099	-0.11818	0.	2.5e-002	0.58996
2101	-0.11734	0.	1.25e-002	0.58947
2102	-0.13569	0.	1.25e-002	0.55832
2104	-0.1	0.	2.5e-002	0.5983
2106	-0.10825	0.	1.25e-002	0.60036
2109	-8.1818e-002	0.	2.5e-002	0.5884
2111	-7.7273e-002	0.	1.25e-002	0.5753
2112	-9.9155e-002	0.	1.25e-002	0.59787
2116	-6.3636e-002	0.	2.5e-002	0.55647
2118	-6.8182e-002	0.	1.25e-002	0.56786
2120	-4.5455e-002	0.	2.5e-002	0.5014
2122	-5.9091e-002	0.	1.25e-002	0.54316
2124	-2.7273e-002	0.	2.5e-002	0.38025
2126	-3.1818e-002	0.	1.25e-002	0.43099
2127	-5.e-002	0.	1.25e-002	0.5122
2129	-9.0909e-003	0.	2.5e-002	0.24753
2131	0.	0.	1.25e-002	0.1844
2138	-9.0909e-003	0.	1.25e-002	0.23346
2139	-2.2727e-002	0.	1.25e-002	0.33966
2536	-9.0909e-003	0.	-2.5e-002	0.24049
2537	-2.7273e-002	0.	-2.5e-002	0.37786
2539	-9.0909e-003	0.	-1.25e-002	0.22989
2540	-2.2727e-002	0.	-1.25e-002	0.33602
2545	0.	0.	-1.25e-002	0.17965
2550	-4.5455e-002	0.	-2.5e-002	0.50704
2552	-3.1818e-002	0.	-1.25e-002	0.43147
2553	-5.e-002	0.	-1.25e-002	0.51289
2556	-6.3636e-002	0.	-2.5e-002	0.56149
2558	-5.9091e-002	0.	-1.25e-002	0.54812
2560	-8.1818e-002	0.	-2.5e-002	0.59191
2562	-6.8182e-002	0.	-1.25e-002	0.56789
2564	-0.1	0.	-2.5e-002	0.60517
2566	-7.7273e-002	0.	-1.25e-002	0.57879
2567	-9.9155e-002	0.	-1.25e-002	0.60134
2570	-0.11818	0.	-2.5e-002	0.59564
2572	-0.10825	0.	-1.25e-002	0.60377
2575	-0.13636	0.	-2.5e-002	0.55747
2577	-0.11734	0.	-1.25e-002	0.59177
2578	-0.13569	0.	-1.25e-002	0.56051
2581	-0.15455	0.	-2.5e-002	0.49751
2583	-0.14478	0.	-1.25e-002	0.53411
2586	-0.17273	0.	-2.5e-002	0.38089
2588	-0.15387	0.	-1.25e-002	0.49996
2589	-0.16818	0.	-1.25e-002	0.42668
2591	-0.19091	0.	-2.5e-002	0.25507
2593	-0.19091	0.	-1.25e-002	0.23535
2594	-0.17727	0.	-1.25e-002	0.3432
2598	-0.2	0.	-1.25e-002	0.18635
4727	-1.3636e-002	0.	0.	0.28484
4736	-0.18636	0.	0.	0.28267
7702	-4.5455e-002	0.	0.	0.47338
7708	-8.5518e-002	0.	2.1684e-019	0.57735
7716	-0.12575	0.	2.1684e-019	0.56872
7724	-0.15842	0.	0.	0.46375
1	0.	0.	3.75e-002	9.8164e-002
2	-1.8182e-002	0.	3.75e-002	7.8973e-002
3	-3.6364e-002	0.	3.75e-002	5.3756e-002
4	-5.4545e-002	0.	3.75e-002	3.7678e-002
5	-7.2727e-002	0.	3.75e-002	2.5176e-002
6	-9.0909e-002	0.	3.75e-002	1.6663e-002
7	-0.10909	0.	3.75e-002	1.6559e-002
8	-0.12727	0.	3.75e-002	2.5234e-002
9	-0.14545	0.	3.75e-002	3.7434e-002
10	-0.16364	0.	3.75e-002	5.3334e-002
11	-0.18182	0.	3.75e-002	7.8217e-002
12	-0.2	0.	3.75e-002	9.6682e-002
13	-0.2	0.	2.5e-002	9.6682e-002
14	-0.18182	0.	2.5e-002	7.8217e-002
15	-0.16364	0.	2.5e-002	5.3334e-002
16	-0.14545	0.	2.5e-002	3.7434e-002
17	-0.12727	0.	2.5e-002	2.5234e-002
18	-0.10909	0.	2.5e-002	1.6559e-002
19	-9.0909e-002	0.	2.5e-002	1.6663e-002
20	-7.2727e-002	0.	2.5e-002	2.5176e-002
21	-5.4545e-002	0.	2.5e-002	3.7678e-002
22	-3.6364e-002	0.	2.5e-002	5.3756e-002
23	0.	0.	2.5e-002	9.8164e-002
24	-1.8182e-002	0.	2.5e-002	7.8973e-002
95	-1.8182e-002	0.	-2.5e-002	7.8106e-002
96	0.	0.	-2.5e-002	9.5636e-002
97	-3.6364e-002	0.	-2.5e-002	5.4115e-002
98	-5.4545e-002	0.	-2.5e-002	3.7704e-002
99	-7.2727e-002	0.	-2.5e-002	2.546e-002
100	-9.0909e-002	0.	-2.5e-002	1.6657e-002
101	-0.10909	0.	-2.5e-002	1.655e-002
102	-0.12727	0.	-2.5e-002	2.5096e-002
103	-0.14545	0.	-2.5e-002	3.7598e-002
104	-0.16364	0.	-2.5e-002	5.296e-002
105	-0.18182	0.	-2.5e-002	7.7917e-002
106	-0.2	0.	-2.5e-002	9.7343e-002
199	-0.18182	0.	-3.75e-002	7.7917e-002
200	-0.2	0.	-3.75e-002	9.7343e-002
201	-0.16364	0.	-3.75e-002	5.296e-002
202	-0.14545	0.	-3.75e-002	3.7598e-002
203	-0.12727	0.	-3.75e-002	2.5096e-002
204	-0.10909	0.	-3.75e-002	1.655e-002
205	-9.0909e-002	0.	-3.75e-002	1.6657e-002
206	-7.2727e-002	0.	-3.75e-002	2.546e-002
207	-5.4545e-002	0.	-3.75e-002	3.7704e-002
208	-3.6364e-002	0.	-3.75e-002	5.4115e-002
209	-1.8182e-002	0.	-3.75e-002	7.8106e-002
210	0.	0.	-3.75e-002	9.5636e-002
1999	-9.0909e-003	0.	3.75e-002	8.831e-002
2000	0.	0.	3.125e-002	9.8164e-002
2007	-2.7273e-002	0.	3.75e-002	6.5713e-002
2008	-1.8182e-002	0.	3.125e-002	7.8973e-002
2014	-4.5455e-002	0.	3.75e-002	4.561e-002
2015	-3.6364e-002	0.	3.125e-002	5.3756e-002
2022	-6.3636e-002	0.	3.75e-002	3.1185e-002
2023	-5.4545e-002	0.	3.125e-002	3.7678e-002
2027	-8.1818e-002	0.	3.75e-002	2.0261e-002
2028	-7.2727e-002	0.	3.125e-002	2.5176e-002
2033	-0.1	0.	3.75e-002	1.5188e-002
2034	-9.0909e-002	0.	3.125e-002	1.6663e-002
2038	-0.11818	0.	3.75e-002	2.0225e-002
2039	-0.10909	0.	3.125e-002	1.6559e-002
2045	-0.13636	0.	3.75e-002	3.1102e-002
2046	-0.12727	0.	3.125e-002	2.5234e-002
2050	-0.15455	0.	3.75e-002	4.527e-002
2051	-0.14545	0.	3.125e-002	3.7434e-002
2055	-0.17273	0.	3.75e-002	6.5162e-002
2056	-0.16364	0.	3.125e-002	5.3334e-002
2060	-0.19091	0.	3.75e-002	8.7208e-002
2061	-0.18182	0.	3.125e-002	7.8217e-002
2066	-0.2	0.	3.125e-002	9.6682e-002
2073	-0.19091	0.	2.5e-002	8.7208e-002
2081	-0.17273	0.	2.5e-002	6.5162e-002
2088	-0.15455	0.	2.5e-002	4.527e-002
2095	-0.13636	0.	2.5e-002	3.1102e-002
2099	-0.11818	0.	2.5e-002	2.0225e-002
2104	-0.1	0.	2.5e-002	1.5188e-002
2109	-8.1818e-002	0.	2.5e-002	2.0261e-002
2116	-6.3636e-002	0.	2.5e-002	3.1185e-002
2120	-4.5455e-002	0.	2.5e-002	4.561e-002
2124	-2.7273e-002	0.	2.5e-002	6.5713e-002
2129	-9.0909e-003	0.	2.5e-002	8.831e-002
2536	-9.0909e-003	0.	-2.5e-002	8.6602e-002
2537	-2.7273e-002	0.	-2.5e-002	6.549e-002
2538	-1.8182e-002	0.	-3.125e-002	7.8106e-002
2544	0.	0.	-3.125e-002	9.5636e-002
2550	-4.5455e-002	0.	-2.5e-002	4.5804e-002
2551	-3.6364e-002	0.	-3.125e-002	5.4115e-002
2556	-6.3636e-002	0.	-2.5e-002	3.1349e-002
2557	-5.4545e-002	0.	-3.125e-002	3.7704e-002
2560	-8.1818e-002	0.	-2.5e-002	2.0409e-002
2561	-7.2727e-002	0.	-3.125e-002	2.546e-002
2564	-0.1	0.	-2.5e-002	1.515e-002
2565	-9.0909e-002	0.	-3.125e-002	1.6657e-002
2570	-0.11818	0.	-2.5e-002	2.0148e-002
2571	-0.10909	0.	-3.125e-002	1.655e-002
2575	-0.13636	0.	-2.5e-002	3.1114e-002
2576	-0.12727	0.	-3.125e-002	2.5096e-002
2581	-0.15455	0.	-2.5e-002	4.5173e-002
2582	-0.14545	0.	-3.125e-002	3.7598e-002
2586	-0.17273	0.	-2.5e-002	6.4783e-002
2587	-0.16364	0.	-3.125e-002	5.296e-002
2591	-0.19091	0.	-2.5e-002	8.7381e-002
2592	-0.18182	0.	-3.125e-002	7.7917e-002
2597	-0.2	0.	-3.125e-002	9.7343e-002
3188	-0.19091	0.	-3.75e-002	8.7381e-002
3189	-0.17273	0.	-3.75e-002	6.4783e-002
3201	-0.15455	0.	-3.75e-002	4.5173e-002
3205	-0.13636	0.	-3.75e-002	3.1114e-002
3208	-0.11818	0.	-3.75e-002	2.0148e-002
3216	-0.1	0.	-3.75e-002	1.515e-002
3220	-8.1818e-002	0.	-3.75e-002	2.0409e-002
3225	-6.3636e-002	0.	-3.75e-002	3.1349e-002
3229	-4.5455e-002	0.	-3.75e-002	4.5804e-002
3233	-2.7273e-002	0.	-3.75e-002	6.549e-002
3237	-9.0909e-003	0.	-3.75e-002	8.6602e-002
96	0.	0.	-2.5e-002	7.2313e-002
106	-0.2	0.	-2.5e-002	7.6243e-002
199	-0.18182	0.	-3.75e-002	4.3368e-002
200	-0.2	0.	-3.75e-002	5.0312e-002
201	-0.16364	0.	-3.75e-002	4.2377e-002
202	-0.14545	0.	-3.75e-002	3.2801e-002
203	-0.12727	0.	-3.75e-002	2.5083e-002
204	-0.10909	0.	-3.75e-002	2.3161e-002
205	-9.0909e-002	0.	-3.75e-002	2.318e-002
206	-7.2727e-002	0.	-3.75e-002	2.6452e-002
207	-5.4545e-002	0.	-3.75e-002	3.0296e-002
208	-3.6364e-002	0.	-3.75e-002	3.9981e-002
209	-1.8182e-002	0.	-3.75e-002	4.873e-002
210	0.	0.	-3.75e-002	5.0492e-002
281	1.	0.	-9.4318e-002	3.7557e-005
282	1.	0.	-0.18864	3.448e-005
283	1.	0.	-0.28295	2.9797e-005
284	1.	0.	-0.37727	2.5561e-005
285	1.	0.	-0.47159	2.217e-005
286	1.	0.	-0.56591	1.5309e-005
287	1.	0.	-0.66023	1.1558e-005
288	1.	0.	-0.75455	8.7071e-006
289	1.	0.	-0.84886	5.4165e-006
290	1.	0.	-0.94318	2.7625e-006
301	0.90435	0.	-1.0375	3.0441e-006
302	0.8087	0.	-1.0375	5.9279e-006
303	0.71304	0.	-1.0375	7.6295e-006
304	0.61739	0.	-1.0375	1.0455e-005
305	0.52174	0.	-1.0375	1.2293e-005
306	0.42609	0.	-1.0375	1.4068e-005
307	0.33043	0.	-1.0375	1.371e-005
308	0.23478	0.	-1.0375	1.3474e-005
309	0.13913	0.	-1.0375	1.0552e-005
310	4.3478e-002	0.	-1.0375	7.7674e-006
311	-5.2174e-002	0.	-1.0375	4.0961e-006
312	-0.14783	0.	-1.0375	3.9725e-006
313	-0.24348	0.	-1.0375	8.4671e-006
314	-0.33913	0.	-1.0375	1.1152e-005
315	-0.43478	0.	-1.0375	1.3733e-005
316	-0.53043	0.	-1.0375	1.4373e-005
317	-0.62609	0.	-1.0375	1.3818e-005
318	-0.72174	0.	-1.0375	1.1693e-005
319	-0.81739	0.	-1.0375	1.0208e-005
320	-0.91304	0.	-1.0375	7.8322e-006
321	-1.0087	0.	-1.0375	5.3874e-006
322	-1.1043	0.	-1.0375	2.9122e-006
328	-1.2	0.	-0.94318	2.5484e-006
329	-1.2	0.	-0.84886	5.6427e-006
330	-1.2	0.	-0.75455	8.7447e-006
331	-1.2	0.	-0.66023	1.2316e-005
332	-1.2	0.	-0.56591	1.5757e-005
333	-1.2	0.	-0.47159	2.1333e-005
334	-1.2	0.	-0.37727	2.5712e-005
335	-1.2	0.	-0.28295	3.0155e-005
336	-1.2	0.	-0.18864	3.4156e-005
337	-1.2	0.	-9.4318e-002	3.6889e-005
343	9.0909e-002	0.	0.	8.9747e-003
344	0.18182	0.	0.	2.0084e-003
345	0.27273	0.	0.	6.7899e-004
346	0.36364	0.	0.	3.2778e-004
347	0.45455	0.	0.	1.9933e-004
348	0.54545	0.	0.	1.2771e-004
349	0.63636	0.	0.	8.6972e-005
350	0.72727	0.	0.	6.578e-005
351	0.81818	0.	0.	4.9081e-005
352	0.90909	0.	0.	3.9607e-005
353	-1.1091	0.	0.	4.0049e-005
354	-1.0182	0.	0.	4.6441e-005
355	-0.92727	0.	0.	6.5637e-005
356	-0.83636	0.	0.	8.2322e-005
357	-0.74545	0.	0.	1.2029e-004
358	-0.65455	0.	0.	1.8945e-004
359	-0.56364	0.	0.	3.5943e-004
360	-0.47273	0.	0.	7.3713e-004
361	-0.38182	0.	0.	2.0547e-003
362	-0.29091	0.	0.	6.4193e-003
457	0.	0.	0.	0.10805
458	-0.2	0.	0.	0.10698
463	1.	0.	-1.0375	1.426e-006
464	1.	0.	0.	3.7608e-005
465	-1.2	0.	-1.0375	1.3235e-006
466	-1.2	0.	0.	3.7407e-005
471	4.5455e-002	0.	0.	3.1851e-002
472	-0.24545	0.	0.	3.3551e-002
645	7.8261e-002	0.	-0.37083	3.2181e-004
646	-6.6966e-002	0.	-0.20082	1.7033e-003
647	-0.18551	0.	-0.48194	1.2156e-004
648	-0.19713	0.	-0.26359	7.9534e-004
649	-0.68518	0.	-0.513	4.9593e-005
650	0.53913	0.	-0.46837	5.1519e-005
651	0.13895	0.	-0.69688	3.893e-005
652	-0.46073	0.	-0.39684	1.8396e-004
653	-0.31014	0.	-0.75972	2.3135e-005
654	-0.18848	0.	-0.14734	3.4627e-003
655	-2.7281e-002	0.	-0.1142	7.4579e-003
656	0.63471	0.	-0.77042	1.4816e-005
657	-0.78845	0.	-0.26897	8.2981e-005
658	-0.31135	0.	-0.29429	4.8069e-004
659	0.3125	0.	-0.41033	1.2732e-004
660	-0.96425	0.	-0.64252	1.7787e-005
661	4.4021e-002	0.	-0.27763	6.2773e-004
662	-0.16538	0.	-0.74175	2.8668e-005
663	-7.1607e-002	0.	-0.56903	6.2752e-005
664	-0.66295	0.	-0.67226	2.7083e-005
665	0.58435	0.	-0.34653	6.3839e-005
666	0.34709	0.	-0.71035	3.418e-005
667	0.20878	0.	-0.10643	1.0666e-003
668	0.13213	0.	-5.757e-002	3.736e-003
669	-0.14033	0.	-7.1211e-002	1.6761e-002
670	-0.11288	0.	-0.12183	5.4173e-003
671	0.69275	0.	-0.50088	3.2973e-005
672	-0.10966	0.	-0.41713	1.9276e-004
673	-0.4054	0.	-0.5014	1.0532e-004
674	0.34482	0.	-0.27366	2.0396e-004
675	-0.50206	0.	-0.26899	3.061e-004
676	0.10829	0.	-0.46703	1.2701e-004
677	0.80092	0.	-0.25044	4.0954e-005
678	-0.89472	0.	-0.83091	1.1814e-005
679	-8.8307e-002	0.	-0.32217	4.5124e-004
680	-1.0086	0.	-0.34157	3.435e-005
681	-0.20334	0.	-9.0652e-002	1.2546e-002
682	4.5963e-003	0.	-0.1975	1.7139e-003
683	-0.49519	0.	-0.71835	2.7435e-005
684	7.4535e-002	0.	-5.7072e-002	8.3746e-003
685	-0.31557	0.	-0.13496	2.2523e-003
686	-0.24783	0.	-0.62083	4.8271e-005
687	-7.7577e-002	0.	-0.92007	5.7592e-006
688	-9.2571e-002	0.	-7.7623e-002	1.2547e-002
689	-0.84888	0.	-0.42177	4.711e-005
690	0.80286	0.	-0.81062	8.5165e-006
691	-0.5879	0.	-0.39257	1.1306e-004
692	0.24475	0.	-0.5703	6.5804e-005
693	-0.24422	0.	-0.38855	2.4557e-004
694	-1.7141e-002	0.	-0.7167	3.3633e-005
695	-0.64629	0.	-0.27743	1.316e-004
696	0.17691	0.	-0.92481	1.3249e-005
697	-1.2186e-002	0.	-6.6768e-002	2.3105e-002
698	0.42609	0.	-0.5944	4.6679e-005
699	0.54002	0.	-0.11479	1.2674e-004
700	-0.52448	0.	-0.902	1.6006e-005
701	0.37851	0.	-0.85884	1.8677e-005
702	0.87057	0.	-0.57514	1.6963e-005
703	-0.13281	0.	-0.18979	2.1385e-003
704	-0.19903	0.	-0.88935	1.0923e-005
705	5.2191e-002	0.	-0.61795	5.7919e-005
706	3.5523e-002	0.	-0.14065	3.54e-003
707	8.409e-002	0.	-0.20671	1.1471e-003
708	-0.53264	0.	-0.51063	7.4996e-005
709	-0.97477	0.	-0.12042	5.4329e-005
710	0.82365	0.	-0.4155	2.8593e-005
711	-2.657e-003	0.	-0.44954	1.6589e-004
712	-0.72005	0.	-0.86041	1.5303e-005
713	-1.0365	0.	-0.81609	8.1267e-006
714	0.46957	0.	-0.73668	2.4944e-005
715	-0.96787	0.	-0.50083	2.8506e-005
716	-0.36018	0.	-0.9182	1.3866e-005
717	-0.39069	0.	-0.20602	8.7575e-004
718	0.44576	0.	-0.3577	9.7942e-005
719	0.18624	0.	-0.38019	1.9081e-004
720	0.35674	0.	-0.1212	3.2536e-004
721	-0.37085	0.	-0.63276	5.3893e-005
722	-0.48816	0.	-0.1365	4.8344e-004
723	0.5166	0.	-0.89991	1.3527e-005
724	-5.3894e-002	0.	-7.8395e-002	1.4354e-002
725	0.58261	0.	-0.61065	2.6966e-005
726	-0.249	0.	-0.19742	1.4394e-003
727	-0.10341	0.	-0.24769	9.218e-004
728	-0.1689	0.	-0.34336	3.2694e-004
729	-0.69599	0.	-0.13079	1.5771e-004
730	0.69023	0.	-0.90764	9.5733e-006
731	0.65305	0.	-0.22191	6.5508e-005
732	-0.2883	0.	-0.50869	1.1522e-004
733	-9.3006e-002	0.	-0.15842	3.0592e-003
734	-3.5024e-003	0.	-0.34074	3.4337e-004
735	-0.1553	0.	-0.1054	8.7236e-003
736	-0.81957	0.	-0.58158	2.7484e-005
737	-0.71408	0.	-0.38733	7.5886e-005
738	-8.3154e-002	0.	-9.8071e-002	7.9988e-003
739	0.87494	0.	-0.12208	4.1135e-005
740	0.73623	0.	-0.66675	1.7839e-005
741	9.5723e-002	0.	-0.8168	1.7485e-005
742	-3.5595e-002	0.	-0.26443	8.3337e-004
743	-0.83827	0.	-0.11847	8.0566e-005
744	0.25725	0.	-0.21974	4.8692e-004
745	-0.34986	0.	-0.40032	2.5575e-004
746	-0.83456	0.	-0.72348	1.7326e-005
747	-0.11304	0.	-0.64861	4.4597e-005
748	-1.1025	0.	-0.57104	1.6587e-005
749	4.5441e-002	0.	-0.93701	8.9185e-006
750	-0.23267	0.	-5.1781e-002	2.1455e-002
751	-0.24366	0.	-0.11833	5.0787e-003
752	0.84945	0.	-0.93947	4.985e-006
753	-0.14928	0.	-0.56528	7.2984e-005
754	0.69678	0.	-0.35856	4.4931e-005
755	-0.17115	0.	-6.58e-002	2.5098e-002
756	-1.0878	0.	-0.42835	2.5612e-005
757	-1.0726	0.	-0.91698	4.7865e-006
758	-1.0891	0.	-0.10938	3.9097e-005
759	-0.40294	0.	-0.31329	3.5907e-004
760	2.6147e-002	0.	-4.6989e-002	2.8774e-002
761	0.41515	0.	-0.47383	6.9198e-005
762	0.33109	0.	-0.52305	7.4472e-005
763	-0.5339	0.	-0.61886	5.0349e-005
764	-0.39828	0.	-8.7807e-002	1.0948e-003
765	-0.18604	0.	-0.20353	1.5756e-003
766	0.90652	0.	-0.73056	9.085e-006
767	0.14263	0.	-0.5821	6.2882e-005
768	-4.5436e-002	0.	-0.15783	3.3097e-003
769	-0.28271	0.	-7.3576e-002	6.2972e-003
770	-0.19941	0.	-6.0778e-002	3.0263e-002
771	2.5e-002	0.	-0.52593	9.267e-005
772	-0.23146	0.	-0.31198	5.0474e-004
773	-0.4196	0.	-0.8087	2.4252e-005
774	0.1624	0.	-0.20597	9.7723e-004
775	0.25975	0.	-0.3141	3.002e-004
776	-0.13633	0.	-0.1435	4.0294e-003
777	0.91182	0.	-0.34923	2.7969e-005
778	-0.14075	0.	-0.28452	6.8835e-004
779	0.31472	0.	-0.61361	4.9609e-005
780	-0.15039	0.	-5.2669e-002	2.7888e-002
781	-7.8649e-002	0.	-5.7603e-002	2.0808e-002
782	0.11327	0.	-0.28556	4.686e-004
783	0.7181	0.	-0.10371	6.2901e-005
784	0.21304	0.	-0.47855	9.4851e-005
785	0.10459	0.	-0.12435	2.8812e-003
786	-7.8942e-002	0.	-0.12978	4.6664e-003
787	-8.3681e-002	0.	-0.49897	1.0611e-004
788	-0.11673	0.	-7.2236e-002	1.5039e-002
789	-1.062	0.	-0.22534	4.1255e-005
790	0.2393	0.	-0.66295	4.1577e-005
791	-4.5129e-002	0.	-5.7948e-002	2.7803e-002
792	3.4087e-002	0.	-8.8889e-002	8.934e-003
793	0.9116	0.	-0.23201	3.3724e-005
794	0.52834	0.	-0.25362	1.0931e-004
795	-1.1003	0.	-0.72489	1.0532e-005
796	-0.96282	0.	-0.74849	1.2122e-005
797	0.30251	0.	-0.94303	1.4894e-005
798	-9.422e-002	0.	-0.82056	1.6059e-005
799	-0.83898	0.	-0.95378	1.0746e-005
800	-0.96114	0.	-0.92746	7.9421e-006
801	-0.92016	0.	-0.24942	5.1375e-005
802	0.24129	0.	-0.79706	2.3585e-005
803	-0.10314	0.	-5.679e-002	1.7909e-002
804	-0.57948	0.	-7.6891e-002	3.2662e-004
805	-0.5857	0.	-0.17928	2.2273e-004
806	-0.12113	0.	-9.366e-002	9.0969e-003
807	-0.33291	0.	-5.8359e-002	2.7543e-003
2544	0.	0.	-3.125e-002	5.8586e-002
2545	0.	0.	-1.25e-002	8.9183e-002
2546	2.2727e-002	0.	-1.25e-002	5.1661e-002
2547	1.3074e-002	0.	-3.5995e-002	4.9927e-002
2597	-0.2	0.	-3.125e-002	6.1281e-002
2598	-0.2	0.	-1.25e-002	9.0297e-002
2599	-0.22273	0.	-1.25e-002	5.419e-002
2600	-0.21634	0.	-3.839e-002	4.8508e-002
3188	-0.19091	0.	-3.75e-002	4.517e-002
3189	-0.17273	0.	-3.75e-002	4.2503e-002
3190	-0.17648	0.	-5.165e-002	3.3935e-002
3191	-0.19061	0.	-4.9139e-002	3.6468e-002
3196	-0.21634	0.	-4.464e-002	3.5678e-002
3197	-0.1997	0.	-4.9139e-002	3.9929e-002
3201	-0.15455	0.	-3.75e-002	3.6862e-002
3202	-0.16739	0.	-5.165e-002	3.3735e-002
3203	-0.15701	0.	-4.5085e-002	3.4538e-002
3205	-0.13636	0.	-3.75e-002	2.8721e-002
3206	-0.14792	0.	-4.5085e-002	3.034e-002
3208	-0.11818	0.	-3.75e-002	2.3524e-002
3209	-0.1338	0.	-5.4356e-002	2.0899e-002
3210	-0.13883	0.	-4.5085e-002	2.6244e-002
3211	-0.122	0.	-5.4868e-002	1.9891e-002
3212	-0.11521	0.	-4.7145e-002	2.0761e-002
3216	-0.1	0.	-3.75e-002	2.2664e-002
3217	-0.10612	0.	-4.7145e-002	2.0515e-002
3220	-8.1818e-002	0.	-3.75e-002	2.4475e-002
3221	-8.4779e-002	0.	-4.7551e-002	2.1851e-002
3222	-9.7026e-002	0.	-4.7145e-002	2.0266e-002
3225	-6.3636e-002	0.	-3.75e-002	2.8138e-002
3226	-7.5688e-002	0.	-4.7551e-002	2.3596e-002
3229	-4.5455e-002	0.	-3.75e-002	3.4409e-002
3230	-6.6597e-002	0.	-4.7551e-002	2.5138e-002
3231	-4.9837e-002	0.	-4.7724e-002	2.894e-002
3233	-2.7273e-002	0.	-3.75e-002	4.4136e-002
3234	-2.4275e-002	0.	-5.2134e-002	3.1271e-002
3235	-4.0746e-002	0.	-4.7724e-002	3.3636e-002
3237	-9.0909e-003	0.	-3.75e-002	4.7657e-002
3238	-1.5184e-002	0.	-5.2134e-002	3.588e-002
3241	-6.0931e-003	0.	-5.2134e-002	3.5914e-002
3242	1.3074e-002	0.	-4.2245e-002	3.9267e-002
3694	1.	0.	-0.14148	3.6016e-005
3696	0.95455	0.	-4.7159e-002	3.858e-005
3697	1.	0.	-4.7159e-002	3.7578e-005
3698	0.93747	0.	-0.1082	3.9327e-005
3702	1.	0.	-0.2358	3.2133e-005
3703	0.93747	0.	-0.15536	3.7799e-005
3704	0.9558	0.	-0.21033	3.409e-005
3708	1.	0.	-0.33011	2.7677e-005
3709	0.95591	0.	-0.31609	2.8872e-005
3710	0.9558	0.	-0.25748	3.176e-005
3714	1.	0.	-0.42443	2.3859e-005
3715	0.95591	0.	-0.36325	2.6748e-005
3717	1.	0.	-0.51875	1.8738e-005
3718	0.93528	0.	-0.52337	1.9494e-005
3719	0.91182	0.	-0.44354	2.523e-005
3720	0.95591	0.	-0.41041	2.5067e-005
3724	1.	0.	-0.61307	1.3433e-005
3725	0.93528	0.	-0.57053	1.6092e-005
3729	1.	0.	-0.70739	1.0132e-005
3730	0.93528	0.	-0.61769	1.4218e-005
3731	0.95326	0.	-0.6954	1.0278e-005
3733	1.	0.	-0.8017	7.0339e-006
3734	0.95326	0.	-0.74255	8.8651e-006
3737	1.	0.	-0.89602	4.0673e-006
3738	0.90143	0.	-0.82974	6.784e-006
3739	0.92472	0.	-0.89417	4.8651e-006
3740	0.95326	0.	-0.78971	7.2505e-006
3745	0.95217	0.	-0.99034	2.7996e-006
3746	1.	0.	-0.99034	2.0794e-006
3747	0.92472	0.	-0.94133	3.7571e-006
3814	0.85652	0.	-1.0375	4.4439e-006
3815	0.95217	0.	-1.0375	2.2147e-006
3816	0.8769	0.	-0.98849	4.0143e-006
3820	0.76087	0.	-1.0375	6.7757e-006
3821	0.74946	0.	-0.97257	7.7326e-006
3822	0.82907	0.	-0.98849	5.3905e-006
3825	0.66522	0.	-1.0375	9.0393e-006
3826	0.70164	0.	-0.97257	8.5653e-006
3831	0.56957	0.	-1.0375	1.1372e-005
3832	0.567	0.	-0.96871	1.1975e-005
3833	0.65381	0.	-0.97257	9.9437e-006
3835	0.47391	0.	-1.0375	1.3179e-005
3836	0.51917	0.	-0.96871	1.2884e-005
3841	0.37826	0.	-1.0375	1.3884e-005
3842	0.4023	0.	-0.94817	1.6364e-005
3843	0.47134	0.	-0.96871	1.3756e-005
3844	0.3643	0.	-0.99026	1.4472e-005
3847	0.28261	0.	-1.0375	1.3582e-005
3848	0.31647	0.	-0.99026	1.4301e-005
3851	0.18696	0.	-1.0375	1.2009e-005
3852	0.20585	0.	-0.98115	1.333e-005
3853	0.26865	0.	-0.99026	1.4178e-005
3857	9.1304e-002	0.	-1.0375	9.1283e-006
3858	0.15802	0.	-0.98115	1.1887e-005
3859	9.2286e-002	0.	-0.98725	9.6554e-006
3861	-4.3478e-003	0.	-1.0375	5.8155e-006
3862	4.446e-002	0.	-0.98725	8.3342e-006
3866	-0.1	0.	-1.0375	2.5472e-006
3867	-6.4876e-002	0.	-0.97878	4.6988e-006
3868	-3.3665e-003	0.	-0.98725	6.4279e-006
3872	-0.19565	0.	-1.0375	6.1272e-006
3873	-0.1127	0.	-0.97878	4.1034e-006
3874	-0.17343	0.	-0.96343	7.4169e-006
3876	-0.2913	0.	-1.0375	9.7841e-006
3877	-0.22126	0.	-0.96343	9.3087e-006
3878	-0.30183	0.	-0.97785	1.116e-005
3882	-0.38696	0.	-1.0375	1.2422e-005
3883	-0.34965	0.	-0.97785	1.25e-005
3887	-0.48261	0.	-1.0375	1.4048e-005
3888	-0.47963	0.	-0.96975	1.4869e-005
3889	-0.39748	0.	-0.97785	1.3735e-005
3891	-0.57826	0.	-1.0375	1.4088e-005
3892	-0.52746	0.	-0.96975	1.5187e-005
3896	-0.67391	0.	-1.0375	1.2753e-005
3897	-0.57528	0.	-0.96975	1.4895e-005
3898	-0.67307	0.	-0.94896	1.4506e-005
3903	-0.76957	0.	-1.0375	1.0949e-005
3904	-0.72089	0.	-0.94896	1.3466e-005
3905	-0.78036	0.	-0.99564	1.1196e-005
3909	-0.86522	0.	-1.0375	9.0114e-006
3910	-0.82818	0.	-0.99564	1.0447e-005
3912	-0.96087	0.	-1.0375	6.6012e-006
3913	-0.87601	0.	-0.99564	9.2841e-006
3914	-0.93709	0.	-0.98248	7.7975e-006
3919	-1.0565	0.	-1.0375	4.127e-006
3920	-1.0407	0.	-0.97724	4.9212e-006
3921	-0.98492	0.	-0.98248	6.6333e-006
3926	-1.1522	0.	-0.99034	2.6124e-006
3927	-1.1522	0.	-1.0375	2.0979e-006
3928	-1.0885	0.	-0.97724	3.8087e-006
3956	-1.2	0.	-0.89602	4.0792e-006
3957	-1.2	0.	-0.99034	1.9164e-006
3958	-1.1363	0.	-0.93008	3.6306e-006
3961	-1.2	0.	-0.8017	7.1752e-006
3962	-1.1183	0.	-0.83248	6.729e-006
3963	-1.1363	0.	-0.88292	5.0615e-006
3964	-1.1502	0.	-0.78688	8.0808e-006
3969	-1.2	0.	-0.70739	1.0527e-005
3970	-1.1502	0.	-0.73972	9.5746e-006
3974	-1.2	0.	-0.61307	1.4036e-005
3975	-1.1513	0.	-0.61563	1.4418e-005
3976	-1.1502	0.	-0.69256	1.1316e-005
3978	-1.2	0.	-0.51875	1.8542e-005
3979	-1.1513	0.	-0.56847	1.6136e-005
3982	-1.2	0.	-0.42443	2.351e-005
3983	-1.1513	0.	-0.52131	1.8939e-005
3984	-1.1439	0.	-0.44997	2.3468e-005
3988	-1.2	0.	-0.33011	2.7928e-005
3989	-1.1439	0.	-0.40281	2.5627e-005
3991	-1.2	0.	-0.2358	3.2143e-005
3992	-1.1043	0.	-0.31226	3.2063e-005
3993	-1.1439	0.	-0.35565	2.7863e-005
3994	-1.131	0.	-0.25415	3.5684e-005
3998	-1.2	0.	-0.14148	3.5514e-005
3999	-1.1445	0.	-0.14901	3.6626e-005
4000	-1.131	0.	-0.20699	3.7634e-005
4005	-1.1545	0.	-4.7159e-002	3.8466e-005
4006	-1.2	0.	-4.7159e-002	3.7146e-005
4007	-1.1445	0.	-0.10185	3.7985e-005
4051	0.13636	0.	0.	5.4866e-003
4052	6.8182e-002	0.	0.	2.0392e-002
4055	0.11152	0.	-2.8785e-002	6.3313e-003
4056	8.2722e-002	0.	-2.8536e-002	8.4821e-003
4063	0.22727	0.	0.	1.3436e-003
4067	0.1953	0.	-5.3217e-002	1.5155e-003
4068	0.15697	0.	-2.8785e-002	2.8466e-003
4073	0.31818	0.	0.	5.0332e-004
4076	0.24075	0.	-5.3217e-002	8.5883e-004
4077	0.31473	0.	-6.0598e-002	4.9825e-004
4082	0.40909	0.	0.	2.6292e-004
4084	0.36019	0.	-6.0598e-002	3.2288e-004
4092	0.5	0.	0.	1.633e-004
4096	0.49729	0.	-5.7397e-002	1.6275e-004
4097	0.40564	0.	-6.0598e-002	2.5948e-004
4101	0.59091	0.	0.	1.0726e-004
4103	0.54274	0.	-5.7397e-002	1.2664e-004
4106	0.68182	0.	0.	7.6322e-005
4109	0.58819	0.	-5.7397e-002	1.065e-004
4110	0.67723	0.	-5.1853e-002	7.4825e-005
4112	0.77273	0.	0.	5.7417e-005
4115	0.72269	0.	-5.1853e-002	6.4165e-005
4119	0.86364	0.	0.	4.4335e-005
4121	0.84656	0.	-6.1041e-002	4.5096e-005
4122	0.76814	0.	-5.1853e-002	5.591e-005
4127	0.95455	0.	0.	3.8606e-005
4129	0.89201	0.	-6.1041e-002	4.0343e-005
4132	-1.0636	0.	0.	4.3243e-005
4134	-1.1545	0.	0.	3.8724e-005
4136	-1.0991	0.	-5.4692e-002	3.9565e-005
4141	-0.97273	0.	0.	5.6033e-005
4143	-0.99648	0.	-6.0212e-002	5.0326e-005
4144	-1.0536	0.	-5.4692e-002	4.2761e-005
4148	-0.88182	0.	0.	7.3944e-005
4151	-0.95102	0.	-6.0212e-002	5.9944e-005
4152	-0.88277	0.	-5.9234e-002	7.2968e-005
4157	-0.79091	0.	0.	1.0118e-004
4160	-0.83732	0.	-5.9234e-002	8.1186e-005
4162	-0.7	0.	0.	1.5471e-004
4164	-0.72072	0.	-6.5397e-002	1.382e-004
4165	-0.79186	0.	-5.9234e-002	1.0033e-004
4169	-0.60909	0.	0.	2.7357e-004
4172	-0.67527	0.	-6.5397e-002	1.722e-004
4173	-0.61701	0.	-3.8445e-002	2.572e-004
4176	-0.51818	0.	0.	5.4786e-004
4179	-0.57156	0.	-3.8445e-002	3.4225e-004
4187	-0.42727	0.	0.	1.3956e-003
4190	-0.48044	0.	-6.8248e-002	6.0106e-004
4191	-0.4355	0.	-4.3903e-002	9.0368e-004
4192	-0.5261	0.	-3.8445e-002	5.3168e-004
4198	-0.33636	0.	0.	4.2329e-003
4201	-0.39005	0.	-4.3903e-002	1.5492e-003
4202	-0.35736	0.	-2.9179e-002	2.383e-003
4206	-0.26818	0.	0.	1.9974e-002
4209	-0.28681	0.	-3.6788e-002	6.1414e-003
4210	-0.31191	0.	-2.9179e-002	4.5678e-003
4725	2.2727e-002	0.	0.	6.981e-002
4734	-0.22273	0.	0.	7.0188e-002
4749	5.9995e-002	0.	-2.8536e-002	1.9848e-002
4750	3.5801e-002	0.	-2.3495e-002	2.8857e-002
4759	-0.23906	0.	-2.589e-002	2.6202e-002
4760	-0.26408	0.	-3.6788e-002	1.9662e-002
5808	6.1141e-002	0.	-0.32423	4.7398e-004
5809	9.3277e-002	0.	-0.41893	2.2433e-004
5810	3.7802e-002	0.	-0.41019	2.3272e-004
5811	0.13225	0.	-0.37551	2.5354e-004
5812	3.7379e-002	0.	-0.35579	3.2211e-004
5813	9.5767e-002	0.	-0.3282	3.9025e-004
5818	-3.1185e-002	0.	-0.19916	1.4981e-003
5819	-9.9887e-002	0.	-0.19531	1.7767e-003
5820	-8.5188e-002	0.	-0.22426	1.281e-003
5821	-7.9986e-002	0.	-0.17962	2.3644e-003
5822	-5.1281e-002	0.	-0.23262	1.2473e-003
5823	-5.6201e-002	0.	-0.17933	2.41e-003
5829	-0.14758	0.	-0.44954	1.5305e-004
5830	-0.21667	0.	-0.55139	8.4082e-005
5831	-0.21487	0.	-0.43525	1.7602e-004
5832	-0.1772	0.	-0.41265	2.2381e-004
5833	-0.23691	0.	-0.49532	1.1399e-004
5834	-0.16739	0.	-0.52361	9.6326e-005
5835	-0.13459	0.	-0.49046	1.0882e-004
5840	-0.22307	0.	-0.2305	1.0743e-003
5841	-0.18302	0.	-0.30348	5.544e-004
5842	-0.19159	0.	-0.23356	1.1848e-003
5843	-0.2143	0.	-0.28779	6.4741e-004
5844	-0.16894	0.	-0.27405	7.1309e-004
5848	-0.67407	0.	-0.59263	3.8115e-005
5849	-0.76703	0.	-0.46739	4.773e-005
5850	-0.63654	0.	-0.45279	8.1315e-005
5851	-0.60891	0.	-0.51182	6.1791e-005
5852	-0.75238	0.	-0.54729	3.8513e-005
5853	-0.69963	0.	-0.45017	6.2178e-005
5854	-0.60954	0.	-0.56593	4.8597e-005
5858	0.56174	0.	-0.40745	5.7226e-005
5859	0.61594	0.	-0.48463	4.1831e-005
5860	0.48261	0.	-0.53138	4.8549e-005
5861	0.49245	0.	-0.41303	7.4647e-005
5862	0.56087	0.	-0.53951	3.9227e-005
5863	0.47714	0.	-0.4711	6.0103e-005
5868	6.0906e-002	0.	-0.70679	3.4503e-005
5869	9.5572e-002	0.	-0.65742	4.7935e-005
5870	0.11734	0.	-0.75684	2.8169e-005
5871	0.14079	0.	-0.63949	5.0817e-005
5872	0.18912	0.	-0.67992	3.9638e-005
5873	0.19012	0.	-0.74697	3.0945e-005
5878	-0.43307	0.	-0.44912	1.4265e-004
5879	-0.48139	0.	-0.33291	2.4016e-004
5880	-0.52431	0.	-0.39471	1.4709e-004
5881	-0.49668	0.	-0.45374	1.2942e-004
5882	-0.4053	0.	-0.39858	2.1719e-004
5883	-0.43183	0.	-0.35507	2.7111e-004
5888	-0.23776	0.	-0.75074	2.4131e-005
5889	-0.27899	0.	-0.69028	3.5396e-005
5890	-0.25459	0.	-0.82454	1.68e-005
5891	-0.33516	0.	-0.83896	1.8326e-005
5892	-0.3405	0.	-0.69624	3.8162e-005
5893	-0.36487	0.	-0.78421	2.3397e-005
5898	-0.19591	0.	-0.119	7.8956e-003
5899	-0.16064	0.	-0.16857	2.6492e-003
5900	-0.21874	0.	-0.17238	2.4226e-003
5901	-0.17189	0.	-0.12637	6.0654e-003
5902	-0.21607	0.	-0.13284	4.0387e-003
5903	-0.18726	0.	-0.17544	2.4963e-003
5904	-0.1624	0.	-0.14542	3.5585e-003
5909	-1.9734e-002	0.	-9.0485e-002	1.5133e-002
5910	4.121e-003	0.	-0.12743	5.3556e-003
5911	-4.0588e-002	0.	-9.6299e-002	1.0764e-002
5912	-5.5218e-002	0.	-0.10614	7.0851e-003
5913	-3.6358e-002	0.	-0.13602	5.3198e-003
5914	-5.3112e-002	0.	-0.12199	5.5654e-003
5915	3.403e-003	0.	-0.10155	7.7173e-003
5920	0.71879	0.	-0.79052	1.1566e-005
5921	0.55214	0.	-0.75355	1.9809e-005
5922	0.57566	0.	-0.83517	1.4014e-005
5923	0.60866	0.	-0.69054	2.0858e-005
5924	0.66247	0.	-0.83903	1.2159e-005
5925	0.68547	0.	-0.71858	1.6066e-005
5929	-0.81867	0.	-0.34537	6.471e-005
5930	-0.71737	0.	-0.2732	1.0637e-004
5931	-0.74222	0.	-0.19988	1.2002e-004
5932	-0.75126	0.	-0.32815	7.8768e-005
5933	-0.81336	0.	-0.19372	8.0966e-005
5934	-0.85431	0.	-0.2592	6.7011e-005
5939	-0.27779	0.	-0.34142	3.5665e-004
5940	-0.35102	0.	-0.25016	6.4272e-004
5941	-0.28017	0.	-0.24586	9.5951e-004
5942	-0.33061	0.	-0.34731	3.6799e-004
5943	-0.35714	0.	-0.30379	4.1091e-004
5944	-0.2714	0.	-0.30314	4.8506e-004
5948	0.32866	0.	-0.342	1.6346e-004
5949	0.37913	0.	-0.38401	1.1157e-004
5950	0.24937	0.	-0.39526	1.5488e-004
5951	0.36383	0.	-0.44208	9.8189e-005
5952	0.3218	0.	-0.46669	1.0018e-004
5953	0.28613	0.	-0.36221	2.1354e-004
5954	0.26277	0.	-0.44444	1.0761e-004
5960	-0.96606	0.	-0.57167	2.3108e-005
5961	-0.89191	0.	-0.61205	2.2434e-005
5962	-0.8994	0.	-0.683	1.7333e-005
5963	-1.0334	0.	-0.60678	1.6865e-005
5964	-1.0323	0.	-0.6837	1.4056e-005
5965	-0.96353	0.	-0.6955	1.4912e-005
5970	2.4308e-002	0.	-0.23757	1.1681e-003
5971	6.4055e-002	0.	-0.24217	8.6157e-004
5972	2.0259e-002	0.	-0.30919	4.7508e-004
5973	4.2129e-003	0.	-0.27103	7.0514e-004
5974	7.8647e-002	0.	-0.2816	5.371e-004
5976	-0.2066	0.	-0.68129	3.7491e-005
5977	-9.1259e-002	0.	-0.72922	2.8624e-005
5978	-0.18221	0.	-0.81555	1.9485e-005
5979	-0.13921	0.	-0.69518	3.6565e-005
5980	-0.1298	0.	-0.78116	2.189e-005
5984	-4.4374e-002	0.	-0.64286	4.7799e-005
5985	-9.7078e-003	0.	-0.59349	5.7526e-005
5986	-9.2325e-002	0.	-0.60882	5.2433e-005
5987	-0.11044	0.	-0.56715	6.6339e-005
5988	-2.3304e-002	0.	-0.54748	7.5319e-005
5989	-7.7644e-002	0.	-0.534	8.4322e-005
5994	-0.57907	0.	-0.69531	2.688e-005
5995	-0.6915	0.	-0.76634	2.1142e-005
5996	-0.74126	0.	-0.62692	2.6984e-005
5997	-0.74876	0.	-0.69787	2.2033e-005
5998	-0.59843	0.	-0.64556	3.8453e-005
6002	0.63855	0.	-0.4237	4.8371e-005
6003	0.51506	0.	-0.35211	8.0589e-005
6004	0.6187	0.	-0.28422	6.3943e-005
6005	0.64056	0.	-0.35254	5.4077e-005
6006	0.55635	0.	-0.30007	8.6314e-005
6012	0.38659	0.	-0.65237	4.0212e-005
6013	0.3628	0.	-0.7846	2.6415e-005
6014	0.40833	0.	-0.72352	2.9456e-005
6015	0.3309	0.	-0.66198	4.1878e-005
6016	0.29319	0.	-0.68665	3.7615e-005
6017	0.29419	0.	-0.75371	2.8575e-005
6021	0.17045	0.	-8.2002e-002	2.3989e-003
6022	0.28276	0.	-0.11381	6.9514e-004
6023	0.23301	0.	-0.16308	7.682e-004
6024	0.18559	0.	-0.1562	9.8748e-004
6025	0.15668	0.	-0.11539	1.9344e-003
6030	0.10333	0.	-5.7321e-002	6.0208e-003
6031	0.11836	0.	-9.0959e-002	3.194e-003
6036	-0.14781	0.	-8.8306e-002	1.2626e-002
6037	-0.15574	0.	-6.8505e-002	2.0203e-002
6038	-0.14536	0.	-6.194e-002	2.2232e-002
6039	-0.12853	0.	-7.1724e-002	1.5655e-002
6040	-0.13073	0.	-8.2435e-002	1.2705e-002
6046	-0.10294	0.	-0.14013	4.1985e-003
6047	-0.13409	0.	-0.11362	6.6408e-003
6048	-9.8015e-002	0.	-0.10995	6.3868e-003
6049	-0.1246	0.	-0.13267	4.6737e-003
6050	-9.5909e-002	0.	-0.1258	4.8054e-003
6051	-0.117	0.	-0.10774	7.2553e-003
6055	0.78166	0.	-0.53801	2.4646e-005
6056	0.7582	0.	-0.45819	3.0452e-005
6057	0.63768	0.	-0.55577	2.9545e-005
6058	0.71449	0.	-0.58381	2.5376e-005
6059	0.69477	0.	-0.42972	3.8844e-005
6063	-9.8984e-002	0.	-0.36965	3.2135e-004
6064	-5.6159e-002	0.	-0.43333	1.7068e-004
6065	-0.13928	0.	-0.38025	2.4865e-004
6066	-5.6582e-002	0.	-0.37894	2.5048e-004
6067	-9.6671e-002	0.	-0.45805	1.4915e-004
6071	-0.46902	0.	-0.50602	8.8463e-005
6072	-0.38813	0.	-0.56708	7.9372e-005
6073	-0.34685	0.	-0.50504	1.0684e-004
6074	-0.37763	0.	-0.45086	1.8052e-004
6075	-0.46965	0.	-0.56013	7.7546e-005
6079	0.39529	0.	-0.31568	1.5089e-004
6080	0.35078	0.	-0.19743	2.6047e-004
6081	0.30104	0.	-0.2467	3.4516e-004
6082	0.30229	0.	-0.29388	2.464e-004
6083	0.43658	0.	-0.26364	1.554e-004
6087	-0.54498	0.	-0.33078	2.0923e-004
6088	-0.57417	0.	-0.27321	2.1822e-004
6089	-0.44637	0.	-0.2375	5.9008e-004
6090	-0.49511	0.	-0.20274	3.8809e-004
6091	-0.4525	0.	-0.29114	3.2625e-004
6092	-0.54388	0.	-0.22413	2.6052e-004
6097	5.2818e-002	0.	-0.45828	1.399e-004
6098	0.14727	0.	-0.42361	1.5672e-004
6099	0.12546	0.	-0.52456	9.4902e-005
6100	6.6647e-002	0.	-0.49648	1.0661e-004
6101	0.16067	0.	-0.47279	1.0967e-004
6105	0.81229	0.	-0.33297	3.4731e-005
6106	0.72699	0.	-0.23618	5.311e-005
6107	0.83793	0.	-0.18626	4.0934e-005
6108	0.74885	0.	-0.3045	4.2587e-005
6109	0.85637	0.	-0.29983	3.4423e-005
6110	0.75951	0.	-0.17707	5.1876e-005
6111	0.85626	0.	-0.24123	3.7251e-005
6116	-0.80738	0.	-0.84566	1.3427e-005
6117	-0.96563	0.	-0.8235	9.848e-006
6118	-0.86464	0.	-0.7772	1.4551e-005
6119	-0.92877	0.	-0.7897	1.1849e-005
6120	-0.86685	0.	-0.89234	1.116e-005
6121	-0.92793	0.	-0.87918	9.8751e-006
6125	-9.5858e-002	0.	-0.28493	6.7815e-004
6126	-0.1286	0.	-0.33277	3.6285e-004
6127	-4.5905e-002	0.	-0.33146	3.7858e-004
6128	-6.1951e-002	0.	-0.2933	6.2274e-004
6129	-0.11453	0.	-0.30335	5.5082e-004
6134	-0.92873	0.	-0.38167	4.0222e-005
6135	-0.98822	0.	-0.4212	3.1298e-005
6136	-1.0482	0.	-0.38496	2.9904e-005
6137	-1.0353	0.	-0.28346	3.7691e-005
6138	-0.96437	0.	-0.2955	4.2859e-005
6142	-0.17932	0.	-9.8026e-002	1.0161e-002
6143	-0.21801	0.	-7.1216e-002	1.6119e-002
6144	-0.2235	0.	-0.10449	8.7434e-003
6145	-0.18725	0.	-7.8226e-002	1.8559e-002
6146	-0.20137	0.	-7.5715e-002	2.1333e-002
6152	2.006e-002	0.	-0.16908	2.5775e-003
6153	4.4343e-002	0.	-0.20211	1.4011e-003
6154	-1.5499e-002	0.	-0.23097	1.2209e-003
6155	-2.042e-002	0.	-0.17767	2.4629e-003
6161	-0.50983	0.	-0.81018	2.1705e-005
6162	-0.60762	0.	-0.78938	2.1269e-005
6163	-0.43302	0.	-0.67555	4.0366e-005
6164	-0.51455	0.	-0.66861	3.8856e-005
6165	-0.45739	0.	-0.76353	2.5666e-005
6170	5.0341e-002	0.	-5.2031e-002	1.8494e-002
6171	8.9564e-002	0.	-9.0709e-002	5.5793e-003
6172	5.4311e-002	0.	-7.298e-002	8.2799e-003
6178	-0.35313	0.	-0.17049	1.5613e-003
6179	-0.28228	0.	-0.16619	1.7276e-003
6180	-0.27962	0.	-0.12664	3.6032e-003
6181	-0.35692	0.	-0.11138	1.6428e-003
6182	-0.29914	0.	-0.10427	4.2582e-003
6183	-0.32424	0.	-9.666e-002	2.4188e-003
6187	-0.30934	0.	-0.62679	4.8986e-005
6188	-0.26807	0.	-0.56476	8.1263e-005
6189	-0.18043	0.	-0.63472	4.4519e-005
6190	-0.19855	0.	-0.59306	5.8099e-005
6195	-0.13831	0.	-0.90471	7.5029e-006
6196	9.0729e-003	0.	-0.86843	1.0988e-005
6197	-1.6068e-002	0.	-0.92854	6.579e-006
6198	-8.5899e-002	0.	-0.87031	1.0891e-005
6202	-7.3232e-002	0.	-7.8009e-002	1.2624e-002
6203	-8.7862e-002	0.	-8.7847e-002	1.0211e-002
6204	-8.561e-002	0.	-6.7613e-002	1.6475e-002
6205	-0.10465	0.	-7.493e-002	1.338e-002
6206	-9.7857e-002	0.	-6.7207e-002	1.5131e-002
6207	-0.10685	0.	-8.5642e-002	1.0549e-002
6212	-0.90837	0.	-0.4613	3.7724e-005
6213	-0.83422	0.	-0.50168	3.7022e-005
6214	-0.78148	0.	-0.40455	6.1481e-005
6215	-0.88452	0.	-0.3356	4.8514e-005
6219	0.74654	0.	-0.85913	8.8385e-006
6220	0.76954	0.	-0.73868	1.3165e-005
6221	0.82615	0.	-0.87504	6.6979e-006
6222	0.85469	0.	-0.77059	8.5416e-006
6228	-0.61709	0.	-0.335	1.2105e-004
6229	-0.56027	0.	-0.4516	9.3407e-005
6230	-0.65099	0.	-0.38995	9.3434e-005
6234	0.28792	0.	-0.54668	6.9687e-005
6235	0.19369	0.	-0.5762	6.3373e-005
6236	0.27974	0.	-0.59196	5.7563e-005
6237	0.2289	0.	-0.52443	8.0313e-005
6238	0.24202	0.	-0.61663	5.3641e-005
6242	-0.20656	0.	-0.36596	2.7846e-004
6243	-0.26626	0.	-0.44862	1.8031e-004
6244	-0.29704	0.	-0.39443	2.44e-004
6245	-0.23784	0.	-0.35027	3.7506e-004
6249	1.7525e-002	0.	-0.66732	4.514e-005
6250	3.9291e-002	0.	-0.76675	2.479e-005
6251	-6.5092e-002	0.	-0.68265	3.6755e-005
6252	-5.5681e-002	0.	-0.76863	2.4445e-005
6256	-0.67114	0.	-0.20411	1.4148e-004
6257	-0.68018	0.	-0.33238	1.0374e-004
6258	-0.616	0.	-0.22835	1.7641e-004
6262	0.13632	0.	-0.8708	1.5162e-005
6263	0.11118	0.	-0.93091	1.1047e-005
6264	0.23971	0.	-0.93392	1.4006e-005
6265	0.2091	0.	-0.86094	1.8404e-005
6269	-3.304e-002	0.	-7.2582e-002	1.7758e-002
6270	6.9805e-003	0.	-5.6879e-002	2.4231e-002
6271	-2.8657e-002	0.	-6.2358e-002	2.4621e-002
6272	1.0951e-002	0.	-7.7829e-002	1.5804e-002
6278	0.44783	0.	-0.66554	3.5803e-005
6279	0.50435	0.	-0.60253	3.6568e-005
6280	0.42062	0.	-0.53411	5.7803e-005
6281	0.37859	0.	-0.55873	6.045e-005
6282	0.3704	0.	-0.604	4.7813e-005
6286	0.44838	0.	-0.11799	2.252e-004
6287	0.59654	0.	-0.16835	9.5804e-005
6288	0.62906	0.	-0.10925	9.4781e-005
6289	0.53418	0.	-0.18421	1.1673e-004
6294	-0.62226	0.	-0.88121	1.5522e-005
6295	-0.44233	0.	-0.9101	1.4857e-005
6296	-0.47204	0.	-0.85535	2.0049e-005
6300	0.42404	0.	-0.79776	2.1661e-005
6301	0.44755	0.	-0.87938	1.6079e-005
6302	0.34051	0.	-0.90093	1.6756e-005
6303	0.3099	0.	-0.82795	2.0991e-005
6308	0.84711	0.	-0.49532	2.2772e-005
6309	0.8034	0.	-0.62094	1.6987e-005
6310	0.88855	0.	-0.65285	1.302e-005
6318	-0.11811	0.	-0.21874	1.5124e-003
6319	-0.11291	0.	-0.17411	2.5087e-003
6320	-0.15942	0.	-0.19666	1.8225e-003
6321	-0.13457	0.	-0.16665	3.0832e-003
6325	-0.27961	0.	-0.90378	1.1784e-005
6326	-0.14663	0.	-0.85496	1.2402e-005
6331	9.7412e-002	0.	-0.60003	5.9299e-005
6332	3.8596e-002	0.	-0.57194	7.5179e-005
6334	5.9807e-002	0.	-0.17368	2.3433e-003
6335	-4.9562e-003	0.	-0.14924	3.1388e-003
6336	7.0057e-002	0.	-0.1325	3.1127e-003
6337	3.4805e-002	0.	-0.11477	6.2079e-003
6341	0.12325	0.	-0.20634	1.0389e-003
6342	9.8682e-002	0.	-0.24613	8.0704e-004
6343	9.4341e-002	0.	-0.16553	1.9653e-003
6348	-0.53327	0.	-0.56475	6.2341e-005
6352	-0.90652	0.	-0.11945	6.7424e-005
6353	-1.0319	0.	-0.1149	4.6687e-005
6354	-1.0184	0.	-0.17288	4.7769e-005
6355	-0.94747	0.	-0.18492	5.2611e-005
6360	0.76021	0.	-0.38703	3.6642e-005
6361	0.86774	0.	-0.38236	2.8145e-005
6367	-3.0797e-003	0.	-0.39514	2.5408e-004
6368	1.1171e-002	0.	-0.48773	1.2909e-004
6369	-4.3169e-002	0.	-0.47425	1.3201e-004
6373	-0.7773	0.	-0.79195	1.6011e-005
6374	-0.77951	0.	-0.9071	1.3024e-005
6378	-1.0546	0.	-0.86654	6.4533e-006
6379	-1.0684	0.	-0.77049	9.1905e-006
6380	-0.99968	0.	-0.78229	1.0121e-005
6381	-0.99884	0.	-0.87177	7.8974e-006
6385	0.49308	0.	-0.8183	1.9197e-005
6386	0.52609	0.	-0.67367	2.5695e-005
6390	-0.89372	0.	-0.5412	2.7465e-005
6391	-1.0352	0.	-0.53593	2.2355e-005
6392	-1.0279	0.	-0.46459	2.6701e-005
6396	-0.38989	0.	-0.86345	1.9051e-005
6400	-0.43942	0.	-0.17126	6.6047e-004
6401	-0.31984	0.	-0.20172	1.105e-003
6402	-0.39681	0.	-0.25965	6.1188e-004
6403	-0.39448	0.	-0.14691	9.5337e-004
6408	0.43046	0.	-0.41576	8.2891e-005
6409	0.48705	0.	-0.30566	1.0228e-004
6412	0.223	0.	-0.34714	2.4152e-004
6413	0.14976	0.	-0.33287	3.2969e-004
6414	0.19964	0.	-0.42937	1.4277e-004
6418	0.30699	0.	-0.17047	3.9719e-004
6419	0.44254	0.	-0.18741	2.1711e-004
6423	-0.32958	0.	-0.57072	8.3499e-005
6424	-0.45238	0.	-0.62581	5.1346e-005
6425	-0.39523	0.	-0.72073	3.907e-005
6429	-0.44322	0.	-0.11215	7.8884e-004
6430	-0.53382	0.	-0.10669	4.0071e-004
6431	-0.53693	0.	-0.15789	3.5305e-004
6435	0.60342	0.	-0.90378	1.152e-005
6440	-6.8524e-002	0.	-8.8233e-002	1.0879e-002
6441	-6.6272e-002	0.	-6.7999e-002	1.7267e-002
6442	-4.9511e-002	0.	-6.8171e-002	2.1021e-002
6448	0.65942	0.	-0.6387	2.2244e-005
6453	-0.24633	0.	-0.15787	3.2268e-003
6454	-0.21752	0.	-0.20047	1.4344e-003
6455	-0.24023	0.	-0.2547	9.572e-004
6460	-6.9502e-002	0.	-0.25606	7.9998e-004
6461	-0.14472	0.	-0.22561	1.1757e-003
6462	-0.12208	0.	-0.2661	8.0085e-004
6465	-0.20018	0.	-0.32767	4.0249e-004
6466	-0.15483	0.	-0.31394	5.0498e-004
6471	-0.76713	0.	-0.12463	1.1893e-004
6472	-0.63774	0.	-0.10384	2.4191e-004
6473	-0.64085	0.	-0.15504	1.8899e-004
6478	0.76984	0.	-0.92356	7.2546e-006
6483	0.67491	0.	-0.29024	5.5119e-005
6484	0.68557	0.	-0.16281	6.3789e-005
6485	0.5907	0.	-0.23776	8.7195e-005
6488	-0.31908	0.	-0.4545	1.8001e-004
6494	-6.9221e-002	0.	-0.15813	2.9102e-003
6495	-0.11467	0.	-0.15096	3.3998e-003
6496	-8.5974e-002	0.	-0.1441	3.8121e-003
6499	-1.9549e-002	0.	-0.30258	5.8769e-004
6503	-0.16323	0.	-8.56e-002	1.6806e-002
6504	-0.14582	0.	-0.12445	6.25e-003
6505	-0.13821	0.	-9.953e-002	8.407e-003
6511	-0.82706	0.	-0.65253	2.2399e-005
6518	-8.1048e-002	0.	-0.11392	6.3324e-003
6519	-0.10214	0.	-9.5865e-002	8.0605e-003
6523	0.79652	0.	-0.11289	5.1988e-005
6524	0.89327	0.	-0.17705	3.7428e-005
6528	0.82138	0.	-0.69865	1.321e-005
6533	7.0582e-002	0.	-0.8769	1.3155e-005
6534	7.513e-004	0.	-0.81868	1.5093e-005
6535	0.16851	0.	-0.80693	2.013e-005
6543	-0.87922	0.	-0.18395	6.5804e-005
6548	0.20982	0.	-0.21285	7.2877e-004
6549	0.2585	0.	-0.26692	3.8719e-004
6554	-0.3764	0.	-0.35681	3.025e-004
6558	-0.89869	0.	-0.73598	1.4668e-005
6562	-0.13116	0.	-0.60694	5.8733e-005
6565	-1.0952	0.	-0.49969	2.1091e-005
6566	-1.1014	0.	-0.64796	1.3526e-005
6573	-0.23817	0.	-8.5054e-002	1.3103e-002
6574	-0.25769	0.	-6.2679e-002	1.383e-002
6575	-0.21604	0.	-5.6279e-002	2.5053e-002
6583	-0.26319	0.	-9.5952e-002	5.447e-003
6590	-0.11648	0.	-0.53212	8.842e-005
6594	-0.18528	0.	-6.3289e-002	2.6732e-002
6595	-0.16077	0.	-5.9234e-002	2.6075e-002
6603	-1.0169	0.	-0.92222	6.2894e-006
6607	-1.0755	0.	-0.16736	4.0093e-005
6613	3.0117e-002	0.	-6.7939e-002	1.8624e-002
6619	0.37312	0.	-0.49844	7.1199e-005
6622	0.32291	0.	-0.56833	6.1955e-005
6623	0.27207	0.	-0.5008	8.3947e-005
6630	-0.3656	0.	-7.3083e-002	1.922e-003
6635	-0.16339	0.	-0.24403	1.1005e-003
6644	8.3816e-002	0.	-0.55401	7.5518e-005
6645	0.17784	0.	-0.53033	7.7957e-005
6646	0.19096	0.	-0.62253	5.1794e-005
6649	-6.2189e-002	0.	-0.14381	3.8651e-003
6654	-0.30781	0.	-6.5968e-002	4.4753e-003
6663	-2.934e-002	0.	-0.51245	9.4797e-005
6672	0.21108	0.	-0.26004	6.3693e-004
6673	0.13784	0.	-0.24577	7.0163e-004
6674	0.1335	0.	-0.16516	1.9283e-003
6679	0.18651	0.	-0.29983	3.7875e-004
6687	0.91171	0.	-0.29062	3.084e-005
6694	0.27701	0.	-0.63828	4.5298e-005
6699	-6.1889e-002	0.	-5.7775e-002	2.3446e-002
6700	-9.0896e-002	0.	-5.7196e-002	1.8633e-002
6717	6.9339e-002	0.	-0.10662	5.8607e-003
6727	-0.10994	0.	-6.4513e-002	1.6331e-002
6728	-0.11893	0.	-8.2948e-002	1.2065e-002
6731	-0.99108	0.	-0.23738	4.6221e-005
6735	0.24029	0.	-0.73001	3.2565e-005
6757	-1.0316	0.	-0.73669	1.1118e-005
6763	0.2719	0.	-0.87005	1.9206e-005
6773	-0.90006	0.	-0.94062	9.2777e-006
6790	-0.58259	0.	-0.12808	2.711e-004
1	0.	0.	3.75e-002	4.7979e-002
2	-1.8182e-002	0.	3.75e-002	4.4555e-002
3	-3.6364e-002	0.	3.75e-002	3.6269e-002
4	-5.4545e-002	0.	3.75e-002	3.552e-002
5	-7.2727e-002	0.	3.75e-002	2.5962e-002
6	-9.0909e-002	0.	3.75e-002	2.4507e-002
7	-0.10909	0.	3.75e-002	2.311e-002
8	-0.12727	0.	3.75e-002	2.6657e-002
9	-0.14545	0.	3.75e-002	3.3486e-002
10	-0.16364	0.	3.75e-002	4.5023e-002
11	-0.18182	0.	3.75e-002	4.5141e-002
12	-0.2	0.	3.75e-002	4.5549e-002
13	-0.2	0.	2.5e-002	7.7326e-002
23	0.	0.	2.5e-002	7.8374e-002
343	9.0909e-002	0.	0.	6.4253e-003
344	0.18182	0.	0.	2.1117e-003
345	0.27273	0.	0.	6.8574e-004
346	0.36364	0.	0.	3.5761e-004
347	0.45455	0.	0.	2.1254e-004
348	0.54545	0.	0.	1.2686e-004
349	0.63636	0.	0.	8.686e-005
350	0.72727	0.	0.	6.0439e-005
351	0.81818	0.	0.	4.5656e-005
352	0.90909	0.	0.	3.9638e-005
353	-1.1091	0.	0.	3.9203e-005
354	-1.0182	0.	0.	4.5314e-005
355	-0.92727	0.	0.	6.0587e-005
356	-0.83636	0.	0.	8.5369e-005
357	-0.74545	0.	0.	1.2703e-004
358	-0.65455	0.	0.	1.7718e-004
359	-0.56364	0.	0.	2.8597e-004
360	-0.47273	0.	0.	7.0273e-004
361	-0.38182	0.	0.	2.2661e-003
362	-0.29091	0.	0.	9.9215e-003
405	-1.2	0.	9.4318e-002	3.6305e-005
406	-1.2	0.	0.18864	3.4805e-005
407	-1.2	0.	0.28295	2.9959e-005
408	-1.2	0.	0.37727	2.4902e-005
409	-1.2	0.	0.47159	2.0724e-005
410	-1.2	0.	0.56591	1.6031e-005
411	-1.2	0.	0.66023	1.2508e-005
412	-1.2	0.	0.75455	8.4165e-006
413	-1.2	0.	0.84886	5.7464e-006
414	-1.2	0.	0.94318	2.8736e-006
420	-1.1043	0.	1.0375	2.8073e-006
421	-1.0087	0.	1.0375	5.5526e-006
422	-0.91304	0.	1.0375	7.6535e-006
423	-0.81739	0.	1.0375	1.0542e-005
424	-0.72174	0.	1.0375	1.2397e-005
425	-0.62609	0.	1.0375	1.41e-005
426	-0.53043	0.	1.0375	1.3776e-005
427	-0.43478	0.	1.0375	1.3181e-005
428	-0.33913	0.	1.0375	1.2019e-005
429	-0.24348	0.	1.0375	8.0452e-006
430	-0.14783	0.	1.0375	2.8441e-006
431	-5.2174e-002	0.	1.0375	3.4927e-006
432	4.3478e-002	0.	1.0375	7.8854e-006
433	0.13913	0.	1.0375	1.1348e-005
434	0.23478	0.	1.0375	1.3782e-005
435	0.33043	0.	1.0375	1.4087e-005
436	0.42609	0.	1.0375	1.3832e-005
437	0.52174	0.	1.0375	1.2639e-005
438	0.61739	0.	1.0375	1.0219e-005
439	0.71304	0.	1.0375	8.1587e-006
440	0.8087	0.	1.0375	5.532e-006
441	0.90435	0.	1.0375	2.7506e-006
447	1.	0.	0.94318	2.9921e-006
448	1.	0.	0.84886	5.9904e-006
449	1.	0.	0.75455	8.3368e-006
450	1.	0.	0.66023	1.2371e-005
451	1.	0.	0.56591	1.6414e-005
452	1.	0.	0.47159	2.1487e-005
453	1.	0.	0.37727	2.6203e-005
454	1.	0.	0.28295	3.1246e-005
455	1.	0.	0.18864	3.5697e-005
456	1.	0.	9.4318e-002	3.752e-005
457	0.	0.	0.	0.11135
458	-0.2	0.	0.	0.11177
464	1.	0.	0.	3.7748e-005
466	-1.2	0.	0.	3.7189e-005
469	-1.2	0.	1.0375	1.5012e-006
470	1.	0.	1.0375	1.601e-006
471	4.5455e-002	0.	0.	3.2565e-002
472	-0.24545	0.	0.	3.9211e-002
473	0.18555	0.	0.69833	3.7851e-005
474	-0.36581	0.	0.7051	3.2256e-005
475	-0.27826	0.	0.37083	2.6844e-004
476	7.4363e-002	0.	0.38148	2.3425e-004
477	-0.18635	0.	0.19524	1.6943e-003
478	3.913e-002	0.	0.20417	1.5665e-003
479	0.57826	0.	0.58788	3.407e-005
480	-0.13824	0.	0.52901	8.8185e-005
481	0.32108	0.	0.4605	1.0336e-004
482	-0.53321	0.	0.47097	9.638e-005
483	-0.13388	0.	0.12083	5.7096e-003
484	0.65277	0.	0.29394	5.678e-005
485	-0.85277	0.	0.29394	5.9745e-005
486	-9.5652e-002	0.	0.7875	1.7374e-005
487	-0.20278	0.	0.13229	5.099e-003
488	-0.10266	0.	0.27093	5.687e-004
489	6.8058e-003	0.	9.3221e-002	1.0083e-002
490	-0.5741	0.	0.3378	1.4593e-004
491	0.37036	0.	0.31957	1.811e-004
492	0.13515	0.	0.23851	7.6233e-004
493	-0.35693	0.	0.14769	1.333e-003
494	-0.30548	0.	8.332e-002	3.6183e-003
495	0.43768	0.	0.62664	3.6456e-005
496	-0.50548	0.	0.68401	3.875e-005
497	-6.4482e-002	0.	0.14758	3.7944e-003
498	0.68727	0.	0.88273	1.0216e-005
499	-0.86812	0.	0.88763	1.0202e-005
500	-0.11448	0.	0.44041	1.7267e-004
501	-0.62077	0.	0.73948	2.4383e-005
502	8.6891e-002	0.	0.48534	1.3039e-004
503	-0.32916	0.	0.60707	5.7189e-005
504	0.87061	0.	0.49951	1.9427e-005
505	-0.93757	0.	0.55644	2.3434e-005
506	0.40193	0.	0.76359	2.1219e-005
507	7.8915e-002	0.	0.67059	4.2157e-005
508	-7.2878e-002	0.	0.10466	7.2675e-003
509	0.75164	0.	0.684	1.6951e-005
510	0.46074	0.	0.1417	1.7664e-004
511	-0.62798	0.	0.13229	2.1053e-004
512	0.30372	0.	0.20121	3.9054e-004
513	-0.49898	0.	0.12405	5.2101e-004
514	-0.42782	0.	0.21808	5.3634e-004
515	-0.33041	0.	0.21676	8.0949e-004
516	8.7984e-002	0.	0.1599	2.1768e-003
517	0.23988	0.	0.37647	1.9435e-004
518	-0.13501	0.	8.5202e-002	1.1176e-002
519	-0.28236	0.	0.9002	1.292e-005
520	8.7424e-002	0.	0.88573	1.3916e-005
521	-0.22424	0.	0.69215	3.7328e-005
522	-0.18762	0.	0.31528	3.8779e-004
523	-0.44855	0.	0.80381	2.2218e-005
524	0.45963	0.	0.47075	6.6925e-005
525	-0.66951	0.	0.43627	6.4978e-005
526	-1.0299	0.	0.25199	3.9738e-005
527	0.83495	0.	0.26071	4.0033e-005
528	-8.4603e-002	0.	7.7853e-002	1.225e-002
529	-1.7845e-002	0.	0.32509	4.7449e-004
530	-0.39684	0.	0.41608	1.6971e-004
531	-1.0341	0.	0.82109	7.2721e-006
532	-3.224e-002	0.	0.50651	9.7236e-005
533	-5.1515e-002	0.	7.4537e-002	1.6081e-002
534	-0.90596	0.	0.73749	1.4308e-005
535	0.26508	0.	0.8053	2.3143e-005
536	0.85098	0.	0.8828	6.1079e-006
537	-1.0924	0.	0.46986	2.142e-005
538	0.25458	0.	0.58261	6.2295e-005
539	0.2128	0.	0.20529	6.8705e-004
540	-0.10361	0.	0.3586	3.41e-004
541	-0.19665	0.	7.5518e-002	1.7579e-002
542	-0.63548	0.	0.87745	1.7427e-005
543	-0.22225	0.	0.46131	1.5583e-004
544	0.62319	0.	0.73775	1.727e-005
545	-0.12409	0.	0.16905	2.8439e-003
546	-1.0615	0.	0.68617	1.1785e-005
547	-0.89002	0.	0.14697	6.7758e-005
548	0.69002	0.	0.14697	7.056e-005
549	0.61551	0.	0.44091	4.4986e-005
550	-0.61715	0.	0.58327	4.5808e-005
551	0.51134	0.	0.32762	8.9749e-005
552	-0.71156	0.	0.30676	9.3227e-005
553	-1.3373e-002	0.	0.4125	2.0108e-004
554	-0.35304	0.	0.29445	4.4635e-004
555	0.44632	0.	0.91331	1.4496e-005
556	0.75609	0.	0.40215	3.3258e-005
557	-0.26828	0.	0.1635	2.1445e-003
558	0.71884	0.	0.54912	2.4397e-005
559	-2.6744e-002	0.	0.18731	1.7922e-003
560	5.8696e-002	0.	0.2875	5.1087e-004
561	-0.4617	0.	0.30701	2.5004e-004
562	0.20191	0.	0.4906	1.3504e-004
563	-0.76123	0.	0.79713	1.6834e-005
564	-2.164e-002	0.	0.24593	8.3269e-004
565	-0.14975	0.	0.93138	6.5737e-006
566	-0.41731	0.	0.53535	7.6553e-005
567	-7.9609e-002	0.	0.2074	1.5726e-003
568	-0.76655	0.	0.53077	4.0667e-005
569	-0.95609	0.	0.37857	3.4364e-005
570	-0.25314	0.	0.25918	6.6609e-004
571	-0.23478	0.	0.56528	7.7419e-005
572	7.8986e-002	0.	0.75972	2.6945e-005
573	-0.11042	0.	7.4066e-002	1.3941e-002
574	9.2928e-002	0.	7.4927e-002	5.4282e-003
575	3.9515e-002	0.	7.1707e-002	1.191e-002
576	0.85595	0.	0.10148	4.4371e-005
577	-1.0561	0.	0.10159	4.4795e-005
578	0.32216	0.	0.67768	3.6226e-005
579	-1.9735e-002	0.	0.70096	3.3412e-005
580	-0.20373	0.	0.8132	1.8554e-005
581	-3.2799e-002	0.	0.1044	7.7886e-003
582	-2.2497e-002	0.	6.9907e-002	2.2154e-002
583	-0.51353	0.	0.9293	1.5208e-005
584	-0.10827	0.	9.7685e-002	8.2915e-003
585	-7.7699e-002	0.	0.59634	5.3342e-005
586	0.89755	0.	0.38526	2.6142e-005
587	-2.3004e-002	0.	0.90625	8.8133e-006
588	-0.74693	0.	0.20914	1.119e-004
589	0.55534	0.	0.22686	1.0474e-004
590	0.14979	0.	0.41501	1.9892e-004
591	0.88176	0.	0.74682	9.8082e-006
592	0.23894	0.	0.10535	1.0192e-003
593	0.32259	0.	0.94287	1.6287e-005
594	0.15296	0.	0.13018	1.7409e-003
595	0.35232	0.	9.8845e-002	3.5893e-004
596	0.5504	0.	0.11343	1.2107e-004
597	-0.75022	0.	8.14e-002	1.2644e-004
598	0.1366	0.	0.58807	7.3979e-005
599	0.53743	0.	0.83129	1.729e-005
600	-0.5505	0.	0.81428	2.2248e-005
601	-1.0911	0.	0.58724	1.5475e-005
602	-1.0811	0.	0.35207	2.9464e-005
603	-0.18568	0.	0.3874	2.693e-004
604	0.50656	0.	0.71424	2.5826e-005
605	-1.086	0.	0.93277	4.4478e-006
606	0.14592	0.	0.34115	3.1037e-004
607	5.1246e-003	0.	5.8237e-002	2.6627e-002
608	-0.53648	0.	0.23063	2.6432e-004
609	-0.41001	0.	6.1806e-002	1.3187e-003
610	-0.10072	0.	0.12796	4.785e-003
611	-0.16326	0.	0.14348	3.9225e-003
612	-5.1397e-003	0.	0.1425	3.7399e-003
613	0.87065	0.	0.61856	1.5579e-005
614	4.5569e-002	0.	0.12235	4.2781e-003
615	-0.12596	0.	5.5102e-002	2.2057e-002
616	-0.17738	0.	0.25494	9.0064e-004
617	-0.24126	0.	0.10138	5.686e-003
618	-0.42594	0.	0.62088	5.4161e-005
619	-0.15924	0.	6.0007e-002	2.5024e-002
620	-0.3985	0.	0.91334	1.6189e-005
621	-9.5205e-002	0.	5.394e-002	1.9914e-002
622	0.75369	0.	0.78727	1.242e-005
623	-0.23257	0.	4.9537e-002	2.0289e-002
624	0.19998	0.	0.91483	1.4474e-005
625	-0.85846	0.	0.42738	4.5912e-005
626	-0.35865	0.	0.81445	2.2243e-005
627	0.59493	0.	0.96256	1.1152e-005
628	-0.74076	0.	0.94699	1.2609e-005
629	-0.16562	0.	0.1027	8.4043e-003
630	-0.31821	0.	0.51634	1.175e-004
631	0.78457	0.	0.96584	6.3656e-006
632	-6.2121e-002	0.	5.6019e-002	2.4284e-002
633	-0.81632	0.	0.65464	2.527e-005
634	0.19794	0.	0.28981	3.5908e-004
635	-0.97516	0.	0.92548	7.3269e-006
636	0.3667	0.	0.56069	5.8177e-005
637	6.4633e-004	0.	0.80727	1.7883e-005
638	0.16253	0.	0.80433	1.9092e-005
639	-0.16344	0.	0.61042	5.56e-005
640	-0.62944	0.	0.24499	1.5173e-004
641	0.41413	0.	0.23968	1.8048e-004
642	2.8789e-002	0.	0.5913	6.6855e-005
643	2.5105e-002	0.	3.9588e-002	3.2236e-002
644	5.8782e-002	0.	3.7244e-002	1.3884e-002
1999	-9.0909e-003	0.	3.75e-002	4.4465e-002
2000	0.	0.	3.125e-002	6.0924e-002
2002	2.5623e-003	0.	4.7869e-002	3.6973e-002
2003	1.2553e-002	0.	3.8544e-002	3.9443e-002
2007	-2.7273e-002	0.	3.75e-002	3.9812e-002
2010	-2.0339e-002	0.	5.3704e-002	3.3217e-002
2011	-6.5286e-003	0.	4.7869e-002	3.5135e-002
2014	-4.5455e-002	0.	3.75e-002	3.5671e-002
2017	-4.3939e-002	0.	5.6019e-002	2.6021e-002
2018	-2.943e-002	0.	5.3704e-002	2.9121e-002
2019	-4.9242e-002	0.	4.6759e-002	2.9637e-002
2022	-6.3636e-002	0.	3.75e-002	3.0153e-002
2025	-5.8333e-002	0.	4.6759e-002	2.9747e-002
2027	-8.1818e-002	0.	3.75e-002	2.5042e-002
2030	-8.3966e-002	0.	4.572e-002	2.244e-002
2031	-6.7424e-002	0.	4.6759e-002	2.5007e-002
2033	-0.1	0.	3.75e-002	2.2947e-002
2036	-9.3057e-002	0.	4.572e-002	2.2122e-002
2038	-0.11818	0.	3.75e-002	2.4675e-002
2041	-0.11752	0.	4.6301e-002	2.2389e-002
2042	-0.10215	0.	4.572e-002	2.1156e-002
2045	-0.13636	0.	3.75e-002	2.9517e-002
2048	-0.12661	0.	4.6301e-002	2.4356e-002
2050	-0.15455	0.	3.75e-002	3.879e-002
2053	-0.13571	0.	4.6301e-002	2.7275e-002
2054	-0.15235	0.	4.8754e-002	2.9119e-002
2055	-0.17273	0.	3.75e-002	4.4841e-002
2058	-0.16144	0.	4.8754e-002	3.4891e-002
2060	-0.19091	0.	3.75e-002	4.3621e-002
2063	-0.18924	0.	5.6509e-002	3.1248e-002
2064	-0.17053	0.	4.8754e-002	3.4554e-002
2066	-0.2	0.	3.125e-002	5.8315e-002
2068	-0.19833	0.	5.6509e-002	3.1129e-002
2069	-0.21628	0.	4.3519e-002	3.2423e-002
2075	-0.2	0.	1.25e-002	9.3248e-002
2076	-0.22273	0.	1.25e-002	5.7692e-002
2077	-0.21628	0.	3.7269e-002	4.8464e-002
2131	0.	0.	1.25e-002	9.3021e-002
2132	2.2727e-002	0.	1.25e-002	5.4827e-002
2133	1.2553e-002	0.	3.2294e-002	5.5102e-002
4051	0.13636	0.	0.	4.2654e-003
4052	6.8182e-002	0.	0.	1.9482e-002
4053	9.1919e-002	0.	3.7463e-002	5.6869e-003
4054	7.4846e-002	0.	1.8622e-002	9.9941e-003
4063	0.22727	0.	0.	1.3971e-003
4064	0.13737	0.	3.7463e-002	3.6655e-003
4065	0.21038	0.	5.2675e-002	1.5539e-003
4066	0.16739	0.	6.5091e-002	1.8442e-003
4073	0.31818	0.	0.	5.2161e-004
4074	0.25583	0.	5.2675e-002	8.3904e-004
4075	0.31253	0.	4.9423e-002	5.1937e-004
4082	0.40909	0.	0.	2.8449e-004
4083	0.35798	0.	4.9423e-002	3.5532e-004
4092	0.5	0.	0.	1.6943e-004
4093	0.45764	0.	7.0849e-002	1.9304e-004
4094	0.40343	0.	4.9423e-002	2.8429e-004
4095	0.50247	0.	5.6716e-002	1.6678e-004
4101	0.59091	0.	0.	1.067e-004
4102	0.54792	0.	5.6716e-002	1.2363e-004
4106	0.68182	0.	0.	7.3591e-005
4107	0.66319	0.	7.3485e-002	7.847e-005
4108	0.59338	0.	5.6716e-002	1.0389e-004
4112	0.77273	0.	0.	5.3038e-005
4113	0.70865	0.	7.3485e-002	6.5236e-005
4114	0.79161	0.	5.0738e-002	5.2397e-005
4119	0.86364	0.	0.	4.2645e-005
4120	0.83706	0.	5.0738e-002	4.4998e-005
4126	0.95455	0.	4.7159e-002	3.8578e-005
4127	0.95455	0.	0.	3.8692e-005
4128	0.88252	0.	5.0738e-002	4.1987e-005
4132	-1.0636	0.	0.	4.2256e-005
4133	-1.1545	0.	4.7159e-002	3.7753e-005
4134	-1.1545	0.	0.	3.8194e-005
4135	-1.0826	0.	5.0794e-002	4.1971e-005
4141	-0.97273	0.	0.	5.2936e-005
4142	-1.0371	0.	5.0794e-002	4.5021e-005
4148	-0.88182	0.	0.	7.2948e-005
4149	-0.90865	0.	7.3485e-002	6.397e-005
4150	-0.99166	0.	5.0794e-002	5.2684e-005
4157	-0.79091	0.	0.	1.0612e-004
4158	-0.86319	0.	7.3485e-002	7.6262e-005
4159	-0.79329	0.	4.07e-002	1.0567e-004
4162	-0.7	0.	0.	1.5194e-004
4163	-0.74784	0.	4.07e-002	1.2633e-004
4169	-0.60909	0.	0.	2.3124e-004
4170	-0.64126	0.	6.6143e-002	1.9189e-004
4171	-0.70238	0.	4.07e-002	1.5163e-004
4176	-0.51818	0.	0.	4.9418e-004
4177	-0.59581	0.	6.6143e-002	2.4624e-004
4178	-0.53131	0.	6.2027e-002	3.9423e-004
4187	-0.42727	0.	0.	1.4844e-003
4188	-0.48586	0.	6.2027e-002	5.9995e-004
4189	-0.44137	0.	3.0903e-002	1.0053e-003
4198	-0.33636	0.	0.	6.0904e-003
4199	-0.34365	0.	4.166e-002	2.8682e-003
4200	-0.39592	0.	3.0903e-002	1.7816e-003
4206	-0.26818	0.	0.	2.4561e-002
4207	-0.2982	0.	4.166e-002	6.6766e-003
4208	-0.26174	0.	2.4769e-002	1.459e-002
4440	-1.2	0.	0.14148	3.5548e-005
4441	-1.2	0.	4.7159e-002	3.6742e-005
4442	-1.128	0.	9.7953e-002	4.0531e-005
4446	-1.2	0.	0.2358	3.238e-005
4447	-1.115	0.	0.22031	3.7179e-005
4448	-1.128	0.	0.14511	3.9793e-005
4452	-1.2	0.	0.33011	2.743e-005
4453	-1.115	0.	0.26747	3.4785e-005
4454	-1.1406	0.	0.31751	2.9649e-005
4458	-1.2	0.	0.42443	2.2812e-005
4459	-1.1462	0.	0.42357	2.3103e-005
4460	-1.1406	0.	0.36467	2.7117e-005
4462	-1.2	0.	0.51875	1.8366e-005
4463	-1.1462	0.	0.47072	2.1029e-005
4466	-1.2	0.	0.61307	1.4268e-005
4467	-1.1462	0.	0.51788	1.8717e-005
4468	-1.1456	0.	0.57657	1.5725e-005
4472	-1.2	0.	0.70739	1.0456e-005
4473	-1.1307	0.	0.6732	1.206e-005
4474	-1.1456	0.	0.62373	1.3972e-005
4476	-1.2	0.	0.8017	7.0641e-006
4477	-1.117	0.	0.78782	7.7214e-006
4478	-1.1307	0.	0.72036	1.0059e-005
4482	-1.2	0.	0.89602	4.2976e-006
4483	-1.117	0.	0.83497	6.4718e-006
4484	-1.143	0.	0.89081	4.9802e-006
4489	-1.1522	0.	0.99034	2.6848e-006
4490	-1.2	0.	0.99034	2.1643e-006
4491	-1.143	0.	0.93797	3.6185e-006
4521	-1.0565	0.	1.0375	4.1647e-006
4522	-1.1522	0.	1.0375	2.1129e-006
4523	-1.0952	0.	0.98513	3.5701e-006
4528	-0.96087	0.	1.0375	6.5992e-006
4529	-1.0473	0.	0.98513	4.8185e-006
4530	-0.99193	0.	0.98149	6.3853e-006
4534	-0.86522	0.	1.0375	9.096e-006
4535	-0.89058	0.	0.96256	8.9063e-006
4536	-0.9441	0.	0.98149	7.3886e-006
4541	-0.76957	0.	1.0375	1.1466e-005
4542	-0.84275	0.	0.96256	1.0331e-005
4543	-0.77908	0.	0.99225	1.1571e-005
4545	-0.67391	0.	1.0375	1.3247e-005
4546	-0.73125	0.	0.99225	1.2489e-005
4551	-0.57826	0.	1.0375	1.3933e-005
4552	-0.63078	0.	0.95747	1.575e-005
4553	-0.56981	0.	0.9834	1.4645e-005
4554	-0.68342	0.	0.99225	1.3333e-005
4557	-0.48261	0.	1.0375	1.3472e-005
4558	-0.52198	0.	0.9834	1.4491e-005
4561	-0.38696	0.	1.0375	1.2588e-005
4562	-0.47416	0.	0.9834	1.419e-005
4563	-0.41664	0.	0.97542	1.4665e-005
4567	-0.2913	0.	1.0375	9.9629e-006
4568	-0.31074	0.	0.96885	1.24e-005
4569	-0.36881	0.	0.97542	1.4103e-005
4572	-0.19565	0.	1.0375	5.1746e-006
4573	-0.26292	0.	0.96885	1.0482e-005
4574	-0.19661	0.	0.98444	6.9655e-006
4578	-0.1	0.	1.0375	2.7127e-006
4579	-0.14879	0.	0.98444	4.7026e-006
4583	-4.3478e-003	0.	1.0375	5.4052e-006
4584	-0.10096	0.	0.98444	4.2647e-006
4585	-3.7589e-002	0.	0.97188	6.1023e-006
4588	9.1304e-002	0.	1.0375	9.5932e-006
4589	6.5451e-002	0.	0.96162	1.0848e-005
4590	1.0237e-002	0.	0.97188	8.0939e-006
4594	0.18696	0.	1.0375	1.254e-005
4595	0.11328	0.	0.96162	1.2458e-005
4596	0.16955	0.	0.97617	1.291e-005
4600	0.28261	0.	1.0375	1.3932e-005
4601	0.27869	0.	0.99019	1.5028e-005
4602	0.21738	0.	0.97617	1.4107e-005
4604	0.37826	0.	1.0375	1.3958e-005
4605	0.32651	0.	0.99019	1.5186e-005
4609	0.47391	0.	1.0375	1.3229e-005
4610	0.4362	0.	0.9754	1.4146e-005
4611	0.37434	0.	0.99019	1.5058e-005
4615	0.56957	0.	1.0375	1.1427e-005
4616	0.48403	0.	0.9754	1.3564e-005
4617	0.55833	0.	1.	1.1889e-005
4622	0.66522	0.	1.0375	9.18e-006
4623	0.60616	0.	1.	1.0674e-005
4625	0.76087	0.	1.0375	6.845e-006
4626	0.70015	0.	0.96012	9.1285e-006
4627	0.65399	0.	1.	9.6551e-006
4628	0.7488	0.	1.0017	7.2275e-006
4632	0.85652	0.	1.0375	4.1111e-006
4633	0.79663	0.	1.0017	5.9195e-006
4638	0.95217	0.	0.99034	2.7435e-006
4639	0.95217	0.	1.0375	2.1416e-006
4640	0.87766	0.	0.96015	4.377e-006
4641	0.84446	0.	1.0017	4.5563e-006
4669	1.	0.	0.89602	4.4596e-006
4670	1.	0.	0.99034	2.2819e-006
4671	0.92549	0.	0.91299	4.5142e-006
4675	1.	0.	0.8017	7.1471e-006
4676	0.92549	0.	0.86583	5.8469e-006
4677	0.94088	0.	0.79784	7.883e-006
4681	1.	0.	0.70739	1.0353e-005
4682	0.94088	0.	0.75068	8.9906e-006
4684	1.	0.	0.61307	1.439e-005
4685	0.94088	0.	0.70352	1.098e-005
4686	0.93533	0.	0.63939	1.3892e-005
4692	1.	0.	0.51875	1.8947e-005
4693	0.9353	0.	0.53271	1.7896e-005
4694	0.93533	0.	0.59223	1.5904e-005
4697	1.	0.	0.42443	2.3839e-005
4698	0.9353	0.	0.48555	2.0413e-005
4699	0.94878	0.	0.42843	2.3808e-005
4704	1.	0.	0.33011	2.8722e-005
4705	0.94878	0.	0.38127	2.6146e-005
4707	1.	0.	0.2358	3.3468e-005
4708	0.91748	0.	0.27183	3.5582e-005
4709	0.94878	0.	0.33411	2.867e-005
4714	1.	0.	0.14148	3.6599e-005
4715	0.91748	0.	0.22468	3.7769e-005
4716	0.92797	0.	0.14506	4.0031e-005
4720	1.	0.	4.7159e-002	3.7632e-005
4721	0.92797	0.	9.7897e-002	4.0931e-005
4725	2.2727e-002	0.	0.	7.1877e-002
4734	-0.22273	0.	0.	7.5415e-002
4747	3.528e-002	0.	1.9794e-002	3.1303e-002
4748	5.2118e-002	0.	1.8622e-002	2.2975e-002
4758	-0.23901	0.	2.4769e-002	2.8602e-002
4770	0.13223	0.	0.68446	3.9415e-005
4771	0.22531	0.	0.75181	3.0417e-005
4772	0.22007	0.	0.64047	4.982e-005
4773	0.13227	0.	0.72903	3.1983e-005
4774	0.25386	0.	0.688	3.6608e-005
4775	0.16108	0.	0.6432	5.5777e-005
4776	0.17404	0.	0.75133	2.8441e-005
4780	-0.43565	0.	0.69456	3.5058e-005
4781	-0.34749	0.	0.65609	4.4657e-005
4782	-0.29502	0.	0.69862	3.3765e-005
4783	-0.40718	0.	0.75445	2.7138e-005
4784	-0.39588	0.	0.66299	4.2864e-005
4785	-0.36223	0.	0.75978	2.7152e-005
4790	-0.23294	0.	0.34306	3.1832e-004
4791	-0.33755	0.	0.39346	2.121e-004
4792	-0.25026	0.	0.41607	2.0991e-004
4793	-0.31565	0.	0.33264	3.4221e-004
4794	-0.2657	0.	0.315	4.6574e-004
4795	-0.23197	0.	0.37911	2.5954e-004
4796	-0.29823	0.	0.44359	1.924e-004
4799	8.0627e-002	0.	0.43341	1.8228e-004
4800	2.8259e-002	0.	0.35329	3.4815e-004
4801	3.0495e-002	0.	0.39699	2.1101e-004
4802	6.6529e-002	0.	0.33449	3.711e-004
4803	0.11208	0.	0.39824	2.1119e-004
4804	0.11014	0.	0.36131	2.6249e-004
4808	-0.19457	0.	0.16377	3.364e-003
4809	-0.15522	0.	0.18214	2.1088e-003
4810	-0.22732	0.	0.17937	1.8085e-003
4811	-0.21974	0.	0.22721	1.1771e-003
4812	-0.17481	0.	0.16936	2.7945e-003
4813	-0.18187	0.	0.22509	1.2526e-003
4818	8.7141e-002	0.	0.22134	1.1499e-003
4819	6.3557e-002	0.	0.18203	1.8167e-003
4820	6.1934e-003	0.	0.19574	1.6101e-003
4821	4.8913e-002	0.	0.24583	1.0333e-003
4822	8.745e-003	0.	0.22505	1.1203e-003
4823	1.6995e-002	0.	0.17333	2.6411e-003
4824	4.235e-002	0.	0.16326	2.8926e-003
4828	0.50797	0.	0.60726	3.4793e-005
4829	0.66495	0.	0.63594	2.5401e-005
4830	0.51895	0.	0.52931	5.0452e-005
4831	0.60072	0.	0.66282	2.5593e-005
4832	0.59689	0.	0.51439	3.9317e-005
4833	0.64855	0.	0.5685	2.8936e-005
4834	0.54241	0.	0.65106	2.9754e-005
4839	-0.12636	0.	0.48471	1.3007e-004
4840	-8.5239e-002	0.	0.51776	8.8491e-005
4841	-0.18025	0.	0.49516	1.1627e-004
4842	-0.18651	0.	0.54715	7.9577e-005
4843	-0.10797	0.	0.56268	6.9623e-005
4844	-0.15084	0.	0.56972	7.1769e-005
4847	0.34572	0.	0.39004	1.4025e-004
4848	0.28048	0.	0.41849	1.4863e-004
4849	0.39036	0.	0.46563	8.4277e-005
4850	0.28783	0.	0.52156	8.1788e-005
4851	0.2615	0.	0.47555	1.1796e-004
4852	0.34389	0.	0.5106	8.0722e-005
4857	-0.55365	0.	0.40438	1.1924e-004
4858	-0.60136	0.	0.45362	7.9119e-005
4859	-0.46503	0.	0.44352	1.3214e-004
4860	-0.57518	0.	0.52712	7.1088e-005
4861	-0.49745	0.	0.38899	1.7294e-004
4862	-0.47526	0.	0.50316	8.4697e-005
4863	-0.47958	0.	0.54592	7.4191e-005
4868	-0.13444	0.	0.10302	8.4193e-003
4869	-0.12899	0.	0.14494	4.2574e-003
4870	-0.12107	0.	0.10926	6.8875e-003
4871	-0.1173	0.	0.1244	5.0945e-003
4872	-0.14857	0.	0.13216	4.7364e-003
4873	-0.14975	0.	0.11177	6.8334e-003
4875	0.74386	0.	0.27733	4.8017e-005
4876	0.67139	0.	0.22045	6.3189e-005
4877	0.63414	0.	0.36742	5.0534e-005
4878	0.58205	0.	0.31078	7.2865e-005
4879	0.70443	0.	0.34804	4.5e-005
4880	0.60405	0.	0.2604	8.0737e-005
4885	-0.94135	0.	0.27297	4.9426e-005
4886	-0.87139	0.	0.22045	6.3337e-005
4887	-0.78216	0.	0.30035	7.6045e-005
4888	-0.90443	0.	0.33625	4.7054e-005
4889	-0.79985	0.	0.25154	8.5816e-005
4890	-0.85561	0.	0.36066	5.259e-005
4894	-0.15994	0.	0.73982	2.5315e-005
4895	-0.1227	0.	0.85944	1.155e-005
4896	-5.7694e-002	0.	0.74423	2.4832e-005
4897	-0.14969	0.	0.80035	1.6689e-005
4898	-5.9328e-002	0.	0.84688	1.232e-005
4899	-4.7503e-002	0.	0.79738	1.6625e-005
4900	-0.12955	0.	0.69896	3.6077e-005
4905	-0.19972	0.	0.10391	1.1315e-002
4906	-0.23553	0.	0.14789	3.571e-003
4907	-0.18302	0.	0.13789	4.3515e-003
4908	-0.22202	0.	0.11684	5.2035e-003
4909	-0.1842	0.	0.1175	6.6271e-003
4913	-0.14514	0.	0.29311	4.5367e-004
4914	-6.025e-002	0.	0.29801	4.9264e-004
4915	-0.10313	0.	0.31477	4.5482e-004
4916	-6.2148e-002	0.	0.25843	6.5637e-004
4917	-9.1132e-002	0.	0.23916	1.0699e-003
4918	-0.14002	0.	0.26294	7.0341e-004
4921	2.316e-002	0.	8.2464e-002	1.0693e-002
4922	-1.2997e-002	0.	9.8809e-002	8.7307e-003
4923	-7.8455e-003	0.	8.1564e-002	1.5966e-002
4924	5.9652e-003	0.	7.5729e-002	1.8274e-002
4925	8.3302e-004	0.	0.11786	6.8615e-003
4926	2.6187e-002	0.	0.10778	7.1291e-003
4929	-0.6218	0.	0.38704	1.0538e-004
4930	-0.64283	0.	0.32228	1.1876e-004
4931	-0.5179	0.	0.32241	1.9666e-004
4932	-0.55529	0.	0.28422	2.0437e-004
4933	-0.60177	0.	0.29139	1.4698e-004
4938	0.33704	0.	0.26039	2.8387e-004
4939	0.30512	0.	0.34802	1.8365e-004
4940	0.41499	0.	0.39516	1.2393e-004
4941	0.44085	0.	0.3236	1.3452e-004
4942	0.28415	0.	0.30469	2.6802e-004
4943	0.39224	0.	0.27962	1.7823e-004
4949	0.11157	0.	0.19921	1.4661e-003
4950	0.17398	0.	0.2219	7.1028e-004
4951	9.6924e-002	0.	0.26301	6.1166e-004
4952	0.14406	0.	0.18435	1.2192e-003
4953	0.14054	0.	0.28983	5.3375e-004
4954	0.16654	0.	0.26416	5.6003e-004
4959	-0.33121	0.	0.11551	2.463e-003
4960	-0.42796	0.	0.13587	9.1965e-004
4961	-0.39238	0.	0.18288	9.3269e-004
4962	-0.34367	0.	0.18222	1.0557e-003
4963	-0.31261	0.	0.15559	1.6895e-003
4964	-0.38347	0.	0.10475	1.2905e-003
4970	-0.28688	0.	0.12341	2.7117e-003
4971	-0.35775	0.	7.2563e-002	2.4551e-003
4972	-0.27337	0.	9.2351e-002	4.4881e-003
4973	-0.26902	0.	6.6429e-002	1.1928e-002
4978	0.41981	0.	0.69512	2.8765e-005
4979	0.44866	0.	0.5487	5.132e-005
4980	0.37992	0.	0.65216	3.6018e-005
4981	0.47212	0.	0.67044	3.1102e-005
4982	0.40219	0.	0.59367	4.7313e-005
4987	-0.56313	0.	0.71174	3.1394e-005
4988	-0.47702	0.	0.74391	3.0407e-005
4989	-0.56132	0.	0.63364	4.1789e-005
4990	-0.52799	0.	0.74915	3.0497e-005
4991	-0.46571	0.	0.65245	4.6414e-005
4995	-6.868e-002	0.	0.12612	5.5288e-003
4996	-9.4288e-002	0.	0.15832	3.0016e-003
4997	-4.5613e-002	0.	0.16745	2.7468e-003
4998	-7.2045e-002	0.	0.17749	2.6273e-003
4999	-4.8641e-002	0.	0.12599	5.5655e-003
5000	-8.2601e-002	0.	0.13777	4.0979e-003
5001	-3.4811e-002	0.	0.14504	3.4981e-003
5007	0.76912	0.	0.88277	8.039e-006
5008	0.65523	0.	0.81024	1.3717e-005
5009	0.61235	0.	0.85701	1.3738e-005
5010	0.72048	0.	0.835	1.1155e-005
5011	0.6411	0.	0.92265	1.0615e-005
5012	0.73592	0.	0.92429	8.2897e-006
5016	-0.88704	0.	0.81256	1.204e-005
5017	-0.81467	0.	0.84238	1.3504e-005
5018	-0.80444	0.	0.91731	1.1384e-005
5019	-0.92164	0.	0.90655	8.726e-006
5023	-7.336e-002	0.	0.47346	1.3181e-004
5024	-0.10904	0.	0.3995	2.5676e-004
5025	-0.16837	0.	0.45086	1.5149e-004
5026	-6.3926e-002	0.	0.42645	1.7749e-004
5027	-0.15008	0.	0.4139	2.1277e-004
5032	-0.62813	0.	0.80846	2.0866e-005
5033	-0.61896	0.	0.66137	3.5044e-005
5034	-0.691	0.	0.76831	2.0568e-005
5035	-0.58564	0.	0.77688	2.3208e-005
5036	-0.71855	0.	0.69706	2.4354e-005
5040	2.7326e-002	0.	0.49593	1.0642e-004
5041	3.6759e-002	0.	0.44892	1.5992e-004
5042	0.1444	0.	0.48797	1.2952e-004
5043	0.11834	0.	0.45018	1.6147e-004
5044	0.11175	0.	0.53671	1.0216e-004
5045	5.784e-002	0.	0.53832	9.6677e-005
5049	-0.2767	0.	0.64961	4.6403e-005
5050	-0.37324	0.	0.57121	6.6131e-005
5051	-0.28197	0.	0.58618	6.5716e-005
5052	-0.37755	0.	0.61398	5.479e-005
5053	-0.32368	0.	0.56171	8.7246e-005
5056	0.81335	0.	0.45083	2.6273e-005
5057	0.79472	0.	0.52431	2.1555e-005
5058	0.88408	0.	0.44238	2.2764e-005
5059	0.87063	0.	0.55903	1.7475e-005
5063	-0.92176	0.	0.64697	1.8662e-005
5064	-1.015	0.	0.51315	2.202e-005
5065	-0.99951	0.	0.62131	1.7541e-005
5066	-0.85206	0.	0.54361	3.1706e-005
5067	-0.94683	0.	0.46751	2.8801e-005
5068	-1.0143	0.	0.57184	1.9214e-005
5069	-0.89802	0.	0.49191	3.467e-005
5070	-0.87695	0.	0.60554	2.4015e-005
5075	0.3335	0.	0.78445	2.1968e-005
5076	0.42412	0.	0.83845	1.7844e-005
5077	0.36205	0.	0.72064	2.8667e-005
5078	0.36226	0.	0.85323	1.8673e-005
5079	0.46968	0.	0.79744	1.9224e-005
5080	0.45425	0.	0.73892	2.3347e-005
5085	7.895e-002	0.	0.71515	3.454e-005
5086	2.959e-002	0.	0.68578	3.6567e-005
5087	0.10776	0.	0.62933	5.7807e-005
5088	5.3852e-002	0.	0.63094	5.4001e-005
5090	-7.8741e-002	0.	9.1258e-002	9.7384e-003
5091	-6.2197e-002	0.	8.96e-002	1.1471e-002
5092	-5.2838e-002	0.	0.10453	7.1322e-003
5093	-9.0573e-002	0.	0.10117	7.3451e-003
5094	-8.6799e-002	0.	0.11631	5.808e-003
5097	0.68742	0.	0.71087	1.6871e-005
5098	0.73524	0.	0.61656	2.0635e-005
5099	0.8167	0.	0.71541	1.3246e-005
5100	0.81115	0.	0.65128	1.6005e-005
5101	0.75266	0.	0.73564	1.4658e-005
5104	0.50804	0.	0.18428	1.4057e-004
5105	0.40653	0.	0.12027	2.677e-004
5106	0.50557	0.	0.12756	1.4801e-004
5107	0.43744	0.	0.19069	1.7721e-004
5113	-0.56348	0.	0.12817	3.6406e-004
5114	-0.68746	0.	0.17071	1.6114e-004
5115	-0.6891	0.	0.10684	1.6769e-004
5116	-0.58223	0.	0.18146	2.3359e-004
5117	-0.62871	0.	0.18864	1.7972e-004
5121	0.25826	0.	0.20325	5.3589e-004
5122	0.27133	0.	0.15328	7.0133e-004
5123	0.32802	0.	0.15003	3.6854e-004
5124	0.25083	0.	0.24551	3.6265e-004
5125	0.35893	0.	0.22044	2.8529e-004
5129	-0.4634	0.	0.17107	5.1805e-004
5130	-0.51773	0.	0.17734	3.9132e-004
5131	-0.4545	0.	9.293e-002	9.167e-004
5137	-0.37911	0.	0.21742	6.6901e-004
5138	-0.39043	0.	0.25627	4.7862e-004
5139	-0.44476	0.	0.26254	3.9184e-004
5140	-0.48215	0.	0.22436	3.9784e-004
5143	-0.34172	0.	0.25561	6.2382e-004
5144	-0.29934	0.	0.19013	1.4737e-003
5145	-0.29177	0.	0.23797	6.9613e-004
5149	9.0456e-002	0.	0.11741	3.7387e-003
5150	0.12047	0.	0.14504	1.931e-003
5151	6.6776e-002	0.	0.14112	3.2169e-003
5155	0.22089	0.	0.43353	1.6347e-004
5156	0.19483	0.	0.39574	1.9481e-004
5157	0.1929	0.	0.35881	2.512e-004
5158	0.21891	0.	0.33314	2.7585e-004
5160	-0.12272	0.	7.9634e-002	1.2221e-002
5161	-0.12164	0.	9.1444e-002	9.4215e-003
5162	-0.13048	0.	7.0152e-002	1.6565e-002
5163	-0.14712	0.	7.2605e-002	1.7843e-002
5164	-0.15031	0.	9.3952e-002	9.6353e-003
5168	-0.21605	0.	0.91579	9.2944e-006
5169	-0.24304	0.	0.8567	1.5284e-005
5170	-0.34043	0.	0.90677	1.4487e-005
5171	-0.32051	0.	0.85733	1.7564e-005
5176	8.3205e-002	0.	0.82273	2.0418e-005
5177	3.221e-002	0.	0.89599	1.1243e-005
5178	0.1437	0.	0.90028	1.3975e-005
5179	4.4035e-002	0.	0.8465	1.5657e-005
5180	0.12498	0.	0.84503	1.6438e-005
5183	-0.22951	0.	0.62871	5.728e-005
5184	-0.21398	0.	0.75267	2.792e-005
5185	-0.29145	0.	0.7533	2.9398e-005
5186	-0.19384	0.	0.65128	4.5158e-005
5191	-0.14561	0.	0.33694	3.4619e-004
5192	-0.22038	0.	0.28723	5.0078e-004
5193	-0.18665	0.	0.35134	3.2851e-004
5194	-0.1825	0.	0.28511	6.4395e-004
5196	-0.48104	0.	0.86655	1.8692e-005
5197	-0.49953	0.	0.80904	2.2155e-005
5198	-0.42352	0.	0.85857	1.9195e-005
5199	-0.4036	0.	0.80913	2.1918e-005
5203	0.53757	0.	0.45583	5.5404e-005
5204	0.48548	0.	0.39919	7.7429e-005
5205	0.41316	0.	0.51572	6.2063e-005
5209	-0.64333	0.	0.50977	5.443e-005
5210	-0.69054	0.	0.37151	7.8719e-005
5211	-0.71803	0.	0.48352	5.2803e-005
5212	-0.76398	0.	0.43183	5.5097e-005
5216	-0.95998	0.	0.19948	5.3746e-005
5217	-0.99301	0.	0.31528	3.6808e-005
5218	-1.043	0.	0.17679	4.2183e-005
5219	-1.0555	0.	0.30203	3.46e-005
5225	0.76249	0.	0.20384	5.5286e-005
5226	0.79552	0.	0.33143	3.6467e-005
5227	0.84545	0.	0.18109	4.2096e-005
5228	0.86625	0.	0.32299	3.3081e-005
5233	-6.8059e-002	0.	7.6195e-002	1.3676e-002
5234	-9.7513e-002	0.	7.5959e-002	1.2536e-002
5235	-9.6435e-002	0.	8.7769e-002	9.9094e-003
5236	-8.9904e-002	0.	6.5896e-002	1.5946e-002
5237	-7.3362e-002	0.	6.6936e-002	1.8025e-002
5243	-6.0726e-002	0.	0.34185	3.8423e-004
5244	-1.5609e-002	0.	0.3688	3.3738e-004
5245	2.0425e-002	0.	0.3063	4.7207e-004
5246	-1.9743e-002	0.	0.28551	6.5311e-004
5250	-0.37494	0.	0.35527	3.078e-004
5251	-0.42927	0.	0.36155	2.0647e-004
5252	-0.40708	0.	0.47571	1.2274e-004
5253	-0.35752	0.	0.46621	1.4107e-004
5257	-0.97001	0.	0.77929	1.067e-005
5258	-1.0478	0.	0.75363	9.4894e-006
5259	-1.06	0.	0.87693	5.8276e-006
5260	-1.0046	0.	0.87328	7.0738e-006
5262	-2.2806e-002	0.	0.45951	1.4854e-004
5263	-5.4969e-002	0.	0.55143	7.4794e-005
5264	-1.7255e-003	0.	0.54891	8.1072e-005
5268	-4.2157e-002	0.	8.9467e-002	1.1851e-002
5269	-3.7006e-002	0.	7.2222e-002	1.8764e-002
5270	-5.6818e-002	0.	6.5278e-002	2.0098e-002
5275	-0.9837	0.	0.71183	1.2656e-005
5276	-0.83359	0.	0.76731	1.5403e-005
5277	-0.86114	0.	0.69606	1.9787e-005
5278	-0.94056	0.	0.83148	1.0771e-005
5283	0.29362	0.	0.74149	2.9598e-005
5284	0.29383	0.	0.87409	1.9695e-005
5285	0.23253	0.	0.86007	1.8797e-005
5286	0.2138	0.	0.80482	2.0961e-005
5290	0.86637	0.	0.81481	7.8177e-006
5291	0.80233	0.	0.83504	9.2624e-006
5292	0.81777	0.	0.92432	6.1186e-006
5296	-1.0243	0.	0.42421	2.7736e-005
5297	-1.0918	0.	0.52855	1.8439e-005
5298	-1.0868	0.	0.41096	2.5439e-005
5303	0.22825	0.	0.53661	9.8652e-005
5304	0.28837	0.	0.63015	4.9205e-005
5305	0.19559	0.	0.58534	6.7073e-005
5306	0.31064	0.	0.57165	5.9241e-005
5310	0.22587	0.	0.15532	8.3458e-004
5311	0.18288	0.	0.16773	1.2128e-003
5312	0.20537	0.	0.24755	5.1782e-004
5316	-5.849e-002	0.	0.38555	2.5999e-004
5317	-0.14464	0.	0.373	2.9143e-004
5321	-0.21896	0.	8.845e-002	1.148e-002
5322	-0.17795	0.	6.7763e-002	2.0524e-002
5323	-0.21461	0.	6.2527e-002	1.7659e-002
5324	-0.18114	0.	8.911e-002	1.2566e-002
5330	-0.69836	0.	0.83729	1.7002e-005
5331	-0.57451	0.	0.90337	1.6278e-005
5332	-0.59299	0.	0.84586	1.9826e-005
5333	-0.68812	0.	0.91222	1.5014e-005
5337	-0.22852	0.	0.5133	1.1643e-004
5338	-0.20397	0.	0.42435	2.1119e-004
5339	-0.27023	0.	0.48883	1.3359e-004
5344	0.58031	0.	0.78452	1.7192e-005
5345	0.56488	0.	0.72599	2.1536e-005
5346	0.68844	0.	0.76251	1.476e-005
5351	-0.10185	0.	0.18822	2.159e-003
5352	-0.11241	0.	0.14851	3.7777e-003
5353	-0.14368	0.	0.15627	3.252e-003
5354	-0.15074	0.	0.21199	1.8633e-003
5358	-1.0763	0.	0.63671	1.3599e-005
5364	-0.97304	0.	0.12428	5.6168e-005
5365	-0.81848	0.	0.17806	8.9363e-005
5366	-0.82012	0.	0.11418	9.7069e-005
5371	0.77298	0.	0.12422	5.7297e-005
5372	0.62268	0.	0.18692	8.7236e-005
5373	0.62021	0.	0.1302	9.5738e-005
5379	0.56342	0.	0.38427	6.7364e-005
5380	0.6858	0.	0.42153	3.8704e-005
5381	0.66718	0.	0.49501	3.4665e-005
5385	-0.69185	0.	0.55702	4.2671e-005
5386	-0.52155	0.	0.60208	4.9096e-005
5387	-0.71674	0.	0.61895	3.5176e-005
5393	0.53334	0.	0.27724	9.64e-005
5394	0.46273	0.	0.28365	1.3499e-004
5399	-0.72925	0.	0.25795	1.0185e-004
5400	-0.78501	0.	0.36707	6.9563e-005
5401	-0.6705	0.	0.27587	1.2235e-004
5407	-0.40737	0.	0.30073	3.4502e-004
5408	-0.30309	0.	0.27682	5.4336e-004
5412	0.38445	0.	0.92809	1.5361e-005
5413	0.49187	0.	0.8723	1.5823e-005
5414	0.52062	0.	0.93793	1.2821e-005
5417	0.73747	0.	0.47563	2.8664e-005
5418	0.82682	0.	0.39371	2.9501e-005
5423	-0.26071	0.	0.21134	1.3698e-003
5424	-0.25477	0.	0.13244	3.9042e-003
5428	0.79475	0.	0.58384	1.9837e-005
5434	-2.4192e-002	0.	0.21662	1.3065e-003
5435	-5.3176e-002	0.	0.19735	1.5361e-003
5436	-1.5942e-002	0.	0.16491	2.725e-003
5442	1.8528e-002	0.	0.26671	6.4945e-004
5443	0.10231	0.	0.31432	4.0449e-004
5448	-0.49909	0.	0.26882	2.5166e-004
5453	0.17585	0.	0.4528	1.6683e-004
5454	0.16926	0.	0.53933	1.0269e-004
5458	-0.751	0.	0.87206	1.4641e-005
5459	-0.78877	0.	0.72589	2.0868e-005
5463	-5.0625e-002	0.	0.22666	1.145e-003
5466	-0.17674	0.	0.87229	1.2532e-005
5467	-8.6375e-002	0.	0.91882	6.0868e-006
5471	-0.42163	0.	0.57811	6.5277e-005
5472	-0.36776	0.	0.52584	9.6502e-005
5477	-0.1285	0.	0.23117	1.1728e-003
5482	-0.81251	0.	0.47908	4.2869e-005
5483	-0.79144	0.	0.59271	3.2964e-005
5487	-1.0186	0.	0.36532	3.1719e-005
5488	-0.90728	0.	0.40297	3.9957e-005
5492	-0.21526	0.	0.25706	7.3545e-004
5497	-0.27649	0.	0.54081	9.4192e-005
5498	-0.19911	0.	0.58785	6.4946e-005
5501	2.9625e-002	0.	0.73034	2.9143e-005
5502	3.9816e-002	0.	0.78349	2.2177e-005
5503	0.12076	0.	0.78203	2.287e-005
5507	-0.10934	0.	8.5876e-002	1.1114e-002
5508	-0.11819	0.	6.4584e-002	1.7799e-002
5509	-0.10281	0.	6.4003e-002	1.6718e-002
5513	6.6222e-002	0.	7.3317e-002	8.5477e-003
5514	0.12295	0.	0.10255	3.5815e-003
5515	6.9248e-002	0.	9.8636e-002	4.6593e-003
5516	7.5855e-002	0.	5.6086e-002	9.6174e-003
5523	2.232e-002	0.	6.4972e-002	1.9107e-002
5524	4.2542e-002	0.	9.7026e-002	8.0585e-003
5525	3.231e-002	0.	5.5647e-002	2.1785e-002
5526	4.9149e-002	0.	5.4476e-002	1.2399e-002
5543	0.34443	0.	0.61918	4.6798e-005
5547	-4.8717e-002	0.	0.64865	4.2865e-005
5548	-9.5443e-003	0.	0.75412	2.5484e-005
5549	-9.1587e-002	0.	0.65569	4.1247e-005
5550	4.5269e-003	0.	0.64613	4.9811e-005
5555	-0.28119	0.	0.81383	1.9979e-005
5560	-2.7648e-002	0.	8.7153e-002	1.494e-002
5561	-1.8969e-002	0.	0.12345	5.7476e-003
5566	-8.6861e-003	0.	6.4072e-002	2.3618e-002
5573	-0.53202	0.	0.87179	1.8716e-005
5574	-0.45601	0.	0.92132	1.5652e-005
5580	-0.10449	0.	0.11282	6.5268e-003
5585	-0.12057	0.	0.60338	5.2882e-005
5586	-2.4455e-002	0.	0.59382	5.7842e-005
5592	-1.1179e-002	0.	0.85676	1.3342e-005
5597	-0.74858	0.	0.14527	1.1815e-004
5598	-0.68819	0.	0.22706	1.3118e-004
5603	0.55287	0.	0.17015	1.1185e-004
5604	0.48473	0.	0.23327	1.421e-004
5608	0.14786	0.	0.37808	2.5417e-004
5611	0.8762	0.	0.68269	1.2687e-005
5612	0.81772	0.	0.76705	1.0885e-005
5618	0.19595	0.	0.11777	1.362e-003
5619	0.29563	0.	0.1021	6.8725e-004
5624	0.26128	0.	0.92885	1.5333e-005
5632	0.38323	0.	0.16926	2.6737e-004
5643	8.2695e-002	0.	0.58969	6.8513e-005
5647	0.522	0.	0.77276	2.1512e-005
5648	0.56618	0.	0.89693	1.4184e-005
5663	-1.0306	0.	0.92912	5.8324e-006
5667	0.17193	0.	0.31548	3.3049e-004
5671	1.5115e-002	0.	4.8913e-002	2.8026e-002
5675	-0.58296	0.	0.23781	2.0754e-004
5686	-0.16444	0.	0.12309	6.1496e-003
5691	2.0214e-002	0.	0.13242	3.8684e-003
5702	-0.1426	0.	5.7555e-002	2.2745e-002
5703	-0.11058	0.	5.4521e-002	1.9967e-002
5712	-0.23691	0.	7.546e-002	1.2841e-002
5719	-0.16243	0.	8.1355e-002	1.6711e-002
5726	-0.37858	0.	0.8639	1.9036e-005
5730	-7.8663e-002	0.	5.4979e-002	2.1081e-002
5742	0.18126	0.	0.85958	1.671e-005
5799	4.1944e-002	0.	3.8416e-002	2.296e-002
