Node Number	X Location (m)	Y Location (m)	Z Location (m)	Total Magnetic Flux Density (T)
11162	0.	0.	1.e-002	6.1382e-002
11163	0.	0.	0.	9.3898e-002
11166	-8.e-002	0.	1.e-002	6.6911e-002
11167	-8.e-002	0.	0.	9.2331e-002
11168	-8.e-002	0.	-1.e-002	6.02e-002
11169	0.	0.	-1.e-002	6.7272e-002
11444	-4.e-002	0.	1.e-002	0.23125
11445	-2.e-002	0.	1.e-002	0.17983
11446	-6.e-002	0.	1.e-002	0.16106
11447	-4.e-002	0.	-1.e-002	0.22997
11448	-6.e-002	0.	-1.e-002	0.17334
11449	-2.e-002	0.	-1.e-002	0.16668
12689	0.	0.	5.e-003	7.152e-002
12692	-1.e-002	0.	1.e-002	0.11368
12697	0.	0.	-5.e-003	7.1949e-002
12699	-1.e-002	0.	5.e-003	0.13639
12700	-1.e-002	0.	-5.e-003	0.12948
12715	-8.e-002	0.	5.e-003	7.3009e-002
12719	-7.e-002	0.	1.e-002	0.10884
12722	-8.e-002	0.	-5.e-003	7.0324e-002
12726	-7.e-002	0.	5.e-003	0.126
12727	-7.e-002	0.	-5.e-003	0.13245
12734	-7.e-002	0.	-1.e-002	0.1101
12738	-1.e-002	0.	-1.e-002	0.10983
14332	-3.e-002	0.	1.e-002	0.20546
14333	-5.e-002	0.	1.e-002	0.19576
14334	-4.e-002	0.	0.	0.23061
14335	-5.e-002	0.	0.	0.20222
14342	-3.e-002	0.	0.	0.20479
14343	-2.e-002	0.	0.	0.17267
14349	-6.e-002	0.	0.	0.16662
14353	-5.e-002	0.	-1.e-002	0.20159
14354	-3.e-002	0.	-1.e-002	0.19798
11162	0.	0.	1.e-002	4.2163e-002
11166	-8.e-002	0.	1.e-002	3.778e-002
11168	-8.e-002	0.	-1.e-002	3.7946e-002
11169	0.	0.	-1.e-002	4.6014e-002
11175	-8.e-002	0.	1.5e-002	2.6879e-002
11177	0.	0.	1.5e-002	3.3269e-002
11178	0.	0.	-1.5e-002	3.2731e-002
11179	-8.e-002	0.	-1.5e-002	2.6903e-002
11444	-4.e-002	0.	1.e-002	2.3127e-003
11445	-2.e-002	0.	1.e-002	2.1011e-002
11446	-6.e-002	0.	1.e-002	2.3642e-002
11447	-4.e-002	0.	-1.e-002	6.2921e-003
11448	-6.e-002	0.	-1.e-002	2.366e-002
11449	-2.e-002	0.	-1.e-002	2.4631e-002
11450	-4.e-002	0.	1.5e-002	6.9831e-003
11451	-6.e-002	0.	1.5e-002	1.3853e-002
11452	-2.e-002	0.	1.5e-002	2.3401e-002
11453	-4.e-002	0.	-1.5e-002	5.5961e-003
11454	-2.e-002	0.	-1.5e-002	2.0346e-002
11455	-6.e-002	0.	-1.5e-002	1.2604e-002
12691	0.	0.	1.25e-002	3.6454e-002
12692	-1.e-002	0.	1.e-002	3.134e-002
12693	-1.e-002	0.	1.25e-002	3.2515e-002
12717	-8.e-002	0.	1.25e-002	3.102e-002
12719	-7.e-002	0.	1.e-002	3.0368e-002
12732	-8.e-002	0.	-1.25e-002	3.1027e-002
12734	-7.e-002	0.	-1.e-002	3.0498e-002
12737	0.	0.	-1.25e-002	3.7268e-002
12738	-1.e-002	0.	-1.e-002	3.4812e-002
12739	-1.e-002	0.	-1.25e-002	3.2571e-002
12780	-7.e-002	0.	1.25e-002	2.4811e-002
12781	-7.e-002	0.	1.5e-002	1.9708e-002
12798	-1.e-002	0.	1.5e-002	2.7614e-002
12806	-1.e-002	0.	-1.5e-002	2.5276e-002
12813	-7.e-002	0.	-1.25e-002	2.4847e-002
12814	-7.e-002	0.	-1.5e-002	1.9221e-002
14332	-3.e-002	0.	1.e-002	1.1523e-002
14333	-5.e-002	0.	1.e-002	1.0791e-002
14336	-4.e-002	0.	1.25e-002	4.2818e-003
14337	-5.e-002	0.	1.25e-002	5.7888e-003
14344	-3.e-002	0.	1.25e-002	1.3768e-002
14345	-2.e-002	0.	1.25e-002	2.1988e-002
14350	-6.e-002	0.	1.25e-002	1.8209e-002
14353	-5.e-002	0.	-1.e-002	1.4435e-002
14354	-3.e-002	0.	-1.e-002	1.1003e-002
14355	-4.e-002	0.	-1.25e-002	4.1783e-003
14356	-5.e-002	0.	-1.25e-002	9.3993e-003
14361	-6.e-002	0.	-1.25e-002	1.7684e-002
14364	-3.e-002	0.	-1.25e-002	1.4314e-002
14365	-2.e-002	0.	-1.25e-002	2.2039e-002
14368	-5.e-002	0.	1.5e-002	6.0632e-003
14369	-3.e-002	0.	1.5e-002	1.4565e-002
14383	-3.e-002	0.	-1.5e-002	1.2091e-002
14384	-5.e-002	0.	-1.5e-002	6.4652e-003
11163	0.	0.	0.	4.3514e-002
11167	-8.e-002	0.	0.	3.9983e-002
11168	-8.e-002	0.	-1.e-002	2.4038e-002
11169	0.	0.	-1.e-002	3.1536e-002
11178	0.	0.	-1.5e-002	1.0964e-002
11179	-8.e-002	0.	-1.5e-002	1.2671e-002
11254	1.	0.	-1.015	2.8554e-008
11255	1.	0.	0.	9.2876e-007
11256	1.	0.	-0.93042	5.1043e-008
11257	1.	0.	-0.84583	1.1443e-007
11258	1.	0.	-0.76125	1.832e-007
11259	1.	0.	-0.67667	2.7421e-007
11260	1.	0.	-0.59208	3.4361e-007
11261	1.	0.	-0.5075	4.2813e-007
11262	1.	0.	-0.42292	5.4645e-007
11263	1.	0.	-0.33833	6.3855e-007
11264	1.	0.	-0.25375	7.5085e-007
11265	1.	0.	-0.16917	8.4746e-007
11266	1.	0.	-8.4583e-002	9.1138e-007
11277	-1.08	0.	-1.015	3.4669e-008
11278	-0.98957	0.	-1.015	6.1666e-008
11279	-0.89913	0.	-1.015	1.2047e-007
11280	-0.8087	0.	-1.015	1.7674e-007
11281	-0.71826	0.	-1.015	2.347e-007
11282	-0.62783	0.	-1.015	2.674e-007
11283	-0.53739	0.	-1.015	2.9546e-007
11284	-0.44696	0.	-1.015	3.0613e-007
11285	-0.35652	0.	-1.015	2.9294e-007
11286	-0.26609	0.	-1.015	2.6946e-007
11287	-0.17565	0.	-1.015	1.5186e-007
11288	-8.5217e-002	0.	-1.015	8.9278e-008
11289	5.2174e-003	0.	-1.015	7.6128e-008
11290	9.5652e-002	0.	-1.015	1.6074e-007
11291	0.18609	0.	-1.015	2.3431e-007
11292	0.27652	0.	-1.015	2.8138e-007
11293	0.36696	0.	-1.015	3.0285e-007
11294	0.45739	0.	-1.015	2.9735e-007
11295	0.54783	0.	-1.015	2.6461e-007
11296	0.63826	0.	-1.015	2.2025e-007
11297	0.7287	0.	-1.015	1.7478e-007
11298	0.81913	0.	-1.015	1.2059e-007
11299	0.90957	0.	-1.015	6.1116e-008
11305	-1.08	0.	0.	9.0088e-007
11306	-1.08	0.	-8.4583e-002	8.9878e-007
11307	-1.08	0.	-0.16917	8.4766e-007
11308	-1.08	0.	-0.25375	7.4534e-007
11309	-1.08	0.	-0.33833	6.6819e-007
11310	-1.08	0.	-0.42292	5.656e-007
11311	-1.08	0.	-0.5075	4.2171e-007
11312	-1.08	0.	-0.59208	3.2493e-007
11313	-1.08	0.	-0.67667	2.558e-007
11314	-1.08	0.	-0.76125	1.668e-007
11315	-1.08	0.	-0.84583	1.2711e-007
11316	-1.08	0.	-0.93042	5.2235e-008
11322	0.90909	0.	0.	9.8201e-007
11323	0.81818	0.	0.	1.1632e-006
11324	0.72727	0.	0.	1.513e-006
11325	0.63636	0.	0.	2.243e-006
11326	0.54545	0.	0.	3.7092e-006
11327	0.45455	0.	0.	5.5327e-006
11328	0.36364	0.	0.	1.1711e-005
11329	0.27273	0.	0.	2.8458e-005
11330	0.18182	0.	0.	8.6565e-005
11331	9.0909e-002	0.	0.	4.9691e-004
11332	-0.17091	0.	0.	4.3559e-004
11333	-0.26182	0.	0.	5.9811e-005
11334	-0.35273	0.	0.	1.6409e-005
11335	-0.44364	0.	0.	9.1675e-006
11336	-0.53455	0.	0.	6.1111e-006
11337	-0.62545	0.	0.	3.4724e-006
11338	-0.71636	0.	0.	2.1898e-006
11339	-0.80727	0.	0.	1.6971e-006
11340	-0.89818	0.	0.	1.1554e-006
11341	-0.98909	0.	0.	9.6551e-007
11453	-4.e-002	0.	-1.5e-002	5.5874e-003
11454	-2.e-002	0.	-1.5e-002	1.0079e-002
11455	-6.e-002	0.	-1.5e-002	8.4398e-003
11459	4.5455e-002	0.	0.	1.8692e-003
11460	2.2727e-002	0.	0.	1.5136e-002
11461	-0.12545	0.	0.	1.4406e-003
11462	-0.10273	0.	0.	1.3389e-002
11606	1.8414e-002	0.	-0.52086	2.1403e-006
11607	5.2174e-003	0.	-0.34833	6.7539e-006
11608	0.52391	0.	-0.51125	1.0752e-006
11609	-0.51208	0.	-0.50438	1.6001e-006
11610	-4.4397e-002	0.	-0.19059	3.8324e-005
11611	-0.26218	0.	-0.36295	5.7386e-006
11612	-0.78538	0.	-0.42292	8.5382e-007
11613	-0.12559	0.	-0.75727	4.864e-007
11614	0.24992	0.	-0.43021	3.4758e-006
11615	0.27915	0.	-0.71931	7.5548e-007
11616	-0.76067	0.	-0.70046	4.1316e-007
11617	0.76196	0.	-0.3825	8.225e-007
11618	0.76977	0.	-0.64825	3.8193e-007
11619	-0.43422	0.	-0.66293	7.9585e-007
11620	-0.16654	0.	-0.64222	8.5797e-007
11621	-0.51995	0.	-0.16917	5.4078e-006
11622	0.50079	0.	-0.34083	2.4838e-006
11623	-6.2552e-002	0.	-0.12858	1.55e-004
11624	0.52895	0.	-0.85387	3.439e-007
11625	0.30454	0.	-0.2321	9.2734e-006
11626	0.18649	0.	-0.22183	1.8877e-005
11627	-0.12929	0.	-0.18753	5.0851e-005
11628	-0.87102	0.	-0.13594	1.1814e-006
11629	1.7428e-002	0.	-0.7508	4.0245e-007
11630	0.72009	0.	-0.255	1.3359e-006
11631	-7.1845e-002	0.	-0.48897	2.3732e-006
11632	-1.8983e-002	0.	-7.4382e-002	7.0048e-004
11633	-0.30204	0.	-0.1865	1.9679e-005
11634	-0.34914	0.	-0.82871	4.5889e-007
11635	-0.32826	0.	-0.58334	1.2847e-006
11636	0.77305	0.	-0.81947	2.1909e-007
11637	-7.3729e-002	0.	-7.1898e-002	8.8309e-004
11638	-0.67311	0.	-0.29906	1.8601e-006
11639	-0.6197	0.	-0.89827	3.199e-007
11640	-0.91591	0.	-0.65552	3.3572e-007
11641	-0.90752	0.	-0.83526	1.9907e-007
11642	-0.5028	0.	-0.35141	2.7858e-006
11643	0.16	0.	-0.12786	5.3029e-005
11644	-0.63288	0.	-0.62109	7.302e-007
11645	0.38957	0.	-0.13568	6.7782e-006
11646	-0.12943	0.	-0.34646	7.2851e-006
11647	0.15918	0.	-0.6187	1.2757e-006
11648	0.51134	0.	-0.16411	3.4793e-006
11649	0.38462	0.	-0.61297	1.1005e-006
11650	0.53188	0.	-0.67917	6.0625e-007
11651	0.12376	0.	-0.39194	5.485e-006
11652	9.1299e-002	0.	-0.19255	4.0125e-005
11653	0.10243	0.	-0.89601	2.3616e-007
11654	2.4236e-002	0.	-0.14359	1.1225e-004
11655	-0.25043	0.	-0.74336	5.5211e-007
11656	-0.39451	0.	-0.42875	2.794e-006
11657	-0.87063	0.	-0.30597	9.556e-007
11658	-0.63806	0.	-0.46521	1.2782e-006
11659	0.31283	0.	-0.87992	3.7249e-007
11660	-0.19622	0.	-0.54497	1.5083e-006
11661	0.86005	0.	-0.21208	8.7504e-007
11662	-0.21703	0.	-0.87517	2.594e-007
11663	-0.7686	0.	-0.57094	7.0949e-007
11664	4.0565e-002	0.	-5.9116e-002	6.0759e-004
11665	0.66751	0.	-0.74131	3.8823e-007
11666	-0.64959	0.	-0.13974	2.6506e-006
11667	0.37978	0.	-0.46055	1.9518e-006
11668	-0.47584	0.	-0.8815	3.7409e-007
11669	-0.39892	0.	-0.23744	7.677e-006
11670	-6.8442e-002	0.	-0.90159	1.4536e-007
11671	0.41358	0.	-0.76901	5.2143e-007
11672	-0.12748	0.	-0.1084	2.4243e-004
11673	-0.12803	0.	-4.8469e-002	6.827e-004
11674	0.26554	0.	-0.1025	1.9583e-005
11675	0.89531	0.	-0.58691	3.7618e-007
11676	-7.1424e-002	0.	-0.57469	1.3495e-006
11677	0.14399	0.	-0.7366	6.028e-007
11678	-0.18349	0.	-0.27054	1.6712e-005
11679	0.63367	0.	-0.43594	9.9119e-007
11680	0.13435	0.	-0.5005	2.8753e-006
11681	0.64812	0.	-0.58755	6.0437e-007
11682	-0.54071	0.	-0.74043	5.872e-007
11683	-8.3409e-002	0.	-0.26406	1.5262e-005
11684	0.65671	0.	-0.12196	2.1635e-006
11685	-0.77103	0.	-0.85983	2.2686e-007
11686	0.89527	0.	-0.75115	1.994e-007
11687	-0.77294	0.	-0.21661	1.4969e-006
11688	0.64974	0.	-0.8837	2.4274e-007
11689	0.76196	0.	-0.50937	5.4451e-007
11690	4.2779e-002	0.	-0.6101	1.196e-006
11691	-0.24987	0.	-0.11815	3.9583e-005
11692	0.90173	0.	-0.33926	6.9072e-007
11693	0.10287	0.	-0.29239	1.1544e-005
11694	0.88358	0.	-0.89404	1.0036e-007
11695	-0.1656	0.	-0.43642	3.5614e-006
11696	0.61044	0.	-0.29792	1.6079e-006
11697	0.41086	0.	-0.2434	5.4003e-006
11698	-0.36217	0.	-0.10043	1.9958e-005
11699	-1.2892e-002	0.	-3.8223e-002	3.8267e-003
11700	1.5142e-002	0.	-3.7934e-002	2.3428e-003
11701	-0.9952	0.	-0.24652	7.9951e-007
11702	9.6646e-003	0.	-0.24048	2.3026e-005
11703	-0.28959	0.	-0.47622	2.3516e-006
11704	-0.98558	0.	-0.10603	9.7282e-007
11705	-6.6342e-002	0.	-0.66713	7.2455e-007
11706	0.21295	0.	-0.82798	3.5405e-007
11707	0.219	0.	-0.32397	7.0401e-006
11708	0.34806	0.	-0.34429	3.7577e-006
11709	0.42025	0.	-0.89385	3.3701e-007
11710	0.88098	0.	-0.46615	5.2787e-007
11711	0.89479	0.	-9.7101e-002	1.022e-006
11712	-0.29153	0.	-0.26699	1.0108e-005
11713	3.3973e-002	0.	-0.44242	3.7392e-006
11714	0.27139	0.	-0.52378	1.7283e-006
11715	-0.35221	0.	-0.70601	7.8299e-007
11716	0.7814	0.	-0.11677	1.1414e-006
11717	-0.87444	0.	-0.9219	1.4272e-007
11718	-5.0216e-002	0.	-0.41444	3.7189e-006
11719	-0.99376	0.	-0.88284	1.0568e-007
11720	-0.99795	0.	-0.70839	2.2073e-007
11721	-0.98993	0.	-0.37885	6.4949e-007
11722	-0.98924	0.	-0.50229	4.5961e-007
11723	-0.27656	0.	-0.6476	8.9632e-007
11724	8.6632e-002	0.	-9.8791e-002	1.4277e-004
11725	0.77084	0.	-0.92544	1.5327e-007
11726	-0.8686	0.	-0.5212	5.3024e-007
11727	-4.2899e-002	0.	-4.2778e-002	3.2506e-003
11728	-0.18793	0.	-7.1684e-002	1.4169e-004
11729	-0.55463	0.	-6.1782e-002	4.9094e-006
11730	-0.43042	0.	-0.76392	5.4696e-007
11731	-8.8048e-002	0.	-2.8145e-002	4.1706e-003
11732	-0.37716	0.	-0.33312	4.7468e-006
11733	-0.66685	0.	-0.76112	3.9276e-007
11734	-0.38971	0.	-0.93215	3.1937e-007
11735	-0.51036	0.	-0.61782	9.6098e-007
11736	-0.22095	0.	-0.1965	2.8435e-005
11737	-0.40826	0.	-0.53684	1.3223e-006
11738	-0.74286	0.	-8.2749e-002	1.8439e-006
11739	-0.18022	0.	-0.14185	8.4292e-005
12697	0.	0.	-5.e-003	3.7409e-002
12701	1.1364e-002	0.	0.	2.8856e-002
12722	-8.e-002	0.	-5.e-003	3.1824e-002
12728	-9.1364e-002	0.	0.	2.6292e-002
12732	-8.e-002	0.	-1.25e-002	1.6496e-002
12735	-9.1364e-002	0.	-5.e-003	1.8622e-002
12737	0.	0.	-1.25e-002	1.8932e-002
12740	1.1364e-002	0.	-5.e-003	2.3062e-002
12806	-1.e-002	0.	-1.5e-002	9.5982e-003
12807	1.1364e-002	0.	-7.5e-003	1.1997e-002
12808	-6.4459e-003	0.	-2.6612e-002	6.9591e-003
12809	7.5712e-003	0.	-2.6467e-002	6.5817e-003
12814	-7.e-002	0.	-1.5e-002	9.7653e-003
12815	-9.1364e-002	0.	-7.5e-003	1.1815e-002
12816	-8.4024e-002	0.	-2.1572e-002	8.4154e-003
13269	1.	0.	-0.97271	3.9616e-008
13271	0.95478	0.	-1.015	4.4346e-008
13272	1.	0.	-4.2292e-002	9.2003e-007
13274	0.95455	0.	0.	9.5534e-007
13278	1.	0.	-0.88813	8.1544e-008
13280	0.95478	0.	-0.97271	5.4237e-008
13281	0.94179	0.	-0.91223	7.5555e-008
13284	1.	0.	-0.80354	1.4874e-007
13285	0.94764	0.	-0.79849	1.5662e-007
13286	0.94179	0.	-0.86994	1.0415e-007
13289	1.	0.	-0.71896	2.287e-007
13290	0.94764	0.	-0.7562	1.904e-007
13293	1.	0.	-0.63437	3.0866e-007
13294	0.94766	0.	-0.63179	3.2468e-007
13295	0.94764	0.	-0.71391	2.3589e-007
13299	1.	0.	-0.54979	3.8586e-007
13300	0.94766	0.	-0.5895	3.582e-007
13302	1.	0.	-0.46521	4.8726e-007
13303	0.94766	0.	-0.54721	4.0001e-007
13304	0.94049	0.	-0.48682	4.7667e-007
13307	1.	0.	-0.38063	5.9248e-007
13308	0.95086	0.	-0.38109	6.1778e-007
13309	0.94049	0.	-0.44453	5.3518e-007
13311	1.	0.	-0.29604	6.9469e-007
13312	0.95086	0.	-0.3388	6.6357e-007
13315	1.	0.	-0.21146	7.9911e-007
13316	0.93002	0.	-0.23292	8.1206e-007
13317	0.95086	0.	-0.29651	7.1944e-007
13319	1.	0.	-0.12687	8.7927e-007
13320	0.93002	0.	-0.19062	8.6007e-007
13321	0.94739	0.	-0.13313	9.3469e-007
13326	0.95455	0.	-4.2292e-002	9.4668e-007
13327	0.94739	0.	-9.0842e-002	9.6635e-007
13395	-1.0348	0.	-1.015	4.764e-008
13397	-1.08	0.	-0.97271	4.2692e-008
13399	-0.94435	0.	-1.015	9.0568e-008
13401	-1.0348	0.	-0.97271	5.4646e-008
13402	-0.99166	0.	-0.94892	8.1662e-008
13406	-0.85391	0.	-1.015	1.4838e-007
13407	-0.88678	0.	-0.96845	1.3135e-007
13408	-0.94645	0.	-0.94892	1.0693e-007
13412	-0.76348	0.	-1.015	2.0566e-007
13413	-0.78986	0.	-0.93741	2.0071e-007
13414	-0.84157	0.	-0.96845	1.5866e-007
13419	-0.67304	0.	-1.015	2.5095e-007
13420	-0.66898	0.	-0.95663	2.7727e-007
13421	-0.74464	0.	-0.93741	2.2884e-007
13424	-0.58261	0.	-1.015	2.8135e-007
13425	-0.62376	0.	-0.95663	2.9343e-007
13430	-0.49217	0.	-1.015	3.0073e-007
13431	-0.57855	0.	-0.95663	3.0707e-007
13432	-0.50662	0.	-0.94825	3.3476e-007
13436	-0.40174	0.	-1.015	2.9951e-007
13437	-0.4614	0.	-0.94825	3.4002e-007
13438	-0.41834	0.	-0.97358	3.1264e-007
13442	-0.3113	0.	-1.015	2.8082e-007
13443	-0.37312	0.	-0.97358	3.0611e-007
13445	-0.22087	0.	-1.015	2.0995e-007
13446	-0.24156	0.	-0.94509	2.6161e-007
13447	-0.3279	0.	-0.97358	2.9424e-007
13451	-0.13043	0.	-1.015	1.1948e-007
13452	-0.19634	0.	-0.94509	2.0525e-007
13453	-0.12205	0.	-0.9583	1.3431e-007
13456	-4.e-002	0.	-1.015	5.7825e-008
13457	-7.683e-002	0.	-0.9583	1.1227e-007
13459	5.0435e-002	0.	-1.015	1.1237e-007
13460	5.3823e-002	0.	-0.9555	1.5477e-007
13461	-3.1612e-002	0.	-0.9583	9.8674e-008
13465	0.14087	0.	-1.015	1.9736e-007
13466	9.904e-002	0.	-0.9555	1.9499e-007
13471	0.2313	0.	-1.015	2.5749e-007
13472	0.14426	0.	-0.9555	2.2902e-007
13473	0.19952	0.	-0.92149	2.9358e-007
13476	0.32174	0.	-1.015	2.9185e-007
13477	0.29468	0.	-0.94746	3.2691e-007
13478	0.24474	0.	-0.92149	3.1552e-007
13483	0.41217	0.	-1.015	2.999e-007
13484	0.3399	0.	-0.94746	3.3746e-007
13485	0.3936	0.	-0.95443	3.1971e-007
13489	0.50261	0.	-1.015	2.8095e-007
13490	0.49317	0.	-0.93443	3.1859e-007
13491	0.43882	0.	-0.95443	3.1713e-007
13494	0.59304	0.	-1.015	2.424e-007
13495	0.53839	0.	-0.93443	3.0276e-007
13496	0.59878	0.	-0.94935	2.5248e-007
13501	0.68348	0.	-1.015	1.9738e-007
13502	0.644	0.	-0.94935	2.307e-007
13504	0.77391	0.	-1.015	1.4767e-007
13505	0.68922	0.	-0.94935	2.0854e-007
13506	0.74977	0.	-0.97022	1.6344e-007
13510	0.86435	0.	-1.015	9.0296e-008
13511	0.85135	0.	-0.95452	1.0521e-007
13512	0.79498	0.	-0.97022	1.3654e-007
13514	0.89657	0.	-0.95452	7.9314e-008
13545	-1.08	0.	-4.2292e-002	8.9979e-007
13547	-1.0345	0.	0.	9.3297e-007
13549	-1.08	0.	-0.12687	8.732e-007
13551	-1.0345	0.	-4.2292e-002	9.3205e-007
13552	-1.0328	0.	-9.5309e-002	9.3551e-007
13555	-1.08	0.	-0.21146	7.9647e-007
13556	-1.0376	0.	-0.20784	8.2316e-007
13557	-1.0328	0.	-0.1376	9.1011e-007
13561	-1.08	0.	-0.29604	7.0674e-007
13562	-1.0376	0.	-0.25013	7.7213e-007
13565	-1.08	0.	-0.38063	6.1658e-007
13566	-1.0376	0.	-0.29243	7.337e-007
13567	-1.035	0.	-0.35859	6.5712e-007
13569	-1.08	0.	-0.46521	4.9364e-007
13570	-1.035	0.	-0.40089	6.0702e-007
13571	-1.0346	0.	-0.4626	5.1153e-007
13575	-1.08	0.	-0.54979	3.7328e-007
13576	-1.0346	0.	-0.5049	4.3959e-007
13579	-1.08	0.	-0.63437	2.9033e-007
13580	-0.99795	0.	-0.6238	3.2398e-007
13581	-1.039	0.	-0.65023	2.7202e-007
13582	-1.0346	0.	-0.54719	3.9166e-007
13584	-1.08	0.	-0.71896	2.1111e-007
13585	-1.039	0.	-0.69253	2.373e-007
13588	-1.08	0.	-0.80354	1.4675e-007
13589	-1.0369	0.	-0.82204	1.3335e-007
13590	-1.039	0.	-0.73482	1.9336e-007
13593	-1.08	0.	-0.88813	8.9222e-008
13594	-1.0369	0.	-0.86434	1.1476e-007
13598	-1.0369	0.	-0.90663	7.8836e-008
13645	0.86364	0.	0.	1.0724e-006
13648	0.90194	0.	-4.855e-002	1.0016e-006
13654	0.77273	0.	0.	1.3368e-006
13657	0.85648	0.	-4.855e-002	1.0923e-006
13658	0.79979	0.	-5.8385e-002	1.1507e-006
13661	0.68182	0.	0.	1.8759e-006
13664	0.69199	0.	-6.0979e-002	1.8331e-006
13665	0.75434	0.	-5.8385e-002	1.3253e-006
13671	0.59091	0.	0.	2.9722e-006
13674	0.64653	0.	-6.0979e-002	2.1911e-006
13677	0.5	0.	0.	4.6148e-006
13680	0.5284	0.	-8.2053e-002	3.5475e-006
13681	0.60108	0.	-6.0979e-002	2.9296e-006
13687	0.40909	0.	0.	8.6155e-006
13690	0.42206	0.	-6.7841e-002	6.1006e-006
13691	0.48294	0.	-8.2053e-002	4.4786e-006
13695	0.31818	0.	0.	2.0035e-005
13697	0.37661	0.	-6.7841e-002	9.1759e-006
13698	0.31459	0.	-5.1248e-002	1.5485e-005
13703	0.22727	0.	0.	5.7233e-005
13707	0.26913	0.	-5.1248e-002	2.3485e-005
13713	0.13636	0.	0.	2.9085e-004
13716	0.17091	0.	-6.3931e-002	6.6743e-005
13717	0.22368	0.	-5.1248e-002	5.2903e-005
13718	0.13423	0.	-4.9395e-002	1.0677e-004
13725	6.8182e-002	0.	0.	1.1798e-003
13728	6.5737e-002	0.	-2.9558e-002	5.0183e-004
13729	8.8771e-002	0.	-4.9395e-002	3.0076e-004
13736	-0.21636	0.	0.	2.4749e-004
13737	-0.14818	0.	0.	9.3706e-004
13740	-0.14947	0.	-2.4235e-002	5.305e-004
13741	-0.17942	0.	-3.5842e-002	2.8302e-004
13748	-0.30727	0.	0.	3.7961e-005
13751	-0.25584	0.	-5.9075e-002	4.7521e-005
13752	-0.31199	0.	-5.0216e-002	3.9827e-005
13753	-0.22488	0.	-3.5842e-002	9.8873e-005
13758	-0.39818	0.	0.	1.2752e-005
13761	-0.35745	0.	-5.0216e-002	1.7938e-005
13766	-0.48909	0.	0.	7.6327e-006
13768	-0.48179	0.	-8.4583e-002	7.1629e-006
13769	-0.4029	0.	-5.0216e-002	1.4427e-005
13770	-0.49914	0.	-3.0891e-002	7.0365e-006
13774	-0.58	0.	0.	4.79e-006
13777	-0.54459	0.	-3.0891e-002	5.5014e-006
13782	-0.67091	0.	0.	2.8265e-006
13785	-0.63752	0.	-6.9871e-002	3.044e-006
13786	-0.59004	0.	-3.0891e-002	4.1891e-006
13787	-0.68416	0.	-4.1375e-002	2.6574e-006
13792	-0.76182	0.	0.	1.9423e-006
13794	-0.72961	0.	-4.1375e-002	2.013e-006
13796	-0.85273	0.	0.	1.4263e-006
13799	-0.83915	0.	-6.7969e-002	1.4371e-006
13800	-0.77507	0.	-4.1375e-002	1.7693e-006
13803	-0.94364	0.	0.	1.0604e-006
13806	-0.8846	0.	-6.7969e-002	1.1666e-006
13807	-0.94188	0.	-5.3017e-002	1.0638e-006
13815	-0.98734	0.	-5.3017e-002	9.6894e-007
14383	-3.e-002	0.	-1.5e-002	6.8402e-003
14384	-5.e-002	0.	-1.5e-002	5.8694e-003
14387	-4.1449e-002	0.	-2.8889e-002	4.3662e-003
14390	-1.6446e-002	0.	-2.6612e-002	6.8435e-003
14391	-3.1449e-002	0.	-2.8889e-002	5.6255e-003
14396	-5.1449e-002	0.	-2.8889e-002	5.4017e-003
14397	-7.4024e-002	0.	-2.1572e-002	5.9502e-003
14431	3.4091e-002	0.	0.	8.4987e-003
14433	4.301e-002	0.	-2.9558e-002	1.1805e-003
14434	3.0298e-002	0.	-1.8967e-002	1.9771e-003
14441	1.8935e-002	0.	-1.8967e-002	8.4271e-003
14445	-0.11409	0.	0.	7.4046e-003
14448	-0.12674	0.	-2.4235e-002	1.0115e-003
14449	-0.10675	0.	-1.4072e-002	2.5377e-003
14456	-9.5388e-002	0.	-1.4072e-002	8.1275e-003
15318	-2.6715e-002	0.	-0.50492	2.1856e-006
15319	-2.6505e-002	0.	-0.54778	1.6981e-006
15320	7.638e-002	0.	-0.51068	2.3826e-006
15321	3.0597e-002	0.	-0.56548	1.6567e-006
15322	2.6194e-002	0.	-0.48164	2.9205e-006
15324	-6.2105e-002	0.	-0.3474	6.2349e-006
15325	6.4489e-002	0.	-0.37014	5.562e-006
15326	-3.9096e-002	0.	-0.3062	1.0298e-005
15327	5.4044e-002	0.	-0.32036	8.1877e-006
15328	7.441e-003	0.	-0.29441	1.473e-005
15329	1.9595e-002	0.	-0.39538	5.1933e-006
15330	-2.25e-002	0.	-0.38139	5.1043e-006
15335	0.51235	0.	-0.42604	1.7697e-006
15336	0.45427	0.	-0.56211	1.0644e-006
15337	0.5279	0.	-0.59521	8.3748e-007
15338	0.45185	0.	-0.4859	1.5052e-006
15339	0.57879	0.	-0.47359	1.0227e-006
15340	0.58601	0.	-0.5494	8.3735e-007
15345	-0.50744	0.	-0.42789	2.1754e-006
15346	-0.57248	0.	-0.56274	1.1643e-006
15347	-0.45329	0.	-0.46656	2.1866e-006
15348	-0.57507	0.	-0.48479	1.4253e-006
15349	-0.51122	0.	-0.5611	1.2768e-006
15350	-0.46017	0.	-0.52061	1.4421e-006
15355	-5.3474e-002	0.	-0.15959	9.5733e-005
15356	-8.6845e-002	0.	-0.18906	3.8637e-005
15357	-1.0081e-002	0.	-0.16709	6.7303e-005
15358	-6.3903e-002	0.	-0.22733	2.6261e-005
15359	-1.7366e-002	0.	-0.21553	2.8961e-005
15363	-0.1958	0.	-0.3547	6.0577e-006
15364	-0.32834	0.	-0.39585	4.2156e-006
15365	-0.22283	0.	-0.31675	1.121e-005
15366	-0.21389	0.	-0.39969	4.5164e-006
15367	-0.27588	0.	-0.41958	4.0439e-006
15368	-0.27685	0.	-0.31497	7.7713e-006
15369	-0.31967	0.	-0.34804	5.0837e-006
15372	-0.72924	0.	-0.36099	1.3561e-006
15373	-0.828	0.	-0.36444	8.9989e-007
15374	-0.71172	0.	-0.44406	1.0516e-006
15375	-0.77699	0.	-0.49693	7.7481e-007
15376	-0.77916	0.	-0.31976	1.1712e-006
15377	-0.88765	0.	-0.40089	7.4058e-007
15378	-0.82699	0.	-0.47206	6.9111e-007
15383	-0.14607	0.	-0.69975	6.7178e-007
15384	-5.4082e-002	0.	-0.75404	4.129e-007
15385	-0.18801	0.	-0.75032	4.9981e-007
15386	-0.17131	0.	-0.81622	3.5733e-007
15387	-9.7017e-002	0.	-0.82943	3.1525e-007
15388	-9.5967e-002	0.	-0.7122	5.9065e-007
15393	0.18684	0.	-0.41108	4.3369e-006
15394	0.31485	0.	-0.44538	2.6847e-006
15395	0.19213	0.	-0.46535	3.0025e-006
15396	0.23446	0.	-0.37709	5.2473e-006
15397	0.29899	0.	-0.38725	3.528e-006
15398	0.26065	0.	-0.47699	2.5971e-006
15403	0.21917	0.	-0.669	1.0107e-006
15404	0.33189	0.	-0.66614	9.1461e-007
15405	0.29599	0.	-0.79961	5.6329e-007
15406	0.34636	0.	-0.74416	6.3066e-007
15407	0.21157	0.	-0.72795	6.6398e-007
15408	0.24605	0.	-0.77364	5.5343e-007
15409	0.27527	0.	-0.62154	1.2389e-006
15412	-0.83829	0.	-0.67799	3.6765e-007
15413	-0.8341	0.	-0.76786	3.0528e-007
15414	-0.69678	0.	-0.66078	5.699e-007
15415	-0.76463	0.	-0.6357	5.6054e-007
15416	-0.76585	0.	-0.78015	3.1769e-007
15417	-0.71376	0.	-0.73079	3.9958e-007
15421	0.74102	0.	-0.31875	1.0774e-006
15422	0.811	0.	-0.29729	8.4051e-007
15423	0.69781	0.	-0.40922	8.9814e-007
15424	0.76196	0.	-0.44594	6.814e-007
15425	0.83184	0.	-0.36088	7.5052e-007
15426	0.6862	0.	-0.34021	1.2132e-006
15427	0.82147	0.	-0.42432	6.7258e-007
15430	0.77141	0.	-0.73386	2.998e-007
15431	0.71864	0.	-0.69478	3.8126e-007
15432	0.83254	0.	-0.61758	3.71e-007
15433	0.70894	0.	-0.6179	4.9159e-007
15434	0.83252	0.	-0.6997	2.8671e-007
15435	0.76586	0.	-0.57881	4.6225e-007
15440	-0.38124	0.	-0.62313	1.0292e-006
15441	-0.48746	0.	-0.70168	6.8815e-007
15442	-0.39322	0.	-0.68447	7.8608e-007
15443	-0.43232	0.	-0.71342	6.7078e-007
15444	-0.47229	0.	-0.64037	8.7443e-007
15445	-0.42124	0.	-0.59988	1.0581e-006
15450	-0.20849	0.	-0.69279	6.8596e-007
15451	-0.18138	0.	-0.59359	1.1714e-006
15452	-0.11898	0.	-0.60846	1.0755e-006
15453	-0.11644	0.	-0.65468	7.6438e-007
15454	-0.22155	0.	-0.64491	8.3477e-007
15459	-0.59653	0.	-0.23411	3.6223e-006
15460	-0.51138	0.	-0.26029	4.0051e-006
15461	-0.58477	0.	-0.15445	4.0119e-006
15462	-0.45944	0.	-0.2033	6.3953e-006
15463	-0.44106	0.	-0.1348	1.2675e-005
15464	-0.53729	0.	-0.11547	5.0834e-006
15472	0.50607	0.	-0.25247	2.9277e-006
15473	0.44029	0.	-0.40069	2.1644e-006
15474	0.56723	0.	-0.38839	1.7369e-006
15475	0.55562	0.	-0.31938	2.0326e-006
15476	0.45583	0.	-0.29212	3.9393e-006
15477	0.42443	0.	-0.34256	3.0873e-006
15481	-9.5923e-002	0.	-0.15806	9.8157e-005
15482	-4.0767e-002	0.	-0.10148	3.8509e-004
15483	-6.814e-002	0.	-0.10024	5.0644e-004
15484	-1.9158e-002	0.	-0.13609	1.0192e-004
15485	-9.5014e-002	0.	-0.11849	1.6203e-004
15489	0.53042	0.	-0.76652	4.7427e-007
15490	0.59823	0.	-0.79759	3.6234e-007
15491	0.47127	0.	-0.81144	4.3159e-007
15492	0.58935	0.	-0.86878	2.9329e-007
15493	0.4746	0.	-0.87386	3.3846e-007
15499	0.24551	0.	-0.22697	1.3807e-005
15500	0.34706	0.	-0.18389	7.7891e-006
15501	0.28504	0.	-0.1673	1.4107e-005
15502	0.3577	0.	-0.23775	7.3068e-006
15503	0.26177	0.	-0.27804	7.9401e-006
15504	0.3263	0.	-0.2882	6.499e-006
15508	0.17324	0.	-0.17485	3.5222e-005
15509	0.13889	0.	-0.20719	2.9333e-005
15510	0.22601	0.	-0.16216	1.7476e-005
15511	0.14468	0.	-0.25711	1.4584e-005
15512	0.20274	0.	-0.2729	1.2954e-005
15517	-0.12838	0.	-0.14796	1.434e-004
15518	-0.15639	0.	-0.22904	3.3588e-005
15519	-0.10635	0.	-0.2258	3.1967e-005
15520	-0.17512	0.	-0.19202	3.7343e-005
15521	-0.15475	0.	-0.16469	6.2476e-005
15526	-0.87082	0.	-0.22095	1.0631e-006
15527	-0.82198	0.	-0.17627	1.3304e-006
15528	-0.93311	0.	-0.19123	9.9005e-007
15529	-0.9283	0.	-0.12099	1.0763e-006
15530	-0.80694	0.	-0.10934	1.5124e-006
15536	5.9928e-002	0.	-0.8234	3.0174e-007
15537	-2.5507e-002	0.	-0.8262	2.6401e-007
15538	8.0707e-002	0.	-0.7437	4.6942e-007
15539	3.0103e-002	0.	-0.68045	7.8998e-007
15540	-2.4457e-002	0.	-0.70897	5.5734e-007
15545	0.79007	0.	-0.23354	1.1002e-006
15546	0.6884	0.	-0.18848	1.7452e-006
15547	0.66527	0.	-0.27646	1.4655e-006
15548	0.75075	0.	-0.18589	1.2316e-006
15552	-0.13403	0.	-0.51697	1.8199e-006
15553	-7.1634e-002	0.	-0.53183	1.8608e-006
15554	-0.11872	0.	-0.4627	2.7539e-006
15555	-1.8936e-002	0.	-0.4657	2.8644e-006
15556	-6.1031e-002	0.	-0.4517	3.0453e-006
15560	-4.6356e-002	0.	-7.314e-002	4.9833e-004
15561	2.6267e-003	0.	-0.10899	4.0512e-004
15562	1.0791e-002	0.	-6.6749e-002	5.2661e-004
15563	-1.5937e-002	0.	-5.6303e-002	2.2304e-003
15564	-1.9201e-003	0.	-5.6158e-002	1.3142e-003
15565	-3.0941e-002	0.	-5.858e-002	1.8231e-003
15570	-0.35048	0.	-0.21197	1.3677e-005
15571	-0.27596	0.	-0.15233	2.9626e-005
15572	-0.33211	0.	-0.14347	1.9207e-005
15573	-0.29679	0.	-0.22675	1.4603e-005
15574	-0.2615	0.	-0.1915	2.3534e-005
15578	-0.29979	0.	-0.78603	4.9868e-007
15579	-0.28309	0.	-0.85194	3.5601e-007
15580	-0.41249	0.	-0.85511	4.148e-007
15581	-0.35067	0.	-0.76736	6.2089e-007
15582	-0.38978	0.	-0.79631	5.014e-007
15583	-0.36943	0.	-0.88043	3.8867e-007
15587	-0.26224	0.	-0.56415	1.3649e-006
15588	-0.30892	0.	-0.52978	1.816e-006
15589	-0.34023	0.	-0.64467	1.0321e-006
15590	-0.30241	0.	-0.61547	1.0892e-006
15591	-0.36826	0.	-0.56009	1.2863e-006
15595	0.72028	0.	-0.78039	3.0297e-007
15596	0.83416	0.	-0.78531	2.0303e-007
15597	0.71139	0.	-0.85158	2.2565e-007
15598	0.82831	0.	-0.85676	1.5944e-007
15599	0.77194	0.	-0.87246	1.8338e-007
15604	-0.1006	0.	-9.0147e-002	5.4195e-004
15605	-0.10088	0.	-6.0184e-002	6.4846e-004
15606	-5.8314e-002	0.	-5.7338e-002	1.9719e-003
15607	-8.0889e-002	0.	-5.0022e-002	2.4061e-003
15615	-0.58796	0.	-0.32523	2.3014e-006
15616	-0.65559	0.	-0.38214	1.5562e-006
15617	-0.66135	0.	-0.2194	2.2243e-006
15618	-0.72303	0.	-0.25783	1.6656e-006
15622	-0.54777	0.	-0.88989	3.4628e-007
15623	-0.5802	0.	-0.81935	4.53e-007
15624	-0.69536	0.	-0.87905	2.7144e-007
15625	-0.64328	0.	-0.82969	3.5396e-007
15629	-0.91171	0.	-0.74539	2.658e-007
15630	-0.84225	0.	-0.61323	5.1813e-007
15631	-0.95693	0.	-0.68195	2.7638e-007
15632	-0.95258	0.	-0.57891	3.9383e-007
15633	-0.89226	0.	-0.58836	4.3272e-007
15638	-0.83927	0.	-0.84754	2.0857e-007
15639	-0.89098	0.	-0.87858	1.678e-007
15640	-0.95064	0.	-0.85905	1.5193e-007
15641	-0.95274	0.	-0.77182	2.0439e-007
15646	-0.44866	0.	-0.39008	2.7149e-006
15647	-0.57043	0.	-0.40831	2.0319e-006
15648	-0.45086	0.	-0.29442	5.2306e-006
15649	-0.43998	0.	-0.34226	3.7264e-006
15654	0.12565	0.	-0.16021	4.3897e-005
15655	0.21277	0.	-0.11518	3.5718e-005
15656	0.12332	0.	-0.11333	9.7514e-005
15661	-0.63547	0.	-0.54315	9.9955e-007
15662	-0.70074	0.	-0.59601	7.1324e-007
15663	-0.5868	0.	-0.68076	6.545e-007
15664	-0.64987	0.	-0.69111	5.6089e-007
15665	-0.57162	0.	-0.61946	8.3979e-007
15668	0.45046	0.	-0.14989	5.1265e-006
15669	0.32756	0.	-0.11909	1.3175e-005
15670	0.40022	0.	-0.18954	6.0156e-006
15675	-0.15646	0.	-0.3085	1.1398e-005
15676	-0.10642	0.	-0.30526	1.1237e-005
15677	-0.14751	0.	-0.39144	5.3793e-006
15678	-8.9822e-002	0.	-0.38045	5.3566e-006
15682	0.15159	0.	-0.67765	9.3299e-007
15683	0.14677	0.	-0.5596	2.0634e-006
15684	0.10098	0.	-0.6144	1.1767e-006
15685	0.21529	0.	-0.57124	1.4807e-006
15687	0.58402	0.	-0.14303	2.8102e-006
15688	0.56089	0.	-0.23101	2.537e-006
15689	0.4611	0.	-0.20375	4.3729e-006
15693	0.45825	0.	-0.64607	8.4783e-007
15694	0.3822	0.	-0.53676	1.5188e-006
15695	0.3991	0.	-0.69099	8.1081e-007
15696	0.328	0.	-0.56837	1.407e-006
15701	0.5997	0.	-0.71024	4.9563e-007
15702	0.47273	0.	-0.72409	5.5893e-007
15703	0.59	0.	-0.63336	5.9835e-007
15707	0.12905	0.	-0.44622	4.1623e-006
15708	0.11332	0.	-0.34216	8.4895e-006
15709	0.17138	0.	-0.35796	5.9385e-006
15710	7.8867e-002	0.	-0.41718	4.4136e-006
15713	5.7767e-002	0.	-0.16807	7.3596e-005
15714	9.7085e-002	0.	-0.24247	2.5527e-005
15715	5.0482e-002	0.	-0.21651	2.8136e-005
15716	8.8966e-002	0.	-0.14567	8.9287e-005
15719	1.6993e-002	0.	-0.8988	1.5411e-007
15720	0.12321	0.	-0.8163	4.192e-007
15721	0.15769	0.	-0.86199	2.9126e-007
15725	3.2401e-002	0.	-0.10135	3.353e-004
15726	1.695e-002	0.	-0.19203	6.6929e-005
15727	5.5434e-002	0.	-0.12119	1.0822e-004
15733	-0.23373	0.	-0.80927	4.0554e-007
15734	-0.30132	0.	-0.72468	6.5732e-007
15735	-0.2635	0.	-0.69548	7.2229e-007
15740	-0.34205	0.	-0.45248	2.5343e-006
15741	-0.38583	0.	-0.38093	3.758e-006
15742	-0.40138	0.	-0.48279	2.0546e-006
15746	-0.82178	0.	-0.26129	1.226e-006
15747	-0.93291	0.	-0.27624	8.7059e-007
15748	-0.93028	0.	-0.34241	8.001e-007
15754	-0.70333	0.	-0.51807	9.9323e-007
15758	0.36321	0.	-0.82446	4.4447e-007
15759	0.26289	0.	-0.85395	3.604e-007
15760	0.36654	0.	-0.88688	3.5386e-007
15765	-0.13382	0.	-0.55983	1.3279e-006
15766	-0.18091	0.	-0.4907	2.5335e-006
15767	-0.2429	0.	-0.51059	1.8683e-006
15768	-0.23639	0.	-0.59629	1.1869e-006
15772	0.88089	0.	-0.27567	7.8278e-007
15773	0.87742	0.	-0.15459	9.4755e-007
15774	0.82072	0.	-0.16443	1.0081e-006
15778	-0.14274	0.	-0.88838	1.8915e-007
15779	-0.30337	0.	-0.90366	2.848e-007
15784	-0.8186	0.	-0.54607	6.1095e-007
15789	2.7854e-002	0.	-4.8525e-002	1.4752e-003
15790	6.3599e-002	0.	-7.8953e-002	3.7464e-004
15795	0.65781	0.	-0.66443	4.9507e-007
15796	0.65862	0.	-0.8125	3.1236e-007
15799	-0.71126	0.	-0.17817	2.0718e-006
15800	-0.60211	0.	-0.10076	3.7691e-006
15801	-0.69622	0.	-0.11125	2.2382e-006
15806	0.36392	0.	-0.40242	2.8469e-006
15807	0.32558	0.	-0.49217	1.8026e-006
15811	-0.50828	0.	-0.81097	4.7768e-007
15812	-0.45313	0.	-0.82271	4.6044e-007
15813	-0.43278	0.	-0.90683	3.4632e-007
15817	-0.38055	0.	-0.16893	1.3451e-005
15818	-0.34523	0.	-0.25221	8.7208e-006
15819	-0.38804	0.	-0.28528	6.1425e-006
15826	0.41691	0.	-0.83143	4.2894e-007
15830	-0.12775	0.	-7.8432e-002	4.4977e-004
15831	-0.15771	0.	-9.0039e-002	1.7931e-004
15832	-0.15385	0.	-0.12512	1.6239e-004
15836	-0.15798	0.	-6.0077e-002	4.1073e-004
15837	-0.10804	0.	-3.8307e-002	2.4054e-003
15845	0.89529	0.	-0.66903	2.8764e-007
15846	0.82864	0.	-0.54814	4.5595e-007
15847	0.88815	0.	-0.52653	4.5184e-007
15851	-1.4322e-002	0.	-0.5924	1.1913e-006
15852	-6.8883e-002	0.	-0.62091	1.0365e-006
15856	9.3382e-002	0.	-0.67335	8.8355e-007
15857	0.17847	0.	-0.78229	4.7389e-007
15863	-0.13345	0.	-0.2673	1.4539e-005
15864	-0.23751	0.	-0.26877	1.307e-005
15865	-0.20222	0.	-0.23352	2.2004e-005
15870	0.64089	0.	-0.51174	7.945e-007
15871	0.69781	0.	-0.47266	7.6662e-007
15872	0.62205	0.	-0.36693	1.2947e-006
15878	8.8562e-002	0.	-0.5553	2.0025e-006
15879	8.4159e-002	0.	-0.47146	3.2358e-006
15880	0.20287	0.	-0.51214	2.2151e-006
15885	0.70504	0.	-0.54846	5.6864e-007
15887	-0.48557	0.	-0.75217	5.6228e-007
15888	-0.60378	0.	-0.75078	4.8895e-007
15889	-0.52554	0.	-0.67913	7.7408e-007
15894	-3.6872e-002	0.	-0.25227	1.6275e-005
15898	0.63357	0.	-0.20994	1.8599e-006
15899	0.71905	0.	-0.11936	1.6513e-006
15904	-0.82273	0.	-0.89086	1.8478e-007
15905	-0.71894	0.	-0.81047	3.0972e-007
15909	0.88942	0.	-0.82259	1.4761e-007
15914	-0.7579	0.	-0.14968	1.6555e-006
15918	0.71029	0.	-0.90457	1.9787e-007
15924	0.82147	0.	-0.48776	5.2853e-007
15929	-1.1781e-002	0.	-0.63862	9.1166e-007
15933	-0.30602	0.	-0.10929	2.8991e-005
15934	-0.2189	0.	-9.4917e-002	9.0362e-005
15935	-0.23541	0.	-0.15733	3.3202e-005
15936	-0.21504	0.	-0.13	6.1112e-005
15940	0.89135	0.	-0.4027	6.0886e-007
15945	5.6268e-002	0.	-0.26643	1.6575e-005
15946	0.16093	0.	-0.30818	8.971e-006
15950	0.82721	0.	-0.90974	1.2343e-007
15956	-0.2276	0.	-0.45632	2.8791e-006
15957	-0.10791	0.	-0.42543	3.3862e-006
15967	0.37946	0.	-0.29385	4.516e-006
15975	1.1253e-003	0.	-3.8079e-002	2.8435e-003
15976	-2.7895e-002	0.	-4.0501e-002	2.5785e-003
15985	-0.99039	0.	-0.17628	8.8604e-007
15986	-0.99256	0.	-0.31269	7.2349e-007
15995	-0.34892	0.	-0.50653	1.8247e-006
16005	0.28353	0.	-0.33413	5.3401e-006
16020	0.83809	0.	-0.10694	1.0811e-006
16025	-0.33434	0.	-0.30005	7.4209e-006
16026	-0.25624	0.	-0.23174	1.9267e-005
16032	-8.1217e-003	0.	-0.42843	3.4609e-006
16037	-0.31438	0.	-0.67681	8.3483e-007
16038	-0.39132	0.	-0.73496	6.636e-007
16045	-0.9341	0.	-0.90237	1.1977e-007
16049	-0.99586	0.	-0.79561	1.6158e-007
16058	-0.98959	0.	-0.44057	5.5438e-007
16059	-0.92927	0.	-0.45003	5.8445e-007
16063	-0.92892	0.	-0.51175	4.9173e-007
16079	-6.5473e-002	0.	-3.5461e-002	2.6372e-003
16085	-0.18408	0.	-0.10677	1.0956e-004
16109	-0.45931	0.	-0.57733	1.1376e-006
16113	-0.20058	0.	-0.16918	5.6249e-005
11162	0.	0.	1.e-002	2.9104e-002
11163	0.	0.	0.	3.9921e-002
11166	-8.e-002	0.	1.e-002	2.6033e-002
11167	-8.e-002	0.	0.	3.9794e-002
11175	-8.e-002	0.	1.5e-002	1.1914e-002
11177	0.	0.	1.5e-002	9.984e-003
11255	1.	0.	0.	9.2587e-007
11305	-1.08	0.	0.	9.0795e-007
11322	0.90909	0.	0.	1.0105e-006
11323	0.81818	0.	0.	1.1714e-006
11324	0.72727	0.	0.	1.6355e-006
11325	0.63636	0.	0.	2.1394e-006
11326	0.54545	0.	0.	3.9343e-006
11327	0.45455	0.	0.	5.8646e-006
11328	0.36364	0.	0.	1.2439e-005
11329	0.27273	0.	0.	2.5565e-005
11330	0.18182	0.	0.	1.032e-004
11331	9.0909e-002	0.	0.	4.1355e-004
11332	-0.17091	0.	0.	3.8257e-004
11333	-0.26182	0.	0.	5.2592e-005
11334	-0.35273	0.	0.	1.8398e-005
11335	-0.44364	0.	0.	1.0794e-005
11336	-0.53455	0.	0.	7.0751e-006
11337	-0.62545	0.	0.	3.3272e-006
11338	-0.71636	0.	0.	2.2217e-006
11339	-0.80727	0.	0.	1.74e-006
11340	-0.89818	0.	0.	1.1438e-006
11341	-0.98909	0.	0.	9.4337e-007
11388	-1.08	0.	1.015	3.2505e-008
11389	-1.08	0.	0.93042	5.7661e-008
11390	-1.08	0.	0.84583	1.0758e-007
11391	-1.08	0.	0.76125	1.7867e-007
11392	-1.08	0.	0.67667	2.6865e-007
11393	-1.08	0.	0.59208	3.3594e-007
11394	-1.08	0.	0.5075	4.3086e-007
11395	-1.08	0.	0.42292	5.6145e-007
11396	-1.08	0.	0.33833	6.5122e-007
11397	-1.08	0.	0.25375	7.8352e-007
11398	-1.08	0.	0.16917	8.2162e-007
11399	-1.08	0.	8.4583e-002	8.9827e-007
11405	1.	0.	1.015	3.1109e-008
11406	0.90957	0.	1.015	5.7904e-008
11407	0.81913	0.	1.015	1.1573e-007
11408	0.7287	0.	1.015	1.7589e-007
11409	0.63826	0.	1.015	2.265e-007
11410	0.54783	0.	1.015	2.6181e-007
11411	0.45739	0.	1.015	2.9976e-007
11412	0.36696	0.	1.015	3.0423e-007
11413	0.27652	0.	1.015	3.0607e-007
11414	0.18609	0.	1.015	2.4442e-007
11415	9.5652e-002	0.	1.015	1.7141e-007
11416	5.2174e-003	0.	1.015	1.0682e-007
11417	-8.5217e-002	0.	1.015	1.1166e-007
11418	-0.17565	0.	1.015	1.7563e-007
11419	-0.26609	0.	1.015	2.1572e-007
11420	-0.35652	0.	1.015	2.689e-007
11421	-0.44696	0.	1.015	3.0769e-007
11422	-0.53739	0.	1.015	2.9965e-007
11423	-0.62783	0.	1.015	2.6705e-007
11424	-0.71826	0.	1.015	2.3038e-007
11425	-0.8087	0.	1.015	1.7832e-007
11426	-0.89913	0.	1.015	1.1582e-007
11427	-0.98957	0.	1.015	6.8797e-008
11433	1.	0.	8.4583e-002	9.1241e-007
11434	1.	0.	0.16917	8.614e-007
11435	1.	0.	0.25375	7.705e-007
11436	1.	0.	0.33833	6.5159e-007
11437	1.	0.	0.42292	5.8794e-007
11438	1.	0.	0.5075	4.4668e-007
11439	1.	0.	0.59208	3.3892e-007
11440	1.	0.	0.67667	2.7269e-007
11441	1.	0.	0.76125	1.9316e-007
11442	1.	0.	0.84583	1.0753e-007
11443	1.	0.	0.93042	4.7407e-008
11450	-4.e-002	0.	1.5e-002	8.309e-003
11451	-6.e-002	0.	1.5e-002	1.0065e-002
11452	-2.e-002	0.	1.5e-002	1.1628e-002
11459	4.5455e-002	0.	0.	1.5156e-003
11460	2.2727e-002	0.	0.	1.5235e-002
11461	-0.12545	0.	0.	1.7403e-003
11462	-0.10273	0.	0.	1.0035e-002
11469	4.7815e-002	0.	0.53316	1.8303e-006
11470	-1.9173e-002	0.	0.36155	6.4932e-006
11471	0.52391	0.	0.51125	1.149e-006
11472	-0.48955	0.	0.52654	1.4293e-006
11473	-5.4666e-003	0.	0.1914	5.2009e-005
11474	-0.29199	0.	0.3597	5.0128e-006
11475	-0.78538	0.	0.59208	5.1538e-007
11476	-0.10926	0.	0.75355	4.4466e-007
11477	0.26858	0.	0.42148	3.809e-006
11478	0.25941	0.	0.73986	6.097e-007
11479	-0.7425	0.	0.32888	1.2493e-006
11480	0.76019	0.	0.36997	9.3149e-007
11481	0.783	0.	0.6221	3.9868e-007
11482	-0.50747	0.	0.32031	3.6288e-006
11483	-0.43554	0.	0.643	9.0532e-007
11484	-0.20378	0.	0.50234	2.5646e-006
11485	0.47767	0.	0.17042	4.3434e-006
11486	-7.0948e-002	0.	7.2292e-002	7.8158e-004
11487	-3.0204e-002	0.	0.12892	1.3748e-004
11488	0.50278	0.	0.66031	7.1641e-007
11489	0.21232	0.	0.13121	3.2193e-005
11490	-0.71854	0.	0.73247	4.1284e-007
11491	0.13236	0.	0.74779	5.4233e-007
11492	-0.17396	0.	0.18629	3.7537e-005
11493	0.67823	0.	0.1275	1.7506e-006
11494	0.65925	0.	0.84289	2.567e-007
11495	-0.35605	0.	0.84583	3.8935e-007
11496	-0.89452	0.	0.78005	2.2158e-007
11497	-0.31397	0.	0.71292	7.1786e-007
11498	-1.2464e-002	0.	7.0556e-002	7.422e-004
11499	0.10228	0.	9.2901e-002	1.4576e-004
11500	0.16196	0.	0.34495	6.411e-006
11501	-0.89624	0.	0.36389	8.0617e-007
11502	-0.91112	0.	0.21637	9.9513e-007
11503	0.37911	0.	0.31418	4.2936e-006
11504	0.61981	0.	0.27646	1.7735e-006
11505	-0.33036	0.	9.9798e-002	2.343e-005
11506	0.37003	0.	0.88023	3.5992e-007
11507	-0.48531	0.	0.87903	3.5709e-007
11508	0.87095	0.	0.21361	8.8085e-007
11509	-0.12851	0.	0.29012	1.1543e-005
11510	-0.56646	0.	0.16016	4.4134e-006
11511	-0.63274	0.	0.4077	1.3461e-006
11512	-0.14295	0.	0.62728	9.8416e-007
11513	0.15918	0.	0.6187	1.2202e-006
11514	0.39715	0.	0.58225	1.2862e-006
11515	-0.6069	0.	0.63524	6.7946e-007
11516	-3.0652e-002	0.	0.64	8.1326e-007
11517	-0.31413	0.	0.58127	1.3759e-006
11518	0.53788	0.	0.88699	3.1896e-007
11519	7.185e-002	0.	0.89549	2.4855e-007
11520	-0.1036	0.	0.41653	4.8244e-006
11521	-0.39317	0.	0.43441	2.9962e-006
11522	0.88042	0.	0.80385	1.6005e-007
11523	-0.76812	0.	0.44406	8.3802e-007
11524	-0.71622	0.	0.86251	2.5597e-007
11525	0.21928	0.	0.87225	3.5623e-007
11526	0.33452	0.	0.15282	1.1303e-005
11527	-0.72686	0.	0.10565	1.9615e-006
11528	0.38723	0.	0.45943	1.9372e-006
11529	-0.40571	0.	0.20842	9.0579e-006
11530	-0.12154	0.	0.12361	1.493e-004
11531	-7.8283e-002	0.	0.52791	1.5882e-006
11532	0.89719	0.	0.57933	3.7931e-007
11533	1.7428e-002	0.	0.7508	4.3504e-007
11534	-0.22448	0.	0.81183	3.8992e-007
11535	0.64041	0.	0.43031	1.1512e-006
11536	0.1562	0.	0.4724	3.3401e-006
11537	0.64664	0.	0.59657	6.0677e-007
11538	-0.13427	0.	0.89838	1.9751e-007
11539	-0.61228	0.	0.78944	3.8593e-007
11540	-0.13143	0.	5.6278e-002	6.2927e-004
11541	0.38032	0.	0.71056	6.4344e-007
11542	0.27924	0.	0.23279	1.0528e-005
11543	0.28911	0.	0.61792	1.0659e-006
11544	0.76196	0.	0.50937	7.0293e-007
11545	0.90302	0.	0.33615	6.9541e-007
11546	-0.91904	0.	0.65807	3.1484e-007
11547	-6.3099e-003	0.	0.26361	1.4804e-005
11548	-0.83862	0.	0.90843	1.6161e-007
11549	6.5936e-002	0.	0.41588	4.0067e-006
11550	3.5709e-002	0.	3.8746e-002	1.4318e-003
11551	0.19074	0.	0.24968	1.1958e-005
11552	-0.6768	0.	0.51988	8.4932e-007
11553	0.72946	0.	0.23354	1.311e-006
11554	-0.9827	0.	0.87143	1.2183e-007
11555	-0.40006	0.	0.33407	4.9571e-006
11556	-0.20998	0.	9.0974e-002	9.3342e-005
11557	-0.30245	0.	0.26953	8.5262e-006
11558	-4.098e-002	0.	0.84198	2.1407e-007
11559	0.89619	0.	0.91064	9.1931e-008
11560	0.87817	0.	0.6943	2.6876e-007
11561	4.7423e-002	0.	0.15818	1.1392e-004
11562	-0.43662	0.	9.0531e-002	1.0664e-005
11563	-9.8853e-002	0.	3.3537e-002	2.3476e-003
11564	0.11625	0.	0.18633	3.7937e-005
11565	-1.7529e-002	0.	0.45478	2.9576e-006
11566	-7.0007e-002	0.	3.4719e-002	4.8699e-003
11567	0.53366	0.	0.34107	2.3297e-006
11568	-0.18384	0.	0.38056	5.289e-006
11569	6.4823e-002	0.	0.646	8.1326e-007
11570	0.88706	0.	0.45421	5.3526e-007
11571	-7.0168e-003	0.	3.7939e-002	3.3141e-003
11572	0.59339	0.	0.7524	4.0085e-007
11573	-0.26355	0.	0.92236	2.5401e-007
11574	0.23678	0.	0.53056	1.8038e-006
11575	-4.0233e-002	0.	3.7764e-002	4.1981e-003
11576	-8.3465e-002	0.	0.19254	3.7676e-005
11577	-0.79556	0.	0.80113	2.5261e-007
11578	-0.22074	0.	0.30616	1.0121e-005
11579	-0.86025	0.	0.1083	1.3051e-006
11580	-0.9871	0.	0.14008	9.4223e-007
11581	-0.51236	0.	0.74065	5.1739e-007
11582	0.58517	0.	0.13079	2.6511e-006
11583	-0.30116	0.	0.46268	2.8846e-006
11584	-0.99772	0.	0.30661	7.2465e-007
11585	0.89147	0.	9.4997e-002	1.007e-006
11586	-0.98903	0.	0.49105	4.8363e-007
11587	0.74638	0.	0.74	2.9406e-007
11588	-0.82261	0.	0.71276	3.3884e-007
11589	-0.86822	0.	0.49288	6.2035e-007
11590	0.77617	0.	0.11141	1.292e-006
11591	-0.61408	0.	0.92861	2.8064e-007
11592	6.317e-002	0.	0.32966	7.9912e-006
11593	0.77043	0.	0.89255	1.8362e-007
11594	0.64817	0.	0.94253	2.3828e-007
11595	9.8662e-002	0.	0.2678	1.9791e-005
11596	-0.49911	0.	0.41391	2.3318e-006
11597	-0.81281	0.	0.22654	1.2162e-006
11598	0.38608	0.	6.8308e-002	8.7392e-006
11599	-0.38564	0.	0.93258	3.0687e-007
11600	-0.99978	0.	0.71543	2.3371e-007
11601	-0.38671	0.	0.52958	1.7864e-006
11602	0.47431	0.	0.78298	5.0225e-007
11603	-0.6967	0.	0.22731	2.2275e-006
11604	-0.20083	0.	0.71298	6.8015e-007
11605	-0.27651	0.	0.18047	2.2287e-005
12689	0.	0.	5.e-003	3.4376e-002
12691	0.	0.	1.25e-002	1.7834e-002
12694	1.1364e-002	0.	5.e-003	2.2033e-002
12701	1.1364e-002	0.	0.	2.7276e-002
12715	-8.e-002	0.	5.e-003	3.2792e-002
12717	-8.e-002	0.	1.25e-002	1.8307e-002
12720	-9.1364e-002	0.	5.e-003	1.7902e-002
12728	-9.1364e-002	0.	0.	2.4893e-002
12781	-7.e-002	0.	1.5e-002	9.5021e-003
12782	-9.1364e-002	0.	7.5e-003	1.0082e-002
12783	-8.9427e-002	0.	2.4268e-002	7.1285e-003
12784	-7.5003e-002	0.	2.4859e-002	7.9134e-003
12798	-1.e-002	0.	1.5e-002	9.7792e-003
12799	1.1364e-002	0.	7.5e-003	1.1599e-002
12800	1.7855e-002	0.	2.6873e-002	5.6859e-003
12801	-3.5084e-003	0.	2.6469e-002	6.4384e-003
13274	0.95455	0.	0.	9.6811e-007
13275	1.	0.	4.2292e-002	9.191e-007
13547	-1.0345	0.	0.	9.2563e-007
13548	-1.08	0.	4.2292e-002	9.0303e-007
13645	0.86364	0.	0.	1.0909e-006
13646	0.95455	0.	4.2292e-002	9.6143e-007
13647	0.90028	0.	4.7498e-002	1.0084e-006
13654	0.77273	0.	0.	1.403e-006
13655	0.85483	0.	4.7498e-002	1.089e-006
13656	0.79717	0.	5.5703e-002	1.2302e-006
13661	0.68182	0.	0.	1.8864e-006
13662	0.70275	0.	6.375e-002	1.6862e-006
13663	0.75172	0.	5.5703e-002	1.462e-006
13671	0.59091	0.	0.	3.0356e-006
13672	0.6573	0.	6.375e-002	1.9419e-006
13673	0.61077	0.	6.5395e-002	2.3879e-006
13677	0.5	0.	0.	4.8965e-006
13678	0.51156	0.	8.5208e-002	4.0722e-006
13679	0.56531	0.	6.5395e-002	3.2801e-006
13687	0.40909	0.	0.	9.139e-006
13688	0.46611	0.	8.5208e-002	5.0339e-006
13689	0.42031	0.	3.4154e-002	7.2696e-006
13695	0.31818	0.	0.	1.8945e-005
13696	0.37486	0.	3.4154e-002	1.0543e-005
13703	0.22727	0.	0.	6.4376e-005
13704	0.24252	0.	6.5607e-002	2.7652e-005
13705	0.30363	0.	7.6409e-002	1.8171e-005
13706	0.3294	0.	3.4154e-002	1.7138e-005
13713	0.13636	0.	0.	2.5808e-004
13714	0.19707	0.	6.5607e-002	6.5762e-005
13715	0.14205	0.	4.645e-002	1.1778e-004
13725	6.8182e-002	0.	0.	9.6424e-004
13726	9.6594e-002	0.	4.645e-002	2.638e-004
13727	6.3309e-002	0.	1.9373e-002	8.7275e-004
13736	-0.21636	0.	0.	2.1749e-004
13737	-0.14818	0.	0.	1.0613e-003
13738	-0.15117	0.	2.8139e-002	4.731e-004
13739	-0.19044	0.	4.5487e-002	2.3397e-004
13748	-0.30727	0.	0.	3.541e-005
13749	-0.29609	0.	4.9899e-002	3.7697e-005
13750	-0.2359	0.	4.5487e-002	7.0752e-005
13758	-0.39818	0.	0.	1.455e-005
13759	-0.34154	0.	4.9899e-002	2.0559e-005
13760	-0.39467	0.	4.5265e-002	1.4498e-005
13766	-0.48909	0.	0.	8.9047e-006
13767	-0.44013	0.	4.5265e-002	1.0634e-005
13774	-0.58	0.	0.	5.1996e-006
13775	-0.5505	0.	8.0078e-002	5.7081e-006
13776	-0.48558	0.	4.5265e-002	8.8537e-006
13782	-0.67091	0.	0.	2.7681e-006
13783	-0.59596	0.	8.0078e-002	3.833e-006
13784	-0.67616	0.	5.2827e-002	2.6415e-006
13792	-0.76182	0.	0.	1.9797e-006
13793	-0.72161	0.	5.2827e-002	2.083e-006
13796	-0.85273	0.	0.	1.4418e-006
13797	-0.76706	0.	5.2827e-002	1.8472e-006
13798	-0.83376	0.	5.4151e-002	1.5211e-006
13803	-0.94364	0.	0.	1.0431e-006
13804	-0.87922	0.	5.4151e-002	1.2226e-006
13805	-0.94264	0.	7.0038e-002	1.0426e-006
13813	-1.0345	0.	4.2292e-002	9.2078e-007
13814	-0.98809	0.	7.0038e-002	9.4207e-007
14053	-1.08	0.	0.97271	4.4893e-008
14055	-1.0348	0.	1.015	5.0195e-008
14056	-1.08	0.	0.88813	8.1271e-008
14058	-1.0348	0.	0.97271	6.1437e-008
14059	-1.0314	0.	0.90092	8.9704e-008
14062	-1.08	0.	0.80354	1.4309e-007
14063	-1.0314	0.	0.85863	1.1317e-007
14066	-1.08	0.	0.71896	2.2335e-007
14067	-1.0314	0.	0.81634	1.4783e-007
14068	-1.0399	0.	0.73834	2.0617e-007
14072	-1.08	0.	0.63437	3.0223e-007
14073	-1.0399	0.	0.69605	2.5057e-007
14076	-1.08	0.	0.54979	3.8334e-007
14077	-0.99952	0.	0.62507	3.2167e-007
14078	-1.0345	0.	0.54157	4.0951e-007
14079	-1.0399	0.	0.65376	2.8447e-007
14081	-1.08	0.	0.46521	4.961e-007
14082	-1.0345	0.	0.49928	4.5656e-007
14085	-1.08	0.	0.38063	6.0625e-007
14086	-1.0389	0.	0.36477	6.4298e-007
14087	-1.0345	0.	0.45698	5.2176e-007
14091	-1.08	0.	0.29604	7.1731e-007
14092	-1.0389	0.	0.32247	6.8769e-007
14096	-1.08	0.	0.21146	8.0254e-007
14097	-1.0335	0.	0.19691	8.6287e-007
14098	-1.0389	0.	0.28018	7.5373e-007
14101	-1.08	0.	0.12687	8.5978e-007
14102	-1.0335	0.	0.15462	8.8186e-007
14106	-1.0335	0.	0.11233	9.1984e-007
14135	0.95478	0.	1.015	4.4048e-008
14137	1.	0.	0.97271	3.8625e-008
14139	0.86435	0.	1.015	8.6526e-008
14141	0.95478	0.	0.97271	5.0174e-008
14142	0.90288	0.	0.96282	7.2819e-008
14146	0.77391	0.	1.015	1.4568e-007
14147	0.85766	0.	0.96282	9.8703e-008
14148	0.79478	0.	0.95377	1.4875e-007
14152	0.68348	0.	1.015	2.0085e-007
14153	0.74956	0.	0.95377	1.7754e-007
14154	0.68843	0.	0.97877	2.0707e-007
14159	0.59304	0.	1.015	2.4413e-007
14160	0.64322	0.	0.97877	2.3214e-007
14162	0.50261	0.	1.015	2.8077e-007
14163	0.54285	0.	0.951	2.8993e-007
14164	0.598	0.	0.97877	2.4971e-007
14168	0.41217	0.	1.015	3.0179e-007
14169	0.41371	0.	0.94762	3.2966e-007
14170	0.49763	0.	0.951	3.0878e-007
14175	0.32174	0.	1.015	3.051e-007
14176	0.36849	0.	0.94762	3.3206e-007
14179	0.2313	0.	1.015	2.7468e-007
14180	0.32328	0.	0.94762	3.3293e-007
14181	0.2479	0.	0.94362	3.2909e-007
14183	0.14087	0.	1.015	2.0763e-007
14184	0.12897	0.	0.95524	2.4074e-007
14185	0.20269	0.	0.94362	3.e-007
14189	5.0435e-002	0.	1.015	1.3675e-007
14190	8.3751e-002	0.	0.95524	2.0723e-007
14194	-4.e-002	0.	1.015	8.4777e-008
14195	3.8534e-002	0.	0.95524	1.7756e-007
14196	-1.7881e-002	0.	0.92849	1.5027e-007
14198	-0.13043	0.	1.015	1.3206e-007
14199	-0.10974	0.	0.95669	1.5188e-007
14200	-6.3099e-002	0.	0.92849	1.5624e-007
14204	-0.22087	0.	1.015	1.948e-007
14205	-0.15496	0.	0.95669	1.8203e-007
14206	-0.2196	0.	0.96868	2.1463e-007
14210	-0.3113	0.	1.015	2.4222e-007
14211	-0.26482	0.	0.96868	2.3452e-007
14213	-0.40174	0.	1.015	2.8819e-007
14214	-0.31004	0.	0.96868	2.606e-007
14215	-0.37108	0.	0.97379	2.8788e-007
14219	-0.49217	0.	1.015	3.0349e-007
14220	-0.46613	0.	0.94702	3.3209e-007
14221	-0.4163	0.	0.97379	3.0713e-007
14225	-0.58261	0.	1.015	2.8333e-007
14226	-0.51135	0.	0.94702	3.2833e-007
14227	-0.57574	0.	0.97181	2.8995e-007
14230	-0.67304	0.	1.015	2.4866e-007
14231	-0.62095	0.	0.97181	2.7374e-007
14236	-0.76348	0.	1.015	2.0419e-007
14237	-0.71724	0.	0.93876	2.422e-007
14238	-0.66617	0.	0.97181	2.555e-007
14240	-0.85391	0.	1.015	1.4677e-007
14241	-0.76246	0.	0.93876	2.1689e-007
14242	-0.82366	0.	0.96171	1.689e-007
14246	-0.94435	0.	1.015	9.1982e-008
14247	-0.86887	0.	0.96171	1.3847e-007
14248	-0.94092	0.	0.94321	1.1175e-007
14251	-0.98613	0.	0.94321	9.2282e-008
14278	1.	0.	0.12687	8.8677e-007
14279	0.94574	0.	8.979e-002	9.5937e-007
14283	1.	0.	0.21146	8.1594e-007
14284	0.93548	0.	0.19139	8.6996e-007
14285	0.94574	0.	0.13208	9.3416e-007
14289	1.	0.	0.29604	7.1085e-007
14290	0.93548	0.	0.23368	8.2478e-007
14291	0.95151	0.	0.29495	7.3231e-007
14295	1.	0.	0.38063	6.1967e-007
14296	0.95151	0.	0.33724	6.7338e-007
14300	1.	0.	0.46521	5.172e-007
14301	0.95151	0.	0.37954	6.4153e-007
14302	0.94353	0.	0.43856	5.6089e-007
14305	1.	0.	0.54979	3.928e-007
14306	0.94859	0.	0.54341	4.1131e-007
14307	0.94353	0.	0.48085	4.8998e-007
14310	1.	0.	0.63437	3.058e-007
14311	0.94859	0.	0.58571	3.5779e-007
14314	1.	0.	0.71896	2.3275e-007
14315	0.94859	0.	0.628	3.2494e-007
14316	0.93908	0.	0.68548	2.6795e-007
14318	1.	0.	0.80354	1.5029e-007
14319	0.94021	0.	0.78255	1.7437e-007
14320	0.93908	0.	0.72778	2.2974e-007
14324	1.	0.	0.88813	7.6892e-008
14325	0.94021	0.	0.82484	1.3261e-007
14326	0.94809	0.	0.87824	9.7744e-008
14329	0.94809	0.	0.92053	6.9524e-008
14368	-5.e-002	0.	1.5e-002	7.3168e-003
14369	-3.e-002	0.	1.5e-002	9.0836e-003
14371	-4.0117e-002	0.	2.6382e-002	6.2437e-003
14374	-6.5003e-002	0.	2.4859e-002	7.39e-003
14375	-5.0117e-002	0.	2.6382e-002	6.0424e-003
14380	-1.3508e-002	0.	2.6469e-002	7.3717e-003
14381	-3.0117e-002	0.	2.6382e-002	7.3027e-003
14431	3.4091e-002	0.	0.	8.3667e-003
14432	4.0582e-002	0.	1.9373e-002	1.3586e-003
14440	2.9218e-002	0.	1.9373e-002	8.2028e-003
14445	-0.11409	0.	0.	5.8851e-003
14446	-0.12844	0.	2.8139e-002	1.1156e-003
14447	-0.11215	0.	1.6768e-002	1.9176e-003
14455	-0.10079	0.	1.6768e-002	5.9196e-003
14481	0.1035	0.	0.57593	1.4613e-006
14482	8.5814e-003	0.	0.58658	1.2989e-006
14483	-1.5234e-002	0.	0.53053	1.5983e-006
14484	0.10201	0.	0.50278	2.4134e-006
14485	5.6876e-002	0.	0.47452	2.8906e-006
14486	1.5143e-002	0.	0.49397	2.335e-006
14487	5.6319e-002	0.	0.58958	1.3207e-006
14491	-7.3842e-002	0.	0.32583	7.9353e-006
14492	-6.1388e-002	0.	0.38904	5.3227e-006
14493	-1.2741e-002	0.	0.31258	1.0594e-005
14494	2.3382e-002	0.	0.38872	5.0624e-006
14495	-1.8351e-002	0.	0.40816	4.703e-006
14496	2.1999e-002	0.	0.3456	6.797e-006
14500	0.51335	0.	0.58578	9.3142e-007
14501	0.46053	0.	0.54675	1.203e-006
14502	0.45557	0.	0.48534	1.5367e-006
14503	0.58216	0.	0.47078	1.1379e-006
14504	0.58528	0.	0.55391	8.7557e-007
14505	0.52879	0.	0.42616	1.7191e-006
14509	-0.46254	0.	0.58477	1.1615e-006
14510	-0.56115	0.	0.46712	1.348e-006
14511	-0.54823	0.	0.58089	1.053e-006
14512	-0.44136	0.	0.48047	2.208e-006
14513	-0.58318	0.	0.52321	1.1243e-006
14514	-0.49433	0.	0.47022	1.8736e-006
14515	-0.43813	0.	0.52806	1.5933e-006
14519	-1.7835e-002	0.	0.16016	9.1382e-005
14520	-5.8883e-003	0.	0.22751	3.3288e-005
14521	2.0978e-002	0.	0.17479	7.6629e-005
14522	-4.4466e-002	0.	0.19197	3.6489e-005
14523	4.6597e-002	0.	0.2296	3.4309e-005
14529	-0.34258	0.	0.39705	3.9925e-006
14530	-0.34603	0.	0.34688	4.8808e-006
14531	-0.29722	0.	0.31462	6.6987e-006
14532	-0.23792	0.	0.37013	5.0006e-006
14533	-0.25637	0.	0.33293	7.5496e-006
14534	-0.29658	0.	0.41119	3.9358e-006
14536	-0.75196	0.	0.66228	4.594e-007
14537	-0.69614	0.	0.61366	5.8737e-007
14538	-0.77675	0.	0.51807	6.7577e-007
14539	-0.85221	0.	0.62507	4.0998e-007
14540	-0.73109	0.	0.55598	6.808e-007
14541	-0.80399	0.	0.65242	4.2685e-007
14542	-0.8268	0.	0.54248	5.6333e-007
14547	-0.12611	0.	0.69042	7.0133e-007
14548	-6.9958e-002	0.	0.69678	6.1802e-007
14549	-4.5918e-002	0.	0.75218	4.0574e-007
14550	-0.16687	0.	0.78269	3.9824e-007
14551	-0.12177	0.	0.82596	3.12e-007
14552	-7.5122e-002	0.	0.79777	3.2109e-007
14553	-0.15505	0.	0.73327	5.3626e-007
14557	0.21527	0.	0.38322	5.0303e-006
14558	0.32385	0.	0.36783	3.9387e-006
14559	0.32791	0.	0.44045	2.8581e-006
14560	0.21239	0.	0.44694	3.4733e-006
14561	0.27391	0.	0.32713	6.9892e-006
14562	0.22966	0.	0.33558	7.8797e-006
14563	0.25268	0.	0.47602	2.7932e-006
14567	0.19589	0.	0.74382	5.6596e-007
14568	0.31472	0.	0.81005	4.815e-007
14569	0.2093	0.	0.67928	9.0806e-007
14570	0.23935	0.	0.80605	4.8288e-007
14571	0.31986	0.	0.72521	6.1913e-007
14572	0.27426	0.	0.67889	8.3472e-007
14576	-0.81937	0.	0.34639	1.024e-006
14577	-0.68762	0.	0.36829	1.287e-006
14578	-0.75531	0.	0.38647	1.0404e-006
14579	-0.77766	0.	0.27771	1.2261e-006
14580	-0.7196	0.	0.2781	1.7376e-006
14583	0.69	0.	0.32321	1.3519e-006
14584	0.81557	0.	0.29179	9.0078e-007
14585	0.7003	0.	0.40014	1.0254e-006
14586	0.76107	0.	0.43967	8.1371e-007
14587	0.83161	0.	0.35306	8.0794e-007
14588	0.74483	0.	0.30176	1.1204e-006
14589	0.82363	0.	0.41209	7.3176e-007
14594	0.84009	0.	0.60072	3.8142e-007
14595	0.71482	0.	0.60934	5.008e-007
14596	0.77248	0.	0.56574	5.4966e-007
14597	0.83058	0.	0.6582	3.3074e-007
14598	0.76469	0.	0.68105	3.4461e-007
14602	-0.53697	0.	0.24023	3.9525e-006
14603	-0.57011	0.	0.364	2.4872e-006
14604	-0.45659	0.	0.26437	6.3427e-006
14605	-0.45376	0.	0.32719	4.2088e-006
14606	-0.50329	0.	0.36711	2.9409e-006
14607	-0.60209	0.	0.27381	2.9063e-006
14612	-0.37476	0.	0.67796	7.9786e-007
14613	-0.52122	0.	0.63912	7.8326e-007
14614	-0.37484	0.	0.61213	1.1172e-006
14615	-0.47395	0.	0.69183	7.1102e-007
14616	-0.41112	0.	0.58629	1.3451e-006
14621	-0.17336	0.	0.56481	1.7638e-006
14622	-0.25896	0.	0.5418	1.9487e-006
14623	-0.15369	0.	0.45943	3.5906e-006
14624	-0.14103	0.	0.51512	1.9497e-006
14625	-0.19381	0.	0.44145	3.914e-006
14626	-0.25247	0.	0.48251	2.648e-006
14632	0.42839	0.	0.2423	4.1656e-006
14633	0.54874	0.	0.22344	3.0582e-006
14634	0.4061	0.	0.16162	7.808e-006
14635	0.50567	0.	0.25574	3.3055e-006
14636	0.53142	0.	0.1506	3.4836e-006
14637	0.43188	0.	0.11936	6.5129e-006
14641	-5.0576e-002	0.	0.1006	4.4452e-004
14642	-4.1706e-002	0.	7.1424e-002	4.6456e-004
14643	-9.6243e-002	0.	9.7951e-002	4.4938e-004
14644	-0.10119	0.	6.4285e-002	5.4532e-004
14645	-8.49e-002	0.	5.2914e-002	1.2782e-003
14646	-7.0477e-002	0.	5.3505e-002	2.7518e-003
14647	-5.5591e-002	0.	5.5028e-002	2.3628e-003
14653	-2.1334e-002	0.	9.9736e-002	4.0657e-004
14654	-7.5871e-002	0.	0.12626	1.0732e-004
14655	8.6092e-003	0.	0.14355	9.4478e-005
14656	-5.6835e-002	0.	0.16073	8.4428e-005
14662	0.44997	0.	0.62128	9.9654e-007
14663	0.57471	0.	0.62844	6.5601e-007
14664	0.44155	0.	0.68543	6.677e-007
14665	0.54809	0.	0.70635	5.5829e-007
14666	0.48855	0.	0.72164	6.0599e-007
14670	0.1573	0.	0.11206	8.8905e-005
14671	0.27342	0.	0.14202	2.1632e-005
14672	0.24578	0.	0.182	2.1323e-005
14673	0.20153	0.	0.19045	2.1363e-005
14674	0.16428	0.	0.15877	3.3686e-005
14679	-0.66272	0.	0.68385	5.4569e-007
14680	-0.71738	0.	0.79749	3.322e-007
14681	-0.66541	0.	0.76096	3.9692e-007
14682	-0.75705	0.	0.7668	3.3259e-007
14683	-0.77057	0.	0.72261	3.7368e-007
14687	0.14577	0.	0.68324	8.7953e-007
14688	0.10211	0.	0.82164	3.9524e-007
14689	0.17582	0.	0.81002	4.4261e-007
14690	7.4895e-002	0.	0.7493	4.7489e-007
14691	9.8593e-002	0.	0.6969	6.6496e-007
14693	-0.15123	0.	0.2382	2.3637e-005
14694	-0.14775	0.	0.15495	9.3354e-005
14695	-0.19197	0.	0.13863	5.9851e-005
14696	-0.12871	0.	0.18942	3.445e-005
14697	-0.19735	0.	0.24622	2.3821e-005
14698	-0.22523	0.	0.18338	2.8774e-005
14702	0.64902	0.	0.20198	1.748e-006
14703	0.70385	0.	0.18052	1.5282e-006
14704	0.6317	0.	0.12915	2.1983e-006
14705	0.7272	0.	0.11945	1.5199e-006
14707	0.59856	0.	0.86494	2.8675e-007
14708	0.62632	0.	0.79764	3.2861e-007
14709	0.70281	0.	0.79145	2.7165e-007
14710	0.71484	0.	0.86772	2.1946e-007
14711	0.65371	0.	0.89271	2.4648e-007
14714	-0.33501	0.	0.77938	5.5329e-007
14715	-0.42068	0.	0.86243	3.7028e-007
14716	-0.29026	0.	0.82883	3.789e-007
14717	-0.3098	0.	0.8841	3.2146e-007
14718	-0.4342	0.	0.79324	4.4938e-007
14719	-0.37084	0.	0.8892	3.476e-007
14725	-0.90678	0.	0.71906	2.66e-007
14726	-0.86657	0.	0.84424	1.867e-007
14727	-0.93861	0.	0.82574	1.7139e-007
14728	-0.84504	0.	0.79059	2.3451e-007
14729	-0.85856	0.	0.7464	2.7957e-007
14730	-0.94715	0.	0.74774	2.216e-007
14734	-0.31405	0.	0.6471	1.0466e-006
14735	-0.26923	0.	0.76238	5.4374e-007
14736	-0.41317	0.	0.72679	6.0901e-007
14737	-0.2574	0.	0.71295	6.8618e-007
14743	1.1623e-002	0.	5.4651e-002	9.5133e-004
14744	1.7479e-002	0.	0.11437	4.2479e-004
14745	-9.7403e-003	0.	5.4247e-002	2.0142e-003
14746	-2.6349e-002	0.	5.416e-002	2.3386e-003
14752	6.8994e-002	0.	6.5823e-002	7.8856e-004
14753	7.485e-002	0.	0.12554	1.2017e-004
14754	0.10926	0.	0.13962	9.0275e-005
14759	0.15908	0.	0.40867	4.8635e-006
14760	0.11395	0.	0.38042	4.9901e-006
14761	0.17635	0.	0.29732	8.9853e-006
14762	0.11257	0.	0.3373	7.0374e-006
14763	0.13031	0.	0.30638	1.3087e-005
14766	-0.90368	0.	0.29013	8.9837e-007
14767	-0.83218	0.	0.40398	8.11e-007
14768	-0.94698	0.	0.33525	7.6118e-007
14769	-0.94264	0.	0.42747	6.4363e-007
14770	-0.88223	0.	0.42838	7.1062e-007
14771	-0.85453	0.	0.29522	1.011e-006
14775	-0.88569	0.	0.16234	1.1494e-006
14776	-0.94911	0.	0.17822	9.6685e-007
14777	-0.95442	0.	0.26149	8.5941e-007
14778	-0.86197	0.	0.22146	1.104e-006
14781	0.35682	0.	0.2335	7.6707e-006
14782	0.38317	0.	0.3868	3.0931e-006
14783	0.32917	0.	0.27348	7.407e-006
14784	0.45639	0.	0.32762	3.2877e-006
14789	0.63011	0.	0.35339	1.4474e-006
14790	0.67464	0.	0.255	1.5386e-006
14791	0.57674	0.	0.30876	2.0341e-006
14792	0.60249	0.	0.20362	2.2015e-006
14796	-0.36804	0.	0.15411	1.615e-005
14797	-0.27017	0.	9.5386e-002	5.8001e-005
14798	-0.38349	0.	9.5164e-002	1.6944e-005
14799	-0.30344	0.	0.14013	2.1764e-005
14804	0.45395	0.	0.88361	3.38e-007
14805	0.29466	0.	0.87624	3.5509e-007
14806	0.37517	0.	0.7954	5.0131e-007
14807	0.42217	0.	0.83161	4.2807e-007
14812	-0.54879	0.	0.83424	3.6917e-007
14813	-0.49883	0.	0.80984	4.3723e-007
14814	-0.5497	0.	0.90382	3.1877e-007
14815	-0.43547	0.	0.9058	3.3111e-007
14820	0.88699	0.	0.27488	7.8789e-007
14821	0.80021	0.	0.22358	1.0934e-006
14822	0.88121	0.	0.1543	9.4308e-007
14823	0.82356	0.	0.16251	1.0863e-006
14829	-0.11606	0.	0.35332	8.0872e-006
14830	-6.7411e-002	0.	0.27686	1.075e-005
14831	-0.15617	0.	0.33534	8.3249e-006
14832	-0.10599	0.	0.24133	2.4538e-005
14833	-0.17463	0.	0.29814	1.0179e-005
14837	-0.64666	0.	0.1329	3.1746e-006
14838	-0.48609	0.	0.18429	6.6362e-006
14839	-0.50154	0.	0.12534	7.5279e-006
14840	-0.63158	0.	0.19374	3.315e-006
14845	-0.70043	0.	0.42588	1.0893e-006
14846	-0.65477	0.	0.46379	1.0947e-006
14847	-0.56593	0.	0.4108	1.8193e-006
14848	-0.66472	0.	0.31751	1.7702e-006
14855	-8.68e-002	0.	0.63364	8.2773e-007
14856	-0.22854	0.	0.60428	1.1368e-006
14857	-0.11062	0.	0.57759	1.2513e-006
14858	-0.17189	0.	0.67013	8.2763e-007
14861	0.15769	0.	0.54555	2.2733e-006
14862	0.22415	0.	0.61831	1.1161e-006
14863	0.112	0.	0.63235	9.8549e-007
14864	0.19798	0.	0.57463	1.4727e-006
14871	0.39219	0.	0.52084	1.6086e-006
14872	0.38873	0.	0.6464	9.6142e-007
14873	0.34313	0.	0.60008	1.1622e-006
14874	0.31697	0.	0.5564	1.5284e-006
14879	-0.60959	0.	0.71234	5.3149e-007
14880	-0.64185	0.	0.57756	7.5931e-007
14881	-0.55963	0.	0.68795	5.8958e-007
14885	-5.4468e-002	0.	0.58395	1.1867e-006
14886	-6.6123e-003	0.	0.6954	6.1252e-007
14887	1.7086e-002	0.	0.643	7.8917e-007
14891	-0.30765	0.	0.52198	2.1237e-006
14892	-0.35042	0.	0.55542	1.5579e-006
14893	-0.25748	0.	0.64713	1.015e-006
14897	0.56563	0.	0.8197	3.5819e-007
14898	0.59302	0.	0.91476	2.786e-007
14899	0.5061	0.	0.83499	4.1042e-007
14902	0.14557	0.	0.88387	2.9822e-007
14903	4.4639e-002	0.	0.82314	3.3196e-007
14904	1.5435e-002	0.	0.86873	2.1266e-007
14909	-9.0943e-002	0.	0.47222	3.1912e-006
14910	-6.0566e-002	0.	0.43565	3.7801e-006
14911	-0.14372	0.	0.39854	4.7959e-006
14915	-0.39661	0.	0.38424	3.9476e-006
14916	-0.34716	0.	0.44854	2.9048e-006
14917	-0.44614	0.	0.42416	2.6313e-006
14918	-0.38994	0.	0.48199	2.3863e-006
14921	0.8883	0.	0.85724	1.2569e-007
14922	0.87929	0.	0.74908	2.1408e-007
14923	0.8134	0.	0.77192	2.2357e-007
14924	0.82542	0.	0.8482	1.6572e-007
14930	-0.72246	0.	0.48197	8.3753e-007
14931	-0.81817	0.	0.46847	7.2673e-007
14934	-0.66425	0.	0.82598	3.2094e-007
14935	-0.77742	0.	0.88547	2.0838e-007
14936	-0.75589	0.	0.83182	2.5162e-007
14937	-0.66515	0.	0.89556	2.6742e-007
14947	0.30688	0.	0.1928	1.0725e-005
14948	0.3603	0.	0.11056	9.9055e-006
14951	-0.79355	0.	0.10698	1.632e-006
14952	-0.76984	0.	0.1661	1.5853e-006
14953	-0.71178	0.	0.16648	2.0692e-006
14959	0.46045	0.	0.40025	2.0654e-006
14960	0.312	0.	0.49499	1.8289e-006
14965	-0.40288	0.	0.27125	6.8739e-006
14966	-0.35408	0.	0.23898	8.5029e-006
14967	-0.42116	0.	0.14947	9.5857e-006
14968	-0.34111	0.	0.19444	1.543e-005
14973	-0.12648	0.	8.9945e-002	3.7644e-004
14974	-0.16576	0.	0.10729	1.0878e-004
14975	-0.1025	0.	0.15808	8.8885e-005
14980	-4.7906e-002	0.	0.49134	2.2543e-006
14985	0.82957	0.	0.54435	5.3665e-007
14986	0.88768	0.	0.63682	3.2344e-007
14987	0.89212	0.	0.51677	4.5707e-007
14991	-1.1776e-002	0.	0.79639	3.2103e-007
14992	4.1125e-002	0.	0.6984	6.2355e-007
14996	-0.17937	0.	0.8551	2.9329e-007
14997	-0.24401	0.	0.8671	3.1514e-007
14998	-0.21265	0.	0.76241	5.3501e-007
15003	0.64353	0.	0.51344	8.7706e-007
15004	0.70118	0.	0.46984	9.2407e-007
15005	0.58704	0.	0.38569	1.7398e-006
15009	0.11107	0.	0.44414	3.5725e-006
15010	0.19649	0.	0.50148	2.5469e-006
15015	0.7043	0.	0.55297	6.4736e-007
15016	0.62001	0.	0.67448	4.9714e-007
15017	0.69651	0.	0.66828	4.5031e-007
15021	-8.7624e-002	0.	0.87018	1.8095e-007
15022	-0.19891	0.	0.91037	2.1843e-007
15026	-0.56232	0.	0.76505	4.4929e-007
15027	-0.61318	0.	0.85903	3.32e-007
15031	-0.1707	0.	7.3626e-002	3.5964e-004
15032	-0.11514	0.	4.4907e-002	1.4877e-003
15037	0.33471	0.	0.66424	8.529e-007
15038	0.42731	0.	0.74677	5.7086e-007
15043	0.23499	0.	0.24124	1.0976e-005
15048	0.26294	0.	0.57424	1.4337e-006
15052	0.82451	0.	0.48179	6.1112e-007
15057	0.89504	0.	0.39518	6.1457e-007
15060	-0.95403	0.	0.57456	3.9668e-007
15061	-0.87082	0.	0.68541	3.2047e-007
15062	-0.89363	0.	0.57547	4.6728e-007
15063	-0.95941	0.	0.68675	2.7289e-007
15069	-4.4888e-002	0.	0.22807	2.3348e-005
15070	2.843e-002	0.	0.29663	1.1065e-005
15071	4.6176e-002	0.	0.2657	1.5753e-005
15075	-0.91066	0.	0.88993	1.3583e-007
15076	-0.81709	0.	0.85478	2.0645e-007
15081	2.4204e-002	0.	0.43533	3.2435e-006
15082	6.4553e-002	0.	0.37277	5.9781e-006
15086	4.1566e-002	0.	9.8461e-002	7.5861e-004
15087	1.4346e-002	0.	3.8342e-002	2.2288e-003
15094	0.15349	0.	0.21801	2.4947e-005
15095	0.1447	0.	0.25874	1.5418e-005
15102	0.75281	0.	0.17247	1.2967e-006
15106	-0.99124	0.	0.79343	1.7551e-007
15113	-0.35125	0.	0.3018	6.732e-006
15114	-0.44959	0.	0.37399	3.6426e-006
15119	-0.24325	0.	0.13572	5.7248e-005
15124	-0.2616	0.	0.28785	9.1475e-006
15125	-0.28948	0.	0.225	1.5367e-005
15132	0.83331	0.	0.90159	1.3524e-007
15138	0.81227	0.	0.71715	2.7346e-007
15143	8.1835e-002	0.	0.17225	7.5188e-005
15144	7.3042e-002	0.	0.21299	6.6717e-005
15151	-8.443e-002	0.	3.4128e-002	3.3513e-003
15155	0.10745	0.	0.22707	2.8038e-005
15160	-5.512e-002	0.	3.6241e-002	3.2455e-003
15171	-0.20229	0.	0.34336	7.5604e-006
15172	-0.2425	0.	0.42162	4.0334e-006
15183	-2.3625e-002	0.	3.7852e-002	3.0691e-003
15189	0.66988	0.	0.7462	3.4359e-007
15190	0.53385	0.	0.76769	4.5044e-007
15196	-0.32459	0.	0.92747	2.796e-007
15209	-0.80909	0.	0.75695	2.9477e-007
15214	-0.24863	0.	0.24331	1.5747e-005
15219	-0.92368	0.	0.12419	1.1232e-006
15220	-0.83653	0.	0.16742	1.2555e-006
15223	-0.99241	0.	0.22334	8.3311e-007
15235	-0.34393	0.	0.49613	2.3267e-006
15239	-0.99337	0.	0.39883	6.0367e-007
15243	0.83382	0.	0.1032	1.1491e-006
15248	-0.92862	0.	0.49196	5.4576e-007
15253	0.7584	0.	0.81627	2.3803e-007
15270	8.0916e-002	0.	0.29873	1.3703e-005
15272	0.7093	0.	0.91754	2.0797e-007
15286	-0.75476	0.	0.22693	1.7152e-006
