Node Number	X Location (m)	Y Location (m)	Z Location (m)	Total Magnetic Flux Density (T)
115	-0.44	0.	5.5e-002	0.50379
116	-0.418	0.	5.5e-002	0.59199
117	-0.396	0.	5.5e-002	0.77742
118	-0.352	0.	5.5e-002	1.0456
119	-0.308	0.	5.5e-002	1.2097
120	-0.264	0.	5.5e-002	1.3175
121	-0.22	0.	5.5e-002	1.3637
122	-0.176	0.	5.5e-002	1.323
123	-0.132	0.	5.5e-002	1.2216
124	-8.8e-002	0.	5.5e-002	1.0486
125	-4.4e-002	0.	5.5e-002	0.82258
126	0.	0.	5.5e-002	0.49719
127	-2.2e-002	0.	5.5e-002	0.61849
205	-2.2e-002	0.	-5.5e-002	0.61496
206	0.	0.	-5.5e-002	0.49838
207	-4.4e-002	0.	-5.5e-002	0.8215
208	-8.8e-002	0.	-5.5e-002	1.0749
209	-0.132	0.	-5.5e-002	1.2355
210	-0.176	0.	-5.5e-002	1.3129
211	-0.22	0.	-5.5e-002	1.3545
212	-0.264	0.	-5.5e-002	1.3186
213	-0.308	0.	-5.5e-002	1.2132
214	-0.352	0.	-5.5e-002	1.0517
215	-0.396	0.	-5.5e-002	0.78489
216	-0.418	0.	-5.5e-002	0.60592
217	-0.44	0.	-5.5e-002	0.51346
595	0.	0.	0.	0.40806
596	-0.44	0.	0.	0.45871
1044	-4.4e-002	0.	0.	0.77148
1045	-0.1306	0.	8.6736e-019	1.1911
1046	-0.21707	0.	0.	1.3468
1047	-0.286	0.	0.	1.2521
1048	-0.35131	0.	1.9516e-018	1.0087
2682	-0.429	0.	5.5e-002	0.54326
2684	-0.44	0.	2.75e-002	0.44688
2690	-0.407	0.	5.5e-002	0.67641
2692	-0.429	0.	2.75e-002	0.50744
2695	-0.374	0.	5.5e-002	0.91065
2697	-0.418	0.	2.75e-002	0.61309
2698	-0.37366	0.	2.75e-002	0.88872
2701	-0.33	0.	5.5e-002	1.127
2703	-0.35166	0.	2.75e-002	1.0255
2706	-0.286	0.	5.5e-002	1.2635
2708	-0.297	0.	2.75e-002	1.2306
2709	-0.32966	0.	2.75e-002	1.1088
2712	-0.242	0.	5.5e-002	1.3405
2714	-0.24054	0.	2.75e-002	1.3321
2715	-0.275	0.	2.75e-002	1.2847
2719	-0.198	0.	5.5e-002	1.3433
2721	-0.21854	0.	2.75e-002	1.3552
2724	-0.154	0.	5.5e-002	1.2721
2726	-0.1533	0.	2.75e-002	1.2569
2727	-0.19654	0.	2.75e-002	1.3348
2730	-0.11	0.	5.5e-002	1.1349
2732	-0.1313	0.	2.75e-002	1.2056
2735	-6.6e-002	0.	5.5e-002	0.93377
2737	-6.6e-002	0.	2.75e-002	0.90882
2738	-0.1093	0.	2.75e-002	1.1183
2741	-3.3e-002	0.	5.5e-002	0.71771
2743	-4.4e-002	0.	2.75e-002	0.79236
2746	-1.1e-002	0.	5.5e-002	0.54906
2748	0.	0.	2.75e-002	0.42113
2752	-1.1e-002	0.	2.75e-002	0.50114
2753	-3.3e-002	0.	2.75e-002	0.68161
3123	-1.1e-002	0.	-5.5e-002	0.5493
3124	-3.3e-002	0.	-5.5e-002	0.71473
3125	-1.1e-002	0.	-2.75e-002	0.49961
3126	-3.3e-002	0.	-2.75e-002	0.6796
3131	0.	0.	-2.75e-002	0.42434
3137	-6.6e-002	0.	-5.5e-002	0.94628
3138	-4.4e-002	0.	-2.75e-002	0.79251
3141	-0.11	0.	-5.5e-002	1.1551
3142	-6.6e-002	0.	-2.75e-002	0.92215
3143	-0.1093	0.	-2.75e-002	1.1322
3147	-0.154	0.	-5.5e-002	1.274
3148	-0.1313	0.	-2.75e-002	1.213
3151	-0.198	0.	-5.5e-002	1.3336
3152	-0.1533	0.	-2.75e-002	1.2519
3153	-0.19654	0.	-2.75e-002	1.3298
3158	-0.242	0.	-5.5e-002	1.3364
3159	-0.21854	0.	-2.75e-002	1.3506
3162	-0.286	0.	-5.5e-002	1.2658
3163	-0.24054	0.	-2.75e-002	1.3326
3164	-0.275	0.	-2.75e-002	1.2853
3167	-0.33	0.	-5.5e-002	1.132
3168	-0.297	0.	-2.75e-002	1.2323
3169	-0.32966	0.	-2.75e-002	1.1106
3172	-0.374	0.	-5.5e-002	0.91782
3173	-0.35166	0.	-2.75e-002	1.0287
3176	-0.407	0.	-5.5e-002	0.68727
3177	-0.418	0.	-2.75e-002	0.61728
3178	-0.37366	0.	-2.75e-002	0.89363
3182	-0.429	0.	-5.5e-002	0.55441
3183	-0.429	0.	-2.75e-002	0.51592
3188	-0.44	0.	-2.75e-002	0.45266
5509	-2.2e-002	0.	0.	0.58708
5518	-0.39566	0.	9.7582e-019	0.73052
8505	-8.7298e-002	0.	4.3368e-019	0.98109
8511	-0.17384	0.	4.3368e-019	1.2689
8520	-0.25154	0.	0.	1.2994
8528	-0.31866	0.	9.7582e-019	1.1304
78	-0.418	0.	-6.875e-002	0.21321
79	-0.396	0.	-6.875e-002	0.1584
80	-0.352	0.	-6.875e-002	0.11041
81	-0.308	0.	-6.875e-002	7.276e-002
82	-0.264	0.	-6.875e-002	4.4824e-002
83	-0.22	0.	-6.875e-002	3.0318e-002
84	-0.176	0.	-6.875e-002	4.379e-002
85	-0.132	0.	-6.875e-002	7.2985e-002
86	-8.8e-002	0.	-6.875e-002	0.11161
87	-4.4e-002	0.	-6.875e-002	0.15721
88	-2.2e-002	0.	-6.875e-002	0.21244
89	-2.2e-002	0.	6.875e-002	0.21521
90	-4.4e-002	0.	6.875e-002	0.15853
91	-8.8e-002	0.	6.875e-002	0.11126
92	-0.132	0.	6.875e-002	7.374e-002
93	-0.176	0.	6.875e-002	4.4505e-002
94	-0.22	0.	6.875e-002	3.0305e-002
95	-0.264	0.	6.875e-002	4.4165e-002
96	-0.308	0.	6.875e-002	7.307e-002
97	-0.352	0.	6.875e-002	0.11155
98	-0.396	0.	6.875e-002	0.15906
99	-0.418	0.	6.875e-002	0.21466
100	0.	0.	6.875e-002	0.25137
101	0.	0.	8.25e-002	0.18242
102	-2.2e-002	0.	8.25e-002	0.17033
103	-4.4e-002	0.	8.25e-002	0.14081
104	-8.8e-002	0.	8.25e-002	0.10363
105	-0.132	0.	8.25e-002	7.4801e-002
106	-0.176	0.	8.25e-002	5.3678e-002
107	-0.22	0.	8.25e-002	4.5257e-002
108	-0.264	0.	8.25e-002	5.3413e-002
109	-0.308	0.	8.25e-002	7.3828e-002
110	-0.352	0.	8.25e-002	0.10384
111	-0.396	0.	8.25e-002	0.14161
112	-0.418	0.	8.25e-002	0.17013
113	-0.44	0.	6.875e-002	0.24963
114	-0.44	0.	8.25e-002	0.18061
115	-0.44	0.	5.5e-002	0.31891
116	-0.418	0.	5.5e-002	0.25944
117	-0.396	0.	5.5e-002	0.17689
118	-0.352	0.	5.5e-002	0.12127
119	-0.308	0.	5.5e-002	7.57e-002
120	-0.264	0.	5.5e-002	3.8907e-002
121	-0.22	0.	5.5e-002	1.5352e-002
122	-0.176	0.	5.5e-002	3.9178e-002
123	-0.132	0.	5.5e-002	7.6023e-002
124	-8.8e-002	0.	5.5e-002	0.12094
125	-4.4e-002	0.	5.5e-002	0.17665
126	0.	0.	5.5e-002	0.32046
127	-2.2e-002	0.	5.5e-002	0.26027
205	-2.2e-002	0.	-5.5e-002	0.25645
206	0.	0.	-5.5e-002	0.31499
207	-4.4e-002	0.	-5.5e-002	0.17536
208	-8.8e-002	0.	-5.5e-002	0.12107
209	-0.132	0.	-5.5e-002	7.5604e-002
210	-0.176	0.	-5.5e-002	3.8413e-002
211	-0.22	0.	-5.5e-002	1.5375e-002
212	-0.264	0.	-5.5e-002	3.9452e-002
213	-0.308	0.	-5.5e-002	7.5092e-002
214	-0.352	0.	-5.5e-002	0.12001
215	-0.396	0.	-5.5e-002	0.17608
216	-0.418	0.	-5.5e-002	0.25793
217	-0.44	0.	-5.5e-002	0.31655
325	-0.418	0.	-8.25e-002	0.16876
326	-0.44	0.	-8.25e-002	0.17891
327	-0.396	0.	-8.25e-002	0.14114
328	-0.352	0.	-8.25e-002	0.10283
329	-0.308	0.	-8.25e-002	7.3887e-002
330	-0.264	0.	-8.25e-002	5.4128e-002
331	-0.22	0.	-8.25e-002	4.5268e-002
332	-0.176	0.	-8.25e-002	5.3099e-002
333	-0.132	0.	-8.25e-002	7.3722e-002
334	-8.8e-002	0.	-8.25e-002	0.1042
335	-4.4e-002	0.	-8.25e-002	0.1395
336	-2.2e-002	0.	-8.25e-002	0.16862
337	0.	0.	-8.25e-002	0.18272
347	-0.44	0.	-6.875e-002	0.24762
351	0.	0.	-6.875e-002	0.24878
2532	-0.407	0.	-6.875e-002	0.18469
2533	-0.418	0.	-6.1875e-002	0.23555
2534	-0.418	0.	-7.5625e-002	0.19094
2535	-0.429	0.	-6.875e-002	0.2299
2536	-0.374	0.	-6.875e-002	0.13416
2537	-0.396	0.	-6.1875e-002	0.1672
2538	-0.396	0.	-7.5625e-002	0.14971
2539	-0.33	0.	-6.875e-002	9.1194e-002
2540	-0.352	0.	-6.1875e-002	0.11498
2541	-0.352	0.	-7.5625e-002	0.10634
2542	-0.286	0.	-6.875e-002	5.8043e-002
2543	-0.308	0.	-6.1875e-002	7.3503e-002
2544	-0.308	0.	-7.5625e-002	7.2889e-002
2545	-0.242	0.	-6.875e-002	3.4656e-002
2546	-0.264	0.	-6.1875e-002	4.1525e-002
2547	-0.264	0.	-7.5625e-002	4.9102e-002
2548	-0.198	0.	-6.875e-002	3.393e-002
2549	-0.22	0.	-6.1875e-002	2.2845e-002
2550	-0.22	0.	-7.5625e-002	3.7793e-002
2551	-0.154	0.	-6.875e-002	5.7556e-002
2552	-0.176	0.	-6.1875e-002	4.0486e-002
2553	-0.176	0.	-7.5625e-002	4.8074e-002
2554	-0.11	0.	-6.875e-002	9.1948e-002
2555	-0.132	0.	-6.1875e-002	7.3887e-002
2556	-0.132	0.	-7.5625e-002	7.293e-002
2557	-6.6e-002	0.	-6.875e-002	0.13416
2558	-8.8e-002	0.	-6.1875e-002	0.11611
2559	-8.8e-002	0.	-7.5625e-002	0.10762
2560	-3.3e-002	0.	-6.875e-002	0.18367
2561	-4.4e-002	0.	-6.1875e-002	0.16624
2562	-4.4e-002	0.	-7.5625e-002	0.14829
2563	-2.2e-002	0.	-6.1875e-002	0.23443
2564	-2.2e-002	0.	-7.5625e-002	0.1905
2565	-1.1e-002	0.	-6.875e-002	0.23013
2566	-3.3e-002	0.	6.875e-002	0.1857
2567	-1.1e-002	0.	6.875e-002	0.23278
2568	-2.2e-002	0.	7.5625e-002	0.19274
2569	-2.2e-002	0.	6.1875e-002	0.23772
2570	-6.6e-002	0.	6.875e-002	0.13463
2571	-4.4e-002	0.	7.5625e-002	0.14961
2572	-4.4e-002	0.	6.1875e-002	0.16755
2573	-0.11	0.	6.875e-002	9.2143e-002
2574	-8.8e-002	0.	7.5625e-002	0.10716
2575	-8.8e-002	0.	6.1875e-002	0.11587
2576	-0.154	0.	6.875e-002	5.8357e-002
2577	-0.132	0.	7.5625e-002	7.385e-002
2578	-0.132	0.	6.1875e-002	7.4472e-002
2579	-0.198	0.	6.875e-002	3.4276e-002
2580	-0.176	0.	7.5625e-002	4.8725e-002
2581	-0.176	0.	6.1875e-002	4.1243e-002
2582	-0.242	0.	6.875e-002	3.4264e-002
2583	-0.22	0.	7.5625e-002	3.7781e-002
2584	-0.22	0.	6.1875e-002	2.2828e-002
2585	-0.286	0.	6.875e-002	5.7802e-002
2586	-0.264	0.	7.5625e-002	4.841e-002
2587	-0.264	0.	6.1875e-002	4.0914e-002
2588	-0.33	0.	6.875e-002	9.1941e-002
2589	-0.308	0.	7.5625e-002	7.3021e-002
2590	-0.308	0.	6.1875e-002	7.3973e-002
2591	-0.374	0.	6.875e-002	0.13505
2592	-0.352	0.	7.5625e-002	0.10741
2593	-0.352	0.	6.1875e-002	0.11618
2594	-0.407	0.	6.875e-002	0.18571
2595	-0.396	0.	7.5625e-002	0.15028
2596	-0.396	0.	6.1875e-002	0.16793
2597	-0.418	0.	7.5625e-002	0.19235
2598	-0.429	0.	6.875e-002	0.23163
2599	-0.418	0.	6.1875e-002	0.23703
2600	0.	0.	7.5625e-002	0.21687
2601	0.	0.	6.1875e-002	0.2859
2604	-1.1e-002	0.	8.25e-002	0.17596
2609	-3.3e-002	0.	8.25e-002	0.1544
2614	-6.6e-002	0.	8.25e-002	0.12152
2619	-0.11	0.	8.25e-002	8.8559e-002
2624	-0.154	0.	8.25e-002	6.3199e-002
2629	-0.198	0.	8.25e-002	4.7324e-002
2635	-0.242	0.	8.25e-002	4.7356e-002
2641	-0.286	0.	8.25e-002	6.251e-002
2647	-0.33	0.	8.25e-002	8.8141e-002
2654	-0.374	0.	8.25e-002	0.12206
2660	-0.407	0.	8.25e-002	0.15479
2666	-0.429	0.	8.25e-002	0.17498
2670	-0.44	0.	7.5625e-002	0.21507
2671	-0.44	0.	6.1875e-002	0.28425
2682	-0.429	0.	5.5e-002	0.28858
2690	-0.407	0.	5.5e-002	0.21704
2695	-0.374	0.	5.5e-002	0.14904
2701	-0.33	0.	5.5e-002	9.8376e-002
2706	-0.286	0.	5.5e-002	5.7026e-002
2712	-0.242	0.	5.5e-002	2.3578e-002
2719	-0.198	0.	5.5e-002	2.3583e-002
2724	-0.154	0.	5.5e-002	5.7336e-002
2730	-0.11	0.	5.5e-002	9.8374e-002
2735	-6.6e-002	0.	5.5e-002	0.14875
2741	-3.3e-002	0.	5.5e-002	0.21734
2746	-1.1e-002	0.	5.5e-002	0.28978
3123	-1.1e-002	0.	-5.5e-002	0.28517
3124	-3.3e-002	0.	-5.5e-002	0.21484
3130	0.	0.	-6.1875e-002	0.28187
3137	-6.6e-002	0.	-5.5e-002	0.14818
3141	-0.11	0.	-5.5e-002	9.8233e-002
3147	-0.154	0.	-5.5e-002	5.6724e-002
3151	-0.198	0.	-5.5e-002	2.304e-002
3158	-0.242	0.	-5.5e-002	2.4058e-002
3162	-0.286	0.	-5.5e-002	5.7012e-002
3167	-0.33	0.	-5.5e-002	9.7436e-002
3172	-0.374	0.	-5.5e-002	0.14801
3176	-0.407	0.	-5.5e-002	0.21591
3182	-0.429	0.	-5.5e-002	0.28665
3187	-0.44	0.	-6.1875e-002	0.28207
3918	-0.429	0.	-8.25e-002	0.17342
3919	-0.407	0.	-8.25e-002	0.15388
3924	-0.44	0.	-7.5625e-002	0.21323
3930	-0.374	0.	-8.25e-002	0.12131
3934	-0.33	0.	-8.25e-002	8.7629e-002
3940	-0.286	0.	-8.25e-002	6.3007e-002
3944	-0.242	0.	-8.25e-002	4.7705e-002
3950	-0.198	0.	-8.25e-002	4.7112e-002
3955	-0.154	0.	-8.25e-002	6.2282e-002
3959	-0.11	0.	-8.25e-002	8.8307e-002
3963	-6.6e-002	0.	-8.25e-002	0.1212
3967	-3.3e-002	0.	-8.25e-002	0.15288
3971	-1.1e-002	0.	-8.25e-002	0.17528
3975	0.	0.	-7.5625e-002	0.21572
206	0.	0.	-5.5e-002	0.22498
217	-0.44	0.	-5.5e-002	0.23927
325	-0.418	0.	-8.25e-002	0.11688
326	-0.44	0.	-8.25e-002	0.13261
327	-0.396	0.	-8.25e-002	0.10897
328	-0.352	0.	-8.25e-002	8.7268e-002
329	-0.308	0.	-8.25e-002	6.5888e-002
330	-0.264	0.	-8.25e-002	5.1787e-002
331	-0.22	0.	-8.25e-002	4.8453e-002
332	-0.176	0.	-8.25e-002	5.2189e-002
333	-0.132	0.	-8.25e-002	6.2981e-002
334	-8.8e-002	0.	-8.25e-002	8.8047e-002
335	-4.4e-002	0.	-8.25e-002	0.10264
336	-2.2e-002	0.	-8.25e-002	0.12474
337	0.	0.	-8.25e-002	0.12395
347	-0.44	0.	-6.875e-002	0.18082
351	0.	0.	-6.875e-002	0.20058
418	1.	0.	-9.8409e-002	6.6704e-004
419	1.	0.	-0.19682	5.9813e-004
420	1.	0.	-0.29523	5.652e-004
421	1.	0.	-0.39364	4.7188e-004
422	1.	0.	-0.49205	3.7923e-004
423	1.	0.	-0.59045	2.9128e-004
424	1.	0.	-0.68886	2.2696e-004
425	1.	0.	-0.78727	1.6662e-004
426	1.	0.	-0.88568	1.1681e-004
427	1.	0.	-0.98409	4.5324e-005
438	0.89833	0.	-1.0825	5.3271e-005
439	0.79667	0.	-1.0825	1.0765e-004
440	0.695	0.	-1.0825	1.4589e-004
441	0.59333	0.	-1.0825	2.0372e-004
442	0.49167	0.	-1.0825	2.503e-004
443	0.39	0.	-1.0825	2.9601e-004
444	0.28833	0.	-1.0825	3.0786e-004
445	0.18667	0.	-1.0825	2.995e-004
446	8.5e-002	0.	-1.0825	2.6421e-004
447	-1.6667e-002	0.	-1.0825	1.8659e-004
448	-0.11833	0.	-1.0825	1.0425e-004
449	-0.22	0.	-1.0825	6.4635e-005
450	-0.32167	0.	-1.0825	1.225e-004
451	-0.42333	0.	-1.0825	2.0494e-004
452	-0.525	0.	-1.0825	2.6457e-004
453	-0.62667	0.	-1.0825	2.9591e-004
454	-0.72833	0.	-1.0825	2.9847e-004
455	-0.83	0.	-1.0825	2.7692e-004
456	-0.93167	0.	-1.0825	2.6529e-004
457	-1.0333	0.	-1.0825	2.0153e-004
458	-1.135	0.	-1.0825	1.5191e-004
459	-1.2367	0.	-1.0825	1.0428e-004
460	-1.3383	0.	-1.0825	4.4676e-005
466	-1.44	0.	-0.98409	4.9961e-005
467	-1.44	0.	-0.88568	1.0759e-004
468	-1.44	0.	-0.78727	1.6085e-004
469	-1.44	0.	-0.68886	2.3663e-004
470	-1.44	0.	-0.59045	2.9946e-004
471	-1.44	0.	-0.49205	4.0076e-004
472	-1.44	0.	-0.39364	4.8714e-004
473	-1.44	0.	-0.29523	5.4474e-004
474	-1.44	0.	-0.19682	6.0824e-004
475	-1.44	0.	-9.8409e-002	6.6133e-004
481	0.1	0.	0.	6.1444e-002
482	0.2	0.	0.	2.0499e-002
483	0.3	0.	0.	7.5397e-003
484	0.4	0.	0.	4.2338e-003
485	0.5	0.	0.	2.2321e-003
486	0.6	0.	0.	1.5255e-003
487	0.7	0.	0.	1.2547e-003
488	0.8	0.	0.	8.2813e-004
489	0.9	0.	0.	7.0264e-004
490	-1.34	0.	0.	6.922e-004
491	-1.24	0.	0.	8.5891e-004
492	-1.14	0.	0.	1.1061e-003
493	-1.04	0.	0.	1.6024e-003
494	-0.94	0.	0.	2.2064e-003
495	-0.84	0.	0.	3.8514e-003
496	-0.74	0.	0.	6.9382e-003
497	-0.64	0.	0.	1.798e-002
498	-0.54	0.	0.	6.8874e-002
595	0.	0.	0.	0.2424
596	-0.44	0.	0.	0.2286
601	1.	0.	-1.0825	2.8662e-005
602	1.	0.	0.	6.7826e-004
603	-1.44	0.	-1.0825	2.7333e-005
604	-1.44	0.	0.	6.6353e-004
784	0.14521	0.	-0.55521	1.5491e-003
785	-0.59172	0.	-0.57968	1.3835e-003
786	-0.50856	0.	-0.36347	5.6662e-003
787	8.2117e-002	0.	-0.35417	5.7901e-003
788	-0.18973	0.	-0.44889	2.9046e-003
789	-1.0307	0.	-0.49963	7.2813e-004
790	0.59573	0.	-0.48937	7.3183e-004
791	-0.26164	0.	-0.78995	4.4326e-004
792	-0.24598	0.	-0.27	1.0884e-002
793	4.8382e-002	0.	-0.18968	2.3578e-002
794	-0.47604	0.	-0.2075	1.7781e-002
795	-0.76208	0.	-0.41028	2.408e-003
796	0.33883	0.	-0.40584	2.2387e-003
797	0.49894	0.	-0.80148	3.7072e-004
798	-0.93859	0.	-0.77709	4.1248e-004
799	-0.37544	0.	-0.52297	2.1248e-003
800	-8.617e-002	0.	-0.28951	1.117e-002
801	8.1279e-002	0.	-0.74453	7.7087e-004
802	-1.9409e-002	0.	-0.65595	1.0463e-003
803	-0.55557	0.	-0.91152	3.5039e-004
804	-1.279	0.	-0.73882	2.3328e-004
805	0.67611	0.	-0.76832	2.6364e-004
806	0.22992	0.	-0.37301	3.2788e-003
807	-0.57139	0.	-0.27509	8.3899e-003
808	0.61472	0.	-0.32538	1.1878e-003
809	-1.0613	0.	-0.17644	1.4703e-003
810	-0.303	0.	-0.34467	6.6661e-003
811	-0.32267	0.	-0.24917	1.4293e-002
812	-0.16999	0.	-0.145	3.8104e-002
813	-0.36326	0.	-0.7075	7.7125e-004
814	3.9676e-002	0.	-0.54486	1.8464e-003
815	-0.35668	0.	-0.19192	2.8862e-002
816	-0.23881	0.	-0.66743	8.7521e-004
817	-0.85655	0.	-0.33542	1.8828e-003
818	0.38789	0.	-0.11813	4.0504e-003
819	-0.85504	0.	-0.64849	7.9032e-004
820	0.35834	0.	-0.54818	1.2218e-003
821	0.85688	0.	-0.53758	3.8575e-004
822	0.36631	0.	-0.69817	6.3356e-004
823	-3.1664e-002	0.	-0.17158	3.4365e-002
824	-1.3115	0.	-0.42577	4.9758e-004
825	-0.6525	0.	-0.83065	5.217e-004
826	-3.6503e-002	0.	-0.42036	3.6676e-003
827	-0.39436	0.	-0.12805	6.4351e-002
828	1.4125e-003	0.	-0.95007	2.8071e-004
829	0.23306	0.	-0.92851	3.7599e-004
830	0.79351	0.	-0.28143	7.2433e-004
831	-0.45712	0.	-0.15006	4.2199e-002
832	1.6336e-002	0.	-0.12263	6.1754e-002
833	-0.74026	0.	-0.29387	3.5121e-003
834	-8.8068e-002	0.	-0.56939	1.5793e-003
835	0.20143	0.	-0.1795	1.0219e-002
836	-0.40003	0.	-0.36245	5.2884e-003
837	-1.201	0.	-0.90175	1.5387e-004
838	-0.39944	0.	-0.86602	3.7173e-004
839	-0.21497	0.	-0.36375	5.11e-003
840	-0.50788	0.	-0.76908	5.8775e-004
841	-0.13239	0.	-0.21592	1.9993e-002
842	0.8608	0.	-0.83765	1.4553e-004
843	0.1236	0.	-0.45055	3.2756e-003
844	-0.54813	0.	-0.4575	2.658e-003
845	-0.78131	0.	-0.15071	4.6151e-003
846	0.12346	0.	-0.16444	1.8914e-002
847	7.6055e-002	0.	-0.10083	4.7344e-002
848	-1.0964	0.	-0.77116	3.0861e-004
849	-0.13933	0.	-0.72127	6.2806e-004
850	-1.1395	0.	-0.60454	4.4179e-004
851	-0.57302	0.	-9.7046e-002	2.6967e-002
852	-0.49797	0.	-9.3096e-002	5.5343e-002
853	0.54563	0.	-0.14233	1.8974e-003
854	0.43972	0.	-0.28649	2.2617e-003
855	-0.72611	0.	-0.62139	1.0074e-003
856	-0.26618	0.	-0.93734	1.5349e-004
857	-1.3057	0.	-0.13036	7.1602e-004
858	-1.075	0.	-0.33501	1.0117e-003
859	-0.9354	0.	-0.13377	2.4497e-003
860	0.73604	0.	-0.44085	6.6707e-004
861	0.35691	0.	-0.84307	4.1127e-004
862	-0.13646	0.	-0.36652	5.4214e-003
863	-0.27907	0.	-0.49569	2.297e-003
864	-0.16646	0.	-0.28563	8.7712e-003
865	0.61549	0.	-0.93385	2.1338e-004
866	-0.10131	0.	-0.16583	3.2391e-002
867	-0.40036	0.	-0.23529	1.4893e-002
868	-0.49049	0.	-0.65255	1.0685e-003
869	-0.19799	0.	-0.55786	1.6337e-003
870	0.52656	0.	-0.63668	5.9099e-004
871	0.69503	0.	-0.597	4.2106e-004
872	0.12944	0.	-0.24679	8.4496e-003
873	-0.2026	0.	-0.2043	2.1138e-002
874	0.22005	0.	-0.75305	6.1793e-004
875	-0.95572	0.	-0.93587	2.7783e-004
876	-0.34098	0.	-0.43003	3.433e-003
877	-0.63401	0.	-0.36808	4.1858e-003
878	-0.79721	0.	-0.53395	1.4968e-003
879	0.30349	0.	-0.20908	4.9726e-003
880	0.22919	0.	-0.48011	1.9639e-003
881	-0.67313	0.	-0.49639	1.7033e-003
882	-0.61833	0.	-0.70658	8.5649e-004
883	-0.30696	0.	-0.59292	1.3593e-003
884	-0.76028	0.	-0.74547	5.7979e-004
885	-1.9309e-002	0.	-0.24471	1.5759e-002
886	-1.1547	0.	-0.45659	5.8814e-004
887	0.47841	0.	-0.95511	2.8785e-004
888	0.44708	0.	-0.44918	1.3663e-003
889	2.7841e-002	0.	-8.095e-002	0.10312
890	-1.3065	0.	-0.56914	3.6061e-004
891	-0.99712	0.	-0.64943	5.7313e-004
892	-0.66416	0.	-0.21949	7.8703e-003
893	0.24204	0.	-0.61914	1.1572e-003
894	-0.17174	0.	-0.8417	3.296e-004
895	-7.4323e-003	0.	-0.31688	8.0708e-003
896	0.70662	0.	-0.12987	1.0548e-003
897	-0.45312	0.	-0.28997	9.922e-003
898	-6.8638e-002	0.	-0.12775	5.995e-002
899	-7.0523e-002	0.	-0.84158	3.9482e-004
900	-0.31692	0.	-0.13636	4.9375e-002
901	-0.47777	0.	-0.54767	1.9084e-003
902	0.88867	0.	-0.40998	4.8824e-004
903	-0.56093	0.	-0.19715	1.6969e-002
904	0.8781	0.	-0.96438	8.9425e-005
905	-0.37103	0.	-0.97799	2.07e-004
906	-1.2026	0.	-0.351	7.3038e-004
907	0.86744	0.	-0.68588	2.3245e-004
908	-0.10198	0.	-0.43414	3.5849e-003
909	-0.80841	0.	-0.86833	3.8236e-004
910	0.87684	0.	-0.16368	6.964e-004
911	-0.26016	0.	-0.42105	3.6125e-003
912	-1.325	0.	-0.96141	8.1024e-005
913	-0.46762	0.	-8.1362e-002	0.10291
914	-0.85502	0.	-0.44372	1.632e-003
915	-1.325	0.	-0.29222	5.7596e-004
916	-0.12368	0.	-0.96378	1.8208e-004
917	0.34563	0.	-0.97635	3.2165e-004
918	-0.37367	0.	-0.29627	9.5001e-003
919	-0.43801	0.	-0.11375	8.0403e-002
920	-0.67561	0.	-0.11912	1.1206e-002
921	-0.40211	0.	-0.60922	1.2048e-003
922	0.75369	0.	-0.94487	1.4127e-004
923	-0.15477	0.	-0.6313	1.1654e-003
924	-7.4744e-002	0.	-0.21858	1.8808e-002
925	-5.9362e-002	0.	-0.3623	5.7862e-003
926	0.16045	0.	-8.9605e-002	2.5379e-002
927	-0.9146	0.	-0.52938	1.0606e-003
928	-0.95244	0.	-0.40104	1.219e-003
929	-1.1902	0.	-0.23256	8.13e-004
930	-1.969e-002	0.	-0.11067	8.5903e-002
931	-0.84641	0.	-0.23513	2.7023e-003
932	-0.42018	0.	-0.18481	2.783e-002
933	4.5464e-002	0.	-0.27058	1.1553e-002
934	-0.42957	0.	-0.4601	3.1981e-003
935	-0.28364	0.	-0.20014	2.4099e-002
936	0.26076	0.	-0.10011	9.2398e-003
937	-1.3296	0.	-0.84903	1.4575e-004
938	3.8901e-002	0.	-0.84427	4.3006e-004
939	-1.0891	0.	-0.91782	2.1048e-004
940	0.22299	0.	-0.27315	5.6455e-003
941	-5.0529e-002	0.	-0.48406	2.452e-003
942	0.16539	0.	-0.32074	4.8314e-003
943	-0.50994	0.	-0.15472	3.2203e-002
944	0.11082	0.	-0.9472	3.2871e-004
945	2.1504e-003	0.	-0.37966	4.5242e-003
946	-2.3538e-002	0.	-0.7557	6.3191e-004
947	0.13856	0.	-0.84209	4.6349e-004
948	0.11981	0.	-0.64746	1.058e-003
949	0.30823	0.	-0.30979	3.2061e-003
950	2.7205e-002	0.	-0.44161	3.0535e-003
951	-1.1648	0.	-9.2535e-002	1.0972e-003
952	-0.24159	0.	-0.13616	3.6502e-002
953	-0.83057	0.	-0.97671	3.2055e-004
954	-0.11199	0.	-0.12072	5.7199e-002
955	-0.9626	0.	-0.26476	1.5874e-003
956	-0.48403	0.	-0.99917	2.7168e-004
957	-0.68362	0.	-0.95239	3.5066e-004
958	-0.12854	0.	-0.49937	2.1522e-003
1438	-0.48324	0.	-3.0064e-002	0.14718
1439	-0.49361	0.	-5.0048e-002	8.6187e-002
1440	-0.45725	0.	-6.4976e-002	0.18336
1444	1.6058e-002	0.	-6.4569e-002	0.16133
1445	5.8598e-002	0.	-4.6423e-002	9.0945e-002
1446	4.3203e-002	0.	-3.0071e-002	0.14658
3130	0.	0.	-6.1875e-002	0.2089
3131	0.	0.	-2.75e-002	0.22986
3132	8.0291e-003	0.	-5.9785e-002	0.19133
3133	2.1601e-002	0.	-4.2535e-002	0.185
3187	-0.44	0.	-6.1875e-002	0.20571
3188	-0.44	0.	-2.75e-002	0.23137
3189	-0.46162	0.	-4.2532e-002	0.19264
3190	-0.44862	0.	-5.9988e-002	0.2094
3918	-0.429	0.	-8.25e-002	0.12215
3919	-0.407	0.	-8.25e-002	0.11257
3920	-0.40618	0.	-0.10528	9.0334e-002
3921	-0.42801	0.	-9.8125e-002	9.7933e-002
3924	-0.44	0.	-7.5625e-002	0.15453
3925	-0.45381	0.	-8.1931e-002	0.11706
3926	-0.43901	0.	-9.8125e-002	0.10616
3927	-0.44862	0.	-7.3738e-002	0.1537
3930	-0.374	0.	-8.25e-002	9.7585e-002
3931	-0.39518	0.	-0.10528	8.6607e-002
3934	-0.33	0.	-8.25e-002	7.5568e-002
3935	-0.37318	0.	-0.10528	7.5301e-002
3936	-0.33446	0.	-0.10943	6.721e-002
3940	-0.286	0.	-8.25e-002	5.7795e-002
3941	-0.31246	0.	-0.10943	5.7615e-002
3944	-0.242	0.	-8.25e-002	4.8946e-002
3945	-0.29046	0.	-0.10943	4.9882e-002
3946	-0.25279	0.	-0.10933	4.3765e-002
3950	-0.198	0.	-8.25e-002	4.8958e-002
3951	-0.195	0.	-0.11375	4.195e-002
3952	-0.23079	0.	-0.10933	4.2319e-002
3955	-0.154	0.	-8.25e-002	5.6781e-002
3956	-0.173	0.	-0.11375	4.5103e-002
3959	-0.11	0.	-8.25e-002	7.4307e-002
3960	-0.151	0.	-0.11375	5.0014e-002
3961	-0.12199	0.	-0.10161	5.9947e-002
3963	-6.6e-002	0.	-8.25e-002	9.4648e-002
3964	-7.8319e-002	0.	-0.10513	7.3918e-002
3965	-9.9995e-002	0.	-0.10161	7.208e-002
3967	-3.3e-002	0.	-8.25e-002	0.11286
3968	-5.6319e-002	0.	-0.10513	8.1088e-002
3969	-3.1845e-002	0.	-9.6587e-002	9.397e-002
3971	-1.1e-002	0.	-8.25e-002	0.12305
3972	-2.0845e-002	0.	-9.6587e-002	0.10521
3975	0.	0.	-7.5625e-002	0.15975
3976	8.1678e-003	0.	-0.10257	9.2843e-002
3977	1.3921e-002	0.	-8.1725e-002	0.11285
3978	-9.8448e-003	0.	-9.6587e-002	0.10316
3979	8.0291e-003	0.	-7.3535e-002	0.13887
4038	-0.44862	0.	-6.6863e-002	0.18165
4053	8.0291e-003	0.	-6.666e-002	0.18068
4478	1.	0.	-0.14761	6.3251e-004
4480	0.95	0.	-4.9205e-002	6.8482e-004
4481	1.	0.	-4.9205e-002	6.7262e-004
4482	0.93842	0.	-0.13105	6.815e-004
4485	1.	0.	-0.24602	5.8153e-004
4486	0.93842	0.	-0.18025	6.4721e-004
4490	1.	0.	-0.34443	5.1849e-004
4491	0.89675	0.	-0.28833	6.4329e-004
4492	0.94433	0.	-0.35261	5.2654e-004
4493	0.93842	0.	-0.22946	6.3076e-004
4497	1.	0.	-0.44284	4.255e-004
4498	0.94433	0.	-0.40181	4.7972e-004
4501	1.	0.	-0.54125	3.3523e-004
4502	0.92844	0.	-0.51481	3.809e-004
4503	0.94433	0.	-0.45102	4.3363e-004
4506	1.	0.	-0.63966	2.5911e-004
4507	0.92844	0.	-0.56402	3.3737e-004
4508	0.93372	0.	-0.63817	2.6044e-004
4510	1.	0.	-0.73807	1.9677e-004
4511	0.93372	0.	-0.68737	2.2869e-004
4514	1.	0.	-0.83648	1.4134e-004
4515	0.9304	0.	-0.81246	1.5383e-004
4516	0.93372	0.	-0.73658	1.9897e-004
4518	1.	0.	-0.93489	8.075e-005
4519	0.9304	0.	-0.86167	1.3055e-004
4520	0.93905	0.	-0.92503	1.013e-004
4525	0.94917	0.	-1.0333	4.736e-005
4526	1.	0.	-1.0333	3.6484e-005
4527	0.93905	0.	-0.97423	6.7122e-005
4599	0.8475	0.	-1.0825	8.0146e-005
4600	0.94917	0.	-1.0825	4.0583e-005
4601	0.88822	0.	-1.0234	7.008e-005
4605	0.74583	0.	-1.0825	1.2654e-004
4606	0.83738	0.	-1.0234	9.4888e-005
4607	0.77518	0.	-1.0137	1.2397e-004
4611	0.64417	0.	-1.0825	1.7462e-004
4612	0.65524	0.	-1.0082	1.7933e-004
4613	0.72435	0.	-1.0137	1.4202e-004
4616	0.5425	0.	-1.0825	2.2697e-004
4617	0.60441	0.	-1.0082	2.0755e-004
4618	0.53587	0.	-1.0188	2.4573e-004
4621	0.44083	0.	-1.0825	2.7314e-004
4622	0.48504	0.	-1.0188	2.6888e-004
4625	0.33917	0.	-1.0825	3.0186e-004
4626	0.43421	0.	-1.0188	2.917e-004
4627	0.36782	0.	-1.0294	3.088e-004
4630	0.2375	0.	-1.0825	3.0356e-004
4631	0.2607	0.	-1.0055	3.4191e-004
4632	0.31698	0.	-1.0294	3.1459e-004
4637	0.13583	0.	-1.0825	2.8168e-004
4638	0.20986	0.	-1.0055	3.3766e-004
4639	0.14874	0.	-1.0149	3.1375e-004
4643	3.4167e-002	0.	-1.0825	2.2397e-004
4644	4.3206e-002	0.	-1.0163	2.7076e-004
4645	9.7908e-002	0.	-1.0149	2.964e-004
4647	-6.75e-002	0.	-1.0825	1.4478e-004
4648	-7.6271e-003	0.	-1.0163	2.3364e-004
4649	-7.0173e-002	0.	-1.0231	1.766e-004
4654	-0.16917	0.	-1.0825	7.9183e-005
4655	-0.12101	0.	-1.0231	1.4067e-004
4659	-0.27083	0.	-1.0825	7.3707e-005
4660	-0.24309	0.	-1.0099	1.0397e-004
4661	-0.17184	0.	-1.0231	1.215e-004
4664	-0.3725	0.	-1.0825	1.6224e-004
4665	-0.29393	0.	-1.0099	1.2844e-004
4666	-0.34635	0.	-1.0302	1.6471e-004
4670	-0.47417	0.	-1.0825	2.3389e-004
4671	-0.39718	0.	-1.0302	2.0434e-004
4672	-0.45368	0.	-1.0408	2.3822e-004
4677	-0.57583	0.	-1.0825	2.8021e-004
4678	-0.50451	0.	-1.0408	2.6753e-004
4680	-0.6775	0.	-1.0825	2.971e-004
4681	-0.59112	0.	-0.99701	3.2253e-004
4682	-0.55535	0.	-1.0408	2.8287e-004
4683	-0.65514	0.	-1.0174	3.232e-004
4687	-0.77917	0.	-1.0825	2.8762e-004
4688	-0.77945	0.	-1.0296	3.0921e-004
4689	-0.70598	0.	-1.0174	3.2457e-004
4694	-0.88083	0.	-1.0825	2.7106e-004
4695	-0.83029	0.	-1.0296	2.9866e-004
4699	-0.9825	0.	-1.0825	2.3331e-004
4700	-0.94369	0.	-1.0092	2.7091e-004
4701	-0.88112	0.	-1.0296	2.9291e-004
4704	-1.0842	0.	-1.0825	1.7666e-004
4705	-0.99452	0.	-1.0092	2.3949e-004
4706	-1.0612	0.	-1.0002	2.0434e-004
4711	-1.1858	0.	-1.0825	1.2806e-004
4712	-1.168	0.	-0.99213	1.4987e-004
4713	-1.112	0.	-1.0002	1.8023e-004
4715	-1.2875	0.	-1.0825	7.3928e-005
4716	-1.2188	0.	-0.99213	1.2715e-004
4717	-1.2808	0.	-1.022	9.0919e-005
4721	-1.3892	0.	-1.0333	4.5621e-005
4722	-1.3892	0.	-1.0825	3.553e-005
4723	-1.3316	0.	-1.022	6.2732e-005
4753	-1.44	0.	-0.93489	7.83e-005
4754	-1.44	0.	-1.0333	3.8201e-005
4755	-1.3825	0.	-0.97275	6.415e-005
4759	-1.44	0.	-0.83648	1.3408e-004
4760	-1.3825	0.	-0.92355	8.9698e-005
4761	-1.3848	0.	-0.86736	1.261e-004
4765	-1.44	0.	-0.73807	1.9867e-004
4766	-1.3595	0.	-0.76305	1.9577e-004
4767	-1.3848	0.	-0.81815	1.5175e-004
4769	-1.44	0.	-0.63966	2.6802e-004
4770	-1.3595	0.	-0.71384	2.3258e-004
4771	-1.3732	0.	-0.629	2.9807e-004
4774	-1.44	0.	-0.54125	3.5005e-004
4775	-1.3732	0.	-0.5798	3.2912e-004
4777	-1.44	0.	-0.44284	4.4389e-004
4778	-1.3757	0.	-0.45891	4.4852e-004
4779	-1.3732	0.	-0.53059	3.7961e-004
4783	-1.44	0.	-0.34443	5.1575e-004
4784	-1.3757	0.	-0.4097	4.9142e-004
4785	-1.3825	0.	-0.34293	5.3153e-004
4789	-1.44	0.	-0.24602	5.7647e-004
4790	-1.3825	0.	-0.29372	5.6003e-004
4792	-1.44	0.	-0.14761	6.3468e-004
4793	-1.3729	0.	-0.16359	6.6202e-004
4794	-1.3825	0.	-0.24452	5.917e-004
4799	-1.39	0.	-4.9205e-002	6.7675e-004
4800	-1.44	0.	-4.9205e-002	6.6242e-004
4801	-1.3729	0.	-0.11439	6.8824e-004
4841	0.15	0.	0.	4.0944e-002
4842	5.e-002	0.	0.	0.15181
4845	0.13023	0.	-4.4803e-002	4.2898e-002
4848	7.9299e-002	0.	-2.3212e-002	7.4738e-002
4849	7.1601e-002	0.	-1.5035e-002	0.10354
4853	0.25	0.	0.	1.4e-002
4856	0.18023	0.	-4.4803e-002	2.271e-002
4857	0.23038	0.	-5.0055e-002	1.4835e-002
4863	0.35	0.	0.	5.8832e-003
4866	0.34395	0.	-5.9063e-002	5.7766e-003
4867	0.28038	0.	-5.0055e-002	8.3252e-003
4871	0.45	0.	0.	3.2309e-003
4873	0.39395	0.	-5.9063e-002	4.1125e-003
4877	0.55	0.	0.	1.8781e-003
4880	0.44395	0.	-5.9063e-002	3.1299e-003
4881	0.52281	0.	-7.1163e-002	2.0553e-003
4887	0.65	0.	0.	1.3894e-003
4890	0.57281	0.	-7.1163e-002	1.702e-003
4891	0.65331	0.	-6.4935e-002	1.2882e-003
4895	0.75	0.	0.	1.0413e-003
4897	0.70331	0.	-6.4935e-002	1.1523e-003
4901	0.85	0.	0.	7.652e-004
4904	0.75331	0.	-6.4935e-002	9.402e-004
4905	0.83842	0.	-8.1842e-002	7.6214e-004
4912	0.95	0.	0.	6.9045e-004
4914	0.88842	0.	-8.1842e-002	6.9914e-004
4919	-1.29	0.	0.	7.7549e-004
4921	-1.39	0.	0.	6.7784e-004
4923	-1.3229	0.	-6.5182e-002	7.0371e-004
4927	-1.19	0.	0.	9.8243e-004
4930	-1.2729	0.	-6.5182e-002	7.8725e-004
4931	-1.2024	0.	-4.6267e-002	9.7729e-004
4936	-1.09	0.	0.	1.3534e-003
4938	-1.1524	0.	-4.6267e-002	1.1004e-003
4942	-0.99	0.	0.	1.9007e-003
4945	-1.0507	0.	-8.8219e-002	1.528e-003
4946	-0.9877	0.	-6.6884e-002	2.0194e-003
4947	-1.1024	0.	-4.6267e-002	1.3492e-003
4950	-0.89	0.	0.	3.0201e-003
4953	-0.9377	0.	-6.6884e-002	2.3129e-003
4959	-0.79	0.	0.	5.3885e-003
4961	-0.81065	0.	-7.5356e-002	4.1789e-003
4962	-0.8877	0.	-6.6884e-002	3.1424e-003
4964	-0.69	0.	0.	1.2434e-002
4967	-0.76065	0.	-7.5356e-002	5.7073e-003
4968	-0.7078	0.	-5.9562e-002	8.8772e-003
4973	-0.59	0.	0.	4.3398e-002
4976	-0.60651	0.	-4.8523e-002	2.2054e-002
4977	-0.6578	0.	-5.9562e-002	1.4402e-002
4985	-0.49	0.	0.	0.14862
4987	-0.55651	0.	-4.8523e-002	4.6795e-002
4990	-0.51162	0.	-1.5032e-002	0.10744
4991	-0.5168	0.	-2.5024e-002	7.5465e-002
5510	2.1601e-002	0.	-1.5035e-002	0.19371
5519	-0.46162	0.	-1.5032e-002	0.18746
6626	9.2444e-002	0.	-0.55004	1.6765e-003
6627	0.1344	0.	-0.50288	2.4104e-003
6628	0.1872	0.	-0.51766	1.7372e-003
6629	0.19362	0.	-0.58717	1.3463e-003
6630	0.13251	0.	-0.60134	1.2982e-003
6634	-0.56992	0.	-0.51859	2.0202e-003
6635	-0.65892	0.	-0.60054	1.1852e-003
6636	-0.54111	0.	-0.61612	1.2115e-003
6637	-0.63242	0.	-0.53804	1.5263e-003
6638	-0.60503	0.	-0.64313	1.1192e-003
6639	-0.53474	0.	-0.56368	1.623e-003
6642	-0.53998	0.	-0.31928	6.8891e-003
6643	-0.4543	0.	-0.36296	5.3566e-003
6644	-0.52834	0.	-0.41048	4.1617e-003
6645	-0.57129	0.	-0.36578	4.8494e-003
6646	-0.48084	0.	-0.32672	7.7852e-003
6647	-0.46907	0.	-0.41179	4.3615e-003
6651	0.10286	0.	-0.40236	4.5326e-003
6652	0.10578	0.	-0.30048	7.0121e-003
6653	3.7343e-002	0.	-0.33552	6.8688e-003
6654	6.3791e-002	0.	-0.31237	8.6711e-003
6655	0.12375	0.	-0.33745	5.2502e-003
6656	4.2134e-002	0.	-0.36691	5.0498e-003
6657	5.4661e-002	0.	-0.39789	4.3565e-003
6661	-0.20235	0.	-0.40632	3.9917e-003
6662	-0.1631	0.	-0.4077	4.0726e-003
6663	-0.2344	0.	-0.47229	2.5241e-003
6664	-0.19386	0.	-0.50337	2.2691e-003
6665	-0.14585	0.	-0.44151	3.133e-003
6666	-0.22494	0.	-0.43497	3.1735e-003
6667	-0.15913	0.	-0.47413	2.4872e-003
6672	-1.0851	0.	-0.55208	5.849e-004
6673	-1.0528	0.	-0.41732	8.6571e-004
6674	-1.0927	0.	-0.47811	6.5435e-004
6675	-1.0139	0.	-0.57453	6.4614e-004
6676	-0.97266	0.	-0.5145	8.884e-004
6677	-0.99159	0.	-0.45033	9.7341e-004
6681	0.60523	0.	-0.40737	9.5258e-004
6682	0.66589	0.	-0.46511	6.9294e-004
6683	0.56115	0.	-0.56302	6.5625e-004
6684	0.64538	0.	-0.54318	5.7576e-004
6685	0.52141	0.	-0.46927	1.0477e-003
6690	-0.31245	0.	-0.74872	5.896e-004
6691	-0.25022	0.	-0.72869	6.5884e-004
6692	-0.33054	0.	-0.82798	3.8883e-004
6693	-0.20048	0.	-0.75561	5.1472e-004
6694	-0.26391	0.	-0.86364	2.9803e-004
6695	-0.21669	0.	-0.81582	3.7133e-004
6698	-0.27449	0.	-0.30733	8.5424e-003
6699	-0.28432	0.	-0.25958	1.2054e-002
6700	-0.23047	0.	-0.31688	7.976e-003
6701	-0.20622	0.	-0.27781	9.4626e-003
6702	-0.22429	0.	-0.23715	1.5815e-002
6703	-0.26481	0.	-0.23507	1.7255e-002
6707	8.359e-003	0.	-0.18063	2.8263e-002
6708	3.2359e-002	0.	-0.15616	4.2646e-002
6709	8.592e-002	0.	-0.17706	2.0723e-002
6710	6.2218e-002	0.	-0.14525	3.4443e-002
6711	8.8912e-002	0.	-0.21823	1.5978e-002
6712	1.4536e-002	0.	-0.2172	1.9209e-002
6713	4.6923e-002	0.	-0.23013	1.7469e-002
6719	-0.52372	0.	-0.2413	1.3015e-002
6720	-0.46658	0.	-0.17878	2.9983e-002
6721	-0.4382	0.	-0.22139	1.5879e-002
6722	-0.46458	0.	-0.24874	1.3724e-002
6723	-0.51848	0.	-0.20232	1.7025e-002
6724	-0.44811	0.	-0.19616	2.261e-002
6725	-0.49299	0.	-0.18111	2.4681e-002
6729	-0.80932	0.	-0.37285	2.1233e-003
6730	-0.75117	0.	-0.35208	2.9483e-003
6731	-0.69805	0.	-0.38918	3.2771e-003
6732	-0.77965	0.	-0.47212	1.95e-003
6733	-0.7176	0.	-0.45334	2.0294e-003
6734	-0.80855	0.	-0.427	2.0165e-003
6738	0.28438	0.	-0.38942	2.7481e-003
6739	0.34858	0.	-0.47701	1.7261e-003
6740	0.38928	0.	-0.34616	2.2192e-003
6741	0.28401	0.	-0.44298	2.0751e-003
6742	0.39296	0.	-0.42751	1.7987e-003
6743	0.32353	0.	-0.35782	2.717e-003
6746	0.58752	0.	-0.7849	3.1351e-004
6747	0.43263	0.	-0.74982	5.018e-004
6748	0.42792	0.	-0.82228	3.8891e-004
6749	0.55721	0.	-0.86767	2.9183e-004
6750	0.51275	0.	-0.71908	4.7801e-004
6751	0.48868	0.	-0.8783	3.2715e-004
6753	-0.89681	0.	-0.71279	6.0139e-004
6754	-1.0175	0.	-0.77413	3.5804e-004
6755	-0.94715	0.	-0.85648	3.4332e-004
6756	-0.84943	0.	-0.76128	4.9294e-004
6757	-0.96785	0.	-0.71326	4.9005e-004
6758	-0.8735	0.	-0.82271	3.9373e-004
6759	-1.0138	0.	-0.84746	3.1143e-004
6764	-0.32725	0.	-0.50933	2.1393e-003
6765	-0.35821	0.	-0.4765	2.7781e-003
6766	-0.3412	0.	-0.55795	1.7028e-003
6767	-0.4266	0.	-0.53532	1.9834e-003
6768	-0.38878	0.	-0.5661	1.6646e-003
6769	-0.40251	0.	-0.49154	2.619e-003
6772	-0.10928	0.	-0.25272	1.5478e-002
6773	-0.11132	0.	-0.32802	8.191e-003
6774	-0.12632	0.	-0.28757	9.5785e-003
6775	-5.274e-002	0.	-0.26711	1.3089e-002
6776	-4.6801e-002	0.	-0.30319	9.3938e-003
6777	-8.0457e-002	0.	-0.25405	1.4879e-002
6778	-7.2766e-002	0.	-0.32591	8.468e-003
6783	3.0935e-002	0.	-0.70024	8.9452e-004
6784	0.15067	0.	-0.74879	6.8777e-004
6785	6.009e-002	0.	-0.7944	5.9883e-004
6786	2.8871e-002	0.	-0.75012	6.9255e-004
6787	0.10992	0.	-0.79331	6.1601e-004
6788	0.10054	0.	-0.696	9.1262e-004
6792	1.0133e-002	0.	-0.6004	1.4282e-003
6793	-5.3738e-002	0.	-0.61267	1.3053e-003
6794	-7.9368e-002	0.	-0.68861	8.0543e-004
6795	-8.7091e-002	0.	-0.64362	1.0657e-003
6796	-2.1473e-002	0.	-0.70582	8.3896e-004
6797	5.0201e-002	0.	-0.65171	1.0223e-003
6802	-0.60404	0.	-0.87109	4.3477e-004
6803	-0.47751	0.	-0.88877	3.451e-004
6804	-0.53173	0.	-0.8403	4.6693e-004
6805	-0.5198	0.	-0.95534	3.1078e-004
6806	-0.6196	0.	-0.93195	3.4931e-004
6813	-1.24	0.	-0.82029	1.8693e-004
6814	-1.1877	0.	-0.75499	2.6399e-004
6815	-1.2093	0.	-0.67168	3.3468e-004
6816	-1.2927	0.	-0.65398	2.9603e-004
6817	-1.3043	0.	-0.79393	1.8942e-004
6824	0.76846	0.	-0.80299	2.0102e-004
6825	0.6458	0.	-0.85109	2.3438e-004
6826	0.60134	0.	-0.7025	4.2695e-004
6827	0.68557	0.	-0.68266	3.3981e-004
6828	0.77177	0.	-0.7271	2.3831e-004
6829	0.7149	0.	-0.85659	2.0159e-004
6836	0.17676	0.	-0.41178	3.2278e-003
6837	0.22956	0.	-0.42656	2.6138e-003
6838	0.22645	0.	-0.32308	4.4376e-003
6839	0.19766	0.	-0.34687	4.0489e-003
6840	0.26908	0.	-0.3414	3.2041e-003
6846	-0.6027	0.	-0.32159	6.2848e-003
6847	-0.61777	0.	-0.24729	7.9861e-003
6848	-0.51226	0.	-0.28253	8.8686e-003
6849	-0.56616	0.	-0.23612	1.2629e-002
6853	0.70412	0.	-0.3034	9.4868e-004
6854	0.58017	0.	-0.23385	1.5318e-003
6855	0.52722	0.	-0.30593	1.721e-003
6856	0.67538	0.	-0.38312	9.2736e-004
6857	0.5309	0.	-0.38728	1.2567e-003
6858	0.66067	0.	-0.22762	1.105e-003
6862	-1.0681	0.	-0.25572	1.2344e-003
6863	-0.99836	0.	-0.1551	1.9596e-003
6864	-1.1258	0.	-0.2045	1.1413e-003
6865	-1.1131	0.	-0.13449	1.2789e-003
6866	-1.012	0.	-0.2206	1.5214e-003
6870	-0.31283	0.	-0.29692	1.0464e-002
6871	-0.35151	0.	-0.35356	5.7999e-003
6872	-0.25898	0.	-0.35421	5.6022e-003
6873	-0.32199	0.	-0.38735	5.0392e-003
6874	-0.28158	0.	-0.38286	5.0651e-003
6875	-0.33833	0.	-0.32047	7.9285e-003
6880	-0.33967	0.	-0.22054	2.128e-002
6881	-0.36151	0.	-0.24223	1.4126e-002
6882	-0.34817	0.	-0.27272	1.1778e-002
6883	-0.30315	0.	-0.22465	1.9072e-002
6888	-0.15119	0.	-0.18046	2.8881e-002
6889	-0.13565	0.	-0.15542	3.4102e-002
6890	-0.1863	0.	-0.17465	2.9267e-002
6891	-0.20579	0.	-0.14058	3.5207e-002
6892	-0.14099	0.	-0.13286	4.6579e-002
6896	-0.30104	0.	-0.68747	7.9235e-004
6897	-0.38135	0.	-0.78676	5.7071e-004
6898	-0.43557	0.	-0.73829	6.5792e-004
6899	-0.42688	0.	-0.68002	8.8935e-004
6900	-0.33511	0.	-0.65021	1.0544e-003
6901	-0.38269	0.	-0.65836	9.857e-004
6905	-2.4196e-002	0.	-0.55712	1.6496e-003
6906	8.1636e-002	0.	-0.49771	2.5132e-003
6907	-5.4267e-003	0.	-0.51446	2.1126e-003
6908	7.9743e-002	0.	-0.59616	1.4483e-003
6909	3.3441e-002	0.	-0.49324	2.4498e-003
6914	-0.37552	0.	-0.15999	4.6295e-002
6915	-0.37852	0.	-0.2136	2.1809e-002
6916	-0.3368	0.	-0.16414	3.8628e-002
6917	-0.38843	0.	-0.18837	2.7876e-002
6918	-0.32016	0.	-0.19603	2.5356e-002
6924	-0.18907	0.	-0.69435	7.2721e-004
6925	-0.2184	0.	-0.61264	1.2396e-003
6926	-0.27289	0.	-0.63018	1.1087e-003
6927	-0.19679	0.	-0.64937	9.8295e-004
6931	-0.7984	0.	-0.31464	2.6939e-003
6932	-0.85579	0.	-0.38957	1.748e-003
6933	-0.9045	0.	-0.36823	1.5507e-003
6934	-0.85148	0.	-0.28527	2.2902e-003
6935	-0.90958	0.	-0.30009	1.7243e-003
6939	0.46676	0.	-0.13023	2.9738e-003
6940	0.41381	0.	-0.20231	3.0985e-003
6941	0.34569	0.	-0.1636	4.4059e-003
6942	0.32433	0.	-0.10912	6.6401e-003
6947	-0.79058	0.	-0.63494	8.9357e-004
6948	-0.82613	0.	-0.59122	1.1433e-003
6949	-0.80766	0.	-0.69698	6.8028e-004
6950	-0.92608	0.	-0.64896	6.7819e-004
6951	-0.88482	0.	-0.58893	9.2062e-004
6956	0.36232	0.	-0.62318	9.2525e-004
6957	0.44245	0.	-0.59243	9.0522e-004
6958	0.29376	0.	-0.51415	1.5866e-003
6959	0.40271	0.	-0.49868	1.2834e-003
6960	0.30019	0.	-0.58366	1.1787e-003
6963	0.79646	0.	-0.48921	5.2448e-004
6964	0.77596	0.	-0.56729	3.9693e-004
6965	0.87277	0.	-0.47378	4.3594e-004
6966	0.86216	0.	-0.61173	3.09e-004
6972	0.36161	0.	-0.77062	5.2094e-004
6973	0.44644	0.	-0.66742	6.07e-004
6974	0.29318	0.	-0.72561	6.1749e-004
6975	0.30417	0.	-0.65865	8.9382e-004
6979	-7.6641e-003	0.	-0.14711	4.6585e-002
6980	-6.6489e-002	0.	-0.16871	3.2641e-002
6981	-2.5487e-002	0.	-0.20815	2.5055e-002
6982	-5.0151e-002	0.	-0.14967	4.6972e-002
6983	-5.3204e-002	0.	-0.19508	2.6433e-002
6984	-2.5677e-002	0.	-0.14113	6.0038e-002
6989	-1.2331	0.	-0.44118	5.3882e-004
6990	-1.309	0.	-0.49746	4.2889e-004
6991	-1.257	0.	-0.38838	6.1263e-004
6992	-1.3183	0.	-0.359	5.3597e-004
6994	-0.58019	0.	-0.79986	5.4618e-004
6995	-0.63542	0.	-0.76861	6.8833e-004
6996	-0.70639	0.	-0.78806	5.4782e-004
6997	-0.73046	0.	-0.84949	4.5028e-004
6998	-0.66806	0.	-0.89152	4.3615e-004
7002	-6.9242e-002	0.	-0.42725	3.5763e-003
7003	-4.7933e-002	0.	-0.39133	4.7251e-003
7004	-4.3516e-002	0.	-0.45221	3.054e-003
7005	-1.7176e-002	0.	-0.40001	4.0709e-003
7006	-4.6488e-003	0.	-0.43098	3.3291e-003
7008	-0.42574	0.	-0.13906	5.2078e-002
7009	-0.35564	0.	-0.13221	5.4592e-002
7010	-0.41619	0.	-0.1209	7.0927e-002
7011	-0.40727	0.	-0.15643	4.6013e-002
7015	-3.4555e-002	0.	-0.89582	3.282e-004
7016	-6.1134e-002	0.	-0.95692	2.2198e-004
7017	2.0157e-002	0.	-0.89717	3.548e-004
7018	5.6114e-002	0.	-0.94864	3.0325e-004
7022	0.29499	0.	-0.88579	3.9236e-004
7023	0.22656	0.	-0.84078	4.9691e-004
7024	0.28935	0.	-0.95243	3.4854e-004
7025	0.17194	0.	-0.93786	3.5152e-004
7026	0.18581	0.	-0.8853	4.1837e-004
7031	0.76478	0.	-0.36114	6.9092e-004
7032	0.75006	0.	-0.20565	8.8879e-004
7033	0.84109	0.	-0.34571	6.0573e-004
7034	0.83517	0.	-0.22256	7.0815e-004
7039	-0.47755	0.	-0.12158	4.7458e-002
7040	-0.44756	0.	-0.1319	6.1285e-002
7041	-0.43865	0.	-0.16744	3.4598e-002
7042	-0.48353	0.	-0.15239	3.6832e-002
7046	4.6195e-002	0.	-0.11173	5.323e-002
7047	2.2088e-002	0.	-0.10179	8.2067e-002
7048	-1.677e-003	0.	-0.11665	7.2408e-002
7053	-0.76078	0.	-0.22229	3.9863e-003
7054	-0.68713	0.	-0.33098	3.7702e-003
7055	-0.70221	0.	-0.25668	5.6877e-003
7056	-0.79333	0.	-0.2645	3.0928e-003
7059	-0.14303	0.	-0.56362	1.5461e-003
7060	-0.12142	0.	-0.60034	1.3547e-003
7061	-6.9299e-002	0.	-0.52672	2.0084e-003
7062	-0.1083	0.	-0.53438	1.8571e-003
7066	0.16245	0.	-0.17197	1.4511e-002
7067	0.16544	0.	-0.21314	9.0736e-003
7068	0.25246	0.	-0.19429	7.5931e-003
7069	0.18094	0.	-0.13455	1.7706e-002
7070	0.2311	0.	-0.1398	9.5692e-003
7071	0.21221	0.	-0.22633	7.8781e-003
7075	-0.3705	0.	-0.39624	4.2948e-003
7076	-0.42658	0.	-0.32621	7.5161e-003
7077	-0.38685	0.	-0.32936	7.3853e-003
7078	-0.4148	0.	-0.41128	4.2402e-003
7082	-1.1487	0.	-0.83646	2.3108e-004
7083	-1.263	0.	-0.93158	1.1742e-004
7084	-1.2653	0.	-0.87539	1.455e-004
7085	-1.1451	0.	-0.90979	1.8134e-004
7090	-0.45366	0.	-0.81755	4.706e-004
7091	-0.33281	0.	-0.90168	2.5547e-004
7092	-0.38524	0.	-0.92201	2.87e-004
7093	-0.44173	0.	-0.93259	3.0965e-004
7100	-0.17572	0.	-0.36513	5.0134e-003
7101	-0.19072	0.	-0.32469	6.8154e-003
7102	-0.23756	0.	-0.3924	4.3208e-003
7106	-0.49919	0.	-0.71081	8.2808e-004
7107	-0.56311	0.	-0.73783	7.1642e-004
7111	-0.14943	0.	-0.25077	1.422e-002
7112	-0.11685	0.	-0.19088	2.5937e-002
7113	-0.16749	0.	-0.21011	1.9803e-002
7114	-0.10357	0.	-0.21725	1.8819e-002
7118	0.86945	0.	-0.90102	1.1696e-004
7119	0.86412	0.	-0.76177	1.8814e-004
7120	0.80725	0.	-0.89126	1.3782e-004
7124	0.17639	0.	-0.46533	2.6055e-003
7125	0.14449	0.	-0.38565	4.0148e-003
7126	7.5401e-002	0.	-0.44608	3.1063e-003
7130	-0.59107	0.	-0.41279	3.3712e-003
7131	-0.61063	0.	-0.47695	2.1636e-003
7132	-0.51295	0.	-0.50258	2.2449e-003
7133	-0.48885	0.	-0.4588	2.8776e-003
7137	-0.85835	0.	-0.14224	3.5198e-003
7138	-0.72273	0.	-0.1851	6.1337e-003
7139	-0.72846	0.	-0.13492	7.9003e-003
7140	-0.81386	0.	-0.19292	3.6416e-003
7145	9.9756e-002	0.	-0.13263	3.3115e-002
7146	0.12645	0.	-0.20561	1.3544e-002
7147	0.14196	0.	-0.12702	2.1719e-002
7152	5.1948e-002	0.	-9.0889e-002	7.4703e-002
7153	0.11825	0.	-9.5217e-002	3.5893e-002
7154	6.7326e-002	0.	-7.3626e-002	6.8557e-002
7160	-1.118	0.	-0.68785	3.7365e-004
7161	-1.0468	0.	-0.71029	4.4084e-004
7162	-1.0927	0.	-0.84449	2.5725e-004
7166	-0.15553	0.	-0.78149	4.7883e-004
7167	-0.10493	0.	-0.78143	5.0166e-004
7168	-0.14705	0.	-0.67629	8.9663e-004
7169	-8.1433e-002	0.	-0.73849	6.0111e-004
7175	-1.1471	0.	-0.53056	5.112e-004
7176	-1.223	0.	-0.58684	3.9187e-004
7177	-1.0683	0.	-0.62698	5.0478e-004
7182	-0.5355	0.	-9.5071e-002	4.0823e-002
7183	-0.56697	0.	-0.1471	2.1586e-002
7184	-0.62431	0.	-0.10809	1.9073e-002
7185	-0.54148	0.	-0.12588	2.8827e-002
7186	-0.53331	0.	-7.3547e-002	5.6571e-002
7191	-0.48279	0.	-8.7229e-002	7.897e-002
7192	-0.46799	0.	-0.10342	6.5836e-002
7193	-0.50396	0.	-0.12391	4.3599e-002
7194	-0.49579	0.	-7.1572e-002	7.008e-002
7199	0.49267	0.	-0.21441	2.0421e-003
7200	0.62612	0.	-0.1361	1.4743e-003
7205	0.37161	0.	-0.24778	3.6149e-003
7206	0.4434	0.	-0.36783	1.8031e-003
7207	0.37398	0.	-0.29814	2.7189e-003
7211	-0.76166	0.	-0.57767	1.2421e-003
7212	-0.69962	0.	-0.55889	1.3547e-003
7213	-0.67222	0.	-0.66398	9.1888e-004
7214	-0.74319	0.	-0.68343	7.9321e-004
7217	-0.21896	0.	-0.88952	2.3025e-004
7218	-0.31861	0.	-0.95767	1.6708e-004
7219	-0.19493	0.	-0.95056	1.4881e-004
7224	-1.3154	0.	-0.21129	6.4578e-004
7225	-1.248	0.	-0.18146	7.6234e-004
7226	-1.2353	0.	-0.11145	9.0639e-004
7232	-1.1148	0.	-0.3958	7.9987e-004
7233	-1.1388	0.	-0.343	8.6909e-004
7234	-1.0137	0.	-0.36802	1.1079e-003
7235	-1.1326	0.	-0.28378	9.0488e-004
7236	-1.0188	0.	-0.29988	1.2994e-003
7240	-0.8909	0.	-0.18445	2.5306e-003
7241	-0.949	0.	-0.19926	2.0046e-003
7245	0.71554	0.	-0.51893	5.4184e-004
7246	0.81235	0.	-0.42542	5.7056e-004
7251	0.28848	0.	-0.79806	5.1274e-004
7252	0.41766	0.	-0.89909	3.4953e-004
7253	0.35127	0.	-0.90971	3.6604e-004
7257	-0.15146	0.	-0.32607	7.0529e-003
7258	-0.11922	0.	-0.40033	4.4987e-003
7259	-9.7914e-002	0.	-0.36441	5.4671e-003
7262	-0.23853	0.	-0.52677	1.9057e-003
7263	-0.31002	0.	-0.46286	2.7921e-003
7264	-0.29302	0.	-0.54431	1.827e-003
7265	-0.26961	0.	-0.45837	2.9544e-003
7269	-0.18453	0.	-0.24496	1.4879e-002
7274	0.54695	0.	-0.94448	2.4986e-004
7275	0.68459	0.	-0.93936	1.7652e-004
7281	-8.4977e-002	0.	-0.14679	4.5872e-002
7282	-8.8029e-002	0.	-0.19221	2.5472e-002
7283	-0.10665	0.	-0.14328	4.4717e-002
7287	-0.42674	0.	-0.26263	1.2352e-002
7288	-0.38701	0.	-0.26578	1.2122e-002
7289	-0.41027	0.	-0.21005	2.1251e-002
7293	-0.55441	0.	-0.67956	9.5551e-004
7294	-0.48413	0.	-0.60011	1.4881e-003
7295	-0.4463	0.	-0.63089	1.1158e-003
7298	-0.25248	0.	-0.57539	1.4354e-003
7299	-0.17638	0.	-0.59458	1.3909e-003
7300	-0.16326	0.	-0.52861	1.8637e-003
7304	0.6108	0.	-0.61684	4.9894e-004
7305	0.48682	0.	-0.54293	9.7639e-004
7309	0.78124	0.	-0.64144	3.2311e-004
7313	8.7453e-002	0.	-0.25868	9.8357e-003
7314	0.17621	0.	-0.25997	7.0014e-003
7315	0.14742	0.	-0.28376	6.6337e-003
7320	-0.24312	0.	-0.20222	2.1304e-002
7321	-0.22209	0.	-0.17023	2.8403e-002
7327	0.23105	0.	-0.68609	8.8284e-004
7328	0.17931	0.	-0.79757	5.3918e-004
7329	0.16993	0.	-0.70026	8.3512e-004
7334	-0.88206	0.	-0.9021	3.299e-004
7335	-1.0224	0.	-0.92685	2.4324e-004
7336	-0.89314	0.	-0.95629	2.9854e-004
7342	-0.30057	0.	-0.42554	3.4168e-003
7343	-0.38528	0.	-0.44507	3.2445e-003
7348	-0.65357	0.	-0.43224	2.9417e-003
7349	-0.64908	0.	-0.29378	5.9119e-003
7354	-0.73517	0.	-0.51517	1.5902e-003
7355	-0.82612	0.	-0.48884	1.5569e-003
7356	-0.8559	0.	-0.53166	1.2746e-003
7360	0.28213	0.	-0.15459	7.0054e-003
7361	0.26324	0.	-0.24111	5.2684e-003
7362	0.30586	0.	-0.25943	4.0695e-003
7368	0.23561	0.	-0.54962	1.5569e-003
7375	-0.68931	0.	-0.72602	7.1024e-004
7380	-0.35454	0.	-0.60107	1.2516e-003
7385	-0.78434	0.	-0.8069	4.8074e-004
7390	-1.3371e-002	0.	-0.28079	1.1913e-002
7391	-4.7027e-002	0.	-0.23165	1.717e-002
7392	1.3077e-002	0.	-0.25765	1.3576e-002
7395	-1.2306	0.	-0.51287	4.7235e-004
7396	-1.1787	0.	-0.40379	6.5813e-004
7400	0.41202	0.	-0.96573	3.0457e-004
7409	2.195e-002	0.	-7.276e-002	0.13125
7410	4.3219e-002	0.	-6.3687e-002	9.3682e-002
7418	-0.95586	0.	-0.5894	8.1688e-004
7422	-0.61254	0.	-0.20832	1.2373e-002
7423	-0.66988	0.	-0.1693	9.4439e-003
7428	0.18092	0.	-0.6333	1.087e-003
7435	-0.12113	0.	-0.84164	3.5485e-004
7436	-0.14771	0.	-0.90274	2.5314e-004
7440	-3.3397e-002	0.	-0.33959	6.8329e-003
7441	1.9016e-002	0.	-0.29373	9.7333e-003
7442	-2.6409e-003	0.	-0.34827	6.2825e-003
7446	0.79173	0.	-0.14678	8.7503e-004
7451	-0.4134	0.	-0.29312	9.4986e-003
7455	-4.4164e-002	0.	-0.11921	7.2088e-002
7456	-9.0314e-002	0.	-0.12424	5.7722e-002
7460	-9.7102e-002	0.	-0.90268	2.8812e-004
7461	-1.5811e-002	0.	-0.84292	4.0535e-004
7462	-4.7031e-002	0.	-0.79864	5.108e-004
7465	-0.30028	0.	-0.16825	3.6466e-002
7466	-0.27926	0.	-0.13626	4.1114e-002
7471	-0.43994	0.	-0.57845	1.5321e-003
7472	-0.45367	0.	-0.50389	2.5517e-003
7481	-0.61827	0.	-0.15814	1.373e-002
7482	-0.53544	0.	-0.17593	2.4572e-002
7487	0.8159	0.	-0.95462	1.1349e-004
7492	-0.42753	0.	-0.98858	2.3688e-004
7495	-1.2638	0.	-0.32161	6.4873e-004
7496	-1.1964	0.	-0.29178	7.7023e-004
7504	-8.0671e-002	0.	-0.39822	4.6171e-003
7505	-7.6255e-002	0.	-0.4591	3.0028e-003
7506	-0.11526	0.	-0.46676	2.8591e-003
7511	-0.81949	0.	-0.92252	3.5116e-004
7512	-0.74602	0.	-0.91036	3.6524e-004
7520	-1.3273	0.	-0.90522	1.1085e-004
7525	-0.45281	0.	-9.7556e-002	9.0088e-002
7526	-0.48061	0.	-6.5705e-002	9.2597e-002
7527	-0.46243	0.	-7.3169e-002	0.14201
7531	-0.88481	0.	-0.48655	1.3456e-003
7532	-0.90373	0.	-0.42238	1.419e-003
7534	-1.2576	0.	-0.26239	6.934e-004
7560	-2.8606e-002	0.	-0.37098	5.1293e-003
7565	0.21061	0.	-9.4857e-002	1.7277e-002
7566	0.10953	0.	-6.8014e-002	5.8129e-002
7570	-0.93352	0.	-0.46521	1.134e-003
7574	-0.95752	0.	-0.3329	1.3931e-003
7579	-1.1775	0.	-0.16255	9.5313e-004
7587	-0.90451	0.	-0.24994	2.1403e-003
7599	-0.26262	0.	-0.16815	2.9898e-002
7612	7.4858e-002	0.	-0.89574	3.7503e-004
7613	7.6818e-003	0.	-0.79998	5.2921e-004
7614	8.8733e-002	0.	-0.84318	4.4238e-004
7624	0.19419	0.	-0.29695	5.1766e-003
7625	0.26561	0.	-0.29147	4.4188e-003
7629	-1.1662e-002	0.	-0.46284	2.7005e-003
7630	-8.9533e-002	0.	-0.49172	2.2632e-003
7639	0.12469	0.	-0.89464	3.9606e-004
7643	1.4678e-002	0.	-0.41064	3.787e-003
7668	-0.7571	0.	-0.96455	3.3527e-004
10701	-0.48842	0.	-4.0056e-002	0.11578
10702	-0.47024	0.	-4.752e-002	0.1619
10706	-0.47543	0.	-5.7512e-002	0.13443
10726	3.7328e-002	0.	-5.5496e-002	0.12501
10727	2.963e-002	0.	-4.732e-002	0.14983
10730	5.09e-002	0.	-3.8247e-002	0.11822
100	0.	0.	6.875e-002	0.18105
101	0.	0.	8.25e-002	0.12797
102	-2.2e-002	0.	8.25e-002	0.12066
103	-4.4e-002	0.	8.25e-002	0.10676
104	-8.8e-002	0.	8.25e-002	8.5264e-002
105	-0.132	0.	8.25e-002	6.5224e-002
106	-0.176	0.	8.25e-002	5.3953e-002
107	-0.22	0.	8.25e-002	4.7996e-002
108	-0.264	0.	8.25e-002	5.2183e-002
109	-0.308	0.	8.25e-002	6.5376e-002
110	-0.352	0.	8.25e-002	8.7477e-002
111	-0.396	0.	8.25e-002	0.1026
112	-0.418	0.	8.25e-002	0.12414
113	-0.44	0.	6.875e-002	0.21478
114	-0.44	0.	8.25e-002	0.11716
115	-0.44	0.	5.5e-002	0.20898
126	0.	0.	5.5e-002	0.258
481	0.1	0.	0.	5.7143e-002
482	0.2	0.	0.	1.7638e-002
483	0.3	0.	0.	7.4216e-003
484	0.4	0.	0.	3.794e-003
485	0.5	0.	0.	2.4117e-003
486	0.6	0.	0.	1.533e-003
487	0.7	0.	0.	1.1174e-003
488	0.8	0.	0.	8.5587e-004
489	0.9	0.	0.	7.2472e-004
490	-1.34	0.	0.	6.9861e-004
491	-1.24	0.	0.	8.7186e-004
492	-1.14	0.	0.	1.0649e-003
493	-1.04	0.	0.	1.4414e-003
494	-0.94	0.	0.	2.444e-003
495	-0.84	0.	0.	3.9008e-003
496	-0.74	0.	0.	6.5233e-003
497	-0.64	0.	0.	1.863e-002
498	-0.54	0.	0.	7.398e-002
542	-1.44	0.	9.8409e-002	6.6334e-004
543	-1.44	0.	0.19682	6.1067e-004
544	-1.44	0.	0.29523	5.779e-004
545	-1.44	0.	0.39364	4.5827e-004
546	-1.44	0.	0.49205	3.9013e-004
547	-1.44	0.	0.59045	3.1366e-004
548	-1.44	0.	0.68886	2.4136e-004
549	-1.44	0.	0.78727	1.7927e-004
550	-1.44	0.	0.88568	1.008e-004
551	-1.44	0.	0.98409	4.431e-005
557	-1.3383	0.	1.0825	5.1647e-005
558	-1.2367	0.	1.0825	1.0177e-004
559	-1.135	0.	1.0825	1.5394e-004
560	-1.0333	0.	1.0825	2.0678e-004
561	-0.93167	0.	1.0825	2.5356e-004
562	-0.83	0.	1.0825	2.8491e-004
563	-0.72833	0.	1.0825	3.0492e-004
564	-0.62667	0.	1.0825	2.9788e-004
565	-0.525	0.	1.0825	2.7822e-004
566	-0.42333	0.	1.0825	1.9732e-004
567	-0.32167	0.	1.0825	1.0064e-004
568	-0.22	0.	1.0825	4.4778e-005
569	-0.11833	0.	1.0825	1.2052e-004
570	-1.6667e-002	0.	1.0825	2.0327e-004
571	8.5e-002	0.	1.0825	2.7567e-004
572	0.18667	0.	1.0825	2.9951e-004
573	0.28833	0.	1.0825	2.986e-004
574	0.39	0.	1.0825	2.8338e-004
575	0.49167	0.	1.0825	2.6647e-004
576	0.59333	0.	1.0825	2.0802e-004
577	0.695	0.	1.0825	1.5347e-004
578	0.79667	0.	1.0825	1.0515e-004
579	0.89833	0.	1.0825	4.4785e-005
585	1.	0.	0.98409	4.303e-005
586	1.	0.	0.88568	1.0448e-004
587	1.	0.	0.78727	1.7031e-004
588	1.	0.	0.68886	2.3961e-004
589	1.	0.	0.59045	3.0656e-004
590	1.	0.	0.49205	3.8872e-004
591	1.	0.	0.39364	4.6543e-004
592	1.	0.	0.29523	5.405e-004
593	1.	0.	0.19682	6.2132e-004
594	1.	0.	9.8409e-002	6.7069e-004
595	0.	0.	0.	0.20891
596	-0.44	0.	0.	0.2313
602	1.	0.	0.	6.7701e-004
604	-1.44	0.	0.	6.6858e-004
607	-1.44	0.	1.0825	2.8654e-005
608	1.	0.	1.0825	2.6879e-005
609	-0.5878	0.	0.57683	1.3324e-003
610	-0.51633	0.	0.3379	6.4678e-003
611	4.9647e-002	0.	0.33886	6.3473e-003
612	-0.1932	0.	0.43527	3.3969e-003
613	-1.0259	0.	0.50261	8.7769e-004
614	0.61001	0.	0.50357	6.7397e-004
615	-0.24483	0.	0.79095	5.1112e-004
616	-0.25594	0.	0.27298	1.0977e-002
617	-0.48075	0.	0.19598	2.5255e-002
618	4.7783e-002	0.	0.20369	1.9326e-002
619	-0.77883	0.	0.40584	2.1167e-003
620	0.32208	0.	0.41028	2.345e-003
621	-0.91901	0.	0.80329	4.2706e-004
622	-0.37663	0.	0.53517	1.995e-003
623	-9.4289e-002	0.	0.29604	9.9972e-003
624	4.9997e-002	0.	0.95323	3.0215e-004
625	-0.57828	0.	0.73853	7.8483e-004
626	1.0854e-002	0.	0.62972	1.1362e-003
627	-1.1154	0.	0.76995	2.9456e-004
628	0.84712	0.	0.73518	2.1659e-004
629	-0.67332	0.	0.35678	3.8481e-003
630	0.12641	0.	0.28467	7.7898e-003
631	-1.0547	0.	0.32538	1.0225e-003
632	-0.34573	0.	0.44473	3.2469e-003
633	-0.33468	0.	0.29083	1.0515e-002
634	0.35673	0.	0.83347	4.2975e-004
635	-0.19484	0.	0.22088	1.7146e-002
636	0.33545	0.	0.67171	7.0155e-004
637	-1.3264e-002	0.	0.37417	4.8165e-003
638	-0.19985	0.	0.57401	1.3095e-003
639	0.37822	0.	0.1216	4.5873e-003
640	-0.82789	0.	0.11813	3.8557e-003
641	-0.80881	0.	0.52568	1.2798e-003
642	-8.2343e-002	0.	0.21878	1.8876e-002
643	-1.2969	0.	0.53758	4.2556e-004
644	-0.32579	0.	0.22139	1.9662e-002
645	0.7771	0.	0.5001	4.6197e-004
646	8.4487e-002	0.	0.73886	6.8283e-004
647	-1.2335	0.	0.28143	7.5137e-004
648	0.83807	0.	0.26337	6.5703e-004
649	-0.45764	0.	0.12604	5.748e-002
650	1.0604e-002	0.	0.14724	4.5887e-002
651	-0.35935	0.	0.16069	3.3816e-002
652	-9.9202e-002	0.	0.55393	1.8022e-003
653	-0.64054	0.	0.94199	3.7077e-004
654	-0.64146	0.	0.17964	9.5436e-003
655	-0.74274	0.	0.76723	5.6899e-004
656	-7.6736e-002	0.	0.16477	3.9645e-002
657	-0.32468	0.	0.95991	1.7458e-004
658	-0.47425	0.	0.63458	1.1999e-003
659	-0.334	0.	0.65536	9.8556e-004
660	0.76101	0.	0.90175	1.4592e-004
661	5.5344e-002	0.	0.45166	3.2574e-003
662	-0.42178	0.	0.7797	5.1204e-004
663	-0.10401	0.	0.83111	3.6478e-004
664	-0.21082	0.	0.35719	6.3416e-003
665	-0.13506	0.	0.17508	3.0081e-002
666	-0.13771	0.	0.72624	6.4112e-004
667	-1.3007	0.	0.83797	1.6518e-004
668	-0.56756	0.	0.48087	2.2323e-003
669	0.25437	0.	0.19654	7.2505e-003
670	0.13536	0.	0.17546	1.5254e-002
671	0.20641	0.	0.38527	3.3979e-003
672	-0.56157	0.	0.16604	1.896e-002
673	-0.51792	0.	0.11217	4.3465e-002
674	0.68882	0.	0.76396	2.5972e-004
675	-0.98563	0.	0.14233	1.6762e-003
676	-0.87972	0.	0.28649	2.3354e-003
677	0.55736	0.	0.16269	1.8577e-003
678	0.41419	0.	0.28785	2.7118e-003
679	-0.29202	0.	0.14686	3.7011e-002
680	0.45073	0.	0.58868	7.8449e-004
681	-1.176	0.	0.44085	6.2022e-004
682	-0.79873	0.	0.93269	3.297e-004
683	-0.14188	0.	0.37036	5.3079e-003
684	0.15426	0.	0.8551	4.7758e-004
685	-0.47718	0.	0.93853	2.9488e-004
686	-0.17627	0.	0.29104	8.8867e-003
687	-1.052	0.	0.93623	2.2099e-004
688	-0.42506	0.	0.38458	4.8259e-003
689	0.33044	0.	0.54187	1.2413e-003
690	-0.41274	0.	0.30354	9.012e-003
691	-0.98736	0.	0.64724	5.2194e-004
692	-1.135	0.	0.597	4.8701e-004
693	-0.56917	0.	0.24757	9.6784e-003
694	0.5157	0.	0.93396	2.8657e-004
695	-0.4014	0.	0.22672	1.7516e-002
696	-0.74348	0.	0.20911	4.6264e-003
697	-0.38279	0.	0.11761	7.0407e-002
698	-0.67936	0.	0.47932	2.1747e-003
699	-1.8158e-002	0.	0.24737	1.4392e-002
700	-2.8965e-002	0.	0.45071	3.2741e-003
701	0.44708	0.	0.44918	1.3419e-003
702	-0.88708	0.	0.44918	1.4537e-003
703	-0.46858	0.	8.3589e-002	0.10603
704	0.73528	0.	0.60533	3.8411e-004
705	-4.0025e-002	0.	0.12126	7.0705e-002
706	-0.19446	0.	0.14107	3.3969e-002
707	0.15585	0.	0.47168	2.4099e-003
708	-0.25832	0.	0.50089	2.1244e-003
709	0.21847	0.	0.73518	7.33e-004
710	0.58671	0.	0.64834	5.1333e-004
711	-0.16397	0.	0.96271	1.5455e-004
712	0.73161	0.	0.12302	1.0809e-003
713	-1.1466	0.	0.12987	1.097e-003
714	-0.85346	0.	0.65868	6.9494e-004
715	0.2698	0.	0.31265	4.1714e-003
716	-0.92672	0.	0.96667	2.8671e-004
717	-0.27587	0.	0.3386	6.1081e-003
718	-0.22584	0.	0.66245	8.7107e-004
719	-1.3287	0.	0.40998	5.0824e-004
720	-0.25823	0.	0.19852	2.0196e-002
721	-1.3181	0.	0.9644	8.8467e-005
722	-0.33636	0.	0.36375	5.9735e-003
723	-3.2146e-002	0.	0.72985	6.7002e-004
724	0.38467	0.	0.9789	3.0825e-004
725	-1.3075	0.	0.68613	2.6782e-004
726	-2.4137e-002	0.	0.18299	2.9236e-002
727	-0.48807	0.	0.52261	2.1426e-003
728	-0.26263	0.	0.41416	3.7e-003
729	-1.3168	0.	0.16368	7.0736e-004
730	0.87747	0.	0.14192	7.1603e-004
731	0.11343	0.	0.39412	4.1973e-003
732	0.88496	0.	0.96141	7.4618e-005
733	-0.41412	0.	0.15532	4.5178e-002
734	-0.42096	0.	0.11109	7.8884e-002
735	6.6062e-002	0.	5.2724e-002	8.0667e-002
736	0.23539	0.	9.5127e-002	1.0966e-002
737	-0.10211	0.	0.12575	5.7265e-002
738	4.7976e-003	0.	0.53076	1.9516e-003
739	0.68216	0.	0.24885	1.1319e-003
740	-0.14248	0.	0.23754	1.5738e-002
741	0.24777	0.	0.96215	3.5504e-004
742	0.7175	0.	0.38644	7.3096e-004
743	-0.73926	0.	0.60507	1.1044e-003
744	0.25172	0.	0.63305	1.0409e-003
745	-1.193	0.	0.94559	1.5075e-004
746	0.88917	0.	0.57409	3.3842e-004
747	2.9505e-002	0.	7.0625e-002	0.13293
748	0.88477	0.	0.42087	4.7175e-004
749	-0.60018	0.	8.9929e-002	2.5305e-002
750	0.20179	0.	0.55756	1.4525e-003
751	-0.1469	0.	0.12476	5.0481e-002
752	6.7514e-003	0.	0.10787	8.4842e-002
753	-0.24083	0.	0.12573	3.8813e-002
754	9.4047e-002	0.	0.55187	1.8769e-003
755	-0.48265	0.	0.26531	1.2727e-002
756	-0.59298	0.	0.39905	3.5878e-003
757	3.5662e-002	0.	0.27723	9.892e-003
758	-0.70072	0.	0.10016	9.6818e-003
759	-0.28451	0.	0.58102	1.4548e-003
760	1.3225e-002	0.	0.84126	4.5864e-004
761	0.88957	0.	0.84903	1.4058e-004
762	0.54696	0.	0.36862	1.3249e-003
763	0.6337	0.	0.93004	1.9836e-004
764	-0.66288	0.	0.26045	6.0658e-003
765	-0.91486	0.	0.55599	8.9665e-004
766	-5.9966e-002	0.	0.95206	2.4252e-004
767	0.14329	0.	0.98118	3.1122e-004
768	-0.10081	0.	0.64709	9.024e-004
769	0.24332	0.	0.47333	2.229e-003
770	-0.60294	0.	0.32035	5.3423e-003
771	0.13769	0.	7.0827e-002	2.8824e-002
772	-0.11758	0.	0.45088	3.0182e-003
773	-1.9359e-002	0.	0.31427	7.4448e-003
774	-0.49784	0.	0.42908	3.5958e-003
775	0.44968	0.	0.70871	5.0018e-004
776	0.14293	0.	0.64183	1.0404e-003
777	-0.74823	0.	0.30979	3.3716e-003
778	-0.42513	0.	0.46162	2.9179e-003
779	-0.17254	0.	0.50708	2.1315e-003
780	0.55057	0.	0.8073	3.6515e-004
781	-7.4359e-002	0.	0.37677	5.188e-003
782	6.1797e-002	0.	0.12022	4.2031e-002
783	-0.33941	0.	0.11905	6.3675e-002
1441	-0.45657	0.	6.4801e-002	0.16828
1442	-0.49574	0.	5.374e-002	7.5446e-002
1443	-0.48323	0.	3.0206e-002	0.14807
2600	0.	0.	7.5625e-002	0.14872
2601	0.	0.	6.1875e-002	0.21879
2603	1.4753e-002	0.	6.9688e-002	0.15655
2604	-1.1e-002	0.	8.25e-002	0.12315
2606	1.4753e-002	0.	7.6563e-002	0.12589
2607	3.3757e-003	0.	9.5187e-002	0.10639
2609	-3.3e-002	0.	8.25e-002	0.1131
2611	-3.1013e-002	0.	0.10188	9.5362e-002
2612	-7.6243e-003	0.	9.5187e-002	0.10198
2614	-6.6e-002	0.	8.25e-002	9.533e-002
2616	-4.2013e-002	0.	0.10188	8.8588e-002
2619	-0.11	0.	8.25e-002	7.3964e-002
2621	-6.4013e-002	0.	0.10188	7.729e-002
2622	-9.5057e-002	0.	0.10412	7.095e-002
2624	-0.154	0.	8.25e-002	5.8897e-002
2626	-0.11706	0.	0.10412	6.0983e-002
2627	-0.13945	0.	0.10363	5.7683e-002
2629	-0.198	0.	8.25e-002	4.961e-002
2631	-0.18523	0.	0.11179	4.3463e-002
2632	-0.16145	0.	0.10363	5.2065e-002
2635	-0.242	0.	8.25e-002	4.8922e-002
2637	-0.20723	0.	0.11179	4.086e-002
2638	-0.23041	0.	0.10412	4.2998e-002
2641	-0.286	0.	8.25e-002	5.7385e-002
2643	-0.27801	0.	0.11468	4.4269e-002
2644	-0.25241	0.	0.10412	4.5357e-002
2647	-0.33	0.	8.25e-002	7.5637e-002
2649	-0.30001	0.	0.11468	5.0957e-002
2650	-0.3237	0.	0.10077	6.4279e-002
2654	-0.374	0.	8.25e-002	9.4142e-002
2656	-0.3674	0.	0.10006	7.8639e-002
2657	-0.3457	0.	0.10077	7.5448e-002
2660	-0.407	0.	8.25e-002	0.11299
2662	-0.3894	0.	0.10006	8.6381e-002
2663	-0.40848	0.	9.6796e-002	9.0076e-002
2666	-0.429	0.	8.25e-002	0.11899
2668	-0.41948	0.	9.6796e-002	0.10138
2670	-0.44	0.	7.5625e-002	0.1617
2671	-0.44	0.	6.1875e-002	0.2108
2673	-0.44828	0.	6.6776e-002	0.19151
2676	-0.44882	0.	0.10427	8.7279e-002
2677	-0.45429	0.	8.3044e-002	0.11044
2678	-0.43048	0.	9.6796e-002	9.7183e-002
2679	-0.44828	0.	7.3651e-002	0.13919
2684	-0.44	0.	2.75e-002	0.21566
2685	-0.44828	0.	5.9901e-002	0.18749
2686	-0.46161	0.	4.2603e-002	0.17756
2748	0.	0.	2.75e-002	0.23012
2749	1.4753e-002	0.	6.2812e-002	0.19397
4841	0.15	0.	0.	3.7369e-002
4842	5.e-002	0.	0.	0.13287
4843	8.3031e-002	0.	2.6362e-002	6.8315e-002
4844	0.11884	0.	3.5414e-002	4.2642e-002
4853	0.25	0.	0.	1.2529e-002
4854	0.2177	0.	4.7563e-002	1.4221e-002
4855	0.16884	0.	3.5414e-002	2.299e-002
4863	0.35	0.	0.	5.6051e-003
4864	0.33911	0.	6.0801e-002	5.9871e-003
4865	0.2677	0.	4.7563e-002	9.1371e-003
4871	0.45	0.	0.	3.1015e-003
4872	0.38911	0.	6.0801e-002	4.1657e-003
4877	0.55	0.	0.	1.9699e-003
4878	0.43911	0.	6.0801e-002	3.489e-003
4879	0.52868	0.	8.1345e-002	2.1257e-003
4887	0.65	0.	0.	1.3246e-003
4888	0.57868	0.	8.1345e-002	1.6821e-003
4889	0.66581	0.	6.1509e-002	1.3057e-003
4895	0.75	0.	0.	9.8655e-004
4896	0.71581	0.	6.1509e-002	1.0972e-003
4901	0.85	0.	0.	7.9025e-004
4902	0.76581	0.	6.1509e-002	9.6723e-004
4903	0.83873	0.	7.0961e-002	7.8577e-004
4911	0.95	0.	4.9205e-002	6.9767e-004
4912	0.95	0.	0.	7.0082e-004
4913	0.88873	0.	7.0961e-002	7.2002e-004
4919	-1.29	0.	0.	7.8516e-004
4920	-1.39	0.	4.9205e-002	6.8095e-004
4921	-1.39	0.	0.	6.835e-004
4922	-1.3284	0.	8.1842e-002	7.0264e-004
4927	-1.19	0.	0.	9.6816e-004
4928	-1.1933	0.	6.4935e-002	9.8331e-004
4929	-1.2784	0.	8.1842e-002	7.8949e-004
4936	-1.09	0.	0.	1.252e-003
4937	-1.1433	0.	6.4935e-002	1.0786e-003
4942	-0.99	0.	0.	1.9396e-003
4943	-1.0128	0.	7.1163e-002	1.5502e-003
4944	-1.0933	0.	6.4935e-002	1.2682e-003
4950	-0.89	0.	0.	3.1654e-003
4951	-0.88395	0.	5.9063e-002	3.1365e-003
4952	-0.96281	0.	7.1163e-002	2.0526e-003
4959	-0.79	0.	0.	5.1957e-003
4960	-0.83395	0.	5.9063e-002	3.841e-003
4964	-0.69	0.	0.	1.2577e-002
4965	-0.78395	0.	5.9063e-002	5.1744e-003
4966	-0.72036	0.	5.0082e-002	8.0595e-003
4973	-0.59	0.	0.	4.6293e-002
4974	-0.62009	0.	4.4964e-002	2.166e-002
4975	-0.67036	0.	5.0082e-002	1.4082e-002
4985	-0.49	0.	0.	0.15256
4986	-0.57009	0.	4.4964e-002	4.9076e-002
4992	-0.51787	0.	2.687e-002	7.2726e-002
4993	-0.51161	0.	1.5103e-002	0.11013
5235	-1.44	0.	0.14761	6.3696e-004
5236	-1.44	0.	4.9205e-002	6.6588e-004
5237	-1.3784	0.	0.13105	6.8507e-004
5240	-1.44	0.	0.24602	5.9403e-004
5241	-1.3784	0.	0.18025	6.5877e-004
5243	-1.44	0.	0.34443	5.1807e-004
5244	-1.3368	0.	0.28833	6.6292e-004
5245	-1.3843	0.	0.35261	5.4254e-004
5246	-1.3784	0.	0.22946	6.4255e-004
5250	-1.44	0.	0.44284	4.2416e-004
5251	-1.3843	0.	0.40181	4.8263e-004
5254	-1.44	0.	0.54125	3.5158e-004
5255	-1.3684	0.	0.51481	4.0479e-004
5256	-1.3843	0.	0.45102	4.4882e-004
5258	-1.44	0.	0.63966	2.7745e-004
5259	-1.3684	0.	0.56402	3.6844e-004
5260	-1.3737	0.	0.63829	2.892e-004
5264	-1.44	0.	0.73807	2.1017e-004
5265	-1.3737	0.	0.6875	2.5273e-004
5267	-1.44	0.	0.83648	1.4002e-004
5268	-1.3703	0.	0.81262	1.695e-004
5269	-1.3737	0.	0.7367	2.2278e-004
5273	-1.44	0.	0.93489	7.1894e-005
5274	-1.3703	0.	0.86183	1.3133e-004
5275	-1.379	0.	0.92504	9.1972e-005
5279	-1.3892	0.	1.0333	4.5827e-005
5280	-1.44	0.	1.0333	3.5912e-005
5281	-1.379	0.	0.97424	6.6137e-005
5310	-1.2875	0.	1.0825	7.6477e-005
5311	-1.3892	0.	1.0825	3.9598e-005
5312	-1.3282	0.	1.0234	6.8634e-005
5316	-1.1858	0.	1.0825	1.2771e-004
5317	-1.2774	0.	1.0234	9.1261e-005
5318	-1.2148	0.	1.014	1.2577e-004
5322	-1.0842	0.	1.0825	1.8029e-004
5323	-1.0935	0.	1.0094	1.8681e-004
5324	-1.164	0.	1.014	1.509e-004
5326	-0.9825	0.	1.0825	2.3011e-004
5327	-1.0427	0.	1.0094	2.1254e-004
5328	-0.98003	0.	1.0246	2.4653e-004
5331	-0.88083	0.	1.0825	2.6923e-004
5332	-0.92919	0.	1.0246	2.6958e-004
5335	-0.77917	0.	1.0825	2.9488e-004
5336	-0.81437	0.	1.0076	3.0708e-004
5337	-0.87836	0.	1.0246	2.8513e-004
5339	-0.6775	0.	1.0825	3.012e-004
5340	-0.68444	0.	1.0122	3.3754e-004
5341	-0.76353	0.	1.0076	3.1699e-004
5345	-0.57583	0.	1.0825	2.878e-004
5346	-0.6336	0.	1.0122	3.3429e-004
5351	-0.47417	0.	1.0825	2.3765e-004
5352	-0.58277	0.	1.0122	3.2427e-004
5353	-0.50109	0.	1.0105	2.8582e-004
5356	-0.3725	0.	1.0825	1.4786e-004
5357	-0.37401	0.	1.0212	1.7934e-004
5358	-0.45025	0.	1.0105	2.4574e-004
5361	-0.27083	0.	1.0825	6.1433e-005
5362	-0.32317	0.	1.0212	1.3638e-004
5365	-0.16917	0.	1.0825	7.3792e-005
5366	-0.27234	0.	1.0212	1.0181e-004
5367	-0.19198	0.	1.0226	9.8225e-005
5369	-6.75e-002	0.	1.0825	1.611e-004
5370	-0.14115	0.	1.0226	1.3032e-004
5371	-8.915e-002	0.	1.0173	1.8101e-004
5375	3.4167e-002	0.	1.0825	2.3887e-004
5376	1.6665e-002	0.	1.0179	2.5258e-004
5377	-3.8316e-002	0.	1.0173	2.1959e-004
5381	0.13583	0.	1.0825	2.875e-004
5382	6.7498e-002	0.	1.0179	2.874e-004
5383	0.11414	0.	1.0318	2.9343e-004
5385	0.2375	0.	1.0825	2.9901e-004
5386	0.21722	0.	1.0223	3.272e-004
5387	0.16498	0.	1.0318	3.0523e-004
5391	0.33917	0.	1.0825	2.9092e-004
5392	0.3365	0.	1.0307	3.0321e-004
5393	0.26805	0.	1.0223	3.2678e-004
5397	0.44083	0.	1.0825	2.7488e-004
5398	0.38734	0.	1.0307	2.9577e-004
5403	0.5425	0.	1.0825	2.3704e-004
5404	0.50368	0.	1.0082	2.7591e-004
5405	0.43817	0.	1.0307	2.8736e-004
5408	0.64417	0.	1.0825	1.807e-004
5409	0.55451	0.	1.0082	2.4721e-004
5410	0.61352	0.	1.0063	2.0259e-004
5415	0.74583	0.	1.0825	1.2883e-004
5416	0.728	0.	0.99213	1.4743e-004
5417	0.66435	0.	1.0063	1.7559e-004
5419	0.8475	0.	1.0825	7.4807e-005
5420	0.77884	0.	0.99213	1.2505e-004
5421	0.84081	0.	1.022	8.8132e-005
5426	0.94917	0.	1.0333	4.2586e-005
5427	0.94917	0.	1.0825	3.5421e-005
5428	0.89165	0.	1.022	5.9235e-005
5459	1.	0.	0.93489	7.3503e-005
5460	1.	0.	1.0333	3.4455e-005
5461	0.94248	0.	0.97275	5.8451e-005
5464	1.	0.	0.83648	1.3725e-004
5465	0.94248	0.	0.92355	8.7674e-005
5466	0.94479	0.	0.86736	1.2251e-004
5470	1.	0.	0.73807	2.0453e-004
5471	0.92356	0.	0.76123	1.9275e-004
5472	0.94479	0.	0.81815	1.5513e-004
5476	1.	0.	0.63966	2.7304e-004
5477	0.92356	0.	0.71202	2.255e-004
5478	0.94458	0.	0.63148	2.8848e-004
5480	1.	0.	0.54125	3.4762e-004
5481	0.94458	0.	0.58227	3.2147e-004
5484	1.	0.	0.44284	4.2706e-004
5485	0.94458	0.	0.53307	3.6213e-004
5486	0.94239	0.	0.45646	4.2973e-004
5488	1.	0.	0.34443	5.0296e-004
5489	0.94239	0.	0.40725	4.6788e-004
5492	1.	0.	0.24602	5.809e-004
5493	0.91903	0.	0.2793	5.9773e-004
5494	0.94239	0.	0.35805	5.0528e-004
5496	1.	0.	0.14761	6.4576e-004
5497	0.91903	0.	0.23009	6.381e-004
5498	0.93873	0.	0.16937	6.6861e-004
5502	1.	0.	4.9205e-002	6.7383e-004
5503	0.93873	0.	0.12017	6.9299e-004
5506	3.3031e-002	0.	2.6362e-002	0.14446
5507	1.4753e-002	0.	3.5312e-002	0.16648
5520	-0.46161	0.	1.5103e-002	0.18884
5537	-0.58304	0.	0.65768	1.0551e-003
5538	-0.53103	0.	0.60571	1.2345e-003
5539	-0.57768	0.	0.52885	1.7822e-003
5540	-0.63358	0.	0.52807	1.736e-003
5541	-0.53793	0.	0.54972	1.7219e-003
5542	-0.66353	0.	0.59095	1.209e-003
5547	-0.4707	0.	0.36124	5.4787e-003
5548	-0.46453	0.	0.32072	7.5898e-003
5549	-0.54275	0.	0.29274	7.9621e-003
5550	-0.49949	0.	0.30161	9.5966e-003
5551	-0.55466	0.	0.36848	5.009e-003
5552	-0.55963	0.	0.32913	5.8227e-003
5553	-0.50709	0.	0.38349	5.0022e-003
5559	8.8029e-002	0.	0.31177	6.9049e-003
5560	1.8191e-002	0.	0.35652	5.5373e-003
5561	5.2495e-002	0.	0.39526	4.7931e-003
5562	8.154e-002	0.	0.36649	5.2522e-003
5563	4.2654e-002	0.	0.30805	8.0993e-003
5564	1.5144e-002	0.	0.32657	6.8528e-003
5568	-0.20201	0.	0.39623	4.8414e-003
5569	-0.16754	0.	0.40281	4.2709e-003
5570	-0.22576	0.	0.46808	2.7248e-003
5571	-0.22791	0.	0.42471	3.463e-003
5572	-0.15539	0.	0.44307	3.1278e-003
5573	-0.18287	0.	0.47117	2.7606e-003
5576	-1.0403	0.	0.41399	9.4124e-004
5577	-1.1009	0.	0.47173	7.4089e-004
5578	-1.0066	0.	0.57492	6.9652e-004
5579	-1.0804	0.	0.5498	6.819e-004
5580	-0.95647	0.	0.47589	1.1649e-003
5581	-0.97036	0.	0.5293	8.8262e-004
5586	0.69356	0.	0.50183	5.6301e-004
5587	0.53037	0.	0.54613	7.186e-004
5588	0.52855	0.	0.47637	1.0057e-003
5589	0.67265	0.	0.55445	5.2826e-004
5590	0.59836	0.	0.57596	5.9034e-004
5591	0.66375	0.	0.44501	6.9577e-004
5592	0.57849	0.	0.4361	9.9794e-004
5597	-0.28475	0.	0.87543	3.2699e-004
5598	-0.28941	0.	0.72316	7.2875e-004
5599	-0.3333	0.	0.78532	4.759e-004
5600	-0.17442	0.	0.81103	4.0992e-004
5601	-0.19127	0.	0.75859	5.5488e-004
5602	-0.2044	0.	0.87683	3.2e-004
5603	-0.23533	0.	0.7267	6.8978e-004
5610	-0.29531	0.	0.2819	1.0366e-002
5611	-0.22539	0.	0.24693	1.3617e-002
5612	-0.29086	0.	0.24718	1.4868e-002
5613	-0.23338	0.	0.31509	8.6006e-003
5614	-0.2161	0.	0.28201	9.4681e-003
5615	-0.26591	0.	0.30579	8.5343e-003
5616	-0.25708	0.	0.23575	1.5566e-002
5620	-0.46919	0.	0.16101	4.1314e-002
5621	-0.52116	0.	0.18101	2.159e-002
5622	-0.49934	0.	0.15407	3.3451e-002
5623	-0.52496	0.	0.22178	1.7423e-002
5624	-0.44108	0.	0.21135	2.075e-002
5625	-0.44744	0.	0.17565	3.4845e-002
5626	-0.4817	0.	0.23065	1.8924e-002
5631	8.7097e-002	0.	0.24418	1.3547e-002
5632	2.9194e-002	0.	0.17546	3.2587e-002
5633	9.1574e-002	0.	0.18958	1.6815e-002
5634	1.4812e-002	0.	0.22553	1.6425e-002
5635	1.1823e-002	0.	0.19334	2.3771e-002
5636	4.1723e-002	0.	0.24046	1.4544e-002
5637	5.479e-002	0.	0.16196	3.0243e-002
5642	-0.72607	0.	0.38131	2.979e-003
5643	-0.79382	0.	0.46576	1.6938e-003
5644	-0.82928	0.	0.34616	2.1881e-003
5645	-0.7291	0.	0.44258	2.1174e-003
5646	-0.83296	0.	0.42751	1.7807e-003
5647	-0.76353	0.	0.35782	2.7402e-003
5651	0.26425	0.	0.39778	2.8546e-003
5652	0.36813	0.	0.34907	2.4697e-003
5653	0.32626	0.	0.47608	1.7889e-003
5654	0.38458	0.	0.42973	1.8364e-003
5655	0.29594	0.	0.36147	3.2518e-003
5656	0.2827	0.	0.44181	2.2656e-003
5660	-1.0172	0.	0.78662	3.5714e-004
5661	-0.83088	0.	0.78526	4.9404e-004
5662	-0.85887	0.	0.86799	3.7464e-004
5663	-0.98549	0.	0.86976	3.2382e-004
5664	-0.95318	0.	0.72526	4.7141e-004
5665	-0.88623	0.	0.73099	5.6099e-004
5666	-0.92287	0.	0.88498	3.549e-004
5670	-0.36118	0.	0.48995	2.6195e-003
5671	-0.42544	0.	0.58488	1.5838e-003
5672	-0.35531	0.	0.59527	1.483e-003
5673	-0.31747	0.	0.51803	1.9412e-003
5674	-0.43235	0.	0.52889	2.0184e-003
5675	-0.33057	0.	0.55809	1.6791e-003
5676	-0.40088	0.	0.4984	2.4334e-003
5680	-8.8316e-002	0.	0.25741	1.4422e-002
5681	-0.11809	0.	0.3332	7.5284e-003
5682	-0.13528	0.	0.29354	8.9913e-003
5683	-5.6224e-002	0.	0.27171	1.1905e-002
5684	-0.11838	0.	0.26679	1.2678e-002
5685	-5.6824e-002	0.	0.30516	8.6e-003
5686	-8.4324e-002	0.	0.33641	7.5897e-003
5690	0.10213	0.	0.90417	3.8906e-004
5691	3.1611e-002	0.	0.89724	3.783e-004
5692	-4.9847e-003	0.	0.95265	2.6955e-004
5693	9.6643e-002	0.	0.9672	3.0529e-004
5699	-0.60941	0.	0.84026	5.7682e-004
5700	-0.66051	0.	0.75288	6.6869e-004
5701	-0.52627	0.	0.68656	9.831e-004
5702	-0.50003	0.	0.75911	6.2979e-004
5703	-0.52773	0.	0.83853	5.3939e-004
5704	-0.65877	0.	0.6718	9.2448e-004
5710	4.7671e-002	0.	0.68429	9.0648e-004
5711	-4.4174e-002	0.	0.59182	1.4323e-003
5712	-1.0646e-002	0.	0.67978	8.9645e-004
5713	7.8257e-003	0.	0.58024	1.5421e-003
5714	5.245e-002	0.	0.59079	1.4842e-003
5715	-4.4979e-002	0.	0.6384	9.8044e-004
5716	7.6891e-002	0.	0.63577	1.0719e-003
5720	-1.2081	0.	0.80396	2.2747e-004
5721	-1.0837	0.	0.85309	2.5363e-004
5722	-1.0514	0.	0.7086	4.0803e-004
5723	-1.1252	0.	0.68348	3.8856e-004
5724	-1.2115	0.	0.72804	2.7291e-004
5725	-1.1542	0.	0.85777	2.2114e-004
5729	0.80406	0.	0.81847	1.7436e-004
5730	0.76797	0.	0.74957	2.3398e-004
5731	0.7912	0.	0.67025	2.9954e-004
5732	0.86814	0.	0.65464	2.764e-004
5733	0.86834	0.	0.79211	1.7854e-004
5738	-0.67634	0.	0.41805	2.9933e-003
5739	-0.63315	0.	0.37791	3.685e-003
5740	-0.6681	0.	0.30861	4.9486e-003
5741	-0.63813	0.	0.33856	4.5853e-003
5742	-0.71077	0.	0.33328	3.5917e-003
5746	0.19039	0.	0.24061	7.2448e-003
5747	0.13089	0.	0.23007	1.1333e-002
5748	0.16641	0.	0.33497	5.5902e-003
5749	0.19811	0.	0.29866	5.9202e-003
5750	0.11992	0.	0.3394	5.9492e-003
5751	8.1037e-002	0.	0.28095	8.7505e-003
5756	-1.1441	0.	0.3034	8.8074e-004
5757	-1.0202	0.	0.23385	1.3419e-003
5758	-0.96722	0.	0.30593	1.6764e-003
5759	-1.1154	0.	0.38312	8.2064e-004
5760	-0.9709	0.	0.38728	1.2202e-003
5761	-1.1007	0.	0.22762	1.0443e-003
5767	-0.38539	0.	0.41465	3.9698e-003
5768	-0.30202	0.	0.47281	2.5659e-003
5769	-0.34104	0.	0.40424	4.6099e-003
5770	-0.30418	0.	0.42944	3.3642e-003
5771	-0.38543	0.	0.45317	3.0364e-003
5775	-0.33023	0.	0.25611	1.5087e-002
5776	-0.37371	0.	0.29719	9.5618e-003
5777	-0.36804	0.	0.25878	1.3619e-002
5778	-0.30528	0.	0.31472	8.1238e-003
5779	-0.33552	0.	0.32729	8.2428e-003
5784	0.34609	0.	0.75259	5.6468e-004
5785	0.2555	0.	0.84429	4.4792e-004
5786	0.43621	0.	0.88371	3.5808e-004
5787	0.2876	0.	0.78433	5.8026e-004
5788	0.3707	0.	0.90619	3.6857e-004
5789	0.30225	0.	0.89781	3.9089e-004
5790	0.4032	0.	0.77109	4.616e-004
5791	0.45365	0.	0.82038	3.9343e-004
5796	-0.16495	0.	0.19798	2.3007e-002
5797	-0.18555	0.	0.25596	1.2999e-002
5798	-0.19465	0.	0.18098	2.5555e-002
5799	-0.22653	0.	0.2097	1.828e-002
5800	-0.16866	0.	0.22921	1.6162e-002
5803	0.39309	0.	0.6302	7.3837e-004
5804	0.33294	0.	0.60679	9.7015e-004
5805	0.27696	0.	0.70345	7.1187e-004
5806	0.29358	0.	0.65238	8.6695e-004
5807	0.39256	0.	0.69021	5.9944e-004
5811	2.104e-002	0.	0.41291	4.0294e-003
5812	-2.1114e-002	0.	0.41244	4.0268e-003
5813	-1.6311e-002	0.	0.34422	6.1292e-003
5814	-4.3811e-002	0.	0.37547	4.9617e-003
5816	-0.14952	0.	0.56397	1.4962e-003
5817	-0.22908	0.	0.53745	1.7047e-003
5818	-0.21284	0.	0.61823	1.0888e-003
5819	-0.24218	0.	0.57752	1.3457e-003
5820	-0.15033	0.	0.61055	1.0771e-003
5821	-0.1862	0.	0.54054	1.7154e-003
5825	0.31629	0.	0.15907	5.8133e-003
5826	0.46779	0.	0.14215	3.2223e-003
5827	0.3962	0.	0.20473	3.6061e-003
5828	0.3068	0.	0.10836	7.7722e-003
5832	-0.90676	0.	0.13023	2.7658e-003
5833	-0.85381	0.	0.20231	3.0584e-003
5834	-0.78569	0.	0.16362	4.1756e-003
5835	-0.7643	0.	0.10914	6.7666e-003
5840	-0.74409	0.	0.5025	1.7199e-003
5841	-0.84795	0.	0.48743	1.3531e-003
5842	-0.83113	0.	0.59218	9.8624e-004
5843	-0.77404	0.	0.56538	1.1843e-003
5844	-0.86184	0.	0.54083	1.0852e-003
5850	-7.954e-002	0.	0.19178	2.9148e-002
5851	-0.1087	0.	0.19693	2.4138e-002
5852	-5.0251e-002	0.	0.23308	1.6385e-002
5853	-5.324e-002	0.	0.20089	2.361e-002
5854	-0.11241	0.	0.22816	1.6883e-002
5858	-1.2365	0.	0.48921	5.219e-004
5859	-1.216	0.	0.56729	4.503e-004
5860	-1.3128	0.	0.47378	4.6531e-004
5861	-1.3022	0.	0.61185	3.4654e-004
5866	-0.34257	0.	0.19104	2.6357e-002
5867	-0.3089	0.	0.18412	2.825e-002
5868	-0.3636	0.	0.22405	1.7971e-002
5869	-0.29201	0.	0.20996	1.9001e-002
5873	0.75619	0.	0.55271	4.2171e-004
5874	0.7473	0.	0.44327	5.9577e-004
5875	0.83314	0.	0.5371	3.9862e-004
5876	0.83094	0.	0.46048	4.6296e-004
5878	0.11938	0.	0.79698	5.7839e-004
5879	0.15148	0.	0.73702	6.9713e-004
5880	2.6171e-002	0.	0.73436	6.6159e-004
5881	4.8856e-002	0.	0.79006	5.6829e-004
5882	0.11371	0.	0.69035	8.5823e-004
5886	-1.2048	0.	0.36114	6.8127e-004
5887	-1.1901	0.	0.20565	9.2298e-004
5888	-1.2811	0.	0.34571	6.2955e-004
5889	-1.2752	0.	0.22256	7.2699e-004
5894	0.78484	0.	0.19319	8.6859e-004
5895	0.85777	0.	0.20264	6.8549e-004
5896	0.76011	0.	0.25611	8.923e-004
5897	0.77778	0.	0.3249	6.8836e-004
5898	0.86142	0.	0.34212	5.6432e-004
5903	-0.48778	0.	0.1191	4.9638e-002
5904	-0.46311	0.	0.10481	8.12e-002
5905	-0.43588	0.	0.14068	5.0249e-002
5906	-0.4393	0.	0.11857	6.7398e-002
5911	-1.471e-002	0.	0.13425	5.7472e-002
5912	-6.7665e-003	0.	0.16512	3.7035e-002
5913	8.6778e-003	0.	0.12756	6.5331e-002
5914	3.6201e-002	0.	0.13373	4.2905e-002
5918	-0.32568	0.	0.15377	3.4276e-002
5919	-0.38038	0.	0.1937	2.558e-002
5920	-0.37107	0.	0.13915	5.2006e-002
5921	-0.38674	0.	0.15801	3.8868e-002
5922	-0.34938	0.	0.13987	4.8617e-002
5927	-6.4083e-002	0.	0.50232	2.4894e-003
5928	-4.7202e-002	0.	0.54235	1.8055e-003
5929	-0.10001	0.	0.60051	1.3509e-003
5930	-0.10839	0.	0.50241	2.4098e-003
5931	-0.13587	0.	0.5305	1.9258e-003
5938	-0.69164	0.	0.85461	4.6776e-004
5939	-0.71964	0.	0.93734	3.4905e-004
5940	-0.55886	0.	0.94026	3.3091e-004
5945	-0.60151	0.	0.17284	1.4193e-002
5946	-0.60531	0.	0.2136	9.3549e-003
5947	-0.69247	0.	0.19437	7.0813e-003
5948	-0.62082	0.	0.13478	1.7321e-002
5949	-0.67109	0.	0.1399	9.4516e-003
5950	-0.65217	0.	0.22004	7.7497e-003
5955	-0.77074	0.	0.84996	4.4927e-004
5956	-0.7981	0.	0.71295	6.2721e-004
5957	-0.741	0.	0.68615	8.357e-004
5961	-0.1059	0.	0.16992	3.37e-002
5962	-5.8381e-002	0.	0.14302	5.4866e-002
5963	-5.0437e-002	0.	0.17388	3.4252e-002
5964	-8.9425e-002	0.	0.14526	4.8101e-002
5969	-0.37323	0.	0.86981	3.4322e-004
5970	-0.40093	0.	0.94922	2.2927e-004
5971	-0.24432	0.	0.96131	1.2771e-004
5976	-0.40412	0.	0.64497	1.0617e-003
5977	-0.44802	0.	0.70714	8.5191e-004
5978	-0.48116	0.	0.5786	1.6655e-003
5982	-0.37789	0.	0.71753	7.4279e-004
5983	-0.27992	0.	0.6589	8.8547e-004
5984	-0.30925	0.	0.61819	1.2105e-003
5988	0.72491	0.	0.83285	2.0183e-004
5989	0.82298	0.	0.93158	1.0963e-004
5990	0.82529	0.	0.87539	1.3667e-004
5991	0.69735	0.	0.9159	1.7101e-004
5995	1.3189e-002	0.	0.45119	3.2256e-003
5996	0.1056	0.	0.46167	2.8074e-003
5997	8.4389e-002	0.	0.42289	3.6835e-003
5998	3.0071e-002	0.	0.49121	2.5952e-003
5999	7.4695e-002	0.	0.50177	2.5642e-003
6003	-0.44948	0.	0.85912	3.9605e-004
6007	-0.12086	0.	0.77867	5.0094e-004
6008	-0.13399	0.	0.89691	2.5954e-004
6009	-6.8079e-002	0.	0.78048	5.1284e-004
6010	-4.5393e-002	0.	0.83618	3.9862e-004
6011	-8.1989e-002	0.	0.89158	2.9677e-004
6015	-0.17635	0.	0.36378	5.5497e-003
6016	-0.19355	0.	0.32412	7.4839e-003
6017	-0.24335	0.	0.3479	6.1389e-003
6018	-0.23673	0.	0.38568	4.9937e-003
6022	-0.16476	0.	0.15808	3.1019e-002
6023	-0.11859	0.	0.15041	4.3294e-002
6024	-0.13877	0.	0.20631	2.2882e-002
6025	-0.14098	0.	0.14992	4.026e-002
6030	-0.18178	0.	0.69434	7.3983e-004
6031	-8.4929e-002	0.	0.72805	6.3805e-004
6032	-0.11926	0.	0.68666	7.6941e-004
6035	-1.3094	0.	0.90118	1.2647e-004
6036	-1.3041	0.	0.76205	2.1559e-004
6037	-1.2468	0.	0.89178	1.521e-004
6043	-0.62346	0.	0.48009	2.1832e-003
6044	-0.52782	0.	0.50174	2.1634e-003
6045	-0.58027	0.	0.43996	2.891e-003
6046	-0.5327	0.	0.45498	2.9043e-003
6050	0.19487	0.	0.186	1.1221e-002
6051	0.33428	0.	0.2422	4.9787e-003
6052	0.26209	0.	0.2546	5.6713e-003
6053	0.24488	0.	0.14584	8.9991e-003
6058	0.18538	0.	0.1353	1.2749e-002
6059	0.13653	0.	0.12315	2.166e-002
6060	9.8581e-002	0.	0.14784	2.8609e-002
6065	0.18113	0.	0.42848	2.8802e-003
6066	0.23811	0.	0.34896	3.7296e-003
6067	0.15992	0.	0.3897	3.7728e-003
6068	0.22487	0.	0.4293	2.8114e-003
6071	-0.53975	0.	0.1391	3.1186e-002
6072	-0.56537	0.	0.20681	1.4191e-002
6073	-0.58087	0.	0.12798	2.1625e-002
6080	-0.49325	0.	9.7877e-002	7.4594e-002
6081	-0.55905	0.	0.10105	3.3783e-002
6082	-0.50683	0.	8.2952e-002	5.897e-002
6086	0.71205	0.	0.68464	3.1994e-004
6087	0.63776	0.	0.70615	3.8612e-004
6088	0.66126	0.	0.847	2.2404e-004
6089	0.6197	0.	0.78563	3.0941e-004
6096	-0.93267	0.	0.21441	1.9782e-003
6097	-1.0661	0.	0.1361	1.3837e-003
6102	-0.8116	0.	0.2478	3.4805e-003
6103	-0.8834	0.	0.36783	1.8831e-003
6104	-0.81397	0.	0.29814	2.8299e-003
6109	0.48577	0.	0.22527	2.2596e-003
6110	0.64449	0.	0.14285	1.4641e-003
6111	0.61976	0.	0.20577	1.4947e-003
6112	0.55216	0.	0.26565	1.5746e-003
6116	0.43063	0.	0.36851	2.0127e-003
6117	0.34199	0.	0.30025	3.4012e-003
6118	0.48057	0.	0.32824	2.0179e-003
6125	-0.27512	0.	0.17269	2.7928e-002
6126	-0.26642	0.	0.13629	3.7143e-002
6127	-0.31571	0.	0.13295	4.958e-002
6133	0.39058	0.	0.56528	1.0112e-003
6134	0.4489	0.	0.51893	1.058e-003
6135	0.51872	0.	0.61851	6.4761e-004
6136	0.4502	0.	0.6487	6.4129e-004
6140	-1.1555	0.	0.51893	5.5019e-004
6141	-1.2524	0.	0.42542	5.5886e-004
6144	-0.86273	0.	0.94968	3.0802e-004
6149	-0.15907	0.	0.3307	7.0476e-003
6150	-0.12973	0.	0.41062	4.161e-003
6151	-0.10812	0.	0.37357	5.1232e-003
6157	0.18637	0.	0.79514	6.0266e-004
6158	0.20102	0.	0.90863	4.1527e-004
6159	8.3745e-002	0.	0.84818	4.6111e-004
6160	0.14878	0.	0.91814	3.9419e-004
6169	-0.15937	0.	0.26429	1.2208e-002
6173	-0.98935	0.	0.95145	2.532e-004
6174	-1.1225	0.	0.94091	1.8554e-004
6181	-0.4189	0.	0.34406	6.9119e-003
6182	-0.38071	0.	0.37417	5.3186e-003
6183	-0.46145	0.	0.40683	4.1728e-003
6184	-0.42509	0.	0.4231	3.8697e-003
6189	0.38876	0.	0.49552	1.2751e-003
6190	0.29108	0.	0.58746	1.1279e-003
6191	0.26612	0.	0.54972	1.3364e-003
6192	0.28688	0.	0.5076	1.7318e-003
6196	-0.40707	0.	0.26513	1.3253e-002
6197	-0.37455	0.	0.33365	7.3168e-003
6198	-0.44769	0.	0.28443	1.0654e-002
6203	-1.0612	0.	0.62212	4.9973e-004
6204	-0.92041	0.	0.65296	6.0423e-004
6205	-0.95111	0.	0.60161	7.0929e-004
6209	-1.2213	0.	0.64156	3.7408e-004
6214	-0.52591	0.	0.25644	1.1048e-002
6215	-0.61602	0.	0.25401	7.8262e-003
6216	-0.58605	0.	0.28396	7.5046e-003
6221	0.45018	0.	0.95643	2.9669e-004
6222	0.5747	0.	0.932	2.4212e-004
6223	0.53313	0.	0.87063	3.2346e-004
6228	-0.40776	0.	0.19102	3.1224e-002
6229	-0.44203	0.	0.24602	1.4929e-002
6233	-0.7221	0.	0.15464	7.0844e-003
6234	-0.70318	0.	0.23478	5.2827e-003
6235	-0.74585	0.	0.25945	3.9735e-003
6240	-0.39846	0.	0.13647	5.7425e-002
6241	-0.40188	0.	0.11435	7.3589e-002
6242	-0.3611	0.	0.11833	6.6348e-002
6246	-0.70931	0.	0.5422	1.6392e-003
6247	-0.63617	0.	0.43918	2.8807e-003
6251	-2.1148e-002	0.	0.21518	2.1803e-002
6252	8.7519e-003	0.	0.2623	1.204e-002
6253	-1.8758e-002	0.	0.28082	1.0903e-002
6258	-1.2084e-002	0.	0.49074	2.6064e-003
6259	-7.3273e-002	0.	0.4508	3.0693e-003
6260	-5.1662e-002	0.	0.41374	4.2292e-003
6264	0.49702	0.	0.4089	1.3227e-003
6269	-0.90097	0.	0.50258	1.1727e-003
6273	-0.46258	0.	7.4195e-002	0.13665
6274	-0.48216	0.	6.8664e-002	8.915e-002
6278	0.66099	0.	0.62683	4.4309e-004
6279	0.81222	0.	0.58971	3.5621e-004
6283	-3.2081e-002	0.	0.15213	4.9946e-002
6284	-7.1069e-002	0.	0.1235	6.232e-002
6285	-1.6637e-002	0.	0.11457	7.6143e-002
6289	-0.22635	0.	0.1698	2.6625e-002
6290	-0.17068	0.	0.13291	4.1223e-002
6291	-0.21765	0.	0.1334	3.5549e-002
6296	0.13464	0.	0.4329	3.3031e-003
6297	0.17882	0.	0.51462	1.9295e-003
6298	0.12495	0.	0.51177	2.1345e-003
6299	0.19958	0.	0.47251	2.3075e-003
6302	-0.26047	0.	0.45752	2.9082e-003
6303	-0.27141	0.	0.54095	1.7797e-003
6304	-0.21543	0.	0.50398	2.0853e-003
6308	0.23509	0.	0.68412	8.8668e-004
6309	0.1807	0.	0.6885	8.8353e-004
6313	0.51819	0.	0.67853	5.0307e-004
6314	0.56864	0.	0.72782	4.3741e-004
6318	-0.11197	0.	0.95738	1.9262e-004
6323	0.80454	0.	0.13247	8.9812e-004
6324	0.70689	0.	0.18593	1.1008e-003
6330	-1.2317	0.	0.14678	9.0177e-004
6334	-0.79636	0.	0.63188	8.9751e-004
6335	-0.88416	0.	0.60734	7.9039e-004
6348	-0.30612	0.	0.35117	5.9164e-003
6349	-0.26925	0.	0.37638	4.8958e-003
6353	-0.25517	0.	0.62173	1.146e-003
6354	-0.16332	0.	0.65477	8.5057e-004
6361	-0.24953	0.	0.16213	2.9494e-002
6366	-1.2555	0.	0.95499	1.1745e-004
6373	-0.29949	0.	0.38896	4.68e-003
6377	-9.4601e-003	0.	0.78555	5.6069e-004
6378	-6.6478e-002	0.	0.68847	7.7714e-004
6383	0.31622	0.	0.97052	3.3134e-004
6396	-0.49296	0.	0.47585	2.8634e-003
6397	-0.4566	0.	0.49212	2.5206e-003
6421	0.88727	0.	0.90522	1.0581e-004
6426	-0.41754	0.	0.13321	6.1935e-002
6434	4.7784e-002	0.	6.1674e-002	0.10554
6435	0.10188	0.	6.1776e-002	5.4737e-002
6436	6.393e-002	0.	8.6472e-002	5.967e-002
6443	0.18654	0.	8.2977e-002	1.9876e-002
6447	-0.12451	0.	0.12525	5.3129e-002
6451	4.9422e-002	0.	0.54131	1.898e-003
6456	0.69983	0.	0.31765	9.2998e-004
6457	0.61456	0.	0.30873	1.2174e-003
6465	0.19553	0.	0.97166	3.3278e-004
6470	0.80114	0.	0.40366	5.9666e-004
6471	0.63223	0.	0.37753	1.0249e-003
6479	0.22676	0.	0.59531	1.2462e-003
6480	0.19732	0.	0.63744	1.0344e-003
6488	0.88697	0.	0.49748	4.0476e-004
6493	1.8128e-002	0.	8.9249e-002	0.10504
6494	4.5651e-002	0.	9.5422e-002	8.7227e-002
6503	-0.65045	0.	9.5046e-002	1.7467e-002
6504	-0.54796	0.	7.1834e-002	5.0278e-002
6508	0.14792	0.	0.55472	1.6499e-003
6509	0.22256	0.	0.51545	1.8373e-003
6510	0.17236	0.	0.5997	1.235e-003
6517	3.4274e-002	0.	0.11405	6.2468e-002
6524	0.11849	0.	0.59685	1.4586e-003
6531	-0.59796	0.	0.3597	4.452e-003
6532	-0.54541	0.	0.41407	3.5202e-003
6536	8.1518e-003	0.	0.29575	8.5235e-003
6547	-2.337e-002	0.	0.89666	3.5036e-004
6558	0.59213	0.	0.86867	2.8112e-004
6563	-0.63291	0.	0.2904	5.6619e-003
6564	-0.70555	0.	0.28512	4.7151e-003
6583	9.9743e-002	0.	9.5523e-002	3.4364e-002
6588	-0.14506	0.	0.47898	2.5296e-003
6589	-9.597e-002	0.	0.41383	4.0335e-003
6592	-4.6859e-002	0.	0.34552	6.2568e-003
6596	-0.46149	0.	0.44535	3.2207e-003
6600	0.50013	0.	0.758	4.3238e-004
10713	-0.47615	0.	5.927e-002	0.1211
10714	-0.4699	0.	4.7503e-002	0.15452
10717	-0.48948	0.	4.1973e-002	0.11125
