0.09178600     0.09671400     0.14543000     0.17459000     0.21049000     0.24190000     0.28169000     0.34254000     0.36152000     0.39417000     0.42396000
0.04350800     0.00134990     0.00310320     0.00850300     0.01103800     0.03150600     0.03114300     0.03528000     0.05649500     0.06089100     0.07230800
0.00000093     0.00030336     0.00121860     0.00196100     0.00281230     0.00529500     0.00821070     0.00892450     0.01317900     0.02000800     0.02537800
0.00000098     0.00011539     0.00033743     0.00066637     0.00113390     0.00230090     0.00333240     0.00294150     0.00752260     0.00749320     0.01072600
0.00000116     0.00005587     0.00016895     0.00032235     0.00070558     0.00114310     0.00200520     0.00197130     0.00314600     0.00421020     0.00500650
0.00000151     0.00002806     0.00008913     0.00019831     0.00040780     0.00064620     0.00107910     0.00124030     0.00187050     0.00222490     0.00352050
0.00000224     0.00001879     0.00005216     0.00012743     0.00023406     0.00044904     0.00072051     0.00083666     0.00103450     0.00152420     0.00196880
0.00000369     0.00001239     0.00003460     0.00008684     0.00015601     0.00028134     0.00046575     0.00057290     0.00083560     0.00125200     0.00162970
0.00000546     0.00000883     0.00002638     0.00006570     0.00012285     0.00021087     0.00034657     0.00041644     0.00059618     0.00082680     0.00114310
0.00001146     0.00000670     0.00001949     0.00004901     0.00009280     0.00017164     0.00027823     0.00035391     0.00050113     0.00070259     0.00095907
0.00002783     0.00000547     0.00001633     0.00003960     0.00007677     0.00013653     0.00022893     0.18364000     0.19707000     0.23624000     0.24614000
0.00008283     0.06153600     0.08575300     0.10070000     0.13481000     0.14029000     0.15070000     0.00032881     0.00047759     0.00067825     0.00090188
0.00045201     0.00000524     0.00001562     0.00003761     0.00007431     0.00013044     0.00021302     0.02210200     0.03483700     0.04045000     0.04884300
0.00168760     0.00440070     0.01695500     0.03059100     0.04958900     0.01840100     0.01967700     0.10946000     0.12678000     0.14857000     0.15922000
0.01393300     0.01796800     0.00216090     0.00523200     0.00692500     0.08590000     0.09092400     0.00593300     0.01035100     0.01375100     0.01805200
0.02872100     0.00082661     0.01002900     0.01954700     0.03031300     0.00379790     0.00577160     0.00245640     0.00533430     0.00585170     0.00786640
0.00000096     0.00287530     0.00077802     0.00131370     0.00197310     0.00172200     0.00266880     0.00160580     0.00250820     0.00321750     0.00426350
0.00000107     0.00020938     0.00025319     0.00049436     0.00091972     0.00089463     0.00154220     0.00103850     0.00145250     0.00187450     0.00274470
0.00000133     0.00008563     0.00012904     0.00026033     0.00055669     0.00054762     0.00089980     0.00070478     0.00093505     0.00138810     0.00179930
0.00000187     0.00004196     0.00007064     0.00016287     0.00032093     0.00036519     0.00059313     0.00049467     0.00071589     0.00103940     0.00138640
0.00000297     0.00002343     0.00004338     0.00010714     0.00019504     0.00024611     0.00040616     0.00038518     0.00054866     0.00076469     0.00105110
0.00000457     0.00001559     0.00003049     0.00007627     0.00013943     0.00019125     0.00031240     0.00034136     0.00048936     0.00069042     0.00093048
0.00000846     0.00001061     0.00002293     0.00005736     0.00010782     0.00015408     0.00025358     0.03671700     0.06040600     0.05500400     0.06757000
0.00001965     0.00000777     0.00001791     0.00004431     0.00008478     0.00013349     0.00022098     0.00904840     0.01667300     0.01730000     0.02305600
0.00005533     0.00000609     0.00001597     0.00003861     0.00007554     0.03170900     0.02660300     0.00374950     0.00654530     0.00730570     0.00934390
0.00026742     0.00000535     0.05135400     0.06564300     0.09220100     0.00519790     0.00953900     0.00197070     0.00313310     0.00376060     0.00551300
0.00106980     0.03975200     0.00464400     0.00624170     0.01159500     0.00211740     0.00304280     0.00131580     0.00169180     0.00238620     0.00324490
0.00781050     0.01118400     0.00104460     0.00205540     0.00288780     0.00107970     0.00195260     0.00081968     0.00110640     0.00153090     0.00195930
0.03991700     0.00151970     0.00033993     0.00067487     0.00110690     0.00065635     0.00107950     0.00056709     0.00090708     0.00111600     0.00151340
0.00000093     0.00038413     0.00015869     0.00035229     0.00059890     0.00040797     0.00065212     0.00042239     0.00062540     0.00085501     0.00114660
0.00000101     0.00012844     0.00008236     0.00021123     0.00043630     0.00029076     0.00050531     0.00035406     0.00050215     0.00072449     0.00097623
0.00000117     0.00005271     0.00005042     0.00012661     0.00024447     0.00020910     0.00037254     0.18356000     0.18984000     0.19722000     0.25966000
0.00000163     0.00002521     0.00003509     0.00008655     0.00016742     0.00016171     0.00026468     0.00033086     0.00047761     0.00067701     0.00091830
0.00000213     0.00001775     0.00002583     0.00006028     0.00012301     0.00013604     0.00022314     0.02288300     0.03853900     0.03615200     0.04531300
0.00000391     0.00001231     0.00001984     0.00004562     0.00009654     0.14153000     0.15410000     0.11014000     0.12512000     0.12611000     0.16361000
0.00000585     0.00000962     0.00001598     0.00003963     0.00007790     0.00012918     0.00021310     0.00639900     0.01160900     0.01230300     0.01620000
0.00001232     0.00000703     0.07584500     0.10781000     0.13288000     0.01845300     0.01807100     0.00286010     0.00483920     0.00553310     0.00742840
0.00002456     0.00000552     0.00001542     0.00003775     0.00007465     0.08662000     0.09035200     0.00164320     0.00241250     0.00307340     0.00437890
0.00009921     0.06310800     0.02207900     0.03166300     0.04664800     0.00365760     0.00629090     0.00106770     0.00139910     0.00195860     0.00260210
0.00039829     0.00000523     0.00284430     0.00414860     0.00724130     0.00159850     0.00249770     0.00069339     0.00100680     0.00132350     0.00173630
0.00148020     0.00502470     0.01336200     0.01895300     0.02912100     0.00086802     0.00151610     0.00049474     0.00076624     0.00098552     0.00133000
0.01434800     0.02236200     0.00069229     0.00136510     0.00199740     0.00053216     0.00086580     0.00038822     0.00056377     0.00078975     0.00106140
0.02713200     0.00095191     0.00024931     0.00051358     0.00085290     0.00034936     0.00057871     0.00034246     0.00048988     0.00070075     0.00094727
0.00000097     0.00327220     0.00012052     0.00028176     0.00051760     0.00024993     0.00043893     NaN     NaN     NaN     NaN
0.00000109     0.00025629     0.00006639     0.00016892     0.00034038     0.00018541     0.00031861     NaN     NaN     NaN     NaN
0.00000140     0.00009058     0.00004276     0.00010658     0.00020595     0.00014887     0.00024391     NaN     NaN     NaN     NaN
0.00000188     0.00003896     0.00003046     0.00007341     0.00014522     0.00013261     0.00021812     NaN     NaN     NaN     NaN
0.00000302     0.00002148     0.00002284     0.00005295     0.00010977     NaN     NaN     NaN     NaN     NaN     NaN
0.00000488     0.00001503     0.00001791     0.00004263     0.00008722     NaN     NaN     NaN     NaN     NaN     NaN
0.00000909     0.00001097     0.00001570     0.00003869     0.00007627     NaN     NaN     NaN     NaN     NaN     NaN
0.00001844     0.00000833     0.04896200     0.06973900     0.08976500     NaN     NaN     NaN     NaN     NaN     NaN
0.00006188     0.00000628     NaN     NaN     NaN     NaN     NaN     NaN     NaN     NaN     NaN
0.00024875     0.00000538     NaN     NaN     NaN     NaN     NaN     NaN     NaN     NaN     NaN
0.00093925     0.04273500     NaN     NaN     NaN     NaN     NaN     NaN     NaN     NaN     NaN
0.00791400     0.01369300     NaN     NaN     NaN     NaN     NaN     NaN     NaN     NaN     NaN
