0.00000000     0.00000000     0.00000000     0.00000000     0.00000000     0.00000000     0.00000000     0.00000000     0.00000000     0.00000000     0.00000000
0.00000000     0.09090900     0.09090900     0.09090900     0.09090900     0.09090900     0.09090900     0.10000000     0.10000000     0.10000000     0.10000000
1.00000000     0.18182000     0.18182000     0.18182000     0.18182000     0.18182000     0.18182000     0.20000000     0.20000000     0.20000000     0.20000000
0.90909000     0.27273000     0.27273000     0.27273000     0.27273000     0.27273000     0.27273000     0.30000000     0.30000000     0.30000000     0.30000000
0.81818000     0.36364000     0.36364000     0.36364000     0.36364000     0.36364000     0.36364000     0.40000000     0.40000000     0.40000000     0.40000000
0.72727000     0.45455000     0.45455000     0.45455000     0.45455000     0.45455000     0.45455000     0.50000000     0.50000000     0.50000000     0.50000000
0.63636000     0.54545000     0.54545000     0.54545000     0.54545000     0.54545000     0.54545000     0.60000000     0.60000000     0.60000000     0.60000000
0.54545000     0.63636000     0.63636000     0.63636000     0.63636000     0.63636000     0.63636000     0.70000000     0.70000000     0.70000000     0.70000000
0.45455000     0.72727000     0.72727000     0.72727000     0.72727000     0.72727000     0.72727000     0.80000000     0.80000000     0.80000000     0.80000000
0.36364000     0.81818000     0.81818000     0.81818000     0.81818000     0.81818000     0.81818000     0.90000000     0.90000000     0.90000000     0.90000000
0.27273000     0.90909000     0.90909000     0.90909000     0.90909000     0.90909000     0.90909000     0.00000000     0.00000000     0.00000000     0.00000000
0.18182000     0.00000000     0.00000000     0.00000000     0.00000000     0.00000000     0.00000000     1.00000000     1.00000000     1.00000000     1.00000000
0.09090900     1.00000000     1.00000000     1.00000000     1.00000000     1.00000000     1.00000000     0.15000000     0.15000000     0.15000000     0.15000000
0.04545500     0.04545500     0.04545500     0.04545500     0.04545500     0.13636000     0.13636000     0.05000000     0.05000000     0.05000000     0.05000000
0.02272700     0.02272700     0.13636000     0.13636000     0.13636000     0.04545500     0.04545500     0.25000000     0.25000000     0.25000000     0.25000000
0.01136400     0.13636000     0.06818200     0.06818200     0.06818200     0.22727000     0.22727000     0.35000000     0.35000000     0.35000000     0.35000000
0.95455000     0.06818200     0.22727000     0.22727000     0.22727000     0.31818000     0.31818000     0.45000000     0.45000000     0.45000000     0.45000000
0.86364000     0.22727000     0.31818000     0.31818000     0.31818000     0.40909000     0.40909000     0.55000000     0.55000000     0.55000000     0.55000000
0.77273000     0.31818000     0.40909000     0.40909000     0.40909000     0.50000000     0.50000000     0.65000000     0.65000000     0.65000000     0.65000000
0.68182000     0.40909000     0.50000000     0.50000000     0.50000000     0.59091000     0.59091000     0.75000000     0.75000000     0.75000000     0.75000000
0.59091000     0.50000000     0.59091000     0.59091000     0.59091000     0.68182000     0.68182000     0.85000000     0.85000000     0.85000000     0.85000000
0.50000000     0.59091000     0.68182000     0.68182000     0.68182000     0.77273000     0.77273000     0.95000000     0.95000000     0.95000000     0.95000000
0.40909000     0.68182000     0.77273000     0.77273000     0.77273000     0.86364000     0.86364000     0.10000000     0.10000000     0.10000000     0.10000000
0.31818000     0.77273000     0.86364000     0.86364000     0.86364000     0.95455000     0.95455000     0.20000000     0.20000000     0.20000000     0.20000000
0.22727000     0.86364000     0.95455000     0.95455000     0.95455000     0.09090900     0.09090900     0.30000000     0.30000000     0.30000000     0.30000000
0.13636000     0.95455000     0.02272700     0.02272700     0.02272700     0.18182000     0.18182000     0.40000000     0.40000000     0.40000000     0.40000000
0.06818200     0.01136400     0.09090900     0.09090900     0.09090900     0.27273000     0.27273000     0.50000000     0.50000000     0.50000000     0.50000000
0.03409100     0.03409100     0.18182000     0.18182000     0.18182000     0.36364000     0.36364000     0.60000000     0.60000000     0.60000000     0.60000000
0.00000000     0.09090900     0.27273000     0.27273000     0.27273000     0.45455000     0.45455000     0.70000000     0.70000000     0.70000000     0.70000000
1.00000000     0.18182000     0.36364000     0.36364000     0.36364000     0.54545000     0.54545000     0.80000000     0.80000000     0.80000000     0.80000000
0.90909000     0.27273000     0.45455000     0.45455000     0.45455000     0.63636000     0.63636000     0.90000000     0.90000000     0.90000000     0.90000000
0.81818000     0.36364000     0.54545000     0.54545000     0.54545000     0.72727000     0.72727000     0.00000000     0.00000000     0.00000000     0.00000000
0.72727000     0.45455000     0.63636000     0.63636000     0.63636000     0.81818000     0.81818000     1.00000000     1.00000000     1.00000000     1.00000000
0.63636000     0.54545000     0.72727000     0.72727000     0.72727000     0.90909000     0.90909000     0.15000000     0.15000000     0.15000000     0.15000000
0.54545000     0.63636000     0.81818000     0.81818000     0.81818000     0.00000000     0.00000000     0.05000000     0.05000000     0.05000000     0.05000000
0.45455000     0.72727000     0.90909000     0.90909000     0.90909000     1.00000000     1.00000000     0.25000000     0.25000000     0.25000000     0.25000000
0.36364000     0.81818000     0.00000000     0.00000000     0.00000000     0.13636000     0.13636000     0.35000000     0.35000000     0.35000000     0.35000000
0.27273000     0.90909000     1.00000000     1.00000000     1.00000000     0.04545500     0.04545500     0.45000000     0.45000000     0.45000000     0.45000000
0.18182000     0.00000000     0.04545500     0.04545500     0.04545500     0.22727000     0.22727000     0.55000000     0.55000000     0.55000000     0.55000000
0.09090900     1.00000000     0.13636000     0.13636000     0.13636000     0.31818000     0.31818000     0.65000000     0.65000000     0.65000000     0.65000000
0.04545500     0.04545500     0.06818200     0.06818200     0.06818200     0.40909000     0.40909000     0.75000000     0.75000000     0.75000000     0.75000000
0.02272700     0.02272700     0.22727000     0.22727000     0.22727000     0.50000000     0.50000000     0.85000000     0.85000000     0.85000000     0.85000000
0.01136400     0.13636000     0.31818000     0.31818000     0.31818000     0.59091000     0.59091000     0.95000000     0.95000000     0.95000000     0.95000000
0.95455000     0.06818200     0.40909000     0.40909000     0.40909000     0.68182000     0.68182000     NaN     NaN     NaN     NaN
0.86364000     0.22727000     0.50000000     0.50000000     0.50000000     0.77273000     0.77273000     NaN     NaN     NaN     NaN
0.77273000     0.31818000     0.59091000     0.59091000     0.59091000     0.86364000     0.86364000     NaN     NaN     NaN     NaN
0.68182000     0.40909000     0.68182000     0.68182000     0.68182000     0.95455000     0.95455000     NaN     NaN     NaN     NaN
0.59091000     0.50000000     0.77273000     0.77273000     0.77273000     NaN     NaN     NaN     NaN     NaN     NaN
0.50000000     0.59091000     0.86364000     0.86364000     0.86364000     NaN     NaN     NaN     NaN     NaN     NaN
0.40909000     0.68182000     0.95455000     0.95455000     0.95455000     NaN     NaN     NaN     NaN     NaN     NaN
0.31818000     0.77273000     0.02272700     0.02272700     0.02272700     NaN     NaN     NaN     NaN     NaN     NaN
0.22727000     0.86364000     NaN     NaN     NaN     NaN     NaN     NaN     NaN     NaN     NaN
0.13636000     0.95455000     NaN     NaN     NaN     NaN     NaN     NaN     NaN     NaN     NaN
0.06818200     0.01136400     NaN     NaN     NaN     NaN     NaN     NaN     NaN     NaN     NaN
0.03409100     0.03409100     NaN     NaN     NaN     NaN     NaN     NaN     NaN     NaN     NaN
